This is the output of Heuristic Solver for Dual resource constrained flexible job shop Scheduling Problem.
Input file is: Mk07.txt
Method: TS_100000000_0.245965_5
Seed: 4
Number of Jobs: 20
Number of Operations: 100
Number of Machines: 5
Number of Operators: 4
CPU Time: 14.7616
obj: 229
Best found lower bound:0
Solver gap (best found lower bound and upper bound difference): Not known


Final Solution:
Job	Machine	Operator	Operation	Start Time	Finish Time
0	1	1	0	0	4
0	0	0	1	4	19
0	1	3	2	66	74
0	3	1	3	77	98
0	4	3	4	116	120
1	0	0	5	0	3
1	4	0	6	25	30
1	1	3	7	82	87
1	4	3	8	127	132
1	2	0	9	141	143
2	4	3	10	143	145
2	3	2	11	155	177
2	2	0	12	195	204
2	1	1	13	204	208
2	2	2	14	211	229
3	1	1	15	4	8
3	1	1	16	8	25
3	1	3	17	79	82
3	2	2	18	104	119
3	0	3	19	160	170
4	2	2	20	48	53
4	0	0	21	114	129
4	4	0	22	139	140
4	2	2	23	177	192
4	3	1	24	223	228
5	3	2	25	0	7
5	0	3	26	25	42
5	4	0	27	79	86
5	1	3	28	103	116
5	1	1	29	155	162
6	3	2	30	17	28
6	4	0	31	61	71
6	1	1	32	131	141
6	2	0	33	143	145
6	3	1	34	184	190
7	3	2	35	7	17
7	0	0	36	129	131
7	1	1	37	162	179
7	1	1	38	190	201
7	1	1	39	208	218
8	4	0	40	21	25
8	3	1	41	50	56
8	4	3	42	120	127
8	1	1	43	141	155
8	0	3	44	177	197
9	4	3	45	0	9
9	2	2	46	119	131
9	0	3	47	170	177
9	3	1	48	179	184
9	0	3	49	199	210
10	3	2	50	131	155
10	4	0	51	160	168
10	4	0	52	168	173
10	4	0	53	173	180
10	4	0	54	180	195
11	2	2	55	53	73
11	2	2	56	73	86
11	0	3	57	87	97
11	4	0	58	132	137
11	0	3	59	210	219
12	4	0	60	41	56
12	3	1	61	98	116
12	3	1	62	116	121
12	0	3	63	137	143
12	4	3	64	155	159
13	4	3	65	9	12
13	0	3	66	42	46
13	4	0	67	71	79
13	0	0	68	99	114
13	4	0	69	137	139
14	4	0	70	30	32
14	4	0	71	60	61
14	2	2	72	86	104
14	1	1	73	121	131
14	4	0	74	214	229
15	0	3	75	20	25
15	2	0	76	32	41
15	1	3	77	74	79
15	4	3	78	145	155
15	3	1	79	218	223
16	4	3	80	12	20
16	1	1	81	25	39
16	0	3	82	46	54
16	0	3	83	54	66
16	4	3	84	197	199
17	1	1	85	39	43
17	4	0	86	56	60
17	4	0	87	140	141
17	0	0	88	145	160
17	4	0	89	204	214
18	2	0	90	19	21
18	3	2	91	36	48
18	1	3	92	97	103
18	3	2	93	192	211
18	0	3	94	219	228
19	3	2	95	28	36
19	1	1	96	43	50
19	3	1	97	56	77
19	4	0	98	86	99
19	0	3	99	132	137


Solution History:
