This is the output of Heuristic Solver for Dual resource constrained flexible job shop Scheduling Problem.
Input file is: Mk10.txt
Method: TS_100000000_0.558955_5
Seed: 2
Number of Jobs: 20
Number of Operations: 240
Number of Machines: 15
Number of Operators: 8
CPU Time: 33.5481
obj: 322
Best found lower bound:0
Solver gap (best found lower bound and upper bound difference): Not known


Final Solution:
Job	Machine	Operator	Operation	Start Time	Finish Time
0	5	4	0	39	45
0	6	1	1	50	61
0	1	3	2	86	95
0	8	3	3	99	109
0	6	4	4	118	129
0	3	6	5	138	149
0	1	3	6	157	166
0	2	2	7	170	178
0	3	6	8	182	197
0	9	0	9	221	226
0	3	6	10	251	259
0	0	0	11	294	306
1	5	2	12	0	11
1	4	5	13	11	20
1	1	1	14	33	38
1	0	0	15	46	55
1	2	2	16	69	81
1	3	6	17	115	127
1	2	7	18	155	169
1	2	2	19	191	205
1	7	0	20	226	237
1	8	3	21	241	248
1	2	2	22	249	255
1	9	0	23	259	264
1	4	5	24	297	308
2	2	7	25	0	10
2	0	0	26	27	39
2	0	0	27	39	46
2	1	3	28	57	68
2	9	7	29	95	103
2	9	7	30	208	216
2	2	2	31	229	240
2	8	3	32	248	261
2	9	0	33	264	273
2	2	2	34	285	297
2	1	1	35	304	315
3	4	5	36	0	10
3	2	7	37	10	21
3	4	5	38	21	43
3	1	3	39	49	57
3	8	6	40	62	75
3	6	1	41	75	86
3	2	2	42	91	104
3	5	2	43	115	126
3	1	1	44	240	248
3	7	4	45	290	300
3	3	6	46	310	322
4	5	2	47	11	22
4	9	0	48	22	27
4	6	4	49	27	39
4	9	7	50	40	56
4	2	2	51	56	69
4	0	0	52	83	93
4	4	5	53	105	110
4	1	1	54	119	124
4	9	7	55	143	155
4	8	6	56	155	167
4	0	0	57	177	189
4	1	1	58	192	206
4	3	6	59	210	223
4	1	1	60	254	270
5	8	3	61	29	38
5	0	0	62	55	62
5	7	4	63	68	82
5	1	1	64	99	107
5	6	4	65	108	118
5	0	0	66	150	159
5	5	4	67	167	182
5	1	1	68	211	216
5	6	1	69	221	226
5	4	5	70	235	240
5	4	5	71	263	278
6	1	3	72	0	9
6	6	1	73	39	50
6	0	0	74	62	71
6	9	7	75	83	89
6	7	0	76	93	103
6	8	3	77	109	118
6	6	4	78	129	137
6	4	5	79	140	149
6	9	7	80	191	201
6	4	5	81	220	235
6	3	6	82	237	251
6	4	5	83	251	263
6	2	2	84	267	273
6	6	1	85	280	289
7	7	4	86	0	13
7	5	2	87	45	56
7	6	4	88	99	108
7	7	0	89	117	128
7	2	2	90	128	140
7	8	6	91	167	182
7	0	0	92	189	207
7	6	1	93	216	221
7	3	6	94	223	237
7	9	0	95	249	259
7	5	4	96	269	276
7	9	7	97	282	300
7	9	7	98	300	311
8	6	1	99	0	14
8	6	1	100	94	99
8	3	6	101	99	115
8	8	3	102	118	128
8	9	7	103	133	143
8	7	4	104	144	156
8	3	2	105	162	170
8	3	6	106	197	210
8	0	7	107	249	261
8	1	1	108	270	275
8	0	0	109	282	294
9	8	3	110	9	22
9	4	5	111	64	79
9	1	3	112	79	86
9	8	6	113	86	99
9	9	7	114	103	113
9	9	7	115	113	122
9	9	7	116	122	133
9	2	2	117	178	191
9	5	4	118	204	211
9	2	2	119	217	229
9	3	6	120	283	295
9	8	3	121	313	320
10	9	0	122	0	9
10	6	4	123	14	26
10	3	2	124	36	44
10	9	7	125	89	95
10	4	5	126	149	164
10	0	0	127	168	177
10	7	4	128	192	204
10	1	3	129	222	233
10	7	0	130	237	247
10	2	2	131	297	303
11	9	0	132	9	22
11	4	5	133	43	64
11	9	7	134	65	72
11	0	0	135	72	83
11	2	2	136	83	91
11	7	0	137	128	136
11	6	1	138	143	155
11	1	3	139	166	172
11	0	7	140	221	230
11	9	7	141	238	249
11	0	7	142	273	282
12	3	6	143	22	31
12	1	3	144	38	49
12	3	6	145	51	62
12	6	1	146	86	94
12	8	3	147	128	140
12	2	2	148	140	146
12	1	1	149	184	192
12	5	4	150	276	290
12	8	3	151	290	306
12	8	3	152	306	313
12	1	1	153	315	321
13	1	1	154	14	25
13	8	6	155	75	84
13	0	0	156	103	117
13	5	4	157	137	144
13	2	2	158	146	154
13	4	5	159	169	184
13	9	7	160	201	208
13	2	2	161	211	217
13	1	1	162	234	240
13	2	2	163	255	267
14	8	3	164	22	29
14	4	5	165	110	131
14	8	3	166	140	149
14	3	2	167	154	162
14	9	7	168	169	179
14	8	3	169	183	198
14	6	1	170	206	211
14	5	4	171	211	223
14	9	7	172	230	238
14	2	2	173	273	285
14	5	4	174	300	306
14	4	5	175	308	319
15	5	2	176	22	36
15	4	5	177	84	105
15	1	1	178	107	119
15	3	6	179	127	138
15	1	3	180	149	157
15	4	5	181	164	169
15	1	1	182	178	184
15	8	3	183	198	213
15	4	5	184	240	250
15	5	4	185	258	269
15	9	0	186	273	278
15	4	5	187	278	289
15	2	2	188	303	311
15	5	2	189	311	322
16	3	6	190	11	22
16	9	7	191	28	40
16	7	4	192	45	59
16	6	1	193	61	75
16	5	2	194	104	115
16	4	5	195	131	140
16	7	4	196	156	167
16	12	3	197	172	183
16	5	4	198	183	192
16	0	0	199	207	221
16	2	2	200	240	249
16	1	1	201	249	254
16	2	7	202	311	321
17	3	6	203	0	11
17	9	7	204	56	65
17	9	7	205	72	83
17	5	4	206	83	98
17	1	1	207	124	129
17	1	1	208	129	143
17	9	0	209	159	168
17	5	4	210	223	234
17	8	3	211	261	276
17	1	3	212	276	287
17	3	6	213	295	310
18	1	1	214	25	33
18	5	4	215	59	68
18	1	3	216	68	77
18	0	0	217	136	150
18	6	1	218	155	173
18	4	5	219	184	202
18	2	2	220	205	211
18	8	3	221	213	222
18	5	4	222	234	246
18	0	7	223	261	273
18	6	1	224	275	280
18	4	5	225	289	297
18	6	4	226	306	317
19	2	7	227	21	28
19	8	6	228	38	51
19	4	5	229	79	84
19	1	1	230	173	178
19	9	7	231	179	191
19	4	5	232	202	220
19	6	1	233	226	234
19	8	3	234	234	241
19	5	4	235	246	258
19	3	6	236	259	269
19	3	6	237	269	283
19	6	1	238	289	304
19	0	0	239	306	319


Solution History:
