This is the output of Heuristic Solver for Dual resource constrained flexible job shop Scheduling Problem.
Input file is: Mk10.txt
Method: TS_100000000_0.657380_5
Seed: 4
Number of Jobs: 20
Number of Operations: 240
Number of Machines: 15
Number of Operators: 8
CPU Time: 39.4554
obj: 318
Best found lower bound:0
Solver gap (best found lower bound and upper bound difference): Not known


Final Solution:
Job	Machine	Operator	Operation	Start Time	Finish Time
0	5	2	0	11	16
0	6	1	1	34	45
0	1	3	2	102	111
0	8	6	3	113	123
0	0	0	4	139	149
0	3	2	5	155	162
0	1	3	6	185	194
0	8	3	7	211	224
0	9	7	8	236	247
0	9	7	9	247	254
0	3	6	10	260	268
0	9	7	11	280	289
1	6	1	12	56	67
1	4	5	13	75	84
1	1	1	14	95	100
1	0	0	15	121	130
1	2	2	16	132	144
1	3	2	17	144	155
1	12	3	18	167	185
1	2	2	19	188	202
1	1	1	20	205	214
1	8	3	21	239	246
1	4	5	22	270	281
1	9	7	23	289	296
1	1	1	24	306	317
2	4	5	25	0	8
2	0	0	26	83	95
2	0	0	27	95	102
2	5	4	28	116	127
2	0	0	29	149	158
2	9	7	30	188	196
2	2	2	31	216	227
2	7	0	32	230	246
2	9	0	33	260	269
2	2	2	34	280	292
2	1	1	35	295	306
3	4	5	36	8	18
3	2	2	37	63	74
3	4	5	38	146	168
3	1	3	39	194	202
3	9	7	40	203	209
3	5	4	41	233	245
3	4	5	42	252	270
3	5	4	43	271	283
3	1	1	44	287	295
3	7	4	45	296	306
3	8	6	46	309	318
4	6	4	47	0	12
4	9	7	48	17	24
4	9	7	49	31	44
4	5	4	50	49	66
4	2	2	51	74	87
4	0	0	52	102	112
4	12	3	53	119	130
4	1	1	54	159	164
4	9	7	55	176	188
4	8	3	56	202	211
4	9	7	57	219	228
4	0	0	58	269	281
4	3	6	59	281	294
4	8	3	60	295	308
5	8	3	61	0	9
5	0	0	62	13	20
5	8	6	63	20	31
5	1	3	64	64	72
5	6	1	65	83	94
5	0	0	66	112	121
5	6	1	67	129	140
5	1	1	68	164	169
5	3	2	69	173	180
5	4	5	70	207	212
5	4	5	71	292	307
6	1	3	72	31	40
6	6	1	73	45	56
6	0	0	74	60	69
6	9	7	75	76	82
6	8	3	76	95	102
6	8	6	77	103	113
6	6	1	78	113	121
6	9	0	79	166	175
6	0	0	80	175	188
6	4	5	81	192	207
6	3	6	82	211	225
6	4	5	83	232	244
6	2	2	84	251	257
6	0	0	85	287	294
7	7	0	86	0	13
7	5	2	87	16	27
7	6	1	88	75	83
7	1	3	89	86	95
7	3	2	90	108	119
7	8	6	91	123	138
7	12	3	92	150	167
7	6	1	93	174	179
7	3	6	94	197	211
7	0	0	95	221	230
7	1	3	96	246	253
7	2	2	97	257	266
7	9	7	98	269	280
8	6	4	99	12	26
8	3	2	100	27	34
8	8	6	101	44	57
8	9	0	102	134	139
8	9	7	103	146	156
8	7	4	104	166	178
8	3	2	105	180	188
8	9	7	106	209	219
8	3	6	107	249	260
8	5	2	108	266	271
8	0	0	109	294	306
9	9	7	110	11	17
9	4	5	111	18	33
9	1	3	112	40	47
9	8	6	113	57	70
9	9	7	114	82	92
9	9	7	115	92	101
9	9	7	116	101	112
9	2	2	117	119	132
9	5	4	118	245	252
9	6	1	119	252	267
9	3	6	120	268	280
9	8	3	121	281	288
10	9	7	122	0	11
10	6	1	123	26	34
10	3	2	124	55	63
10	9	0	125	158	166
10	4	5	126	217	232
10	0	0	127	246	255
10	7	4	128	258	270
10	1	3	129	270	281
10	8	3	130	288	295
10	2	2	131	300	306
11	5	2	132	0	11
11	4	5	133	84	105
11	9	7	134	139	146
11	0	0	135	198	209
11	4	5	136	212	217
11	1	1	137	226	232
11	6	1	138	237	249
11	1	3	139	264	270
11	0	0	140	281	287
11	9	7	141	296	307
11	0	0	142	307	317
12	3	6	143	11	20
12	1	3	144	20	31
12	3	2	145	42	55
12	6	1	146	67	75
12	8	6	147	80	92
12	2	2	148	102	108
12	1	1	149	121	129
12	5	4	150	141	155
12	2	7	151	165	176
12	8	6	152	189	197
12	1	1	153	214	220
13	1	1	154	0	11
13	7	0	155	20	33
13	0	0	156	33	47
13	5	4	157	66	73
13	12	3	158	139	150
13	4	5	159	177	192
13	9	7	160	196	203
13	2	2	161	210	216
13	1	1	162	220	226
13	2	2	163	227	239
14	8	3	164	9	16
14	4	5	165	33	54
14	8	6	166	70	80
14	6	1	167	100	113
14	9	7	168	124	134
14	8	6	169	138	152
14	6	1	170	169	174
14	5	4	171	201	213
14	9	7	172	228	236
14	2	2	173	239	251
14	5	4	174	252	258
14	4	5	175	307	318
15	5	4	176	27	40
15	4	5	177	54	75
15	1	3	178	75	86
15	3	6	179	92	103
15	1	3	180	111	119
15	4	5	181	123	128
15	1	3	182	130	139
15	8	6	183	152	165
15	6	1	184	190	205
15	5	4	185	213	224
15	9	0	186	255	260
15	4	5	187	281	292
15	2	2	188	292	300
15	5	2	189	306	317
16	3	2	190	34	42
16	9	7	191	44	56
16	7	4	192	73	87
16	5	4	193	87	101
16	5	4	194	127	141
16	4	5	195	168	177
16	7	0	196	188	198
16	2	2	197	202	210
16	5	4	198	224	233
16	0	7	199	255	268
16	2	2	200	271	280
16	1	1	201	282	287
16	2	7	202	307	317
17	3	6	203	0	11
17	9	7	204	56	65
17	9	7	205	65	76
17	5	4	206	101	116
17	1	1	207	140	145
17	1	1	208	145	159
17	3	2	209	162	173
17	5	4	210	178	189
17	8	3	211	224	239
17	1	3	212	253	264
17	3	6	213	294	309
18	1	1	214	11	19
18	5	4	215	40	49
18	7	0	216	49	60
18	0	0	217	69	83
18	2	2	218	87	102
18	4	5	219	105	123
18	2	7	220	156	165
18	8	6	221	177	189
18	5	4	222	189	201
18	0	0	223	209	221
18	6	1	224	232	237
18	4	5	225	244	252
18	6	4	226	306	317
19	2	7	227	24	31
19	8	6	228	31	44
19	12	3	229	47	58
19	1	3	230	58	64
19	9	7	231	112	124
19	4	5	232	128	146
19	6	4	233	155	166
19	8	6	234	166	177
19	6	1	235	179	190
19	3	6	236	225	235
19	3	6	237	235	249
19	6	1	238	267	282
19	6	4	239	283	296


Solution History:
