This is the output of Heuristic Solver for Dual resource constrained flexible job shop Scheduling Problem.
Input file is: wfjsp6_9.txt
Method: TS_100000000_0.055524_5
Seed: 2
Number of Jobs: 12
Number of Operations: 66
Number of Machines: 5
Number of Operators: 5
CPU Time: 3.33296
obj: 703
Best found lower bound:0
Solver gap (best found lower bound and upper bound difference): Not known


Final Solution:
Job	Machine	Operator	Operation	Start Time	Finish Time
0	4	0	0	251	339
0	4	0	1	339	381
1	1	2	2	216	283
1	1	1	3	608	665
2	1	2	4	0	29
2	4	0	5	29	130
2	3	4	6	130	192
2	2	1	7	206	225
2	3	4	8	234	292
2	4	0	9	381	439
2	3	1	10	453	529
2	3	1	11	529	608
3	1	2	12	149	216
3	0	4	13	299	338
3	1	2	14	380	401
3	2	2	15	471	527
3	2	2	16	585	600
3	4	0	17	628	703
4	0	3	18	0	22
4	1	2	19	29	51
4	2	1	20	66	100
4	3	4	21	192	234
4	3	1	22	304	316
4	4	0	23	439	458
4	1	4	24	480	502
4	0	3	25	574	634
5	2	1	26	0	51
5	1	2	27	51	149
5	4	0	28	174	251
5	1	2	29	283	380
5	0	3	30	449	510
5	1	4	31	510	572
5	4	0	32	573	628
5	0	3	33	634	700
6	2	1	34	51	66
6	0	3	35	96	192
6	1	2	36	401	434
6	3	1	37	434	453
6	4	2	38	458	471
6	2	2	39	527	585
6	2	2	40	600	669
7	3	1	41	316	417
7	1	4	42	456	480
7	1	2	43	669	691
8	2	1	44	100	122
8	2	1	45	122	162
8	2	1	46	162	206
8	2	1	47	225	304
8	0	4	48	338	379
8	1	2	49	434	456
8	4	0	50	471	573
8	3	4	51	669	697
9	2	3	52	386	449
9	2	1	53	669	695
10	4	0	54	0	26
10	0	3	55	26	96
10	0	3	56	192	263
10	1	4	57	572	588
11	3	4	58	0	37
11	3	4	59	37	123
11	4	0	60	130	174
11	0	3	61	263	299
11	2	3	62	304	386
11	0	4	63	386	441
11	0	3	64	510	574
11	3	4	65	608	669


Solution History:
