This is the output of Heuristic Solver for Dual resource constrained flexible job shop Scheduling Problem.
Input file is: wfjsp20_6.txt
Method: TS_100000000_0.425127_5
Seed: 2
Number of Jobs: 25
Number of Operations: 201
Number of Machines: 10
Number of Operators: 8
CPU Time: 25.5218
obj: 1410
Best found lower bound:0
Solver gap (best found lower bound and upper bound difference): Not known


Final Solution:
Job	Machine	Operator	Operation	Start Time	Finish Time
0	1	5	0	61	119
0	9	0	1	168	209
0	2	6	2	209	266
0	9	5	3	485	522
0	5	2	4	720	815
0	3	5	5	930	1024
0	5	2	6	1068	1096
0	8	4	7	1105	1133
0	9	6	8	1177	1268
1	0	6	9	0	14
1	4	6	10	537	625
1	2	0	11	634	712
1	7	0	12	713	747
1	9	4	13	774	811
1	5	2	14	815	874
1	8	1	15	948	1033
1	0	4	16	1328	1404
2	5	7	17	129	219
2	8	1	18	546	573
2	6	2	19	600	646
2	0	3	20	735	789
2	9	4	21	811	852
2	6	0	22	1024	1113
2	3	1	23	1121	1201
2	1	2	24	1225	1287
3	4	3	25	0	36
3	8	2	26	70	100
3	4	2	27	202	211
3	0	7	28	219	289
3	7	6	29	359	444
3	3	1	30	446	491
3	3	2	31	874	887
3	3	1	32	1033	1121
3	4	5	33	1270	1354
3	8	5	34	1371	1409
4	1	5	35	254	331
4	1	4	36	409	447
4	8	1	37	573	597
4	8	5	38	750	835
4	9	4	39	852	888
4	6	7	40	964	1018
4	7	2	41	1023	1068
4	5	0	42	1214	1281
5	7	4	43	96	186
5	0	7	44	289	379
5	7	2	45	472	520
5	4	5	46	663	750
5	6	0	47	750	785
5	0	5	48	1024	1067
5	4	5	49	1256	1270
6	3	3	50	62	146
6	2	4	51	276	303
6	0	1	52	379	391
6	9	2	53	419	472
6	7	6	54	625	713
6	6	1	55	735	744
6	6	7	56	878	964
6	8	4	57	1045	1105
6	3	0	58	1283	1345
6	2	3	59	1361	1408
7	2	4	60	0	96
7	0	7	61	105	118
7	2	6	62	444	537
7	9	7	63	560	617
7	6	2	64	681	702
7	3	5	65	903	930
7	5	3	66	972	1059
8	8	0	67	505	546
8	5	3	68	600	687
8	1	4	69	888	970
8	1	4	70	970	986
8	2	6	71	1084	1118
8	6	1	72	1368	1409
9	7	1	73	0	88
9	5	1	74	88	127
9	9	5	75	127	168
9	8	2	76	283	291
9	7	4	77	303	326
9	5	7	78	379	465
9	3	7	79	617	708
9	2	3	80	1317	1329
10	0	7	81	24	48
10	6	7	82	118	129
10	3	1	83	209	298
10	5	2	84	702	720
10	4	7	85	794	878
10	2	0	86	882	971
10	2	0	87	971	1024
10	8	2	88	1147	1170
10	2	3	89	1329	1361
11	5	0	90	0	85
11	8	2	91	100	118
11	5	2	92	520	538
11	4	5	93	625	663
11	0	1	94	684	735
11	3	7	95	1238	1283
12	9	6	96	32	126
12	7	1	97	747	835
12	4	6	98	959	986
12	1	6	99	1013	1084
12	6	6	100	1118	1177
12	4	2	101	1177	1189
12	8	2	102	1189	1225
12	7	1	103	1265	1313
12	0	4	104	1313	1328
12	3	2	105	1373	1405
13	1	2	106	0	21
13	8	2	107	32	70
13	2	3	108	789	878
13	4	6	109	922	959
13	1	6	110	986	1013
13	2	0	111	1118	1209
13	4	7	112	1214	1238
13	8	1	113	1317	1368
14	4	6	114	126	202
14	4	3	115	310	391
14	6	0	116	420	505
14	9	7	117	522	560
14	0	1	118	614	630
14	0	6	119	910	922
14	6	1	120	1244	1265
14	5	7	121	1283	1374
15	6	6	122	14	32
15	4	3	123	36	62
15	2	2	124	118	200
15	5	2	125	219	283
15	9	2	126	291	336
15	4	3	127	391	477
15	8	3	128	687	729
16	8	2	129	21	32
16	8	1	130	127	209
16	5	1	131	298	318
16	8	1	132	318	369
16	5	7	133	465	520
16	8	1	134	597	614
16	8	2	135	646	681
16	6	0	136	785	859
16	9	2	137	888	936
17	0	1	138	391	446
17	0	4	139	447	503
17	2	0	140	546	634
17	0	6	141	819	910
17	9	2	142	936	1023
17	2	7	143	1024	1059
17	9	7	144	1059	1126
17	8	3	145	1233	1317
18	3	5	146	0	61
18	8	3	147	231	269
18	2	4	148	326	409
18	1	3	149	477	539
18	7	3	150	1148	1233
19	1	5	151	196	215
19	4	5	152	215	254
19	9	2	153	336	419
19	3	1	154	491	532
19	5	2	155	538	600
19	4	4	156	986	1045
19	5	7	157	1126	1214
19	2	4	158	1220	1305
19	7	6	159	1316	1409
20	9	7	160	0	24
20	9	0	161	209	285
20	3	0	162	298	365
20	8	5	163	407	485
20	4	4	164	503	517
20	1	3	165	539	598
20	1	4	166	611	698
20	1	6	167	730	819
20	7	2	168	1096	1147
20	4	7	169	1374	1401
21	6	7	170	48	105
21	3	5	171	168	196
21	4	3	172	269	310
21	1	5	173	331	407
21	9	4	174	698	774
21	7	1	175	835	924
22	6	3	176	146	231
22	6	6	177	266	359
22	3	0	178	365	420
22	0	5	179	522	613
22	1	6	180	713	730
22	1	0	181	859	882
22	5	3	182	882	972
22	1	4	183	1133	1220
22	9	6	184	1268	1316
22	9	0	185	1345	1410
23	2	0	186	96	108
23	7	4	187	186	276
23	8	1	188	924	948
23	0	5	189	1067	1157
23	6	1	190	1201	1244
23	1	2	191	1287	1373
24	1	0	192	119	163
24	7	4	193	520	611
24	0	1	194	630	684
24	3	7	195	708	794
24	8	5	196	835	903
24	4	3	197	1059	1148
24	0	5	198	1157	1214
24	4	5	199	1238	1256
24	3	5	200	1354	1371


Solution History:
