This is the output of Heuristic Solver for Dual resource constrained flexible job shop Scheduling Problem.
Input file is: wfjsp13_5.txt
Method: TS_100000000_0.532675_5
Seed: 2
Number of Jobs: 25
Number of Operations: 244
Number of Machines: 15
Number of Operators: 15
CPU Time: 31.981
obj: 850
Best found lower bound:0
Solver gap (best found lower bound and upper bound difference): Not known


Final Solution:
Job	Machine	Operator	Operation	Start Time	Finish Time
0	5	2	0	174	189
0	13	2	1	189	231
0	9	13	2	239	318
0	12	0	3	318	388
0	8	10	4	394	468
0	11	14	5	468	511
0	9	4	6	652	718
0	6	12	7	792	834
1	10	2	8	33	84
1	6	3	9	91	126
1	8	13	10	143	177
1	10	4	11	177	247
1	11	12	12	250	271
1	6	8	13	271	285
1	11	3	14	285	350
1	2	13	15	350	408
1	3	8	16	523	532
1	14	1	17	548	592
2	14	6	18	45	110
2	11	14	19	110	153
2	7	7	20	173	201
2	4	7	21	201	244
2	10	12	22	271	300
2	10	3	23	350	380
2	12	4	24	489	581
2	12	1	25	592	635
2	4	0	26	649	686
2	4	7	27	698	719
3	11	3	28	14	22
3	6	3	29	126	174
3	3	7	30	244	327
3	5	14	31	327	388
3	11	14	32	392	461
3	0	12	33	466	547
3	5	12	34	584	659
3	11	12	35	705	751
3	5	8	36	751	765
4	7	0	37	0	44
4	12	11	38	85	173
4	4	10	39	321	394
4	0	13	40	408	466
4	9	13	41	479	515
4	5	14	42	517	579
4	6	2	43	589	623
4	14	6	44	671	688
4	14	13	45	688	759
5	8	13	46	0	82
5	7	5	47	87	173
5	4	0	48	244	286
5	14	1	49	369	458
5	1	11	50	489	562
5	6	14	51	579	589
5	8	9	52	649	685
5	6	14	53	711	792
5	12	4	54	794	829
6	6	12	55	0	91
6	0	8	56	99	119
6	0	8	57	119	157
6	14	10	58	168	263
6	13	11	59	277	292
6	3	7	60	351	375
6	3	8	61	415	481
6	8	0	62	604	622
6	0	6	63	688	728
6	4	6	64	728	759
6	0	5	65	759	846
7	9	14	66	0	78
7	13	0	67	116	158
7	2	1	68	179	220
7	2	1	69	220	237
7	13	11	70	292	371
7	5	12	71	388	465
7	9	9	72	515	567
7	9	9	73	567	609
7	3	9	74	609	624
7	6	2	75	624	711
7	8	5	76	711	741
7	7	10	77	778	826
8	2	1	78	48	116
8	14	6	79	270	361
8	6	4	80	371	396
8	2	9	81	434	508
8	4	6	82	508	561
8	14	6	83	592	601
8	8	0	84	622	649
8	5	1	85	659	669
8	12	11	86	670	679
8	13	11	87	679	757
8	14	6	88	759	844
9	5	7	89	0	47
9	13	0	90	87	116
9	9	9	91	318	403
9	13	2	92	536	582
9	11	14	93	606	614
9	3	10	94	624	673
9	3	9	95	705	791
9	10	7	96	797	844
10	7	0	97	44	87
10	11	14	98	87	108
10	9	6	99	110	151
10	9	0	100	158	227
10	10	5	101	256	271
10	7	5	102	296	360
10	13	0	103	462	536
10	3	8	104	536	605
10	9	4	105	609	652
10	2	10	106	673	760
11	2	4	107	247	342
11	11	6	108	361	392
11	4	6	109	394	479
11	0	12	110	547	584
11	4	5	111	604	634
11	1	3	112	651	689
11	11	0	113	697	705
11	10	7	114	719	797
11	3	8	115	797	827
11	7	8	116	827	850
12	11	3	117	0	14
12	2	1	118	116	179
12	0	2	119	367	402
12	4	0	120	561	598
12	3	14	121	673	705
12	1	3	122	728	747
12	4	11	123	759	832
12	5	3	124	834	848
13	10	2	125	0	33
13	1	8	126	38	61
13	8	13	127	82	143
13	11	6	128	153	250
13	2	4	129	342	350
13	1	1	130	353	369
13	7	10	131	478	512
13	14	7	132	604	667
14	3	8	133	0	9
14	3	10	134	9	81
14	0	2	135	84	99
14	14	10	136	158	168
14	5	3	137	223	267
14	14	7	138	458	501
14	1	3	139	567	651
14	13	11	140	651	670
14	10	12	141	676	684
14	10	12	142	684	702
15	12	4	143	0	85
15	5	2	144	99	174
15	6	12	145	174	243
15	7	10	146	277	296
15	4	10	147	296	321
15	10	3	148	380	447
15	2	10	149	512	590
15	2	13	150	596	672
15	11	7	151	672	697
15	1	3	152	697	728
15	9	4	153	728	794
16	1	8	154	9	38
16	4	9	155	48	116
16	3	7	156	116	168
16	12	5	157	173	256
16	0	6	158	256	270
16	0	5	159	271	284
16	7	5	160	360	443
16	10	2	161	447	522
16	10	8	162	605	676
16	8	13	163	759	816
16	13	0	164	817	849
17	0	5	165	0	16
17	0	5	166	16	70
17	1	1	167	258	336
17	6	1	168	336	353
17	6	4	169	353	371
17	3	7	170	375	409
17	12	11	171	429	489
17	10	7	172	523	604
17	7	5	173	644	711
17	7	0	174	711	778
17	9	14	175	794	850
18	13	11	176	0	77
18	4	9	177	116	181
18	4	11	178	181	201
18	5	3	179	201	223
18	5	14	180	267	327
18	1	8	181	373	415
18	6	9	182	415	434
18	7	5	183	443	478
18	8	5	184	478	521
18	11	13	185	521	596
18	12	1	186	679	759
18	5	1	187	765	833
19	14	6	188	0	45
19	14	10	189	110	158
19	3	14	190	168	231
19	13	2	191	231	259
19	10	2	192	300	348
19	12	1	193	635	658
19	0	2	194	728	745
19	13	0	195	778	817
19	8	13	196	817	830
20	2	9	197	0	48
20	5	7	198	48	95
20	1	12	199	95	166
20	0	13	200	177	239
20	8	9	201	264	284
20	13	0	202	388	462
20	6	1	203	462	505
20	14	1	204	505	548
20	11	3	205	751	834
21	1	8	206	166	258
21	12	2	207	259	300
21	0	12	208	303	349
21	0	12	209	349	367
21	12	11	210	388	429
21	9	4	211	470	479
21	3	8	212	481	523
21	8	5	213	523	535
21	6	3	214	535	567
21	7	11	215	567	644
21	4	9	216	686	698
21	1	12	217	751	792
22	3	10	218	81	106
22	10	4	219	156	174
22	8	9	220	181	264
22	8	8	221	285	297
22	3	7	222	327	351
22	7	7	223	512	523
22	11	14	224	596	606
22	0	13	225	672	688
22	1	9	226	792	841
23	8	8	227	297	373
23	9	4	228	403	470
23	4	6	229	479	504
23	5	3	230	504	517
23	0	6	231	601	619
23	0	9	232	624	641
23	0	6	233	641	671
23	5	8	234	676	743
24	11	3	235	22	86
24	10	4	236	86	156
24	7	11	237	201	277
24	0	9	238	284	303
24	2	7	239	409	434
24	1	3	240	447	488
24	8	5	241	535	604
24	11	14	242	614	670
24	2	2	243	760	848


Solution History:
