This is the output of Heuristic Solver for Dual resource constrained flexible job shop Scheduling Problem.
Input file is: wfjsp20_4.txt
Method: TS_100000000_0.159835_5
Seed: 3
Number of Jobs: 25
Number of Operations: 198
Number of Machines: 10
Number of Operators: 8
CPU Time: 9.60634
obj: 1284
Best found lower bound:0
Solver gap (best found lower bound and upper bound difference): Not known


Final Solution:
Job	Machine	Operator	Operation	Start Time	Finish Time
0	6	7	0	374	464
0	9	5	1	489	548
0	5	6	2	559	623
0	2	4	3	623	685
0	6	3	4	710	800
0	9	2	5	831	860
0	7	3	6	925	971
0	0	0	7	986	998
0	1	3	8	1079	1126
1	4	3	9	0	23
1	6	2	10	33	49
1	6	6	11	53	92
1	3	7	12	109	174
1	4	5	13	375	395
1	8	0	14	683	756
1	9	2	15	756	831
1	7	2	16	1019	1078
1	6	4	17	1215	1263
2	5	0	18	59	95
2	5	0	19	95	110
2	8	5	20	329	375
2	6	2	21	510	601
2	7	6	22	787	799
2	3	2	23	1127	1192
2	7	2	24	1201	1279
3	3	7	25	35	47
3	9	2	26	100	174
3	3	3	27	356	443
3	7	3	28	443	536
3	2	4	29	541	590
3	4	5	30	854	940
4	0	5	31	100	166
4	2	3	32	166	240
4	7	0	33	240	287
4	4	5	34	311	329
4	2	6	35	332	398
4	5	1	36	772	800
4	4	7	37	1179	1201
5	5	3	38	288	355
5	9	4	39	410	461
5	5	1	40	461	518
5	3	7	41	518	548
5	7	0	42	548	603
5	6	7	43	610	678
6	0	6	44	179	250
6	6	6	45	250	313
6	7	2	46	356	391
6	5	1	47	404	430
6	3	2	48	443	508
6	2	0	49	1097	1126
6	1	5	50	1206	1257
6	3	5	51	1257	1284
7	2	4	52	685	788
7	7	7	53	807	841
7	4	1	54	841	854
7	9	2	55	860	890
7	1	2	56	890	964
7	0	5	57	1006	1019
7	2	1	58	1020	1092
7	5	1	59	1097	1137
7	5	6	60	1150	1210
8	5	1	61	0	40
8	3	7	62	47	76
8	7	1	63	85	99
8	1	5	64	166	193
8	1	4	65	193	243
8	9	1	66	277	336
8	8	0	67	492	539
8	3	7	68	841	871
9	0	6	69	0	53
9	8	3	70	97	161
9	0	2	71	670	707
9	9	2	72	707	753
9	3	5	73	753	834
9	2	1	74	883	926
9	4	6	75	1007	1019
9	9	4	76	1051	1130
9	8	7	77	1131	1179
10	2	4	78	294	318
10	0	0	79	353	429
10	2	4	80	461	522
10	8	3	81	539	591
10	1	5	82	592	646
10	1	1	83	665	693
10	6	4	84	865	959
10	0	5	85	1073	1095
10	5	0	86	1243	1272
11	8	7	87	0	35
11	6	1	88	138	204
11	3	3	89	241	288
11	5	1	90	378	404
11	9	5	91	461	489
11	3	2	92	601	670
11	0	5	93	1019	1073
11	4	1	94	1137	1179
12	8	1	95	40	85
12	3	2	96	174	241
12	0	0	97	287	353
12	4	5	98	395	441
12	1	7	99	491	504
12	4	7	100	559	610
12	9	5	101	652	683
12	4	6	102	799	831
12	7	2	103	971	1019
12	8	3	104	1060	1079
13	0	1	105	518	592
13	7	0	106	603	679
13	7	7	107	679	725
13	5	1	108	800	839
13	0	0	109	922	986
13	6	7	110	991	1056
13	7	2	111	1078	1127
13	1	5	112	1131	1206
13	4	7	113	1206	1274
13	8	7	114	1274	1283
14	9	5	115	0	100
14	5	6	116	717	766
14	0	4	117	788	865
14	8	7	118	871	898
14	2	4	119	959	1008
14	9	4	120	1020	1051
14	0	6	121	1122	1150
15	3	7	122	76	109
15	4	7	123	179	240
15	2	2	124	241	284
15	0	1	125	592	665
15	1	7	126	725	807
15	7	3	127	879	925
15	6	7	128	964	991
15	2	0	129	1126	1203
15	0	1	130	1214	1283
16	2	4	131	49	96
16	5	0	132	110	161
16	5	4	133	166	185
16	1	4	134	243	294
16	7	2	135	391	435
16	8	6	136	831	868
16	5	0	137	998	1052
17	2	4	138	0	49
17	4	5	139	441	457
17	9	5	140	569	592
17	3	5	141	705	751
17	9	1	142	926	1020
17	5	0	143	1052	1097
17	7	3	144	1127	1201
17	9	6	145	1215	1283
18	6	2	146	0	33
18	5	1	147	204	277
18	2	4	148	318	332
18	6	6	149	464	510
18	4	6	150	510	559
18	2	4	151	590	621
18	1	1	152	854	883
18	8	7	153	898	964
18	8	3	154	971	1060
19	8	5	155	221	311
19	9	4	156	336	410
19	5	1	157	430	453
19	4	7	158	464	491
19	9	6	159	623	652
19	4	6	160	652	717
19	4	1	161	721	772
19	5	0	162	839	922
20	4	6	163	97	179
20	9	5	164	193	220
20	5	1	165	367	378
20	5	3	166	683	710
20	6	1	167	1179	1214
21	1	4	168	96	166
21	1	7	169	305	374
21	2	6	170	398	461
21	8	3	171	591	683
21	7	6	172	766	787
21	3	6	173	915	1007
21	3	7	174	1056	1124
21	9	4	175	1130	1215
21	8	0	176	1215	1243
21	1	4	177	1263	1278
22	1	2	178	49	90
22	7	1	179	99	138
22	9	5	180	548	569
22	2	3	181	800	879
22	8	5	182	1095	1131
22	2	3	183	1203	1278
23	4	3	184	23	97
23	3	2	185	288	356
23	0	0	186	429	492
23	1	1	187	693	721
23	8	0	188	756	825
23	3	6	189	871	915
23	4	5	190	940	1006
23	4	6	191	1019	1122
24	7	0	192	0	59
24	8	0	193	161	221
24	4	7	194	240	305
24	6	1	195	336	367
24	2	4	196	522	541
24	3	5	197	683	705


Solution History:
