This is the output of Heuristic Solver for Dual resource constrained flexible job shop Scheduling Problem.
Input file is: wfjsp12_5.txt
Method: TS_100000000_0.493403_5
Seed: 5
Number of Jobs: 25
Number of Operations: 174
Number of Machines: 10
Number of Operators: 10
CPU Time: 29.6164
obj: 896
Best found lower bound:0
Solver gap (best found lower bound and upper bound difference): Not known


Final Solution:
Job	Machine	Operator	Operation	Start Time	Finish Time
0	2	3	0	21	37
0	3	1	1	48	86
0	7	5	2	250	334
0	5	8	3	487	555
0	5	7	4	555	627
0	3	4	5	695	730
0	4	3	6	761	825
1	1	1	7	11	48
1	1	8	8	208	257
1	2	2	9	390	425
1	4	1	10	638	671
1	1	7	11	813	884
2	2	4	12	109	132
2	2	4	13	132	146
2	1	7	14	396	465
2	4	6	15	487	557
2	2	2	16	568	578
3	8	4	17	193	239
3	8	8	18	257	325
3	7	9	19	334	379
3	3	2	20	519	547
3	6	2	21	589	628
4	9	6	22	141	169
4	1	3	23	321	351
4	7	9	24	423	529
4	0	0	25	606	649
4	9	5	26	857	896
5	8	8	27	0	21
5	6	6	28	74	83
5	7	6	29	93	141
5	9	5	30	536	624
5	6	6	31	634	701
6	5	2	32	69	139
6	4	9	33	190	276
6	6	7	34	465	545
6	0	6	35	701	738
6	0	6	36	753	768
6	2	0	37	788	835
7	5	6	38	193	278
7	1	3	39	465	536
7	3	9	40	547	617
7	0	0	41	649	681
7	6	2	42	701	771
8	6	6	43	0	38
8	6	6	44	55	74
8	6	3	45	176	247
8	4	7	46	291	380
8	0	2	47	425	511
8	1	8	48	555	603
8	1	8	49	603	684
8	2	1	50	704	782
8	7	9	51	823	835
8	7	9	52	835	878
9	2	1	53	183	262
9	8	8	54	325	357
9	4	1	55	380	476
9	8	0	56	507	527
9	7	1	57	529	571
9	2	3	58	578	670
9	0	0	59	681	695
9	8	0	60	695	721
9	8	0	61	721	788
10	6	6	62	38	55
10	8	8	63	357	401
10	9	5	64	506	536
10	8	4	65	610	694
10	7	9	66	696	780
10	9	5	67	780	824
10	2	0	68	835	876
10	8	3	69	879	894
11	7	7	70	0	93
11	1	8	71	126	208
11	0	0	72	208	251
11	0	0	73	300	336
11	6	3	74	396	409
11	9	5	75	417	506
11	2	3	76	536	568
11	7	5	77	649	694
11	5	7	78	731	803
11	3	4	79	813	895
12	5	4	80	0	30
12	2	4	81	37	109
12	4	3	82	121	176
12	8	3	83	247	256
12	3	2	84	310	340
12	3	1	85	361	369
12	9	5	86	696	705
12	3	4	87	730	813
13	9	5	88	0	86
13	9	5	89	86	140
13	7	5	90	141	169
13	3	2	91	169	259
13	3	2	92	259	310
13	9	9	93	325	334
13	1	3	94	351	396
13	5	6	95	407	487
13	7	6	96	589	634
13	8	3	97	825	879
14	2	3	98	0	21
14	5	2	99	30	69
14	8	9	100	121	190
14	9	0	101	251	263
14	6	4	102	321	387
14	3	2	103	628	695
14	9	5	104	705	773
14	0	6	105	773	822
15	6	7	106	93	176
15	2	1	107	262	344
15	5	7	108	627	662
15	4	3	109	671	761
15	7	9	110	780	823
15	9	5	111	824	857
15	6	2	112	857	893
16	1	1	113	0	11
16	4	9	114	24	110
16	9	5	115	169	197
16	0	7	116	251	276
16	4	7	117	276	291
16	5	6	118	344	407
16	2	0	119	452	487
16	2	1	120	671	704
17	3	2	121	0	27
17	3	8	122	27	46
17	1	8	123	48	126
17	2	2	124	146	161
17	5	4	125	161	193
17	6	3	126	409	430
17	4	1	127	571	638
18	9	5	128	334	417
18	6	3	129	430	438
18	6	3	130	438	458
18	6	6	131	557	589
18	0	6	132	822	887
19	4	9	133	0	9
19	0	0	134	89	159
19	0	0	135	159	174
19	2	1	136	174	183
19	9	5	137	197	241
19	9	0	138	263	300
19	8	8	139	401	485
19	8	0	140	487	507
19	0	0	141	595	606
19	2	0	142	876	896
20	0	0	143	0	89
20	1	3	144	257	321
20	0	0	145	336	404
20	7	9	146	404	423
20	2	0	147	425	452
20	5	7	148	662	731
21	8	3	149	37	121
21	7	7	150	176	250
21	9	9	151	300	325
21	2	1	152	487	519
21	6	2	153	771	841
22	0	0	154	174	203
22	5	6	155	278	344
22	2	2	156	344	390
22	8	4	157	527	610
22	0	6	158	738	753
23	4	9	159	9	24
23	3	1	160	86	167
23	6	4	161	247	321
23	3	4	162	387	454
23	3	4	163	454	519
23	0	0	164	563	595
23	7	5	165	634	649
23	1	8	166	684	732
23	5	8	167	813	895
24	3	1	168	344	361
24	7	9	169	379	399
24	0	0	170	527	563
24	9	9	171	624	696
24	1	8	172	732	813
24	4	1	173	825	892


Solution History:
