This is the output of Heuristic Solver for Dual resource constrained flexible job shop Scheduling Problem.
Input file is: wfjsp23_2.txt
Method: TS_100000000_0.395808_5
Seed: 2
Number of Jobs: 30
Number of Operations: 375
Number of Machines: 15
Number of Operators: 12
CPU Time: 23.8055
obj: 1626
Best found lower bound:0
Solver gap (best found lower bound and upper bound difference): Not known


Final Solution:
Job	Machine	Operator	Operation	Start Time	Finish Time
0	4	5	0	295	368
0	4	5	1	368	435
0	14	8	2	463	486
0	4	1	3	492	529
0	3	4	4	592	608
0	3	5	5	623	651
0	9	5	6	651	714
0	0	2	7	863	872
0	14	3	8	940	1019
0	1	4	9	1563	1601
1	6	0	10	249	301
1	14	9	11	301	315
1	5	4	12	340	410
1	13	10	13	623	684
1	13	2	14	704	762
1	10	0	15	779	850
1	10	6	16	850	882
1	4	11	17	981	1025
1	1	0	18	1025	1042
1	1	9	19	1053	1106
1	3	6	20	1106	1184
1	10	11	21	1184	1273
1	3	1	22	1275	1330
1	14	11	23	1444	1504
2	3	3	24	0	67
2	2	3	25	207	224
2	0	11	26	258	271
2	3	5	27	492	577
2	1	1	28	697	719
2	11	2	29	876	954
2	9	7	30	992	1076
2	14	10	31	1077	1101
2	11	3	32	1129	1190
2	1	4	33	1191	1270
2	8	5	34	1289	1343
2	2	0	35	1351	1371
2	10	0	36	1371	1430
2	13	10	37	1434	1471
2	12	7	38	1484	1554
3	3	5	39	68	155
3	1	9	40	332	353
3	2	2	41	384	399
3	13	2	42	399	429
3	11	7	43	444	458
3	9	9	44	479	519
3	0	6	45	704	774
3	11	3	46	836	876
3	10	6	47	993	1079
3	5	1	48	1079	1165
3	11	11	49	1334	1389
3	4	7	50	1442	1474
3	1	4	51	1497	1563
3	2	2	52	1587	1626
4	9	0	53	13	39
4	6	0	54	214	249
4	3	6	55	258	304
4	1	0	56	304	323
4	0	11	57	329	390
4	13	2	58	429	488
4	2	3	59	703	713
4	6	5	60	742	772
4	0	1	61	890	941
4	2	1	62	941	1019
4	3	5	63	1046	1103
4	9	9	64	1140	1212
4	6	0	65	1250	1306
4	11	2	66	1463	1485
4	0	2	67	1497	1587
5	1	4	68	0	13
5	5	11	69	118	204
5	14	2	70	371	384
5	10	6	71	441	504
5	12	3	72	551	606
5	0	2	73	655	704
5	9	3	74	724	780
5	6	4	75	810	901
5	2	2	76	1208	1270
5	3	5	77	1343	1401
5	0	4	78	1404	1497
6	6	0	79	0	13
6	12	0	80	39	97
6	1	2	81	133	182
6	9	9	82	240	297
6	9	9	83	315	332
6	2	0	84	479	561
6	7	0	85	587	606
6	3	8	86	729	752
6	4	1	87	768	802
6	12	4	88	901	937
6	2	3	89	1019	1102
6	6	5	90	1109	1177
6	7	3	91	1190	1270
6	2	2	92	1270	1343
7	4	11	93	232	246
7	4	2	94	264	293
7	14	8	95	385	463
7	14	9	96	633	703
7	2	1	97	719	768
7	1	7	98	906	992
7	12	10	99	994	1077
7	10	6	100	1079	1098
7	14	2	101	1105	1182
7	7	8	102	1314	1380
7	5	11	103	1504	1553
7	11	10	104	1553	1620
8	10	11	105	0	91
8	7	6	106	109	146
8	8	7	107	146	192
8	0	6	108	192	258
8	8	11	109	275	329
8	7	0	110	422	477
8	6	10	111	479	506
8	9	9	112	519	564
8	0	6	113	774	841
8	7	8	114	842	912
8	13	5	115	1268	1280
8	13	7	116	1347	1361
8	3	1	117	1471	1489
8	8	9	118	1534	1620
9	0	8	119	47	135
9	9	9	120	207	240
9	7	0	121	354	422
9	4	5	122	435	492
9	1	4	123	492	509
9	0	7	124	527	554
9	5	11	125	592	612
9	14	9	126	623	633
9	11	7	127	637	662
9	2	3	128	1102	1116
9	7	0	129	1306	1314
9	0	1	130	1330	1404
9	2	7	131	1474	1484
9	2	1	132	1506	1543
9	5	6	133	1553	1617
10	13	0	134	97	148
10	13	10	135	186	235
10	13	8	136	235	269
10	0	4	137	288	326
10	1	2	138	509	572
10	10	1	139	583	669
10	5	1	140	1019	1071
10	4	0	141	1108	1175
10	5	0	142	1194	1250
10	6	4	143	1306	1341
10	12	11	144	1389	1444
10	13	10	145	1471	1498
11	14	3	146	67	114
11	12	10	147	235	302
11	8	1	148	340	369
11	0	11	149	440	487
11	10	6	150	504	539
11	4	5	151	577	623
11	12	4	152	623	683
11	11	11	153	735	794
11	14	2	154	795	806
11	4	1	155	806	890
11	10	5	156	890	945
11	6	4	157	1044	1109
11	11	2	158	1428	1463
11	12	11	159	1554	1608
12	1	4	160	109	133
12	6	4	161	133	198
12	3	11	162	204	232
12	2	7	163	304	328
12	6	10	164	342	396
12	5	4	165	509	592
12	1	0	166	606	657
12	7	0	167	703	773
12	6	5	168	773	786
12	1	9	169	812	840
12	8	10	170	1101	1185
12	0	8	171	1240	1313
12	13	9	172	1370	1434
12	7	6	173	1481	1544
13	8	7	174	66	138
13	7	8	175	150	161
13	7	1	176	161	241
13	14	1	177	315	340
13	8	7	178	376	444
13	13	10	179	506	596
13	12	10	180	779	846
13	14	11	181	1025	1052
13	0	11	182	1052	1101
13	10	11	183	1101	1180
13	8	9	184	1212	1289
13	4	0	185	1475	1547
14	8	8	186	0	47
14	4	11	187	91	118
14	10	1	188	121	157
14	11	2	189	293	371
14	11	1	190	371	439
14	12	3	191	506	551
14	9	9	192	564	607
14	7	3	193	607	683
14	3	3	194	683	701
14	14	9	195	703	742
14	14	2	196	806	863
14	9	3	197	1270	1316
15	7	5	198	0	68
15	5	4	199	204	288
15	1	4	200	410	483
15	10	10	201	684	779
15	11	11	202	794	821
15	13	0	203	850	923
15	8	8	204	998	1059
15	7	8	205	1059	1075
15	11	8	206	1075	1091
15	11	8	207	1091	1129
15	12	7	208	1223	1307
15	9	3	209	1316	1392
15	10	5	210	1481	1543
15	6	8	211	1543	1616
16	11	10	212	121	186
16	1	0	213	197	214
16	0	11	214	390	440
16	7	8	215	486	527
16	7	1	216	529	545
16	2	2	217	572	655
16	1	7	218	662	677
16	1	7	219	677	697
16	11	8	220	697	729
16	8	9	221	742	782
16	1	0	222	1009	1018
16	2	1	223	1404	1449
17	2	2	224	55	117
17	13	7	225	275	304
17	12	8	226	304	385
17	9	6	227	385	440
17	1	4	228	742	810
17	2	10	229	846	906
17	7	8	230	912	998
17	11	7	231	1192	1223
17	7	6	232	1270	1303
17	8	9	233	1434	1445
17	7	0	234	1451	1475
18	2	2	235	0	55
18	7	1	236	241	294
18	3	6	237	304	375
18	2	9	238	439	479
18	4	0	239	561	574
18	7	0	240	574	587
18	5	6	241	677	696
18	4	7	242	697	743
18	9	5	243	786	851
18	8	10	244	906	988
18	0	2	245	994	1016
18	13	2	246	1016	1105
18	5	4	247	1270	1304
18	5	4	248	1341	1403
19	10	5	249	222	295
19	5	1	250	295	311
19	13	0	251	323	354
19	13	9	252	354	399
19	12	10	253	437	479
19	14	2	254	762	795
19	6	6	255	901	993
19	12	7	256	1307	1347
19	1	9	257	1347	1370
19	1	8	258	1380	1458
19	10	5	259	1543	1626
20	11	1	260	0	36
20	5	6	261	36	109
20	13	0	262	148	177
20	14	8	263	183	224
20	11	7	264	458	527
20	11	9	265	954	1053
20	2	7	266	1138	1192
20	13	5	267	1192	1268
20	14	11	268	1273	1334
20	14	2	269	1343	1428
20	10	6	270	1448	1481
20	6	10	271	1498	1534
20	4	7	272	1554	1623
21	1	4	273	13	109
21	12	9	274	109	121
21	8	11	275	677	735
21	5	7	276	830	906
21	12	7	277	1077	1138
21	2	2	278	1192	1208
21	3	1	279	1240	1275
21	1	9	280	1289	1347
21	6	6	281	1384	1448
21	3	3	282	1506	1532
21	7	1	283	1544	1623
22	12	10	284	0	19
22	12	3	285	121	207
22	10	3	286	295	358
22	2	9	287	399	439
22	10	1	288	545	583
22	13	10	289	596	623
22	6	4	290	683	742
22	7	8	291	797	832
22	8	11	292	843	883
22	4	11	293	890	981
22	11	10	294	1270	1333
22	12	7	295	1361	1385
22	3	5	296	1401	1471
23	9	9	297	121	207
23	10	3	298	358	441
23	14	8	299	527	593
23	9	9	300	607	623
23	13	8	301	684	694
23	8	9	302	782	812
23	13	8	303	832	842
23	14	3	304	876	940
23	0	2	305	954	994
23	0	1	306	1165	1240
23	4	7	307	1419	1442
24	11	2	308	186	264
24	2	3	309	266	282
24	6	10	310	302	342
24	6	6	311	539	584
24	8	6	312	584	677
24	2	3	313	780	819
24	5	0	314	1175	1194
24	6	8	315	1214	1237
24	5	3	316	1403	1493
24	2	3	317	1493	1506
25	4	7	318	0	66
25	10	0	319	177	197
25	14	3	320	224	254
25	2	3	321	254	266
25	5	4	322	326	340
25	9	7	323	340	376
25	5	11	324	612	670
25	12	3	325	713	724
25	13	9	326	1106	1140
25	1	4	327	1140	1191
25	4	6	328	1303	1384
25	7	0	329	1430	1451
25	9	9	330	1451	1529
26	13	9	331	0	78
26	7	9	332	88	103
26	2	6	333	146	190
26	3	1	334	439	490
26	8	11	335	490	580
26	3	8	336	752	797
26	11	3	337	821	836
26	9	5	338	851	888
26	12	4	339	937	994
26	6	4	340	994	1044
26	4	10	341	1185	1270
26	4	7	342	1385	1419
27	6	10	343	19	112
27	0	8	344	135	150
27	0	8	345	161	183
27	6	8	346	593	679
27	5	7	347	743	830
27	13	0	348	923	1009
27	14	6	349	1184	1262
27	10	0	350	1314	1351
27	8	10	351	1351	1434
27	13	0	352	1547	1620
28	11	1	353	36	121
28	4	5	354	155	222
28	1	8	355	269	282
28	11	7	356	554	637
28	2	0	357	657	703
28	3	11	358	821	843
28	3	9	359	843	924
28	9	9	360	924	951
28	7	5	361	1007	1046
28	4	0	362	1046	1108
28	0	8	363	1129	1151
28	12	8	364	1151	1214
29	14	6	365	0	33
29	9	9	366	78	88
29	8	7	367	192	275
29	12	10	368	396	437
29	5	3	369	441	506
29	5	5	370	945	1007
29	1	4	371	1109	1119
29	1	4	372	1119	1135
29	8	8	373	1458	1534
29	14	3	374	1534	1622


Solution History:
