This is the output of Heuristic Solver for Dual resource constrained flexible job shop Scheduling Problem.
Input file is: wfjsp16_7.txt
Method: TS_100000000_0.756018_5
Seed: 1
Number of Jobs: 40
Number of Operations: 313
Number of Machines: 15
Number of Operators: 15
CPU Time: 45.398
obj: 1111
Best found lower bound:0
Solver gap (best found lower bound and upper bound difference): Not known


Final Solution:
Job	Machine	Operator	Operation	Start Time	Finish Time
0	6	13	0	104	177
0	9	1	1	297	306
0	0	0	2	454	496
0	10	4	3	792	878
0	0	11	4	906	929
0	0	6	5	938	974
0	3	2	6	1020	1054
0	14	2	7	1068	1111
1	13	4	8	0	11
1	2	3	9	47	86
1	2	14	10	247	337
1	9	13	11	526	592
1	13	8	12	592	677
1	14	2	13	681	732
1	3	6	14	732	769
1	3	10	15	769	784
1	13	6	16	784	856
1	10	10	17	971	1047
2	8	14	18	39	101
2	12	5	19	245	311
2	0	7	20	318	393
2	4	10	21	404	430
2	4	10	22	430	440
2	11	14	23	440	523
2	3	10	24	589	599
2	6	13	25	777	842
2	10	4	26	878	890
2	5	12	27	1024	1107
3	10	3	28	0	47
3	9	0	29	70	98
3	12	11	30	100	171
3	4	11	31	182	271
3	9	11	32	592	661
4	1	6	33	0	13
4	7	13	34	33	100
4	6	4	35	248	327
4	4	11	36	354	379
4	1	0	37	563	586
4	3	9	38	620	657
4	11	5	39	686	759
4	14	2	40	763	837
4	13	8	41	932	1017
4	7	9	42	1020	1103
5	13	1	43	184	226
5	14	12	44	407	430
5	14	12	45	430	465
5	1	0	46	586	679
5	2	7	47	777	831
5	0	6	48	989	1050
6	3	2	49	0	63
6	2	3	50	86	110
6	12	6	51	318	354
6	10	2	52	448	522
6	5	1	53	576	604
6	3	0	54	855	872
6	2	4	55	890	937
6	4	11	56	938	1009
6	4	11	57	1009	1051
7	14	10	58	0	39
7	4	9	59	69	95
7	3	2	60	145	172
7	8	12	61	292	321
7	11	9	62	388	440
7	5	13	63	461	526
7	7	9	64	545	620
7	1	0	65	904	961
8	14	1	66	226	297
8	14	1	67	493	573
8	3	6	68	657	720
8	2	0	69	720	777
8	3	10	70	784	801
8	0	8	71	801	861
8	6	3	72	895	965
8	1	3	73	1032	1107
9	14	8	74	39	91
9	5	7	75	219	237
9	9	13	76	248	288
9	7	1	77	620	704
9	2	7	78	831	866
10	14	8	79	91	125
10	9	14	80	151	246
10	4	11	81	341	354
10	14	12	82	391	407
10	2	4	83	498	546
11	1	6	84	97	122
11	9	14	85	124	151
11	8	0	86	219	275
11	1	0	87	275	332
11	7	8	88	332	383
11	10	6	89	422	434
11	4	6	90	440	513
11	11	5	91	759	787
11	14	2	92	837	876
11	3	2	93	1054	1068
12	5	8	94	0	36
12	6	13	95	177	248
12	4	11	96	271	280
12	4	11	97	280	341
12	1	3	98	455	473
12	1	8	99	491	561
12	5	13	100	604	693
12	14	0	101	876	904
12	14	2	102	904	991
12	8	14	103	1052	1111
13	7	13	104	0	33
13	10	10	105	47	108
13	1	3	106	222	273
13	7	8	107	293	329
13	3	2	108	391	448
13	0	0	109	496	524
13	13	3	110	549	581
13	1	6	111	769	784
13	5	14	112	996	1024
13	6	1	113	1069	1107
14	2	4	114	184	247
14	3	6	115	537	589
14	8	12	116	799	864
14	2	10	117	866	882
14	2	4	118	937	988
15	6	1	119	0	40
15	5	4	120	40	74
15	5	4	121	74	167
15	0	0	122	524	563
15	6	13	123	693	777
15	1	3	124	801	879
15	6	1	125	965	1048
15	3	0	126	1068	1110
16	13	9	127	95	131
16	8	12	128	278	292
16	6	4	129	464	498
16	6	8	130	861	895
16	1	0	131	961	980
16	9	11	132	1051	1103
17	0	5	133	70	153
17	8	0	134	332	341
17	0	0	135	415	454
17	13	3	136	480	549
17	4	10	137	688	755
17	5	14	138	756	833
17	1	3	139	879	895
17	12	5	140	1000	1040
17	10	8	141	1047	1098
18	0	0	142	0	61
18	6	8	143	390	464
18	4	10	144	513	587
18	4	3	145	587	641
18	14	2	146	732	763
18	5	14	147	833	930
18	2	4	148	988	1066
18	13	7	149	1066	1101
19	2	1	150	110	177
19	5	13	151	307	390
19	10	6	152	404	422
19	1	3	153	429	455
19	14	12	154	465	493
19	3	6	155	513	537
19	2	4	156	583	657
19	4	10	157	817	859
19	12	5	158	885	964
19	12	5	159	964	1000
20	1	1	160	40	97
20	8	0	161	135	219
20	13	7	162	237	309
20	13	1	163	390	452
20	8	11	164	504	586
20	0	6	165	589	610
20	12	4	166	748	784
20	0	0	167	980	989
21	12	6	168	171	245
21	10	3	169	330	404
21	2	10	170	440	457
21	6	3	171	642	681
21	11	6	172	1093	1110
22	11	14	173	0	37
22	8	12	174	104	135
22	5	8	175	167	219
22	1	3	176	404	429
22	2	8	177	464	484
22	2	4	178	546	583
22	0	1	179	704	767
22	9	13	180	1006	1031
23	7	8	181	125	138
23	1	3	182	182	222
23	11	5	183	321	388
23	8	0	184	388	415
23	12	5	185	462	523
23	5	14	186	526	576
23	9	0	187	679	691
23	9	7	188	695	775
23	12	11	189	817	885
23	11	12	190	954	1024
24	7	9	191	138	213
24	5	2	192	278	307
24	2	14	193	337	413
24	12	5	194	523	583
24	0	6	195	610	650
24	0	7	196	655	695
24	7	9	197	741	815
24	7	9	198	906	954
24	14	2	199	991	1002
25	13	6	200	13	85
25	10	10	201	108	162
25	3	2	202	185	212
25	4	11	203	755	817
25	9	14	204	930	996
26	10	7	205	186	212
26	9	4	206	327	409
26	8	12	207	586	624
26	0	1	208	767	780
26	5	7	209	930	979
27	0	0	210	61	70
27	10	2	211	172	185
27	7	9	212	213	265
27	8	0	213	341	381
27	5	13	214	390	461
27	7	10	215	462	503
27	7	9	216	508	545
27	0	8	217	563	582
27	14	2	218	601	681
27	11	12	219	865	954
28	6	12	220	40	104
28	11	7	221	112	186
28	11	10	222	186	238
28	11	10	223	238	321
28	8	4	224	415	464
28	12	7	225	602	655
28	3	0	226	801	855
28	8	1	227	884	954
28	8	7	228	979	1047
28	11	6	229	1052	1093
29	11	7	230	37	112
29	0	6	231	245	318
29	9	7	232	409	495
29	6	12	233	498	582
29	10	10	234	890	971
29	6	1	235	1048	1069
30	4	3	236	110	182
30	14	2	237	307	391
30	3	9	238	448	508
30	8	12	239	624	726
30	0	1	240	780	790
30	13	8	241	895	932
30	3	2	242	1006	1020
31	9	0	243	98	124
31	10	8	244	219	293
31	12	5	245	388	462
31	10	10	246	601	688
31	10	4	247	707	748
31	10	3	248	755	792
31	3	7	249	872	916
31	3	13	250	918	1006
31	12	13	251	1040	1103
32	2	7	252	0	30
32	8	12	253	30	39
32	12	11	254	70	100
32	1	6	255	122	165
32	10	3	256	293	330
32	6	14	257	582	597
32	11	5	258	602	686
32	8	12	259	726	799
32	0	9	260	868	906
33	8	12	261	0	29
33	0	5	262	153	241
33	3	9	263	270	356
33	2	14	264	413	428
33	13	1	265	452	480
33	4	14	266	642	688
33	7	9	267	704	741
33	11	5	268	787	865
33	4	10	269	1051	1111
34	6	1	270	327	390
34	13	8	271	677	772
34	1	3	272	792	801
34	9	1	273	801	848
34	4	6	274	859	938
34	7	9	275	954	1020
34	11	14	276	1024	1052
34	2	4	277	1066	1105
35	4	9	278	0	69
35	7	11	279	383	462
35	6	14	280	597	642
35	12	11	281	661	727
35	7	9	282	815	868
35	1	3	283	980	1032
36	12	5	284	0	70
36	14	12	285	195	221
36	10	2	286	522	601
36	13	1	287	856	884
36	14	0	288	1002	1059
37	9	11	289	0	70
37	1	10	290	332	404
37	1	1	291	480	491
37	11	7	292	523	602
37	1	3	293	681	755
37	9	13	294	848	918
37	13	8	295	1017	1034
37	0	5	296	1050	1105
38	3	2	297	63	145
38	13	8	298	145	164
38	13	4	299	167	184
38	3	2	300	212	270
38	13	12	301	321	384
38	8	11	302	464	504
38	2	4	303	694	707
39	14	12	304	135	195
39	5	12	305	237	278
39	9	1	306	306	322
39	3	9	307	356	383
39	9	7	308	495	513
39	2	4	309	657	694
39	5	14	310	694	756
39	9	1	311	790	798
39	7	2	312	876	901


Solution History:
