This is the output of Heuristic Solver for Dual resource constrained flexible job shop Scheduling Problem.
Input file is: wfjsp20_6.txt
Method: TS_100000000_0.283123_5
Seed: 5
Number of Jobs: 25
Number of Operations: 201
Number of Machines: 10
Number of Operators: 8
CPU Time: 17.0054
obj: 1416
Best found lower bound:0
Solver gap (best found lower bound and upper bound difference): Not known


Final Solution:
Job	Machine	Operator	Operation	Start Time	Finish Time
0	1	5	0	78	136
0	4	5	1	136	175
0	2	6	2	186	243
0	9	5	3	362	399
0	5	7	4	478	572
0	2	4	5	921	1008
0	2	2	6	1086	1115
0	2	6	7	1145	1171
0	9	6	8	1171	1262
1	1	2	9	138	154
1	4	4	10	401	489
1	1	5	11	583	657
1	8	4	12	664	692
1	9	4	13	704	741
1	5	2	14	832	891
1	3	1	15	920	1003
1	7	4	16	1008	1081
2	8	3	17	120	206
2	7	6	18	243	270
2	3	1	19	289	337
2	3	2	20	569	622
2	9	2	21	622	663
2	0	4	22	741	836
2	4	3	23	1279	1360
2	1	3	24	1360	1416
3	4	3	25	0	36
3	1	5	26	36	69
3	1	5	27	69	78
3	2	6	28	101	175
3	7	6	29	270	355
3	3	1	30	524	569
3	9	4	31	692	704
3	5	7	32	1099	1185
3	5	7	33	1282	1365
3	9	5	34	1365	1403
4	9	6	35	0	78
4	4	5	36	269	306
4	8	5	37	469	492
4	4	7	38	572	662
4	9	7	39	766	805
4	6	0	40	817	867
4	6	2	41	1141	1186
4	5	0	42	1215	1282
5	0	7	43	126	212
5	0	7	44	212	302
5	7	1	45	476	524
5	8	1	46	836	920
5	8	5	47	951	988
5	0	5	48	1124	1167
5	9	2	49	1336	1352
6	3	3	50	36	120
6	5	2	51	275	304
6	0	4	52	356	367
6	6	7	53	372	419
6	7	6	54	546	634
6	0	4	55	638	648
6	6	6	56	727	814
6	6	2	57	1186	1250
6	3	0	58	1282	1344
6	0	7	59	1365	1410
7	0	4	60	0	91
7	6	6	61	175	186
7	2	2	62	415	502
7	6	0	63	613	666
7	6	2	64	666	687
7	9	7	65	741	766
7	1	5	66	798	889
8	8	0	67	235	276
8	5	1	68	391	476
8	3	7	69	662	732
8	5	2	70	732	744
8	7	0	71	1156	1188
8	6	1	72	1323	1364
9	9	0	73	276	361
9	8	2	74	362	401
9	9	5	75	419	460
9	8	5	76	460	469
9	7	6	77	524	546
9	5	1	78	572	653
9	1	3	79	657	746
9	2	6	80	814	827
10	8	1	81	0	24
10	0	1	82	106	117
10	3	1	83	120	209
10	5	0	84	361	380
10	4	5	85	662	737
10	3	3	86	746	836
10	2	3	87	836	888
10	8	5	88	988	1010
10	2	2	89	1381	1416
11	5	0	90	0	85
11	7	0	91	218	235
11	0	4	92	339	356
11	7	6	93	356	397
11	7	6	94	397	453
11	1	0	95	483	532
12	9	4	96	91	185
12	7	1	97	653	741
12	8	1	98	809	836
12	1	3	99	889	955
12	0	3	100	955	1009
12	0	6	101	1009	1020
12	3	1	102	1020	1056
12	8	5	103	1071	1124
12	8	2	104	1124	1138
12	2	4	105	1320	1356
13	9	5	106	399	419
13	8	5	107	757	798
13	9	0	108	867	964
13	4	7	109	966	1005
13	8	5	110	1010	1037
13	6	0	111	1056	1141
13	3	0	112	1188	1215
13	8	1	113	1272	1323
14	0	6	114	650	725
14	4	2	115	744	832
14	6	7	116	867	966
14	8	5	117	1037	1071
14	8	0	118	1141	1156
14	0	5	119	1167	1180
14	7	1	120	1188	1209
14	0	5	121	1222	1307
15	6	2	122	154	171
15	5	4	123	185	211
15	6	0	124	532	613
15	5	2	125	891	955
15	3	1	126	1143	1186
15	4	7	127	1188	1279
15	8	4	128	1356	1406
16	3	2	129	0	10
16	8	1	130	24	106
16	4	2	131	175	192
16	3	1	132	209	261
16	1	3	133	291	342
16	8	5	134	345	362
16	4	4	135	367	401
16	6	6	136	453	524
16	9	7	137	805	858
17	0	7	138	419	478
17	4	3	139	498	554
17	2	0	140	666	754
17	7	6	141	827	916
17	9	2	142	964	1051
17	2	2	143	1051	1086
17	9	4	144	1086	1148
17	8	3	145	1188	1272
18	7	0	146	141	218
18	4	4	147	218	256
18	2	4	148	256	339
18	1	3	149	342	404
18	7	6	150	916	1004
19	1	5	151	0	19
19	4	7	152	88	126
19	9	2	153	192	275
19	6	2	154	687	727
19	5	0	155	754	817
19	0	5	156	889	951
19	4	7	157	1005	1098
19	2	4	158	1235	1320
19	7	6	159	1320	1413
20	2	6	160	78	101
20	6	3	161	206	291
20	6	7	162	302	372
20	8	4	163	565	638
20	8	4	164	648	664
20	7	1	165	741	809
20	1	0	166	964	1056
20	1	6	167	1056	1145
20	7	1	168	1209	1260
20	5	1	169	1365	1393
21	6	0	170	88	141
21	3	1	171	261	289
21	4	5	172	306	345
21	1	0	173	404	483
21	9	4	174	489	565
21	2	3	175	565	654
22	6	7	176	0	88
22	1	5	177	175	269
22	3	1	178	337	391
22	0	5	179	492	583
22	7	6	180	634	650
22	8	5	181	737	757
22	5	3	182	1009	1099
22	1	4	183	1148	1235
22	9	6	184	1262	1310
22	3	0	185	1344	1410
23	2	3	186	404	415
23	4	4	187	836	921
23	2	6	188	1020	1045
23	3	1	189	1056	1143
23	0	5	190	1180	1222
23	1	2	191	1250	1336
24	2	2	192	10	53
24	7	2	193	53	138
24	5	2	194	304	356
24	3	3	195	415	498
24	8	2	196	502	565
24	4	3	197	1099	1188
24	0	5	198	1307	1364
24	4	2	199	1364	1381
24	6	1	200	1393	1410


Solution History:
