This is the output of Heuristic Solver for Dual resource constrained flexible job shop Scheduling Problem.
Input file is: wfjsp15_5.txt
Method: TS_100000000_0.447423_5
Seed: 3
Number of Jobs: 30
Number of Operations: 360
Number of Machines: 15
Number of Operators: 15
CPU Time: 26.8803
obj: 1268
Best found lower bound:0
Solver gap (best found lower bound and upper bound difference): Not known


Final Solution:
Job	Machine	Operator	Operation	Start Time	Finish Time
0	5	12	0	0	18
0	10	7	1	126	172
0	2	10	2	226	305
0	12	11	3	319	379
0	11	0	4	379	446
0	9	14	5	464	506
0	2	7	6	614	681
0	7	11	7	722	764
0	7	5	8	764	815
0	6	1	9	815	851
0	12	0	10	1074	1106
0	9	6	11	1183	1253
1	1	3	12	0	23
1	7	11	13	25	41
1	1	0	14	117	185
1	14	7	15	185	251
1	4	5	16	251	261
1	5	14	17	261	312
1	7	10	18	379	448
1	5	14	19	929	972
1	8	11	20	1167	1202
1	0	12	21	1219	1259
2	14	6	22	0	27
2	4	5	23	68	98
2	4	5	24	98	181
2	4	6	25	181	224
2	11	13	26	326	366
2	14	6	27	592	613
2	7	5	28	614	622
2	11	13	29	649	694
2	2	10	30	769	853
2	1	1	31	866	931
3	4	10	32	305	379
3	14	13	33	380	477
3	1	0	34	579	670
3	8	5	35	708	744
3	0	6	36	771	785
3	9	12	37	864	914
3	6	4	38	935	1011
3	10	8	39	1011	1080
3	3	9	40	1080	1148
3	7	14	41	1183	1214
4	10	4	42	0	68
4	7	7	43	91	126
4	0	12	44	166	185
4	13	2	45	213	280
4	3	7	46	361	446
4	6	1	47	459	550
4	0	2	48	648	690
4	0	5	49	815	899
4	6	9	50	1148	1226
4	8	11	51	1244	1256
5	12	11	52	118	159
5	3	11	53	159	238
5	2	4	54	505	538
5	4	6	55	686	771
5	13	7	56	771	789
5	12	4	57	806	845
5	2	10	58	853	934
5	13	2	59	961	974
5	5	2	60	974	1000
5	9	12	61	1000	1080
6	6	2	62	0	15
6	7	11	63	41	84
6	8	4	64	188	219
6	6	1	65	229	321
6	14	8	66	507	591
6	7	5	67	622	666
6	1	3	68	731	772
6	3	7	69	866	882
6	14	6	70	915	998
6	0	5	71	1092	1177
6	3	14	72	1214	1261
7	10	2	73	75	114
7	7	9	74	226	242
7	13	2	75	540	629
7	13	4	76	629	659
7	12	11	77	659	713
7	8	8	78	744	813
7	5	14	79	847	929
7	8	0	80	941	969
7	13	14	81	974	1038
7	13	0	82	1175	1224
8	8	4	83	179	188
8	9	14	84	213	239
8	7	0	85	242	252
8	8	0	86	446	457
8	3	6	87	457	551
8	8	9	88	581	667
8	2	10	89	686	739
8	3	10	90	739	769
8	11	6	91	815	915
8	10	3	92	943	989
8	6	4	93	1011	1020
8	1	5	94	1032	1081
8	14	12	95	1081	1156
8	3	12	96	1156	1198
8	10	4	97	1223	1268
9	11	14	98	0	21
9	2	10	99	21	63
9	2	4	100	68	137
9	8	4	101	219	230
9	1	12	102	232	296
9	13	11	103	379	464
9	13	0	104	469	540
9	2	1	105	550	593
9	10	12	106	693	776
9	0	5	107	899	984
9	0	10	108	1012	1051
9	8	11	109	1087	1167
9	2	7	110	1183	1225
9	7	7	111	1225	1256
10	4	6	112	27	66
10	3	6	113	256	264
10	0	5	114	362	448
10	2	4	115	477	505
10	0	13	116	549	574
10	2	1	117	593	608
10	14	12	118	628	691
10	1	3	119	699	731
10	13	0	120	806	843
10	5	2	121	1000	1029
10	14	10	122	1051	1070
10	10	3	123	1141	1223
10	5	2	124	1243	1257
11	13	2	125	44	75
11	11	14	126	136	157
11	12	11	127	238	301
11	9	4	128	301	384
11	4	12	129	384	392
11	2	9	130	396	415
11	9	6	131	427	456
11	9	9	132	509	574
11	14	13	133	694	704
11	5	1	134	733	802
11	12	1	135	851	866
11	0	8	136	984	996
11	14	13	137	998	1044
11	4	6	138	1087	1126
11	12	8	139	1183	1262
12	8	8	140	0	18
12	8	13	141	18	26
12	13	0	142	26	44
12	12	8	143	44	118
12	14	7	144	292	358
12	4	12	145	392	451
12	12	11	146	533	555
12	13	0	147	683	713
12	3	9	148	769	841
12	11	13	149	915	993
12	5	14	150	1038	1121
12	1	8	151	1133	1163
12	2	9	152	1226	1265
13	3	9	153	0	74
13	7	10	154	126	152
13	0	13	155	186	246
13	7	0	156	252	300
13	8	9	157	308	396
13	9	4	158	414	427
13	8	4	159	427	441
13	0	10	160	448	533
13	12	11	161	555	637
13	14	13	162	704	776
13	14	13	163	776	837
13	3	7	164	882	912
13	13	2	165	935	950
13	1	5	166	984	1032
13	13	2	167	1038	1107
14	2	13	168	0	17
14	0	8	169	18	36
14	2	9	170	179	220
14	2	1	171	321	387
14	10	3	172	387	468
14	12	2	173	468	533
14	11	10	174	533	607
14	14	13	175	837	893
14	12	0	176	984	1074
14	6	3	177	1078	1141
14	5	14	178	1141	1160
14	9	4	179	1163	1183
14	14	10	180	1183	1251
15	0	10	181	71	113
15	3	14	182	239	256
15	7	8	183	450	489
15	7	11	184	489	533
15	9	13	185	574	649
15	6	2	186	714	794
15	1	12	187	794	864
15	8	8	188	889	938
15	9	9	189	941	989
15	8	9	190	989	1057
15	4	11	191	1058	1087
15	10	8	192	1087	1133
16	13	11	193	0	24
16	5	3	194	107	122
16	2	4	195	137	179
16	9	0	196	186	197
16	11	3	197	197	239
16	9	4	198	239	293
16	0	2	199	293	362
16	1	1	200	387	459
16	14	8	201	489	507
16	4	5	202	534	605
16	5	1	203	636	679
16	13	7	204	722	771
16	5	2	205	1160	1243
17	11	13	206	246	326
17	12	2	207	379	420
17	12	2	208	420	463
17	2	4	209	463	477
17	8	13	210	477	518
17	10	3	211	599	608
17	0	6	212	613	648
17	9	0	213	670	683
17	3	8	214	699	733
17	7	9	215	841	930
17	13	2	216	950	961
17	8	11	217	1202	1244
18	11	12	218	21	47
18	8	5	219	50	68
18	6	1	220	69	163
18	14	7	221	174	184
18	10	3	222	287	312
18	8	0	223	457	469
18	2	13	224	538	549
18	9	6	225	649	664
18	6	4	226	1020	1069
18	9	4	227	1080	1163
19	1	3	228	39	107
19	13	14	229	107	136
19	13	2	230	136	149
19	11	3	231	167	184
19	5	1	232	198	216
19	3	6	233	264	295
19	7	0	234	300	365
19	5	14	235	392	464
19	10	3	236	535	599
19	3	8	237	599	680
19	1	8	238	680	699
19	7	7	239	699	722
19	9	7	240	798	845
19	12	11	241	866	930
19	7	7	242	1116	1183
20	3	12	243	74	154
20	10	12	244	185	232
20	10	3	245	239	258
20	10	3	246	258	287
20	12	11	247	301	319
20	10	12	248	319	382
20	8	4	249	396	410
20	6	8	250	417	450
20	6	12	251	550	628
20	3	7	252	681	692
20	7	14	253	815	823
21	0	5	254	0	16
21	8	5	255	26	50
21	5	3	256	122	167
21	6	8	257	387	417
21	5	1	258	608	636
21	8	5	259	667	708
21	4	11	260	771	849
21	13	4	261	849	896
21	3	7	262	912	996
21	2	10	263	1094	1179
22	5	7	264	48	91
22	9	13	265	101	186
22	4	5	266	224	249
22	1	8	267	296	382
22	4	5	268	451	534
22	0	6	269	785	809
22	4	0	270	849	917
22	2	1	271	934	1000
22	3	6	272	1000	1069
22	11	13	273	1094	1172
23	1	3	274	23	39
23	0	12	275	47	71
23	14	6	276	91	174
23	6	8	277	174	229
23	11	7	278	446	522
23	5	14	279	537	601
23	11	10	280	607	644
23	4	10	281	644	686
23	5	1	282	686	733
23	11	14	283	733	815
23	10	3	284	829	915
23	4	12	285	917	978
23	0	13	286	1051	1092
23	13	0	287	1107	1175
24	12	1	288	0	16
24	12	2	289	16	33
24	14	13	290	33	91
24	7	10	291	152	226
24	1	0	292	540	579
24	6	14	293	628	714
24	3	11	294	849	866
24	9	0	295	917	941
24	2	1	296	1000	1090
24	14	6	297	1174	1182
24	0	12	298	1198	1219
25	9	0	299	0	18
25	0	8	300	118	166
25	12	2	301	166	209
25	6	3	302	321	387
25	10	3	303	776	829
25	1	11	304	931	971
25	4	11	305	978	1058
25	11	10	306	1078	1094
25	7	7	307	1105	1116
25	12	1	308	1118	1183
25	13	0	309	1224	1265
26	7	7	310	0	25
26	5	7	311	25	48
26	11	0	312	48	117
26	13	14	313	157	213
26	0	8	314	252	291
26	3	6	315	295	361
26	9	6	316	384	414
26	2	9	317	415	462
26	5	12	318	464	537
26	8	4	319	538	581
26	12	0	320	713	806
26	7	10	321	934	1012
26	1	1	322	1090	1118
26	1	1	323	1183	1268
27	9	14	324	21	101
27	8	9	325	107	176
27	5	8	326	229	252
27	8	9	327	252	308
27	14	13	328	366	380
27	7	7	329	533	614
27	9	4	330	683	768
27	8	8	331	813	889
27	13	4	332	896	935
27	12	8	333	938	979
27	11	3	334	993	1078
27	4	5	335	1177	1262
28	6	1	336	37	69
28	8	9	337	74	107
28	5	1	338	167	198
28	12	0	339	209	237
28	14	7	340	251	292
28	5	14	341	312	392
28	10	3	342	468	535
28	3	6	343	551	592
28	10	3	344	915	943
28	1	0	345	971	984
29	6	1	346	16	37
29	1	5	347	185	223
29	4	5	348	261	272
29	13	5	349	280	351
29	1	9	350	462	509
29	10	3	351	608	693
29	0	9	352	693	762
29	9	4	353	768	798
29	5	2	354	802	847
29	6	2	355	851	933
29	7	7	356	1012	1079
29	7	7	357	1079	1105
29	4	6	358	1126	1174
29	11	13	359	1174	1259


Solution History:
