This is the output of Heuristic Solver for Dual resource constrained flexible job shop Scheduling Problem.
Input file is: wfjsp22_3.txt
Method: TS_100000000_0.214330_5
Seed: 3
Number of Jobs: 30
Number of Operations: 235
Number of Machines: 15
Number of Operators: 12
CPU Time: 12.8852
obj: 1037
Best found lower bound:0
Solver gap (best found lower bound and upper bound difference): Not known


Final Solution:
Job	Machine	Operator	Operation	Start Time	Finish Time
0	0	3	0	0	79
0	7	9	1	130	144
0	5	11	2	160	175
0	7	1	3	451	529
0	5	11	4	564	638
0	13	6	5	638	710
0	14	3	6	722	794
0	0	5	7	816	851
0	1	7	8	949	1031
1	3	6	9	0	14
1	3	6	10	14	79
1	8	8	11	347	432
1	6	0	12	437	456
1	1	0	13	567	662
1	7	9	14	820	903
1	8	9	15	903	932
1	14	3	16	936	988
2	12	9	17	38	55
2	3	6	18	109	175
2	3	8	19	175	186
2	5	2	20	202	229
2	13	0	21	262	305
2	7	9	22	349	437
2	10	0	23	496	560
2	7	9	24	565	593
2	5	11	25	638	710
2	0	11	26	721	815
3	10	0	27	0	10
3	11	7	28	17	48
3	1	8	29	186	285
3	14	11	30	307	342
3	4	4	31	380	411
3	2	2	32	444	510
3	10	9	33	593	656
3	13	1	34	710	769
4	1	8	35	0	99
4	11	2	36	347	444
4	11	6	37	455	470
4	8	7	38	479	510
4	3	1	39	529	605
4	9	1	40	638	654
4	9	1	41	681	707
4	5	10	42	710	761
4	11	1	43	769	805
4	3	3	44	988	1036
5	14	11	45	211	307
5	10	4	46	312	380
5	0	11	47	388	461
5	13	1	48	605	622
5	13	1	49	622	638
5	12	8	50	699	751
5	1	6	51	752	824
5	14	11	52	887	920
5	9	5	53	922	945
5	0	5	54	945	1002
6	8	2	55	62	89
6	8	8	56	99	127
6	7	9	57	211	283
6	12	5	58	309	381
6	0	3	59	510	610
6	14	10	60	610	707
6	3	6	61	722	731
6	6	0	62	757	817
6	12	4	63	831	928
7	9	10	64	59	104
7	14	1	65	120	150
7	8	10	66	172	227
7	1	6	67	335	377
7	1	7	68	406	479
7	0	11	69	495	505
7	3	3	70	610	722
8	5	10	71	0	59
8	14	9	72	59	88
8	9	4	73	155	225
8	13	0	74	305	333
8	13	1	75	887	938
8	10	10	76	1023	1035
9	6	4	77	73	100
9	0	7	78	136	149
9	2	1	79	311	395
9	5	3	80	414	510
9	5	11	81	510	564
9	2	5	82	851	868
9	11	7	83	911	943
9	6	8	84	1014	1030
10	13	1	85	48	120
10	10	8	86	130	168
10	11	6	87	175	211
10	11	6	88	211	234
10	2	6	89	234	267
10	9	11	90	342	388
10	12	8	91	570	614
10	3	6	92	921	947
10	7	11	93	990	1018
11	2	4	94	0	38
11	1	2	95	99	176
11	14	11	96	176	211
11	5	10	97	229	312
11	6	10	98	312	401
11	8	4	99	579	662
11	2	4	100	698	757
11	5	3	101	794	829
11	0	10	102	851	944
11	10	1	103	944	1020
12	12	9	104	0	38
12	11	2	105	52	62
12	7	9	106	144	211
12	3	7	107	230	281
12	4	2	108	281	346
12	14	4	109	414	511
12	14	10	110	511	610
12	7	9	111	730	820
12	2	5	112	868	922
12	4	8	113	980	1014
13	5	7	114	382	406
13	9	9	115	521	565
13	0	4	116	662	698
13	4	6	117	710	722
13	10	2	118	831	901
13	5	9	119	954	1025
14	10	0	120	10	28
14	12	1	121	167	233
14	2	6	122	267	308
14	8	3	123	309	338
14	3	8	124	439	509
14	2	2	125	638	685
14	9	8	126	856	920
15	6	4	127	100	155
15	0	3	128	155	231
15	0	5	129	231	308
15	13	0	130	333	360
15	10	2	131	763	831
15	8	9	132	932	954
15	11	0	133	970	1037
16	6	0	134	28	70
16	11	6	135	79	109
16	11	10	136	109	172
16	12	3	137	254	309
16	5	9	138	312	349
16	4	10	139	411	456
16	1	7	140	510	567
16	9	1	141	654	681
16	4	2	142	730	763
16	1	7	143	824	911
17	7	11	144	0	86
17	12	1	145	151	167
17	5	2	146	176	202
17	14	3	147	342	414
17	12	8	148	509	570
17	2	6	149	570	638
18	13	5	150	0	48
18	5	9	151	88	130
18	5	11	152	130	160
18	2	5	153	165	225
18	9	1	154	233	277
18	10	4	155	280	312
18	10	11	156	461	495
18	7	7	157	639	662
18	11	2	158	685	730
19	0	11	159	86	127
19	13	0	160	211	248
19	7	7	161	283	339
19	12	6	162	381	455
19	9	9	163	455	521
19	6	2	164	521	572
19	9	2	165	572	631
19	4	0	166	887	970
19	0	5	167	1002	1030
20	4	0	168	133	211
20	8	9	169	283	309
20	10	1	170	395	451
20	4	8	171	763	798
20	7	8	172	920	931
20	2	10	173	944	1023
21	4	5	174	52	133
21	13	5	175	439	501
21	8	4	176	511	579
21	11	5	177	584	649
21	1	7	178	662	752
21	2	10	179	761	828
21	3	6	180	947	982
22	12	3	181	233	254
22	6	10	182	456	511
22	6	7	183	572	639
22	12	4	184	757	831
22	6	3	185	837	936
22	7	11	186	936	990
22	13	6	187	990	1017
22	7	6	188	1018	1035
23	2	7	189	48	136
23	13	5	190	136	165
23	9	1	191	277	311
23	4	0	192	456	496
23	4	5	193	501	584
23	7	9	194	662	730
23	11	0	195	817	861
24	4	2	196	0	52
24	8	7	197	149	159
24	6	7	198	159	230
24	6	0	199	248	262
24	11	8	200	285	347
24	3	5	201	381	439
24	0	11	202	710	721
24	14	1	203	805	884
25	12	3	204	79	151
25	10	4	205	225	280
25	13	0	206	360	437
25	9	9	207	437	448
25	6	5	208	649	734
26	1	6	209	308	335
26	0	7	210	339	382
26	13	8	211	798	856
26	13	0	212	861	887
26	8	4	213	1007	1023
27	11	6	214	470	570
27	10	0	215	662	699
27	9	5	216	734	816
27	4	11	217	816	887
27	5	8	218	931	948
27	9	2	219	949	1020
28	8	7	220	0	17
28	4	8	221	614	699
28	10	0	222	699	757
28	3	7	223	779	817
28	5	3	224	829	837
28	3	6	225	837	921
28	1	2	226	921	949
28	13	8	227	949	980
28	12	4	228	980	1007
29	14	1	229	0	41
29	10	4	230	41	73
29	10	0	231	73	130
29	4	2	232	229	280
29	8	7	233	752	779
29	6	4	234	936	972


Solution History:
