This is the output of Heuristic Solver for Dual resource constrained flexible job shop Scheduling Problem.
Input file is: wfjsp23_4.txt
Method: TS_100000000_0.607980_5
Seed: 3
Number of Jobs: 30
Number of Operations: 381
Number of Machines: 15
Number of Operators: 12
CPU Time: 36.5307
obj: 1600
Best found lower bound:0
Solver gap (best found lower bound and upper bound difference): Not known


Final Solution:
Job	Machine	Operator	Operation	Start Time	Finish Time
0	1	5	0	0	81
0	4	2	1	81	142
0	0	10	2	393	458
0	10	11	3	576	640
0	8	2	4	817	907
0	2	3	5	940	967
0	0	4	6	967	1014
0	9	5	7	1096	1110
0	9	5	8	1110	1156
0	0	4	9	1171	1194
0	6	11	10	1274	1288
0	1	1	11	1322	1365
0	8	11	12	1440	1506
0	7	11	13	1568	1591
1	6	11	14	41	113
1	14	5	15	136	218
1	7	11	16	388	449
1	0	6	17	550	599
1	10	6	18	832	871
1	6	10	19	983	999
1	3	7	20	1018	1065
1	7	10	21	1125	1197
1	8	6	22	1230	1242
1	3	9	23	1275	1341
1	3	8	24	1341	1409
1	4	9	25	1412	1423
1	5	0	26	1454	1524
1	5	1	27	1524	1599
2	10	7	28	196	289
2	14	9	29	399	448
2	12	4	30	480	561
2	3	0	31	683	747
2	13	3	32	773	850
2	0	4	33	908	963
2	7	5	34	966	984
2	4	2	35	1346	1412
2	5	8	36	1412	1436
2	11	2	37	1438	1461
2	11	4	38	1461	1523
2	11	9	39	1548	1596
3	9	5	40	218	279
3	13	9	41	288	319
3	11	4	42	358	409
3	11	3	43	621	696
3	5	0	44	941	1015
3	6	9	45	1079	1143
3	13	7	46	1152	1185
3	9	6	47	1205	1229
3	9	10	48	1244	1312
3	14	0	49	1366	1398
3	7	9	50	1446	1496
4	2	10	51	110	139
4	1	7	52	634	726
4	6	4	53	757	804
4	1	8	54	875	888
4	14	0	55	911	941
4	3	7	56	1065	1137
4	3	9	57	1143	1155
4	1	1	58	1155	1228
4	8	6	59	1242	1289
4	8	7	60	1317	1377
4	6	0	61	1410	1454
4	1	6	62	1480	1513
5	4	11	63	0	12
5	10	3	64	12	36
5	14	3	65	36	86
5	8	1	66	93	150
5	5	1	67	150	189
5	3	6	68	210	244
5	7	0	69	244	300
5	9	8	70	399	463
5	6	3	71	480	518
5	10	1	72	1006	1052
5	14	2	73	1461	1535
6	1	5	74	81	136
6	9	9	75	279	288
6	3	4	76	288	358
6	10	6	77	381	428
6	10	6	78	428	449
6	14	5	79	475	546
6	5	8	80	546	608
6	8	7	81	726	777
6	10	7	82	779	832
6	1	10	83	1098	1125
6	13	3	84	1264	1346
6	5	3	85	1346	1367
6	8	11	86	1412	1440
7	5	9	87	52	87
7	9	3	88	139	203
7	4	9	89	232	276
7	7	5	90	300	324
7	12	8	91	338	363
7	2	1	92	599	668
7	5	3	93	850	903
7	4	2	94	907	949
7	4	3	95	967	1012
7	5	0	96	1015	1082
7	13	7	97	1185	1254
7	10	11	98	1365	1412
7	11	2	99	1424	1438
7	2	10	100	1446	1495
8	7	10	101	0	27
8	7	0	102	93	121
8	2	10	103	139	194
8	7	10	104	349	366
8	13	9	105	475	544
8	10	6	106	651	723
8	2	6	107	871	918
8	8	1	108	929	968
8	2	5	109	1027	1096
8	11	3	110	1105	1174
8	12	10	111	1197	1244
8	6	4	112	1338	1410
8	12	4	113	1523	1597
9	3	9	114	0	9
9	8	0	115	9	93
9	3	7	116	93	143
9	12	8	117	271	338
9	10	11	118	343	371
9	3	5	119	400	449
9	6	4	120	449	480
9	2	8	121	480	509
9	5	8	122	509	541
9	9	9	123	550	611
9	5	8	124	650	696
9	1	6	125	918	1005
9	11	8	126	1023	1103
9	1	1	127	1228	1279
10	10	7	128	152	179
10	1	1	129	189	266
10	0	2	130	299	368
10	1	3	131	425	466
10	13	5	132	546	598
10	5	8	133	608	623
10	4	9	134	765	814
10	4	7	135	832	872
10	3	10	136	875	908
10	9	9	137	908	959
10	1	10	138	1042	1098
10	13	7	139	1137	1152
10	11	6	140	1183	1205
10	14	0	141	1317	1366
11	4	9	142	142	232
11	1	1	143	266	306
11	4	3	144	554	621
11	12	4	145	683	757
11	12	1	146	779	809
11	6	5	147	858	938
11	14	5	148	941	955
11	3	8	149	974	1017
11	0	6	150	1017	1064
11	2	6	151	1152	1183
11	6	11	152	1288	1321
11	10	1	153	1433	1503
11	13	3	154	1508	1597
12	2	6	155	0	92
12	2	5	156	324	400
12	13	5	157	456	475
12	7	5	158	598	633
12	0	5	159	633	662
12	13	3	160	696	773
12	0	11	161	795	846
12	10	7	162	872	938
12	10	11	163	938	1006
12	10	2	164	1052	1077
12	13	6	165	1100	1113
12	1	6	166	1125	1152
12	5	0	167	1282	1317
12	0	5	168	1437	1506
12	6	0	169	1524	1594
13	13	7	170	0	70
13	14	2	171	218	299
13	3	6	172	358	381
13	9	6	173	463	550
13	14	8	174	696	763
13	14	5	175	769	858
13	0	4	176	881	908
13	12	1	177	915	929
13	6	10	178	944	983
13	9	5	179	984	1027
13	12	6	180	1064	1084
13	0	4	181	1097	1171
13	10	11	182	1321	1356
13	1	6	183	1379	1454
13	1	5	184	1513	1579
14	5	8	185	202	271
14	1	7	186	362	425
14	13	7	187	425	456
14	6	10	188	601	668
14	3	10	189	752	794
14	11	8	190	888	950
14	4	11	191	1097	1198
14	4	4	192	1198	1257
14	12	7	193	1257	1317
14	0	1	194	1365	1433
14	8	11	195	1520	1549
14	14	5	196	1579	1596
15	12	4	197	0	21
15	11	8	198	43	110
15	7	0	199	188	228
15	0	5	200	279	291
15	14	4	201	609	645
15	1	1	202	809	872
15	13	7	203	938	1018
15	12	6	204	1084	1100
15	8	2	205	1153	1230
15	3	5	206	1237	1265
15	0	5	207	1265	1345
15	3	6	208	1454	1480
15	8	11	209	1506	1520
15	10	9	210	1520	1548
16	8	6	211	244	309
16	4	2	212	368	433
16	3	7	213	456	505
16	10	3	214	518	554
16	6	10	215	567	601
16	5	8	216	623	650
16	0	5	217	662	677
16	11	2	218	696	726
16	1	5	219	726	769
16	3	10	220	794	875
16	7	6	221	1299	1379
16	0	10	222	1506	1573
17	10	3	223	86	139
17	0	2	224	143	212
17	1	10	225	324	349
17	11	4	226	409	443
17	8	2	227	607	695
17	0	2	228	740	785
17	9	9	229	814	860
17	14	2	230	955	1002
17	8	11	231	1006	1083
17	12	8	232	1103	1153
17	3	0	233	1155	1215
17	7	2	234	1230	1299
17	9	3	235	1424	1508
18	14	3	236	0	10
18	0	11	237	12	41
18	0	4	238	43	104
18	12	6	239	104	131
18	6	11	240	151	211
18	5	0	241	421	464
18	7	0	242	464	533
18	1	1	243	533	599
18	4	4	244	645	683
18	2	6	245	723	757
18	0	11	246	785	795
18	3	10	247	908	944
18	1	1	248	1291	1322
18	14	4	249	1410	1459
19	5	1	250	0	52
19	4	11	251	276	343
19	12	10	252	366	393
19	2	11	253	449	477
19	12	6	254	599	651
19	11	4	255	804	881
19	11	9	256	959	1023
19	4	4	257	1023	1097
19	10	2	258	1122	1148
19	2	8	259	1187	1214
19	5	0	260	1215	1282
19	12	10	261	1317	1367
19	11	3	262	1367	1424
20	4	2	263	16	71
20	2	10	264	258	324
20	6	9	265	324	390
20	8	7	266	530	598
20	0	5	267	677	726
20	1	8	268	769	802
20	12	8	269	950	974
20	12	8	270	1153	1187
20	2	8	271	1214	1282
20	7	11	272	1552	1568
21	9	10	273	27	110
21	11	8	274	110	202
21	13	0	275	366	421
21	7	9	276	678	765
21	7	6	277	780	826
21	13	11	278	857	885
21	12	1	279	885	915
21	14	2	280	1002	1049
21	7	2	281	1077	1122
21	6	5	282	1156	1208
21	11	11	283	1208	1274
21	1	8	284	1282	1291
21	2	8	285	1291	1339
21	9	9	286	1341	1409
21	9	6	287	1513	1600
22	6	2	288	0	16
22	2	10	289	194	258
22	9	3	290	300	370
22	11	11	291	477	576
22	7	0	292	847	911
22	5	3	293	911	940
22	6	10	294	999	1042
22	8	0	295	1083	1153
22	12	7	296	1377	1436
22	7	8	297	1505	1552
22	10	7	298	1552	1598
23	13	0	299	121	171
23	10	7	300	179	196
23	5	1	301	306	323
23	13	0	302	607	683
23	4	11	303	713	760
23	11	6	304	760	780
23	8	2	305	785	817
23	2	0	306	819	847
23	6	11	307	847	857
23	13	11	308	885	936
23	9	9	309	1027	1079
23	10	9	310	1155	1187
23	6	3	311	1208	1264
24	0	11	312	212	275
24	14	0	313	300	366
24	14	8	314	366	399
24	8	1	315	457	530
24	2	0	316	533	597
24	11	2	317	597	607
24	3	9	318	611	678
24	6	10	319	678	752
24	2	0	320	757	819
24	9	3	321	1174	1202
24	7	10	322	1379	1446
25	11	9	323	9	43
25	14	9	324	87	106
25	0	4	325	106	143
25	1	7	326	143	152
25	12	4	327	191	212
25	5	1	328	323	364
25	4	2	329	433	532
25	7	2	330	533	590
25	2	1	331	668	719
25	4	7	332	1436	1539
25	0	10	333	1573	1595
26	6	4	334	212	241
26	11	3	335	257	300
26	5	3	336	370	421
26	12	9	337	448	471
26	0	10	338	471	543
26	6	10	339	543	567
26	1	7	340	599	634
26	9	11	341	640	713
26	0	2	342	726	740
26	9	11	343	760	785
26	12	8	344	809	875
26	13	3	345	1018	1082
26	10	3	346	1082	1105
26	5	1	347	1105	1151
26	2	8	348	1565	1597
27	7	11	349	121	151
27	7	0	350	171	188
27	11	6	351	309	355
27	8	1	352	364	457
27	3	5	353	955	966
27	2	1	354	968	1006
27	0	5	355	1208	1237
27	2	5	356	1345	1437
27	12	8	357	1437	1505
27	4	2	358	1539	1600
28	3	4	359	21	43
28	12	1	360	52	86
28	6	9	361	113	139
28	12	4	362	143	191
28	3	4	363	244	288
28	3	0	364	597	607
28	10	1	365	723	779
28	14	1	366	1052	1103
28	14	9	367	1187	1275
28	11	2	368	1299	1346
29	9	8	369	0	26
29	3	6	370	143	210
29	12	3	371	212	257
29	10	7	372	289	308
29	8	7	373	309	362
29	7	11	374	371	388
29	3	7	375	505	516
29	14	4	376	561	609
29	14	9	377	860	907
29	4	4	378	1257	1338
29	0	11	379	1356	1365
29	14	8	380	1552	1565


Solution History:
