This is the output of Heuristic Solver for Dual resource constrained flexible job shop Scheduling Problem.
Input file is: wfjsp6_2.txt
Method: TS_100000000_0.115834_5
Seed: 5
Number of Jobs: 12
Number of Operations: 76
Number of Machines: 5
Number of Operators: 5
CPU Time: 6.95269
obj: 796
Best found lower bound:0
Solver gap (best found lower bound and upper bound difference): Not known


Final Solution:
Job	Machine	Operator	Operation	Start Time	Finish Time
0	4	1	0	56	136
0	2	0	1	148	216
0	2	0	2	216	235
0	0	4	3	321	359
0	4	1	4	447	464
0	3	0	5	501	521
0	0	4	6	595	659
0	1	0	7	659	668
1	3	3	8	108	187
1	0	3	9	255	295
1	1	3	10	297	349
1	0	4	11	419	435
1	1	3	12	520	592
1	0	4	13	659	732
2	4	1	14	0	56
2	3	0	15	429	501
2	3	0	16	535	568
2	1	0	17	615	659
3	0	2	18	105	122
3	4	1	19	263	316
3	2	2	20	319	396
3	4	1	21	464	545
3	2	2	22	585	650
3	3	3	23	723	795
4	0	2	24	0	72
4	1	4	25	78	96
4	1	4	26	96	109
4	4	1	27	176	263
4	3	0	28	263	285
4	3	3	29	349	429
4	4	1	30	709	796
5	3	3	31	0	18
5	3	3	32	187	255
5	1	0	33	349	428
5	0	4	34	534	595
5	1	0	35	595	615
5	4	1	36	657	709
6	2	0	37	0	34
6	1	4	38	232	297
6	2	2	39	396	485
6	1	3	40	497	520
6	3	0	41	521	535
6	4	1	42	545	576
7	1	4	43	60	78
7	4	1	44	136	176
7	2	2	45	244	319
7	0	4	46	435	478
7	2	2	47	485	585
7	3	3	48	624	723
7	0	4	49	732	794
8	0	2	50	122	151
8	1	4	51	159	232
8	1	0	52	668	704
9	2	0	53	34	55
9	0	2	54	72	105
9	1	4	55	109	159
9	0	4	56	297	321
9	4	1	57	321	395
9	1	3	58	429	497
9	4	1	59	576	589
9	3	3	60	592	624
9	2	2	61	650	701
9	1	0	62	704	786
10	1	4	63	0	60
10	2	0	64	60	134
10	4	1	65	395	447
10	3	0	66	568	587
11	3	3	67	18	108
11	2	0	68	134	148
11	0	2	69	151	231
11	0	2	70	231	244
11	3	0	71	285	343
11	0	4	72	359	419
11	0	4	73	478	534
11	4	1	74	589	657
11	2	2	75	701	786


Solution History:
