This is the output of Heuristic Solver for Dual resource constrained flexible job shop Scheduling Problem.
Input file is: wfjsp20_4.txt
Method: TS_100000000_0.393663_5
Seed: 2
Number of Jobs: 25
Number of Operations: 198
Number of Machines: 10
Number of Operators: 8
CPU Time: 23.6375
obj: 1276
Best found lower bound:0
Solver gap (best found lower bound and upper bound difference): Not known


Final Solution:
Job	Machine	Operator	Operation	Start Time	Finish Time
0	9	2	0	28	101
0	9	2	1	101	162
0	6	2	2	442	511
0	2	4	3	609	671
0	6	3	4	690	780
0	3	7	5	791	823
0	1	2	6	1023	1066
0	8	7	7	1141	1155
0	6	3	8	1229	1276
1	1	1	9	0	25
1	6	1	10	40	55
1	6	1	11	99	134
1	3	7	12	286	351
1	2	0	13	351	376
1	9	4	14	449	530
1	9	1	15	765	839
1	7	2	16	935	994
1	6	3	17	1148	1197
2	2	6	18	47	78
2	6	1	19	134	150
2	7	7	20	170	216
2	5	6	21	317	388
2	3	7	22	570	579
2	5	0	23	640	705
2	7	2	24	1196	1274
3	2	1	25	28	40
3	9	2	26	162	236
3	3	3	27	351	438
3	7	3	28	505	598
3	7	2	29	708	755
3	4	1	30	1114	1197
4	0	5	31	74	140
4	2	0	32	216	285
4	6	7	33	351	405
4	2	6	34	461	476
4	3	5	35	476	547
4	5	1	36	1061	1089
4	4	1	37	1089	1114
5	5	4	38	0	62
5	4	5	39	377	430
5	5	1	40	708	765
5	3	3	41	826	861
5	7	3	42	994	1046
5	8	6	43	1056	1133
6	0	0	44	0	74
6	6	6	45	254	317
6	3	5	46	438	471
6	4	7	47	524	549
6	7	6	48	598	663
6	7	1	49	677	708
6	6	4	50	989	1037
6	3	3	51	1120	1148
7	1	5	52	547	639
7	3	5	53	667	710
7	4	7	54	751	764
7	5	2	55	830	861
7	1	2	56	861	935
7	0	1	57	972	984
7	2	1	58	989	1061
7	5	2	59	1089	1133
7	5	6	60	1133	1193
8	5	3	61	62	109
8	3	3	62	186	220
8	4	3	63	220	235
8	0	5	64	235	262
8	1	4	65	325	375
8	3	5	66	1043	1103
8	7	2	67	1153	1196
8	5	0	68	1204	1239
9	2	6	69	143	196
9	8	5	70	308	377
9	7	3	71	442	485
9	2	4	72	561	609
9	3	5	73	710	791
9	2	4	74	891	940
9	0	1	75	962	972
9	9	4	76	1037	1116
9	9	4	77	1201	1249
10	9	3	78	0	22
10	0	0	79	140	216
10	8	3	80	235	298
10	7	3	81	298	350
10	1	7	82	471	524
10	8	0	83	547	577
10	6	4	84	797	891
10	7	2	85	1133	1153
10	5	0	86	1239	1268
11	6	1	87	55	99
11	4	1	88	150	214
11	4	5	89	262	308
11	6	7	90	549	570
11	9	5	91	639	667
11	8	5	92	903	978
11	0	0	93	995	1051
11	0	0	94	1051	1097
12	7	6	95	0	47
12	3	7	96	107	170
12	7	1	97	216	286
12	4	6	98	476	521
12	1	1	99	526	539
12	4	2	100	549	593
12	3	7	101	593	620
12	4	7	102	764	791
12	7	6	103	802	850
12	8	5	104	978	997
13	0	1	105	286	360
13	9	1	106	539	619
13	3	7	107	620	666
13	5	2	108	787	830
13	0	0	109	835	899
13	6	7	110	901	966
13	8	5	111	997	1043
13	0	5	112	1103	1177
13	4	7	113	1197	1265
13	9	4	114	1265	1275
14	7	2	115	351	442
14	5	6	116	549	598
14	0	4	117	671	748
14	8	0	118	807	835
14	2	4	119	940	989
14	9	2	120	994	1023
14	2	0	121	1174	1204
15	3	3	122	22	60
15	2	0	123	78	140
15	0	1	124	360	403
15	0	1	125	453	526
15	1	7	126	669	751
15	7	6	127	755	802
15	4	3	128	912	944
15	2	0	129	1097	1174
15	0	1	130	1197	1266
16	8	7	131	0	46
16	9	4	132	279	325
16	5	0	133	388	405
16	1	1	134	405	453
16	6	2	135	593	630
16	9	2	136	669	704
16	5	3	137	861	912
17	8	6	138	78	127
17	4	6	139	127	143
17	1	4	140	209	234
17	4	5	141	791	837
17	9	1	142	839	933
17	9	3	143	944	992
17	7	3	144	1046	1120
17	3	6	145	1193	1276
18	2	2	146	0	28
18	5	3	147	109	186
18	2	6	148	196	208
18	6	6	149	208	254
18	4	2	150	308	351
18	2	4	151	530	561
18	6	1	152	647	677
18	8	7	153	835	901
18	8	5	154	1177	1269
19	8	5	155	140	230
19	9	4	156	375	449
19	5	3	157	485	505
19	5	6	158	521	549
19	4	1	159	619	647
19	4	6	160	663	728
19	2	4	161	748	797
19	5	0	162	912	995
20	3	7	163	220	286
20	9	6	164	728	754
20	0	0	165	899	908
20	0	1	166	933	962
20	6	7	167	1107	1141
21	1	4	168	62	132
21	1	4	169	132	209
21	2	0	170	285	351
21	8	3	171	598	690
21	5	2	172	765	787
21	3	6	173	861	953
21	3	7	174	966	1034
21	9	4	175	1116	1201
21	1	3	176	1201	1229
21	1	4	177	1249	1264
22	9	4	178	236	279
22	2	6	179	388	438
22	2	6	180	438	461
22	8	0	181	473	547
22	8	0	182	774	807
22	6	7	183	1037	1107
23	4	5	184	0	67
23	5	0	185	405	473
23	0	0	186	577	640
23	1	2	187	640	669
23	8	0	188	705	774
23	1	3	189	780	826
23	4	5	190	837	903
23	4	6	191	953	1056
24	7	7	192	47	107
24	1	2	193	236	300
24	8	7	194	405	471
24	6	2	195	511	544
24	2	2	196	1066	1085
24	3	7	197	1155	1177


Solution History:
