This is the output of Heuristic Solver for Dual resource constrained flexible job shop Scheduling Problem.
Input file is: wfjsp7_8.txt
Method: TS_100000000_0.110555_5
Seed: 1
Number of Jobs: 12
Number of Operations: 89
Number of Machines: 5
Number of Operators: 5
CPU Time: 6.63631
obj: 920
Best found lower bound:0
Solver gap (best found lower bound and upper bound difference): Not known


Final Solution:
Job	Machine	Operator	Operation	Start Time	Finish Time
0	1	0	0	27	51
0	4	4	1	89	152
0	3	2	2	152	180
0	2	3	3	374	438
0	3	2	4	652	728
1	1	0	5	51	109
1	1	0	6	109	165
1	4	2	7	289	299
1	3	1	8	347	401
1	4	1	9	456	514
1	4	1	10	540	565
1	1	1	11	645	733
1	0	0	12	838	846
2	3	2	13	0	88
2	4	1	14	209	229
2	2	3	15	250	311
2	2	3	16	504	573
2	2	3	17	573	601
2	4	4	18	614	676
2	4	4	19	676	721
3	2	3	20	0	46
3	4	4	21	48	89
3	3	2	22	89	152
3	4	1	23	154	209
3	3	2	24	401	464
3	0	0	25	468	557
3	1	0	26	568	645
3	2	3	27	645	712
3	1	0	28	733	795
3	3	1	29	795	871
4	0	1	30	73	139
4	1	0	31	212	272
4	1	4	32	418	472
4	3	2	33	527	562
4	3	2	34	562	652
4	2	3	35	755	842
4	2	3	36	842	871
5	0	4	37	200	224
5	1	0	38	272	344
5	4	2	39	387	396
5	2	3	40	438	504
5	4	1	41	514	540
5	0	0	42	557	566
5	4	4	43	568	614
5	2	1	44	871	915
6	4	4	45	0	48
6	2	3	46	161	250
6	4	2	47	299	340
6	4	2	48	340	387
6	4	2	49	728	789
6	1	4	50	820	900
7	2	3	51	46	57
7	0	1	52	57	73
7	1	0	53	165	212
7	4	1	54	401	456
7	0	4	55	726	744
7	0	4	56	744	820
8	0	1	57	0	57
8	2	3	58	311	374
8	2	3	59	601	642
8	0	0	60	645	726
8	3	1	61	733	788
8	1	0	62	795	817
8	0	0	63	820	838
8	3	3	64	871	917
9	2	3	65	57	131
9	0	1	66	139	154
9	0	4	67	154	176
9	3	2	68	180	226
9	3	2	69	226	281
9	0	4	70	309	361
9	0	4	71	361	379
9	3	2	72	464	527
9	0	0	73	846	896
10	1	0	74	0	27
10	2	3	75	131	161
10	0	4	76	224	248
10	0	4	77	248	309
10	1	0	78	344	390
10	1	4	79	390	418
10	0	1	80	566	636
11	0	4	81	176	200
11	4	1	82	229	289
11	3	1	83	289	347
11	0	0	84	390	468
11	1	4	85	472	568
11	2	3	86	712	755
11	4	2	87	789	861
11	4	2	88	861	920


Solution History:
