This is the output of Heuristic Solver for Dual resource constrained flexible job shop Scheduling Problem.
Input file is: wfjsp8_10.txt
Method: TS_100000000_0.204130_5
Seed: 2
Number of Jobs: 15
Number of Operations: 109
Number of Machines: 5
Number of Operators: 5
CPU Time: 12.2524
obj: 1227
Best found lower bound:0
Solver gap (best found lower bound and upper bound difference): Not known


Final Solution:
Job	Machine	Operator	Operation	Start Time	Finish Time
0	0	2	0	151	230
0	3	3	1	385	469
0	3	3	2	469	540
0	3	3	3	540	626
0	3	0	4	835	888
0	1	0	5	935	966
0	2	4	6	1003	1038
0	1	0	7	1083	1134
1	3	1	8	0	88
1	4	4	9	101	129
1	1	0	10	282	318
1	2	4	11	588	624
1	3	1	12	626	712
1	4	4	13	778	862
1	1	1	14	862	932
1	2	2	15	1058	1140
2	0	2	16	0	82
2	4	4	17	86	101
2	1	0	18	259	268
2	1	0	19	318	367
2	1	0	20	367	438
2	0	2	21	816	902
2	2	3	22	902	950
2	3	3	23	1131	1208
3	1	0	24	32	77
3	3	1	25	935	958
3	3	1	26	958	1004
3	0	4	27	1058	1080
3	1	0	28	1134	1222
4	1	0	29	0	32
4	2	4	30	508	588
4	3	1	31	712	793
4	2	3	32	819	887
4	1	0	33	989	1033
4	0	4	34	1080	1139
5	0	2	35	230	308
5	3	1	36	366	381
5	4	1	37	406	430
5	1	0	38	438	460
5	0	2	39	512	560
5	2	4	40	624	660
5	2	2	41	700	790
5	2	4	42	1155	1227
6	2	3	43	0	86
6	2	4	44	252	268
6	1	0	45	268	282
6	0	2	46	308	379
6	1	0	47	1033	1083
6	2	4	48	1140	1155
7	1	1	49	88	177
7	0	4	50	687	778
7	2	3	51	790	819
7	4	3	52	952	1026
7	2	4	53	1038	1047
8	4	3	54	176	256
8	4	3	55	305	385
8	4	1	56	385	406
8	1	0	57	460	525
8	1	0	58	525	561
8	0	2	59	595	604
8	1	0	60	629	722
8	3	0	61	888	935
8	0	2	62	1140	1227
9	2	4	63	176	252
9	3	1	64	278	366
9	0	2	65	379	458
9	0	2	66	458	512
9	1	0	67	561	612
9	1	0	68	612	629
9	0	2	69	790	816
9	1	1	70	835	857
9	3	3	71	1107	1131
10	3	0	72	131	183
10	4	3	73	256	305
10	1	0	74	966	989
10	4	1	75	1107	1179
10	4	1	76	1179	1227
11	3	0	77	88	131
11	4	4	78	131	167
11	1	1	79	177	259
11	4	1	80	499	538
11	0	2	81	560	595
11	2	4	82	660	687
11	2	2	83	687	700
11	1	0	84	738	833
11	0	2	85	1022	1058
12	3	0	86	183	225
12	4	1	87	430	499
12	0	2	88	604	680
12	1	0	89	722	738
12	4	4	90	862	952
13	0	2	91	82	151
13	3	0	92	225	257
13	3	1	93	259	278
13	2	4	94	278	373
13	2	4	95	373	426
13	2	4	96	426	508
13	4	1	97	538	625
13	4	3	98	715	778
13	0	2	99	934	1022
13	3	1	100	1022	1104
14	4	4	101	0	86
14	2	3	102	86	176
14	4	3	103	626	715
14	3	1	104	793	835
14	0	2	105	902	934
14	2	4	106	952	1003
14	4	3	107	1026	1107
14	3	3	108	1208	1224


Solution History:
