This is the output of Heuristic Solver for Dual resource constrained flexible job shop Scheduling Problem.
Input file is: wfjsp22_3.txt
Method: TS_100000000_0.378187_5
Seed: 4
Number of Jobs: 30
Number of Operations: 235
Number of Machines: 15
Number of Operators: 12
CPU Time: 22.7134
obj: 1030
Best found lower bound:0
Solver gap (best found lower bound and upper bound difference): Not known


Final Solution:
Job	Machine	Operator	Operation	Start Time	Finish Time
0	9	11	0	256	323
0	13	7	1	328	339
0	11	7	2	369	383
0	7	1	3	406	484
0	5	11	4	503	577
0	13	6	5	588	660
0	14	3	6	671	743
0	4	8	7	895	929
0	1	7	8	943	1025
1	10	11	9	90	102
1	3	1	10	288	351
1	8	8	11	386	471
1	11	7	12	528	543
1	1	0	13	640	735
1	7	9	14	742	825
1	5	0	15	926	956
1	14	11	16	964	1021
2	9	4	17	98	114
2	3	6	18	117	183
2	11	1	19	188	199
2	5	10	20	199	227
2	3	6	21	234	288
2	7	9	22	316	404
2	10	0	23	471	535
2	4	2	24	569	598
2	5	11	25	651	723
2	0	11	26	726	820
3	10	1	27	49	58
3	10	9	28	58	90
3	1	8	29	182	281
3	4	8	30	281	317
3	11	5	31	416	443
3	2	6	32	496	570
3	10	11	33	589	651
3	13	8	34	837	895
4	1	8	35	0	99
4	7	9	36	99	182
4	2	1	37	387	406
4	8	2	38	539	569
4	7	1	39	569	651
4	10	1	40	651	665
4	3	7	41	693	718
4	5	7	42	778	828
4	11	0	43	888	926
4	3	6	44	979	1029
5	14	11	45	117	213
5	10	4	46	279	347
5	0	11	47	416	489
5	7	11	48	489	503
5	1	2	49	522	539
5	4	2	50	598	648
5	3	6	51	719	785
5	5	0	52	849	888
5	10	1	53	895	916
5	6	8	54	933	987
6	8	2	55	52	79
6	8	8	56	99	127
6	7	9	57	182	254
6	12	5	58	290	362
6	0	8	59	501	583
6	11	5	60	622	732
6	1	3	61	743	754
6	6	2	62	755	808
6	12	4	63	847	944
7	2	7	64	0	36
7	4	0	65	165	193
7	8	5	66	236	290
7	1	0	67	413	450
7	1	2	68	450	522
7	7	1	69	527	539
7	3	3	70	559	671
8	5	10	71	0	59
8	14	10	72	59	87
8	9	4	73	114	184
8	8	8	74	471	501
8	13	6	75	660	719
8	0	3	76	922	936
9	3	6	77	0	29
9	14	1	78	37	49
9	2	1	79	200	284
9	5	3	80	342	438
9	4	6	81	438	496
9	2	6	82	570	588
9	11	5	83	591	622
9	12	8	84	815	826
10	13	1	85	58	130
10	10	2	86	182	220
10	0	11	87	220	256
10	11	2	88	279	302
10	2	6	89	321	354
10	13	7	90	383	431
10	12	1	91	484	527
10	3	3	92	535	559
10	2	1	93	779	814
11	12	1	94	0	37
11	1	2	95	105	182
11	8	5	96	200	236
11	5	10	97	254	337
11	6	10	98	415	504
11	12	4	99	547	643
11	2	1	100	721	779
11	11	8	101	779	815
11	0	10	102	820	913
11	10	1	103	916	992
12	9	4	104	0	35
12	9	4	105	35	46
12	13	7	106	195	263
12	1	0	107	283	319
12	4	8	108	319	386
12	14	4	109	450	547
12	14	10	110	549	648
12	7	9	111	652	742
12	7	5	112	860	907
12	13	3	113	936	968
13	5	0	114	140	165
13	3	6	115	183	234
13	0	11	116	323	357
13	4	6	117	785	797
13	10	9	118	825	891
13	5	9	119	959	1030
14	10	11	120	102	117
14	12	3	121	138	201
14	6	0	122	239	283
14	2	6	123	288	321
14	3	2	124	364	437
14	2	4	125	643	695
14	13	3	126	754	823
15	6	0	127	0	62
15	0	3	128	62	138
15	6	5	129	508	591
15	8	7	130	667	693
15	4	2	131	833	895
15	8	2	132	895	917
15	11	0	133	956	1023
16	0	3	134	0	46
16	5	2	135	79	105
16	11	10	136	114	177
16	10	2	137	220	279
16	2	4	138	415	450
16	4	10	139	504	549
16	5	0	140	585	640
16	8	4	141	695	724
16	7	7	142	828	856
16	1	7	143	856	943
17	7	11	144	0	86
17	5	10	145	177	196
17	5	10	146	227	254
17	14	3	147	270	342
17	8	5	148	732	788
17	2	5	149	972	1028
18	13	5	150	0	48
18	9	4	151	48	90
18	5	0	152	105	140
18	2	5	153	140	200
18	4	0	154	200	239
18	10	1	155	351	387
18	10	9	156	404	438
18	8	7	157	643	667
18	8	4	158	798	847
19	10	9	159	0	41
19	6	0	160	62	103
19	7	9	161	254	316
19	12	6	162	362	436
19	9	9	163	471	537
19	11	0	164	543	585
19	8	8	165	585	643
19	0	2	166	648	726
19	6	2	167	726	755
20	1	0	168	319	413
20	8	7	169	501	528
20	10	1	170	665	721
20	1	6	171	797	838
20	6	10	172	922	933
20	4	10	173	933	1026
21	4	5	174	52	133
21	9	4	175	184	250
21	6	4	176	347	415
21	11	5	177	443	508
21	1	7	178	543	633
21	2	5	179	907	972
21	7	1	180	992	1030
22	13	1	181	165	188
22	11	2	182	302	364
22	6	10	183	648	716
22	12	4	184	724	798
22	6	3	185	823	922
22	7	6	186	922	979
22	12	4	187	982	1010
22	10	4	188	1010	1026
23	2	7	189	36	124
23	13	7	190	339	369
23	2	9	191	589	618
23	9	9	192	618	652
23	9	10	193	716	812
23	2	1	194	814	895
23	8	4	195	944	982
24	4	2	196	0	52
24	12	4	197	90	98
24	6	7	198	124	195
24	12	3	199	201	210
24	12	3	200	210	270
24	5	7	201	723	778
24	5	0	202	837	849
24	14	9	203	891	959
25	13	7	204	263	328
25	0	5	205	362	416
25	13	3	206	438	508
25	7	1	207	539	551
25	14	5	208	788	860
26	14	10	209	87	114
26	0	8	210	138	177
26	3	7	211	437	496
26	13	3	212	508	535
26	8	3	213	995	1012
27	3	6	214	29	117
27	10	1	215	130	165
27	9	10	216	337	414
27	9	11	217	820	908
27	5	11	218	908	924
27	9	2	219	924	995
28	13	1	220	551	567
28	4	8	221	648	733
28	10	0	222	735	793
28	3	0	223	793	829
28	5	8	224	829	837
28	3	6	225	838	922
28	0	11	226	936	964
28	13	3	227	968	995
28	9	2	228	995	1023
29	14	11	229	357	406
29	10	9	230	438	471
29	10	9	231	537	589
29	4	8	232	733	776
29	4	2	233	808	833
29	6	8	234	987	1027


Solution History:
