This is the output of Heuristic Solver for Dual resource constrained flexible job shop Scheduling Problem.
Input file is: wfjsp24_1.txt
Method: TS_100000000_0.366997_5
Seed: 2
Number of Jobs: 40
Number of Operations: 291
Number of Machines: 15
Number of Operators: 12
CPU Time: 22.0533
obj: 1200
Best found lower bound:0
Solver gap (best found lower bound and upper bound difference): Not known


Final Solution:
Job	Machine	Operator	Operation	Start Time	Finish Time
0	7	1	0	254	330
0	6	1	1	397	420
0	6	3	2	529	575
0	14	1	3	602	684
0	8	8	4	684	763
1	13	5	5	120	177
1	14	7	6	201	269
1	13	8	7	271	300
1	11	11	8	318	360
1	7	4	9	459	490
1	1	4	10	880	888
1	10	7	11	932	947
1	9	5	12	1137	1149
1	11	3	13	1154	1200
2	12	0	14	54	110
2	6	7	15	120	165
2	1	8	16	248	271
2	8	11	17	309	318
2	13	5	18	459	518
2	8	4	19	527	572
2	12	0	20	663	745
3	2	4	21	221	303
3	10	2	22	564	607
3	7	2	23	607	678
3	14	9	24	697	710
3	3	1	25	759	796
3	0	7	26	850	872
4	0	0	27	0	21
4	8	4	28	169	221
4	13	0	29	363	444
4	4	3	30	575	613
4	11	6	31	621	676
4	13	4	32	754	830
4	14	3	33	913	958
5	12	0	34	21	36
5	2	8	35	148	189
5	6	1	36	226	252
5	11	11	37	252	289
5	7	0	38	494	560
5	4	3	39	613	669
5	14	7	40	801	833
5	5	10	41	1039	1126
5	1	10	42	1126	1154
6	10	2	43	0	68
6	10	0	44	158	167
6	5	10	45	356	370
6	11	7	46	549	621
6	6	1	47	732	741
6	13	3	48	744	754
6	8	1	49	796	834
6	8	0	50	1102	1181
7	14	1	51	0	17
7	4	1	52	17	76
7	11	6	53	159	214
7	1	2	54	713	755
7	6	9	55	1099	1141
8	0	7	56	333	419
8	6	3	57	481	529
8	9	8	58	529	613
8	8	11	59	615	669
8	3	11	60	817	838
8	7	10	61	984	1039
9	14	11	62	360	379
9	14	10	63	389	430
9	4	1	64	473	564
9	14	7	65	742	775
9	5	7	66	833	850
9	3	5	67	915	964
9	3	5	68	964	1024
9	3	0	69	1043	1102
9	13	5	70	1149	1191
10	0	0	71	135	157
10	7	2	72	164	202
10	8	9	73	242	281
10	3	2	74	333	378
10	0	0	75	444	494
10	10	3	76	669	744
10	12	7	77	947	1019
11	1	8	78	73	148
11	3	10	79	194	281
11	0	7	80	621	695
11	13	4	81	702	738
11	4	5	82	745	762
11	8	4	83	888	906
11	5	2	84	928	938
12	6	5	85	40	120
12	14	7	86	165	201
12	13	5	87	213	241
12	4	5	88	241	260
12	8	11	89	462	499
12	0	10	90	559	614
12	2	1	91	742	759
12	4	11	92	765	817
13	8	8	93	0	73
13	5	10	94	106	126
13	3	11	95	169	188
13	2	10	96	505	559
13	10	8	97	655	664
13	3	5	98	664	745
13	9	9	99	842	922
13	11	3	100	958	1011
13	14	11	101	1014	1053
14	7	9	102	0	88
14	1	0	103	764	849
14	13	6	104	885	919
14	14	11	105	958	1014
14	2	4	106	1029	1047
14	1	11	107	1053	1101
14	5	7	108	1145	1156
15	2	7	109	37	117
15	1	11	110	194	248
15	9	6	111	270	343
15	7	0	112	343	363
15	10	10	113	370	389
15	5	9	114	401	476
15	5	10	115	774	793
15	2	0	116	932	1021
15	0	7	117	1021	1108
16	4	11	118	0	14
16	11	10	119	78	106
16	8	4	120	356	375
16	3	2	121	378	460
16	3	9	122	476	533
16	6	6	123	741	813
16	5	7	124	872	928
16	6	9	125	1019	1059
16	6	9	126	1059	1099
16	4	11	127	1101	1138
17	2	3	128	0	25
17	1	6	129	505	614
17	8	4	130	854	880
17	1	0	131	1021	1043
17	14	10	132	1155	1193
18	0	0	133	36	54
18	0	6	134	66	111
18	10	3	135	262	340
18	2	1	136	340	397
18	7	1	137	564	602
18	2	4	138	615	702
18	5	10	139	793	832
18	4	1	140	958	1036
18	7	1	141	1039	1117
18	5	4	142	1156	1200
19	3	10	143	0	78
19	4	3	144	151	225
19	12	0	145	561	626
19	2	7	146	702	742
19	11	8	147	765	832
19	2	1	148	834	914
19	7	4	149	914	984
20	5	7	150	0	37
20	9	1	151	130	182
20	4	3	152	1036	1097
20	10	3	153	1097	1153
20	1	8	154	1154	1198
21	6	5	155	0	40
21	5	11	156	55	94
21	5	10	157	281	356
21	4	6	158	383	437
21	12	11	159	499	561
22	4	5	160	260	341
22	1	10	161	614	689
22	0	4	162	984	1007
22	11	8	163	1138	1154
22	6	7	164	1156	1200
23	1	6	165	0	18
23	8	11	166	152	169
23	0	6	167	214	270
23	11	8	168	360	395
23	7	4	169	830	854
23	9	5	170	1065	1137
24	9	5	171	343	419
24	1	8	172	486	504
24	13	5	173	518	572
24	12	3	174	754	829
24	12	11	175	838	923
24	6	1	176	923	958
24	13	5	177	1024	1065
24	14	4	178	1115	1155
25	14	11	179	17	55
25	10	2	180	78	158
25	7	2	181	202	254
25	10	2	182	460	536
25	10	2	183	536	564
25	9	9	184	613	697
25	8	8	185	1007	1097
25	3	8	186	1102	1138
25	2	0	187	1181	1200
26	9	1	188	420	473
26	4	6	189	676	711
26	7	9	190	713	800
26	13	5	191	830	876
26	6	5	192	885	906
26	5	10	193	942	981
26	4	1	194	1138	1197
27	1	8	195	401	486
27	1	0	196	755	764
27	3	2	197	838	915
27	9	9	198	922	983
27	10	2	199	983	1038
27	0	7	200	1108	1145
28	13	4	201	10	86
28	10	8	202	189	247
28	12	3	203	340	400
28	4	6	204	711	737
28	4	3	205	829	913
29	0	0	206	111	135
29	1	10	207	152	194
29	9	1	208	205	226
29	12	0	209	229	277
29	11	11	210	289	309
29	11	7	211	419	487
29	11	6	212	487	505
29	5	9	213	533	613
29	9	4	214	1007	1029
30	5	9	215	164	242
30	8	0	216	281	299
30	1	4	217	303	356
30	12	6	218	437	478
30	11	10	219	867	942
30	13	8	220	962	1007
30	10	6	221	1153	1197
31	7	4	222	88	164
31	13	5	223	177	213
31	10	8	224	613	655
31	8	6	225	919	1002
31	5	3	226	1011	1032
31	13	6	227	1071	1145
31	0	9	228	1145	1200
32	8	11	229	94	152
32	0	0	230	299	317
32	7	4	231	375	459
32	5	4	232	490	527
32	6	5	233	575	632
32	7	2	234	678	713
33	4	3	235	76	151
33	3	9	236	281	321
33	6	5	237	420	439
33	9	5	238	772	830
33	0	8	239	872	962
33	12	2	240	1115	1199
34	9	2	241	68	78
34	12	6	242	111	159
34	9	1	243	182	205
34	12	0	244	205	229
34	6	2	245	254	333
34	8	8	246	504	523
34	3	11	247	561	615
34	2	2	248	915	926
34	11	6	249	1011	1071
35	3	9	250	88	164
35	12	7	251	277	333
35	1	9	252	356	401
35	14	10	253	430	505
35	6	1	254	684	732
35	6	6	255	813	885
35	1	2	256	938	981
36	13	4	257	0	10
36	11	3	258	25	74
36	8	9	259	321	350
36	8	11	260	379	462
36	0	7	261	494	549
36	9	4	262	738	750
36	10	2	263	755	832
37	14	1	264	76	130
37	11	10	265	130	152
37	9	3	266	226	262
37	2	0	267	317	340
37	6	5	268	439	459
37	12	0	269	626	663
37	11	11	270	676	765
37	14	7	271	775	801
37	0	9	272	801	842
37	12	11	273	923	945
38	12	0	274	167	194
38	13	8	275	300	359
38	2	3	276	400	481
38	13	4	277	572	615
38	5	10	278	689	774
38	10	10	279	832	851
38	10	0	280	851	932
38	1	9	281	983	1019
38	14	4	282	1053	1115
38	3	11	283	1138	1197
39	1	6	284	18	66
39	6	6	285	343	383
39	13	5	286	632	655
39	9	5	287	762	772
39	11	8	288	832	867
39	12	2	289	1038	1115
39	2	1	290	1117	1137


Solution History:
