This is the output of Heuristic Solver for Dual resource constrained flexible job shop Scheduling Problem.
Input file is: wfjsp7_6.txt
Method: TS_100000000_0.183517_5
Seed: 4
Number of Jobs: 12
Number of Operations: 96
Number of Machines: 5
Number of Operators: 5
CPU Time: 11.0144
obj: 1037
Best found lower bound:0
Solver gap (best found lower bound and upper bound difference): Not known


Final Solution:
Job	Machine	Operator	Operation	Start Time	Finish Time
0	3	3	0	0	75
0	2	2	1	96	136
0	3	3	2	157	223
0	3	3	3	223	264
0	2	2	4	264	352
0	0	4	5	446	537
0	2	2	6	602	631
0	0	1	7	814	842
0	4	0	8	849	935
1	0	4	9	38	51
1	4	0	10	136	225
1	3	3	11	264	330
1	4	0	12	390	423
1	2	2	13	484	521
1	4	0	14	521	578
1	3	3	15	589	672
1	0	4	16	697	773
2	2	0	17	0	91
2	2	0	18	225	253
2	1	1	19	414	463
2	3	3	20	502	555
2	3	3	21	672	713
2	4	1	22	726	814
2	2	3	23	814	890
2	0	4	24	971	1027
3	0	4	25	0	38
3	1	1	26	96	130
3	1	1	27	130	140
3	1	1	28	140	206
3	4	0	29	578	663
3	4	0	30	663	711
3	4	0	31	711	726
3	2	0	32	726	814
3	0	1	33	842	922
3	3	2	34	945	985
4	4	2	35	0	72
4	4	0	36	96	136
4	0	4	37	136	161
4	3	3	38	330	415
4	1	1	39	463	503
4	3	3	40	729	778
4	0	4	41	925	971
4	4	0	42	971	1037
5	0	4	43	51	136
5	2	2	44	136	224
5	2	2	45	352	400
5	2	2	46	400	484
5	3	3	47	555	589
5	1	4	48	880	925
5	3	2	49	930	945
6	3	3	50	75	157
6	1	1	51	206	236
6	4	2	52	236	248
6	4	0	53	343	390
6	3	3	54	415	502
6	1	1	55	503	514
6	1	2	56	720	802
6	3	4	57	816	880
6	1	1	58	925	988
6	3	2	59	988	1036
7	0	4	60	253	344
7	1	1	61	378	390
7	4	0	62	423	511
7	0	4	63	622	675
7	0	4	64	675	697
7	0	3	65	778	805
7	2	3	66	913	997
8	1	1	67	236	277
8	1	1	68	286	378
8	1	4	69	555	621
8	3	3	70	713	729
8	4	0	71	814	849
8	2	3	72	997	1032
9	1	1	73	0	96
9	0	4	74	161	199
9	0	4	75	199	243
9	1	1	76	277	286
9	1	1	77	390	414
9	2	2	78	521	602
9	2	2	79	631	720
9	1	2	80	802	815
10	4	2	81	72	96
10	0	4	82	243	253
10	4	0	83	253	343
10	0	4	84	344	362
10	0	1	85	537	622
10	1	1	86	622	717
10	1	2	87	815	867
10	2	3	88	890	913
10	4	0	89	935	969
11	0	4	90	362	446
11	1	1	91	514	533
11	1	4	92	537	555
11	3	4	93	778	816
11	3	2	94	880	930
11	1	1	95	988	1037


Solution History:
