This is the output of Heuristic Solver for Dual resource constrained flexible job shop Scheduling Problem.
Input file is: wfjsp12_4.txt
Method: TS_100000000_0.710745_5
Seed: 1
Number of Jobs: 25
Number of Operations: 198
Number of Machines: 10
Number of Operators: 10
CPU Time: 42.6599
obj: 1060
Best found lower bound:0
Solver gap (best found lower bound and upper bound difference): Not known


Final Solution:
Job	Machine	Operator	Operation	Start Time	Finish Time
0	9	3	0	40	113
0	7	0	1	118	177
0	6	9	2	476	541
0	2	1	3	541	603
0	6	3	4	605	701
0	9	6	5	751	777
0	1	4	6	796	843
0	4	0	7	860	873
0	6	8	8	892	939
1	8	8	9	133	153
1	5	4	10	186	202
1	6	5	11	296	334
1	6	9	12	386	457
1	6	9	13	457	476
1	9	5	14	482	558
1	5	2	15	604	703
1	5	2	16	751	812
1	0	8	17	814	863
2	3	6	18	74	111
2	6	4	19	168	186
2	7	5	20	216	262
2	0	9	21	299	378
2	9	6	22	443	456
2	5	2	23	539	604
2	7	7	24	633	701
3	2	9	25	205	216
3	8	8	26	499	566
3	0	5	27	566	641
3	2	4	28	646	740
3	8	6	29	810	862
3	1	4	30	891	981
4	1	6	31	169	236
4	9	6	32	236	311
4	6	5	33	334	386
4	5	4	34	443	462
4	3	0	35	578	644
4	5	2	36	942	970
4	0	2	37	1015	1040
5	5	9	38	71	134
5	9	3	39	311	355
5	5	6	40	383	443
5	3	1	41	646	678
5	7	3	42	816	869
5	8	6	43	904	978
6	0	9	44	0	71
6	6	4	45	105	168
6	7	5	46	262	296
6	1	6	47	578	603
6	7	0	48	747	812
6	2	9	49	816	844
6	6	5	50	844	892
6	3	8	51	939	966
7	0	7	52	71	172
7	7	2	53	383	419
7	7	0	54	476	491
7	5	4	55	508	539
7	8	8	56	566	636
7	0	5	57	641	653
7	2	3	58	744	816
7	5	2	59	842	886
7	1	7	60	992	1051
8	5	3	61	0	40
8	3	2	62	40	74
8	4	5	63	142	157
8	9	3	64	205	232
8	1	2	65	419	472
8	3	2	66	476	532
8	7	3	67	701	744
8	4	3	68	992	1025
9	0	8	69	172	226
9	3	1	70	247	311
9	9	3	71	355	392
9	7	3	72	512	567
9	4	7	73	701	795
9	2	1	74	844	891
9	8	6	75	891	904
9	6	9	76	945	1012
9	9	6	77	1012	1060
10	9	6	78	0	21
10	1	2	79	74	169
10	2	1	80	357	418
10	7	7	81	419	471
10	1	6	82	603	656
10	1	2	83	703	732
10	6	5	84	749	843
10	0	8	85	863	885
10	9	6	86	978	1003
11	6	4	87	61	105
11	4	0	88	365	429
11	3	0	89	429	476
11	7	3	90	491	512
11	9	9	91	576	603
11	8	8	92	636	712
11	1	4	93	740	796
11	4	7	94	796	841
12	7	0	95	0	45
12	7	0	96	45	118
12	4	7	97	251	319
12	4	7	98	319	365
12	2	1	99	418	432
12	2	1	100	479	532
12	9	6	101	777	806
12	4	0	102	873	901
12	7	7	103	935	982
12	0	2	104	1040	1057
13	0	2	105	226	299
13	7	6	106	311	383
13	3	4	107	383	429
13	2	1	108	432	479
13	0	6	109	499	563
13	7	7	110	567	633
13	5	6	111	703	751
13	0	9	112	751	814
13	4	0	113	901	972
13	4	7	114	982	992
14	8	8	115	0	87
14	5	2	116	322	374
14	0	9	117	653	722
14	8	4	118	862	891
14	5	3	119	891	942
14	9	3	120	945	974
14	4	3	121	1025	1059
15	3	2	122	0	38
15	2	1	123	51	113
15	2	1	124	314	357
15	0	8	125	419	499
15	1	0	126	499	578
15	6	5	127	701	749
15	5	2	128	812	842
15	2	1	129	891	968
15	5	4	130	981	1057
16	8	8	131	87	133
16	5	9	132	134	182
16	5	2	133	305	322
16	1	7	134	365	415
16	9	9	135	603	653
16	8	8	136	712	744
16	3	2	137	886	939
17	2	1	138	0	51
17	5	6	139	51	68
17	9	5	140	157	180
17	3	4	141	314	360
17	9	0	142	653	747
17	9	0	143	812	860
17	7	7	144	869	935
17	3	8	145	966	1055
18	6	5	146	186	215
18	5	3	147	232	305
18	8	8	148	364	377
18	0	8	149	378	419
18	4	3	150	429	472
18	6	3	151	572	605
18	1	6	152	656	688
18	8	8	153	744	810
18	0	5	154	892	986
19	2	3	155	113	205
19	1	0	156	279	350
19	3	4	157	360	380
19	9	3	158	392	424
19	4	7	159	472	499
19	4	7	160	499	565
19	4	5	161	653	701
19	2	1	162	968	1039
20	4	0	163	177	251
20	9	6	164	456	482
20	9	6	165	563	576
20	0	9	166	722	748
20	6	9	167	1012	1046
21	1	7	168	0	65
21	4	5	169	67	142
21	6	9	170	216	280
21	8	5	171	386	478
21	2	1	172	603	629
21	3	1	173	678	770
21	3	1	174	770	842
21	9	9	175	860	945
21	0	2	176	986	1015
21	2	1	177	1039	1053
22	9	6	178	113	156
22	7	2	179	177	216
22	2	4	180	216	240
22	2	4	181	240	314
22	6	9	182	541	572
22	7	0	183	982	1060
23	4	5	184	0	67
23	3	1	185	113	181
23	3	1	186	181	247
23	1	0	187	251	279
23	8	8	188	298	364
23	5	4	189	462	508
23	4	4	190	568	629
23	8	5	191	986	1060
24	6	4	192	0	61
24	8	7	193	172	232
24	8	8	194	232	298
24	3	4	195	539	568
24	2	1	196	629	646
24	3	6	197	862	885


Solution History:
