This is the output of Heuristic Solver for Dual resource constrained flexible job shop Scheduling Problem.
Input file is: wfjsp20_7.txt
Method: TS_100000000_0.233893_5
Seed: 4
Number of Jobs: 25
Number of Operations: 200
Number of Machines: 10
Number of Operators: 8
CPU Time: 14.0462
obj: 1246
Best found lower bound:0
Solver gap (best found lower bound and upper bound difference): Not known


Final Solution:
Job	Machine	Operator	Operation	Start Time	Finish Time
0	3	4	0	519	594
0	3	0	1	646	660
0	9	3	2	662	702
0	0	1	3	771	866
0	0	7	4	906	927
0	3	4	5	937	973
0	3	0	6	975	1009
0	0	7	7	1094	1131
1	9	1	8	0	8
1	4	3	9	48	83
1	2	4	10	439	519
1	8	3	11	558	632
1	0	4	12	646	725
1	7	5	13	725	776
1	0	2	14	866	906
1	7	6	15	992	1008
1	7	1	16	1012	1089
1	5	3	17	1122	1188
2	1	0	18	40	94
2	7	1	19	315	381
2	3	1	20	449	511
2	4	5	21	594	619
2	4	6	22	619	630
2	2	7	23	653	733
2	6	7	24	733	748
2	3	6	25	755	817
2	8	2	26	907	916
2	6	2	27	916	999
3	9	5	28	8	53
3	3	0	29	202	230
3	6	2	30	794	866
3	5	1	31	866	956
3	0	5	32	956	1034
4	7	3	33	0	11
4	8	2	34	12	80
4	5	7	35	111	192
4	5	5	36	225	248
4	7	7	37	249	270
4	9	3	38	426	467
4	1	0	39	516	579
4	9	1	40	579	647
4	8	5	41	647	722
4	7	0	42	776	860
5	4	0	43	163	201
5	4	0	44	257	284
5	9	0	45	284	321
5	2	6	46	338	432
5	5	1	47	956	1012
5	3	0	48	1012	1070
6	9	3	49	129	191
6	0	7	50	192	212
6	4	6	51	301	338
6	9	0	52	340	426
6	0	5	53	619	644
6	9	0	54	860	874
6	8	3	55	939	990
6	2	6	56	1079	1161
6	8	3	57	1188	1235
7	3	1	58	163	202
7	4	5	59	206	225
7	3	0	60	230	257
7	6	1	61	410	449
7	6	5	62	509	558
7	5	1	63	709	771
7	8	2	64	999	1086
7	0	2	65	1172	1231
8	0	7	66	331	415
8	9	3	67	467	547
8	3	0	68	660	718
8	1	2	69	718	777
8	2	2	70	777	794
8	4	4	71	822	889
8	1	0	72	918	975
8	3	6	73	1163	1243
9	8	3	74	368	420
9	0	7	75	936	955
9	2	7	76	955	992
9	9	4	77	1053	1134
9	7	1	78	1202	1238
10	1	7	79	212	249
10	8	2	80	484	558
10	0	4	81	725	741
10	1	5	82	777	796
10	4	0	83	1154	1210
11	3	6	84	33	56
11	1	0	85	94	122
11	0	6	86	247	301
11	5	3	87	311	368
11	6	5	88	449	491
11	7	1	89	567	577
11	1	2	90	636	714
11	9	3	91	907	939
11	9	4	92	973	1013
11	8	4	93	1134	1153
12	7	3	94	11	48
12	8	2	95	110	177
12	7	6	96	177	189
12	6	5	97	249	300
12	9	0	98	321	340
12	0	6	99	484	552
12	6	2	100	558	636
12	2	7	101	748	774
12	1	5	102	1115	1194
12	5	5	103	1194	1246
13	4	3	104	83	114
13	1	7	105	270	330
13	3	2	106	388	444
13	5	1	107	511	539
13	0	7	108	552	614
13	5	3	109	632	662
13	8	3	110	789	821
13	3	0	111	874	890
13	1	0	112	890	918
13	5	4	113	1013	1053
14	2	6	114	93	164
14	3	2	115	257	314
14	1	7	116	435	516
14	5	3	117	1071	1087
14	9	4	118	1153	1198
15	1	0	119	0	40
15	6	2	120	80	110
15	1	5	121	129	206
15	5	3	122	268	311
15	9	4	123	741	814
15	2	5	124	822	900
15	4	0	125	1071	1154
15	7	1	126	1167	1202
16	7	6	127	56	93
16	0	2	128	314	331
16	6	1	129	381	410
16	0	2	130	444	484
16	2	6	131	552	566
16	5	6	132	566	618
17	2	4	133	0	83
17	5	7	134	102	111
17	4	0	135	122	163
17	8	4	136	177	251
17	6	5	137	300	362
17	4	6	138	630	705
17	7	6	139	705	716
17	7	6	140	860	896
17	2	5	141	900	948
18	0	7	142	0	59
18	2	1	143	202	286
18	7	0	144	426	510
18	8	3	145	733	789
18	4	5	146	796	822
18	8	3	147	822	907
18	6	5	148	1034	1115
18	9	0	149	1210	1246
19	3	1	150	65	132
19	5	5	151	368	440
19	4	5	152	491	509
19	7	1	153	539	567
19	2	7	154	614	653
19	9	3	155	702	733
19	5	7	156	774	855
19	3	4	157	890	937
19	1	6	158	1008	1079
19	8	3	159	1087	1122
20	6	1	160	8	65
20	0	4	161	83	174
20	9	3	162	191	268
20	1	0	163	579	636
20	4	6	164	896	992
20	1	2	165	1086	1112
20	7	7	166	1131	1167
20	6	2	167	1231	1240
21	8	4	168	251	316
21	4	4	169	339	413
21	1	7	170	415	435
21	3	6	171	718	755
21	1	4	172	1198	1215
22	5	6	173	0	33
22	3	1	174	132	163
22	7	6	175	189	247
22	8	4	176	316	339
22	0	4	177	415	439
22	4	5	178	558	594
22	3	4	179	594	646
22	0	7	180	1074	1094
23	8	2	181	0	12
23	5	7	182	59	102
23	6	2	183	177	249
23	7	1	184	286	315
23	1	2	185	331	388
23	4	6	186	432	484
23	8	7	187	927	936
23	2	7	188	992	1074
23	3	1	189	1089	1163
23	2	7	190	1167	1240
24	9	5	191	53	129
24	4	7	192	516	551
24	6	1	193	647	709
24	4	0	194	718	774
24	1	6	195	817	853
24	6	7	196	866	906
24	4	3	197	992	1071
24	6	2	198	1115	1172
24	4	4	199	1215	1228


Solution History:
