This is the output of Heuristic Solver for Dual resource constrained flexible job shop Scheduling Problem.
Input file is: wfjsp16_3.txt
Method: TS_100000000_0.506438_5
Seed: 3
Number of Jobs: 40
Number of Operations: 307
Number of Machines: 15
Number of Operators: 15
CPU Time: 30.4166
obj: 1117
Best found lower bound:0
Solver gap (best found lower bound and upper bound difference): Not known


Final Solution:
Job	Machine	Operator	Operation	Start Time	Finish Time
0	10	14	0	0	66
0	8	14	1	82	95
0	1	11	2	123	139
0	7	3	3	299	377
0	1	9	4	456	536
0	13	5	5	683	749
0	8	5	6	749	833
0	4	6	7	875	908
0	4	13	8	1006	1103
1	4	1	9	87	103
1	11	6	10	103	158
1	8	14	11	159	251
1	14	10	12	258	274
1	14	1	13	365	456
1	7	12	14	756	839
1	8	14	15	933	960
1	14	10	16	965	1022
2	4	11	17	70	87
2	3	8	18	120	185
2	3	7	19	401	413
2	12	7	20	413	441
2	13	7	21	524	568
2	12	14	22	594	689
2	10	11	23	771	831
2	4	6	24	908	937
2	13	2	25	937	1020
2	14	8	26	1023	1116
3	1	9	27	113	123
3	14	4	28	123	153
3	1	1	29	187	284
3	2	0	30	336	372
3	4	6	31	388	417
3	14	10	32	714	778
3	14	9	33	796	858
3	7	14	34	867	933
4	1	5	35	0	106
4	7	12	36	169	252
4	5	12	37	326	343
4	3	8	38	413	441
4	7	3	39	498	580
4	10	5	40	581	593
4	4	6	41	632	655
4	5	8	42	718	768
4	12	4	43	994	1023
4	3	12	44	1042	1091
5	9	0	45	177	270
5	10	14	46	330	400
5	0	0	47	456	539
5	4	7	48	616	632
5	1	11	49	661	676
5	4	6	50	765	815
5	1	11	51	831	898
5	14	5	52	933	965
5	12	4	53	971	994
5	12	4	54	1023	1081
6	12	1	55	117	143
6	3	8	56	254	283
6	7	4	57	377	455
6	12	4	58	455	527
6	0	0	59	539	630
6	6	9	60	650	738
6	13	6	61	754	765
6	1	13	62	765	825
6	2	8	63	936	1023
7	2	0	64	0	41
7	14	4	65	42	73
7	8	14	66	95	150
7	1	1	67	150	187
7	1	11	68	383	456
7	7	14	69	692	701
7	13	2	70	830	921
8	2	0	71	270	336
8	4	1	72	336	365
8	9	0	73	673	750
8	13	2	74	802	830
8	8	5	75	965	1021
8	8	7	76	1096	1107
9	3	7	77	370	401
9	9	10	78	447	457
9	14	5	79	457	522
9	5	12	80	580	673
9	0	13	81	697	758
9	14	1	82	778	796
9	11	10	83	835	867
9	12	1	84	914	928
10	0	10	85	38	111
10	11	10	86	279	323
10	11	2	87	393	430
10	8	14	88	498	519
10	1	9	89	536	571
10	13	4	90	579	631
10	5	12	91	673	718
10	0	7	92	775	802
10	7	12	93	839	867
11	2	0	94	105	145
11	12	4	95	202	284
11	14	1	96	284	324
11	2	0	97	372	448
11	6	1	98	559	650
11	12	11	99	689	771
11	2	4	100	811	862
11	3	13	101	910	944
11	3	7	102	944	1042
11	10	14	103	1042	1113
12	5	3	104	238	278
12	6	5	105	278	289
12	13	5	106	320	382
12	8	13	107	409	452
12	4	13	108	452	516
12	8	10	109	627	714
12	10	5	110	833	933
12	7	12	111	943	1033
12	2	1	112	1033	1087
12	13	5	113	1087	1116
13	5	9	114	0	26
13	14	8	115	76	120
13	0	9	116	123	159
13	1	8	117	689	701
13	10	14	118	701	768
13	11	11	119	971	1054
14	4	11	120	0	16
14	2	13	121	41	103
14	2	6	122	217	258
14	9	6	123	270	297
14	11	6	124	495	557
14	3	8	125	634	689
14	8	13	126	833	895
15	6	5	127	167	222
15	8	13	128	263	339
15	6	7	129	441	524
15	0	13	130	673	697
15	1	1	131	701	764
15	3	3	132	771	794
15	5	3	133	794	859
16	0	10	134	0	38
16	5	12	135	38	65
16	10	2	136	66	133
16	12	2	137	143	198
16	5	3	138	202	238
16	12	2	139	340	393
16	14	8	140	532	582
16	8	7	141	714	743
16	0	8	142	802	833
16	6	9	143	858	955
17	11	6	144	34	99
17	7	14	145	483	498
17	4	6	146	592	616
17	12	14	147	771	840
17	12	1	148	852	914
17	6	9	149	990	1054
18	13	7	150	0	44
18	3	4	151	76	113
18	5	4	152	169	202
18	0	8	153	342	405
18	9	8	154	483	532
18	7	12	155	718	756
18	8	10	156	895	931
18	9	0	157	933	958
18	11	2	158	1061	1110
19	6	9	159	26	71
19	6	9	160	71	113
19	0	13	161	199	263
19	10	14	162	400	472
19	12	14	163	527	594
19	11	1	164	655	697
19	2	4	165	751	811
19	0	7	166	839	924
19	0	10	167	931	958
20	0	9	168	263	342
20	8	3	169	580	605
20	14	7	170	647	714
20	4	6	171	720	754
20	9	0	172	844	856
20	7	10	173	1033	1116
21	12	1	174	0	83
21	13	7	175	154	222
21	8	13	176	339	409
21	11	6	177	430	495
21	1	11	178	571	661
21	2	4	179	661	726
21	3	7	180	802	839
22	2	6	181	194	217
22	6	5	182	222	276
22	9	6	183	297	361
22	9	10	184	375	447
22	2	1	185	456	559
22	7	13	186	583	633
22	12	13	187	944	971
22	2	1	188	1087	1105
23	14	9	189	159	256
23	13	5	190	291	320
23	10	5	191	593	620
23	9	13	192	633	673
23	9	0	193	750	844
23	2	3	194	862	936
23	8	2	195	1021	1061
24	4	11	196	16	70
24	8	14	197	150	159
24	6	9	198	342	413
24	8	14	199	472	481
24	11	2	200	592	655
24	11	2	201	734	793
24	14	10	202	878	887
24	1	11	203	898	971
25	13	5	204	382	441
25	8	5	205	522	572
25	3	3	206	692	771
25	14	10	207	867	878
25	10	1	208	933	1011
26	14	4	209	333	361
26	0	0	210	630	668
26	6	9	211	738	796
26	1	13	212	971	997
26	8	7	213	1080	1096
27	7	7	214	44	154
27	11	11	215	158	199
27	9	0	216	856	933
27	4	6	217	937	1006
27	5	3	218	1022	1041
27	9	6	219	1051	1115
28	8	13	220	0	19
28	4	13	221	103	199
28	7	3	222	634	692
28	11	10	223	793	835
28	12	1	224	840	852
28	11	4	225	867	965
28	1	14	226	1012	1039
28	5	3	227	1041	1071
28	12	4	228	1081	1109
29	14	8	229	0	42
29	10	3	230	136	171
29	10	10	231	177	229
29	12	4	232	284	333
29	6	12	233	413	439
29	9	14	234	960	1012
30	3	7	235	333	370
30	5	3	236	406	497
30	14	9	237	582	647
30	4	6	238	655	720
30	2	4	239	726	751
30	0	7	240	758	775
30	5	12	241	867	905
30	6	9	242	955	990
30	1	9	243	1080	1112
31	9	0	244	41	105
31	3	11	245	456	540
31	11	6	246	557	588
31	3	3	247	611	634
31	2	4	248	634	661
31	11	2	249	697	734
32	13	3	250	82	136
32	2	0	251	145	160
32	10	10	252	229	258
32	10	14	253	258	330
32	5	12	254	343	406
32	3	7	255	579	611
32	13	8	256	768	802
33	9	6	257	0	34
33	12	11	258	87	117
33	11	10	259	323	375
33	7	12	260	455	483
33	4	2	261	516	592
33	5	12	262	905	943
34	4	2	263	199	305
34	6	2	264	305	340
34	2	10	265	568	627
34	0	0	266	958	1057
34	0	0	267	1057	1116
35	7	12	268	0	36
35	5	12	269	65	119
35	6	5	270	119	167
35	3	8	271	185	254
35	7	12	272	254	299
35	4	6	273	365	388
35	9	8	274	457	483
35	3	4	275	540	579
35	1	7	276	1042	1080
36	3	4	277	0	34
36	9	10	278	111	177
36	11	11	279	199	279
36	9	13	280	532	583
36	13	5	281	1021	1086
37	3	8	282	42	76
37	1	11	283	284	383
37	0	9	284	413	456
37	10	10	285	472	568
37	9	8	286	583	620
37	10	5	287	620	681
37	6	1	288	796	840
37	3	8	289	840	910
37	5	3	290	1071	1115
38	5	12	291	119	169
38	2	6	292	169	194
38	13	7	293	222	291
38	5	8	294	291	326
38	5	12	295	497	580
38	4	6	296	815	875
38	13	2	297	921	934
39	11	2	298	0	21
39	8	3	299	21	82
39	3	7	300	291	333
39	13	2	301	441	506
39	10	5	302	572	581
39	13	2	303	655	683
39	5	3	304	943	1022
39	9	6	305	1022	1051
39	6	11	306	1054	1117


Solution History:
