This is the output of Heuristic Solver for Dual resource constrained flexible job shop Scheduling Problem.
Input file is: wfjsp19_7.txt
Method: TS_100000000_0.211315_5
Seed: 3
Number of Jobs: 20
Number of Operations: 199
Number of Machines: 10
Number of Operators: 8
CPU Time: 12.6904
obj: 1269
Best found lower bound:0
Solver gap (best found lower bound and upper bound difference): Not known


Final Solution:
Job	Machine	Operator	Operation	Start Time	Finish Time
0	3	5	0	0	75
0	0	2	1	290	302
0	2	0	2	381	419
0	0	1	3	497	592
0	7	3	4	722	747
0	2	7	5	1056	1096
1	0	2	6	129	163
1	7	7	7	190	233
1	2	6	8	239	252
1	0	7	9	336	372
1	3	5	10	448	523
1	2	4	11	598	663
1	8	2	12	664	745
1	2	0	13	753	808
1	2	4	14	808	841
1	3	5	15	869	887
1	9	1	16	897	974
1	7	4	17	1008	1081
1	4	1	18	1101	1155
2	8	4	19	125	198
2	9	1	20	284	346
2	7	3	21	398	426
2	2	4	22	448	459
2	4	6	23	469	542
2	1	7	24	569	583
2	8	1	25	597	653
2	4	1	26	653	665
2	3	5	27	749	823
2	8	5	28	823	869
2	6	0	29	897	925
2	6	4	30	925	1008
2	0	2	31	1185	1263
3	6	1	32	38	110
3	4	7	33	116	126
3	4	6	34	163	239
3	6	0	35	242	326
3	7	6	36	426	449
3	0	6	37	449	469
3	7	3	38	504	542
3	6	0	39	598	661
3	5	7	40	669	739
3	9	7	41	739	814
3	7	3	42	891	975
3	9	7	43	1129	1173
4	0	6	44	91	113
4	1	7	45	129	166
4	3	2	46	523	606
4	7	6	47	616	677
4	4	4	48	725	801
4	4	2	49	812	869
4	2	6	50	917	936
4	1	6	51	936	973
4	5	3	52	986	1057
4	3	1	53	1059	1087
4	1	2	54	1087	1101
4	9	7	55	1187	1239
5	4	7	56	44	116
5	3	5	57	171	209
5	1	4	58	270	311
5	0	6	59	315	334
5	6	6	60	387	416
5	2	4	61	419	448
5	8	7	62	449	503
5	4	7	63	898	966
5	4	1	64	974	1059
5	0	6	65	1059	1107
5	6	5	66	1189	1261
6	6	1	67	110	197
6	1	1	68	197	255
6	6	1	69	418	477
6	0	1	70	477	497
6	1	7	71	511	569
6	5	3	72	569	628
6	3	5	73	672	749
6	0	7	74	814	858
6	9	0	75	986	1009
6	3	5	76	1019	1055
6	2	0	77	1121	1205
7	5	6	78	50	91
7	2	4	79	459	491
7	1	6	80	701	781
7	9	0	81	1009	1025
7	5	7	82	1173	1187
8	0	5	83	372	425
8	7	3	84	697	722
8	0	1	85	722	750
8	9	0	86	814	870
8	8	5	87	887	938
8	1	6	88	990	1040
8	4	1	89	1087	1101
8	0	2	90	1107	1185
8	4	4	91	1185	1216
9	4	2	92	0	30
9	7	4	93	33	49
9	8	2	94	60	89
9	0	2	95	163	246
9	1	6	96	372	387
9	2	4	97	663	725
9	7	3	98	747	765
9	0	2	99	869	927
9	2	7	100	966	1056
9	8	7	101	1096	1129
9	1	6	102	1190	1269
10	9	6	103	0	46
10	5	3	104	304	334
10	7	3	105	336	398
10	0	2	106	750	812
10	5	3	107	843	876
10	3	1	108	1209	1265
11	6	4	109	0	33
11	2	0	110	40	80
11	7	4	111	81	92
11	3	4	112	92	125
11	2	4	113	198	239
11	4	6	114	252	315
11	6	0	115	326	381
11	8	7	116	381	449
11	3	6	117	973	990
11	3	1	118	1155	1209
12	2	0	119	0	40
12	3	4	120	239	270
12	1	2	121	429	511
12	4	7	122	583	626
12	5	3	123	765	843
12	8	5	124	938	1019
12	5	3	125	1057	1142
12	5	3	126	1142	1173
12	5	0	127	1205	1245
12	2	7	128	1245	1260
13	5	3	129	0	30
13	1	2	130	89	129
13	5	7	131	176	190
13	0	2	132	246	290
13	3	5	133	290	370
13	9	0	134	419	431
13	7	3	135	463	504
13	7	6	136	542	616
13	9	3	137	628	697
13	6	1	138	824	897
13	6	0	139	1025	1038
13	8	2	140	1038	1078
13	6	5	141	1137	1189
14	5	3	142	247	304
14	9	1	143	346	418
14	6	5	144	523	590
14	3	5	145	623	672
14	1	6	146	677	701
14	6	5	147	1055	1137
14	7	3	148	1173	1268
15	8	2	149	30	60
15	2	0	150	80	170
15	8	5	151	209	281
15	6	4	152	491	508
15	0	5	153	592	623
15	6	1	154	753	784
15	0	2	155	935	964
16	9	3	156	116	195
16	9	3	157	195	247
16	7	7	158	247	336
16	5	6	159	336	372
16	3	2	160	372	429
16	9	0	161	431	515
16	2	0	162	515	598
16	4	1	163	665	722
16	7	6	164	781	868
16	7	6	165	868	891
16	5	6	166	891	917
16	0	2	167	927	935
16	0	2	168	964	1037
16	7	4	169	1081	1164
16	5	0	170	1245	1266
17	1	1	171	0	38
17	5	3	172	38	50
17	7	4	173	50	81
17	9	3	174	81	116
17	7	6	175	116	163
17	5	0	176	190	218
17	5	0	177	218	242
17	4	4	178	315	356
17	4	4	179	356	418
17	3	5	180	429	448
17	7	3	181	449	463
17	0	7	182	626	669
17	6	0	183	669	753
17	9	0	184	1038	1065
17	9	0	185	1065	1121
18	0	7	186	0	44
18	1	7	187	166	176
18	8	4	188	508	597
18	2	4	189	841	915
18	5	0	190	925	986
19	5	5	191	91	171
19	9	1	192	255	284
19	8	2	193	302	366
19	1	2	194	606	664
19	6	1	195	784	824
19	1	7	196	858	898
19	1	6	197	1107	1190
19	8	4	198	1216	1269


Solution History:
