This is the output of Heuristic Solver for Dual resource constrained flexible job shop Scheduling Problem.
Input file is: wfjsp23_1.txt
Method: TS_100000000_0.730030_5
Seed: 4
Number of Jobs: 30
Number of Operations: 365
Number of Machines: 15
Number of Operators: 12
CPU Time: 43.8555
obj: 1552
Best found lower bound:0
Solver gap (best found lower bound and upper bound difference): Not known


Final Solution:
Job	Machine	Operator	Operation	Start Time	Finish Time
0	11	4	0	37	108
0	10	3	1	169	193
0	7	9	2	260	316
0	14	1	3	672	762
0	5	7	4	1039	1128
0	7	3	5	1234	1296
0	9	5	6	1296	1371
0	13	5	7	1371	1406
0	10	2	8	1406	1444
0	7	1	9	1514	1552
1	1	11	10	0	9
1	5	11	11	9	25
1	10	6	12	25	37
1	8	6	13	37	78
1	6	5	14	109	165
1	0	9	15	218	260
1	8	11	16	281	304
1	0	8	17	320	329
1	8	4	18	363	420
1	11	3	19	558	608
1	12	7	20	830	917
1	12	0	21	1058	1148
1	7	0	22	1160	1209
1	11	8	23	1213	1286
2	0	4	24	23	37
2	14	1	25	57	95
2	0	10	26	167	187
2	12	6	27	343	366
2	3	5	28	409	465
2	13	0	29	607	691
2	2	2	30	840	878
2	13	5	31	961	1016
2	14	1	32	1175	1271
2	11	7	33	1311	1355
2	4	11	34	1448	1463
2	5	2	35	1463	1509
3	0	6	36	0	23
3	13	0	37	44	71
3	7	0	38	71	137
3	10	8	39	265	320
3	12	10	40	503	531
3	5	7	41	661	743
3	1	8	42	758	783
3	10	6	43	881	936
3	10	0	44	936	945
3	1	4	45	948	960
3	10	4	46	1003	1084
4	6	1	47	45	54
4	0	2	48	136	145
4	14	7	49	454	491
4	3	10	50	742	818
4	14	11	51	990	1005
4	14	1	52	1058	1112
4	5	9	53	1145	1204
4	5	10	54	1213	1252
4	1	10	55	1252	1294
4	3	8	56	1294	1380
4	12	7	57	1416	1455
4	6	6	58	1467	1550
5	5	3	59	54	124
5	7	0	60	137	162
5	6	5	61	165	227
5	10	6	62	325	343
5	0	6	63	381	428
5	3	5	64	465	563
5	12	2	65	630	664
5	1	8	66	740	758
5	0	2	67	794	840
5	6	9	68	1204	1264
5	2	10	69	1310	1379
5	5	7	70	1379	1416
5	6	6	71	1439	1467
5	13	4	72	1512	1550
6	9	5	73	32	70
6	3	10	74	78	118
6	9	2	75	145	198
6	4	5	76	227	309
6	4	2	77	390	469
6	2	8	78	473	555
6	6	7	79	568	661
6	8	4	80	727	806
6	10	4	81	960	1003
6	11	11	82	1065	1082
6	13	7	83	1203	1225
6	1	11	84	1225	1234
6	8	3	85	1296	1374
7	2	2	86	54	91
7	14	1	87	95	121
7	5	3	88	124	139
7	10	3	89	139	169
7	11	0	90	169	223
7	9	3	91	255	270
7	7	9	92	316	375
7	10	0	93	376	459
7	10	3	94	481	500
7	2	7	95	1524	1547
8	14	11	96	212	267
8	8	3	97	270	281
8	13	3	98	281	383
8	6	6	99	428	498
8	7	4	100	500	556
8	1	8	101	898	939
8	4	10	102	1057	1140
8	10	6	103	1191	1261
8	13	0	104	1332	1370
8	7	3	105	1374	1430
8	1	8	106	1521	1539
9	13	0	107	0	44
9	14	9	108	45	57
9	0	9	109	57	136
9	8	4	110	672	727
9	11	3	111	737	813
9	2	0	112	818	838
9	0	4	113	840	859
9	13	5	114	859	943
9	3	5	115	943	961
9	8	0	116	962	1058
9	7	3	117	1058	1160
9	11	10	118	1294	1306
9	12	2	119	1361	1388
9	7	2	120	1444	1461
10	1	8	121	610	704
10	10	2	122	718	773
10	9	5	123	782	854
10	7	0	124	885	935
10	3	9	125	962	1007
10	7	3	126	1017	1057
10	14	10	127	1140	1168
10	5	9	128	1264	1292
10	9	8	129	1380	1463
10	4	5	130	1463	1485
10	4	5	131	1485	1508
10	9	2	132	1509	1547
11	4	1	133	22	40
11	2	7	134	91	139
11	7	9	135	419	494
11	0	4	136	556	617
11	2	3	137	696	737
11	5	7	138	743	830
11	3	8	139	830	865
11	12	3	140	941	1017
11	2	8	141	1057	1136
11	6	6	142	1273	1312
11	6	6	143	1350	1439
11	14	1	144	1448	1514
12	2	2	145	0	54
12	6	5	146	70	109
12	11	4	147	109	165
12	12	10	148	259	335
12	11	11	149	655	735
12	13	0	150	777	818
12	6	1	151	846	904
12	6	1	152	904	957
12	3	11	153	1007	1065
12	4	10	154	1168	1213
12	2	1	155	1271	1310
12	4	1	156	1310	1352
12	13	4	157	1439	1512
13	6	9	158	0	45
13	6	6	159	265	325
13	2	8	160	342	417
13	9	1	161	419	497
13	10	0	162	514	537
13	0	0	163	537	556
13	8	0	164	556	607
13	12	2	165	664	680
13	4	10	166	680	699
13	0	6	167	733	789
13	6	1	168	808	846
13	2	2	169	1136	1158
13	13	7	170	1225	1311
13	0	9	171	1472	1551
14	8	1	172	0	22
14	4	7	173	40	85
14	10	6	174	193	265
14	5	4	175	281	363
14	12	7	176	420	453
14	4	6	177	498	535
14	2	3	178	650	696
14	12	11	179	781	820
14	11	10	180	873	948
14	10	4	181	1084	1143
14	12	3	182	1160	1234
14	1	4	183	1310	1336
15	11	11	184	304	388
15	14	9	185	494	578
15	1	8	186	704	740
15	2	2	187	773	794
15	11	10	188	818	873
15	3	11	189	893	935
15	0	7	190	953	1039
15	3	2	191	1071	1109
15	6	2	192	1109	1133
15	4	11	193	1234	1278
15	14	11	194	1278	1359
15	0	9	195	1372	1458
15	9	9	196	1463	1472
15	11	3	197	1476	1552
16	12	7	198	139	198
16	9	8	199	198	255
16	3	1	200	255	294
16	6	1	201	340	419
16	12	6	202	535	591
16	14	4	203	617	672
16	3	5	204	684	709
16	9	5	205	709	782
16	1	6	206	789	814
16	4	3	207	814	866
16	5	11	208	874	893
16	1	10	209	968	1013
16	1	2	210	1051	1071
16	1	8	211	1138	1213
16	3	5	212	1522	1542
17	3	8	213	123	198
17	12	7	214	198	221
17	11	7	215	223	298
17	2	8	216	417	437
17	9	2	217	503	556
17	8	3	218	608	650
17	4	1	219	957	1037
17	6	5	220	1037	1083
17	11	7	221	1128	1169
17	12	7	222	1455	1524
18	9	5	223	0	32
18	12	8	224	78	123
18	1	11	225	123	212
18	8	0	226	305	326
18	11	3	227	400	481
18	5	11	228	513	565
18	10	6	229	591	649
18	10	6	230	857	881
18	11	6	231	948	1028
18	14	9	232	1028	1058
18	1	11	233	1082	1138
18	10	4	234	1143	1181
18	9	5	235	1214	1286
18	11	10	236	1379	1416
18	5	3	237	1430	1452
19	5	4	238	227	281
19	5	11	239	565	655
19	12	0	240	691	777
19	2	4	241	806	817
19	10	6	242	817	857
19	8	9	243	857	881
19	2	2	244	881	905
19	2	2	245	951	1029
19	3	1	246	1112	1132
19	3	1	247	1132	1175
19	5	10	248	1416	1425
19	1	11	249	1463	1520
20	12	10	250	0	78
20	1	2	251	212	265
20	8	1	252	500	552
20	2	2	253	556	630
20	6	1	254	762	808
20	0	4	255	871	948
20	5	11	256	951	990
20	8	6	257	1261	1273
20	2	8	258	1463	1521
20	4	11	259	1521	1547
21	3	8	260	0	75
21	3	5	261	563	624
21	0	4	262	859	871
21	9	5	263	1142	1214
21	0	0	264	1229	1282
21	0	4	265	1336	1356
21	4	1	266	1356	1393
21	11	10	267	1425	1449
21	11	10	268	1449	1467
21	12	10	269	1524	1552
22	4	1	270	132	223
22	6	1	271	227	247
22	14	1	272	294	340
22	9	5	273	340	365
22	2	8	274	437	473
22	11	3	275	500	558
22	7	1	276	558	654
22	13	10	277	699	742
22	14	11	278	1359	1448
22	10	3	279	1452	1476
23	3	2	280	316	390
23	12	7	281	391	420
23	5	10	282	438	499
23	6	7	283	499	568
23	4	10	284	594	638
23	4	10	285	638	679
23	0	9	286	706	730
23	3	9	287	730	739
23	10	8	288	783	817
23	4	3	289	866	941
23	2	1	290	1037	1057
24	7	3	291	0	54
24	5	10	292	139	167
24	2	0	293	223	305
24	4	7	294	309	369
24	9	5	295	369	384
24	13	10	296	384	438
24	0	0	297	459	514
24	14	11	298	820	874
24	9	8	299	939	1016
24	2	4	300	1181	1265
24	0	0	301	1282	1332
24	4	1	302	1393	1440
24	8	0	303	1464	1547
25	4	2	304	91	132
25	13	6	305	151	184
25	2	3	306	193	216
25	13	3	307	216	255
25	0	2	308	265	316
25	1	10	309	335	380
25	5	3	310	383	400
25	14	11	311	400	454
25	1	11	312	454	513
25	9	5	313	624	684
25	4	11	314	735	781
25	7	0	315	838	885
25	8	9	316	885	962
25	13	5	317	1016	1036
26	5	4	318	199	227
26	14	7	319	369	391
26	9	5	320	391	409
26	1	8	321	555	610
26	0	9	322	617	661
26	6	6	323	661	733
26	7	9	324	739	815
26	9	8	325	865	898
26	14	7	326	917	953
26	12	10	327	1017	1057
26	6	6	328	1133	1191
26	3	10	329	1467	1522
27	8	9	330	136	218
27	2	8	331	329	342
27	12	2	332	469	503
27	4	10	333	535	594
27	0	9	334	661	706
27	9	6	335	1028	1125
27	0	2	336	1158	1203
27	0	0	337	1209	1229
27	10	4	338	1265	1310
27	10	6	339	1312	1350
27	3	5	340	1406	1458
28	1	11	341	25	115
28	0	0	342	329	376
28	1	9	343	380	419
28	7	2	344	680	718
28	7	10	345	948	968
28	0	9	346	1058	1145
28	13	7	347	1169	1203
28	3	2	348	1203	1277
28	12	2	349	1277	1361
28	1	4	350	1361	1439
29	14	7	351	0	39
29	13	6	352	78	151
29	7	4	353	165	199
29	7	10	354	199	259
29	9	5	355	309	338
29	12	6	356	366	381
29	8	4	357	420	500
29	1	9	358	815	853
29	5	2	359	905	951
29	1	8	360	1016	1051
29	13	5	361	1083	1142
29	8	11	362	1142	1224
29	5	9	363	1292	1372
29	8	0	364	1374	1464


Solution History:
