This is the output of Heuristic Solver for Dual resource constrained flexible job shop Scheduling Problem.
Input file is: wfjsp12_6.txt
Method: TS_100000000_0.494000_5
Seed: 4
Number of Jobs: 25
Number of Operations: 201
Number of Machines: 10
Number of Operators: 10
CPU Time: 29.6572
obj: 1173
Best found lower bound:0
Solver gap (best found lower bound and upper bound difference): Not known


Final Solution:
Job	Machine	Operator	Operation	Start Time	Finish Time
0	1	8	0	128	186
0	9	7	1	263	301
0	2	2	2	433	495
0	3	2	3	495	536
0	5	9	4	536	630
0	5	9	5	630	720
0	5	8	6	720	748
0	2	2	7	819	846
0	9	3	8	1083	1168
1	0	2	9	25	40
1	5	2	10	215	303
1	1	9	11	346	425
1	7	6	12	486	522
1	9	8	13	540	578
1	5	8	14	784	839
1	8	8	15	877	967
1	0	2	16	1091	1172
2	5	9	17	89	179
2	7	8	18	186	213
2	4	6	19	228	280
2	3	5	20	392	445
2	1	3	21	531	573
2	6	0	22	629	718
2	4	6	23	1018	1095
2	6	0	24	1106	1163
3	1	8	25	89	128
3	8	6	26	128	159
3	7	6	27	159	168
3	4	6	28	168	228
3	0	2	29	323	408
3	3	6	30	536	583
3	3	2	31	677	692
3	3	6	32	780	870
3	9	3	33	881	953
3	3	0	34	1049	1089
4	9	9	35	0	83
4	1	7	36	308	346
4	8	6	37	373	397
4	1	3	38	433	518
4	9	3	39	661	697
4	3	2	40	728	778
4	6	1	41	926	971
4	5	5	42	984	1050
5	3	5	43	86	177
5	8	1	44	199	283
5	8	0	45	397	454
5	8	4	46	506	592
5	6	0	47	594	629
5	0	7	48	803	854
5	2	2	49	859	873
6	8	3	50	0	90
6	7	6	51	90	121
6	6	1	52	126	140
6	6	1	53	140	186
6	7	8	54	213	301
6	0	2	55	311	323
6	6	1	56	365	446
6	2	7	57	501	571
6	0	3	58	1021	1083
6	2	4	59	1091	1138
7	0	2	60	121	206
7	0	7	61	427	439
7	2	2	62	589	677
7	4	6	63	689	748
7	4	8	64	857	877
7	3	2	65	877	904
7	5	7	66	1078	1165
8	1	5	67	16	57
8	2	7	68	172	263
8	0	7	69	439	501
8	0	3	70	518	531
8	1	1	71	891	925
8	6	1	72	971	1012
9	7	8	73	0	89
9	5	5	74	179	215
9	9	9	75	301	345
9	9	7	76	346	355
9	5	9	77	426	449
9	5	9	78	449	535
9	5	9	79	891	984
9	6	0	80	1095	1106
10	0	2	81	0	25
10	6	0	82	105	115
10	1	5	83	215	308
10	6	5	84	308	327
10	9	7	85	578	661
10	7	5	86	680	767
10	2	4	87	767	819
10	6	5	88	900	926
10	2	4	89	1138	1170
11	2	7	90	0	85
11	7	4	91	168	186
11	0	2	92	408	427
11	4	8	93	623	664
11	3	0	94	904	954
11	3	0	95	977	1022
12	9	3	96	162	256
12	7	4	97	311	399
12	9	8	98	450	479
12	9	8	99	479	540
12	6	0	100	540	594
12	0	7	101	665	676
12	3	2	102	692	728
12	7	5	103	767	815
12	4	8	104	839	857
12	8	8	105	967	1001
13	7	0	106	121	143
13	8	0	107	159	199
13	2	3	108	344	433
13	4	1	109	534	573
13	0	4	110	634	665
13	2	2	111	910	1001
13	3	0	112	1022	1049
13	3	9	113	1095	1151
14	4	4	114	87	162
14	4	1	115	283	364
14	1	3	116	573	657
14	8	6	117	748	780
14	0	2	118	780	797
14	2	2	119	846	859
14	3	0	120	954	977
14	1	5	121	1075	1170
15	1	5	122	0	16
15	0	2	123	40	67
15	2	7	124	85	172
15	5	8	125	303	363
15	3	6	126	445	486
15	7	4	127	906	991
15	4	1	128	1125	1170
16	8	6	129	283	295
16	8	6	130	295	373
16	4	5	131	373	391
16	8	0	132	454	506
16	4	1	133	573	623
16	4	6	134	672	689
16	8	1	135	698	736
16	0	7	136	854	929
16	1	5	137	929	978
17	0	2	138	67	121
17	0	4	139	248	311
17	7	5	140	587	680
17	9	3	141	697	782
17	8	0	142	782	877
17	2	6	143	877	910
17	9	3	144	953	1015
17	8	1	145	1015	1097
18	3	6	146	19	86
18	8	1	147	90	126
18	2	3	148	263	344
18	5	7	149	363	426
18	6	5	150	446	530
19	3	6	151	0	19
19	4	4	152	52	87
19	6	9	153	202	301
19	6	5	154	327	365
19	8	1	155	623	698
19	6	7	156	746	803
19	6	5	157	815	900
19	7	4	158	991	1080
19	7	8	159	1080	1173
20	1	5	160	57	81
20	9	3	161	90	162
20	3	0	162	202	269
20	9	8	163	363	450
20	8	8	164	592	609
20	1	8	165	664	719
20	1	9	166	801	891
20	4	6	167	927	1018
20	6	7	168	1021	1078
20	4	1	169	1097	1125
21	4	4	170	0	52
21	3	0	171	269	298
21	4	6	172	397	444
21	1	9	173	720	801
21	9	3	174	805	881
21	2	2	175	1001	1091
22	5	1	176	0	89
22	4	1	177	446	534
22	7	5	178	534	587
22	0	4	179	676	767
22	5	8	180	767	784
22	9	3	181	784	805
22	7	4	182	819	906
22	0	7	183	929	1021
22	9	8	184	1021	1069
22	8	6	185	1097	1171
23	6	0	186	0	13
23	6	0	187	13	105
23	3	9	188	179	202
23	3	0	189	298	392
23	0	4	190	592	634
23	1	9	191	984	1075
24	0	4	192	206	248
24	7	4	193	399	484
24	0	2	194	536	589
24	3	6	195	589	672
24	2	7	196	677	746
24	4	1	197	748	837
24	5	1	198	839	888
24	4	6	199	910	927
24	6	9	200	1078	1095


Solution History:
