This is the output of Heuristic Solver for Dual resource constrained flexible job shop Scheduling Problem.
Input file is: wfjsp23_10.txt
Method: TS_100000000_0.581067_5
Seed: 4
Number of Jobs: 30
Number of Operations: 385
Number of Machines: 15
Number of Operators: 12
CPU Time: 34.9116
obj: 1756
Best found lower bound:0
Solver gap (best found lower bound and upper bound difference): Not known


Final Solution:
Job	Machine	Operator	Operation	Start Time	Finish Time
0	0	9	0	0	78
0	1	3	1	650	732
0	4	11	2	817	885
0	0	6	3	923	1008
0	14	9	4	1015	1069
0	5	3	5	1089	1123
0	8	2	6	1179	1216
0	3	4	7	1304	1352
0	0	4	8	1377	1469
0	4	1	9	1473	1501
0	2	7	10	1524	1564
0	5	11	11	1566	1601
0	4	6	12	1601	1686
1	6	9	13	93	168
1	9	4	14	207	273
1	7	5	15	337	418
1	10	11	16	641	720
1	2	8	17	729	741
1	1	8	18	741	749
1	14	7	19	810	855
1	7	6	20	859	923
1	10	2	21	938	1021
1	12	2	22	1070	1120
1	12	0	23	1151	1219
1	7	0	24	1338	1381
1	0	6	25	1566	1589
2	13	0	26	370	417
2	10	1	27	441	459
2	0	1	28	565	653
2	1	11	29	784	817
2	11	3	30	864	943
2	6	9	31	943	1015
2	4	11	32	1015	1084
2	9	1	33	1116	1152
2	8	10	34	1220	1277
2	1	8	35	1418	1492
2	4	1	36	1501	1516
2	12	4	37	1583	1602
2	4	11	38	1735	1754
3	7	5	39	188	233
3	13	8	40	262	290
3	5	11	41	388	477
3	5	11	42	477	548
3	6	4	43	574	660
3	8	11	44	720	736
3	11	8	45	750	765
3	2	0	46	849	916
3	11	2	47	1601	1654
3	9	9	48	1736	1750
4	13	10	49	437	527
4	3	0	50	661	750
4	1	2	51	750	779
4	14	5	52	945	1012
4	1	2	53	1049	1058
4	7	6	54	1115	1203
4	11	8	55	1249	1331
4	0	3	56	1331	1352
4	8	6	57	1355	1420
4	6	0	58	1584	1620
4	6	3	59	1687	1696
5	0	9	60	168	256
5	11	8	61	290	336
5	8	0	62	443	525
5	12	4	63	901	970
5	7	10	64	1013	1098
5	10	0	65	1219	1291
5	13	5	66	1305	1350
5	9	0	67	1425	1476
5	14	0	68	1476	1492
5	10	0	69	1492	1515
5	1	3	70	1518	1540
5	3	10	71	1577	1598
5	1	2	72	1654	1705
6	7	1	73	0	49
6	6	2	74	55	78
6	0	6	75	84	152
6	8	11	76	152	198
6	3	4	77	356	400
6	1	4	78	400	440
6	8	10	79	773	853
6	12	4	80	1033	1070
6	9	1	81	1152	1185
6	9	4	82	1352	1377
6	0	3	83	1671	1684
7	13	0	84	141	230
7	11	6	85	250	286
7	2	7	86	355	389
7	0	9	87	411	481
7	3	2	88	584	661
7	2	6	89	677	692
7	10	9	90	734	813
7	5	2	91	853	926
7	13	10	92	1523	1559
7	3	10	93	1559	1577
8	7	1	94	49	138
8	10	2	95	172	222
8	7	0	96	233	321
8	11	8	97	336	408
8	10	9	98	563	627
8	13	3	99	732	817
8	6	4	100	820	901
8	13	10	101	1143	1220
8	4	7	102	1220	1306
8	1	11	103	1307	1394
8	5	3	104	1431	1476
8	13	9	105	1494	1523
8	14	9	106	1602	1654
8	12	10	107	1674	1749
9	10	0	108	31	47
9	13	0	109	47	141
9	12	4	110	194	207
9	4	9	111	496	563
9	8	7	112	651	715
9	5	1	113	760	814
9	0	9	114	814	901
9	2	7	115	961	1031
9	2	7	116	1117	1211
9	13	9	117	1417	1494
9	14	1	118	1516	1590
9	8	11	119	1601	1680
9	3	7	120	1689	1717
9	0	6	121	1717	1752
10	10	9	122	261	340
10	12	3	123	360	384
10	6	4	124	504	574
10	11	6	125	628	645
10	0	5	126	677	700
10	10	9	127	901	938
10	4	0	128	938	969
10	14	6	129	1090	1115
10	5	11	130	1394	1431
10	1	2	131	1705	1756
11	5	11	132	130	149
11	2	6	133	152	238
11	1	3	134	475	486
11	12	2	135	502	584
11	12	8	136	669	684
11	1	11	137	885	953
11	5	8	138	962	1041
11	8	0	139	1058	1083
11	11	0	140	1083	1151
11	0	1	141	1185	1261
11	7	1	142	1261	1317
11	2	2	143	1317	1408
11	8	6	144	1420	1482
11	4	0	145	1516	1584
12	2	6	146	238	250
12	14	1	147	296	379
12	3	3	148	400	475
12	7	1	149	476	565
12	14	5	150	565	615
12	10	11	151	627	641
12	2	6	152	645	677
12	0	7	153	715	794
12	13	2	154	1220	1300
12	1	3	155	1540	1627
13	3	5	156	476	562
13	5	8	157	588	669
13	4	9	158	700	734
13	4	2	159	784	811
13	9	8	160	866	937
13	7	10	161	937	1013
13	6	5	162	1049	1076
13	6	5	163	1103	1164
13	1	11	164	1169	1255
13	0	3	165	1278	1331
13	3	7	166	1352	1421
13	11	5	167	1421	1489
13	11	5	168	1489	1521
13	8	2	169	1539	1591
13	0	1	170	1591	1645
14	5	6	171	0	84
14	10	2	172	84	172
14	3	5	173	271	337
14	13	6	174	1059	1090
14	6	9	175	1254	1340
14	12	3	176	1386	1431
14	7	10	177	1431	1511
14	3	7	178	1511	1524
14	10	9	179	1524	1588
14	13	9	180	1588	1602
14	13	10	181	1602	1674
14	9	9	182	1674	1694
14	2	3	183	1696	1752
15	2	5	184	0	66
15	14	5	185	90	162
15	4	1	186	206	296
15	11	6	187	476	555
15	7	1	188	697	760
15	3	2	189	811	853
15	11	3	190	943	962
15	2	7	191	1031	1117
15	10	8	192	1117	1164
15	9	0	193	1291	1338
15	14	10	194	1355	1428
15	5	3	195	1627	1664
16	9	10	196	0	78
16	5	1	197	149	206
16	1	5	198	233	268
16	5	4	199	273	356
16	7	6	200	441	476
16	0	9	201	481	496
16	4	11	202	563	589
16	4	11	203	589	626
16	5	8	204	937	962
16	1	5	205	1012	1047
16	9	9	206	1217	1254
16	2	5	207	1254	1305
16	12	2	208	1454	1539
17	1	3	209	90	121
17	0	0	210	321	370
17	12	7	211	389	476
17	9	3	212	505	565
17	5	3	213	565	588
17	4	9	214	627	700
17	3	3	215	962	984
17	11	1	216	987	1074
17	6	5	217	1076	1103
17	0	4	218	1122	1185
17	1	8	219	1492	1512
17	0	6	220	1686	1714
18	14	3	221	0	90
18	4	3	222	130	197
18	14	10	223	231	251
18	14	10	224	251	270
18	1	10	225	527	560
18	1	10	226	560	630
18	5	4	227	669	754
18	9	4	228	754	820
18	10	1	229	820	865
18	0	4	230	1070	1122
18	3	2	231	1122	1179
18	6	9	232	1340	1417
18	7	5	233	1521	1607
18	3	8	234	1607	1687
18	10	8	235	1687	1733
19	11	2	236	0	55
19	8	7	237	62	70
19	6	9	238	78	93
19	12	7	239	138	190
19	14	10	240	197	231
19	0	3	241	496	505
19	8	7	242	564	651
19	8	4	243	981	1031
19	3	3	244	1188	1278
19	2	2	245	1305	1314
19	2	2	246	1442	1454
19	6	4	247	1469	1498
20	1	8	248	122	191
20	8	11	249	198	271
20	9	10	250	273	327
20	14	10	251	384	437
20	9	4	252	440	504
20	14	6	253	692	779
20	13	10	254	1098	1143
20	7	5	255	1236	1252
20	1	11	256	1288	1307
20	12	1	257	1317	1386
20	5	11	258	1486	1566
20	2	7	259	1596	1689
20	4	11	260	1689	1735
20	3	5	261	1735	1756
21	10	0	262	0	9
21	12	8	263	9	54
21	2	7	264	70	97
21	9	10	265	120	197
21	10	2	266	222	261
21	2	2	267	261	337
21	4	9	268	340	382
21	4	2	269	392	426
21	11	5	270	426	476
21	11	6	271	555	628
21	4	11	272	981	1004
21	5	1	273	1671	1749
22	1	11	274	0	84
22	2	8	275	408	472
22	2	8	276	472	551
22	2	8	277	551	588
22	1	10	278	630	649
22	7	1	279	653	697
22	5	3	280	1123	1188
22	14	6	281	1217	1287
22	8	10	282	1287	1355
22	4	1	283	1386	1473
22	0	6	284	1482	1566
22	2	7	285	1566	1596
22	6	0	286	1620	1687
22	14	0	287	1687	1734
22	7	0	288	1734	1750
23	13	0	289	9	31
23	9	10	290	78	120
23	3	4	291	145	194
23	12	8	292	235	262
23	12	7	293	281	345
23	2	7	294	345	355
23	6	6	295	362	441
23	12	3	296	588	650
23	13	8	297	684	729
23	7	5	298	770	859
23	8	7	299	948	961
23	3	8	300	1041	1117
23	1	11	301	1255	1288
23	2	2	302	1408	1442
23	9	3	303	1476	1518
24	11	4	304	64	145
24	10	1	305	379	428
24	13	0	306	527	614
24	14	5	307	615	677
24	8	11	308	736	753
24	8	11	309	753	773
24	3	8	310	773	802
24	12	8	311	802	866
24	8	11	312	961	981
24	5	3	313	1041	1089
24	14	9	314	1136	1217
24	6	4	315	1498	1583
24	7	5	316	1607	1654
24	7	5	317	1654	1734
24	13	8	318	1736	1753
25	3	4	319	0	64
25	1	3	320	197	230
25	9	2	321	337	392
25	0	9	322	392	411
25	8	0	323	417	443
25	1	2	324	443	464
25	10	2	325	464	502
25	9	0	326	614	661
25	6	5	327	700	770
25	11	6	328	779	857
25	8	1	329	865	944
25	0	6	330	1008	1059
25	1	9	331	1069	1136
25	10	8	332	1331	1392
26	4	7	333	0	62
26	8	7	334	97	138
26	14	5	335	162	188
26	11	8	336	191	235
26	6	3	337	235	281
26	1	10	338	340	384
26	4	1	339	428	441
26	14	7	340	476	537
26	8	7	341	537	564
26	14	10	342	855	932
26	12	3	343	984	1033
26	5	6	344	1287	1354
26	3	7	345	1421	1506
27	12	8	346	54	122
27	3	7	347	194	271
27	1	11	348	271	340
27	8	11	349	340	388
27	9	10	350	661	745
27	3	0	351	750	761
27	5	4	352	1188	1264
27	12	4	353	1264	1282
27	5	3	354	1354	1375
27	1	8	355	1394	1418
27	11	8	356	1521	1601
27	0	1	357	1645	1671
27	11	4	358	1671	1752
28	4	11	359	84	130
28	12	7	360	271	281
28	6	3	361	281	360
28	11	2	362	661	750
28	4	11	363	773	784
28	0	7	364	794	810
28	9	3	365	820	864
28	3	7	366	864	948
28	9	1	367	948	987
28	6	2	368	1021	1049
28	8	11	369	1084	1169
28	11	8	370	1169	1249
28	12	4	371	1282	1304
28	11	5	372	1350	1420
29	13	6	373	290	362
29	2	0	374	761	849
29	13	5	375	859	945
29	13	0	376	969	1058
29	9	1	377	1074	1116
29	6	5	378	1164	1236
29	4	7	379	1306	1338
29	9	0	380	1381	1425
29	10	11	381	1431	1486
29	12	4	382	1602	1666
29	10	9	383	1666	1674
29	13	9	384	1694	1736


Solution History:
