This is the output of Heuristic Solver for Dual resource constrained flexible job shop Scheduling Problem.
Input file is: wfjsp9_6.txt
Method: TS_100000000_0.441688_5
Seed: 2
Number of Jobs: 15
Number of Operations: 134
Number of Machines: 5
Number of Operators: 5
CPU Time: 26.5086
obj: 1409
Best found lower bound:0
Solver gap (best found lower bound and upper bound difference): Not known


Final Solution:
Job	Machine	Operator	Operation	Start Time	Finish Time
0	4	0	0	302	364
0	2	0	1	443	484
0	3	2	2	501	568
0	3	4	3	574	615
0	1	1	4	637	732
0	2	2	5	732	820
0	3	3	6	862	890
0	3	3	7	890	916
0	4	2	8	1321	1406
1	1	4	9	224	238
1	4	1	10	402	484
1	0	3	11	524	602
1	3	4	12	653	685
1	0	4	13	688	724
1	4	0	14	770	827
1	2	2	15	846	941
1	0	3	16	1328	1409
2	2	2	17	0	84
2	3	2	18	218	246
2	3	4	19	248	294
2	3	4	20	341	394
2	2	0	21	484	527
2	2	2	22	985	1067
2	4	0	23	1117	1192
2	3	4	24	1339	1404
3	4	0	25	0	43
3	1	4	26	174	206
3	4	0	27	293	302
3	1	4	28	756	821
3	4	0	29	827	912
3	3	3	30	916	961
3	4	0	31	961	976
3	2	2	32	1156	1237
3	0	1	33	1245	1325
3	1	1	34	1362	1401
4	3	4	35	9	86
4	4	0	36	163	203
4	0	4	37	402	427
4	4	1	38	484	569
4	2	2	39	647	683
4	4	0	40	720	770
4	3	3	41	1040	1085
4	4	0	42	1251	1317
5	0	3	43	0	85
5	1	2	44	85	174
5	0	1	45	174	224
5	2	3	46	224	314
5	3	3	47	688	722
5	2	2	48	941	985
5	4	0	49	985	998
5	3	3	50	1085	1167
5	1	4	51	1298	1327
5	3	4	52	1328	1339
6	2	3	53	85	132
6	2	3	54	132	219
6	1	4	55	238	248
6	1	2	56	291	373
6	1	4	57	501	566
6	1	1	58	574	637
6	2	2	59	683	728
6	3	3	60	774	862
6	1	4	61	1199	1210
6	1	4	62	1210	1298
7	0	1	63	113	167
7	1	2	64	248	269
7	2	3	65	350	376
7	1	2	66	376	461
7	1	2	67	461	501
7	0	3	68	602	688
7	1	4	69	1003	1069
7	4	0	70	1069	1082
7	4	0	71	1082	1117
7	1	1	72	1123	1165
8	3	4	73	86	174
8	0	4	74	427	465
8	0	3	75	480	524
8	1	4	76	566	574
8	1	1	77	732	756
8	1	4	78	821	915
8	2	2	79	1067	1156
8	1	4	80	1188	1199
8	4	0	81	1226	1251
9	3	4	82	0	9
9	4	0	83	585	675
9	0	4	84	734	752
9	0	1	85	807	892
9	0	1	86	892	981
9	1	1	87	1070	1123
9	1	4	88	1165	1188
9	4	0	89	1192	1226
10	1	1	90	0	85
10	1	4	91	206	224
10	4	2	92	569	585
10	2	2	93	611	647
10	0	1	94	756	807
10	4	0	95	912	957
10	0	1	96	981	1070
10	3	3	97	1167	1256
10	2	0	98	1379	1408
11	4	0	99	43	109
11	4	0	100	109	163
11	3	4	101	294	305
11	2	3	102	314	350
11	2	0	103	393	443
11	0	4	104	465	480
11	2	0	105	527	561
11	2	0	106	561	583
11	3	4	107	615	653
12	4	0	108	203	293
12	3	4	109	305	341
12	4	0	110	364	393
12	3	3	111	394	478
12	2	2	112	585	611
12	3	3	113	722	774
12	3	3	114	961	1040
12	0	4	115	1070	1164
12	2	2	116	1237	1321
12	1	1	117	1327	1362
13	0	1	118	85	101
13	0	1	119	101	113
13	1	2	120	269	291
13	0	1	121	317	402
13	3	4	122	480	497
13	2	2	123	820	846
13	1	4	124	915	1003
13	4	0	125	1003	1067
14	3	2	126	174	218
14	0	1	127	224	317
14	4	0	128	675	720
14	0	4	129	724	734
14	0	1	130	1165	1245
14	3	3	131	1256	1276
14	3	3	132	1276	1328
14	2	0	133	1328	1379


Solution History:
