This is the output of Heuristic Solver for Dual resource constrained flexible job shop Scheduling Problem.
Input file is: wfjsp13_9.txt
Method: TS_100000000_0.331067_5
Seed: 4
Number of Jobs: 25
Number of Operations: 258
Number of Machines: 15
Number of Operators: 15
CPU Time: 19.8865
obj: 1016
Best found lower bound:0
Solver gap (best found lower bound and upper bound difference): Not known


Final Solution:
Job	Machine	Operator	Operation	Start Time	Finish Time
0	4	7	0	243	315
0	13	5	1	315	359
0	14	9	2	359	427
0	2	3	3	427	483
0	10	7	4	492	524
0	2	7	5	524	608
0	7	12	6	609	673
0	3	14	7	673	696
0	14	9	8	698	757
0	2	9	9	757	820
0	12	7	10	838	927
0	0	14	11	927	1016
1	13	13	12	8	85
1	7	13	13	123	160
1	8	14	14	247	272
1	6	14	15	279	339
1	0	1	16	471	488
1	11	10	17	561	644
1	10	11	18	701	727
1	4	0	19	732	751
1	12	3	20	752	786
1	12	3	21	786	838
1	14	4	22	876	887
1	5	1	23	923	945
2	11	1	24	0	23
2	2	9	25	75	137
2	10	10	26	160	219
2	1	10	27	365	455
2	8	6	28	488	596
2	9	11	29	612	701
2	11	6	30	730	785
2	0	13	31	785	849
2	6	9	32	851	911
3	3	12	33	160	239
3	3	0	34	241	256
3	11	0	35	256	331
3	8	2	36	348	383
3	13	5	37	394	416
3	0	9	38	427	441
3	13	14	39	441	503
3	12	3	40	548	605
3	6	10	41	692	780
3	14	4	42	887	911
3	2	3	43	932	954
3	6	11	44	989	1008
4	10	7	45	101	137
4	4	3	46	143	184
4	9	12	47	256	321
4	3	9	48	471	516
4	9	14	49	582	602
4	10	9	50	602	686
4	4	3	51	693	721
4	9	8	52	786	850
4	14	13	53	924	953
5	4	3	54	16	44
5	8	3	55	73	143
5	0	6	56	203	279
5	7	11	57	305	322
5	7	11	58	322	356
5	11	13	59	356	439
5	10	8	60	439	492
5	4	0	61	751	787
5	0	13	62	849	924
6	8	2	63	0	73
6	13	14	64	116	195
6	9	3	65	195	256
6	2	0	66	413	426
6	7	13	67	439	448
6	7	4	68	448	483
6	5	2	69	488	548
6	0	1	70	577	598
6	0	6	71	598	633
6	12	2	72	633	667
6	13	14	73	710	780
6	13	6	74	785	871
7	6	9	75	0	52
7	9	8	76	52	82
7	12	0	77	115	195
7	10	1	78	322	373
7	10	8	79	380	434
7	0	9	80	441	471
7	0	1	81	488	524
7	10	8	82	524	561
7	1	1	83	617	634
7	5	0	84	677	732
7	1	1	85	946	982
8	10	10	86	23	101
8	2	9	87	137	197
8	12	0	88	197	219
8	13	2	89	247	269
8	0	4	90	279	366
8	2	0	91	366	413
8	14	13	92	612	698
8	14	0	93	787	862
8	7	0	94	862	908
8	1	1	95	982	996
9	3	4	96	0	39
9	6	14	97	52	111
9	14	6	98	115	200
9	5	11	99	221	305
9	9	12	100	321	352
9	6	14	101	369	431
9	2	3	102	483	520
9	1	1	103	598	617
9	12	2	104	667	752
9	6	4	105	780	837
10	0	6	106	0	59
10	5	2	107	83	167
10	2	4	108	241	253
10	8	5	109	416	479
10	0	1	110	524	577
10	5	0	111	589	605
10	0	1	112	634	712
10	8	5	113	730	820
10	7	5	114	823	846
10	4	4	115	846	876
10	13	6	116	876	945
10	10	10	117	946	1009
11	0	6	118	59	115
11	11	5	119	115	149
11	6	9	120	197	220
11	6	9	121	220	279
11	1	3	122	308	365
11	7	4	123	530	591
11	11	11	124	800	881
11	10	11	125	881	944
11	3	2	126	988	1016
12	7	11	127	0	44
12	2	3	128	256	280
12	5	8	129	308	380
12	4	9	130	516	602
12	11	5	131	644	730
12	5	12	132	800	865
12	2	8	133	865	921
12	8	5	134	928	962
12	8	2	135	962	988
13	4	0	136	0	16
13	3	10	137	101	160
13	14	13	138	243	325
13	3	6	139	336	362
13	0	6	140	366	426
13	6	12	141	431	532
13	3	2	142	548	613
13	1	10	143	644	686
13	0	13	144	712	785
13	4	12	145	932	1015
14	3	4	146	39	79
14	4	13	147	85	123
14	1	8	148	183	217
14	12	10	149	267	338
14	3	4	150	366	432
14	1	14	151	503	582
14	14	11	152	582	612
14	12	2	153	613	626
14	13	6	154	643	710
14	2	9	155	820	851
14	12	7	156	927	1012
15	10	5	157	0	23
15	14	0	158	23	56
15	3	4	159	79	92
15	1	1	160	107	183
15	4	1	161	184	243
15	7	5	162	243	300
15	9	14	163	352	369
15	12	2	164	383	465
15	7	12	165	673	754
15	4	1	166	787	843
15	8	5	167	846	928
15	11	0	168	930	1006
16	7	13	169	160	243
16	7	12	170	356	431
16	9	11	171	487	545
16	3	14	172	613	668
16	2	7	173	668	727
16	3	10	174	780	822
16	5	2	175	865	923
16	3	2	176	925	952
16	2	3	177	954	1011
17	7	11	178	44	104
17	4	12	179	123	138
17	12	10	180	219	267
17	2	9	181	280	358
17	5	1	182	380	394
17	4	7	183	394	484
17	6	4	184	609	692
17	1	8	185	696	707
17	5	11	186	732	800
17	4	3	187	876	932
17	5	6	188	945	1005
18	13	13	189	0	8
18	14	0	190	56	115
18	8	7	191	143	163
18	10	2	192	221	247
18	4	7	193	366	392
18	11	5	194	503	561
18	2	7	195	608	641
18	3	4	196	696	780
19	2	1	197	23	50
19	6	11	198	111	180
19	13	14	199	195	247
19	3	4	200	256	271
19	3	6	201	279	336
19	14	0	202	427	475
19	14	0	203	475	572
19	4	3	204	605	693
19	1	8	205	707	777
19	1	10	206	864	946
19	14	13	207	953	1004
20	1	1	208	52	107
20	13	4	209	107	116
20	0	4	210	116	203
20	2	0	211	219	241
20	4	7	212	315	366
20	8	3	213	383	412
20	11	13	214	448	503
20	5	0	215	572	589
20	9	1	216	712	786
20	6	0	217	911	930
21	1	8	218	0	52
21	4	9	219	52	75
21	9	12	220	83	112
21	5	2	221	167	221
21	1	8	222	221	308
21	6	0	223	339	357
21	9	11	224	369	431
21	12	10	225	465	548
21	5	0	226	605	677
22	12	7	227	0	92
22	9	8	228	112	169
22	14	4	229	203	234
22	13	5	230	561	643
22	14	12	231	757	770
22	1	14	232	780	860
22	3	12	233	865	925
22	9	4	234	925	1015
23	5	12	235	0	83
23	11	5	236	149	242
23	8	2	237	272	348
23	13	5	238	359	394
23	9	11	239	431	487
23	13	13	240	503	551
23	1	8	241	582	596
23	8	8	242	596	696
23	7	2	243	754	823
23	3	10	244	823	864
23	11	9	245	911	929
23	6	9	246	930	989
24	2	3	247	0	15
24	11	5	248	23	114
24	8	7	249	163	235
24	10	1	250	247	322
24	5	1	251	394	457
24	5	6	252	457	488
24	7	4	253	488	530
24	6	12	254	532	609
24	10	7	255	727	819
24	9	1	256	850	914
24	7	8	257	921	990


Solution History:
