This is the output of Heuristic Solver for Dual resource constrained flexible job shop Scheduling Problem.
Input file is: wfjsp12_8.txt
Method: TS_100000000_0.362115_5
Seed: 5
Number of Jobs: 25
Number of Operations: 186
Number of Machines: 10
Number of Operators: 10
CPU Time: 21.7396
obj: 1011
Best found lower bound:0
Solver gap (best found lower bound and upper bound difference): Not known


Final Solution:
Job	Machine	Operator	Operation	Start Time	Finish Time
0	5	0	0	10	37
0	4	0	1	470	527
0	9	4	2	529	557
0	3	4	3	631	695
0	6	8	4	735	813
1	1	6	5	152	215
1	3	1	6	310	372
1	4	0	7	387	399
1	5	9	8	433	484
1	1	1	9	537	592
1	0	5	10	623	651
1	9	2	11	651	738
1	9	2	12	981	989
2	1	2	13	0	89
2	7	3	14	188	210
2	3	8	15	562	628
2	8	5	16	762	835
2	9	5	17	849	878
2	3	1	18	879	935
2	7	6	19	959	1001
3	5	9	20	49	98
3	6	8	21	102	139
3	2	7	22	147	204
3	0	9	23	207	263
3	4	0	24	281	339
3	8	6	25	355	443
3	0	5	26	553	623
3	3	4	27	695	762
3	3	4	28	762	829
3	9	5	29	878	971
4	7	9	30	99	177
4	5	4	31	194	262
4	6	9	32	562	617
4	5	0	33	617	655
4	4	6	34	774	858
4	5	7	35	873	955
4	5	7	36	955	983
5	9	5	37	41	70
5	9	2	38	89	152
5	7	9	39	177	188
5	2	5	40	245	318
5	9	2	41	318	350
5	7	8	42	397	406
5	9	4	43	468	514
5	6	7	44	834	873
6	7	0	45	49	99
6	0	0	46	99	189
6	2	6	47	318	355
6	9	2	48	596	643
6	0	0	49	872	929
6	1	1	50	935	1007
7	6	8	51	89	102
7	0	4	52	289	307
7	5	7	53	345	386
7	3	5	54	493	553
7	8	5	55	715	730
7	7	6	56	890	959
8	3	8	57	27	83
8	6	8	58	139	207
8	3	6	59	272	310
8	1	2	60	352	436
8	0	9	61	493	547
8	5	0	62	552	574
8	6	8	63	714	735
8	7	8	64	813	851
9	0	4	65	0	72
9	3	1	66	83	98
9	9	5	67	221	245
9	4	0	68	339	387
9	5	7	69	387	430
9	3	1	70	430	486
9	5	1	71	486	501
9	4	4	72	557	631
9	8	2	73	932	981
10	9	5	74	10	41
10	8	2	75	152	183
10	4	0	76	527	552
10	8	1	77	596	655
10	9	6	78	738	774
10	8	4	79	835	863
10	2	9	80	879	959
11	3	8	81	0	27
11	1	1	82	98	152
11	8	2	83	183	248
11	7	8	84	312	397
11	8	2	85	443	529
11	7	6	86	661	699
11	7	1	87	741	813
11	1	2	88	873	932
12	3	1	89	157	229
12	4	3	90	409	470
12	2	3	91	479	549
12	2	3	92	549	621
12	2	3	93	621	686
12	0	0	94	724	742
12	2	3	95	773	840
12	4	3	96	858	912
13	6	3	97	0	89
13	2	5	98	97	147
13	4	0	99	189	249
13	7	6	100	463	529
13	1	7	101	667	748
13	0	0	102	791	872
13	3	4	103	935	997
14	8	7	104	0	96
14	0	4	105	263	289
14	5	1	106	501	522
14	7	6	107	529	594
14	8	5	108	686	715
14	5	9	109	849	871
14	6	8	110	876	929
14	0	0	111	929	1003
15	5	4	112	157	194
15	8	1	113	248	305
15	6	3	114	353	409
15	6	8	115	409	493
15	1	7	116	493	537
15	5	7	117	748	834
15	2	3	118	840	852
15	8	4	119	863	924
15	6	7	120	983	1000
16	9	5	121	152	221
16	6	8	122	221	292
16	5	0	123	574	607
16	5	1	124	655	741
16	0	0	125	742	791
16	1	2	126	816	873
17	5	7	127	98	141
17	0	9	128	189	207
17	4	0	129	249	281
17	5	7	130	281	345
17	9	9	131	352	433
17	6	8	132	493	562
17	1	7	133	592	667
17	1	2	134	748	816
17	2	1	135	855	879
17	2	9	136	959	1008
18	0	4	137	72	91
18	4	3	138	105	148
18	4	3	139	148	181
18	1	7	140	215	272
18	7	8	141	292	312
18	3	5	142	378	420
18	4	9	143	631	688
18	7	6	144	858	890
19	3	6	145	229	272
19	6	3	146	292	353
19	7	0	147	406	463
19	8	2	148	529	596
19	6	9	149	617	631
19	2	3	150	686	773
20	2	5	151	73	97
20	7	3	152	210	285
20	0	5	153	318	378
20	9	4	154	514	529
20	9	9	155	774	849
21	9	0	156	0	10
21	8	6	157	105	147
21	9	2	158	248	310
21	2	5	159	427	479
21	6	8	160	631	714
21	8	5	161	730	762
21	3	8	162	855	876
21	4	3	163	912	989
22	4	6	164	0	19
22	4	6	165	19	105
22	1	9	166	272	299
22	8	4	167	307	354
22	5	7	168	537	549
22	7	6	169	594	661
22	4	9	170	688	764
22	6	8	171	929	965
23	7	9	172	0	49
23	2	1	173	372	427
23	1	7	174	436	491
23	0	0	175	655	724
23	9	2	176	989	1003
24	2	1	177	0	73
24	3	4	178	98	157
24	1	9	179	299	352
24	0	4	180	378	468
24	0	5	181	479	493
24	8	5	182	655	686
24	7	6	183	699	728
24	3	1	184	829	855
24	8	5	185	981	1011


Solution History:
