This is the output of Heuristic Solver for Dual resource constrained flexible job shop Scheduling Problem.
Input file is: wfjsp14_3.txt
Method: TS_100000000_0.638037_5
Seed: 5
Number of Jobs: 30
Number of Operations: 235
Number of Machines: 15
Number of Operators: 15
CPU Time: 38.3032
obj: 860
Best found lower bound:0
Solver gap (best found lower bound and upper bound difference): Not known


Final Solution:
Job	Machine	Operator	Operation	Start Time	Finish Time
0	9	0	0	0	77
0	13	2	1	99	113
0	1	14	2	113	129
0	7	7	3	141	224
0	8	4	4	334	409
0	13	7	5	521	588
0	3	8	6	602	685
0	4	11	7	741	775
0	1	11	8	775	857
1	10	5	9	0	12
1	7	7	10	12	70
1	8	10	11	70	155
1	14	5	12	161	177
1	1	1	13	418	513
1	11	1	14	617	714
1	8	14	15	722	749
1	14	3	16	807	859
2	12	14	17	0	14
2	3	12	18	101	180
2	1	11	19	192	204
2	5	8	20	300	327
2	13	7	21	362	406
2	3	3	22	407	499
2	10	10	23	506	569
2	7	7	24	588	615
2	14	5	25	615	699
2	13	2	26	699	809
3	10	11	27	54	64
3	10	3	28	64	98
3	5	11	29	98	192
3	14	10	30	221	256
3	1	1	31	265	293
3	14	9	32	315	377
3	4	2	33	521	585
3	4	6	34	795	854
4	3	12	35	0	101
4	7	12	36	277	360
4	4	7	37	413	429
4	8	5	38	433	462
4	3	4	39	508	584
4	1	11	40	603	618
4	9	0	41	629	655
4	3	4	42	685	744
4	11	7	43	775	810
4	3	4	44	810	858
5	14	1	45	0	98
5	9	0	46	159	229
5	0	8	47	229	300
5	13	7	48	347	362
5	13	11	49	407	421
5	12	11	50	437	489
5	7	12	51	510	578
5	4	6	52	586	621
5	9	6	53	772	795
5	6	12	54	798	856
6	8	3	55	0	26
6	8	4	56	26	56
6	7	7	57	70	141
6	12	4	58	262	334
6	0	13	59	373	462
6	6	9	60	489	577
6	3	4	61	584	595
6	6	12	62	595	653
6	2	13	63	662	756
7	13	2	64	0	39
7	5	3	65	203	233
7	8	14	66	245	300
7	1	5	67	300	346
7	1	5	68	346	418
7	7	12	69	578	587
7	13	2	70	588	679
8	6	9	71	43	107
8	4	2	72	155	183
8	9	10	73	327	393
8	5	5	74	497	528
8	8	13	75	605	662
8	0	10	76	775	787
9	11	4	77	66	96
9	14	1	78	98	110
9	2	8	79	152	225
9	5	8	80	327	423
9	0	0	81	462	525
9	6	9	82	577	593
9	11	6	83	741	772
9	12	3	84	789	801
10	0	13	85	0	74
10	11	6	86	271	319
10	11	14	87	319	353
10	11	6	88	353	374
10	2	4	89	409	439
10	7	12	90	454	510
10	5	11	91	683	727
10	3	4	92	766	790
10	2	8	93	812	842
11	2	3	94	26	64
11	12	1	95	110	187
11	14	5	96	187	221
11	3	11	97	221	304
11	6	9	98	407	489
11	12	3	99	499	595
11	2	4	100	595	646
11	5	4	101	647	683
11	0	0	102	684	775
11	10	1	103	775	856
12	5	8	104	24	58
12	9	0	105	77	90
12	9	0	106	90	159
12	1	13	107	204	242
12	3	11	108	341	407
12	14	8	109	423	516
12	10	10	110	569	655
12	10	10	111	655	751
12	2	8	112	756	812
12	13	5	113	812	841
13	12	14	114	14	36
13	14	5	115	113	161
13	14	10	116	256	301
13	9	0	117	312	324
13	10	3	118	332	402
13	5	5	119	727	802
14	10	5	120	98	113
14	1	13	121	129	192
14	6	9	122	235	280
14	8	2	123	300	330
14	11	1	124	548	617
14	7	14	125	617	663
14	4	6	126	684	741
15	5	5	127	233	297
15	0	13	128	302	373
15	0	8	129	525	602
15	8	14	130	663	686
15	1	8	131	686	742
15	3	4	132	744	766
15	0	0	133	787	855
16	6	9	134	0	43
16	5	11	135	64	92
16	6	9	136	107	177
16	10	2	137	203	254
16	2	13	138	269	302
16	4	7	139	473	521
16	14	5	140	547	595
16	9	0	141	602	629
16	4	6	142	655	684
16	12	3	143	692	789
17	11	10	144	0	66
17	12	11	145	424	437
17	9	13	146	462	487
17	2	6	147	508	586
17	1	11	148	618	680
17	9	1	149	714	769
18	13	2	150	56	99
18	13	2	151	113	150
18	13	7	152	224	255
18	2	0	153	327	394
18	4	7	154	429	473
18	10	10	155	473	506
18	8	13	156	506	548
18	8	14	157	686	707
18	11	7	158	810	855
19	10	11	159	12	54
19	1	5	160	57	94
19	11	4	161	96	160
19	12	4	162	194	262
19	9	0	163	394	461
19	11	14	164	498	548
19	8	13	165	548	605
19	0	9	166	605	684
19	14	5	167	699	726
20	4	1	168	187	265
20	2	10	169	302	327
20	10	10	170	412	470
20	4	6	171	621	655
20	7	3	172	663	676
20	7	13	173	775	857
21	8	14	174	155	245
21	9	0	175	245	312
21	6	2	176	332	407
21	11	6	177	433	498
21	1	11	178	513	603
21	7	7	179	692	775
21	5	9	180	807	854
22	2	8	181	0	23
22	11	6	182	160	216
22	10	3	183	254	320
22	12	14	184	353	424
22	6	12	185	653	757
22	8	14	186	757	812
22	12	14	187	812	837
22	2	8	188	842	858
23	2	8	189	64	152
23	3	12	190	180	217
23	2	13	191	242	269
23	6	9	192	280	315
23	4	1	193	335	413
23	2	4	194	439	508
23	8	2	195	812	852
24	4	6	196	0	52
24	8	4	197	56	66
24	10	3	198	113	203
24	6	3	199	320	332
24	11	6	200	374	433
24	5	14	201	548	608
24	5	14	202	608	617
24	14	9	203	726	807
25	12	14	204	36	107
25	0	10	205	155	220
25	13	7	206	281	347
25	10	10	207	404	412
25	5	14	208	424	497
26	5	4	209	0	24
26	0	13	210	74	120
26	6	9	211	177	235
26	13	2	212	255	281
26	8	5	213	418	433
27	7	12	214	360	454
27	8	5	215	462	496
27	9	0	216	525	602
27	12	7	217	615	692
27	8	14	218	707	722
27	9	10	219	795	860
28	13	2	220	39	56
28	4	6	221	56	155
28	7	12	222	224	277
28	3	11	223	304	341
28	2	10	224	394	404
28	13	2	225	421	519
28	14	1	226	519	547
28	5	3	227	617	647
28	9	0	228	655	684
29	1	5	229	12	57
29	13	4	230	160	194
29	11	6	231	216	271
29	4	1	232	293	335
29	14	9	233	377	405
29	6	12	234	757	798


Solution History:
