This is the output of Heuristic Solver for Dual resource constrained flexible job shop Scheduling Problem.
Input file is: wfjsp12_3.txt
Method: TS_100000000_0.524342_5
Seed: 5
Number of Jobs: 25
Number of Operations: 204
Number of Machines: 10
Number of Operators: 10
CPU Time: 31.4769
obj: 1125
Best found lower bound:0
Solver gap (best found lower bound and upper bound difference): Not known


Final Solution:
Job	Machine	Operator	Operation	Start Time	Finish Time
0	0	5	0	0	72
0	5	1	1	132	148
0	3	3	2	193	210
0	1	7	3	265	344
0	6	3	4	344	416
0	5	8	5	558	628
0	3	6	6	735	807
0	9	5	7	807	836
0	0	8	8	844	940
1	8	5	9	72	86
1	8	8	10	327	391
1	8	8	11	468	558
1	8	0	12	667	686
1	8	0	13	686	777
1	1	9	14	836	919
1	1	9	15	919	949
1	4	2	16	990	1053
2	2	3	17	9	27
2	0	0	18	150	226
2	8	6	19	229	240
2	4	6	20	240	268
2	3	9	21	342	386
2	9	4	22	480	577
2	0	8	23	697	765
2	2	4	24	877	904
2	3	6	25	926	996
2	8	8	26	1036	1123
3	6	3	27	0	9
3	6	0	28	9	45
3	6	9	29	45	139
3	5	9	30	232	268
3	0	2	31	564	591
3	6	9	32	644	705
3	2	4	33	712	778
3	6	1	34	922	985
4	9	4	35	159	257
4	5	1	36	319	411
4	7	5	37	435	449
4	2	5	38	506	535
4	6	0	39	566	644
4	4	7	40	836	849
4	3	6	41	902	926
4	9	3	42	952	1002
4	9	3	43	1002	1035
4	3	6	44	1073	1121
5	5	9	45	148	232
5	8	8	46	258	327
5	2	4	47	327	403
5	3	0	48	644	664
5	5	2	49	677	692
5	9	3	50	709	759
5	9	3	51	891	952
5	1	5	52	989	1027
5	5	4	53	1027	1051
5	2	5	54	1057	1110
6	8	6	55	0	25
6	9	2	56	59	87
6	7	5	57	94	158
6	2	5	58	158	228
6	2	1	59	228	319
6	3	9	60	386	474
6	0	2	61	591	602
6	0	8	62	628	697
6	6	2	63	760	861
7	9	2	64	0	43
7	2	4	65	87	116
7	1	3	66	132	193
7	0	2	67	226	268
7	0	9	68	268	341
7	8	8	69	391	402
7	2	1	70	411	506
8	5	6	71	70	125
8	7	5	72	344	372
8	5	2	73	416	488
8	2	5	74	535	563
8	3	5	75	836	902
8	5	4	76	1008	1021
9	7	8	77	163	192
9	5	2	78	268	281
9	4	6	79	391	466
9	3	3	80	474	546
9	5	2	81	628	677
9	5	1	82	773	791
9	6	9	83	985	1020
9	7	5	84	1110	1122
10	4	7	85	0	72
10	3	6	86	136	184
10	8	7	87	184	219
10	5	2	88	281	304
10	7	2	89	311	344
10	6	3	90	416	471
10	2	1	91	657	700
10	1	9	92	949	976
10	6	3	93	1092	1119
11	6	3	94	222	254
11	3	0	95	263	342
11	7	5	96	372	402
11	0	0	97	419	495
11	9	3	98	577	683
11	7	7	99	696	777
11	5	6	100	807	858
11	5	6	101	858	891
11	7	7	102	916	1016
11	6	9	103	1020	1092
12	2	6	104	27	64
12	3	6	105	125	136
12	7	8	106	192	258
12	1	7	107	344	385
12	8	8	108	402	468
12	4	9	109	739	836
12	8	0	110	840	931
12	8	8	111	940	1036
12	9	3	112	1036	1083
12	9	9	113	1092	1125
13	6	3	114	254	277
13	1	7	115	466	509
13	7	4	116	586	622
13	2	4	117	700	712
13	4	7	118	849	916
13	7	7	119	1016	1100
14	9	2	120	43	59
14	4	7	121	72	129
14	1	6	122	193	229
14	4	6	123	540	567
14	4	7	124	619	696
14	6	1	125	705	760
14	1	3	126	760	821
15	4	6	127	330	391
15	1	7	128	391	466
15	7	1	129	506	586
15	9	3	130	683	709
15	9	3	131	836	891
15	0	0	132	940	963
15	2	1	133	989	1057
16	3	9	134	0	38
16	3	3	135	38	64
16	8	8	136	94	163
16	6	1	137	163	222
16	3	5	138	228	263
16	7	4	139	263	311
16	9	4	140	416	480
16	6	0	141	495	522
16	8	7	142	588	619
16	1	5	143	657	758
17	5	4	144	0	70
17	2	4	145	70	87
17	7	5	146	402	426
17	5	9	147	488	554
17	1	1	148	588	651
17	1	1	149	1057	1123
18	4	2	150	183	226
18	9	2	151	344	381
18	9	2	152	381	416
18	7	5	153	449	505
18	6	0	154	522	566
18	4	6	155	567	609
18	4	9	156	705	739
18	7	1	157	791	816
18	4	2	158	922	962
19	1	1	159	92	132
19	1	7	160	229	265
19	4	6	161	268	330
19	0	0	162	342	419
19	0	2	163	495	564
19	8	6	164	619	667
19	5	2	165	692	748
19	2	4	166	778	877
19	4	2	167	962	990
20	0	0	168	72	150
20	2	5	169	563	587
20	8	0	170	777	840
20	2	5	171	904	940
20	0	0	172	1030	1044
20	5	2	173	1053	1125
21	1	1	174	0	92
21	9	2	175	92	159
21	3	6	176	667	735
21	7	1	177	816	893
21	5	4	178	904	1008
21	3	6	179	1008	1073
21	0	0	180	1073	1113
22	8	0	181	45	69
22	4	7	182	129	183
22	6	3	183	277	341
22	4	6	184	466	540
22	3	9	185	554	644
22	2	5	186	940	989
22	0	0	187	989	1016
22	1	5	188	1027	1044
23	7	8	189	0	94
23	2	4	190	116	151
23	9	5	191	263	290
23	9	5	192	290	323
23	1	7	193	509	588
23	7	4	194	622	696
23	9	5	195	759	804
24	3	3	196	64	124
24	7	5	197	426	435
24	2	5	198	587	657
24	5	1	199	760	773
24	0	8	200	773	844
24	6	2	201	861	922
24	0	0	202	1016	1030
24	4	4	203	1053	1125


Solution History:
