This is the output of Heuristic Solver for Dual resource constrained flexible job shop Scheduling Problem.
Input file is: wfjsp15_1.txt
Method: TS_100000000_0.896065_5
Seed: 2
Number of Jobs: 30
Number of Operations: 365
Number of Machines: 15
Number of Operators: 15
CPU Time: 53.809
obj: 1307
Best found lower bound:0
Solver gap (best found lower bound and upper bound difference): Not known


Final Solution:
Job	Machine	Operator	Operation	Start Time	Finish Time
0	3	5	0	94	172
0	10	8	1	241	265
0	7	4	2	268	319
0	6	8	3	439	526
0	8	10	4	569	651
0	5	8	5	703	759
0	1	4	6	778	857
0	2	4	7	1087	1120
0	4	4	8	1120	1158
0	11	6	9	1270	1301
1	6	13	10	0	9
1	5	6	11	60	74
1	9	11	12	74	89
1	1	3	13	96	142
1	10	7	14	173	235
1	0	11	15	248	290
1	0	6	16	290	312
1	13	7	17	319	331
1	4	2	18	378	433
1	12	2	19	433	484
1	10	8	20	567	650
1	6	12	21	703	790
1	7	8	22	811	857
1	10	13	23	966	1047
2	0	6	24	38	54
2	6	10	25	71	107
2	0	14	26	173	193
2	12	13	27	195	220
2	12	13	28	220	282
2	11	3	29	309	384
2	12	12	30	524	562
2	12	13	31	588	648
2	7	5	32	676	781
2	3	7	33	1038	1079
2	11	4	34	1211	1226
2	4	14	35	1243	1289
3	11	0	36	0	23
3	10	0	37	23	57
3	4	1	38	99	180
3	4	2	39	239	309
3	4	4	40	744	778
3	5	9	41	803	885
3	14	4	42	922	948
3	1	4	43	948	1005
3	10	14	44	1047	1056
3	14	6	45	1143	1153
3	13	9	46	1197	1269
4	10	3	47	0	10
4	0	4	48	54	63
4	9	11	49	89	133
4	6	8	50	149	221
4	14	3	51	221	234
4	14	4	52	319	374
4	10	8	53	374	434
4	0	4	54	506	548
4	3	12	55	566	605
4	8	1	56	651	741
4	5	0	57	1064	1108
4	9	7	58	1205	1307
5	7	10	59	107	177
5	13	6	60	266	290
5	3	11	61	306	362
5	10	13	62	443	462
5	9	5	63	629	670
5	10	13	64	689	790
5	12	10	65	802	832
5	3	5	66	880	897
5	11	2	67	900	955
5	6	7	68	978	1038
5	0	10	69	1047	1116
5	8	1	70	1140	1186
5	6	5	71	1239	1267
5	6	5	72	1267	1305
6	4	14	73	0	42
6	8	6	74	83	119
6	0	6	75	312	359
6	4	14	76	520	605
6	11	7	77	622	699
6	9	6	78	791	864
6	10	13	79	884	966
6	9	14	80	966	1035
6	7	5	81	1035	1073
6	3	7	82	1079	1094
6	14	0	83	1108	1126
6	14	0	84	1126	1135
6	6	5	85	1164	1239
7	0	11	86	0	38
7	9	11	87	38	71
7	3	12	88	75	94
7	10	14	89	139	173
7	4	5	90	180	239
7	9	5	91	248	265
7	12	10	92	362	417
7	4	5	93	439	520
7	5	6	94	1035	1057
7	14	6	95	1200	1223
8	0	14	96	193	247
8	8	1	97	339	352
8	3	6	98	362	443
8	3	11	99	443	525
8	1	4	100	612	665
8	2	10	101	742	782
8	6	12	102	790	874
8	10	8	103	1126	1196
8	3	11	104	1196	1234
8	7	11	105	1234	1290
8	7	9	106	1290	1307
9	14	8	107	40	81
9	2	9	108	81	94
9	9	11	109	172	248
9	8	1	110	285	339
9	2	9	111	568	644
9	12	6	112	715	738
9	10	8	113	790	811
9	13	14	114	841	930
9	5	14	115	930	949
9	4	11	116	993	1079
9	7	11	117	1079	1167
9	7	12	118	1173	1187
9	7	12	119	1187	1210
9	14	6	120	1223	1238
10	1	5	121	0	82
10	13	9	122	111	167
10	11	3	123	235	309
10	7	3	124	550	600
10	4	2	125	605	646
10	2	9	126	646	685
10	14	6	127	686	715
10	14	7	128	735	768
10	9	11	129	878	962
10	4	5	130	971	993
10	7	5	131	1005	1031
10	1	9	132	1047	1087
11	5	12	133	42	60
11	1	13	134	149	195
11	5	14	135	247	333
11	8	12	136	379	438
11	5	10	137	438	475
11	5	9	138	481	568
11	2	14	139	688	727
11	13	14	140	756	841
11	2	4	141	1009	1087
11	6	8	142	1087	1126
11	9	3	143	1126	1205
11	14	0	144	1238	1304
12	2	1	145	0	46
12	5	14	146	75	114
12	11	6	147	119	174
12	10	8	148	281	370
12	7	9	149	383	455
12	10	13	150	462	499
12	14	1	151	506	560
12	6	0	152	588	641
12	12	2	153	648	712
12	8	2	154	741	796
12	3	5	155	842	880
12	4	10	156	880	920
12	13	2	157	1113	1193
13	14	8	158	0	40
13	4	1	159	46	99
13	2	2	160	108	184
13	14	1	161	374	452
13	10	0	162	506	529
13	0	5	163	612	629
13	10	13	164	650	689
13	6	8	165	689	703
13	4	1	166	820	839
13	7	3	167	857	913
13	1	9	168	1009	1047
13	2	14	169	1120	1140
13	12	10	170	1143	1215
13	8	2	171	1215	1294
14	11	12	172	96	115
14	3	12	173	172	219
14	3	12	174	219	306
14	1	9	175	306	383
14	9	14	176	391	426
14	1	3	177	466	508
14	3	7	178	525	566
14	14	7	179	566	605
14	13	3	180	605	686
14	5	8	181	976	1035
14	12	6	182	1064	1143
14	8	1	183	1186	1213
15	5	0	184	139	217
15	14	7	185	235	319
15	9	5	186	341	380
15	0	7	187	434	451
15	11	6	188	451	507
15	8	10	189	529	569
15	3	12	190	605	695
15	10	13	191	811	850
15	5	9	192	885	903
15	4	1	193	920	966
15	14	1	194	966	1044
15	0	7	195	1116	1201
15	0	3	196	1205	1214
15	10	13	197	1221	1304
16	8	1	198	180	232
16	2	1	199	234	285
16	12	10	200	285	321
16	6	0	201	326	405
16	2	1	202	452	500
16	2	13	203	500	559
16	13	13	204	559	588
16	1	4	205	665	744
16	9	3	206	750	786
16	14	3	207	786	842
16	8	2	208	849	874
16	1	8	209	897	942
16	11	11	210	962	985
16	8	1	211	1044	1126
16	3	11	212	1173	1193
17	3	7	213	0	75
17	12	2	214	83	108
17	14	3	215	142	218
17	5	8	216	221	241
17	9	5	217	265	318
17	2	13	218	330	367
17	1	3	219	384	466
17	6	8	220	1038	1079
17	14	6	221	1153	1200
17	0	3	222	1214	1296
18	9	6	223	0	33
18	7	4	224	63	106
18	13	9	225	167	259
18	8	1	226	352	373
18	13	12	227	451	524
18	5	0	228	650	696
18	9	3	229	696	750
18	3	1	230	776	798
18	11	0	231	811	890
18	14	0	232	895	922
18	12	6	233	922	978
18	8	6	234	978	1009
18	1	5	235	1087	1164
18	1	4	236	1164	1203
18	5	0	237	1206	1226
19	2	13	238	285	330
19	14	6	239	605	686
19	0	11	240	688	776
19	12	10	241	791	802
19	12	10	242	832	876
19	12	2	243	876	900
19	5	8	244	949	976
19	11	3	245	1005	1082
19	3	7	246	1094	1112
19	11	0	247	1135	1183
19	5	0	248	1197	1206
19	1	4	249	1252	1307
20	12	10	250	0	71
20	11	4	251	384	439
20	12	6	252	738	791
20	2	1	253	842	920
20	6	0	254	922	968
20	0	10	255	968	1047
20	11	3	256	1082	1119
20	8	13	257	1126	1140
20	2	13	258	1160	1218
20	1	4	259	1226	1252
21	11	3	260	23	96
21	11	6	261	174	235
21	1	7	262	508	520
21	9	5	263	520	599
21	0	14	264	629	688
21	6	7	265	897	918
21	13	2	266	1039	1075
21	4	9	267	1087	1112
21	11	2	268	1193	1211
21	11	6	269	1238	1270
22	0	7	270	75	169
22	7	9	271	455	481
22	7	3	272	508	550
22	5	1	273	568	597
22	3	1	274	741	776
22	2	5	275	782	842
22	7	3	276	913	1005
22	13	13	277	1075	1113
22	5	9	278	1113	1197
22	10	8	279	1197	1221
23	6	13	280	9	70
23	6	13	281	111	149
23	5	14	282	333	391
23	6	0	283	529	588
23	4	10	284	651	698
23	4	10	285	698	742
23	11	0	286	788	811
23	3	1	287	811	820
23	10	13	288	850	884
23	2	9	289	920	1009
23	2	13	290	1140	1160
24	7	4	291	0	51
24	2	14	292	51	75
24	12	4	293	108	185
24	7	10	294	199	268
24	10	8	295	268	281
24	4	2	296	309	378
24	0	11	297	378	434
24	14	0	298	452	506
24	11	2	299	507	589
24	11	0	300	699	788
24	0	4	301	862	916
24	0	10	302	920	965
24	2	1	303	1218	1303
25	13	9	304	0	43
25	13	9	305	43	76
25	5	14	306	114	138
25	9	11	307	138	172
25	1	4	308	195	250
25	1	9	309	259	304
25	9	5	310	318	341
25	0	7	311	451	506
25	13	9	312	686	756
25	8	2	313	796	849
25	8	6	314	874	913
25	10	14	315	1056	1110
25	4	14	316	1158	1243
25	13	9	317	1269	1290
26	13	13	318	76	111
26	14	8	319	111	134
26	7	10	320	177	199
26	6	0	321	221	275
26	12	10	322	321	362
26	2	13	323	367	443
26	7	11	324	600	676
26	4	11	325	778	814
26	4	11	326	839	878
26	13	7	327	930	978
26	3	12	328	978	1035
26	3	12	329	1121	1173
27	8	2	330	0	83
27	2	9	331	94	105
27	8	12	332	119	156
27	2	2	333	184	234
27	6	0	334	275	326
27	9	14	335	426	515
27	0	11	336	548	592
27	0	4	337	592	612
27	5	1	338	612	650
27	3	7	339	699	735
27	3	8	340	1234	1289
28	13	7	341	331	411
28	8	4	342	439	494
28	8	10	343	494	529
28	10	8	344	529	567
28	11	7	345	605	622
28	0	7	346	776	862
28	14	8	347	862	895
28	3	5	348	897	971
28	12	0	349	978	1064
28	5	12	350	1226	1303
29	5	12	351	0	42
29	10	0	352	57	139
29	8	6	353	235	266
29	7	12	354	319	379
29	6	5	355	405	439
29	13	12	356	439	451
29	1	6	357	520	604
29	6	8	358	650	687
29	5	9	359	759	803
29	1	7	360	862	897
29	8	12	361	913	976
29	13	2	362	978	1039
29	9	12	363	1039	1121
29	12	10	364	1215	1307


Solution History:
