This is the output of Heuristic Solver for Dual resource constrained flexible job shop Scheduling Problem.
Input file is: wfjsp5_5.txt
Method: TS_100000000_0.073935_5
Seed: 5
Number of Jobs: 10
Number of Operations: 71
Number of Machines: 5
Number of Operators: 5
CPU Time: 4.43789
obj: 734
Best found lower bound:0
Solver gap (best found lower bound and upper bound difference): Not known


Final Solution:
Job	Machine	Operator	Operation	Start Time	Finish Time
0	0	0	0	15	31
0	1	1	1	65	103
0	1	3	2	129	216
0	3	0	3	290	356
0	4	3	4	459	524
0	3	3	5	551	586
0	0	0	6	663	733
1	2	0	7	83	120
1	3	0	8	129	173
1	3	0	9	173	209
1	1	3	10	216	247
1	0	1	11	247	318
1	1	4	12	459	482
1	1	3	13	537	551
1	1	1	14	551	619
2	4	4	15	0	64
2	0	0	16	64	75
2	4	4	17	112	158
2	4	4	18	158	233
2	1	3	19	247	286
2	0	1	20	370	398
2	2	2	21	433	472
2	4	4	22	630	659
3	0	0	23	31	63
3	2	2	24	211	294
3	3	0	25	429	477
3	1	4	26	482	524
3	4	4	27	524	545
4	1	1	28	16	27
4	4	4	29	64	112
4	2	2	30	128	211
4	2	2	31	294	359
4	3	0	32	359	429
4	0	1	33	464	550
4	4	4	34	550	630
4	1	1	35	630	667
5	0	0	36	0	15
5	0	2	37	83	128
5	3	0	38	209	290
5	4	4	39	311	380
5	0	1	40	398	464
5	3	0	41	515	545
5	0	0	42	550	618
5	1	1	43	700	734
6	0	1	44	318	336
6	2	2	45	369	433
6	2	2	46	558	643
7	2	2	47	0	83
7	3	3	48	85	129
7	0	1	49	129	213
7	4	4	50	233	311
7	2	2	51	359	369
7	3	2	52	477	511
7	3	3	53	586	665
7	1	4	54	667	700
8	3	3	55	0	85
8	1	1	56	103	125
8	0	1	57	336	370
8	1	3	58	373	459
8	1	3	59	524	537
8	0	0	60	635	663
8	4	3	61	665	729
9	1	1	62	0	16
9	1	1	63	27	65
9	0	1	64	213	245
9	1	3	65	286	373
9	4	4	66	380	458
9	2	0	67	477	515
9	2	2	68	515	558
9	0	0	69	618	635
9	2	2	70	643	730


Solution History:
