This is the output of Heuristic Solver for Dual resource constrained flexible job shop Scheduling Problem.
Input file is: wfjsp23_3.txt
Method: TS_100000000_0.767515_5
Seed: 3
Number of Jobs: 30
Number of Operations: 385
Number of Machines: 15
Number of Operators: 12
CPU Time: 46.1006
obj: 1666
Best found lower bound:0
Solver gap (best found lower bound and upper bound difference): Not known


Final Solution:
Job	Machine	Operator	Operation	Start Time	Finish Time
0	10	4	0	117	178
0	11	7	1	227	239
0	8	10	2	240	255
0	5	10	3	261	339
0	8	5	4	418	488
0	6	4	5	536	596
0	10	10	6	736	817
0	8	5	7	849	881
0	7	1	8	975	1066
0	6	3	9	1133	1147
0	11	10	10	1147	1210
0	1	10	11	1250	1342
0	11	1	12	1512	1529
0	5	10	13	1567	1666
1	3	8	14	0	95
1	11	7	15	239	266
1	12	9	16	403	456
1	5	9	17	596	612
1	5	9	18	612	678
1	4	8	19	688	699
1	14	11	20	709	734
1	6	8	21	760	805
1	1	2	22	810	913
1	11	1	23	913	974
1	3	0	24	982	1012
1	2	7	25	1212	1283
1	4	0	26	1321	1417
2	1	10	27	200	210
2	4	6	28	210	244
2	2	7	29	483	571
2	7	5	30	575	613
2	11	6	31	613	643
2	7	7	32	694	749
2	8	5	33	792	849
2	4	10	34	863	925
2	9	1	35	1285	1396
2	11	1	36	1406	1512
2	3	8	37	1512	1527
2	10	8	38	1527	1557
2	4	8	39	1557	1627
2	14	7	40	1627	1640
2	7	7	41	1640	1663
3	13	1	42	0	59
3	12	8	43	133	166
3	3	3	44	245	300
3	8	8	45	969	1058
3	1	6	46	1060	1137
3	12	1	47	1139	1219
3	7	11	48	1232	1247
3	8	4	49	1247	1261
3	13	6	50	1263	1330
3	5	11	51	1357	1424
3	8	10	52	1447	1481
3	3	3	53	1541	1562
3	2	7	54	1571	1626
4	2	9	55	176	203
4	4	11	56	289	317
4	8	5	57	354	418
4	12	1	58	460	543
4	9	4	59	611	711
4	3	6	60	816	914
4	4	4	61	1019	1030
4	8	8	62	1058	1113
4	14	4	63	1117	1214
4	1	10	64	1214	1250
4	6	0	65	1281	1309
4	3	3	66	1319	1373
4	9	9	67	1409	1459
4	0	11	68	1578	1657
4	14	9	69	1657	1665
5	4	10	70	35	134
5	5	2	71	185	240
5	6	5	72	241	271
5	11	2	73	306	376
5	2	10	74	397	424
5	11	6	75	433	492
5	11	10	76	603	613
5	8	10	77	613	641
5	9	9	78	794	805
5	9	11	79	805	877
5	0	3	80	969	1041
5	3	6	81	1212	1263
5	5	0	82	1263	1281
5	7	7	83	1345	1379
5	2	4	84	1423	1438
6	12	3	85	34	106
6	1	7	86	164	200
6	13	5	87	212	241
6	5	11	88	241	261
6	11	0	89	269	304
6	7	11	90	323	369
6	8	3	91	488	541
6	12	3	92	658	682
6	12	3	93	682	713
6	9	4	94	926	963
6	2	5	95	990	1060
6	12	4	96	1326	1362
6	1	10	97	1481	1567
6	1	3	98	1567	1665
7	6	0	99	0	82
7	4	10	100	339	397
7	1	10	101	567	603
7	13	0	102	749	863
7	8	8	103	897	969
7	11	6	104	1000	1031
7	3	0	105	1089	1102
7	9	2	106	1131	1197
7	0	2	107	1197	1233
7	11	5	108	1285	1346
7	6	8	109	1374	1470
7	13	0	110	1493	1584
8	0	8	111	198	288
8	3	6	112	323	371
8	0	11	113	371	407
8	0	11	114	407	430
8	1	7	115	444	483
8	6	10	116	642	676
8	9	4	117	711	722
8	4	6	118	745	816
8	5	10	119	1017	1096
8	14	4	120	1214	1229
8	8	4	121	1261	1326
9	7	9	122	0	41
9	11	5	123	41	68
9	9	11	124	102	172
9	4	11	125	444	490
9	8	3	126	541	604
9	12	3	127	604	658
9	11	6	128	668	745
9	2	7	129	1060	1133
9	6	8	130	1147	1172
9	5	0	131	1198	1261
9	9	5	132	1261	1284
9	7	7	133	1284	1345
9	11	0	134	1621	1663
10	10	1	135	73	99
10	13	5	136	123	181
10	12	9	137	313	365
10	12	9	138	365	403
10	2	5	139	613	665
10	2	5	140	665	713
10	4	0	141	713	742
10	4	10	142	982	1017
10	10	9	143	1171	1264
10	14	9	144	1264	1357
10	4	11	145	1424	1439
10	9	9	146	1459	1487
10	14	9	147	1487	1554
10	12	5	148	1612	1664
11	8	3	149	117	177
11	14	11	150	177	235
11	1	7	151	266	300
11	0	5	152	323	354
11	7	6	153	371	433
11	13	8	154	464	510
11	9	2	155	563	601
11	6	0	156	601	642
11	14	9	157	678	702
11	2	5	158	745	781
11	2	4	159	781	819
11	2	9	160	859	899
11	10	9	161	899	956
11	3	0	162	1012	1089
11	8	2	163	1511	1580
12	2	6	164	0	42
12	13	5	165	68	123
12	2	1	166	247	325
12	11	0	167	376	406
12	0	2	168	435	513
12	12	1	169	543	567
12	10	10	170	678	736
12	14	5	171	881	915
12	3	6	172	915	926
12	6	2	173	1031	1131
12	6	5	174	1180	1258
12	10	2	175	1325	1391
12	13	5	176	1416	1484
12	12	5	177	1484	1549
12	10	9	178	1557	1653
13	8	4	179	34	117
13	1	0	180	210	250
13	8	8	181	288	311
13	1	3	182	313	376
13	13	3	183	376	442
13	13	7	184	572	637
13	7	7	185	819	923
13	7	10	186	925	975
13	11	6	187	1031	1060
13	8	9	188	1117	1136
13	4	8	189	1233	1321
14	5	3	190	0	33
14	9	4	191	239	270
14	14	7	192	300	333
14	3	0	193	406	484
14	4	11	194	575	661
14	3	0	195	670	710
14	3	3	196	713	765
14	1	3	197	783	793
14	5	3	198	793	868
14	9	1	199	880	893
14	10	4	200	963	1019
14	3	3	201	1147	1197
15	4	11	202	0	10
15	14	7	203	10	82
15	6	0	204	82	159
15	13	0	205	304	366
15	10	8	206	393	464
15	14	3	207	478	487
15	4	5	208	490	561
15	12	9	209	571	596
15	5	9	210	702	741
15	11	10	211	1346	1406
15	4	4	212	1448	1475
15	3	2	213	1493	1511
16	14	9	214	82	176
16	13	5	215	181	212
16	6	8	216	316	393
16	1	10	217	496	567
16	14	4	218	596	611
16	10	1	219	611	678
16	1	3	220	765	783
16	10	11	221	1043	1140
16	5	0	222	1140	1198
16	1	6	223	1342	1383
16	5	3	224	1435	1443
16	5	3	225	1443	1541
16	11	1	226	1564	1592
16	3	0	227	1592	1621
16	4	4	228	1637	1664
17	0	5	229	0	41
17	10	9	230	41	73
17	5	2	231	135	185
17	2	9	232	203	247
17	11	0	233	492	518
17	7	11	234	523	575
17	11	1	235	796	831
17	13	3	236	868	969
17	13	1	237	1066	1139
17	7	6	238	1448	1518
17	2	7	239	1543	1571
18	10	11	240	10	26
18	9	11	241	26	56
18	9	11	242	56	102
18	11	8	243	102	133
18	7	10	244	134	198
18	3	6	245	492	576
18	10	8	246	576	607
18	0	7	247	641	665
18	8	7	248	665	694
18	12	5	249	713	745
18	0	2	250	745	810
18	7	9	251	810	819
18	4	0	252	1102	1137
18	12	5	253	1549	1612
19	2	6	254	79	151
19	3	8	255	166	198
19	7	7	256	200	227
19	13	6	257	244	281
19	6	5	258	281	316
19	9	2	259	513	563
19	13	0	260	642	670
19	13	1	261	678	749
19	7	7	262	749	790
19	5	11	263	877	970
19	13	3	264	1227	1260
19	6	8	265	1321	1374
19	1	7	266	1383	1473
19	9	1	267	1610	1653
20	11	10	268	0	35
20	6	0	269	159	203
20	3	3	270	203	245
20	12	9	271	247	313
20	2	7	272	333	378
20	3	6	273	643	668
20	3	7	274	790	816
20	14	9	275	819	859
20	1	2	276	913	955
20	2	7	277	1473	1503
20	6	4	278	1573	1637
21	10	2	279	240	306
21	2	10	280	424	479
21	13	8	281	510	572
21	11	1	282	749	796
21	12	4	283	819	918
21	2	6	284	926	969
21	1	7	285	970	1060
21	13	9	286	1139	1171
21	12	3	287	1260	1319
21	13	9	288	1357	1409
21	3	2	289	1420	1493
21	2	7	290	1503	1543
22	1	2	291	0	56
22	7	1	292	99	125
22	10	1	293	325	391
22	7	9	294	456	500
22	7	8	295	613	688
22	14	11	296	734	801
22	9	1	297	893	906
22	4	0	298	959	982
22	11	5	299	1081	1138
22	1	5	300	1138	1180
22	12	3	301	1373	1435
22	6	4	302	1475	1486
22	9	1	303	1529	1564
23	0	2	304	56	135
23	14	11	305	261	289
23	1	7	306	378	444
23	9	10	307	479	496
23	10	11	308	496	523
23	6	0	309	863	959
23	6	2	310	959	1031
23	12	3	311	1041	1133
23	4	11	312	1140	1232
23	10	0	313	1417	1493
23	7	6	314	1518	1579
23	8	2	315	1580	1609
24	9	4	316	178	239
24	4	0	317	250	269
24	7	6	318	281	323
24	2	1	319	571	611
24	0	8	320	810	897
24	12	5	321	918	990
24	0	4	322	1041	1112
24	7	7	323	1133	1210
24	11	1	324	1219	1285
24	5	11	325	1285	1341
24	0	11	326	1341	1357
24	14	4	327	1362	1423
24	11	1	328	1592	1610
25	11	0	329	518	598
25	6	8	330	699	760
25	13	6	331	969	1000
25	9	5	332	1060	1081
25	3	8	333	1113	1142
25	13	3	334	1197	1227
25	0	2	335	1233	1325
25	3	2	336	1391	1420
25	8	8	337	1481	1509
25	8	2	338	1609	1666
26	3	1	339	125	163
26	9	4	340	323	399
26	6	4	341	399	435
26	6	4	342	435	536
26	9	4	343	722	781
26	9	5	344	781	792
26	11	1	345	831	880
26	0	10	346	1119	1147
26	7	11	347	1247	1278
26	0	10	348	1406	1447
27	7	6	349	42	79
27	11	6	350	151	210
27	8	10	351	210	240
27	0	4	352	288	323
27	14	3	353	442	478
27	5	9	354	500	571
27	14	9	355	956	1000
27	8	8	356	1172	1233
27	8	5	357	1346	1416
27	6	4	358	1486	1573
27	13	6	359	1584	1661
28	12	4	360	0	34
28	1	7	361	82	164
28	5	2	362	376	435
28	4	11	363	435	444
28	0	2	364	601	641
28	1	2	365	641	745
28	10	10	366	817	863
28	9	11	367	970	1043
28	5	10	368	1096	1119
28	2	6	369	1137	1212
28	7	6	370	1383	1448
28	0	11	371	1448	1537
28	0	11	372	1537	1578
28	3	8	373	1627	1657
29	12	1	374	166	244
29	3	3	375	300	313
29	9	1	376	399	460
29	3	6	377	576	613
29	0	11	378	665	709
29	12	9	379	745	794
29	2	4	380	918	926
29	3	7	381	926	970
29	13	9	382	1000	1028
29	14	9	383	1028	1117
29	2	4	384	1438	1448


Solution History:
