This is the output of Heuristic Solver for Dual resource constrained flexible job shop Scheduling Problem.
Input file is: wfjsp14_10.txt
Method: TS_100000000_0.392423_5
Seed: 1
Number of Jobs: 30
Number of Operations: 235
Number of Machines: 15
Number of Operators: 15
CPU Time: 23.5635
obj: 924
Best found lower bound:0
Solver gap (best found lower bound and upper bound difference): Not known


Final Solution:
Job	Machine	Operator	Operation	Start Time	Finish Time
0	0	13	0	0	78
0	1	13	1	97	181
0	0	4	2	437	499
0	3	4	3	573	659
0	5	9	4	677	727
0	8	5	5	767	800
0	13	8	6	803	841
0	14	12	7	872	924
1	6	2	8	0	88
1	4	8	9	198	224
1	4	6	10	224	262
1	4	11	11	529	561
1	6	2	12	576	663
1	13	11	13	666	745
1	6	1	14	745	807
1	2	5	15	827	917
2	3	5	16	0	90
2	6	2	17	90	104
2	6	3	18	104	113
2	3	7	19	122	167
2	7	4	20	167	238
2	4	6	21	262	347
2	9	7	22	491	542
2	6	2	23	663	737
3	8	11	24	148	185
3	11	2	25	410	433
3	7	3	26	592	639
3	10	13	27	796	813
3	1	14	28	827	910
4	12	7	29	0	30
4	12	7	30	30	104
4	2	5	31	113	197
4	14	6	32	660	728
4	11	0	33	799	835
4	3	6	34	858	909
5	9	8	35	65	140
5	9	12	36	148	162
5	12	6	37	162	181
5	2	5	38	272	291
5	3	7	39	306	352
5	0	4	40	400	437
5	14	9	41	443	533
5	1	1	42	535	598
6	7	14	43	0	83
6	1	13	44	83	97
6	11	3	45	114	129
6	3	0	46	229	296
6	12	13	47	306	349
6	10	13	48	869	883
7	6	9	49	190	277
7	6	6	50	373	463
7	8	11	51	567	594
7	7	3	52	639	712
7	11	3	53	767	776
8	13	11	54	0	74
8	6	9	55	113	190
8	11	3	56	190	208
8	2	5	57	208	272
8	5	9	58	373	412
8	6	1	59	514	523
8	4	7	60	565	659
8	1	0	61	750	799
8	0	3	62	799	890
9	1	3	63	0	67
9	5	6	64	70	162
9	12	7	65	198	274
9	7	7	66	356	402
9	13	8	67	407	456
9	10	0	68	514	531
9	9	7	69	542	565
9	14	14	70	640	660
9	9	7	71	685	706
10	9	0	72	0	51
10	11	0	73	359	409
10	12	13	74	666	686
10	10	8	75	727	796
10	9	13	76	817	865
11	10	1	77	31	74
11	12	4	78	116	152
11	11	3	79	228	319
11	9	12	80	356	393
11	3	2	81	437	472
11	10	0	82	531	558
11	3	4	83	560	573
11	9	6	84	728	817
11	6	2	85	862	898
12	14	12	86	114	148
12	0	4	87	336	400
12	3	8	88	489	560
12	9	6	89	569	587
12	8	5	90	677	767
13	2	8	91	0	65
13	10	10	92	74	105
13	3	7	93	105	122
13	9	1	94	167	256
13	8	1	95	257	308
13	8	10	96	308	396
13	8	12	97	396	468
13	0	10	98	544	610
13	3	2	99	742	829
13	7	11	100	837	918
14	14	2	101	223	304
14	1	14	102	341	428
14	13	12	103	468	548
14	2	0	104	668	714
14	3	7	105	714	742
14	13	11	106	745	788
14	4	10	107	817	910
14	1	13	108	910	924
15	13	0	109	74	165
15	14	14	110	165	179
15	5	13	111	181	250
15	2	2	112	339	410
15	2	0	113	410	457
15	12	3	114	462	552
15	0	13	115	709	789
16	4	2	116	116	198
16	13	8	117	335	407
16	9	11	118	407	473
16	12	5	119	564	652
16	2	0	120	714	746
16	14	12	121	767	804
16	12	4	122	809	891
16	0	4	123	891	915
17	5	10	124	0	70
17	2	5	125	94	113
17	14	2	126	198	223
17	0	4	127	238	284
17	14	2	128	304	339
17	12	3	129	431	462
17	5	9	130	812	857
18	4	4	131	67	116
18	11	3	132	208	228
18	13	8	133	243	335
18	9	11	134	341	351
18	3	5	135	352	437
18	1	14	136	437	452
18	8	6	137	468	534
18	9	13	138	593	666
18	11	3	139	776	795
18	13	8	140	841	908
19	14	9	141	0	72
19	11	3	142	129	190
19	10	10	143	200	290
19	10	0	144	296	359
19	11	12	145	592	660
19	0	10	146	698	709
19	12	9	147	727	802
20	10	10	148	135	200
20	6	9	149	277	365
20	4	11	150	365	405
20	14	9	151	431	443
20	2	8	152	457	489
20	2	2	153	489	576
20	13	11	154	594	666
20	1	14	155	666	750
20	2	14	156	750	827
21	13	12	157	165	243
21	12	7	158	274	306
21	2	5	159	306	330
21	10	1	160	359	435
21	1	14	161	452	535
21	6	6	162	535	569
21	1	1	163	598	663
22	11	12	164	34	114
22	7	12	165	243	291
22	7	12	166	291	356
22	5	7	167	412	491
22	4	11	168	491	529
22	14	12	169	548	589
22	14	14	170	589	640
22	10	8	171	640	727
22	7	4	172	727	809
22	14	12	173	809	872
23	10	1	174	0	31
23	0	1	175	78	167
23	0	4	176	284	336
23	5	13	177	498	579
23	5	13	178	579	593
23	5	6	179	593	656
23	3	4	180	692	707
23	4	7	181	755	817
23	7	11	182	817	837
23	9	7	183	869	914
24	8	6	184	0	65
24	8	11	185	74	148
24	1	14	186	254	341
24	14	3	187	341	431
24	7	13	188	431	498
24	7	14	189	535	572
24	11	3	190	572	592
24	0	10	191	610	698
24	6	1	192	807	862
24	8	1	193	862	918
25	1	14	194	181	254
25	11	1	195	319	353
25	11	5	196	437	518
25	11	5	197	518	564
25	13	9	198	567	594
25	8	9	199	594	677
25	14	3	200	728	767
25	13	11	201	788	803
25	3	2	202	829	858
26	11	12	203	0	34
26	2	3	204	67	94
26	10	10	205	105	135
26	3	6	206	181	216
26	5	13	207	250	294
26	12	13	208	349	428
26	3	4	209	659	692
26	10	7	210	817	869
27	7	14	211	83	162
27	0	0	212	167	229
27	5	6	213	347	373
27	10	1	214	435	514
27	9	7	215	666	685
27	5	10	216	727	812
27	8	6	217	817	841
27	5	9	218	857	924
28	12	8	219	181	198
28	8	11	220	227	257
28	9	11	221	257	341
28	4	10	222	405	473
28	6	10	223	473	497
28	7	4	224	499	520
28	8	9	225	534	567
28	10	8	226	567	635
28	11	1	227	663	745
29	4	4	228	0	67
29	14	9	229	72	112
29	8	11	230	185	227
29	0	10	231	499	544
29	2	0	232	576	668
29	4	12	233	668	755
29	11	0	234	835	923


Solution History:
