This is the output of Heuristic Solver for Dual resource constrained flexible job shop Scheduling Problem.
Input file is: wfjsp24_3.txt
Method: TS_100000000_0.631908_5
Seed: 4
Number of Jobs: 40
Number of Operations: 307
Number of Machines: 15
Number of Operators: 12
CPU Time: 37.9539
obj: 1320
Best found lower bound:0
Solver gap (best found lower bound and upper bound difference): Not known


Final Solution:
Job	Machine	Operator	Operation	Start Time	Finish Time
0	10	0	0	43	111
0	7	11	1	212	226
0	5	11	2	226	241
0	7	1	3	405	483
0	8	8	4	798	869
0	1	10	5	881	954
0	3	3	6	954	1037
0	4	2	7	1058	1095
0	1	7	8	1233	1315
1	3	3	9	0	14
1	11	7	10	182	239
1	8	8	11	346	431
1	11	2	12	469	485
1	1	7	13	486	572
1	7	9	14	1059	1142
1	8	9	15	1202	1231
1	14	9	16	1258	1312
2	9	1	17	40	58
2	3	3	18	65	130
2	3	5	19	134	146
2	12	9	20	308	335
2	10	9	21	335	390
2	5	9	22	451	544
2	5	3	23	553	620
2	7	6	24	861	891
2	13	0	25	967	1050
2	6	3	26	1223	1320
3	0	5	27	237	247
3	14	3	28	301	332
3	1	7	29	398	486
3	6	4	30	517	551
3	1	0	31	572	600
3	14	4	32	1008	1073
3	10	4	33	1073	1130
3	4	10	34	1253	1315
4	1	6	35	296	398
4	14	11	36	590	685
4	5	3	37	686	701
4	3	2	38	705	732
4	7	1	39	775	857
4	10	8	40	921	934
4	10	8	41	934	959
4	5	2	42	959	1009
4	12	6	43	1055	1087
4	3	1	44	1268	1316
5	9	1	45	143	236
5	10	4	46	261	329
5	0	5	47	396	467
5	13	0	48	549	567
5	13	1	49	572	588
5	3	2	50	644	705
5	7	5	51	709	775
5	5	3	52	888	924
5	10	4	53	1199	1220
5	0	4	54	1257	1320
6	8	10	55	20	45
6	8	10	56	45	73
6	7	11	57	139	212
6	12	5	58	530	602
6	0	11	59	685	774
6	12	4	60	910	1008
6	13	5	61	1058	1067
6	6	8	62	1067	1121
6	14	11	63	1145	1247
7	2	2	64	210	249
7	2	2	65	485	513
7	8	10	66	687	742
7	12	9	67	843	887
7	1	7	68	1055	1128
7	7	9	69	1142	1151
7	9	1	70	1163	1254
8	5	7	71	0	56
8	14	9	72	56	85
8	6	7	73	239	312
8	5	2	74	346	375
8	10	9	75	390	451
8	0	8	76	786	798
9	3	3	77	14	42
9	0	4	78	83	96
9	14	11	79	774	841
9	0	5	80	881	958
9	1	6	81	998	1055
9	6	0	82	1165	1184
9	13	3	83	1192	1223
9	12	6	84	1298	1310
10	13	1	85	58	130
10	11	6	86	134	182
10	0	3	87	187	226
10	8	4	88	237	261
10	1	6	89	261	296
10	13	0	90	309	363
10	5	2	91	375	427
10	10	11	92	455	478
10	7	6	93	891	921
11	12	8	94	0	38
11	1	8	95	41	125
11	14	5	96	146	180
11	3	3	97	456	553
11	6	10	98	559	648
11	12	4	99	651	747
11	2	10	100	747	803
11	5	3	101	853	888
11	0	11	102	1008	1097
11	10	4	103	1130	1199
12	5	7	104	56	90
12	9	1	105	130	143
12	12	10	106	176	238
12	8	8	107	304	346
12	4	10	108	351	415
12	12	8	109	431	528
12	10	9	110	619	705
12	7	9	111	921	1011
12	2	1	112	1069	1130
12	13	1	113	1130	1163
13	12	3	114	42	65
13	1	0	115	189	227
13	11	0	116	428	469
13	1	6	117	744	757
13	10	9	118	773	839
13	11	0	119	1233	1316
14	10	4	120	188	203
14	12	3	121	238	301
14	2	4	122	329	367
14	2	4	123	598	625
14	3	3	124	785	853
14	7	9	125	1011	1059
14	9	2	126	1102	1158
15	13	8	127	176	231
15	3	0	128	231	309
15	0	8	129	567	640
15	8	8	130	869	895
15	8	10	131	1057	1117
15	8	10	132	1172	1192
15	5	10	133	1192	1253
16	10	9	134	0	43
16	4	6	135	220	250
16	9	11	136	250	316
16	7	5	137	337	396
16	2	6	138	412	447
16	4	6	139	514	562
16	5	2	140	1009	1057
16	9	5	141	1067	1093
16	4	8	142	1121	1151
16	10	2	143	1222	1319
17	11	2	144	23	93
17	12	6	145	398	412
17	9	5	146	685	709
17	2	7	147	908	981
17	8	10	148	981	1042
17	0	7	149	1159	1230
18	13	0	150	0	43
18	5	0	151	111	152
18	6	4	152	160	188
18	2	2	153	249	313
18	4	0	154	469	508
18	10	2	155	513	548
18	8	2	156	598	639
18	9	11	157	901	924
18	11	0	158	1050	1090
19	0	5	159	41	77
19	1	10	160	140	174
19	7	10	161	248	307
19	14	1	162	483	556
19	7	7	163	572	635
19	0	8	164	640	678
19	9	1	165	709	771
19	0	10	166	803	881
19	0	4	167	1230	1257
20	4	5	168	602	685
20	8	8	169	759	786
20	14	11	170	841	901
20	4	5	171	1024	1058
20	9	5	172	1093	1102
20	2	5	173	1155	1232
21	4	4	174	0	83
21	13	9	175	241	308
21	8	5	176	467	530
21	13	0	177	600	678
21	1	6	178	757	861
21	2	7	179	981	1047
21	3	6	180	1233	1268
22	0	5	181	247	269
22	6	4	182	397	451
22	6	4	183	451	517
22	9	11	184	517	590
22	6	8	185	967	1065
22	7	9	186	1151	1202
22	12	9	187	1231	1258
22	7	8	188	1303	1320
23	2	7	189	90	178
23	3	6	190	189	220
23	2	4	191	367	397
23	13	3	192	702	735
23	4	0	193	845	923
23	9	11	194	924	992
23	14	11	195	1097	1145
24	10	9	196	124	178
24	10	10	197	238	248
24	6	7	198	312	383
24	7	1	199	559	572
24	11	6	200	644	715
24	3	3	201	735	785
24	10	8	202	910	921
24	14	1	203	929	1008
25	6	10	204	73	140
25	8	5	205	187	237
25	14	11	206	382	455
25	1	2	207	1158	1170
25	8	5	208	1232	1317
26	1	8	209	231	257
26	0	5	210	294	337
26	13	6	211	447	514
26	2	2	212	548	575
26	8	8	213	895	910
27	7	11	214	36	139
27	4	2	215	427	466
27	9	5	216	775	857
27	4	6	217	923	998
27	8	10	218	1042	1057
27	9	11	219	1254	1320
28	0	10	220	0	20
28	4	2	221	93	196
28	3	3	222	332	387
28	11	0	223	508	549
28	2	2	224	732	741
28	3	2	225	853	951
28	1	0	226	1128	1157
28	13	3	227	1165	1192
28	12	8	228	1197	1224
29	1	5	229	0	41
29	10	4	230	203	235
29	11	1	231	239	298
29	4	10	232	307	351
29	8	10	233	954	978
29	6	3	234	1127	1165
30	11	6	235	100	134
30	3	6	236	562	644
30	14	9	237	705	773
30	4	2	238	773	845
30	13	3	239	924	953
30	0	11	240	992	1008
30	5	7	241	1128	1159
30	6	2	242	1184	1222
30	7	6	243	1268	1298
31	2	6	244	0	68
31	11	1	245	298	405
31	14	4	246	556	590
31	13	1	247	681	702
31	11	6	248	715	744
31	11	6	249	1197	1233
32	0	4	250	96	160
32	2	2	251	196	210
32	5	2	252	313	346
32	10	9	253	548	619
32	5	3	254	620	686
32	3	3	255	1037	1066
32	13	0	256	1090	1123
33	9	1	257	0	40
33	12	6	258	68	100
33	14	9	259	180	241
33	14	5	260	269	294
33	9	11	261	316	382
33	0	11	262	478	511
34	9	1	263	590	681
34	4	8	264	685	719
34	5	7	265	725	777
34	6	7	266	812	908
34	11	5	267	1102	1155
35	7	11	268	0	36
35	8	3	269	134	187
35	8	8	270	261	304
35	3	3	271	387	456
35	7	10	272	513	559
35	2	4	273	625	651
35	4	2	274	741	766
35	3	6	275	1087	1123
35	11	8	276	1155	1197
36	12	4	277	747	779
36	11	1	278	857	929
36	11	5	279	958	1024
36	5	3	280	1066	1127
36	13	8	281	1224	1303
37	14	9	282	85	124
37	9	10	283	415	513
37	0	8	284	528	567
37	1	7	285	635	725
37	10	8	286	725	759
37	12	4	287	779	843
37	6	0	288	923	967
37	3	6	289	1123	1194
37	1	0	290	1194	1233
38	12	8	291	125	176
38	2	2	292	575	598
38	6	0	293	678	759
38	5	7	294	777	812
38	10	4	295	843	910
38	8	10	296	1117	1172
38	7	1	297	1254	1268
39	11	2	298	0	23
39	8	5	299	77	134
39	3	0	300	152	189
39	13	0	301	363	428
39	7	10	302	648	660
39	8	10	303	660	687
39	13	0	304	759	843
39	13	9	305	887	915
39	10	1	306	1008	1069


Solution History:
