This is the output of Heuristic Solver for Dual resource constrained flexible job shop Scheduling Problem.
Input file is: wfjsp18_2.txt
Method: TS_100000000_0.255210_5
Seed: 5
Number of Jobs: 20
Number of Operations: 160
Number of Machines: 10
Number of Operators: 8
CPU Time: 15.3199
obj: 1043
Best found lower bound:0
Solver gap (best found lower bound and upper bound difference): Not known


Final Solution:
Job	Machine	Operator	Operation	Start Time	Finish Time
0	4	2	0	304	388
0	4	2	1	403	477
0	3	0	2	524	543
0	4	1	3	844	881
0	0	1	4	994	1009
1	0	3	5	65	90
1	8	1	6	90	162
1	5	3	7	267	277
1	5	3	8	498	570
1	0	2	9	579	619
1	6	4	10	645	701
1	5	1	11	717	734
1	1	0	12	767	839
1	1	6	13	872	938
2	1	3	14	90	151
2	3	5	15	172	241
2	5	3	16	277	308
2	8	5	17	330	372
2	1	0	18	393	412
2	9	4	19	432	485
2	4	1	20	485	562
2	9	7	21	747	829
2	5	3	22	849	912
2	0	2	23	912	983
3	3	2	24	0	65
3	5	2	25	78	96
3	6	2	26	115	128
3	1	7	27	247	333
3	8	0	28	435	456
3	1	7	29	478	554
3	2	5	30	631	714
3	8	1	31	749	767
3	4	4	32	777	844
4	3	4	33	85	164
4	8	6	34	179	240
4	6	1	35	309	329
4	1	7	36	333	392
4	0	3	37	461	498
4	7	3	38	635	708
4	6	6	39	708	796
4	3	1	40	881	904
4	2	6	41	938	953
4	1	3	42	994	1025
5	5	3	43	15	31
5	6	3	44	210	248
5	0	2	45	619	694
5	7	3	46	708	751
5	5	3	47	751	849
5	3	4	48	942	1039
6	7	6	49	44	111
6	9	6	50	111	142
6	0	1	51	375	442
6	1	1	52	442	478
6	7	2	53	751	772
6	6	6	54	796	832
6	0	2	55	861	908
6	8	5	56	929	956
6	8	5	57	971	1040
7	9	7	58	0	63
7	3	2	59	65	78
7	0	5	60	125	152
7	7	4	61	164	224
7	8	0	62	544	626
7	9	2	63	694	747
7	7	7	64	829	905
8	1	0	65	0	56
8	9	5	66	152	172
8	3	5	67	241	330
8	4	2	68	388	403
8	1	6	69	554	632
8	5	1	70	734	749
8	2	0	71	839	897
8	6	3	72	912	974
8	7	2	73	983	1039
9	0	5	74	0	65
9	9	4	75	263	351
9	6	6	76	417	479
9	6	4	77	485	543
9	2	5	78	543	631
9	1	7	79	667	680
9	1	7	80	680	738
9	6	4	81	844	888
9	9	4	82	888	942
9	8	5	83	956	971
10	5	7	84	110	191
10	2	0	85	234	253
10	3	0	86	337	359
10	5	0	87	461	493
10	3	0	88	493	524
10	3	1	89	562	647
10	4	1	90	647	717
11	0	1	91	162	242
11	8	0	92	253	326
11	2	0	93	326	337
11	5	0	94	369	393
11	7	7	95	393	473
11	8	6	96	479	544
11	6	3	97	570	633
11	8	5	98	784	869
11	4	0	99	950	1043
12	2	4	100	0	19
12	6	4	101	19	85
12	9	5	102	372	432
12	7	2	103	477	528
12	5	0	104	626	699
12	0	4	105	701	777
12	7	2	106	777	810
12	8	5	107	869	929
12	2	6	108	953	1026
13	4	2	109	128	191
13	1	7	110	191	247
13	4	2	111	263	293
13	6	1	112	329	375
13	5	3	113	393	461
13	0	1	114	777	844
13	3	2	115	848	861
14	6	3	116	0	15
14	1	0	117	56	74
14	2	0	118	74	167
14	7	7	119	554	635
14	1	7	120	635	667
14	3	0	121	699	767
14	4	0	122	897	950
15	0	2	123	96	115
15	1	6	124	151	179
15	6	3	125	248	267
15	4	2	126	293	304
15	0	4	127	351	371
15	1	0	128	412	427
15	1	0	129	427	435
15	4	4	130	572	645
15	0	1	131	1009	1018
16	7	6	132	0	34
16	4	5	133	65	125
16	9	2	134	191	246
16	8	4	135	372	428
16	0	4	136	543	572
16	3	2	137	810	848
16	1	1	138	938	994
17	8	1	139	0	84
17	6	3	140	151	210
17	0	1	141	242	309
17	5	3	142	309	369
17	3	1	143	904	938
17	5	7	144	962	1028
18	5	3	145	31	61
18	9	7	146	63	110
18	2	0	147	167	234
18	4	4	148	234	263
18	7	6	149	324	379
18	6	6	150	379	417
18	3	5	151	432	476
18	2	5	152	476	542
18	8	6	153	632	707
19	7	6	154	34	44
19	7	6	155	240	324
19	9	2	156	528	579
19	2	5	157	714	784
19	1	6	158	839	872
19	7	7	159	905	962


Solution History:
