This is the output of Heuristic Solver for Dual resource constrained flexible job shop Scheduling Problem.
Input file is: wfjsp14_2.txt
Method: TS_100000000_0.227422_5
Seed: 3
Number of Jobs: 30
Number of Operations: 225
Number of Machines: 15
Number of Operators: 15
CPU Time: 13.6643
obj: 824
Best found lower bound:0
Solver gap (best found lower bound and upper bound difference): Not known


Final Solution:
Job	Machine	Operator	Operation	Start Time	Finish Time
0	9	2	0	359	439
0	13	4	1	483	554
0	4	0	2	578	597
0	4	13	3	597	637
0	14	14	4	743	759
1	6	0	5	0	24
1	4	6	6	65	134
1	8	1	7	178	187
1	12	2	8	233	310
1	1	7	9	357	395
1	14	11	10	497	550
1	9	2	11	652	669
1	1	10	12	669	741
1	8	8	13	748	818
2	14	14	14	68	124
2	2	4	15	124	192
2	1	4	16	192	222
2	1	10	17	286	329
2	7	10	18	329	353
2	13	4	19	430	483
2	8	14	20	493	580
2	0	7	21	595	683
2	6	13	22	685	736
2	6	13	23	763	824
3	4	5	24	0	65
3	8	3	25	77	95
3	8	9	26	138	151
3	5	0	27	173	266
3	12	5	28	406	432
3	9	3	29	439	526
3	3	10	30	526	612
3	5	1	31	659	677
3	4	0	32	704	772
4	3	0	33	92	173
4	2	12	34	263	313
4	1	7	35	329	357
4	3	1	36	357	409
4	5	2	37	459	498
4	12	12	38	498	570
4	14	12	39	570	653
4	4	14	40	653	678
4	2	1	41	746	761
4	12	11	42	788	818
5	11	10	43	0	16
5	11	10	44	51	92
5	7	4	45	253	328
5	4	9	46	361	400
5	7	9	47	534	619
5	10	3	48	659	743
6	10	1	49	80	137
6	5	1	50	137	171
6	12	14	51	171	233
6	11	9	52	400	439
6	11	1	53	454	483
6	2	6	54	485	521
6	11	13	55	552	597
6	4	0	56	681	704
6	3	6	57	755	819
7	6	0	58	24	92
7	13	4	59	110	123
7	11	12	60	126	156
7	8	14	61	383	430
7	4	8	62	438	517
7	7	9	63	687	744
7	11	10	64	744	817
8	9	12	65	0	54
8	12	2	66	138	160
8	14	12	67	178	256
8	13	4	68	328	343
8	13	10	69	353	430
8	9	3	70	526	541
8	10	1	71	598	652
8	11	1	72	685	740
8	2	0	73	772	823
9	2	12	74	63	121
9	6	3	75	121	205
9	1	14	76	233	286
9	2	12	77	313	363
9	2	6	78	363	445
9	3	9	79	454	467
9	1	10	80	471	525
9	9	1	81	552	598
9	9	2	82	598	652
9	13	10	83	652	667
10	8	3	84	205	285
10	14	11	85	285	309
10	5	2	86	439	459
10	10	0	87	505	536
10	10	3	88	541	573
10	5	3	89	576	659
10	12	12	90	687	759
11	10	1	91	0	80
11	9	8	92	92	165
11	8	12	93	165	178
11	0	5	94	202	227
11	10	3	95	345	423
11	12	11	96	432	497
11	2	6	97	521	579
11	6	8	98	590	675
11	9	2	99	736	823
12	1	7	100	0	16
12	4	6	101	134	204
12	6	13	102	205	258
12	12	2	103	310	359
12	7	9	104	468	534
12	1	4	105	554	629
12	12	12	106	653	687
12	5	14	107	687	734
12	7	9	108	744	814
13	7	6	109	0	61
13	14	14	110	124	171
13	7	11	111	196	225
13	9	8	112	249	292
13	14	11	113	309	376
13	9	2	114	669	736
13	10	3	115	743	755
14	0	2	116	0	14
14	0	5	117	227	250
14	8	14	118	286	383
14	7	0	119	386	468
14	3	0	120	476	505
14	13	14	121	597	652
14	14	1	122	761	819
15	5	14	123	0	20
15	0	8	124	20	47
15	0	5	125	65	84
15	6	3	126	95	106
15	10	4	127	226	253
15	14	11	128	256	271
15	3	0	129	468	476
15	8	5	130	580	658
15	0	7	131	753	763
16	9	8	132	54	92
16	13	8	133	165	230
16	10	3	134	286	345
16	1	13	135	395	450
16	2	6	136	450	485
16	7	9	137	619	653
16	4	14	138	772	824
17	12	13	139	0	84
17	10	5	140	137	194
17	11	10	141	194	265
17	11	13	142	326	381
17	4	8	143	400	438
17	11	1	144	483	552
18	13	14	145	20	47
18	12	9	146	95	138
18	2	1	147	192	263
18	3	0	148	266	296
18	3	0	149	296	351
18	7	0	150	353	386
18	6	11	151	386	431
18	8	14	152	431	493
18	3	0	153	612	681
19	14	11	154	0	12
19	9	7	155	165	249
19	13	9	156	249	309
19	0	5	157	328	393
19	13	2	158	561	597
19	11	13	159	637	685
20	5	2	160	20	45
20	1	7	161	85	152
20	1	10	162	152	179
20	10	2	163	194	226
20	11	13	164	265	326
20	5	4	165	346	430
20	0	7	166	540	595
20	0	7	167	683	753
21	8	10	168	95	109
21	11	9	169	156	188
21	14	12	170	406	487
21	2	6	171	579	655
21	3	6	172	681	755
21	1	4	173	755	823
22	8	3	174	0	77
22	0	5	175	250	261
22	5	1	176	266	346
22	1	10	177	450	471
22	0	7	178	471	540
22	12	11	179	570	651
22	8	5	180	658	721
22	6	13	181	736	763
23	3	9	182	188	246
23	6	8	183	292	362
23	10	5	184	432	505
23	6	8	185	517	590
23	14	11	186	687	743
23	12	11	187	759	788
24	11	10	188	16	51
24	5	2	189	51	131
24	4	6	190	287	361
24	3	1	191	409	454
24	0	7	192	763	807
25	1	7	193	16	85
25	13	10	194	126	141
25	7	11	195	155	196
25	0	7	196	261	328
25	12	12	197	363	406
25	5	2	198	498	561
25	2	4	199	655	746
25	5	5	200	746	823
26	3	9	201	0	86
26	0	5	202	95	125
26	0	7	203	395	461
26	6	13	204	461	515
26	5	0	205	561	576
26	1	10	206	629	643
26	14	9	207	653	687
27	7	11	208	68	155
27	4	6	209	204	287
27	4	5	210	517	578
27	13	8	211	675	748
27	10	3	212	755	823
28	13	8	213	0	15
28	14	11	214	15	68
28	13	4	215	68	110
28	11	10	216	110	126
28	0	13	217	126	202
28	13	8	218	230	245
28	10	5	219	261	286
29	2	4	220	0	29
29	2	4	221	29	63
29	12	5	222	84	95
29	9	9	223	309	356
29	13	12	224	759	821


Solution History:
