This is the output of Heuristic Solver for Dual resource constrained flexible job shop Scheduling Problem.
Input file is: wfjsp8_2.txt
Method: TS_100000000_0.175095_5
Seed: 4
Number of Jobs: 15
Number of Operations: 123
Number of Machines: 5
Number of Operators: 5
CPU Time: 10.5116
obj: 1289
Best found lower bound:0
Solver gap (best found lower bound and upper bound difference): Not known


Final Solution:
Job	Machine	Operator	Operation	Start Time	Finish Time
0	4	1	0	243	321
0	2	2	1	841	913
0	2	2	2	913	936
0	0	2	3	974	1009
0	3	3	4	1019	1036
1	4	1	5	0	28
1	4	1	6	105	179
1	0	2	7	188	196
1	1	0	8	211	286
1	3	4	9	324	367
1	0	2	10	410	464
1	1	0	11	581	596
1	1	0	12	678	747
1	4	1	13	839	906
2	3	4	14	79	140
2	1	0	15	142	211
2	3	3	16	215	250
2	2	2	17	337	381
2	2	0	18	442	461
2	0	3	19	477	532
2	0	4	20	532	616
2	3	3	21	632	713
2	4	1	22	786	839
2	1	0	23	844	915
3	2	0	24	70	142
3	3	4	25	292	311
3	3	4	26	311	324
3	1	4	27	442	532
3	0	4	28	616	636
3	2	4	29	661	741
3	3	3	30	814	903
3	1	3	31	1199	1217
3	0	2	32	1221	1289
4	4	1	33	28	105
4	4	1	34	426	478
4	2	4	35	636	661
4	3	3	36	713	763
4	2	4	37	776	815
4	0	4	38	816	881
4	4	1	39	906	986
4	0	2	40	1009	1028
4	1	0	41	1093	1107
4	0	2	42	1129	1155
5	3	4	43	0	17
5	0	2	44	68	110
5	2	4	45	142	219
5	3	3	46	250	290
5	2	4	47	1062	1152
5	4	1	48	1200	1289
6	3	4	49	17	79
6	4	1	50	321	355
6	4	1	51	545	612
6	4	1	52	612	650
6	2	2	53	816	841
6	1	0	54	1060	1093
6	0	2	55	1155	1202
6	0	2	56	1202	1221
6	2	4	57	1221	1285
7	0	2	58	0	68
7	0	2	59	177	188
7	4	1	60	210	243
7	1	3	61	532	581
7	1	0	62	596	678
7	3	3	63	763	814
7	0	2	64	1059	1129
8	3	3	65	140	192
8	3	3	66	192	215
8	1	0	67	286	372
8	1	0	68	372	385
8	3	3	69	399	477
8	3	0	70	557	571
8	1	0	71	1002	1060
8	4	1	72	1097	1152
8	3	0	73	1181	1229
9	2	4	74	381	442
9	2	2	75	464	549
9	0	2	76	636	693
9	0	2	77	693	749
9	0	4	78	881	974
9	1	0	79	990	1002
9	4	1	80	1002	1051
9	4	1	81	1051	1097
9	3	3	82	1125	1181
9	1	3	83	1181	1199
10	0	3	84	292	372
10	3	3	85	372	399
10	1	0	86	399	421
10	2	4	87	741	776
10	2	2	88	936	971
10	2	4	89	974	1062
10	1	0	90	1107	1174
11	1	3	91	0	80
11	0	2	92	110	177
11	0	2	93	399	410
11	1	0	94	421	441
11	3	0	95	477	557
11	2	2	96	562	632
11	4	1	97	650	699
11	1	0	98	747	844
11	3	3	99	1036	1125
12	0	2	100	196	213
12	0	4	101	219	292
12	4	1	102	371	426
12	3	3	103	581	632
12	0	2	104	749	816
12	1	0	105	915	990
12	0	2	106	1028	1059
12	4	1	107	1152	1200
12	1	3	108	1217	1288
13	2	0	109	0	70
13	1	3	110	80	129
13	4	1	111	179	210
13	2	2	112	219	265
13	2	2	113	265	337
13	4	1	114	478	545
13	2	2	115	549	562
14	4	1	116	355	371
14	0	2	117	381	399
14	4	1	118	699	786
14	3	3	119	903	986
14	3	3	120	986	1019
14	2	4	121	1152	1213
14	3	0	122	1229	1280


Solution History:
