This is the output of Heuristic Solver for Dual resource constrained flexible job shop Scheduling Problem.
Input file is: wfjsp8_6.txt
Method: TS_100000000_0.115144_5
Seed: 2
Number of Jobs: 15
Number of Operations: 122
Number of Machines: 5
Number of Operators: 5
CPU Time: 6.91496
obj: 1306
Best found lower bound:0
Solver gap (best found lower bound and upper bound difference): Not known


Final Solution:
Job	Machine	Operator	Operation	Start Time	Finish Time
0	4	0	0	43	105
0	1	4	1	148	189
0	3	3	2	264	330
0	2	0	3	416	459
0	2	0	4	650	745
0	0	4	5	795	886
0	3	3	6	914	942
0	3	3	7	942	968
0	4	0	8	993	1079
1	0	1	9	0	14
1	4	1	10	473	555
1	1	1	11	597	675
1	4	0	12	934	967
1	0	4	13	971	1007
1	0	1	14	1083	1143
1	2	0	15	1145	1230
1	0	4	16	1230	1306
2	1	2	17	473	558
2	0	3	18	610	638
2	3	3	19	678	723
2	3	3	20	723	776
2	3	3	21	776	817
2	4	0	22	839	934
2	1	1	23	995	1074
2	0	4	24	1165	1221
3	4	0	25	0	43
3	1	4	26	76	108
3	4	0	27	108	117
3	2	0	28	117	194
3	2	2	29	194	279
3	4	0	30	307	355
3	4	2	31	384	398
3	2	0	32	745	833
3	0	4	33	1007	1083
3	1	4	34	1083	1120
4	1	4	35	0	76
4	4	2	36	117	156
4	4	0	37	194	219
4	3	3	38	330	415
4	3	3	39	556	595
4	1	1	40	675	726
4	3	3	41	1155	1200
4	4	1	42	1226	1299
5	0	1	43	14	100
5	0	1	44	100	190
5	0	4	45	470	519
5	0	4	46	639	730
5	1	1	47	897	932
5	1	4	48	1120	1165
5	3	3	49	1282	1298
6	3	3	50	182	264
6	1	4	51	302	331
6	4	0	52	355	368
6	2	0	53	368	416
6	2	0	54	459	547
6	1	2	55	558	570
6	2	0	56	570	650
6	1	4	57	730	795
6	1	1	58	932	995
6	3	3	59	1200	1247
7	3	3	60	94	182
7	4	2	61	182	194
7	4	0	62	219	307
7	3	3	63	415	467
7	2	0	64	547	569
7	0	1	65	730	758
7	2	2	66	920	1004
8	1	4	67	108	148
8	0	1	68	284	377
8	4	2	69	398	463
8	1	1	70	583	597
8	0	1	71	758	792
8	2	0	72	1230	1267
9	1	1	73	377	473
9	0	4	74	519	557
9	0	4	75	557	601
9	0	3	76	601	610
9	1	1	77	795	819
9	2	2	78	839	920
9	2	2	79	1004	1093
9	4	1	80	1214	1226
10	4	2	81	156	180
10	1	2	82	570	583
10	4	2	83	583	672
10	4	2	84	818	839
10	0	4	85	886	971
10	3	3	86	971	1058
10	2	0	87	1093	1145
10	1	1	88	1165	1189
10	3	3	89	1247	1282
11	1	1	90	190	275
11	1	4	91	284	302
11	4	2	92	368	384
11	3	4	93	601	639
11	3	3	94	1106	1155
11	4	2	95	1170	1214
12	2	3	96	0	94
12	3	3	97	467	556
12	4	1	98	556	583
12	4	2	99	672	737
12	4	2	100	737	790
12	3	3	101	817	830
12	1	1	102	854	897
12	3	3	103	1058	1106
12	4	2	104	1144	1160
12	2	0	105	1267	1301
13	2	2	106	94	115
13	1	4	107	331	373
13	0	4	108	377	470
13	3	3	109	639	678
13	4	2	110	790	818
13	3	3	111	830	914
13	4	0	112	967	993
13	4	2	113	1093	1144
14	3	2	114	0	78
14	0	4	115	190	284
14	2	2	116	284	368
14	1	1	117	819	854
14	0	1	118	1143	1159
14	4	2	119	1160	1170
14	1	1	120	1189	1212
14	1	2	121	1214	1303


Solution History:
