This is the output of Heuristic Solver for Dual resource constrained flexible job shop Scheduling Problem.
Input file is: wfjsp24_1.txt
Method: TS_100000000_0.259840_5
Seed: 3
Number of Jobs: 40
Number of Operations: 291
Number of Machines: 15
Number of Operators: 12
CPU Time: 15.6202
obj: 1205
Best found lower bound:0
Solver gap (best found lower bound and upper bound difference): Not known


Final Solution:
Job	Machine	Operator	Operation	Start Time	Finish Time
0	7	1	0	199	275
0	4	3	1	328	351
0	6	6	2	375	415
0	14	1	3	607	689
0	8	0	4	1107	1188
1	13	5	5	152	209
1	14	7	6	209	277
1	11	11	7	320	356
1	12	0	8	414	453
1	7	8	9	695	728
1	1	2	10	936	945
1	5	11	11	990	1008
1	1	9	12	1044	1059
1	11	3	13	1128	1174
2	12	0	14	111	167
2	0	7	15	167	208
2	1	9	16	378	403
2	5	9	17	403	412
2	13	5	18	480	539
2	8	4	19	558	603
2	12	0	20	671	753
3	2	4	21	204	286
3	10	2	22	531	574
3	7	2	23	611	682
3	14	7	24	752	764
3	3	1	25	775	812
3	0	4	26	1014	1036
4	0	7	27	80	103
4	8	4	28	152	204
4	13	0	29	333	414
4	4	3	30	566	604
4	11	6	31	630	685
4	13	4	32	740	816
4	14	9	33	881	924
5	14	9	34	63	75
5	2	1	35	302	344
5	6	5	36	347	374
5	11	8	37	378	412
5	7	0	38	503	569
5	4	3	39	617	673
5	14	7	40	831	863
5	5	10	41	1046	1133
5	1	10	42	1133	1161
6	12	2	43	0	58
6	8	8	44	497	507
6	2	2	45	519	531
6	11	7	46	558	630
6	6	5	47	650	660
6	5	3	48	673	683
6	8	1	49	737	775
6	9	5	50	775	847
7	14	1	51	0	17
7	4	1	52	109	168
7	11	6	53	168	223
7	12	0	54	569	611
7	10	8	55	656	695
8	0	7	56	333	419
8	14	10	57	469	506
8	9	8	58	534	618
8	8	11	59	626	680
8	3	8	60	741	764
8	7	10	61	991	1046
9	12	10	62	333	353
9	14	10	63	353	394
9	4	1	64	475	566
9	10	2	65	574	611
9	1	0	66	840	861
9	3	5	67	939	988
9	3	5	68	988	1048
9	3	0	69	1048	1107
9	9	5	70	1148	1186
10	0	0	71	0	22
10	11	7	72	126	163
10	6	2	73	183	224
10	10	2	74	385	425
10	0	0	75	453	503
10	10	3	76	695	770
10	12	7	77	948	1020
11	1	8	78	10	85
11	3	10	79	154	241
11	0	7	80	630	704
11	13	4	81	704	740
11	4	11	82	774	791
11	2	1	83	812	836
11	3	2	84	928	936
12	6	5	85	72	152
12	14	9	86	154	194
12	9	9	87	214	250
12	13	10	88	316	333
12	9	5	89	451	480
12	0	10	90	506	561
12	4	3	91	604	617
12	4	11	92	791	843
13	8	8	93	305	378
13	9	6	94	480	504
13	8	8	95	507	534
13	2	10	96	561	615
13	8	6	97	615	626
13	3	5	98	660	741
13	0	0	99	753	838
13	11	3	100	955	1008
13	14	11	101	1008	1047
14	1	2	102	690	774
14	7	4	103	816	886
14	13	6	104	893	927
14	14	11	105	930	986
14	9	9	106	989	1008
14	4	11	107	1058	1100
14	5	7	108	1150	1161
15	2	7	109	0	80
15	1	11	110	170	224
15	9	6	111	302	375
15	7	4	112	375	397
15	3	1	113	401	421
15	5	9	114	421	496
15	5	7	115	874	892
15	2	0	116	951	1040
15	0	7	117	1063	1150
16	6	5	118	58	72
16	2	0	119	90	111
16	8	6	120	279	296
16	3	2	121	303	385
16	12	0	122	611	662
16	6	6	123	746	818
16	5	7	124	892	948
16	6	7	125	1020	1063
16	6	9	126	1063	1103
16	4	11	127	1103	1140
17	9	1	128	275	302
17	1	6	129	504	613
17	1	9	130	815	840
17	1	4	131	886	910
17	14	10	132	1161	1199
18	6	5	133	0	18
18	2	3	134	124	173
18	10	3	135	247	325
18	2	1	136	344	401
18	7	1	137	569	607
18	2	4	138	615	702
18	5	10	139	724	763
18	4	1	140	980	1058
18	7	1	141	1058	1136
18	5	4	142	1161	1205
19	3	10	143	0	78
19	4	3	144	173	247
19	0	0	145	285	331
19	11	4	146	487	525
19	11	8	147	774	841
19	2	1	148	841	921
19	7	4	149	921	991
20	10	0	150	46	90
20	5	3	151	496	560
20	4	6	152	685	746
20	10	3	153	1072	1128
20	1	8	154	1161	1205
21	6	5	155	18	58
21	5	11	156	94	133
21	5	10	157	241	316
21	4	6	158	415	469
21	12	11	159	480	542
22	4	5	160	247	328
22	1	10	161	615	690
22	0	4	162	991	1014
22	11	4	163	1036	1051
22	6	7	164	1161	1205
23	8	6	165	131	147
23	7	0	166	167	186
23	0	6	167	223	279
23	11	4	168	286	320
23	2	1	169	921	945
23	9	5	170	1076	1148
24	9	5	171	375	451
24	3	1	172	451	475
24	13	5	173	539	593
24	12	3	174	770	845
24	12	11	175	845	930
24	6	1	176	945	980
24	13	3	177	1031	1072
24	14	4	178	1113	1153
25	14	1	179	17	55
25	10	2	180	103	183
25	8	11	181	224	278
25	10	2	182	425	501
25	14	11	183	542	569
25	9	9	184	640	724
25	8	8	185	1016	1106
25	3	8	186	1107	1143
25	7	3	187	1174	1192
26	9	1	188	56	109
26	14	11	189	278	317
26	7	9	190	728	815
26	13	5	191	847	893
26	6	5	192	918	939
26	5	10	193	951	990
26	4	1	194	1140	1199
27	1	8	195	412	497
27	5	0	196	662	671
27	3	2	197	851	928
27	9	9	198	928	989
27	10	2	199	989	1044
27	6	9	200	1103	1143
28	13	4	201	0	76
28	10	8	202	188	246
28	12	3	203	353	413
28	4	3	204	845	871
28	4	3	205	871	955
29	0	0	206	22	46
29	1	10	207	85	127
29	1	6	208	147	167
29	12	0	209	186	234
29	11	11	210	356	376
29	11	7	211	419	487
29	3	9	212	496	520
29	5	9	213	560	640
29	9	5	214	741	764
30	8	6	215	58	131
30	9	9	216	194	214
30	1	9	217	250	305
30	2	7	218	764	805
30	11	10	219	876	951
30	13	8	220	971	1016
30	10	6	221	1150	1194
31	7	4	222	76	152
31	13	5	223	209	245
31	10	4	224	325	371
31	8	6	225	927	1010
31	5	3	226	1010	1031
31	13	6	227	1076	1150
31	0	9	228	1150	1205
32	8	11	229	0	58
32	2	1	230	173	199
32	7	4	231	397	481
32	11	4	232	525	558
32	6	5	233	593	650
32	14	10	234	690	724
33	4	3	235	0	75
33	3	0	236	241	285
33	6	5	237	328	347
33	2	7	238	704	752
33	0	8	239	881	971
33	12	2	240	1121	1205
34	11	8	241	0	10
34	12	2	242	58	103
34	14	7	243	103	126
34	0	10	244	127	149
34	6	2	245	224	303
34	2	2	246	501	519
34	3	11	247	569	623
34	14	7	248	863	874
34	9	6	249	1010	1076
35	3	9	250	78	154
35	12	7	251	277	333
35	1	9	252	333	378
35	14	10	253	394	469
35	6	1	254	689	737
35	6	6	255	818	890
35	1	2	256	945	988
36	11	11	257	58	72
36	11	3	258	75	124
36	1	9	259	305	331
36	8	11	260	397	480
36	6	7	261	487	556
36	9	5	262	764	774
36	10	2	263	774	851
37	7	9	264	0	63
37	5	11	265	72	94
37	9	8	266	149	188
37	5	11	267	376	397
37	3	1	268	421	441
37	3	9	269	520	555
37	11	11	270	685	774
37	14	7	271	805	831
37	0	9	272	840	881
37	9	5	273	893	918
38	5	11	274	133	170
38	13	8	275	246	305
38	2	3	276	413	494
38	13	8	277	618	656
38	5	10	278	763	848
38	10	10	279	851	870
38	10	0	280	870	951
38	1	9	281	1008	1044
38	14	4	282	1051	1113
38	3	11	283	1143	1202
39	9	6	284	0	56
39	13	8	285	85	124
39	13	8	286	124	149
39	5	3	287	683	694
39	11	8	288	841	876
39	12	2	289	1044	1121
39	13	5	290	1186	1204


Solution History:
