This is the output of Heuristic Solver for Dual resource constrained flexible job shop Scheduling Problem.
Input file is: wfjsp10_7.txt
Method: TS_100000000_0.359155_5
Seed: 1
Number of Jobs: 20
Number of Operations: 160
Number of Machines: 10
Number of Operators: 10
CPU Time: 21.5565
obj: 852
Best found lower bound:0
Solver gap (best found lower bound and upper bound difference): Not known


Final Solution:
Job	Machine	Operator	Operation	Start Time	Finish Time
0	1	7	0	10	94
0	0	1	1	142	154
0	1	0	2	237	279
0	9	1	3	324	419
0	1	7	4	452	474
0	1	1	5	481	522
0	7	8	6	528	561
0	1	4	7	611	652
1	1	9	8	94	105
1	0	1	9	107	142
1	7	8	10	146	221
1	3	5	11	223	298
1	0	3	12	315	389
1	8	5	13	389	445
1	3	5	14	494	531
1	9	8	15	586	604
1	6	2	16	686	763
1	6	0	17	768	846
2	5	6	18	36	102
2	8	4	19	102	168
2	2	1	20	177	250
2	2	7	21	287	319
2	6	2	22	465	476
2	9	7	23	481	559
2	7	7	24	592	604
2	7	7	25	604	666
2	8	4	26	749	761
2	7	8	27	767	843
3	4	8	28	85	137
3	5	6	29	174	199
3	8	4	30	445	517
3	2	3	31	682	755
3	2	2	32	763	846
4	8	7	33	0	10
4	3	5	34	86	162
4	4	3	35	162	241
4	3	5	36	298	319
4	4	0	37	335	358
4	2	0	38	460	498
4	6	3	39	506	583
4	0	3	40	585	661
4	7	8	41	685	767
4	3	5	42	771	852
5	6	2	43	29	69
5	6	0	44	79	104
5	7	0	45	104	146
5	6	2	46	151	236
5	4	4	47	255	329
5	5	3	48	771	829
6	9	8	49	0	52
6	4	9	50	137	161
6	9	9	51	207	244
6	5	6	52	407	470
6	2	0	53	498	526
6	0	0	54	526	543
6	0	0	55	543	585
6	1	4	56	652	726
6	4	4	57	809	852
7	5	6	58	0	36
7	2	1	59	36	60
7	9	2	60	89	118
7	9	2	61	118	151
7	0	0	62	175	237
7	9	1	63	419	481
7	1	4	64	522	611
7	8	6	65	688	749
8	8	5	66	10	86
8	8	4	67	168	255
8	1	0	68	279	335
8	3	2	69	335	396
8	1	9	70	429	447
8	4	9	71	455	513
8	2	1	72	526	585
8	2	1	73	585	663
9	2	1	74	60	104
9	0	0	75	154	175
9	2	7	76	250	287
9	5	8	77	311	406
9	3	2	78	578	612
10	9	9	79	52	89
10	7	9	80	300	376
10	4	0	81	585	601
10	6	9	82	658	675
10	1	7	83	726	774
11	0	3	84	0	20
11	6	9	85	105	135
11	3	5	86	162	223
11	0	2	87	237	304
11	8	5	88	324	375
11	4	0	89	397	406
11	7	8	90	455	528
11	7	7	91	561	592
11	4	0	92	601	637
11	4	0	93	637	654
12	6	2	94	0	29
12	0	3	95	29	107
12	2	1	96	160	169
12	9	9	97	244	298
12	0	3	98	389	407
12	6	2	99	407	465
12	5	6	100	599	672
12	0	1	101	672	702
12	0	1	102	702	786
12	9	9	103	793	848
13	2	1	104	0	33
13	2	3	105	107	160
13	7	8	106	247	300
13	4	0	107	358	397
13	2	0	108	406	460
13	0	3	109	481	506
13	4	9	110	513	548
13	4	9	111	548	560
13	9	8	112	561	586
13	3	2	113	645	686
14	8	1	114	255	324
14	2	7	115	324	379
14	7	7	116	379	452
14	9	7	117	685	703
14	0	1	118	786	846
15	9	9	119	161	207
15	7	8	120	221	247
15	1	4	121	335	417
15	4	8	122	417	455
15	8	6	123	517	599
15	9	8	124	604	685
15	4	0	125	685	768
15	4	4	126	768	809
16	7	9	127	0	39
16	8	4	128	86	100
16	3	9	129	396	429
16	3	2	130	612	645
16	2	0	131	663	682
16	1	7	132	774	815
17	4	4	133	0	85
17	2	1	134	169	177
17	5	6	135	199	237
17	5	6	136	237	311
17	5	2	137	476	531
17	6	9	138	583	658
17	7	3	139	666	676
17	3	9	140	686	722
17	8	6	141	761	809
18	1	7	142	105	157
18	1	7	143	157	235
18	6	3	144	241	315
18	3	5	145	445	494
18	5	2	146	531	558
18	8	5	147	599	688
18	5	5	148	688	771
18	8	6	149	809	850
19	3	0	150	0	79
19	5	6	151	102	174
19	9	2	152	304	319
19	6	6	153	319	345
19	6	6	154	345	383
19	6	6	155	383	407
19	0	3	156	407	481
19	3	5	157	531	578
19	9	9	158	722	793
19	1	7	159	815	851


Solution History:
