This is the output of Heuristic Solver for Dual resource constrained flexible job shop Scheduling Problem.
Input file is: wfjsp21_1.txt
Method: TS_100000000_0.615275_5
Seed: 1
Number of Jobs: 25
Number of Operations: 248
Number of Machines: 15
Number of Operators: 12
CPU Time: 36.94
obj: 1043
Best found lower bound:0
Solver gap (best found lower bound and upper bound difference): Not known


Final Solution:
Job	Machine	Operator	Operation	Start Time	Finish Time
0	7	9	0	0	76
0	5	0	1	162	187
0	6	5	2	202	247
0	14	9	3	247	327
0	8	3	4	356	433
0	5	9	5	473	538
0	1	8	6	538	610
0	10	6	7	619	648
0	5	11	8	657	696
0	7	8	9	882	915
0	6	1	10	983	992
1	10	4	11	0	16
1	9	6	12	105	118
1	4	11	13	178	225
1	8	1	14	242	307
1	6	1	15	408	458
1	7	10	16	463	488
1	5	0	17	581	590
1	0	0	18	610	661
1	8	9	19	667	708
1	12	6	20	731	814
2	2	0	21	52	142
2	10	4	22	154	200
2	12	3	23	205	281
2	6	10	24	312	328
2	10	6	25	490	523
2	0	0	26	590	610
2	6	6	27	855	882
2	8	11	28	888	939
2	3	5	29	956	1040
3	3	1	30	45	88
3	0	4	31	98	154
3	4	5	32	247	347
3	9	8	33	381	426
3	7	10	34	603	618
3	2	4	35	654	694
3	6	1	36	703	729
3	1	4	37	980	1014
4	7	10	38	76	145
4	7	3	39	145	205
4	14	1	40	205	242
4	0	9	41	390	473
4	0	0	42	697	720
4	13	3	43	775	839
4	8	0	44	839	848
4	2	2	45	852	864
5	11	7	46	102	174
5	6	6	47	298	309
5	1	11	48	313	322
5	1	2	49	323	367
5	10	4	50	407	489
5	14	11	51	501	518
5	4	1	52	580	639
5	11	11	53	725	779
5	1	8	54	784	824
5	12	8	55	824	866
5	12	0	56	875	983
5	14	1	57	992	1036
6	11	7	58	0	87
6	11	3	59	281	356
6	3	10	60	383	407
6	7	10	61	408	463
6	14	3	62	518	535
6	14	7	63	583	623
6	4	6	64	648	731
6	1	10	65	864	902
6	1	11	66	959	978
7	3	10	67	0	45
7	8	9	68	176	232
7	12	7	69	281	351
7	13	6	70	390	427
7	11	4	71	509	534
7	3	9	72	561	601
7	8	9	73	708	747
7	11	11	74	779	822
7	0	9	75	884	927
8	10	3	76	48	123
8	0	8	77	154	233
8	3	8	78	233	304
8	5	11	79	341	431
8	0	7	80	509	583
8	6	7	81	623	662
8	10	0	82	662	679
8	10	0	83	679	697
8	5	11	84	697	706
8	5	10	85	731	809
9	14	1	86	0	44
9	13	10	87	45	72
9	4	1	88	138	157
9	11	7	89	174	206
9	0	0	90	247	296
9	3	8	91	769	784
9	4	1	92	862	908
9	2	8	93	915	998
10	5	9	94	76	95
10	3	8	95	129	150
10	2	2	96	405	465
10	14	7	97	465	476
10	3	5	98	480	561
10	9	8	99	692	769
10	14	10	100	809	864
10	14	7	101	912	953
11	4	11	102	0	89
11	1	11	103	225	313
11	2	2	104	367	405
11	1	0	105	461	516
11	9	9	106	538	557
11	7	4	107	694	734
11	1	2	108	753	768
11	11	4	109	849	925
11	12	10	110	983	1040
12	11	7	111	206	280
12	7	10	112	292	312
12	3	11	113	322	341
12	4	5	114	400	480
12	8	11	115	480	501
12	10	6	116	523	608
12	0	7	117	797	884
12	6	6	118	884	896
12	11	7	119	953	980
13	9	5	120	0	17
13	6	6	121	22	105
13	3	0	122	414	461
13	6	1	123	461	542
13	5	11	124	603	657
13	6	2	125	662	703
13	6	5	126	729	773
13	8	0	127	848	875
13	2	7	128	884	912
13	0	9	129	927	1015
14	8	0	130	0	25
14	10	0	131	25	48
14	3	8	132	93	129
14	10	3	133	129	143
14	9	1	134	157	204
14	10	10	135	204	292
14	11	0	136	356	414
14	7	4	137	618	654
14	2	4	138	758	845
14	5	11	139	849	888
14	10	3	140	888	966
14	5	3	141	966	1043
15	5	3	142	0	45
15	8	9	143	95	176
15	2	4	144	200	274
15	14	9	145	327	390
15	12	8	146	457	493
15	7	0	147	516	581
15	12	2	148	581	660
15	14	7	149	729	797
15	10	6	150	814	850
15	9	5	151	855	915
15	7	4	152	925	980
15	7	0	153	983	1041
16	1	2	154	104	150
16	2	10	155	150	193
16	5	0	156	205	247
16	5	2	157	247	323
16	4	5	158	347	400
16	9	6	159	427	490
16	4	10	160	490	567
16	1	10	161	618	693
17	0	6	162	0	22
17	11	7	163	87	102
17	6	5	164	157	202
17	1	6	165	202	220
17	7	2	166	227	244
17	0	10	167	328	383
17	11	7	168	476	509
17	2	4	169	534	556
17	9	5	170	561	633
17	9	2	171	769	852
17	3	5	172	935	956
18	12	2	173	52	104
18	12	6	174	118	198
18	9	8	175	304	381
18	11	8	176	426	457
18	14	1	177	542	580
18	13	3	178	621	661
18	14	7	179	662	695
18	10	3	180	697	775
18	7	9	181	837	882
18	13	6	182	896	969
18	10	4	183	1014	1039
19	9	5	184	17	91
19	2	4	185	274	361
19	8	11	186	433	473
19	2	4	187	489	506
19	9	1	188	639	692
19	14	7	189	695	729
19	7	0	190	740	834
19	13	3	191	839	882
19	3	5	192	915	935
19	6	10	193	935	983
19	4	11	194	983	1042
20	1	8	195	0	85
20	1	8	196	85	93
20	3	2	197	150	227
20	9	6	198	227	298
20	10	0	199	298	349
20	6	7	200	351	389
20	13	3	201	433	514
20	2	4	202	556	612
20	4	1	203	731	783
20	11	11	204	822	849
20	9	2	205	915	995
20	0	9	206	1015	1042
21	2	2	207	0	52
21	13	4	208	76	98
21	13	5	209	98	157
21	13	0	210	187	205
21	14	7	211	390	463
21	0	2	212	473	493
21	8	11	213	518	603
21	3	9	214	603	626
21	3	5	215	633	715
21	2	0	216	720	740
21	4	1	217	926	975
21	9	2	218	995	1035
22	14	11	219	89	178
22	10	4	220	361	407
22	9	8	221	493	538
22	13	3	222	538	621
22	12	3	223	661	691
22	1	2	224	703	753
22	8	9	225	753	837
22	5	10	226	902	924
22	13	6	227	969	1043
23	0	4	228	22	76
23	4	1	229	89	138
23	5	0	230	142	162
23	7	1	231	312	408
23	11	10	232	567	603
23	11	8	233	610	679
23	12	10	234	693	731
23	4	1	235	783	862
23	3	2	236	864	906
23	1	11	237	939	959
23	2	8	238	998	1043
24	13	6	239	309	390
24	12	2	240	493	577
24	8	6	241	608	619
24	8	9	242	626	667
24	5	11	243	706	725
24	0	4	244	734	758
24	6	5	245	773	855
24	4	1	246	908	926
24	11	7	247	980	1035


Solution History:
