This is the output of Heuristic Solver for Dual resource constrained flexible job shop Scheduling Problem.
Input file is: wfjsp23_9.txt
Method: TS_100000000_0.832920_5
Seed: 4
Number of Jobs: 30
Number of Operations: 369
Number of Machines: 15
Number of Operators: 12
CPU Time: 50.0281
obj: 1599
Best found lower bound:0
Solver gap (best found lower bound and upper bound difference): Not known


Final Solution:
Job	Machine	Operator	Operation	Start Time	Finish Time
0	9	2	0	0	86
0	13	4	1	86	135
0	12	11	2	236	305
0	8	5	3	492	547
0	8	2	4	1063	1092
0	2	9	5	1168	1251
0	9	4	6	1312	1368
0	12	7	7	1388	1408
0	3	8	8	1468	1528
0	14	1	9	1539	1599
1	10	7	10	450	542
1	3	8	11	542	625
1	0	3	12	636	703
1	0	5	13	877	916
1	2	5	14	916	937
1	6	9	15	1026	1087
1	10	0	16	1109	1126
1	9	10	17	1140	1220
1	0	6	18	1225	1245
1	4	6	19	1365	1387
1	8	8	20	1392	1431
1	12	10	21	1451	1498
1	3	8	22	1528	1539
2	2	9	23	75	99
2	10	7	24	208	227
2	1	7	25	297	354
2	11	11	26	431	489
2	11	1	27	497	574
2	5	9	28	690	772
2	3	8	29	786	867
2	3	3	30	867	922
2	14	4	31	922	979
2	5	1	32	993	1051
2	2	2	33	1099	1165
2	12	8	34	1368	1382
2	11	5	35	1462	1563
3	6	1	36	63	96
3	9	0	37	101	120
3	2	10	38	228	244
3	5	1	39	267	328
3	8	0	40	636	694
3	6	7	41	772	855
3	9	10	42	908	937
3	9	2	43	937	956
3	9	2	44	956	979
3	10	0	45	990	1028
3	3	6	46	1042	1088
4	4	3	47	0	63
4	14	1	48	105	151
4	3	5	49	224	244
4	8	10	50	246	348
4	4	0	51	481	510
4	9	5	52	586	646
4	12	6	53	808	836
4	12	0	54	1084	1109
4	5	5	55	1242	1305
4	6	1	56	1333	1413
5	7	9	57	58	75
5	8	2	58	118	145
5	14	0	59	200	273
5	13	9	60	338	386
5	0	7	61	388	430
5	7	3	62	444	515
5	13	9	63	620	674
5	8	3	64	703	780
5	4	0	65	780	842
5	0	5	66	854	869
5	5	5	67	869	877
5	12	7	68	1155	1184
5	10	4	69	1243	1312
6	2	8	70	47	71
6	6	9	71	99	130
6	7	3	72	161	192
6	10	0	73	388	450
6	6	1	74	620	693
6	13	4	75	704	758
6	8	11	76	881	911
6	1	1	77	925	993
6	5	1	78	1051	1098
6	10	0	79	1126	1180
6	6	5	80	1305	1331
6	11	3	81	1373	1406
6	12	4	82	1408	1440
6	10	0	83	1502	1517
6	13	2	84	1522	1577
7	8	10	85	0	35
7	11	6	86	175	254
7	6	2	87	295	353
7	12	7	88	354	374
7	12	11	89	636	660
7	13	4	90	758	838
7	5	0	91	943	990
7	13	11	92	1005	1091
7	3	1	93	1098	1182
7	1	1	94	1182	1233
7	1	11	95	1233	1246
7	6	9	96	1271	1305
7	10	0	97	1312	1368
7	2	9	98	1466	1546
8	14	5	99	0	84
8	1	11	100	118	147
8	12	11	101	174	236
8	12	8	102	308	352
8	13	1	103	402	427
8	6	6	104	509	595
8	9	2	105	666	723
8	11	6	106	752	808
8	0	5	107	1055	1136
8	8	2	108	1165	1176
8	8	2	109	1176	1236
8	11	6	110	1406	1462
8	10	10	111	1576	1592
9	5	0	112	0	74
9	2	5	113	111	198
9	14	4	114	377	399
9	8	0	115	456	481
9	5	2	116	506	581
9	9	1	117	762	822
9	4	9	118	968	1026
9	4	0	119	1028	1059
9	12	0	120	1059	1084
9	5	6	121	1305	1365
10	10	7	122	0	57
10	8	8	123	161	246
10	9	2	124	431	506
10	13	3	125	515	575
10	4	11	126	575	604
10	11	1	127	693	729
10	3	5	128	765	784
10	10	9	129	826	910
10	11	4	130	984	1053
10	6	3	131	1124	1210
10	3	6	132	1245	1304
10	3	5	133	1391	1459
10	5	2	134	1459	1493
10	13	2	135	1493	1522
10	4	9	136	1548	1563
11	0	7	137	82	135
11	13	4	138	135	193
11	3	5	139	198	224
11	11	8	140	254	308
11	0	3	141	310	379
11	4	7	142	615	703
11	9	1	143	729	762
11	12	7	144	1239	1331
11	1	10	145	1331	1414
11	8	8	146	1431	1468
12	2	9	147	248	277
12	7	6	148	280	313
12	11	8	149	352	429
12	12	10	150	456	520
12	7	0	151	528	603
12	3	6	152	631	656
12	11	11	153	660	675
12	7	10	154	706	767
12	2	6	155	836	867
12	0	10	156	937	1030
12	14	4	157	1140	1159
13	3	1	158	0	31
13	8	10	159	35	46
13	4	3	160	63	136
13	4	2	161	236	295
13	2	8	162	429	488
13	5	5	163	784	797
13	1	7	164	855	925
13	4	9	165	1087	1168
13	11	1	166	1233	1286
13	14	2	167	1293	1375
13	7	9	168	1375	1466
13	8	10	169	1498	1576
14	6	9	170	130	214
14	10	9	171	280	338
14	14	4	172	479	530
14	2	10	173	580	647
14	10	6	174	716	752
14	7	10	175	767	826
14	13	4	176	838	869
14	3	5	177	937	994
14	10	10	178	1030	1084
14	14	4	179	1159	1173
14	14	11	180	1179	1231
14	1	11	181	1512	1592
15	1	2	182	86	104
15	14	2	183	821	905
15	12	6	184	959	1042
15	0	3	185	1045	1055
15	14	3	186	1063	1124
15	12	7	187	1184	1239
15	11	8	188	1297	1360
15	7	8	189	1360	1368
15	5	0	190	1368	1424
15	9	1	191	1477	1498
15	5	0	192	1517	1537
15	4	9	193	1563	1595
16	0	9	194	0	58
16	3	6	195	61	90
16	1	2	196	147	236
16	9	3	197	276	310
16	0	9	198	459	545
16	13	1	199	575	620
16	5	9	200	674	690
16	2	2	201	723	782
16	11	4	202	869	914
16	14	2	203	979	1063
16	13	3	204	1271	1373
16	2	2	205	1375	1440
16	1	4	206	1440	1512
16	3	7	207	1548	1590
17	6	11	208	0	63
17	14	1	209	96	105
17	5	1	210	161	256
17	10	6	211	256	280
17	13	0	212	280	332
17	3	5	213	343	368
17	9	11	214	379	431
17	2	8	215	488	504
17	0	7	216	545	615
17	11	8	217	625	649
17	7	10	218	649	706
17	10	10	219	1084	1109
17	12	10	220	1109	1140
17	9	2	221	1236	1278
17	2	9	222	1305	1375
18	0	7	223	135	152
18	3	5	224	244	301
18	3	5	225	368	443
18	6	5	226	696	765
18	8	3	227	780	867
18	10	9	228	910	968
18	7	11	229	968	1005
18	9	4	230	1053	1140
18	13	5	231	1140	1156
18	13	5	232	1156	1242
18	1	0	233	1252	1309
18	8	11	234	1309	1392
18	10	11	235	1413	1496
18	9	4	236	1512	1596
19	1	4	237	0	73
19	13	9	238	214	248
19	4	0	239	332	388
19	3	5	240	443	492
19	3	8	241	504	518
19	12	8	242	703	786
19	4	1	243	842	911
19	7	11	244	911	963
19	8	10	245	1238	1256
19	0	7	246	1331	1388
19	1	10	247	1414	1428
20	12	10	248	61	142
20	14	4	249	276	359
20	4	9	250	388	459
20	12	9	251	545	607
20	8	11	252	607	636
20	3	8	253	656	703
20	0	7	254	703	772
20	1	8	255	993	1075
20	1	8	256	1075	1140
20	11	6	257	1147	1225
20	5	10	258	1225	1238
20	0	11	259	1246	1305
20	14	0	260	1424	1502
20	6	1	261	1504	1539
20	5	0	262	1539	1595
21	12	6	263	0	61
21	9	11	264	310	379
21	7	3	265	379	444
21	6	6	266	448	509
21	4	0	267	510	528
21	10	4	268	542	576
21	1	2	269	581	624
21	14	4	270	632	704
21	2	7	271	937	1030
21	4	0	272	1180	1252
21	7	8	273	1275	1297
21	6	2	274	1440	1454
21	4	7	275	1492	1548
21	6	3	276	1559	1596
22	4	0	277	136	200
22	2	2	278	353	417
22	13	1	279	427	497
22	1	11	280	675	760
22	0	9	281	772	826
22	6	6	282	867	959
22	2	7	283	1030	1078
22	2	7	284	1078	1099
22	10	4	285	1180	1243
22	5	10	286	1428	1451
22	0	3	287	1466	1488
23	7	8	288	0	23
23	13	1	289	31	61
23	7	0	290	75	101
23	10	10	291	142	206
23	7	10	292	206	228
23	2	5	293	301	343
23	1	4	294	359	377
23	1	4	295	399	457
23	14	5	296	547	586
23	9	3	297	1406	1466
24	11	5	298	84	111
24	11	11	299	147	174
24	6	3	300	214	275
24	10	10	301	348	371
24	8	10	302	371	456
24	1	4	303	457	479
24	11	3	304	575	599
24	14	0	305	603	628
24	10	6	306	656	716
24	14	11	307	760	821
24	9	11	308	822	881
24	7	11	309	1091	1179
24	4	9	310	1252	1269
24	9	4	311	1368	1398
24	7	8	312	1539	1581
25	3	6	313	90	175
25	7	6	314	313	354
25	12	7	315	374	388
25	5	6	316	595	631
25	1	2	317	782	811
25	12	0	318	842	943
25	11	6	319	1088	1147
25	7	8	320	1223	1275
25	4	1	321	1301	1333
25	13	11	322	1392	1413
25	6	6	323	1462	1504
25	2	2	324	1577	1586
26	7	8	325	23	47
26	10	7	326	57	82
26	8	11	327	82	118
26	0	7	328	152	208
26	5	1	329	256	267
26	3	1	330	328	336
26	5	1	331	336	344
26	6	6	332	354	448
26	7	3	333	603	636
26	0	5	334	1563	1589
27	9	4	335	193	276
27	10	4	336	576	632
27	1	2	337	632	666
27	4	0	338	703	778
27	8	8	339	911	952
27	5	8	340	1140	1223
27	8	10	341	1256	1264
27	2	10	342	1264	1288
27	7	10	343	1297	1327
27	14	6	344	1387	1402
27	4	7	345	1408	1492
28	5	8	346	74	161
28	1	11	347	489	570
28	7	10	348	826	908
28	13	3	349	922	985
28	8	5	350	994	1053
28	8	7	351	1099	1155
28	6	3	352	1210	1271
28	8	2	353	1278	1293
28	4	1	354	1293	1301
28	3	5	355	1331	1391
28	13	1	356	1413	1477
28	0	3	357	1488	1559
29	9	3	358	136	161
29	0	7	359	227	297
29	5	1	360	344	402
29	2	10	361	520	580
29	2	5	362	647	696
29	5	5	363	797	854
29	5	8	364	877	896
29	4	2	365	911	937
29	11	8	366	952	984
29	9	3	367	985	1045
29	12	6	368	1504	1599


Solution History:
