This is the output of Heuristic Solver for Dual resource constrained flexible job shop Scheduling Problem.
Input file is: wfjsp23_10.txt
Method: TS_100000000_0.951235_5
Seed: 5
Number of Jobs: 30
Number of Operations: 385
Number of Machines: 15
Number of Operators: 12
CPU Time: 57.1185
obj: 1749
Best found lower bound:0
Solver gap (best found lower bound and upper bound difference): Not known


Final Solution:
Job	Machine	Operator	Operation	Start Time	Finish Time
0	0	9	0	0	78
0	1	3	1	657	739
0	12	4	2	929	996
0	0	6	3	1005	1090
0	14	9	4	1093	1147
0	2	10	5	1178	1210
0	8	10	6	1210	1243
0	9	4	7	1281	1345
0	6	4	8	1406	1492
0	6	4	9	1492	1518
0	8	7	10	1518	1550
0	5	11	11	1563	1598
0	4	6	12	1598	1683
1	10	11	13	0	75
1	2	10	14	117	184
1	6	5	15	277	362
1	10	11	16	670	749
1	9	9	17	749	762
1	2	5	18	767	776
1	6	2	19	776	833
1	7	6	20	845	909
1	1	2	21	940	1028
1	12	4	22	1187	1233
1	12	0	23	1233	1301
1	7	10	24	1362	1400
1	7	6	25	1574	1597
2	0	7	26	261	305
2	10	8	27	437	453
2	0	1	28	608	696
2	14	10	29	780	812
2	11	3	30	845	924
2	6	9	31	934	1006
2	4	11	32	1017	1086
2	9	2	33	1175	1213
2	8	6	34	1311	1362
2	1	8	35	1378	1452
2	2	7	36	1457	1469
2	3	3	37	1605	1629
2	6	6	38	1691	1709
3	9	10	39	261	304
3	13	10	40	352	385
3	5	11	41	385	474
3	5	11	42	474	545
3	6	4	43	611	697
3	3	8	44	697	711
3	8	0	45	880	894
3	2	0	46	894	961
3	11	5	47	1005	1052
3	9	9	48	1079	1093
4	13	10	49	428	518
4	7	0	50	702	792
4	14	10	51	812	838
4	14	10	52	915	988
4	5	0	53	1055	1064
4	7	6	54	1129	1217
4	10	8	55	1270	1347
4	0	3	56	1360	1381
4	14	6	57	1426	1490
4	6	5	58	1566	1598
4	6	6	59	1683	1691
5	0	9	60	164	252
5	10	8	61	382	425
5	8	0	62	431	513
5	2	5	63	540	607
5	7	5	64	607	695
5	10	8	65	1125	1190
5	9	4	66	1233	1281
5	9	0	67	1351	1402
5	9	0	68	1402	1420
5	10	0	69	1420	1443
5	2	10	70	1480	1499
5	3	2	71	1554	1578
5	1	2	72	1605	1656
6	7	1	73	0	49
6	1	11	74	87	107
6	8	6	75	117	186
6	8	11	76	186	232
6	1	3	77	433	476
6	1	9	78	512	546
6	8	10	79	700	780
6	3	5	80	838	873
6	9	2	81	1113	1148
6	9	2	82	1148	1175
6	0	0	83	1214	1226
7	13	0	84	109	198
7	8	6	85	305	339
7	8	6	86	339	382
7	0	9	87	382	452
7	3	2	88	518	595
7	2	3	89	739	756
7	10	9	90	762	841
7	14	5	91	1256	1319
7	10	9	92	1583	1615
7	3	5	93	1726	1743
8	7	1	94	79	168
8	10	2	95	172	222
8	7	0	96	222	310
8	11	8	97	310	382
8	2	2	98	607	677
8	13	3	99	756	841
8	6	4	100	848	929
8	13	10	101	1101	1178
8	4	7	102	1201	1287
8	1	11	103	1287	1374
8	0	3	104	1381	1429
8	2	7	105	1429	1457
8	8	7	106	1469	1514
8	12	10	107	1672	1747
9	6	0	108	0	15
9	13	0	109	15	109
9	5	4	110	195	207
9	5	4	111	207	273
9	1	11	112	305	377
9	5	1	113	554	608
9	0	9	114	847	934
9	2	7	115	977	1047
9	13	9	116	1178	1256
9	13	9	117	1422	1499
9	14	1	118	1516	1590
9	8	11	119	1598	1677
9	3	7	120	1685	1713
9	0	6	121	1713	1748
10	10	9	122	252	331
10	0	3	123	331	358
10	6	4	124	362	432
10	10	8	125	453	469
10	3	2	126	873	898
10	10	11	127	957	995
10	13	5	128	1055	1081
10	4	1	129	1103	1130
10	4	1	130	1480	1516
10	1	2	131	1656	1707
11	4	6	132	84	104
11	2	5	133	439	528
11	2	5	134	528	540
11	10	11	135	597	670
11	13	9	136	732	745
11	1	11	137	801	869
11	5	8	138	965	1044
11	8	4	139	1046	1068
11	11	0	140	1068	1136
11	0	1	141	1137	1213
11	7	1	142	1217	1273
11	2	2	143	1273	1364
11	8	6	144	1364	1426
11	4	0	145	1518	1586
12	2	0	146	198	211
12	14	1	147	261	344
12	3	3	148	358	433
12	7	1	149	465	554
12	4	11	150	554	597
12	3	3	151	643	657
12	2	6	152	677	709
12	0	7	153	709	788
12	5	4	154	1068	1140
12	1	3	155	1518	1605
13	11	8	156	229	306
13	5	8	157	608	689
13	4	6	158	732	766
13	8	7	159	848	875
13	5	8	160	894	965
13	7	10	161	1002	1078
13	6	5	162	1081	1108
13	6	5	163	1108	1169
13	1	11	164	1175	1261
13	7	1	165	1273	1320
13	3	7	166	1320	1389
13	11	5	167	1389	1457
13	11	8	168	1457	1494
13	2	2	169	1509	1554
13	14	1	170	1590	1644
14	5	6	171	0	84
14	10	2	172	84	172
14	2	5	173	374	439
14	13	10	174	518	552
14	6	5	175	1169	1256
14	12	3	176	1315	1360
14	7	10	177	1400	1480
14	13	10	178	1499	1515
14	13	9	179	1515	1583
14	13	10	180	1585	1600
14	13	10	181	1600	1672
14	9	3	182	1672	1691
14	2	3	183	1691	1747
15	2	5	184	22	88
15	14	5	185	90	162
15	4	1	186	168	258
15	0	6	187	511	597
15	12	1	188	738	803
15	5	2	189	833	871
15	4	11	190	995	1017
15	2	7	191	1047	1133
15	10	2	192	1213	1266
15	0	0	193	1301	1351
15	14	9	194	1352	1422
15	8	7	195	1550	1582
16	9	10	196	0	78
16	5	3	197	90	138
16	1	11	198	151	184
16	5	4	199	273	356
16	7	6	200	382	417
16	10	8	201	425	437
16	4	0	202	513	542
16	1	10	203	552	586
16	4	1	204	803	830
16	3	5	205	966	996
16	13	10	206	1259	1295
16	2	2	207	1364	1424
16	12	2	208	1424	1509
17	2	2	209	222	255
17	10	9	210	331	376
17	12	7	211	380	467
17	9	3	212	521	581
17	8	4	213	588	611
17	4	9	214	659	732
17	11	3	215	924	944
17	10	1	216	1016	1103
17	0	3	217	1110	1137
17	14	3	218	1157	1225
17	10	8	219	1356	1378
17	8	7	220	1713	1743
18	14	3	221	0	90
18	11	3	222	138	205
18	1	3	223	205	231
18	0	3	224	305	326
18	14	1	225	344	381
18	1	10	226	586	656
18	5	4	227	697	782
18	9	4	228	782	848
18	3	2	229	898	940
18	11	3	230	944	993
18	3	2	231	1056	1113
18	6	9	232	1275	1352
18	7	5	233	1480	1566
18	10	8	234	1615	1699
18	10	8	235	1699	1745
19	11	2	236	0	55
19	4	2	237	55	64
19	6	1	238	64	79
19	0	7	239	79	139
19	5	8	240	154	187
19	5	4	241	187	195
19	3	5	242	195	274
19	10	11	243	890	957
19	3	3	244	1225	1315
19	10	8	245	1347	1356
19	12	2	246	1585	1599
19	6	2	247	1709	1742
20	12	8	248	87	154
20	8	11	249	232	305
20	9	0	250	323	374
20	14	0	251	381	431
20	12	3	252	476	521
20	9	9	253	581	659
20	12	4	254	1140	1187
20	8	10	255	1243	1259
20	1	11	256	1261	1280
20	4	1	257	1320	1393
20	5	11	258	1428	1508
20	2	7	259	1582	1675
20	4	11	260	1683	1729
20	4	11	261	1729	1749
21	8	7	262	66	76
21	1	11	263	107	151
21	6	4	264	151	180
21	9	10	265	184	261
21	4	2	266	261	298
21	2	2	267	298	374
21	13	10	268	385	428
21	4	9	269	452	482
21	14	7	270	552	603
21	11	6	271	603	676
21	10	11	272	869	890
21	5	1	273	1644	1722
22	1	8	274	0	87
22	9	2	275	429	501
22	11	8	276	516	600
22	12	1	277	696	738
22	1	5	278	776	794
22	7	5	279	794	838
22	12	3	280	1046	1110
22	5	6	281	1217	1286
22	13	10	282	1295	1362
22	4	1	283	1393	1480
22	0	6	284	1490	1574
22	11	8	285	1574	1612
22	6	0	286	1612	1679
22	14	0	287	1679	1726
22	7	1	288	1726	1742
23	2	5	289	0	22
23	9	9	290	78	119
23	3	7	291	139	191
23	12	3	292	277	303
23	12	7	293	305	369
23	4	6	294	417	428
23	6	6	295	432	511
23	12	3	296	581	643
23	13	10	297	656	700
23	3	8	298	711	795
23	8	10	299	988	1002
23	1	8	300	1044	1125
23	1	9	301	1147	1175
23	3	7	302	1389	1421
23	9	3	303	1629	1671
24	11	1	304	382	465
24	10	8	305	469	516
24	13	0	306	552	639
24	14	0	307	639	702
24	2	6	308	709	724
24	5	11	309	782	801
24	3	8	310	801	830
24	12	8	311	830	894
24	6	9	312	1256	1275
24	5	11	313	1374	1428
24	9	3	314	1429	1518
24	9	4	315	1518	1599
24	7	5	316	1599	1646
24	7	5	317	1646	1726
24	5	0	318	1726	1748
25	6	4	319	79	148
25	7	6	320	186	217
25	9	2	321	374	429
25	7	4	322	432	451
25	14	7	323	467	491
25	1	9	324	491	512
25	10	9	325	546	580
25	12	7	326	643	696
25	6	5	327	697	767
25	11	6	328	767	845
25	9	1	329	889	972
25	14	3	330	993	1045
25	3	0	331	1443	1518
25	12	10	332	1518	1585
26	8	7	333	0	66
26	8	10	334	78	117
26	14	5	335	162	188
26	12	8	336	188	229
26	6	3	337	231	277
26	3	10	338	304	352
26	4	7	339	369	380
26	14	7	340	491	552
26	8	7	341	611	638
26	14	10	342	838	915
26	12	4	343	996	1046
26	5	0	344	1140	1214
26	0	9	345	1615	1701
27	12	4	346	0	69
27	14	7	347	191	261
27	3	4	348	451	518
27	8	7	349	797	848
27	7	6	350	909	995
27	11	6	351	995	1005
27	6	9	352	1006	1079
27	13	10	353	1081	1101
27	4	3	354	1137	1157
27	1	5	355	1457	1480
27	11	8	356	1494	1574
27	0	0	357	1586	1612
27	11	4	358	1663	1744
28	4	9	359	119	164
28	4	0	360	310	323
28	6	4	361	518	588
28	11	2	362	677	766
28	4	7	363	788	797
28	0	1	364	830	847
28	9	1	365	848	889
28	4	7	366	889	977
28	9	1	367	977	1016
28	3	2	368	1028	1056
28	8	11	369	1086	1171
28	11	8	370	1190	1270
28	11	6	371	1286	1311
28	11	5	372	1319	1389
29	13	6	373	217	289
29	2	0	374	792	880
29	13	5	375	880	966
29	13	0	376	966	1055
29	7	6	377	1090	1129
29	3	7	378	1133	1201
29	4	7	379	1287	1319
29	12	4	380	1360	1406
29	10	11	381	1508	1563
29	12	4	382	1599	1663
29	8	7	383	1677	1685
29	13	9	384	1701	1743


Solution History:
