This is the output of Heuristic Solver for Dual resource constrained flexible job shop Scheduling Problem.
Input file is: wfjsp16_1.txt
Method: TS_100000000_0.591217_5
Seed: 2
Number of Jobs: 40
Number of Operations: 291
Number of Machines: 15
Number of Operators: 15
CPU Time: 35.5096
obj: 1019
Best found lower bound:0
Solver gap (best found lower bound and upper bound difference): Not known


Final Solution:
Job	Machine	Operator	Operation	Start Time	Finish Time
0	10	8	0	0	74
0	10	10	1	74	101
0	7	10	2	239	287
0	14	3	3	542	620
0	8	3	4	930	1007
1	5	14	5	253	308
1	1	4	6	419	498
1	11	3	7	506	538
1	11	4	8	538	579
1	0	4	9	579	618
1	1	7	10	656	664
1	10	3	11	722	738
1	1	5	12	778	792
1	1	5	13	850	904
2	12	14	14	0	56
2	0	4	15	146	189
2	1	7	16	311	334
2	5	9	17	385	393
2	13	9	18	393	453
2	10	8	19	575	619
2	3	1	20	739	834
3	4	1	21	12	102
3	10	10	22	102	147
3	7	9	23	170	239
3	14	1	24	334	348
3	11	6	25	379	408
3	7	12	26	477	501
4	0	11	27	117	141
4	14	8	28	158	216
4	13	13	29	311	389
4	12	10	30	549	585
4	11	0	31	585	639
4	2	9	32	840	921
4	0	4	33	961	1011
5	14	0	34	0	13
5	2	2	35	13	55
5	3	7	36	113	137
5	1	5	37	137	171
5	4	11	38	452	531
5	4	9	39	534	589
5	12	10	40	622	655
5	5	10	41	730	830
5	0	7	42	849	874
6	13	13	43	0	55
6	7	4	44	55	68
6	5	1	45	113	127
6	5	9	46	311	385
6	5	6	47	408	416
6	13	12	48	462	472
6	10	8	49	619	659
6	9	10	50	902	974
7	14	1	51	317	334
7	1	7	52	334	389
7	11	12	53	408	462
7	12	10	54	585	622
7	12	14	55	717	761
8	0	7	56	224	310
8	6	5	57	323	371
8	9	12	58	601	685
8	8	1	59	685	739
8	3	0	60	874	895
8	7	11	61	962	1018
9	1	9	62	18	39
9	14	8	63	117	158
9	4	2	64	204	299
9	14	11	65	386	424
9	9	5	66	476	496
9	3	0	67	684	736
9	1	5	68	792	850
9	14	0	69	906	967
9	3	0	70	971	1019
10	0	3	71	0	22
10	11	0	72	22	64
10	12	13	73	106	144
10	10	8	74	389	425
10	3	11	75	531	585
10	13	9	76	589	675
10	12	13	77	778	866
11	3	7	78	0	71
11	12	6	79	227	338
11	0	4	80	338	419
11	9	14	81	431	475
11	4	11	82	589	606
11	0	7	83	722	740
11	3	5	84	904	912
12	6	5	85	0	75
12	14	11	86	75	117
12	9	11	87	197	230
12	1	7	88	389	406
12	9	6	89	496	526
12	0	3	90	620	669
12	9	5	91	749	764
12	5	9	92	960	1018
13	8	6	93	0	69
13	5	9	94	127	145
13	3	0	95	177	196
13	2	4	96	209	269
13	10	0	97	282	291
13	6	13	98	389	479
13	0	7	99	740	812
13	13	14	100	910	968
13	14	7	101	968	1008
14	7	3	102	75	170
14	6	5	103	246	323
14	2	9	104	675	712
14	1	13	105	723	778
14	4	2	106	784	804
14	7	12	107	876	922
14	9	10	108	1005	1016
15	11	7	109	146	224
15	1	13	110	248	302
15	0	7	111	419	495
15	12	0	112	525	549
15	10	8	113	554	575
15	3	5	114	585	662
15	5	0	115	663	684
15	2	9	116	712	793
15	0	7	117	874	961
16	4	4	118	0	12
16	11	4	119	68	94
16	9	11	120	146	164
16	7	11	121	292	380
16	12	0	122	399	450
16	2	2	123	538	615
16	1	3	124	669	718
16	2	9	125	793	840
16	8	3	126	893	930
16	9	10	127	974	1005
17	9	3	128	170	197
17	3	8	129	216	310
17	13	13	130	537	562
17	10	6	131	823	848
17	2	5	132	971	1015
18	14	11	133	14	30
18	12	2	134	56	106
18	12	6	135	146	227
18	2	4	136	269	330
18	13	14	137	475	514
18	5	14	138	514	624
18	5	14	139	624	663
18	4	4	140	672	746
18	7	12	141	749	835
18	5	9	142	921	960
19	6	5	143	171	246
19	4	10	144	299	375
19	7	10	145	380	440
19	6	13	146	628	667
19	7	5	147	693	749
19	14	4	148	749	835
19	4	2	149	844	926
20	13	14	150	56	97
20	11	11	151	233	292
20	6	13	152	479	537
20	2	2	153	615	672
20	1	6	154	965	1014
21	14	11	155	30	72
21	3	7	156	72	113
21	5	12	157	145	220
21	4	4	158	618	672
21	9	12	159	685	747
22	5	6	160	416	490
22	9	6	161	526	601
22	0	10	162	688	713
22	11	11	163	780	797
22	6	12	164	835	876
23	1	9	165	0	18
23	3	0	166	196	215
23	8	12	167	287	345
23	11	3	168	345	379
23	7	9	169	453	477
23	9	10	170	830	902
24	6	0	171	75	157
24	3	0	172	157	177
24	13	14	173	181	234
24	13	9	174	239	311
24	12	10	175	450	525
24	4	2	176	747	784
24	12	4	177	878	913
24	13	14	178	968	1012
25	0	5	179	75	113
25	10	10	180	147	227
25	8	12	181	230	287
25	10	0	182	291	369
25	14	11	183	424	451
25	14	1	184	465	542
25	8	3	185	749	857
25	8	3	186	857	893
25	2	4	187	943	960
26	9	3	188	255	308
26	14	1	189	348	386
26	7	11	190	606	693
26	13	2	191	698	747
26	3	0	192	854	874
26	6	8	193	906	948
26	4	1	194	948	1007
27	1	9	195	39	125
27	11	0	196	224	233
27	14	1	197	233	317
27	9	14	198	330	391
27	10	7	199	664	722
27	0	7	200	812	849
28	13	14	201	97	181
28	10	0	202	233	282
28	6	13	203	667	723
28	11	4	204	915	943
28	11	2	205	943	1019
29	7	4	206	12	42
29	2	13	207	55	100
29	2	5	208	113	137
29	2	13	209	144	189
29	0	14	210	310	330
29	1	7	211	498	573
29	0	10	212	669	688
29	5	1	213	834	914
29	10	13	214	984	1007
30	5	12	215	0	77
30	8	1	216	136	154
30	4	1	217	155	204
30	2	2	218	330	369
30	8	3	219	379	455
30	11	6	220	649	696
30	9	14	221	764	818
31	9	6	222	69	146
31	12	6	223	338	371
31	10	8	224	425	466
31	8	1	225	542	633
31	13	2	226	675	698
31	13	6	227	747	823
31	1	6	228	908	965
32	8	12	229	77	136
32	0	3	230	197	215
32	10	8	231	466	554
32	5	6	232	696	730
32	6	0	233	784	834
32	3	5	234	912	948
33	4	2	235	375	452
33	3	0	236	465	509
33	1	7	237	591	609
33	8	1	238	633	684
33	13	14	239	823	910
33	12	12	240	922	1006
34	9	10	241	0	11
34	8	2	242	155	197
34	5	14	243	234	253
34	12	12	244	371	399
34	8	2	245	455	538
34	1	7	246	573	591
34	12	14	247	663	717
34	14	3	248	738	749
34	10	6	249	848	908
35	3	1	250	389	465
35	2	9	251	477	534
35	1	7	252	609	656
35	14	8	253	659	734
35	6	0	254	736	784
35	11	11	255	797	876
35	7	11	256	922	962
36	11	11	257	0	14
36	11	4	258	94	146
36	8	1	259	204	230
36	3	8	260	310	389
36	6	13	261	569	628
36	12	4	262	866	878
36	10	13	263	908	984
37	0	3	264	22	75
37	2	4	265	189	209
37	9	14	266	391	431
37	2	5	267	452	476
37	6	0	268	549	569
37	14	6	269	620	649
37	11	11	270	696	780
37	3	0	271	834	854
37	11	11	272	876	915
37	3	5	273	948	971
38	5	8	274	77	113
38	1	13	275	189	248
38	2	5	276	371	452
38	11	3	277	462	506
38	7	12	278	506	600
38	3	5	279	662	682
38	10	8	280	738	810
38	4	2	281	810	844
38	14	8	282	844	906
38	6	8	283	948	1019
39	9	10	284	11	65
39	4	2	285	106	155
39	9	3	286	230	255
39	1	13	287	302	311
39	11	3	288	311	345
39	0	5	289	496	575
39	2	1	290	921	941


Solution History:
