This is the output of Heuristic Solver for Dual resource constrained flexible job shop Scheduling Problem.
Input file is: wfjsp5_4.txt
Method: TS_100000000_0.094869_5
Seed: 4
Number of Jobs: 10
Number of Operations: 72
Number of Machines: 5
Number of Operators: 5
CPU Time: 5.69426
obj: 739
Best found lower bound:0
Solver gap (best found lower bound and upper bound difference): Not known


Final Solution:
Job	Machine	Operator	Operation	Start Time	Finish Time
0	1	2	0	150	224
0	1	2	1	224	283
0	2	3	2	360	428
0	1	4	3	511	573
0	3	2	4	584	674
0	4	2	5	704	737
1	2	3	6	0	43
1	4	2	7	88	102
1	4	0	8	127	176
1	0	4	9	237	260
1	1	2	10	315	328
1	4	4	11	350	393
1	1	2	12	443	511
1	3	2	13	548	571
1	1	4	14	647	730
2	0	1	15	0	76
2	0	4	16	178	237
2	1	2	17	328	379
2	3	2	18	511	548
3	4	2	19	0	16
3	3	1	20	127	176
3	4	0	21	176	250
3	0	1	22	260	269
3	0	1	23	269	332
3	0	1	24	332	405
3	2	3	25	428	439
3	3	0	26	439	509
3	2	3	27	652	727
4	1	4	28	0	94
4	2	3	29	149	200
4	4	4	30	260	350
4	1	2	31	379	443
4	4	0	32	509	587
4	0	1	33	613	668
4	4	2	34	674	692
5	3	0	35	0	65
5	0	1	36	76	106
5	2	3	37	243	268
5	3	0	38	313	375
5	4	4	39	393	443
5	0	1	40	445	508
5	2	3	41	565	597
5	2	3	42	597	652
5	0	1	43	668	739
6	2	3	44	74	149
6	3	0	45	250	313
6	4	0	46	587	617
6	1	4	47	621	647
6	3	0	48	674	739
7	2	3	49	43	74
7	3	0	50	74	127
7	0	4	51	150	178
7	2	3	52	268	360
7	0	1	53	405	445
7	2	3	54	445	459
7	2	3	55	459	490
7	0	1	56	508	584
7	4	2	57	692	704
8	4	2	58	16	88
8	0	2	59	106	150
8	3	1	60	176	237
8	2	3	61	490	534
8	2	3	62	534	565
8	1	2	63	573	584
8	0	1	64	584	613
8	4	0	65	617	670
9	1	4	66	94	150
9	2	3	67	200	243
9	1	2	68	283	315
9	3	0	69	375	438
9	4	4	70	443	505
9	1	4	71	584	621


Solution History:
