This is the output of Heuristic Solver for Dual resource constrained flexible job shop Scheduling Problem.
Input file is: wfjsp13_10.txt
Method: TS_100000000_0.373347_5
Seed: 5
Number of Jobs: 25
Number of Operations: 248
Number of Machines: 15
Number of Operators: 15
CPU Time: 22.421
obj: 990
Best found lower bound:0
Solver gap (best found lower bound and upper bound difference): Not known


Final Solution:
Job	Machine	Operator	Operation	Start Time	Finish Time
0	12	5	0	165	241
0	3	8	1	241	317
0	0	10	2	317	380
0	14	6	3	429	511
0	5	14	4	597	653
0	2	2	5	663	694
0	13	11	6	722	755
0	14	9	7	837	885
0	7	14	8	885	964
0	11	14	9	964	986
1	4	10	10	0	32
1	4	12	11	283	318
1	6	2	12	354	441
1	13	11	13	441	520
1	7	3	14	584	650
1	11	5	15	650	731
1	13	11	16	895	975
1	2	0	17	977	990
2	6	9	18	11	19
2	3	0	19	35	84
2	12	5	20	90	165
2	4	2	21	192	283
2	9	6	22	377	429
2	12	8	23	516	584
2	1	5	24	604	647
2	0	9	25	658	679
2	7	13	26	712	761
2	14	3	27	767	785
2	1	14	28	793	876
2	12	8	29	956	984
3	0	9	30	19	92
3	2	3	31	102	183
3	14	9	32	229	297
3	7	7	33	306	351
3	3	8	34	391	448
3	4	2	35	578	655
3	4	4	36	812	826
3	12	6	37	829	848
3	12	6	38	848	868
3	12	6	39	868	916
3	0	1	40	943	977
4	1	5	41	0	90
4	1	0	42	90	165
4	4	12	43	399	484
4	0	10	44	506	519
4	6	1	45	620	634
4	3	11	46	823	895
4	0	1	47	895	943
4	8	10	48	943	955
5	8	1	49	191	286
5	5	11	50	351	436
5	10	13	51	470	497
5	7	13	52	515	584
5	11	12	53	626	634
5	9	11	54	650	722
5	6	6	55	722	794
5	9	13	56	806	824
5	9	7	57	824	887
5	12	4	58	916	954
5	7	4	59	964	973
6	14	1	60	11	100
6	1	14	61	192	236
6	14	1	62	297	379
6	1	3	63	382	449
6	5	14	64	508	597
6	12	8	65	663	735
6	7	11	66	761	808
6	0	13	67	824	869
6	0	13	68	869	886
7	9	0	69	0	26
7	6	6	70	26	45
7	9	11	71	45	69
7	9	12	72	80	125
7	8	10	73	140	187
7	2	0	74	236	259
7	10	3	75	306	382
7	14	2	76	527	578
7	10	3	77	650	697
7	8	10	78	909	943
8	11	12	79	0	80
8	7	11	80	80	115
8	3	2	81	115	150
8	1	2	82	165	192
8	2	13	83	192	203
8	9	13	84	203	283
8	5	11	85	319	351
8	14	1	86	379	415
8	0	0	87	419	484
8	3	4	88	512	591
8	6	1	89	604	620
9	8	10	90	34	118
9	9	12	91	125	191
9	5	11	92	212	240
9	5	10	93	254	272
9	9	13	94	283	369
9	8	4	95	422	471
9	9	7	96	471	556
9	2	13	97	584	663
9	8	4	98	663	726
9	2	9	99	726	812
9	2	3	100	812	903
9	14	3	101	903	986
10	14	9	102	140	229
10	13	0	103	300	395
10	10	10	104	395	435
10	4	12	105	484	517
10	13	11	106	520	563
10	9	0	107	563	650
10	1	0	108	650	665
10	10	14	109	717	793
11	7	3	110	0	13
11	5	7	111	107	178
11	2	2	112	283	354
11	8	4	113	374	422
11	12	9	114	422	516
11	0	10	115	576	646
11	4	2	116	730	812
11	13	1	117	812	891
11	9	12	118	901	970
12	13	4	119	0	91
12	5	6	120	178	212
12	5	10	121	272	309
12	12	9	122	310	394
12	0	9	123	394	419
12	5	10	124	436	506
12	2	0	125	521	539
12	5	14	126	653	675
12	5	14	127	675	717
12	1	3	128	733	767
12	8	6	129	805	829
13	8	11	130	0	34
13	4	8	131	34	83
13	2	14	132	83	102
13	11	14	133	102	189
13	9	0	134	191	203
13	3	8	135	317	391
13	13	1	136	415	430
13	1	1	137	449	516
13	11	12	138	552	626
13	14	9	139	679	702
13	9	0	140	733	806
13	7	12	141	808	876
14	6	6	142	45	95
14	0	1	143	100	191
14	10	10	144	191	254
14	11	11	145	254	319
14	0	4	146	484	498
14	8	5	147	498	587
14	12	9	148	587	658
14	6	2	149	812	902
14	3	8	150	902	944
14	3	8	151	944	956
14	3	2	152	956	990
15	5	13	153	0	73
15	4	6	154	95	174
15	13	4	155	174	261
15	2	14	156	431	508
15	13	11	157	563	642
15	6	1	158	642	680
15	2	2	159	694	721
15	10	0	160	806	881
15	1	13	161	886	978
16	7	11	162	115	146
16	12	5	163	241	310
16	11	5	164	399	485
16	4	10	165	519	566
16	3	8	166	591	663
16	4	10	167	663	730
16	13	12	168	768	808
16	2	2	169	903	948
17	6	8	170	178	226
17	6	6	171	226	315
17	11	12	172	319	399
17	3	8	173	448	512
17	11	12	174	521	552
17	14	6	175	579	669
17	7	13	176	669	712
17	3	5	177	731	823
17	5	7	178	887	903
17	5	6	179	916	979
18	14	9	180	0	11
18	10	7	181	11	72
18	8	10	182	118	140
18	7	7	183	178	231
18	7	3	184	231	302
18	13	12	185	642	718
18	12	8	186	735	821
18	6	9	187	902	988
19	2	14	188	0	70
19	11	3	189	189	228
19	0	4	190	261	283
19	8	4	191	286	374
19	6	6	192	527	579
19	8	4	193	591	653
19	1	0	194	665	733
19	11	1	195	768	802
19	10	0	196	889	977
20	12	3	197	17	66
20	10	13	198	73	106
20	10	13	199	106	183
20	13	0	200	261	300
20	13	0	201	395	411
20	9	7	202	429	452
20	11	0	203	485	521
20	2	3	204	541	568
20	6	6	205	680	715
20	11	12	206	731	768
20	4	8	207	826	878
21	6	8	208	95	178
21	3	0	209	205	236
21	10	7	210	254	306
21	7	13	211	369	449
21	7	3	212	449	515
21	10	3	213	515	541
21	10	7	214	556	628
21	10	7	215	628	647
21	5	7	216	717	804
21	14	9	217	812	837
21	8	4	218	837	909
22	12	8	219	0	17
22	5	7	220	73	107
22	1	14	221	236	315
22	1	5	222	315	379
22	12	7	223	394	415
22	10	7	224	452	470
22	0	9	225	519	552
22	8	4	226	726	805
22	11	5	227	823	904
22	4	7	228	904	966
23	14	9	229	100	140
23	3	11	230	150	205
23	0	12	231	205	248
23	2	14	232	354	431
23	1	1	233	516	604
23	0	1	234	680	762
23	0	10	235	762	810
23	5	10	236	810	875
23	10	10	237	881	889
23	9	12	238	889	901
23	11	5	239	904	954
24	3	2	240	0	35
24	9	11	241	35	43
24	13	4	242	91	172
24	4	6	243	318	377
24	6	2	244	441	527
24	0	9	245	552	560
24	0	10	246	566	576
24	3	7	247	663	690


Solution History:
