This is the output of Heuristic Solver for Dual resource constrained flexible job shop Scheduling Problem.
Input file is: wfjsp18_7.txt
Method: TS_100000000_0.232595_5
Seed: 2
Number of Jobs: 20
Number of Operations: 160
Number of Machines: 10
Number of Operators: 8
CPU Time: 13.9622
obj: 1024
Best found lower bound:0
Solver gap (best found lower bound and upper bound difference): Not known


Final Solution:
Job	Machine	Operator	Operation	Start Time	Finish Time
0	1	1	0	74	159
0	0	6	1	199	214
0	1	6	2	404	440
0	9	0	3	626	721
0	4	7	4	743	770
0	7	7	5	773	813
0	2	0	6	833	873
0	1	2	7	907	946
1	1	1	8	0	13
1	0	7	9	37	73
1	7	6	10	73	148
1	5	0	11	152	214
1	9	3	12	240	323
1	8	7	13	323	379
1	3	2	14	496	536
1	9	6	15	608	626
1	6	1	16	717	794
1	6	5	17	794	869
2	5	3	18	0	57
2	9	0	19	61	146
2	2	4	20	328	401
2	2	4	21	401	432
2	6	1	22	468	479
2	0	1	23	551	634
2	7	5	24	733	745
2	7	3	25	814	868
2	8	5	26	869	884
2	0	5	27	884	963
3	6	4	28	0	51
3	5	3	29	96	126
3	8	7	30	144	218
3	9	6	31	490	565
3	2	4	32	741	824
4	2	4	33	51	63
4	3	2	34	65	146
4	4	2	35	146	225
4	3	2	36	257	283
4	4	2	37	283	308
4	1	1	38	367	404
4	8	1	39	404	467
4	0	5	40	634	715
4	4	4	41	824	908
4	3	1	42	934	1016
5	3	2	43	0	35
5	6	5	44	63	85
5	7	4	45	215	251
5	6	0	46	373	468
5	4	7	47	532	601
5	5	3	48	756	814
6	9	0	49	0	61
6	4	4	50	115	139
6	9	3	51	152	192
6	5	0	52	214	283
6	2	0	53	283	311
6	0	2	54	311	325
6	0	2	55	325	369
6	1	4	56	440	514
6	4	7	57	702	743
7	5	3	58	57	96
7	5	3	59	126	152
7	7	4	60	282	309
7	9	0	61	569	608
7	1	2	62	608	665
7	5	3	63	690	756
7	1	6	64	773	857
7	4	6	65	966	1017
8	8	7	66	73	144
8	8	5	67	223	307
8	1	1	68	311	367
8	4	2	69	369	439
8	1	2	70	536	553
8	8	1	71	794	849
8	2	0	72	873	930
8	2	0	73	930	1018
9	7	6	74	20	67
9	0	5	75	143	166
9	2	7	76	218	255
9	9	3	77	323	402
9	3	4	78	664	702
10	3	2	79	225	257
10	7	7	80	456	532
10	3	2	81	553	564
10	6	5	82	612	631
10	5	3	83	964	1022
11	0	6	84	0	20
11	6	4	85	85	115
11	3	5	86	307	368
11	0	2	87	439	496
11	8	5	88	496	542
11	8	2	89	564	574
11	7	7	90	601	691
11	7	6	91	747	773
11	4	4	92	908	942
11	4	7	93	942	957
12	1	6	94	159	199
12	6	1	95	233	305
12	2	4	96	319	328
12	9	7	97	402	456
12	1	4	98	514	531
12	6	5	99	551	612
12	5	3	100	612	690
12	0	7	101	813	843
12	7	3	102	868	964
12	9	7	103	964	1019
13	3	2	104	35	65
13	2	5	105	85	143
13	1	7	106	255	311
13	5	3	107	402	432
13	2	0	108	515	569
13	8	2	109	574	604
13	4	2	110	665	699
13	4	2	111	794	805
13	9	0	112	805	833
13	7	4	113	982	1024
14	8	5	114	0	63
14	2	6	115	440	490
14	7	4	116	532	598
14	9	1	117	849	865
14	0	5	118	963	1017
15	9	3	119	192	240
15	7	4	120	251	282
15	3	5	121	368	447
15	4	1	122	479	518
15	8	1	123	634	717
15	9	0	124	721	803
15	6	6	125	869	966
15	8	2	126	987	1018
16	2	7	127	0	37
16	3	5	128	166	186
16	3	5	129	186	223
16	3	6	130	565	599
16	2	5	131	715	733
16	1	2	132	863	907
17	0	6	133	214	292
17	2	4	134	311	319
17	5	6	135	364	402
17	5	3	136	432	511
17	5	3	137	511	568
17	2	4	138	598	664
17	7	7	139	691	702
17	3	4	140	702	741
17	8	5	141	745	793
18	1	1	142	13	74
18	2	4	143	143	215
18	6	0	144	311	373
18	3	5	145	447	496
18	5	3	146	568	597
18	1	6	147	665	747
18	5	7	148	843	938
18	8	4	149	942	982
19	6	1	150	159	233
19	5	6	151	292	364
19	9	0	152	468	486
19	6	0	153	486	515
19	6	1	154	518	551
19	6	6	155	631	660
19	0	2	156	715	794
19	3	2	157	805	863
19	9	1	158	865	934
19	1	2	159	946	987


Solution History:
