This is the output of Heuristic Solver for Dual resource constrained flexible job shop Scheduling Problem.
Input file is: wfjsp7_10.txt
Method: TS_100000000_0.146102_5
Seed: 4
Number of Jobs: 12
Number of Operations: 86
Number of Machines: 5
Number of Operators: 5
CPU Time: 8.76901
obj: 937
Best found lower bound:0
Solver gap (best found lower bound and upper bound difference): Not known


Final Solution:
Job	Machine	Operator	Operation	Start Time	Finish Time
0	2	2	0	0	79
0	3	3	1	103	187
0	2	2	2	214	277
0	0	2	3	277	364
0	4	1	4	364	426
0	0	4	5	474	507
0	0	2	6	735	768
0	1	0	7	885	936
1	4	4	8	0	88
1	0	2	9	169	197
1	0	4	10	214	260
1	2	4	11	277	313
1	1	3	12	369	456
1	2	2	13	476	558
1	1	1	14	627	697
1	2	2	15	855	937
2	0	0	16	0	82
2	2	2	17	82	95
2	4	3	18	250	259
2	4	4	19	545	601
2	0	2	20	629	700
2	4	4	21	700	785
2	3	0	22	788	839
2	4	3	23	862	936
3	2	4	24	169	214
3	3	3	25	227	250
3	2	4	26	313	365
3	2	3	27	558	576
3	4	4	28	601	695
4	1	3	29	335	369
4	2	2	30	400	476
4	3	3	31	476	557
4	3	0	32	720	788
4	3	0	33	839	875
4	0	4	34	875	934
5	0	4	35	88	169
5	0	4	36	260	275
5	4	1	37	335	359
5	0	4	38	400	422
5	0	4	39	422	474
5	2	3	40	576	610
5	2	3	41	610	698
5	2	3	42	785	848
6	1	1	43	247	335
6	0	2	44	364	379
6	1	3	45	456	471
6	0	2	46	558	629
6	1	1	47	697	745
6	3	1	48	921	935
7	1	1	49	0	89
7	1	0	50	160	242
7	2	4	51	365	394
7	4	4	52	785	862
7	3	0	53	875	884
8	4	1	54	89	168
8	4	1	55	168	247
8	0	2	56	379	400
8	4	1	57	426	495
8	0	4	58	507	545
8	3	0	59	557	566
8	3	0	60	603	694
8	2	3	61	698	745
8	0	2	62	768	855
9	2	2	63	95	167
9	3	0	64	250	340
9	3	0	65	340	419
9	3	0	66	419	469
9	1	1	67	553	610
9	1	1	68	610	627
9	3	0	69	694	720
9	2	3	70	745	767
9	1	1	71	772	796
10	3	3	72	0	58
10	1	0	73	89	137
10	1	0	74	137	160
10	4	3	75	259	332
10	4	1	76	495	543
11	3	3	77	58	103
11	3	3	78	187	227
11	1	0	79	471	553
11	3	0	80	566	603
11	0	2	81	700	735
11	1	1	82	745	772
11	2	3	83	772	785
11	1	1	84	796	885
11	3	1	85	885	921


Solution History:
