This is the output of Heuristic Solver for Dual resource constrained flexible job shop Scheduling Problem.
Input file is: wfjsp12_10.txt
Method: TS_100000000_0.523050_5
Seed: 5
Number of Jobs: 25
Number of Operations: 194
Number of Machines: 10
Number of Operators: 10
CPU Time: 31.3954
obj: 1140
Best found lower bound:0
Solver gap (best found lower bound and upper bound difference): Not known


Final Solution:
Job	Machine	Operator	Operation	Start Time	Finish Time
0	7	5	0	431	514
0	8	8	1	589	676
0	5	5	2	710	777
0	1	9	3	886	971
0	0	7	4	973	1023
0	6	6	5	1023	1050
0	6	4	6	1050	1081
0	2	2	7	1085	1136
1	5	7	8	0	87
1	7	9	9	205	233
1	8	8	10	266	298
1	3	9	11	303	333
1	4	1	12	471	560
1	0	9	13	701	788
1	2	7	14	805	867
1	1	0	15	1053	1135
2	7	1	16	0	94
2	2	8	17	139	150
2	2	8	18	150	158
2	4	0	19	169	219
2	1	0	20	219	286
2	4	6	21	296	382
2	8	8	22	401	444
2	4	0	23	793	866
3	8	6	24	444	488
3	8	3	25	498	521
3	7	9	26	598	642
3	1	6	27	765	786
3	0	1	28	1046	1136
4	2	8	29	229	257
4	1	0	30	286	363
4	6	4	31	376	455
4	0	1	32	569	633
4	7	9	33	642	674
4	5	5	34	806	857
5	2	8	35	158	229
5	8	5	36	229	245
5	8	3	37	245	266
5	5	5	38	362	382
5	7	5	39	382	431
5	6	4	40	688	722
5	3	8	41	788	878
5	9	6	42	952	1017
6	0	9	43	118	204
6	0	1	44	205	220
6	2	5	45	257	272
6	1	6	46	820	886
6	1	2	47	972	1018
6	4	1	48	1019	1033
7	6	3	49	71	163
7	6	0	50	886	977
7	1	2	51	1018	1047
7	8	8	52	1065	1131
7	3	3	53	1131	1140
8	0	9	54	0	71
8	4	6	55	219	296
8	0	1	56	313	334
8	0	9	57	334	399
8	6	2	58	471	511
8	0	1	59	560	569
8	6	1	60	793	886
8	8	6	61	907	952
8	4	9	62	1047	1132
9	1	2	63	0	72
9	9	1	64	357	449
9	3	6	65	609	681
9	7	1	66	681	730
9	9	4	67	822	871
9	2	7	68	871	887
9	5	5	69	945	969
9	4	1	70	997	1019
9	2	2	71	1061	1085
10	0	9	72	71	118
10	2	7	73	305	351
10	7	2	74	878	901
10	5	7	75	1030	1095
10	5	7	76	1095	1140
11	8	5	77	92	136
11	5	7	78	178	212
11	5	5	79	276	362
11	6	4	80	566	601
11	4	0	81	678	716
11	8	3	82	763	790
11	4	0	83	866	879
11	4	1	84	886	975
11	8	8	85	1006	1040
12	2	7	86	351	387
12	2	7	87	449	514
12	2	7	88	604	676
12	8	6	89	891	907
12	9	6	90	1053	1137
13	9	3	91	0	68
13	7	1	92	94	126
13	4	2	93	150	169
13	3	4	94	212	303
13	9	3	95	449	498
13	9	2	96	511	593
13	9	3	97	598	682
13	2	7	98	682	755
13	9	4	99	871	952
13	7	5	100	1047	1140
14	8	5	101	136	221
14	0	1	102	221	313
14	4	2	103	382	471
14	6	3	104	521	566
14	3	3	105	566	598
14	4	0	106	627	678
14	8	3	107	682	763
14	0	5	108	1030	1046
15	5	7	109	87	178
15	1	4	110	198	212
15	5	7	111	212	276
15	9	3	112	276	341
15	3	3	113	368	415
15	1	6	114	516	609
15	3	4	115	959	1037
16	3	4	116	0	88
16	7	1	117	126	205
16	7	9	118	233	299
16	1	0	119	363	445
16	2	7	120	537	567
16	2	7	121	567	604
16	9	4	122	737	822
16	3	8	123	1040	1065
17	4	2	124	72	150
17	8	8	125	298	314
17	2	7	126	514	537
17	4	0	127	580	627
17	0	1	128	633	664
17	6	0	129	977	1008
17	9	0	130	1017	1053
18	2	8	131	0	52
18	3	6	132	88	107
18	1	6	133	107	198
18	3	6	134	198	211
18	6	2	135	211	293
18	9	1	136	341	357
18	0	9	137	399	462
18	0	9	138	462	550
18	3	8	139	765	788
18	0	9	140	816	885
19	7	2	141	299	376
19	5	7	142	387	449
19	5	0	143	449	544
19	1	2	144	609	676
19	6	0	145	722	790
19	2	6	146	791	805
19	2	7	147	887	968
20	4	6	148	0	69
20	3	4	149	107	196
20	2	6	150	387	436
20	9	6	151	498	510
20	7	9	152	565	598
20	3	6	153	681	765
20	7	2	154	802	878
20	3	8	155	878	959
20	2	3	156	973	1061
21	8	5	157	0	92
21	6	2	158	169	207
21	3	3	159	341	368
21	8	8	160	521	589
21	1	8	161	676	762
21	5	5	162	777	806
21	5	5	163	969	1030
22	2	8	164	52	139
22	9	3	165	163	208
22	6	4	166	303	376
22	1	8	167	445	516
22	5	0	168	544	580
22	5	5	169	665	710
22	7	7	170	755	802
22	8	3	171	802	891
22	0	3	172	891	973
22	3	3	173	1065	1127
23	2	7	174	276	305
23	8	8	175	314	401
23	7	5	176	514	565
23	6	4	177	601	688
23	0	9	178	688	701
23	4	1	179	730	793
23	1	6	180	805	820
23	7	2	181	901	972
23	4	9	182	975	997
23	7	9	183	997	1047
24	6	0	184	0	71
24	9	0	185	71	162
24	3	4	186	455	545
24	5	5	187	580	665
24	9	2	188	682	737
24	2	2	189	755	791
24	0	9	190	791	816
24	5	5	191	857	945
24	8	8	192	959	1006
24	6	4	193	1081	1135


Solution History:
