This is the output of Heuristic Solver for Dual resource constrained flexible job shop Scheduling Problem.
Input file is: wfjsp15_3.txt
Method: TS_100000000_1.065422_5
Seed: 3
Number of Jobs: 30
Number of Operations: 385
Number of Machines: 15
Number of Operators: 15
CPU Time: 63.9668
obj: 1424
Best found lower bound:0
Solver gap (best found lower bound and upper bound difference): Not known


Final Solution:
Job	Machine	Operator	Operation	Start Time	Finish Time
0	9	1	0	75	147
0	11	2	1	159	173
0	9	14	2	251	265
0	11	6	3	306	389
0	14	8	4	422	494
0	0	13	5	508	581
0	4	14	6	672	756
0	3	3	7	779	820
0	7	14	8	823	912
0	3	8	9	957	971
0	11	10	10	988	1052
0	14	1	11	1059	1158
0	14	1	12	1158	1177
0	9	0	13	1193	1284
1	3	11	14	0	88
1	12	14	15	92	119
1	12	4	16	299	351
1	5	8	17	616	632
1	5	8	18	632	697
1	14	1	19	722	734
1	6	12	20	747	772
1	6	12	21	880	931
1	1	11	22	978	1071
1	11	6	23	1071	1128
1	3	8	24	1128	1157
1	2	8	25	1185	1256
1	7	12	26	1327	1424
2	4	11	27	120	129
2	14	1	28	184	217
2	13	8	29	290	387
2	3	8	30	387	422
2	11	10	31	479	507
2	4	14	32	516	582
2	1	13	33	611	674
2	4	13	34	859	921
2	9	1	35	931	1035
2	7	5	36	1037	1134
2	6	5	37	1251	1265
2	6	1	38	1267	1295
2	10	3	39	1306	1389
2	14	5	40	1389	1401
2	3	8	41	1401	1424
3	1	9	42	29	87
3	4	6	43	87	119
3	4	6	44	204	252
3	8	7	45	302	405
3	12	4	46	436	504
3	12	14	47	582	672
3	8	3	48	823	839
3	8	7	49	854	868
3	7	10	50	912	970
3	12	2	51	979	1040
3	8	4	52	1070	1106
3	3	4	53	1185	1206
3	14	5	54	1326	1379
4	9	1	55	0	25
4	4	6	56	54	81
4	8	14	57	130	196
4	12	4	58	228	299
4	0	13	59	302	391
4	5	5	60	409	507
4	9	0	61	518	527
4	8	2	62	529	589
4	14	7	63	589	688
4	1	9	64	740	778
4	11	7	65	823	854
4	3	3	66	1015	1081
4	6	9	67	1144	1182
4	0	8	68	1256	1333
4	8	4	69	1401	1412
5	5	3	70	0	91
5	1	5	71	287	347
5	6	11	72	349	378
5	11	6	73	389	454
5	6	9	74	457	484
5	6	9	75	484	542
5	10	1	76	549	563
5	11	2	77	589	617
5	7	3	78	682	697
5	5	3	79	697	776
5	12	7	80	888	969
5	3	4	81	1206	1255
5	2	3	82	1267	1284
5	8	14	83	1368	1401
5	5	14	84	1401	1413
6	6	7	85	0	82
6	5	9	86	91	135
6	7	14	87	196	229
6	8	14	88	229	251
6	2	0	89	251	289
6	7	14	90	289	335
6	3	3	91	339	382
6	3	12	92	616	641
6	12	13	93	674	708
6	14	1	94	734	770
6	14	1	95	770	847
6	5	8	96	858	891
6	11	6	97	902	988
6	1	11	98	1324	1418
7	5	3	99	135	226
7	11	2	100	244	304
7	2	0	101	359	398
7	2	6	102	454	550
7	9	6	103	585	654
7	14	7	104	688	722
7	0	0	105	726	741
7	8	14	106	756	823
7	0	0	107	839	875
7	0	0	108	875	959
7	6	9	109	1051	1144
7	8	14	110	1258	1368
8	0	10	111	30	120
8	11	11	112	173	229
8	5	3	113	300	339
8	0	13	114	391	414
8	4	7	115	450	498
8	10	1	116	563	604
8	9	6	117	768	778
8	2	13	118	785	854
8	2	3	119	870	960
8	5	9	120	969	984
8	4	11	121	1139	1202
9	7	5	122	93	138
9	12	2	123	173	202
9	9	10	124	317	386
9	4	14	125	404	450
9	12	4	126	504	560
9	2	10	127	588	646
9	9	5	128	677	766
9	13	5	129	766	847
9	6	9	130	991	1017
9	9	13	131	1063	1124
9	9	0	132	1143	1167
9	8	13	133	1167	1228
9	11	7	134	1364	1411
10	0	13	135	0	26
10	1	14	136	450	516
10	7	12	137	524	590
10	7	4	138	590	626
10	13	4	139	626	687
10	11	6	140	854	902
10	4	13	141	921	950
10	4	13	142	950	985
10	2	8	143	1039	1126
10	7	5	144	1134	1219
10	4	11	145	1219	1234
10	7	3	146	1236	1261
10	7	12	147	1261	1327
10	9	1	148	1344	1403
11	12	14	149	0	63
11	14	8	150	90	145
11	14	1	151	147	184
11	2	13	152	212	242
11	2	0	153	289	359
11	12	4	154	359	408
11	6	11	155	418	457
11	9	0	156	479	518
11	3	8	157	522	545
11	2	3	158	550	588
11	8	3	159	589	638
11	2	6	160	654	690
11	2	4	161	1126	1185
11	11	6	162	1232	1302
11	13	2	163	1341	1404
12	2	0	164	0	37
12	6	12	165	82	142
12	14	9	166	290	373
12	14	5	167	373	400
12	10	1	168	471	549
12	10	5	169	624	649
12	10	2	170	650	709
12	6	12	171	772	813
12	3	4	172	872	885
12	5	4	173	891	963
12	5	12	174	991	1072
12	10	3	175	1081	1147
12	12	3	176	1161	1236
12	12	4	177	1255	1320
12	0	10	178	1333	1423
13	13	7	179	154	225
13	9	10	180	278	317
13	14	3	181	400	421
13	14	10	182	522	580
13	6	9	183	580	647
13	3	13	184	708	779
13	1	9	185	788	887
13	7	5	186	980	1037
13	9	0	187	1167	1193
13	8	5	188	1228	1244
13	12	13	189	1325	1422
14	8	10	190	0	30
14	10	5	191	31	58
14	14	8	192	59	90
14	3	8	193	206	289
14	7	12	194	409	479
14	7	12	195	479	524
14	11	6	196	716	768
14	1	9	197	778	788
14	5	8	198	788	858
14	12	3	199	969	979
14	14	8	200	979	1036
14	11	7	201	1306	1364
15	1	9	202	0	12
15	8	4	203	30	97
15	6	9	204	142	208
15	8	13	205	251	302
15	10	1	206	394	471
15	14	7	207	870	878
15	4	6	208	988	1059
15	1	11	209	1071	1097
15	5	12	210	1113	1153
15	11	6	211	1177	1232
15	4	14	212	1234	1258
15	5	5	213	1297	1315
16	11	2	214	0	106
16	13	6	215	119	153
16	10	5	216	154	252
16	1	9	217	373	448
16	11	4	218	567	583
16	0	0	219	645	726
16	2	8	220	769	785
16	10	14	221	912	1009
16	10	14	222	1009	1065
16	1	11	223	1097	1134
16	9	0	224	1134	1143
16	0	10	225	1143	1227
16	13	5	226	1269	1297
16	9	1	227	1312	1344
16	4	6	228	1368	1396
17	9	1	229	25	75
17	6	2	230	208	244
17	4	6	231	252	306
17	9	0	232	527	585
17	1	13	233	585	611
17	7	3	234	638	682
17	11	10	235	768	800
17	13	2	236	870	966
17	13	7	237	1070	1137
17	14	10	238	1238	1326
17	2	0	239	1379	1406
18	1	9	240	12	29
18	12	14	241	63	92
18	9	0	242	170	208
18	10	5	243	252	279
18	5	12	244	339	409
18	3	3	245	422	515
18	1	9	246	542	577
18	9	5	247	654	677
18	10	11	248	740	768
18	10	11	249	768	808
18	6	12	250	931	991
18	0	13	251	1124	1136
18	8	13	252	1137	1167
18	6	9	253	1182	1251
19	13	8	254	0	59
19	3	11	255	88	120
19	2	4	256	185	212
19	0	10	257	241	278
19	6	11	258	310	349
19	4	11	259	591	643
19	4	11	260	643	671
19	2	8	261	697	769
19	10	10	262	863	900
19	13	4	263	966	1070
19	8	10	264	1106	1137
19	10	2	265	1161	1213
19	1	11	266	1234	1324
19	3	8	267	1333	1381
20	14	5	268	0	31
20	2	4	269	132	185
20	9	0	270	208	250
20	7	14	271	335	401
20	0	0	272	585	645
20	13	3	273	847	870
20	9	1	274	1035	1059
20	5	12	275	1072	1113
20	13	2	276	1229	1269
20	9	0	277	1284	1312
20	6	9	278	1312	1377
21	10	7	279	82	154
21	4	6	280	154	204
21	13	7	281	225	290
21	13	7	282	405	444
21	12	7	283	722	823
21	3	4	284	823	872
21	1	11	285	888	978
21	3	3	286	979	1015
21	12	2	287	1102	1161
21	14	1	288	1177	1238
21	3	13	289	1255	1325
21	6	9	290	1377	1422
22	4	6	291	0	54
22	1	13	292	87	112
22	13	11	293	457	526
22	11	11	294	526	567
22	11	1	295	617	687
22	13	4	296	687	748
22	9	6	297	778	788
22	14	5	298	847	870
22	8	5	299	870	933
22	8	5	300	933	980
22	8	7	301	998	1068
22	10	10	302	1068	1077
22	0	13	303	1228	1255
23	2	0	304	37	132
23	12	11	305	132	163
23	6	1	306	244	310
23	1	5	307	347	365
23	12	4	308	408	436
23	6	9	309	647	734
23	12	11	310	823	888
23	4	14	311	1065	1139
23	13	7	312	1139	1229
23	10	7	313	1229	1306
23	2	0	314	1312	1379
23	10	3	315	1389	1416
24	11	2	316	106	159
24	12	4	317	212	228
24	7	12	318	229	267
24	3	12	319	289	335
24	0	13	320	414	508
24	3	8	321	545	616
24	1	11	322	674	740
24	7	4	323	748	820
24	3	8	324	891	957
24	0	13	325	998	1063
24	0	0	326	1102	1121
24	11	6	327	1128	1177
24	13	2	328	1404	1423
25	10	1	329	310	394
25	8	2	330	405	467
25	14	8	331	494	522
25	3	12	332	641	664
25	11	1	333	687	716
25	7	12	334	716	747
25	0	0	335	747	839
25	3	8	336	1157	1184
25	13	6	337	1302	1331
25	5	4	338	1331	1390
26	3	10	339	120	157
26	0	10	340	170	241
26	14	3	341	241	290
26	9	10	342	386	479
26	9	6	343	788	839
26	10	10	344	853	863
26	14	9	345	887	950
26	0	7	346	969	998
26	6	9	347	1017	1051
26	0	0	348	1063	1102
27	7	12	349	0	35
27	7	13	350	35	87
27	8	3	351	97	130
27	0	0	352	132	170
27	3	8	353	170	206
27	5	11	354	229	300
27	6	11	355	378	418
27	8	2	356	467	529
27	6	12	357	813	880
27	1	14	358	1139	1228
27	4	2	359	1269	1341
28	13	5	360	59	93
28	1	13	361	112	205
28	5	5	362	507	568
28	4	11	363	582	591
28	13	5	364	591	624
28	8	10	365	650	754
28	10	10	366	808	853
28	9	1	367	853	931
28	14	9	368	950	969
28	2	0	369	969	1039
28	12	2	370	1040	1102
28	5	12	371	1153	1252
28	5	9	372	1252	1297
28	4	6	373	1341	1368
29	1	9	374	208	287
29	10	7	375	290	302
29	4	2	376	306	365
29	4	2	377	365	404
29	2	0	378	404	445
29	13	7	379	526	584
29	8	2	380	638	650
29	3	12	381	664	708
29	10	2	382	709	737
29	4	2	383	756	859
29	2	1	384	1256	1267


Solution History:
