This is the output of Heuristic Solver for Dual resource constrained flexible job shop Scheduling Problem.
Input file is: wfjsp21_9.txt
Method: TS_100000000_0.292425_5
Seed: 1
Number of Jobs: 25
Number of Operations: 258
Number of Machines: 15
Number of Operators: 12
CPU Time: 17.5649
obj: 1169
Best found lower bound:0
Solver gap (best found lower bound and upper bound difference): Not known


Final Solution:
Job	Machine	Operator	Operation	Start Time	Finish Time
0	14	2	0	0	84
0	12	8	1	271	315
0	14	1	2	320	383
0	2	6	3	475	531
0	10	11	4	562	599
0	13	9	5	617	696
0	8	2	6	721	780
0	1	0	7	780	799
0	0	11	8	804	863
0	2	5	9	876	937
0	6	3	10	937	1026
0	12	0	11	1026	1101
1	13	9	12	87	164
1	1	0	13	188	230
1	0	11	14	281	303
1	6	11	15	354	414
1	2	9	16	446	460
1	11	7	17	770	853
1	9	2	18	855	880
1	11	5	19	937	960
1	2	9	20	968	1000
1	8	3	21	1085	1124
1	12	6	22	1135	1149
1	5	6	23	1149	1168
2	8	7	24	73	95
2	9	1	25	119	178
2	7	7	26	307	362
2	11	4	27	451	533
2	11	4	28	533	618
2	9	2	29	632	721
2	1	0	30	721	777
2	5	0	31	799	856
2	2	9	32	1000	1058
3	0	0	33	113	188
3	3	0	34	304	319
3	4	7	35	540	628
3	8	7	36	628	661
3	12	10	37	672	696
3	0	5	38	710	725
3	9	1	39	725	783
3	12	8	40	783	841
3	6	3	41	852	935
3	7	0	42	993	1017
3	11	3	43	1047	1064
3	9	11	44	1065	1089
4	10	10	45	79	115
4	4	2	46	327	368
4	1	2	47	393	474
4	9	1	48	586	632
4	5	10	49	649	672
4	10	9	50	781	865
4	4	1	51	865	898
4	9	0	52	929	993
4	14	4	53	1047	1072
5	3	0	54	84	109
5	9	5	55	295	360
5	4	3	56	368	460
5	2	9	57	460	475
5	9	0	58	479	515
5	5	6	59	531	614
5	6	7	60	726	770
5	4	9	61	927	968
5	0	10	62	1092	1167
6	10	10	63	0	54
6	13	4	64	164	233
6	13	4	65	233	308
6	2	9	66	352	364
6	12	8	67	364	373
6	5	1	68	383	412
6	14	3	69	473	541
6	0	11	70	617	642
6	12	4	71	706	737
6	12	4	72	737	766
6	13	2	73	781	842
6	3	7	74	1060	1146
7	7	8	75	56	110
7	2	9	76	179	211
7	6	9	77	230	311
7	12	8	78	315	359
7	11	6	79	369	421
7	4	0	80	515	540
7	0	10	81	547	588
7	11	8	82	659	693
7	11	1	83	977	992
7	5	2	84	1006	1064
7	8	3	85	1124	1165
8	9	3	86	0	92
8	2	5	87	92	150
8	12	9	88	211	230
8	13	4	89	340	359
8	10	9	90	364	446
8	13	5	91	446	487
8	1	2	92	543	632
8	1	8	93	948	1036
8	7	8	94	1036	1084
8	11	11	95	1150	1163
9	3	6	96	14	50
9	12	4	97	102	163
9	9	2	98	178	268
9	12	8	99	373	468
9	8	10	100	588	618
9	6	11	101	652	714
9	2	5	102	800	837
9	11	5	103	853	876
9	3	7	104	887	975
9	8	7	105	977	1029
10	1	4	106	47	102
10	0	11	107	196	281
10	2	9	108	340	352
10	7	7	109	362	421
10	0	11	110	490	547
10	7	11	111	599	617
10	1	1	112	632	718
10	12	6	113	852	939
10	8	2	114	949	977
10	4	1	115	992	1020
10	6	1	116	1026	1099
10	1	0	117	1101	1159
11	0	0	118	0	55
11	11	5	119	150	181
11	6	5	120	183	206
11	14	1	121	252	320
11	8	10	122	402	472
11	13	9	123	543	617
11	0	5	124	725	800
11	10	9	125	865	927
11	3	6	126	1026	1051
12	1	4	127	0	47
12	2	10	128	54	79
12	5	2	129	92	176
12	4	6	130	179	255
12	11	3	131	267	361
12	5	2	132	474	530
12	7	3	133	790	852
12	8	7	134	1029	1060
12	2	7	135	1146	1169
13	4	1	136	0	14
13	4	7	137	14	73
13	5	8	138	211	271
13	3	10	139	271	300
13	0	0	140	419	478
13	6	1	141	490	586
13	3	6	142	614	684
13	1	11	143	863	900
13	0	10	144	937	1010
13	4	6	145	1051	1135
14	11	7	146	183	228
14	6	9	147	311	340
14	1	4	148	359	393
14	6	11	149	414	490
14	6	5	150	592	652
14	5	8	151	693	752
14	7	8	152	752	777
14	4	1	153	855	865
14	13	2	154	880	949
14	13	2	155	977	1006
14	10	5	156	1082	1169
15	10	0	157	55	75
15	0	11	158	75	113
15	11	3	159	113	122
15	3	3	160	185	267
15	4	2	161	268	327
15	7	9	162	481	540
15	10	11	163	547	562
15	12	8	164	583	659
15	13	9	165	696	781
15	8	10	166	809	866
15	8	8	167	866	948
15	14	4	168	1072	1164
16	7	11	169	113	196
16	7	10	170	196	271
16	5	6	171	312	369
16	3	6	172	421	472
16	12	7	173	481	538
16	7	8	174	547	583
16	14	3	175	592	649
16	3	7	176	853	887
16	6	1	177	1099	1162
17	8	8	178	0	56
17	4	3	179	92	107
17	12	8	180	166	211
17	2	7	181	228	307
17	5	10	182	632	649
17	4	6	183	684	774
17	14	4	184	804	890
17	14	1	185	898	907
17	10	4	186	927	991
17	11	4	187	992	1047
17	5	2	188	1064	1126
18	13	0	189	75	84
18	14	6	190	84	148
18	14	3	191	164	185
18	8	10	192	300	325
18	10	10	193	325	354
18	14	4	194	393	451
18	9	4	195	890	919
18	10	5	196	991	1082
19	2	6	197	150	179
19	14	1	198	185	252
19	8	10	199	354	402
19	3	8	200	472	486
19	3	8	201	486	547
19	14	5	202	547	592
19	10	4	203	618	706
19	14	11	204	714	804
19	5	0	205	856	929
19	12	6	206	939	1026
19	9	2	207	1126	1165
20	1	8	208	110	166
20	1	11	209	304	317
20	0	0	210	319	419
20	2	0	211	608	630
20	4	0	212	630	681
20	8	0	213	681	707
20	11	3	214	719	769
20	7	3	215	777	790
20	9	1	216	790	855
20	0	10	217	1068	1092
21	6	11	218	0	58
21	3	6	219	58	78
21	9	1	220	92	119
21	3	3	221	122	164
21	1	0	222	230	304
21	2	2	223	368	384
21	7	7	224	421	481
21	7	3	225	649	719
21	14	1	226	907	977
22	12	9	227	0	87
22	10	6	228	255	312
22	1	11	229	317	354
22	13	5	230	360	442
22	14	3	231	460	473
22	1	10	232	474	543
22	14	5	233	652	710
22	7	8	234	1084	1158
23	5	5	235	0	92
23	6	7	236	95	183
23	8	5	237	206	295
23	13	4	238	308	340
23	13	5	239	487	543
23	8	3	240	543	584
23	5	10	241	618	632
23	3	10	242	726	809
23	7	11	243	900	984
23	0	10	244	1010	1068
23	11	3	245	1068	1085
23	11	11	246	1089	1150
24	2	6	247	0	14
24	11	1	248	14	90
24	8	10	249	115	196
24	9	1	250	412	479
24	3	0	251	547	608
24	0	7	252	661	687
24	3	7	253	687	726
24	6	6	254	774	852
24	0	10	255	866	937
24	9	11	256	993	1065
24	13	9	257	1065	1148


Solution History:
