This is the output of Heuristic Solver for Dual resource constrained flexible job shop Scheduling Problem.
Input file is: wfjsp11_10.txt
Method: TS_100000000_0.309858_5
Seed: 1
Number of Jobs: 20
Number of Operations: 190
Number of Machines: 10
Number of Operators: 10
CPU Time: 18.6022
obj: 1149
Best found lower bound:0
Solver gap (best found lower bound and upper bound difference): Not known


Final Solution:
Job	Machine	Operator	Operation	Start Time	Finish Time
0	5	6	0	133	205
0	3	5	1	425	507
0	1	1	2	556	623
0	6	2	3	681	767
0	8	4	4	838	888
0	6	0	5	1034	1065
0	5	0	6	1065	1098
1	6	2	7	0	55
1	7	7	8	157	243
1	5	0	9	254	282
1	4	4	10	296	332
1	5	0	11	349	383
1	6	9	12	415	501
1	3	8	13	507	589
1	3	8	14	589	655
1	7	7	15	655	744
1	5	0	16	796	890
1	6	0	17	915	929
1	4	3	18	997	1006
1	4	9	19	1006	1054
1	2	3	20	1057	1124
2	9	4	21	0	85
2	9	6	22	85	133
2	6	2	23	169	246
2	2	3	24	253	298
2	3	7	25	324	344
2	0	5	26	344	392
2	1	1	27	401	419
2	9	4	28	510	604
2	2	5	29	618	650
2	5	0	30	719	796
2	4	9	31	802	881
2	4	3	32	929	997
2	9	4	33	1007	1045
3	6	2	34	55	121
3	8	6	35	282	357
3	1	1	36	387	401
3	0	5	37	401	425
3	0	7	38	506	528
3	0	7	39	528	580
3	0	5	40	791	825
3	2	9	41	915	1005
3	8	1	42	1047	1110
4	0	9	43	87	175
4	2	5	44	175	190
4	2	9	45	395	408
4	2	3	46	415	482
4	1	1	47	508	556
4	2	3	48	770	784
4	8	4	49	888	984
5	8	6	50	0	81
5	4	3	51	171	200
5	9	6	52	431	510
5	2	5	53	510	519
5	0	3	54	580	658
5	0	3	55	658	738
5	2	3	56	797	818
5	0	5	57	825	894
5	8	0	58	984	1022
5	9	2	59	1045	1054
5	1	8	60	1054	1145
6	1	1	61	113	158
6	1	1	62	236	323
6	4	4	63	332	404
6	5	2	64	460	550
6	5	2	65	550	629
6	6	2	66	629	681
6	7	7	67	824	873
6	7	7	68	873	889
6	2	8	69	889	912
7	3	7	70	0	19
7	5	0	71	19	43
7	0	3	72	200	251
7	7	7	73	344	393
7	6	3	74	395	415
7	8	0	75	467	539
7	6	0	76	929	977
7	6	2	77	987	1034
8	8	6	78	239	282
8	8	6	79	539	625
8	1	1	80	625	662
8	6	9	81	882	915
8	9	2	82	960	987
8	7	7	83	1048	1060
9	8	0	84	81	173
9	8	6	85	205	239
9	6	2	86	246	286
9	9	2	87	296	365
9	5	2	88	383	460
9	4	4	89	492	509
9	6	0	90	539	627
9	2	8	91	655	719
9	0	3	92	738	770
9	0	5	93	773	791
9	3	8	94	914	1005
9	2	3	95	1006	1057
10	3	8	96	23	109
10	9	4	97	133	214
10	0	5	98	253	323
10	4	4	99	404	492
10	1	1	100	662	749
10	8	4	101	749	838
10	0	5	102	894	984
10	4	4	103	1054	1143
11	0	7	104	19	67
11	8	0	105	173	205
11	5	0	106	205	254
11	3	8	107	344	423
11	2	3	108	482	497
11	2	5	109	519	605
11	2	5	110	605	618
11	3	5	111	702	773
11	9	3	112	857	929
11	1	1	113	971	1025
12	7	7	114	67	157
12	1	1	115	158	236
12	7	7	116	243	324
12	8	0	117	387	467
12	7	3	118	497	571
12	9	4	119	604	692
12	9	4	120	692	728
12	2	8	121	728	770
12	1	8	122	770	855
12	6	1	123	855	882
12	7	7	124	889	960
12	9	4	125	987	1007
12	3	8	126	1007	1030
12	6	9	127	1065	1106
12	6	9	128	1106	1135
13	4	9	129	200	225
13	6	9	130	353	395
13	3	2	131	773	824
13	8	1	132	1025	1047
13	9	2	133	1054	1146
14	0	3	134	0	11
14	5	5	135	43	125
14	4	9	136	225	239
14	5	0	137	282	349
14	6	1	138	767	849
15	1	8	139	0	23
15	4	3	140	23	96
15	4	3	141	96	171
15	3	8	142	182	233
15	3	8	143	233	324
15	9	6	144	365	431
15	7	7	145	580	648
15	2	3	146	784	797
15	1	1	147	882	971
15	5	6	148	971	1049
16	2	9	149	0	87
16	6	2	150	121	169
16	3	8	151	170	182
16	4	9	152	239	271
16	2	3	153	298	391
16	0	8	154	425	506
16	4	9	155	509	590
16	8	6	156	625	706
16	4	9	157	712	802
16	9	3	158	819	857
16	1	8	159	857	882
16	5	6	160	890	971
16	7	7	161	1060	1143
17	7	5	162	0	34
17	3	8	163	109	170
17	1	1	164	419	508
17	3	5	165	655	702
17	0	5	166	1073	1149
18	9	4	167	214	296
18	1	1	168	323	365
18	7	7	169	393	438
18	7	7	170	438	485
18	5	0	171	629	719
18	9	6	172	728	819
18	2	6	173	819	885
18	9	2	174	929	960
18	0	5	175	984	1073
18	5	0	176	1098	1149
19	1	1	177	23	113
19	0	9	178	175	189
19	2	5	179	190	253
19	4	9	180	271	284
19	6	9	181	286	353
19	8	1	182	365	387
19	4	9	183	590	644
19	4	9	184	644	712
19	7	7	185	744	824
19	3	2	186	824	914
19	7	7	187	960	1048
19	3	6	188	1049	1114
19	8	6	189	1114	1148


Solution History:
