This is the output of Heuristic Solver for Dual resource constrained flexible job shop Scheduling Problem.
Input file is: wfjsp6_2.txt
Method: TS_100000000_0.108417_5
Seed: 4
Number of Jobs: 12
Number of Operations: 76
Number of Machines: 5
Number of Operators: 5
CPU Time: 6.50708
obj: 789
Best found lower bound:0
Solver gap (best found lower bound and upper bound difference): Not known


Final Solution:
Job	Machine	Operator	Operation	Start Time	Finish Time
0	4	1	0	0	80
0	2	0	1	110	178
0	2	0	2	178	197
0	0	2	3	241	276
0	4	1	4	410	427
0	3	0	5	439	459
0	0	4	6	518	582
0	0	2	7	616	624
1	4	1	8	80	157
1	3	3	9	227	267
1	3	3	10	358	408
1	0	3	11	415	431
1	1	3	12	509	581
1	0	2	13	624	691
2	1	0	14	0	68
2	3	3	15	90	162
2	0	4	16	485	518
2	1	3	17	604	648
3	0	2	18	109	126
3	1	0	19	197	254
3	2	4	20	274	358
3	4	1	21	427	508
3	2	4	22	633	691
3	3	3	23	712	784
4	0	4	24	0	65
4	1	4	25	68	86
4	1	0	26	254	266
4	4	1	27	323	410
4	3	0	28	417	439
4	3	0	29	517	597
4	4	1	30	701	788
5	3	3	31	209	227
5	3	3	32	267	335
5	1	0	33	338	417
5	0	3	34	431	485
5	1	3	35	485	509
5	4	1	36	576	628
6	2	0	37	76	110
6	1	0	38	266	338
6	2	2	39	358	447
6	1	3	40	581	604
6	3	3	41	697	712
6	0	2	42	763	789
7	1	4	43	86	104
7	4	1	44	157	197
7	2	4	45	197	274
7	0	4	46	372	415
7	2	2	47	447	547
7	3	0	48	597	694
7	0	2	49	694	763
8	0	2	50	126	155
8	0	2	51	155	222
8	0	2	52	582	616
9	2	2	53	0	25
9	0	2	54	76	109
9	3	3	55	162	209
9	0	2	56	222	241
9	4	1	57	249	323
9	1	4	58	417	478
9	4	1	59	508	521
9	2	2	60	547	577
9	1	3	61	648	697
9	1	0	62	697	779
10	2	2	63	25	76
10	1	4	64	104	180
10	4	1	65	197	249
10	3	3	66	335	358
11	3	3	67	0	90
11	1	4	68	180	194
11	0	2	69	276	356
11	0	4	70	358	372
11	3	0	71	459	517
11	4	1	72	521	576
11	2	4	73	582	633
11	4	1	74	633	701
11	2	4	75	701	789


Solution History:
