This is the output of Heuristic Solver for Dual resource constrained flexible job shop Scheduling Problem.
Input file is: wfjsp15_1.txt
Method: TS_100000000_1.051110_5
Seed: 4
Number of Jobs: 30
Number of Operations: 365
Number of Machines: 15
Number of Operators: 15
CPU Time: 63.1061
obj: 1301
Best found lower bound:0
Solver gap (best found lower bound and upper bound difference): Not known


Final Solution:
Job	Machine	Operator	Operation	Start Time	Finish Time
0	3	5	0	108	186
0	10	8	1	223	247
0	5	12	2	294	335
0	6	0	3	347	442
0	8	2	4	463	545
0	13	2	5	628	684
0	1	4	6	701	780
0	2	9	7	780	812
0	8	1	8	820	862
0	11	12	9	999	1035
1	6	12	10	0	9
1	10	8	11	19	35
1	10	8	12	35	47
1	9	12	13	47	92
1	10	8	14	160	223
1	0	7	15	226	267
1	0	4	16	267	292
1	13	2	17	301	313
1	4	10	18	325	386
1	2	13	19	389	430
1	10	8	20	430	513
1	6	8	21	537	623
1	5	8	22	918	971
1	10	6	23	975	1051
2	7	9	24	0	12
2	10	8	25	47	77
2	13	3	26	92	117
2	7	3	27	128	151
2	0	11	28	169	223
2	11	3	29	282	357
2	12	4	30	503	540
2	13	7	31	573	628
2	7	5	32	726	831
2	11	7	33	936	984
2	4	10	34	1113	1127
2	4	4	35	1218	1264
3	0	4	36	44	70
3	10	8	37	396	425
3	4	4	38	429	503
3	10	14	39	513	567
3	8	10	40	621	652
3	5	8	41	685	782
3	6	7	42	877	903
3	1	4	43	918	975
3	8	10	44	1042	1054
3	1	7	45	1214	1226
3	13	9	46	1226	1298
4	10	13	47	0	9
4	6	8	48	9	19
4	14	6	49	44	81
4	6	8	50	81	153
4	12	4	51	239	254
4	4	10	52	258	325
4	10	8	53	336	396
4	1	3	54	407	449
4	3	6	55	491	534
4	8	4	56	1060	1151
4	3	7	57	1151	1193
4	9	14	58	1202	1295
5	7	12	59	175	235
5	13	2	60	279	301
5	12	6	61	391	448
5	7	5	62	467	487
5	13	12	63	534	573
5	10	13	64	659	760
5	12	10	65	760	790
5	5	8	66	808	826
5	0	7	67	833	877
5	6	8	68	971	1032
5	0	7	69	1037	1098
5	3	7	70	1110	1150
5	8	13	71	1165	1188
5	6	5	72	1244	1282
6	9	12	73	136	175
6	9	5	74	270	309
6	0	14	75	444	492
6	2	13	76	536	624
6	11	7	77	640	717
6	9	6	78	760	833
6	10	13	79	838	920
6	9	14	80	961	1030
6	6	8	81	1032	1072
6	11	12	82	1117	1134
6	14	0	83	1142	1160
6	14	0	84	1160	1169
6	6	5	85	1169	1244
7	0	6	86	0	42
7	4	14	87	64	100
7	9	6	88	121	136
7	1	6	89	136	173
7	4	14	90	173	231
7	2	10	91	242	258
7	7	12	92	831	887
7	14	0	93	905	971
7	5	0	94	1113	1133
7	13	2	95	1192	1215
8	6	13	96	19	79
8	8	10	97	178	190
8	3	6	98	270	351
8	3	11	99	356	438
8	1	4	100	648	701
8	2	2	101	701	741
8	6	12	102	747	831
8	10	8	103	1111	1181
8	10	8	104	1181	1218
8	7	11	105	1218	1274
8	7	5	106	1282	1299
9	14	6	107	81	121
9	2	13	108	131	146
9	9	6	109	196	270
9	12	2	110	545	615
9	2	9	111	624	700
9	7	5	112	700	726
9	2	1	113	747	768
9	13	14	114	770	859
9	5	9	115	859	880
9	4	11	116	961	1047
9	7	11	117	1047	1135
9	6	1	118	1142	1154
9	7	4	119	1165	1192
9	7	12	120	1192	1211
10	1	5	121	0	82
10	13	9	122	131	187
10	11	3	123	208	282
10	5	12	124	335	394
10	4	1	125	587	634
10	12	6	126	642	684
10	14	7	127	717	747
10	5	9	128	826	852
10	9	11	129	870	954
10	5	12	130	971	999
10	5	9	131	999	1027
10	5	14	132	1030	1073
11	4	11	133	0	18
11	1	13	134	82	128
11	5	0	135	160	240
11	0	4	136	292	349
11	11	6	137	357	391
11	5	9	138	428	515
11	3	12	139	615	655
11	13	14	140	685	770
11	2	4	141	982	1060
11	6	8	142	1072	1111
11	9	14	143	1117	1202
11	14	0	144	1219	1285
12	2	1	145	0	46
12	4	14	146	100	142
12	11	3	147	152	208
12	10	8	148	247	336
12	7	9	149	356	428
12	9	10	150	467	504
12	14	0	151	504	554
12	6	8	152	623	684
12	8	10	153	696	757
12	8	3	154	760	819
12	3	5	155	973	1011
12	4	14	156	1073	1112
12	13	2	157	1112	1192
13	14	4	158	0	44
13	7	4	159	70	128
13	2	2	160	153	229
13	14	4	161	351	429
13	5	8	162	515	537
13	14	6	163	686	701
13	10	13	164	760	799
13	6	8	165	831	845
13	9	11	166	852	870
13	7	3	167	887	943
13	1	5	168	1011	1046
13	13	2	169	1087	1109
13	12	10	170	1135	1207
13	8	2	171	1215	1294
14	11	3	172	0	19
14	4	11	173	19	64
14	3	5	174	186	263
14	1	9	175	271	348
14	8	13	176	348	386
14	4	2	177	386	427
14	3	6	178	448	491
14	8	10	179	582	621
14	9	3	180	678	760
14	3	1	181	768	820
14	12	6	182	1056	1135
14	11	4	183	1192	1218
15	5	0	184	0	78
15	14	7	185	267	351
15	8	1	186	389	426
15	8	2	187	427	447
15	11	0	188	448	502
15	3	12	189	573	615
15	3	12	190	655	745
15	10	13	191	799	838
15	5	0	192	885	905
15	4	14	193	917	961
15	14	1	194	1018	1096
15	0	3	195	1112	1205
15	1	3	196	1205	1214
15	10	13	197	1218	1301
16	12	14	198	0	57
16	8	2	199	83	153
16	14	1	200	222	260
16	6	0	201	268	347
16	2	1	202	430	478
16	2	1	203	478	536
16	3	6	204	536	561
16	1	4	205	569	648
16	7	3	206	648	675
16	4	9	207	700	747
16	14	6	208	833	856
16	1	8	209	873	918
16	13	7	210	918	936
16	8	1	211	936	1018
16	8	2	212	1018	1042
17	3	7	213	0	75
17	9	12	214	92	115
17	14	1	215	144	222
17	8	10	216	223	242
17	11	3	217	502	563
17	8	1	218	652	696
17	4	4	219	830	906
17	14	1	220	1096	1142
17	14	0	221	1169	1219
17	0	3	222	1219	1301
18	9	12	223	9	45
18	5	1	224	94	144
18	1	9	225	187	271
18	0	7	226	351	372
18	13	12	227	461	534
18	5	0	228	554	600
18	9	5	229	614	678
18	12	0	230	686	706
18	11	0	231	717	796
18	14	11	232	796	823
18	1	3	233	823	873
18	13	7	234	997	1031
18	1	5	235	1071	1148
18	1	6	236	1148	1190
18	8	13	237	1190	1208
19	13	2	238	229	279
19	14	6	239	561	642
19	0	11	240	658	746
19	2	9	241	768	779
19	12	10	242	790	834
19	8	1	243	862	883
19	12	13	244	929	956
19	11	3	245	1035	1112
19	6	13	246	1112	1132
19	11	12	247	1134	1188
19	1	7	248	1193	1204
19	1	7	249	1226	1285
20	12	10	250	60	131
20	11	12	251	394	448
20	12	6	252	706	759
20	2	2	253	817	893
20	6	12	254	903	958
20	0	10	255	958	1037
20	5	10	256	1073	1113
20	8	4	257	1151	1165
20	2	1	258	1198	1247
20	4	4	259	1264	1292
21	11	3	260	19	92
21	11	11	261	92	152
21	6	12	262	448	460
21	9	11	263	527	603
21	5	14	264	627	685
21	6	8	265	845	867
21	11	2	266	893	932
21	4	5	267	1047	1071
21	11	6	268	1246	1262
21	11	6	269	1262	1294
22	0	7	270	75	169
22	12	14	271	367	389
22	7	10	272	428	467
22	1	7	273	467	490
22	5	14	274	600	627
22	3	5	275	831	899
22	7	3	276	943	1035
22	13	2	277	1042	1087
22	5	9	278	1136	1220
22	2	1	279	1268	1286
23	6	13	280	153	214
23	8	12	281	242	279
23	12	14	282	310	367
23	6	13	283	460	519
23	4	1	284	536	587
23	4	10	285	652	696
23	5	8	286	782	808
23	4	4	287	819	830
23	12	10	288	834	867
23	2	9	289	893	982
23	2	13	290	1136	1156
24	2	1	291	46	94
24	2	9	292	94	120
24	12	4	293	131	208
24	7	11	294	235	295
24	8	13	295	310	327
24	13	2	296	327	381
24	0	14	297	389	444
24	14	11	298	444	498
24	11	3	299	563	640
24	11	0	300	796	885
24	0	10	301	885	945
24	3	0	302	1013	1059
24	2	9	303	1060	1136
25	13	9	304	12	55
25	13	9	305	55	88
25	4	14	306	142	168
25	13	7	307	187	226
25	5	14	308	240	294
25	1	3	309	357	407
25	9	11	310	504	527
25	10	0	311	600	659
25	4	2	312	747	817
25	8	1	313	883	932
25	14	0	314	971	1013
25	10	13	315	1056	1111
25	4	11	316	1135	1217
25	2	1	317	1247	1268
26	3	5	318	82	108
26	8	10	319	153	178
26	9	6	320	178	196
26	6	13	321	214	268
26	12	13	322	268	310
26	2	1	323	310	389
26	7	9	324	515	584
26	14	0	325	659	686
26	14	11	326	747	788
26	12	6	327	885	929
26	3	0	328	1059	1110
26	3	6	329	1193	1246
27	8	2	330	0	83
27	2	9	331	120	131
27	12	4	332	208	239
27	2	1	333	260	306
27	9	5	334	309	363
27	9	5	335	363	458
27	0	11	336	614	658
27	9	11	337	833	852
27	10	6	338	929	975
27	2	1	339	1156	1198
27	3	8	340	1246	1301
28	13	7	341	381	461
28	0	7	342	492	547
28	8	10	343	547	582
28	7	9	344	584	621
28	7	5	345	678	696
28	0	7	346	747	833
28	14	6	347	856	885
28	3	5	348	899	973
28	12	13	349	973	1056
28	5	12	350	1220	1297
29	7	10	351	12	60
29	10	0	352	78	160
29	8	10	353	190	223
29	7	11	354	295	356
29	5	10	355	394	426
29	12	2	356	448	463
29	1	5	357	490	569
29	0	5	358	569	614
29	6	1	359	696	747
29	1	4	360	780	819
29	13	14	361	859	917
29	13	2	362	936	997
29	9	12	363	1035	1117
29	12	10	364	1207	1299


Solution History:
