This is the output of Heuristic Solver for Dual resource constrained flexible job shop Scheduling Problem.
Input file is: wfjsp11_1.txt
Method: TS_100000000_0.344580_5
Seed: 5
Number of Jobs: 20
Number of Operations: 190
Number of Machines: 10
Number of Operators: 10
CPU Time: 20.685
obj: 1004
Best found lower bound:0
Solver gap (best found lower bound and upper bound difference): Not known


Final Solution:
Job	Machine	Operator	Operation	Start Time	Finish Time
0	6	8	0	0	74
0	5	2	1	74	97
0	1	6	2	114	159
0	0	8	3	167	250
0	2	2	4	250	327
0	4	3	5	327	383
0	4	3	6	664	746
0	6	0	7	777	804
0	1	7	8	839	880
0	5	6	9	882	916
1	4	0	10	37	46
1	4	0	11	46	64
1	4	5	12	75	89
1	8	0	13	92	142
1	1	6	14	159	235
1	7	6	15	289	344
1	6	6	16	344	370
1	5	4	17	370	378
1	0	8	18	384	443
1	6	1	19	561	603
1	5	2	20	700	795
1	9	9	21	797	889
1	9	9	22	889	930
1	3	8	23	930	1004
2	1	7	24	0	14
2	8	7	25	35	65
2	5	2	26	97	121
2	5	4	27	341	364
2	5	4	28	378	435
2	3	5	29	435	514
2	8	5	30	516	554
2	9	9	31	576	637
2	6	8	32	647	728
2	2	1	33	753	803
2	7	6	34	822	837
2	0	5	35	914	960
3	2	0	36	0	22
3	0	8	37	134	167
3	6	0	38	234	300
3	3	5	39	323	379
3	7	7	40	479	511
3	4	3	41	516	617
3	1	4	42	617	642
3	5	2	43	642	700
3	7	7	44	705	716
3	9	9	45	716	728
3	3	8	46	765	839
3	0	8	47	839	847
3	8	4	48	901	911
4	0	8	49	92	134
4	9	9	50	193	265
4	4	0	51	416	433
4	2	0	52	492	557
4	2	0	53	557	606
4	2	6	54	613	650
4	6	4	55	832	870
5	2	6	56	22	114
5	6	4	57	125	167
5	5	6	58	438	521
5	4	3	59	805	860
5	0	5	60	960	983
6	1	4	61	35	106
6	6	4	62	106	125
6	0	8	63	342	384
6	3	8	64	515	602
6	7	7	65	748	781
7	4	3	66	89	107
7	5	2	67	121	168
7	3	5	68	174	232
7	4	5	69	232	303
7	5	4	70	303	341
7	6	6	71	370	397
7	6	6	72	397	438
7	1	4	73	516	554
7	8	5	74	554	591
7	3	8	75	602	644
7	2	4	76	650	732
7	1	6	77	733	815
7	3	5	78	839	914
7	6	0	79	914	1004
8	7	1	80	0	79
8	3	3	81	232	274
8	2	2	82	327	342
8	1	7	83	350	368
8	4	0	84	407	416
8	6	8	85	443	515
8	0	5	86	599	642
8	7	7	87	716	748
8	1	7	88	822	839
8	6	4	89	870	900
8	4	3	90	943	999
9	0	2	91	473	490
9	9	9	92	521	576
9	9	9	93	728	797
9	5	6	94	860	882
9	8	0	95	882	901
9	1	7	96	941	997
10	4	3	97	107	120
10	8	0	98	142	232
10	1	1	99	390	469
10	8	0	100	621	679
10	2	1	101	803	843
10	5	6	102	916	999
11	3	3	103	0	85
11	7	7	104	85	122
11	6	4	105	167	234
11	0	0	106	443	464
11	0	2	107	490	534
11	8	0	108	606	621
11	0	6	109	650	733
11	0	8	110	847	903
11	8	4	111	911	987
12	5	2	112	0	24
12	6	1	113	79	104
12	0	8	114	267	342
12	1	7	115	368	386
12	7	7	116	390	479
12	5	6	117	521	613
12	5	6	118	848	860
13	0	6	119	0	22
13	0	8	120	75	92
13	3	5	121	92	174
13	2	1	122	192	243
13	1	1	123	647	724
13	4	3	124	746	805
13	8	0	125	832	882
13	4	3	126	903	943
14	8	4	127	0	35
14	8	0	128	65	92
14	7	7	129	122	218
14	7	7	130	218	245
14	1	1	131	245	271
14	9	9	132	271	307
14	4	5	133	307	323
14	3	3	134	383	431
14	4	3	135	433	516
14	7	7	136	608	672
14	8	0	137	679	721
14	0	5	138	733	836
14	1	7	139	880	916
14	2	2	140	926	1004
15	4	3	141	120	201
15	7	6	142	245	289
15	9	9	143	307	394
15	9	9	144	394	466
15	9	9	145	466	521
15	6	1	146	521	561
15	1	4	147	561	617
15	2	2	148	848	926
15	9	9	149	930	1000
16	4	5	150	0	37
16	9	9	151	73	133
16	9	9	152	133	193
16	5	2	153	193	246
16	8	7	154	246	301
16	7	1	155	350	390
16	2	2	156	428	473
16	9	9	157	637	713
16	6	0	158	728	777
16	5	2	159	795	848
16	7	1	160	923	999
17	9	9	161	0	73
17	5	2	162	168	189
17	0	8	163	250	267
17	3	3	164	274	322
17	8	5	165	407	423
17	2	0	166	473	492
17	0	2	167	534	599
17	7	7	168	672	705
17	2	4	169	732	753
17	8	4	170	753	832
17	7	1	171	843	923
17	1	7	172	923	941
18	5	2	173	24	74
18	1	1	174	271	350
18	2	2	175	350	428
18	1	1	176	469	507
18	3	8	177	728	765
18	4	3	178	860	903
19	0	5	179	37	75
19	2	1	180	114	192
19	5	4	181	246	302
19	8	0	182	302	380
19	8	0	183	380	407
19	8	4	184	435	516
19	7	7	185	516	608
19	6	1	186	608	647
19	4	5	187	647	664
19	3	5	188	664	725
19	7	7	189	781	822


Solution History:
