This is the output of Heuristic Solver for Dual resource constrained flexible job shop Scheduling Problem.
Input file is: wfjsp11_8.txt
Method: TS_100000000_0.251170_5
Seed: 3
Number of Jobs: 20
Number of Operations: 197
Number of Machines: 10
Number of Operators: 10
CPU Time: 15.0803
obj: 1095
Best found lower bound:0
Solver gap (best found lower bound and upper bound difference): Not known


Final Solution:
Job	Machine	Operator	Operation	Start Time	Finish Time
0	6	9	0	0	26
0	1	9	1	94	166
0	9	8	2	170	200
0	6	3	3	486	551
0	3	3	4	551	618
0	2	2	5	709	770
0	7	9	6	999	1071
0	1	9	7	1071	1084
1	6	9	8	26	79
1	6	3	9	79	133
1	6	3	10	133	160
1	4	5	11	616	704
1	1	6	12	789	798
1	3	3	13	821	909
1	1	7	14	998	1017
2	3	5	15	72	126
2	9	8	16	200	273
2	7	7	17	275	306
2	7	7	18	306	371
2	9	1	19	397	443
2	4	8	20	453	494
2	7	2	21	513	557
2	9	0	22	646	708
2	8	8	23	939	1003
2	0	0	24	1007	1076
3	4	5	25	126	213
3	5	0	26	213	290
3	9	1	27	300	369
3	2	2	28	396	457
3	5	4	29	508	577
3	1	7	30	577	644
3	2	2	31	644	709
3	6	0	32	709	766
3	4	4	33	766	804
3	1	6	34	804	903
3	9	0	35	903	1007
3	8	8	36	1007	1037
3	2	2	37	1064	1089
4	5	1	38	0	67
4	1	1	39	83	94
4	9	6	40	94	170
4	4	8	41	494	525
4	7	2	42	557	567
4	5	4	43	635	679
4	1	6	44	903	946
4	9	8	45	1037	1082
5	8	8	46	0	95
5	8	8	47	125	162
5	6	3	48	200	246
5	2	2	49	325	385
5	4	4	50	804	876
5	9	8	51	876	889
5	6	7	52	939	955
5	6	7	53	955	998
5	5	3	54	1036	1088
6	0	4	55	111	129
6	2	6	56	179	247
6	6	3	57	247	297
6	3	9	58	300	368
6	1	7	59	372	411
6	1	7	60	411	495
6	0	0	61	499	556
6	5	1	62	813	841
6	5	1	63	841	858
6	0	5	64	871	915
7	1	3	65	0	65
7	1	1	66	67	83
7	3	1	67	126	145
7	0	4	68	148	194
7	3	1	69	248	300
7	6	3	70	300	355
7	5	0	71	355	373
7	5	4	72	373	442
7	9	9	73	446	488
7	9	9	74	488	518
7	0	1	75	783	813
7	2	3	76	926	950
8	7	2	77	0	59
8	1	9	78	166	207
8	0	5	79	278	306
8	4	6	80	378	453
8	5	1	81	692	720
8	9	6	82	723	789
8	4	9	83	896	964
9	4	4	84	0	78
9	5	0	85	91	178
9	0	5	86	306	346
9	5	4	87	442	508
9	4	5	88	557	616
9	0	6	89	643	723
9	0	5	90	723	783
9	2	2	91	783	853
9	8	7	92	853	939
9	7	2	93	939	999
9	4	6	94	999	1020
9	6	7	95	1020	1091
10	9	0	96	26	83
10	2	7	97	94	179
10	8	4	98	239	298
10	8	4	99	298	359
10	3	5	100	377	454
10	8	6	101	454	556
10	2	6	102	556	640
10	8	8	103	692	757
10	7	9	104	764	846
10	7	9	105	846	878
10	4	9	106	878	896
10	3	1	107	912	988
10	3	1	108	988	1015
10	3	1	109	1015	1035
10	8	4	110	1037	1095
11	7	2	111	175	244
11	4	8	112	273	310
11	0	0	113	375	437
11	5	4	114	577	635
11	3	3	115	684	774
11	6	0	116	774	823
11	6	0	117	823	901
11	2	3	118	912	926
12	8	7	119	179	239
12	4	9	120	239	256
12	2	2	121	256	325
12	7	9	122	371	446
12	9	1	123	518	548
12	0	1	124	556	643
12	1	1	125	644	692
12	7	9	126	703	764
12	3	3	127	774	821
12	8	7	128	821	841
12	0	5	129	841	871
12	7	2	130	878	934
12	0	5	131	934	1004
13	0	5	132	213	278
13	4	8	133	310	378
13	7	2	134	567	636
13	8	8	135	664	692
13	9	8	136	829	873
13	4	9	137	964	983
13	3	5	138	1035	1078
14	9	0	139	0	26
14	7	2	140	59	121
14	0	4	141	129	148
14	6	3	142	160	200
14	5	0	143	290	348
14	9	1	144	369	397
14	8	8	145	397	438
14	7	2	146	457	513
14	6	9	147	551	618
14	3	3	148	618	684
14	7	7	149	684	694
14	1	7	150	694	787
14	2	2	151	853	878
14	5	4	152	878	946
14	2	3	153	950	1004
15	3	9	154	224	239
15	1	6	155	248	321
15	3	3	156	368	377
15	6	3	157	377	423
15	6	3	158	423	486
15	8	8	159	556	620
15	6	9	160	620	703
15	5	1	161	752	782
16	2	7	162	0	19
16	2	7	163	19	94
16	4	4	164	94	111
16	3	1	165	145	224
16	1	1	166	224	248
16	1	6	167	321	372
16	2	2	168	385	396
16	0	0	169	437	499
16	1	7	170	499	566
16	8	8	171	620	664
16	4	4	172	704	763
16	2	2	173	1004	1064
17	0	5	174	0	58
17	2	1	175	457	515
17	4	8	176	525	538
17	5	4	177	946	1036
17	4	6	178	1036	1088
18	7	2	179	121	175
18	3	5	180	454	544
18	4	5	181	544	557
18	7	7	182	644	679
18	0	5	183	813	841
18	1	1	184	1035	1066
19	3	6	185	0	29
19	3	6	186	29	72
19	9	0	187	83	91
19	8	8	188	95	125
19	7	7	189	244	275
19	0	5	190	346	375
19	9	0	191	556	646
19	5	1	192	720	752
19	8	8	193	757	782
19	9	8	194	789	829
19	2	1	195	878	912
19	1	6	196	946	998


Solution History:
