This is the output of Heuristic Solver for Dual resource constrained flexible job shop Scheduling Problem.
Input file is: wfjsp13_2.txt
Method: TS_100000000_0.526848_5
Seed: 1
Number of Jobs: 25
Number of Operations: 271
Number of Machines: 15
Number of Operators: 15
CPU Time: 31.6324
obj: 1010
Best found lower bound:0
Solver gap (best found lower bound and upper bound difference): Not known


Final Solution:
Job	Machine	Operator	Operation	Start Time	Finish Time
0	4	5	0	127	207
0	4	6	1	249	316
0	7	9	2	408	428
0	4	0	3	454	489
0	5	0	4	518	533
0	4	13	5	546	570
0	4	9	6	625	698
0	8	5	7	748	759
0	12	9	8	766	838
0	10	3	9	838	878
0	14	11	10	901	954
0	8	8	11	991	1005
1	0	14	12	132	194
1	8	14	13	204	266
1	2	0	14	281	349
1	2	4	15	366	434
1	5	2	16	482	518
1	3	9	17	518	561
1	3	9	18	561	579
1	10	14	19	594	647
1	8	14	20	653	740
1	13	14	21	740	831
1	6	13	22	861	912
1	10	3	23	938	1005
2	9	3	24	0	65
2	8	5	25	88	106
2	8	5	26	106	119
2	5	0	27	155	248
2	9	12	28	282	305
2	8	5	29	341	421
2	3	8	30	579	662
2	14	12	31	662	685
2	0	7	32	750	817
2	3	10	33	823	911
3	2	12	34	0	50
3	10	1	35	50	78
3	3	14	36	78	128
3	13	8	37	128	164
3	12	5	38	207	282
3	14	12	39	313	396
3	12	14	40	504	530
3	2	0	41	567	581
3	14	12	42	624	659
3	12	2	43	954	972
4	1	7	44	28	68
4	7	11	45	126	200
4	4	6	46	395	433
4	7	9	47	433	518
4	11	6	48	528	615
4	7	6	49	623	685
4	2	1	50	722	753
4	12	14	51	838	900
4	4	6	52	906	939
4	13	4	53	942	972
4	13	4	54	972	1010
5	3	6	55	0	50
5	4	0	56	104	127
5	3	13	57	200	267
5	6	11	58	289	353
5	2	6	59	353	365
5	3	10	60	365	394
5	5	2	61	422	482
5	1	5	62	546	626
5	9	2	63	702	759
5	11	1	64	813	893
5	2	12	65	947	999
6	3	14	66	51	72
6	9	7	67	148	234
6	4	8	68	234	249
6	13	2	69	308	382
6	0	2	70	382	395
6	3	14	71	395	449
6	14	11	72	449	512
6	10	14	73	542	594
6	8	10	74	594	653
6	6	11	75	653	737
6	1	10	76	748	806
6	2	12	77	831	881
7	2	6	78	50	132
7	4	1	79	217	231
7	1	4	80	313	366
7	1	13	81	366	412
7	8	3	82	422	478
7	0	8	83	523	540
7	11	1	84	621	699
7	11	1	85	699	722
7	5	4	86	724	745
7	10	2	87	782	816
7	10	3	88	878	910
7	5	0	89	913	1008
8	12	11	90	0	75
8	9	7	91	75	148
8	11	6	92	173	243
8	12	2	93	286	299
8	12	9	94	299	328
8	10	0	95	349	429
8	12	5	96	429	490
8	4	5	97	490	546
8	6	11	98	546	643
8	14	12	99	685	769
8	1	7	100	894	910
8	3	8	101	925	991
9	6	8	102	0	61
9	11	12	103	71	130
9	8	1	104	133	204
9	1	7	105	234	308
9	9	7	106	308	338
9	9	7	107	338	384
9	11	12	108	396	463
9	11	12	109	463	526
9	4	13	110	570	625
9	3	8	111	662	690
9	0	7	112	706	750
9	14	11	113	821	888
10	14	9	114	0	69
10	7	11	115	75	86
10	1	10	116	148	163
10	14	4	117	210	236
10	10	1	118	236	319
10	7	4	119	754	834
10	5	0	120	858	889
10	2	12	121	889	947
11	5	2	122	0	58
11	8	10	123	67	88
11	11	0	124	248	279
11	10	10	125	454	478
11	5	3	126	542	551
11	9	1	127	600	621
11	0	5	128	626	641
11	6	0	129	643	652
11	8	8	130	770	841
11	6	8	131	852	861
12	4	0	132	71	104
12	14	4	133	155	210
12	2	12	134	232	281
12	5	3	135	286	343
12	13	8	136	382	414
12	13	8	137	414	450
12	3	14	138	450	504
12	12	2	139	530	614
12	0	7	140	646	706
12	5	0	141	745	812
12	13	4	142	876	942
12	4	6	143	942	976
13	0	13	144	0	65
13	13	8	145	65	93
13	12	9	146	153	196
13	14	4	147	236	313
13	4	1	148	319	353
13	0	7	149	465	520
13	7	0	150	533	566
13	0	9	151	579	623
13	2	4	152	636	702
13	3	8	153	702	770
13	5	5	154	902	913
13	9	7	155	917	1001
14	13	14	156	0	51
14	0	13	157	65	132
14	13	9	158	196	235
14	8	5	159	282	341
14	10	0	160	429	454
14	1	6	161	454	528
14	1	5	162	718	748
14	10	3	163	910	938
15	11	0	164	0	71
15	5	4	165	71	155
15	0	2	166	235	286
15	0	7	167	395	465
15	8	10	168	478	492
15	14	11	169	512	543
15	14	12	170	543	624
15	9	2	171	624	702
15	12	13	172	702	766
15	8	5	173	841	902
15	8	1	174	902	975
16	7	4	175	42	54
16	10	3	176	108	176
16	1	10	177	178	199
16	7	11	178	200	272
16	12	9	179	328	408
16	9	1	180	457	525
16	0	8	181	540	567
16	7	4	182	567	623
16	10	0	183	652	727
16	11	3	184	727	813
16	7	9	185	838	909
16	14	11	186	954	1010
17	1	7	187	0	28
17	13	8	188	93	127
17	6	8	189	164	230
17	3	8	190	289	361
17	14	10	191	396	439
17	5	0	192	812	858
17	1	5	193	913	987
17	7	9	194	992	1008
18	7	4	195	0	42
18	6	10	196	88	148
18	10	3	197	176	227
18	5	3	198	354	422
18	2	4	199	476	567
18	5	3	200	567	640
18	4	6	201	698	789
18	1	5	202	806	836
18	4	6	203	836	906
18	6	13	204	912	966
18	8	1	205	975	991
18	12	1	206	991	1004
19	10	3	207	78	108
19	2	12	208	132	232
19	0	14	209	286	374
19	6	11	210	377	441
19	13	8	211	450	523
19	12	13	212	625	702
19	6	11	213	737	756
19	2	1	214	756	808
19	13	4	215	834	876
19	11	0	216	893	909
19	11	10	217	911	989
19	4	6	218	989	1003
20	10	1	219	0	28
20	8	10	220	37	67
20	7	11	221	86	126
20	4	1	222	207	217
20	9	9	223	235	282
20	11	13	224	282	337
20	6	11	225	353	377
20	9	1	226	525	600
20	14	11	227	769	821
21	9	1	228	384	457
21	13	7	229	523	596
21	5	3	230	640	724
21	7	9	231	724	754
21	3	6	232	789	823
21	14	11	233	888	901
21	0	8	234	901	925
21	0	14	235	925	973
22	14	1	236	78	133
22	3	13	237	133	200
22	5	3	238	248	286
22	7	9	239	286	298
22	5	3	240	343	354
22	1	13	241	412	434
22	2	4	242	434	476
22	10	3	243	478	542
22	13	10	244	653	739
22	10	5	245	759	782
22	0	7	246	817	894
22	12	2	247	917	954
23	4	5	248	0	61
23	12	2	249	75	153
23	1	10	250	163	178
23	1	10	251	199	234
23	6	8	252	249	289
23	7	10	253	308	349
23	11	6	254	365	395
23	6	13	255	441	537
23	13	7	256	596	646
23	7	9	257	698	723
23	6	13	258	766	852
23	7	9	259	909	992
24	8	10	260	0	37
24	1	9	261	69	145
24	11	6	262	145	173
24	0	2	263	194	235
24	13	10	264	235	308
24	8	10	265	492	578
24	2	0	266	581	636
24	1	5	267	641	718
24	9	12	268	769	831
24	9	2	269	831	917
24	0	13	270	973	1003


Solution History:
