This is the output of Heuristic Solver for Dual resource constrained flexible job shop Scheduling Problem.
Input file is: wfjsp6_8.txt
Method: TS_100000000_0.067290_5
Seed: 3
Number of Jobs: 12
Number of Operations: 77
Number of Machines: 5
Number of Operators: 5
CPU Time: 4.0395
obj: 793
Best found lower bound:0
Solver gap (best found lower bound and upper bound difference): Not known


Final Solution:
Job	Machine	Operator	Operation	Start Time	Finish Time
0	1	0	0	597	624
0	0	0	1	685	747
1	0	4	2	0	26
1	3	3	3	272	337
1	3	2	4	496	572
1	2	1	5	643	701
1	1	4	6	725	793
2	4	1	7	0	11
2	0	4	8	26	73
2	1	4	9	82	133
2	1	1	10	133	160
2	1	1	11	160	248
2	4	1	12	258	266
2	0	1	13	482	571
2	1	0	14	578	597
2	0	0	15	627	685
2	3	1	16	705	782
3	1	0	17	0	31
3	0	0	18	82	137
3	4	4	19	137	183
3	2	3	20	226	272
3	4	2	21	277	320
3	4	2	22	320	378
3	2	4	23	378	433
3	4	2	24	433	496
3	2	3	25	496	584
3	2	3	26	721	790
4	4	1	27	11	73
4	4	1	28	73	129
4	3	2	29	197	268
4	0	0	30	283	354
4	3	3	31	384	450
4	1	0	32	482	540
4	1	0	33	540	578
4	4	2	34	584	673
4	4	2	35	673	760
4	4	2	36	760	789
5	0	0	37	137	159
5	0	0	38	159	231
5	1	1	39	248	257
5	1	1	40	346	412
5	3	3	41	584	612
6	4	2	42	268	277
6	3	3	43	337	384
6	3	3	44	450	491
7	0	1	45	571	627
7	1	4	46	627	725
7	0	0	47	747	790
8	1	0	48	31	82
8	2	3	49	151	211
8	2	1	50	272	344
8	2	4	51	346	360
8	0	0	52	360	377
8	4	2	53	378	423
8	1	1	54	423	482
8	2	1	55	627	643
9	3	2	56	0	69
9	3	2	57	69	129
9	4	4	58	183	258
9	1	4	59	258	300
9	0	0	60	399	480
9	4	4	61	496	557
9	4	4	62	557	584
9	2	4	63	584	603
9	3	3	64	660	705
10	3	2	65	129	197
10	2	3	66	211	226
10	0	0	67	264	283
10	1	4	68	300	346
10	2	4	69	433	484
10	3	3	70	612	660
10	2	3	71	705	721
11	2	3	72	0	70
11	2	3	73	70	119
11	2	3	74	119	151
11	0	0	75	231	264
11	0	0	76	377	399


Solution History:
