This is the output of Heuristic Solver for Dual resource constrained flexible job shop Scheduling Problem.
Input file is: wfjsp11_8.txt
Method: TS_100000000_0.315263_5
Seed: 4
Number of Jobs: 20
Number of Operations: 197
Number of Machines: 10
Number of Operators: 10
CPU Time: 18.9282
obj: 1077
Best found lower bound:0
Solver gap (best found lower bound and upper bound difference): Not known


Final Solution:
Job	Machine	Operator	Operation	Start Time	Finish Time
0	6	9	0	0	26
0	1	1	1	26	88
0	0	6	2	184	210
0	1	7	3	395	458
0	7	2	4	606	679
0	1	7	5	694	757
0	9	9	6	817	883
0	5	3	7	974	986
1	6	9	8	88	141
1	3	5	9	199	250
1	6	3	10	518	545
1	4	5	11	617	705
1	5	1	12	762	770
1	3	5	13	773	870
1	1	7	14	970	989
2	9	0	15	0	56
2	9	0	16	56	133
2	7	2	17	156	182
2	7	4	18	244	306
2	9	1	19	352	398
2	4	8	20	398	439
2	8	9	21	504	541
2	6	0	22	586	641
2	9	0	23	713	768
2	3	9	24	997	1070
3	4	4	25	78	166
3	4	8	26	169	239
3	9	0	27	276	350
3	0	5	28	412	483
3	5	1	29	486	554
3	1	3	30	566	632
3	6	0	31	641	713
3	3	5	32	719	773
3	4	8	33	773	809
3	1	7	34	809	905
3	9	8	35	912	1021
3	7	2	36	1021	1047
3	2	3	37	1052	1076
4	5	1	38	285	352
4	6	0	39	357	367
4	7	2	40	382	453
4	4	8	41	500	531
4	7	3	42	694	703
4	5	4	43	718	762
4	4	9	44	898	936
4	9	8	45	1021	1066
5	8	8	46	74	169
5	8	8	47	239	276
5	6	9	48	315	357
5	9	1	49	424	485
5	5	1	50	554	632
5	2	6	51	668	679
5	7	7	52	679	694
5	8	6	53	916	961
5	5	3	54	986	1038
6	0	6	55	0	18
6	0	6	56	107	184
6	9	0	57	188	245
6	0	5	58	250	319
6	1	9	59	357	395
6	1	7	60	458	542
6	0	6	61	599	658
6	7	2	62	798	822
6	5	0	63	822	840
6	0	5	64	870	914
7	8	8	65	0	74
7	1	1	66	112	128
7	7	9	67	182	204
7	7	9	68	204	244
7	3	3	69	397	452
7	0	4	70	547	599
7	5	4	71	632	649
7	5	4	72	649	718
7	1	7	73	757	802
7	9	8	74	883	912
7	0	5	75	914	945
7	2	2	76	959	984
8	6	7	77	179	246
8	5	6	78	246	285
8	2	2	79	285	313
8	4	5	80	319	393
8	1	9	81	542	566
8	1	3	82	632	691
8	4	8	83	705	772
9	4	4	84	0	78
9	5	3	85	84	179
9	0	4	86	319	362
9	5	4	87	362	428
9	4	8	88	439	500
9	9	0	89	505	586
9	2	7	90	606	668
9	2	2	91	679	749
9	6	1	92	770	846
9	7	2	93	853	913
9	0	1	94	945	962
9	6	0	95	1013	1075
10	0	6	96	18	78
10	2	7	97	94	179
10	8	4	98	179	238
10	6	7	99	246	315
10	3	3	100	334	397
10	8	9	101	397	504
10	2	6	102	512	596
10	8	8	103	616	681
10	7	3	104	703	790
10	7	2	105	822	853
10	4	4	106	863	880
10	1	7	107	905	970
10	3	1	108	970	997
10	1	7	109	997	1016
10	8	7	110	1016	1070
11	7	2	111	31	100
11	2	2	112	203	245
11	2	2	113	313	375
11	5	4	114	428	486
11	3	5	115	518	617
11	2	2	116	749	798
11	6	0	117	846	924
11	2	2	118	984	996
12	7	2	119	100	156
12	2	2	120	187	203
12	2	6	121	375	445
12	7	2	122	522	594
12	9	9	123	594	628
12	0	6	124	679	761
12	0	6	125	761	804
12	4	4	126	809	863
12	2	6	127	872	916
12	2	2	128	916	932
12	7	2	129	932	959
12	7	4	130	959	1011
12	4	5	131	1013	1077
13	5	3	132	19	84
13	8	8	133	317	388
13	7	2	134	453	522
13	6	7	135	556	585
13	9	0	136	768	817
13	4	4	137	880	898
13	0	5	138	962	1003
14	7	2	139	0	31
14	6	9	140	31	88
14	0	6	141	88	107
14	6	9	142	141	177
14	5	3	143	179	243
14	9	0	144	245	276
14	8	8	145	276	317
14	7	7	146	317	382
14	6	0	147	391	448
14	3	3	148	452	518
14	6	7	149	545	556
14	3	1	150	632	719
14	2	1	151	850	872
14	5	1	152	872	939
14	0	4	153	1011	1062
15	1	7	154	0	14
15	3	5	155	32	108
15	1	1	156	187	198
15	4	9	157	244	297
15	6	0	158	448	505
15	8	9	159	756	817
15	6	0	160	924	1013
15	7	2	161	1047	1077
16	2	3	162	0	19
16	2	7	163	19	94
16	1	1	164	94	112
16	3	5	165	112	199
16	1	1	166	254	278
16	1	6	167	285	336
16	9	1	168	412	424
16	0	4	169	486	547
16	4	8	170	547	616
16	8	9	171	712	756
16	2	3	172	798	850
16	2	1	173	997	1052
17	1	1	174	198	254
17	2	6	175	445	512
17	7	7	176	594	606
17	3	3	177	870	942
17	4	6	178	961	1013
18	9	0	179	133	188
18	3	3	180	250	334
18	0	1	181	398	412
18	6	1	182	719	749
18	0	6	183	804	835
18	8	9	184	961	994
19	3	5	185	0	32
19	1	1	186	128	177
19	2	1	187	179	187
19	0	6	188	210	246
19	2	2	189	246	279
19	0	0	190	367	391
19	9	9	191	628	712
19	5	4	192	770	803
19	8	8	193	817	842
19	8	8	194	842	883
19	5	3	195	942	974
19	1	6	196	1016	1068


Solution History:
