This is the output of Heuristic Solver for Dual resource constrained flexible job shop Scheduling Problem.
Input file is: wfjsp10_8.txt
Method: TS_100000000_0.358212_5
Seed: 5
Number of Jobs: 20
Number of Operations: 151
Number of Machines: 10
Number of Operators: 10
CPU Time: 21.4984
obj: 849
Best found lower bound:0
Solver gap (best found lower bound and upper bound difference): Not known


Final Solution:
Job	Machine	Operator	Operation	Start Time	Finish Time
0	6	3	0	0	33
0	5	1	1	84	151
0	0	5	2	394	423
0	9	1	3	447	512
0	3	6	4	547	615
1	2	1	5	0	58
1	6	0	6	163	219
1	9	8	7	297	307
1	1	1	8	324	375
1	6	0	9	447	505
1	9	1	10	512	540
1	4	9	11	542	625
1	6	1	12	725	733
2	4	4	13	0	90
2	8	6	14	152	170
2	1	6	15	268	322
2	0	5	16	488	558
2	9	0	17	626	658
2	9	0	18	658	713
2	0	5	19	721	765
3	9	8	20	57	99
3	1	6	21	99	141
3	7	3	22	141	199
3	4	5	23	199	261
3	4	5	24	261	324
3	3	9	25	325	408
3	2	2	26	414	483
3	7	2	27	483	545
3	9	8	28	545	610
3	8	4	29	610	686
4	0	5	30	0	67
4	4	5	31	134	199
4	1	7	32	205	268
4	6	9	33	268	307
4	2	2	34	324	414
4	9	9	35	713	795
4	4	8	36	803	834
5	6	3	37	33	60
5	8	9	38	75	152
5	0	1	39	314	324
5	6	7	40	374	441
5	8	6	41	456	485
5	4	8	42	688	699
5	4	8	43	699	743
5	9	9	44	795	832
6	0	4	45	90	139
6	8	4	46	232	321
6	4	8	47	467	505
6	6	0	48	505	559
6	7	2	49	638	695
6	1	3	50	746	821
7	6	0	51	60	73
7	9	8	52	280	297
7	3	9	53	408	449
7	5	1	54	547	606
7	5	1	55	606	621
7	6	1	56	764	831
8	9	0	57	0	57
8	7	7	58	67	136
8	9	8	59	136	173
8	2	2	60	173	257
8	9	8	61	307	371
8	5	3	62	449	476
8	4	8	63	626	643
8	1	9	64	643	686
9	2	2	65	67	132
9	8	4	66	217	232
9	6	9	67	307	325
9	8	6	68	325	372
9	5	1	69	375	433
9	2	3	70	483	531
9	9	8	71	610	626
9	0	5	72	652	721
9	7	7	73	721	766
10	1	7	74	0	30
10	6	0	75	73	103
10	0	4	76	139	163
10	7	3	77	199	262
10	6	7	78	333	374
10	0	5	79	624	652
10	3	6	80	773	847
11	1	7	81	30	57
11	3	3	82	76	135
11	5	1	83	151	214
11	0	0	84	219	297
11	7	3	85	333	420
11	6	7	86	634	672
11	5	0	87	725	795
11	5	0	88	795	849
12	5	1	89	238	313
12	5	0	90	314	369
12	9	0	91	371	447
12	3	9	92	449	529
12	0	5	93	558	624
12	6	7	94	672	696
12	3	6	95	702	773
12	7	2	96	773	831
13	5	6	97	0	84
13	1	7	98	141	205
13	4	4	99	324	379
13	1	6	100	379	456
13	1	7	101	473	566
13	5	1	102	621	725
13	0	5	103	778	849
14	3	9	104	152	234
14	6	9	105	234	266
14	0	0	106	297	314
14	0	5	107	324	394
14	7	3	108	420	449
14	7	7	109	449	473
14	8	4	110	485	540
14	2	2	111	695	759
15	9	8	112	236	280
15	8	8	113	372	443
15	5	6	114	485	547
15	7	2	115	547	638
15	4	8	116	643	688
15	8	4	117	688	766
15	0	5	118	766	778
15	8	4	119	778	834
15	6	1	120	834	849
16	8	9	121	0	75
16	6	0	122	103	163
16	3	3	123	262	295
16	4	4	124	379	467
16	2	3	125	531	577
16	2	3	126	577	627
17	7	2	127	0	48
17	3	3	128	60	76
17	9	8	129	99	128
17	9	8	130	173	236
17	7	7	131	268	333
17	0	5	132	423	488
17	1	7	133	566	634
17	3	3	134	634	702
17	1	3	135	714	746
17	4	8	136	746	803
18	7	2	137	48	67
18	4	5	138	90	134
18	2	2	139	134	163
18	0	4	140	163	214
18	5	6	141	217	238
18	4	8	142	505	542
18	6	0	143	559	617
18	6	1	144	733	764
19	8	6	145	170	217
19	2	2	146	257	324
19	8	4	147	540	602
19	2	6	148	627	694
19	6	3	149	702	714
19	2	7	150	766	848


Solution History:
