This is the output of Heuristic Solver for Dual resource constrained flexible job shop Scheduling Problem.
Input file is: wfjsp24_2.txt
Method: TS_100000000_0.608317_5
Seed: 4
Number of Jobs: 40
Number of Operations: 288
Number of Machines: 15
Number of Operators: 12
CPU Time: 36.5268
obj: 1234
Best found lower bound:0
Solver gap (best found lower bound and upper bound difference): Not known


Final Solution:
Job	Machine	Operator	Operation	Start Time	Finish Time
0	4	5	0	263	336
0	4	11	1	336	413
0	5	6	2	606	626
0	14	9	3	802	840
0	10	5	4	1057	1072
1	4	2	5	130	155
1	8	9	6	160	229
1	8	5	7	230	240
1	12	7	8	241	313
1	1	4	9	423	461
1	14	11	10	503	551
1	8	8	11	702	718
1	1	0	12	854	923
1	5	4	13	1010	1076
2	5	0	14	129	187
2	0	4	15	216	281
2	1	4	16	281	310
2	13	7	17	313	354
2	3	6	18	354	372
2	10	0	19	398	455
2	9	7	20	458	534
2	13	9	21	534	615
2	6	4	22	655	715
2	6	10	23	1124	1185
3	12	4	24	0	59
3	11	7	25	151	168
3	14	2	26	344	355
3	5	7	27	355	458
3	10	6	28	508	535
3	9	10	29	638	718
3	7	1	30	839	926
3	14	2	31	987	1010
3	4	10	32	1046	1124
4	3	9	33	229	308
4	2	0	34	344	398
4	10	3	35	479	508
4	9	6	36	549	605
4	3	6	37	702	739
4	9	3	38	813	885
4	13	9	39	920	1000
4	2	0	40	1041	1060
4	2	0	41	1060	1074
4	12	0	42	1200	1225
5	11	2	43	0	17
5	11	8	44	60	101
5	7	5	45	160	230
5	13	10	46	445	486
5	7	5	47	615	700
5	12	7	48	752	835
6	10	3	49	57	121
6	10	11	50	263	290
6	11	3	51	299	359
6	4	2	52	413	450
6	3	11	53	551	578
6	13	9	54	840	881
6	8	6	55	902	958
6	0	11	56	1008	1029
6	3	8	57	1051	1121
7	6	10	58	16	74
7	13	10	59	157	171
7	3	11	60	308	335
7	2	0	61	479	530
7	11	10	62	547	626
7	7	10	63	926	980
7	0	2	64	1160	1234
8	5	1	65	58	110
8	3	8	66	152	172
8	14	8	67	551	630
8	4	2	68	718	733
8	11	10	69	800	887
8	9	0	70	923	937
8	10	1	71	963	1017
8	12	11	72	1091	1146
8	6	8	73	1185	1232
9	8	1	74	0	58
9	1	4	75	340	423
9	1	8	76	489	550
9	0	2	77	550	604
9	2	3	78	608	689
9	4	11	79	691	706
9	1	8	80	718	775
9	1	7	81	1046	1091
9	9	3	82	1091	1145
9	13	5	83	1184	1198
10	11	8	84	211	290
10	14	9	85	308	332
10	5	7	86	695	717
10	4	5	87	839	873
10	10	5	88	1025	1057
10	5	4	89	1076	1159
10	4	7	90	1159	1228
11	9	6	91	105	178
11	9	6	92	178	244
11	14	6	93	244	253
11	0	11	94	413	435
11	10	0	95	692	772
11	12	8	96	844	909
11	4	2	97	931	987
11	6	6	98	1004	1090
11	9	3	99	1145	1232
12	10	3	100	38	57
12	13	2	101	236	301
12	6	10	102	308	361
12	12	9	103	395	447
12	7	3	104	508	581
12	10	0	105	612	692
12	13	9	106	881	920
12	9	6	107	958	1004
12	11	11	108	1146	1223
13	2	1	109	110	180
13	4	11	110	216	263
13	2	2	111	314	344
13	9	3	112	359	403
13	14	11	113	445	503
13	9	9	114	736	802
13	5	6	115	818	831
14	14	9	116	0	15
14	0	2	117	17	39
14	10	1	118	311	394
14	8	1	119	569	654
14	11	11	120	706	742
14	8	11	121	844	902
14	7	1	122	1082	1131
15	10	3	123	0	26
15	11	8	124	26	60
15	0	4	125	60	79
15	6	3	126	121	132
15	8	5	127	240	262
15	0	2	128	485	500
15	9	10	129	626	638
15	6	5	130	873	946
15	9	0	131	1015	1023
16	9	6	132	27	61
16	14	2	133	72	127
16	0	11	134	169	216
16	5	0	135	258	311
16	1	4	136	311	340
16	7	5	137	581	615
16	7	1	138	1017	1082
17	12	3	139	145	229
17	6	10	140	258	308
17	7	9	141	332	395
17	11	10	142	486	547
17	4	11	143	800	839
17	11	10	144	980	1045
18	7	0	145	30	62
18	9	6	146	62	105
18	2	3	147	233	299
18	4	2	148	450	485
18	3	11	149	578	629
18	8	7	150	718	752
18	6	4	151	788	836
18	5	5	152	946	1010
18	2	9	153	1116	1193
19	5	3	154	26	38
19	9	6	155	253	337
19	12	3	156	689	740
19	0	2	157	740	807
19	8	8	158	807	844
19	8	11	159	958	1008
20	5	11	160	0	22
20	3	11	161	22	80
20	1	7	162	214	241
20	5	0	163	311	334
20	13	2	164	355	412
20	12	9	165	447	534
20	4	7	166	992	1046
20	0	6	167	1090	1160
21	6	10	168	0	16
21	13	9	169	84	113
21	14	2	170	155	236
21	0	8	171	329	402
21	12	11	172	629	687
21	10	7	173	835	900
22	8	5	174	83	160
22	0	8	175	319	329
22	5	4	176	461	539
22	1	0	177	592	612
22	0	6	178	831	900
22	14	2	179	1010	1091
22	8	7	180	1091	1159
22	14	6	181	1201	1229
23	4	11	182	83	130
23	6	0	183	187	258
23	13	7	184	615	695
23	7	5	185	700	771
23	7	1	186	791	839
23	10	5	187	1072	1101
24	11	8	188	101	138
24	6	8	189	419	489
24	3	6	190	739	818
24	14	2	191	887	931
24	0	8	192	962	1007
25	1	4	193	145	214
25	6	8	194	402	419
25	7	6	195	456	497
25	5	4	196	539	606
25	6	4	197	606	655
25	5	1	198	721	791
25	2	7	199	900	992
25	5	4	200	1159	1232
26	13	7	201	0	84
26	0	8	202	290	319
26	0	1	203	654	721
26	6	4	204	731	788
26	8	8	205	788	805
26	12	10	206	1185	1200
26	10	5	207	1201	1231
27	10	10	208	171	255
27	8	5	209	418	494
27	4	6	210	626	691
27	14	10	211	718	798
27	12	3	212	1015	1086
28	7	8	213	0	18
28	14	9	214	18	71
28	13	10	215	115	157
28	11	1	216	394	410
28	11	1	217	410	485
28	13	5	218	1010	1025
28	2	0	219	1074	1093
29	2	0	220	0	30
29	7	9	221	115	155
29	8	11	222	290	302
29	3	6	223	397	441
29	1	0	224	1127	1196
30	6	6	225	372	397
30	2	3	226	403	479
30	0	2	227	500	549
30	3	8	228	630	702
30	13	5	229	771	837
30	5	4	230	837	921
30	12	8	231	1153	1180
31	1	6	232	0	27
31	12	3	233	132	145
31	0	2	234	604	627
31	0	8	235	909	962
31	14	2	236	1091	1144
32	3	4	237	80	145
32	11	8	238	172	211
32	2	2	239	301	314
32	10	6	240	535	549
32	10	3	241	581	608
32	2	9	242	692	736
32	10	11	243	902	958
33	8	5	244	336	418
33	10	0	245	455	477
33	2	7	246	534	607
33	1	9	247	615	651
33	3	3	248	885	941
33	12	0	249	941	1015
33	13	0	250	1025	1039
33	1	0	251	1093	1127
33	10	6	252	1160	1201
34	7	10	253	74	115
34	10	11	254	130	169
34	6	5	255	494	578
34	8	8	256	1008	1051
34	7	8	257	1131	1153
35	4	5	258	0	83
35	14	10	259	361	445
35	1	9	260	651	692
35	2	3	261	740	813
35	11	10	262	887	921
35	2	9	263	1000	1041
35	11	9	264	1045	1116
35	3	1	265	1131	1229
36	2	1	266	180	233
36	1	0	267	775	854
36	9	11	268	1029	1091
36	13	5	269	1101	1184
36	7	9	270	1193	1228
37	2	2	271	39	72
37	0	7	272	84	151
37	14	2	273	630	718
37	6	4	274	718	731
37	11	11	275	742	800
37	1	4	276	923	1001
38	12	0	277	62	129
38	6	8	278	138	152
38	4	7	279	168	204
38	12	0	280	534	592
38	3	3	281	941	1008
38	2	10	282	1200	1224
39	7	1	283	233	311
39	0	6	284	441	456
39	4	1	285	485	569
39	2	2	286	813	887
39	11	1	287	926	963


Solution History:
