This is the output of Heuristic Solver for Dual resource constrained flexible job shop Scheduling Problem.
Input file is: wfjsp14_9.txt
Method: TS_100000000_0.194560_5
Seed: 2
Number of Jobs: 30
Number of Operations: 219
Number of Machines: 15
Number of Operators: 15
CPU Time: 11.6914
obj: 828
Best found lower bound:0
Solver gap (best found lower bound and upper bound difference): Not known


Final Solution:
Job	Machine	Operator	Operation	Start Time	Finish Time
0	6	0	0	135	215
0	12	2	1	421	460
0	1	8	2	582	654
0	14	5	3	680	735
0	8	7	4	789	815
1	13	2	5	37	111
1	3	10	6	125	185
1	8	3	7	209	226
1	4	0	8	240	297
1	2	8	9	332	393
1	12	2	10	460	544
1	12	14	11	553	638
1	13	13	12	638	715
2	7	2	13	0	36
2	2	8	14	76	100
2	14	6	15	100	154
2	2	4	16	193	207
2	11	10	17	596	679
2	10	7	18	680	703
2	13	5	19	739	764
2	12	14	20	773	812
3	5	12	21	8	63
3	6	14	22	69	82
3	5	1	23	135	157
3	1	2	24	182	204
3	2	3	25	226	286
3	7	12	26	297	356
4	9	3	27	0	108
4	11	5	28	142	227
4	13	2	29	243	319
4	1	8	30	446	501
4	10	5	31	624	680
5	6	14	32	0	69
5	14	4	33	266	353
5	7	8	34	404	416
5	4	3	35	482	570
5	2	4	36	680	715
5	13	13	37	715	739
5	4	1	38	739	750
5	9	2	39	770	828
6	12	2	40	111	168
6	9	1	41	228	303
6	10	5	42	303	328
6	11	6	43	328	346
6	6	2	44	354	376
6	8	2	45	376	421
6	8	5	46	421	470
6	9	3	47	570	633
6	3	12	48	698	746
6	0	12	49	780	802
7	10	9	50	0	84
7	4	12	51	84	114
7	4	9	52	142	203
7	9	11	53	425	453
7	3	0	54	564	589
7	9	12	55	633	698
7	0	2	56	699	770
7	7	8	57	771	786
7	7	8	58	786	815
8	12	7	59	0	99
8	10	7	60	125	179
8	4	13	61	203	240
8	12	14	62	240	326
8	14	6	63	353	408
8	14	6	64	408	465
8	3	10	65	468	551
8	0	9	66	637	651
9	14	12	67	0	8
9	13	13	68	8	37
9	8	7	69	233	307
9	9	3	70	356	383
9	0	9	71	651	686
10	9	14	72	108	147
10	13	14	73	148	218
10	3	10	74	267	353
10	6	10	75	376	427
10	2	7	76	482	514
10	7	11	77	546	628
10	12	14	78	638	684
10	11	10	79	684	739
10	4	12	80	750	780
10	13	5	81	780	818
11	10	10	82	88	125
11	11	6	83	465	479
11	2	9	84	577	634
11	1	8	85	654	694
11	10	7	86	703	789
12	14	13	87	42	99
12	6	11	88	99	121
12	13	11	89	121	140
12	10	5	90	328	410
12	6	0	91	463	510
12	14	13	92	739	825
13	1	10	93	0	88
13	7	8	94	100	148
13	11	5	95	227	239
13	11	13	96	240	277
13	6	11	97	294	352
13	9	14	98	468	553
13	5	0	99	681	760
14	3	6	100	0	30
14	11	9	101	84	142
14	2	4	102	148	193
14	1	1	103	350	369
14	0	12	104	369	463
14	6	12	105	564	623
14	3	9	106	764	820
15	0	4	107	0	81
15	2	1	108	111	122
15	7	11	109	148	209
15	0	9	110	216	269
15	5	6	111	291	306
15	1	1	112	369	446
15	8	5	113	470	560
16	10	11	114	209	238
16	12	2	115	326	354
16	13	4	116	413	477
16	1	9	117	510	568
16	13	5	118	568	624
16	3	0	119	624	659
16	6	0	120	659	681
16	6	11	121	681	742
16	1	3	122	769	826
17	7	11	123	36	99
17	0	12	124	137	216
17	10	5	125	239	301
17	2	1	126	303	328
17	7	4	127	356	400
17	0	1	128	463	481
17	5	8	129	510	582
17	4	7	130	582	658
17	8	6	131	679	770
17	5	6	132	770	826
18	2	0	133	0	55
18	8	5	134	56	90
18	8	5	135	90	119
18	4	12	136	119	134
18	12	7	137	179	233
18	5	6	138	233	291
18	11	0	139	440	463
18	8	6	140	560	616
18	6	11	141	742	825
19	3	6	142	30	100
19	9	8	143	148	194
19	0	9	144	269	343
19	5	9	145	425	510
19	11	10	146	551	596
19	4	0	147	780	815
20	11	11	148	0	32
20	5	1	149	157	228
20	7	12	150	243	297
20	5	0	151	306	364
20	7	8	152	416	441
20	4	7	153	456	467
20	13	11	154	477	546
20	2	7	155	546	577
20	12	14	156	684	773
20	10	10	157	789	814
21	14	5	158	8	42
21	11	5	159	42	53
21	3	10	160	185	267
21	4	3	161	297	356
21	5	11	162	364	425
21	10	10	163	446	459
21	0	13	164	568	637
21	7	8	165	699	771
21	2	4	166	772	828
22	8	3	167	119	209
22	11	0	168	364	440
22	7	13	169	456	539
22	7	2	170	628	699
22	9	3	171	713	769
22	11	1	172	769	824
23	4	1	173	0	67
23	7	2	174	209	243
23	12	7	175	354	412
23	3	0	176	589	620
23	2	4	177	715	772
24	8	8	178	0	56
24	5	8	179	63	76
24	0	4	180	81	137
24	1	8	181	204	274
24	9	1	182	332	350
24	4	13	183	356	456
24	14	12	184	465	550
24	13	13	185	550	560
24	10	2	186	560	624
24	8	6	187	624	679
25	5	0	188	76	135
25	13	4	189	140	148
25	14	6	190	154	214
25	6	12	191	216	238
25	8	7	192	323	343
25	10	7	193	412	441
25	11	6	194	479	535
26	9	8	195	303	332
26	2	3	196	393	482
26	2	7	197	514	543
26	14	4	198	568	635
26	14	4	199	635	680
27	1	13	200	277	293
27	3	9	201	353	409
27	3	14	202	413	468
27	10	1	203	481	560
27	5	1	204	582	673
27	1	9	205	694	764
28	1	13	206	111	182
28	14	4	207	214	266
28	1	13	208	293	347
28	9	8	209	393	404
28	0	4	210	481	568
28	2	3	211	634	659
28	4	3	212	659	713
29	1	1	213	88	111
29	6	11	214	238	294
29	8	6	215	307	323
29	13	14	216	326	413
29	6	10	217	427	446
29	6	0	218	510	564


Solution History:
