This is the output of Heuristic Solver for Dual resource constrained flexible job shop Scheduling Problem.
Input file is: wfjsp9_9.txt
Method: TS_100000000_0.295138_5
Seed: 2
Number of Jobs: 15
Number of Operations: 131
Number of Machines: 5
Number of Operators: 5
CPU Time: 17.7149
obj: 1317
Best found lower bound:0
Solver gap (best found lower bound and upper bound difference): Not known


Final Solution:
Job	Machine	Operator	Operation	Start Time	Finish Time
0	3	1	0	0	80
0	4	0	1	135	182
0	2	1	2	182	243
0	1	1	3	633	690
0	0	3	4	711	740
0	2	1	5	807	885
0	0	3	6	1108	1168
0	3	3	7	1183	1200
1	3	1	8	267	324
1	2	2	9	364	425
1	2	2	10	556	648
1	4	0	11	737	815
1	1	2	12	888	972
1	4	0	13	1019	1055
1	0	1	14	1071	1089
1	4	0	15	1117	1173
2	2	3	16	29	46
2	1	4	17	221	304
2	3	3	18	324	349
2	1	2	19	752	774
2	1	2	20	774	804
2	2	3	21	885	924
2	4	0	22	925	939
2	4	0	23	1295	1317
3	0	1	24	324	343
3	0	1	25	343	400
3	2	2	26	452	506
3	3	1	27	536	613
3	3	4	28	755	840
3	1	2	29	972	1069
3	1	2	30	1069	1130
3	2	1	31	1141	1200
3	2	3	32	1200	1256
4	1	2	33	86	152
4	2	1	34	157	170
4	4	0	35	255	330
4	0	1	36	400	437
4	2	2	37	506	528
4	1	4	38	531	546
4	3	4	39	633	694
4	4	0	40	1237	1295
5	4	0	41	60	135
5	3	1	42	243	267
5	0	1	43	437	456
5	3	1	44	613	633
5	0	1	45	941	981
5	2	1	46	1097	1141
5	4	0	47	1173	1237
5	3	1	48	1258	1311
6	2	2	49	0	22
6	2	3	50	46	135
6	3	4	51	145	173
6	1	4	52	304	365
6	1	4	53	365	399
6	0	1	54	456	482
6	4	0	55	517	581
6	0	3	56	640	711
6	1	2	57	874	888
6	1	4	58	1261	1293
7	4	0	59	182	255
7	4	0	60	330	383
7	1	4	61	399	441
7	4	0	62	581	679
7	0	1	63	885	941
7	3	4	64	962	1019
7	4	0	65	1055	1117
7	1	2	66	1130	1141
7	3	3	67	1175	1183
8	0	3	68	0	29
8	3	1	69	80	141
8	2	2	70	253	277
8	3	3	71	349	378
8	2	2	72	425	452
8	2	2	73	676	749
8	0	4	74	1175	1261
8	2	2	75	1261	1315
9	1	4	76	0	28
9	0	4	77	66	145
9	0	3	78	145	195
9	4	0	79	463	517
9	2	2	80	528	556
9	3	4	81	713	755
9	3	4	82	864	899
9	1	4	83	1293	1310
10	1	2	84	28	86
10	0	3	85	195	231
10	2	2	86	277	364
10	0	3	87	482	537
10	0	3	88	537	554
10	3	4	89	694	713
10	4	0	90	815	889
10	4	0	91	889	925
10	2	3	92	925	1014
10	2	3	93	1014	1097
11	3	4	94	173	216
11	2	2	95	243	253
11	3	3	96	378	412
11	2	1	97	752	807
11	0	3	98	812	879
11	3	4	99	1019	1106
11	1	2	100	1141	1169
11	3	1	101	1200	1258
12	0	4	102	29	66
12	0	3	103	231	253
12	4	0	104	383	463
12	3	1	105	482	536
12	0	3	106	579	640
12	1	2	107	804	874
12	0	3	108	1097	1108
12	1	2	109	1169	1230
12	0	3	110	1261	1317
13	2	1	111	141	157
13	0	3	112	253	322
13	1	4	113	441	531
13	0	3	114	554	579
13	2	2	115	648	676
13	1	1	116	690	752
13	3	4	117	899	962
13	0	1	118	981	1036
13	0	1	119	1036	1071
13	1	2	120	1230	1255
14	4	0	121	0	60
14	1	2	122	152	221
14	3	3	123	412	482
14	1	4	124	546	621
14	4	0	125	679	737
14	0	3	126	740	765
14	0	3	127	765	812
14	3	4	128	840	864
14	4	0	129	939	1019
14	3	4	130	1106	1175


Solution History:
