This is the output of Heuristic Solver for Dual resource constrained flexible job shop Scheduling Problem.
Input file is: wfjsp7_9.txt
Method: TS_100000000_0.178570_5
Seed: 4
Number of Jobs: 12
Number of Operations: 87
Number of Machines: 5
Number of Operators: 5
CPU Time: 10.7169
obj: 869
Best found lower bound:0
Solver gap (best found lower bound and upper bound difference): Not known


Final Solution:
Job	Machine	Operator	Operation	Start Time	Finish Time
0	3	1	0	269	349
0	2	3	1	626	665
0	3	3	2	680	749
0	1	4	3	751	807
0	3	1	4	839	865
1	1	4	5	0	88
1	4	0	6	103	166
1	3	1	7	185	204
1	2	1	8	394	449
1	2	1	9	449	507
1	0	1	10	574	676
1	4	0	11	693	771
1	0	3	12	802	869
2	4	0	13	9	45
2	3	1	14	77	98
2	2	3	15	100	156
2	2	3	16	156	173
2	0	4	17	241	329
2	3	1	18	349	371
2	1	1	19	732	751
2	0	1	20	751	789
3	2	3	21	173	212
3	1	1	22	373	387
3	4	0	23	491	513
3	2	3	24	601	626
3	0	4	25	680	740
3	4	0	26	815	869
4	3	1	27	0	77
4	3	4	28	401	486
4	3	4	29	486	570
4	2	1	30	676	732
4	2	2	31	794	856
5	0	3	32	34	92
5	1	2	33	206	272
5	1	2	34	430	443
5	2	3	35	518	601
5	2	2	36	732	761
5	2	2	37	761	783
5	2	2	38	783	794
5	1	4	39	807	865
6	4	0	40	45	103
6	1	2	41	115	206
6	3	1	42	206	230
6	3	1	43	230	249
6	3	1	44	249	269
6	4	0	45	336	374
6	4	0	46	374	427
6	4	0	47	427	491
6	1	2	48	562	611
6	3	4	49	631	653
7	4	0	50	239	336
7	3	4	51	373	401
7	1	2	52	443	504
7	1	2	53	504	533
7	1	2	54	533	562
7	4	0	55	567	631
7	1	2	56	639	727
7	3	1	57	789	803
7	3	1	58	803	839
8	4	0	59	166	239
8	1	4	60	329	373
8	1	2	61	394	430
8	0	3	62	447	518
8	0	1	63	518	574
8	3	4	64	574	631
8	4	0	65	631	693
8	0	3	66	789	802
9	4	0	67	0	9
9	3	1	68	98	124
9	3	1	69	124	185
9	3	4	70	653	680
9	3	3	71	749	778
10	2	2	72	0	27
10	2	2	73	27	100
10	0	4	74	100	186
10	2	3	75	212	266
10	1	2	76	272	305
10	0	3	77	329	397
10	0	3	78	397	447
10	4	0	79	513	567
10	1	2	80	611	639
10	4	0	81	771	815
11	0	3	82	0	34
11	1	2	83	100	115
11	0	4	84	186	241
11	2	3	85	266	307
11	2	2	86	307	394


Solution History:
