This is the output of Heuristic Solver for Dual resource constrained flexible job shop Scheduling Problem.
Input file is: wfjsp15_7.txt
Method: TS_100000000_1.014953_5
Seed: 1
Number of Jobs: 30
Number of Operations: 386
Number of Machines: 15
Number of Operators: 15
CPU Time: 60.9393
obj: 1380
Best found lower bound:0
Solver gap (best found lower bound and upper bound difference): Not known


Final Solution:
Job	Machine	Operator	Operation	Start Time	Finish Time
0	8	7	0	55	130
0	8	7	1	130	145
0	0	5	2	259	300
0	2	0	3	354	449
0	10	4	4	469	487
0	3	2	5	487	528
0	8	12	6	528	561
0	14	0	7	597	638
0	0	6	8	650	663
0	2	4	9	687	727
0	10	8	10	904	997
0	9	1	11	1046	1110
0	7	8	12	1224	1302
1	14	2	13	68	124
1	12	10	14	178	221
1	3	6	15	261	279
1	14	8	16	334	407
1	8	12	17	416	481
1	13	1	18	499	578
1	14	0	19	638	718
1	14	1	20	718	786
1	11	1	21	808	836
1	4	2	22	851	862
1	8	7	23	960	1033
1	0	1	24	1033	1046
1	0	5	25	1046	1108
1	6	14	26	1166	1180
1	4	10	27	1295	1376
2	10	3	28	0	47
2	5	1	29	160	188
2	9	13	30	198	264
2	1	3	31	362	435
2	12	11	32	478	544
2	7	9	33	559	571
2	2	14	34	571	662
2	10	8	35	662	734
2	9	7	36	754	777
2	3	10	37	810	834
2	8	12	38	892	928
2	1	2	39	950	1027
2	3	10	40	1126	1193
2	6	14	41	1193	1287
2	8	11	42	1295	1380
3	13	9	43	0	34
3	7	9	44	92	114
3	5	1	45	118	160
3	2	4	46	168	248
3	6	13	47	294	360
3	9	7	48	461	524
3	10	7	49	524	586
3	10	7	50	734	754
3	4	3	51	1102	1138
3	4	9	52	1224	1295
4	8	14	53	9	36
4	8	1	54	39	50
4	2	10	55	125	168
4	9	0	56	264	326
4	6	13	57	396	440
4	13	6	58	463	499
4	7	9	59	499	520
4	4	10	60	520	543
4	4	2	61	611	644
4	12	5	62	652	705
4	8	11	63	718	787
4	14	14	64	892	982
4	5	2	65	1082	1144
4	1	2	66	1144	1220
4	11	5	67	1289	1369
5	14	12	68	0	68
5	14	12	69	131	200
5	3	6	70	279	299
5	13	6	71	379	431
5	11	5	72	532	593
5	9	12	73	593	672
5	1	3	74	676	723
5	1	12	75	756	777
5	5	12	76	957	994
5	7	9	77	1143	1224
5	6	4	78	1300	1340
6	3	6	79	0	36
6	3	6	80	36	116
6	3	6	81	116	130
6	10	6	82	181	198
6	1	3	83	228	276
6	1	3	84	276	296
6	0	5	85	300	330
6	3	10	86	370	435
6	4	14	87	456	517
6	11	10	88	623	666
6	6	3	89	971	982
6	5	14	90	994	1082
6	5	12	91	1144	1171
6	6	8	92	1341	1372
7	4	10	93	0	20
7	4	11	94	20	49
7	11	5	95	61	146
7	10	6	96	169	181
7	7	9	97	198	249
7	8	8	98	318	334
7	7	9	99	334	395
7	10	4	100	586	659
7	2	4	101	662	687
7	10	4	102	758	836
7	13	1	103	913	968
7	6	3	104	982	1012
7	14	12	105	1306	1371
8	5	14	106	58	118
8	6	13	107	264	294
8	1	3	108	296	362
8	0	5	109	362	392
8	10	4	110	392	429
8	4	6	111	431	445
8	6	13	112	445	475
8	14	0	113	475	513
8	1	3	114	517	590
8	5	14	115	663	718
8	2	1	116	843	909
8	7	13	117	961	974
8	1	2	118	1311	1365
9	6	13	119	124	169
9	1	3	120	191	228
9	14	12	121	243	333
9	5	14	122	405	456
9	6	1	123	578	661
9	9	7	124	802	883
9	3	10	125	979	1065
9	8	12	126	1171	1202
9	2	10	127	1221	1257
9	13	3	128	1324	1341
10	13	9	129	34	64
10	10	4	130	64	100
10	13	3	131	100	115
10	10	0	132	200	256
10	11	7	133	307	384
10	0	8	134	407	416
10	10	4	135	429	469
10	5	8	136	515	586
10	4	6	137	723	783
10	14	7	138	1229	1306
11	12	11	139	55	67
11	0	9	140	114	149
11	0	11	141	178	235
11	11	7	142	259	307
11	8	12	143	334	405
11	14	2	144	407	475
11	11	10	145	666	724
11	6	4	146	727	758
11	4	2	147	862	947
11	2	8	148	1022	1109
11	8	0	149	1126	1162
11	11	5	150	1168	1245
11	13	3	151	1253	1324
11	10	8	152	1324	1341
11	13	4	153	1341	1373
12	12	5	154	0	31
12	0	9	155	64	92
12	12	11	156	110	178
12	2	4	157	248	289
12	12	10	158	544	623
12	5	7	159	627	663
12	0	6	160	663	723
12	5	13	161	800	883
12	5	13	162	883	957
12	6	13	163	1023	1094
12	0	11	164	1143	1237
12	5	13	165	1239	1266
12	10	6	166	1266	1298
12	3	2	167	1302	1311
12	12	7	168	1311	1376
13	13	8	169	115	199
13	8	11	170	237	256
13	8	11	171	256	293
13	8	11	172	293	308
13	9	0	173	326	354
13	3	3	174	435	476
13	13	7	175	663	715
13	13	12	176	715	743
13	2	8	177	743	763
13	12	5	178	778	811
13	12	5	179	811	882
13	4	6	180	1040	1061
13	8	14	181	1082	1095
13	2	1	182	1119	1164
13	2	14	183	1287	1380
14	12	7	184	31	55
14	1	12	185	68	131
14	6	8	186	199	251
14	11	5	187	251	259
14	13	6	188	299	379
14	12	5	189	392	461
14	2	0	190	782	843
14	6	4	191	843	923
14	14	12	192	994	1024
14	6	13	193	1094	1165
15	0	0	194	0	56
15	3	9	195	149	190
15	14	12	196	200	243
15	11	7	197	384	458
15	5	8	198	458	515
15	6	8	199	818	830
15	1	10	200	867	950
15	11	5	201	966	1010
15	8	0	202	1039	1061
15	3	0	203	1065	1126
15	9	13	204	1166	1235
15	0	5	205	1245	1280
15	9	1	206	1295	1377
16	7	1	207	0	39
16	10	3	208	47	59
16	12	11	209	67	110
16	11	5	210	225	234
16	0	5	211	235	251
16	10	8	212	256	318
16	8	12	213	561	590
16	9	13	214	674	745
16	6	13	215	758	800
16	14	12	216	1104	1135
16	14	7	217	1135	1153
17	4	0	218	56	139
17	8	7	219	145	224
17	11	5	220	461	532
17	3	2	221	532	611
17	3	13	222	611	674
17	7	2	223	756	835
17	7	8	224	835	882
17	12	6	225	904	956
17	9	11	226	961	1030
17	11	12	227	1030	1104
17	10	6	228	1108	1181
17	2	1	229	1181	1221
17	3	2	230	1221	1302
17	7	9	231	1302	1379
18	4	11	232	308	410
18	0	6	233	499	576
18	4	11	234	644	718
18	7	9	235	736	756
18	8	12	236	787	854
18	11	5	237	882	966
18	2	4	238	971	1022
18	10	4	239	1022	1108
18	2	10	240	1109	1119
18	10	0	241	1181	1209
18	10	6	242	1216	1230
18	10	0	243	1230	1258
18	5	13	244	1298	1365
19	7	2	245	124	198
19	7	9	246	249	321
19	10	2	247	345	384
19	6	13	248	475	513
19	5	7	249	586	627
19	11	10	250	724	808
19	1	3	251	818	867
19	13	3	252	867	900
19	12	9	253	979	992
19	7	13	254	992	1023
19	7	11	255	1030	1073
19	13	9	256	1074	1107
19	8	8	257	1109	1124
19	12	4	258	1124	1219
19	8	1	259	1221	1295
20	1	10	260	20	58
20	7	8	261	58	91
20	11	5	262	146	225
20	12	10	263	225	307
20	6	13	264	360	369
20	6	13	265	369	396
20	8	12	266	481	522
20	7	9	267	522	559
20	0	6	268	576	650
20	0	11	269	787	849
20	0	0	270	897	957
20	13	8	271	1124	1219
20	2	10	272	1257	1265
21	14	0	273	552	597
21	1	3	274	597	676
21	5	14	275	718	777
21	9	7	276	777	802
21	11	9	277	844	878
21	7	11	278	882	961
21	13	6	279	968	1040
21	5	12	280	1202	1239
21	1	12	281	1239	1300
21	3	0	282	1311	1373
22	6	8	283	0	57
22	9	13	284	57	124
22	0	6	285	149	169
22	13	1	286	199	288
22	9	1	287	354	381
22	13	8	288	586	641
22	7	9	289	674	736
22	14	14	290	786	865
22	8	8	291	882	892
22	3	9	292	897	979
22	4	3	293	1138	1221
22	12	4	294	1221	1284
22	6	4	295	1287	1300
23	4	0	296	139	200
23	5	14	297	284	364
23	9	1	298	381	396
23	7	9	299	396	413
23	0	11	300	416	478
23	2	4	301	492	552
23	4	11	302	552	595
23	13	8	303	641	655
23	6	1	304	661	715
23	1	8	305	777	818
23	4	2	306	835	851
23	14	12	307	865	892
23	13	3	308	900	913
23	6	4	309	923	964
23	0	1	310	968	1026
24	8	11	311	0	9
24	11	5	312	31	61
24	6	1	313	73	114
24	9	14	314	124	189
24	10	2	315	318	345
24	9	1	316	396	461
24	14	0	317	513	552
24	7	9	318	571	597
24	7	9	319	597	674
24	1	2	320	723	756
24	0	9	321	1108	1143
24	14	7	322	1153	1229
24	9	11	323	1237	1292
24	0	6	324	1298	1374
25	9	13	325	0	45
25	13	3	326	64	91
25	4	6	327	200	261
25	4	2	328	261	305
25	1	10	329	435	508
25	12	5	330	623	652
25	0	0	331	723	782
25	3	0	332	843	897
25	1	3	333	1027	1102
25	11	5	334	1108	1168
26	2	4	335	0	52
26	0	8	336	92	112
26	3	10	337	307	370
26	8	12	338	405	416
26	13	6	339	445	463
26	6	14	340	517	562
26	8	11	341	595	634
26	3	2	342	674	717
26	3	3	343	723	810
26	9	7	344	883	960
27	5	2	345	0	58
27	2	10	346	58	125
27	6	13	347	169	198
27	8	7	348	224	237
27	2	1	349	289	352
27	11	5	350	593	620
27	13	9	351	756	844
27	12	9	352	992	1074
27	14	10	353	1075	1099
27	9	14	354	1110	1166
27	2	0	355	1166	1181
27	3	6	356	1193	1216
27	13	6	357	1230	1253
27	11	10	358	1265	1289
27	10	3	359	1341	1359
28	1	3	360	131	191
28	5	14	361	191	284
28	12	4	362	307	363
28	5	14	363	364	393
28	5	2	364	393	405
28	7	9	365	413	489
28	10	3	366	489	517
28	9	13	367	524	592
28	8	12	368	672	714
28	12	5	369	714	778
28	10	6	370	836	904
28	2	3	371	913	971
28	8	7	372	1061	1070
28	7	11	373	1073	1137
28	5	13	374	1266	1298
29	11	7	375	0	21
29	7	14	376	39	55
29	6	1	377	57	73
29	10	4	378	100	161
29	3	2	379	198	260
29	0	5	380	330	346
29	2	1	381	461	492
29	4	6	382	783	831
29	4	0	383	957	1039
29	14	2	384	1039	1075
29	12	7	385	1075	1117


Solution History:
