This is the output of Heuristic Solver for Dual resource constrained flexible job shop Scheduling Problem.
Input file is: wfjsp17_9.txt
Method: TS_100000000_0.257778_5
Seed: 3
Number of Jobs: 15
Number of Operations: 131
Number of Machines: 5
Number of Operators: 4
CPU Time: 15.4743
obj: 1617
Best found lower bound:0
Solver gap (best found lower bound and upper bound difference): Not known


Final Solution:
Job	Machine	Operator	Operation	Start Time	Finish Time
0	3	0	0	35	115
0	2	0	1	115	157
0	2	0	2	176	237
0	1	0	3	237	294
0	3	3	4	845	874
0	2	0	5	879	957
0	0	2	6	1013	1073
0	1	3	7	1564	1586
1	3	3	8	243	299
1	2	1	9	338	399
1	0	2	10	860	949
1	1	0	11	1055	1134
1	0	2	12	1239	1317
1	4	1	13	1368	1404
1	0	0	14	1518	1536
1	2	0	15	1555	1608
2	2	1	16	244	259
2	1	1	17	404	495
2	1	0	18	654	673
2	4	2	19	765	790
2	4	2	20	790	825
2	0	2	21	1086	1128
2	2	0	22	1440	1452
2	0	0	23	1536	1555
3	0	2	24	72	94
3	0	0	25	337	394
3	2	3	26	485	539
3	3	0	27	577	654
3	3	3	28	1011	1096
3	1	3	29	1249	1338
3	2	3	30	1338	1393
3	4	2	31	1491	1559
3	0	2	32	1559	1617
4	1	1	33	0	66
4	2	1	34	160	171
4	4	2	35	233	317
4	2	3	36	451	485
4	1	1	37	495	517
4	1	1	38	517	530
4	1	0	39	673	728
4	4	1	40	858	916
5	4	2	41	149	233
5	2	0	42	294	318
5	3	0	43	318	337
5	3	3	44	404	427
5	4	2	45	468	502
5	2	3	46	539	580
5	4	2	47	1164	1239
5	1	3	48	1523	1564
6	2	0	49	16	35
6	4	3	50	59	143
6	3	3	51	215	243
6	1	3	52	299	360
6	0	0	53	439	465
6	4	2	54	825	853
6	4	3	55	929	992
6	0	1	56	1162	1233
6	3	0	57	1297	1311
6	1	0	58	1409	1440
7	1	1	59	66	160
7	1	3	60	360	404
7	4	2	61	419	468
7	3	0	62	498	577
7	0	2	63	598	653
7	3	3	64	699	756
7	3	1	65	916	984
7	0	1	66	1149	1162
7	2	0	67	1400	1409
8	3	3	68	186	215
8	4	2	69	317	386
8	2	3	70	427	451
8	3	0	71	465	498
8	2	1	72	704	731
8	2	3	73	756	817
8	0	2	74	1317	1403
8	2	1	75	1474	1528
9	0	2	76	0	35
9	0	1	77	176	244
9	0	0	78	394	439
9	4	2	79	708	765
9	2	3	80	817	845
9	3	0	81	1159	1195
9	3	1	82	1233	1263
9	2	1	83	1461	1474
10	0	2	84	94	149
10	4	2	85	386	419
10	1	1	86	530	624
10	0	2	87	653	708
10	2	0	88	860	879
10	3	3	89	992	1011
10	4	1	90	1054	1128
10	4	2	91	1128	1164
10	2	0	92	1195	1297
10	0	2	93	1403	1491
11	3	3	94	143	186
11	2	1	95	328	338
11	4	2	96	568	598
11	2	3	97	641	699
11	0	1	98	731	798
11	2	0	99	957	1055
11	1	0	100	1134	1159
11	3	3	101	1462	1523
12	0	2	102	35	72
12	0	0	103	157	176
12	4	1	104	624	704
12	1	1	105	801	858
12	1	3	106	874	929
12	1	1	107	984	1054
12	0	2	108	1073	1086
12	2	3	109	1096	1159
12	4	1	110	1559	1615
13	2	0	111	0	16
13	0	1	112	259	328
13	1	3	113	1159	1249
13	4	1	114	1263	1288
13	3	0	115	1311	1336
13	1	0	116	1338	1400
13	4	1	117	1404	1461
13	1	0	118	1461	1518
13	2	1	119	1528	1555
13	1	3	120	1586	1611
14	4	3	121	0	59
14	4	2	122	502	568
14	2	3	123	580	641
14	1	0	124	728	801
14	0	0	125	801	860
14	0	2	126	949	974
14	0	2	127	974	1013
14	0	1	128	1128	1149
14	4	1	129	1288	1368
14	3	3	130	1393	1462


Solution History:
