This is the output of Heuristic Solver for Dual resource constrained flexible job shop Scheduling Problem.
Input file is: wfjsp21_4.txt
Method: TS_100000000_0.301782_5
Seed: 4
Number of Jobs: 25
Number of Operations: 255
Number of Machines: 15
Number of Operators: 12
CPU Time: 18.1279
obj: 1102
Best found lower bound:0
Solver gap (best found lower bound and upper bound difference): Not known


Final Solution:
Job	Machine	Operator	Operation	Start Time	Finish Time
0	1	5	0	0	81
0	11	3	1	87	148
0	4	9	2	342	408
0	2	0	3	620	682
0	9	9	4	738	847
0	9	3	5	862	893
0	8	2	6	964	1007
0	0	10	7	1007	1019
0	9	5	8	1054	1100
1	11	7	9	10	30
1	1	5	10	115	130
1	3	6	11	139	177
1	6	9	12	277	342
1	7	10	13	455	477
1	13	0	14	483	556
1	10	9	15	592	664
1	8	0	16	836	895
1	6	9	17	914	962
1	0	11	18	1063	1095
2	10	9	19	66	82
2	9	9	20	185	231
2	0	1	21	303	379
2	2	0	22	403	412
2	14	0	23	417	483
2	2	10	24	483	554
2	8	11	25	591	603
2	11	6	26	674	749
2	2	3	27	753	832
3	3	0	28	0	83
3	7	8	29	143	192
3	12	4	30	192	282
3	12	10	31	391	455
3	6	5	32	507	584
3	9	5	33	592	635
3	14	4	34	644	663
3	10	7	35	685	752
3	12	8	36	752	779
3	11	6	37	819	839
3	11	9	38	847	914
3	9	11	39	1003	1051
4	2	10	40	0	63
4	0	5	41	81	115
4	7	0	42	221	273
4	1	11	43	404	474
4	11	8	44	550	621
4	7	2	45	621	688
4	5	0	46	688	718
4	8	0	47	718	746
4	0	1	48	746	809
4	8	7	49	1017	1046
4	5	0	50	1047	1100
5	12	8	51	0	28
5	13	7	52	30	124
5	7	8	53	332	378
5	7	8	54	378	393
5	11	6	55	403	432
5	14	4	56	663	746
5	7	11	57	765	777
5	14	1	58	809	904
5	13	1	59	904	944
5	6	9	60	962	1024
5	1	3	61	1024	1064
5	6	3	62	1064	1099
6	1	6	63	89	102
6	14	5	64	159	183
6	3	8	65	192	243
6	3	5	66	244	300
6	7	8	67	393	438
6	14	3	68	491	526
6	8	3	69	526	579
6	3	10	70	698	764
6	5	11	71	858	892
6	10	1	72	1022	1068
7	1	1	73	146	224
7	11	3	74	230	273
7	13	7	75	273	284
7	10	7	76	284	351
7	11	4	77	499	548
7	8	11	78	603	627
7	1	10	79	765	840
7	12	6	80	870	938
7	14	0	81	993	1047
8	6	4	82	37	90
8	0	5	83	130	159
8	8	2	84	322	410
8	4	2	85	410	434
8	2	1	86	450	483
8	1	8	87	503	550
8	1	1	88	553	617
8	9	5	89	635	674
8	12	1	90	681	707
8	3	8	91	806	833
8	2	8	92	833	899
8	2	10	93	930	991
9	7	8	94	83	127
9	8	10	95	183	233
9	13	7	96	351	419
9	9	5	97	435	507
9	3	7	98	527	572
9	5	1	99	668	681
9	2	11	100	694	747
9	14	4	101	747	778
9	8	2	102	932	964
9	7	6	103	984	1036
9	10	7	104	1078	1095
10	14	3	105	0	87
10	4	7	106	124	196
10	9	9	107	231	277
10	7	0	108	277	320
10	3	5	109	371	435
10	4	8	110	438	503
10	9	9	111	544	592
10	7	2	112	688	762
10	11	2	113	1007	1078
11	12	8	114	28	37
11	13	3	115	148	230
11	8	2	116	434	484
11	10	0	117	752	836
11	14	3	118	904	937
11	4	6	119	938	984
11	5	1	120	993	1022
11	8	7	121	1046	1078
12	6	4	122	0	37
12	14	0	123	87	152
12	2	10	124	249	297
12	9	5	125	300	371
12	5	2	126	536	611
12	5	1	127	617	668
12	12	1	128	707	737
12	7	5	129	791	866
12	5	0	130	924	993
12	13	6	131	1036	1083
13	4	11	132	0	49
13	2	10	133	63	78
13	12	4	134	90	140
13	12	4	135	140	184
13	4	2	136	200	234
13	4	6	137	275	327
13	2	6	138	354	403
13	5	9	139	408	422
13	14	4	140	620	644
13	0	10	141	644	698
13	1	10	142	840	930
13	1	1	143	944	984
14	7	2	144	0	67
14	2	10	145	78	166
14	3	6	146	327	354
14	7	9	147	477	544
14	0	10	148	554	566
14	12	3	149	579	615
14	13	5	150	741	791
14	10	3	151	836	862
14	5	0	152	895	924
14	4	4	153	1007	1071
15	9	6	154	0	89
15	3	7	155	435	527
15	4	7	156	606	685
15	4	8	157	694	714
15	1	8	158	714	741
15	3	6	159	839	870
15	11	3	160	937	1005
15	14	9	161	1053	1102
16	8	1	162	71	146
16	6	0	163	152	221
16	4	6	164	249	275
16	9	3	165	277	287
16	2	10	166	324	352
16	1	10	167	352	391
16	10	3	168	417	491
16	4	11	169	520	591
16	9	9	170	674	738
16	6	11	171	777	858
16	9	8	172	899	923
16	3	5	173	961	1054
17	0	1	174	0	71
17	10	2	175	107	200
17	14	3	176	338	369
17	2	6	177	432	446
17	2	6	178	558	605
17	8	11	179	627	670
17	8	11	180	670	694
17	8	7	181	752	823
17	13	7	182	823	858
17	0	2	183	858	932
17	12	7	184	938	1017
17	12	10	185	1019	1090
18	5	7	186	196	272
18	2	10	187	297	324
18	0	1	188	379	450
18	0	11	189	474	520
18	13	3	190	615	676
18	5	2	191	762	853
18	10	11	192	942	1003
18	2	8	193	1041	1102
19	5	9	194	0	66
19	3	6	195	110	139
19	8	10	196	166	183
19	2	6	197	226	249
19	14	8	198	249	332
19	5	9	199	422	468
19	11	6	200	480	493
19	3	7	201	572	606
19	3	6	202	606	674
19	6	3	203	676	753
19	1	11	204	753	765
19	12	4	205	779	861
20	11	11	206	49	79
20	0	11	207	185	274
20	5	1	208	274	303
20	1	11	209	391	404
20	11	6	210	446	480
20	10	6	211	493	558
20	4	4	212	861	927
20	2	8	213	991	1041
20	1	1	214	1068	1097
21	4	8	215	49	83
21	3	9	216	83	110
21	1	8	217	130	143
21	11	9	218	148	177
21	2	6	219	177	226
21	12	4	220	282	363
21	6	4	221	363	453
21	12	1	222	483	553
21	10	7	223	862	915
21	0	4	224	932	1007
21	8	2	225	1078	1102
22	5	9	226	110	137
22	8	2	227	234	322
22	11	11	228	322	371
22	14	3	229	371	417
22	6	4	230	453	499
22	14	4	231	548	620
22	11	8	232	621	668
22	13	5	233	676	741
22	4	6	234	749	819
22	3	5	235	870	961
22	0	11	236	1053	1063
22	3	4	237	1071	1102
23	9	11	238	89	157
23	9	11	239	157	185
23	14	5	240	185	244
23	11	11	241	274	321
23	5	0	242	321	389
23	7	0	243	556	620
23	14	8	244	937	986
23	0	9	245	1024	1053
24	10	7	246	0	10
24	5	2	247	67	107
24	1	1	248	224	256
24	13	3	249	287	338
24	5	2	250	484	536
24	0	10	251	566	632
24	1	8	252	668	694
24	11	8	253	779	806
24	7	11	254	892	942


Solution History:
