This is the output of Heuristic Solver for Dual resource constrained flexible job shop Scheduling Problem.
Input file is: wfjsp17_6.txt
Method: TS_100000000_0.229542_5
Seed: 3
Number of Jobs: 15
Number of Operations: 134
Number of Machines: 5
Number of Operators: 4
CPU Time: 13.7794
obj: 1723
Best found lower bound:0
Solver gap (best found lower bound and upper bound difference): Not known


Final Solution:
Job	Machine	Operator	Operation	Start Time	Finish Time
0	1	3	0	0	62
0	2	3	1	138	178
0	0	1	2	178	240
0	4	1	3	240	281
0	2	0	4	310	405
0	2	3	5	574	662
0	3	0	6	879	908
0	0	2	7	925	952
0	3	1	8	1400	1485
1	1	2	9	143	159
1	4	1	10	498	580
1	3	1	11	649	715
1	2	3	12	724	755
1	0	3	13	1051	1087
1	4	0	14	1358	1415
1	2	0	15	1415	1500
1	0	1	16	1638	1718
2	2	1	17	0	84
2	3	2	18	84	111
2	1	3	19	213	261
2	0	2	20	702	756
2	3	0	21	934	976
2	2	1	22	988	1070
2	4	0	23	1124	1199
2	0	2	24	1250	1312
3	0	3	25	321	359
3	1	3	26	395	427
3	1	3	27	427	436
3	3	0	28	814	879
3	4	0	29	1039	1124
3	3	1	30	1149	1194
3	2	3	31	1266	1279
3	2	1	32	1311	1392
3	3	2	33	1572	1644
3	3	2	34	1682	1720
4	1	3	35	62	138
4	4	0	36	156	196
4	4	0	37	196	221
4	3	2	38	221	306
4	1	0	39	495	535
4	1	0	40	535	586
4	0	3	41	778	824
4	1	3	42	883	949
5	0	1	43	84	170
5	2	0	44	221	310
5	3	1	45	601	649
5	3	0	46	723	814
5	1	3	47	850	883
5	2	1	48	893	937
5	3	0	49	976	991
5	3	2	50	1312	1400
5	1	3	51	1447	1476
5	3	2	52	1488	1499
6	4	1	53	281	327
6	3	1	54	327	414
6	1	3	55	436	446
6	2	3	56	498	574
6	1	0	57	586	652
6	1	3	58	662	724
6	3	0	59	991	1039
6	0	2	60	1165	1250
6	1	3	61	1400	1411
6	1	0	62	1631	1720
7	0	2	63	395	448
7	2	0	64	701	723
7	4	3	65	824	850
7	1	2	66	1040	1125
7	1	2	67	1125	1165
7	1	0	68	1199	1291
7	1	0	69	1291	1358
7	1	3	70	1411	1424
7	4	3	71	1600	1633
7	2	3	72	1657	1692
8	3	2	73	448	536
8	3	2	74	536	572
8	0	2	75	572	616
8	1	0	76	652	661
8	2	3	77	755	778
8	2	1	78	812	893
8	1	3	79	1476	1569
8	1	0	80	1619	1631
8	4	3	81	1633	1657
9	0	3	82	261	271
9	4	0	83	405	495
9	4	1	84	580	601
9	0	2	85	838	913
9	1	2	86	952	1040
9	2	3	87	1215	1266
9	1	3	88	1424	1447
9	3	0	89	1500	1534
10	0	2	90	0	84
10	3	2	91	111	127
10	0	3	92	304	321
10	4	0	93	661	701
10	2	3	94	1087	1136
10	2	3	95	1172	1215
10	0	3	96	1312	1400
10	4	1	97	1485	1573
10	4	3	98	1573	1600
11	4	0	99	90	156
11	4	1	100	759	812
11	0	2	101	913	925
11	2	3	102	1136	1172
11	3	1	103	1194	1242
11	4	1	104	1242	1260
11	2	3	105	1279	1311
11	0	2	106	1499	1521
11	3	2	107	1644	1682
12	4	0	108	0	90
12	1	3	109	178	213
12	4	3	110	359	387
12	2	1	111	414	498
12	4	0	112	908	934
12	4	1	113	937	988
12	3	1	114	1070	1149
12	0	2	115	1400	1488
12	2	0	116	1534	1619
12	4	3	117	1692	1723
13	3	2	118	127	143
13	0	3	119	271	282
13	1	3	120	282	304
13	1	2	121	306	395
13	0	3	122	448	464
13	0	3	123	464	491
13	1	2	124	756	838
13	0	1	125	1573	1638
14	3	2	126	159	202
14	0	2	127	616	702
14	4	1	128	715	759
14	2	3	129	949	958
14	0	3	130	958	1034
14	0	3	131	1034	1051
14	4	1	132	1260	1311
14	0	2	133	1521	1572


Solution History:
