This is the output of Heuristic Solver for Dual resource constrained flexible job shop Scheduling Problem.
Input file is: wfjsp21_3.txt
Method: TS_100000000_0.365390_5
Seed: 1
Number of Jobs: 25
Number of Operations: 243
Number of Machines: 15
Number of Operators: 12
CPU Time: 21.9441
obj: 1081
Best found lower bound:0
Solver gap (best found lower bound and upper bound difference): Not known


Final Solution:
Job	Machine	Operator	Operation	Start Time	Finish Time
0	11	10	0	0	68
0	13	0	1	93	107
0	11	2	2	473	488
0	11	5	3	569	668
0	8	8	4	705	776
0	13	0	5	802	880
0	14	3	6	936	1008
0	4	8	7	1040	1074
1	1	10	8	206	295
1	3	6	9	355	369
1	3	6	10	369	434
1	8	8	11	434	519
1	3	0	12	524	544
1	1	0	13	580	675
1	7	11	14	675	765
1	5	7	15	801	830
1	14	11	16	837	894
1	9	5	17	900	915
1	3	6	18	915	981
1	7	1	19	1024	1037
2	12	6	20	141	169
2	13	7	21	176	220
2	7	11	22	323	418
2	10	9	23	504	567
2	3	6	24	640	667
2	13	1	25	880	974
2	0	11	26	978	1072
2	1	5	27	1072	1081
3	8	7	28	0	36
3	3	3	29	59	173
3	7	1	30	276	313
3	1	3	31	451	478
3	14	11	32	542	606
3	10	4	33	812	869
3	7	11	34	894	960
3	3	6	35	981	1079
4	7	1	36	111	203
4	2	1	37	207	226
4	8	2	38	331	361
4	7	1	39	504	586
4	10	1	40	598	612
4	10	4	41	612	635
4	3	5	42	730	788
4	11	0	43	880	918
5	3	0	44	0	55
5	9	4	45	74	172
5	4	4	46	324	398
5	0	3	47	568	646
5	13	7	48	670	685
5	1	0	49	694	712
5	12	3	50	721	771
5	3	5	51	829	900
5	5	7	52	1024	1057
6	1	8	53	17	40
6	12	5	54	63	121
6	13	5	55	149	176
6	11	0	56	178	206
6	13	7	57	220	290
6	12	5	58	331	403
6	14	7	59	403	503
6	6	3	60	834	936
6	1	10	61	947	957
6	1	3	62	1008	1071
7	14	9	63	60	153
7	2	6	64	169	207
7	5	11	65	243	271
7	8	5	66	277	331
7	1	0	67	406	443
7	1	7	68	503	576
7	7	8	69	586	596
7	9	1	70	654	745
7	5	7	71	745	801
7	14	9	72	894	923
7	8	4	73	979	1054
8	8	5	74	121	149
8	14	9	75	153	210
8	11	6	76	210	221
8	2	1	77	226	262
8	2	1	78	262	276
8	14	3	79	283	355
8	5	3	80	355	451
8	5	11	81	488	542
8	2	6	82	622	640
8	11	2	83	753	787
8	10	0	84	787	802
9	13	1	85	0	72
9	10	1	86	72	111
9	0	2	87	111	152
9	8	10	88	152	173
9	1	10	89	173	206
9	7	9	90	210	266
9	6	4	91	266	319
9	3	6	92	329	355
9	7	1	93	612	645
9	12	3	94	675	721
9	5	10	95	830	913
9	8	9	96	923	963
10	2	6	97	23	100
10	6	4	98	398	494
10	12	4	99	503	599
10	2	10	100	651	707
10	5	7	101	712	744
10	0	8	102	776	858
10	10	2	103	869	943
10	12	10	104	991	1023
10	11	7	105	1057	1066
11	12	9	106	0	60
11	11	7	107	68	110
11	2	7	108	290	358
11	12	9	109	403	503
11	10	9	110	666	752
11	7	1	111	765	864
11	7	9	112	963	1011
11	13	9	113	1011	1041
11	12	5	114	1041	1064
12	1	0	115	55	93
12	0	8	116	217	251
12	1	3	117	478	491
12	6	5	118	496	569
12	5	2	119	589	666
12	4	0	120	675	694
12	12	3	121	771	834
12	2	1	122	1037	1077
13	9	8	123	40	70
13	5	10	124	70	150
13	3	3	125	173	228
13	0	2	126	256	323
13	6	8	127	323	381
13	0	5	128	427	496
13	0	3	129	496	568
13	2	10	130	568	591
13	8	10	131	591	651
13	8	9	132	872	894
14	14	3	133	0	59
14	8	8	134	74	117
14	4	5	135	176	204
14	11	1	136	313	375
14	4	11	137	427	488
14	5	0	138	544	580
14	4	0	139	918	961
14	5	7	140	976	1024
14	9	2	141	1050	1076
15	7	7	142	36	64
15	6	8	143	117	217
15	11	6	144	221	292
15	5	10	145	295	314
15	4	5	146	403	427
15	2	10	147	491	565
15	12	8	148	599	660
15	11	6	149	668	736
15	13	6	150	736	784
15	3	6	151	788	822
15	5	2	152	943	976
16	0	5	153	0	63
16	5	11	154	153	208
16	9	11	155	208	243
16	8	7	156	361	399
16	8	8	157	399	423
16	8	8	158	660	705
16	6	0	159	742	786
16	1	10	160	957	991
17	11	7	161	110	174
17	10	4	162	178	248
17	12	8	163	251	319
17	0	10	164	323	362
17	8	8	165	519	577
17	0	2	166	675	753
17	6	10	167	802	830
17	4	6	168	830	909
17	2	5	169	915	939
18	10	11	170	0	61
18	1	6	171	100	141
18	7	9	172	266	276
18	2	10	173	362	441
18	13	0	174	443	524
18	4	11	175	606	674
18	6	4	176	674	742
18	14	11	177	765	837
18	1	7	178	857	947
18	2	5	179	947	1012
18	7	10	180	1037	1077
19	2	6	181	0	23
19	6	2	182	50	109
19	10	0	183	111	178
19	8	2	184	178	256
19	10	9	185	276	366
19	7	10	186	441	491
19	13	6	187	524	551
19	3	7	188	576	599
19	2	10	189	707	802
19	11	7	190	947	974
19	10	4	191	1054	1081
20	4	0	192	206	246
20	4	0	193	246	324
20	9	1	194	375	445
20	11	2	195	488	537
20	4	2	196	537	589
20	10	1	197	589	598
20	6	7	198	599	670
20	6	0	199	961	975
20	11	8	200	978	1040
21	6	2	201	0	50
21	0	2	202	152	166
21	14	5	203	210	277
21	1	0	204	324	406
21	10	1	205	445	504
21	13	6	206	551	622
21	1	0	207	712	725
21	8	2	208	787	867
21	5	8	209	913	939
21	0	8	210	939	978
21	6	0	211	978	1041
21	13	9	212	1041	1065
22	7	8	213	0	17
22	11	2	214	375	473
22	10	4	215	635	666
22	9	9	216	782	872
22	12	4	217	872	955
22	8	4	218	963	979
22	9	2	219	979	1050
22	13	9	220	1065	1079
23	4	11	221	61	153
23	3	3	222	228	283
23	3	6	223	292	329
23	10	8	224	381	389
23	3	6	225	434	518
23	0	3	226	646	675
23	13	7	227	685	712
23	9	9	228	752	782
23	1	5	229	788	829
23	0	8	230	858	893
23	10	1	231	974	1024
24	4	4	232	0	47
24	8	4	233	47	74
24	9	11	234	271	323
24	13	9	235	366	395
24	9	9	236	567	654
24	14	5	237	668	730
24	4	4	238	742	812
24	2	7	239	830	857
24	0	8	240	893	909
24	14	5	241	1012	1040
24	6	0	242	1041	1081


Solution History:
