This is the output of Heuristic Solver for Dual resource constrained flexible job shop Scheduling Problem.
Input file is: wfjsp11_10.txt
Method: TS_100000000_0.271353_5
Seed: 5
Number of Jobs: 20
Number of Operations: 190
Number of Machines: 10
Number of Operators: 10
CPU Time: 16.2916
obj: 1166
Best found lower bound:0
Solver gap (best found lower bound and upper bound difference): Not known


Final Solution:
Job	Machine	Operator	Operation	Start Time	Finish Time
0	9	3	0	0	86
0	5	2	1	138	222
0	1	4	2	406	468
0	6	1	3	613	699
0	8	6	4	746	797
0	6	0	5	914	945
0	5	2	6	1002	1035
1	5	9	7	29	78
1	7	7	8	155	241
1	5	6	9	242	267
1	4	4	10	270	306
1	5	0	11	355	389
1	6	1	12	394	480
1	9	3	13	522	606
1	3	7	14	649	714
1	4	3	15	761	843
1	5	5	16	898	986
1	6	0	17	990	1004
1	0	5	18	1006	1015
1	3	2	19	1035	1086
1	2	6	20	1086	1157
2	9	3	21	190	275
2	7	7	22	322	370
2	4	8	23	409	477
2	3	8	24	477	518
2	3	8	25	518	539
2	2	8	26	546	595
2	6	1	27	595	613
2	9	3	28	640	730
2	7	4	29	730	764
2	5	0	30	784	861
2	4	9	31	861	940
2	4	9	32	940	1008
2	9	3	33	1014	1050
3	6	1	34	0	66
3	8	0	35	150	228
3	8	0	36	228	243
3	0	8	37	262	283
3	7	3	38	485	507
3	8	6	39	613	662
3	5	0	40	861	895
3	2	6	41	898	992
3	8	1	42	1091	1154
4	0	5	43	47	135
4	2	6	44	140	156
4	2	6	45	156	171
4	2	6	46	171	242
4	4	4	47	633	679
4	2	5	48	992	1006
4	0	8	49	1062	1156
5	4	4	50	0	87
5	3	8	51	172	199
5	9	3	52	356	430
5	2	5	53	432	441
5	0	7	54	500	582
5	0	9	55	582	659
5	2	8	56	763	781
5	7	5	57	781	849
5	7	3	58	894	930
5	9	3	59	1005	1014
5	9	4	60	1055	1148
6	0	5	61	0	47
6	1	1	62	92	179
6	4	8	63	342	409
6	5	0	64	409	501
6	6	0	65	705	784
6	8	4	66	797	843
6	8	1	67	859	916
6	8	6	68	1055	1072
6	1	0	69	1092	1118
7	5	0	70	92	114
7	5	2	71	114	138
7	0	8	72	210	262
7	0	9	73	298	344
7	6	1	74	371	394
7	0	9	75	432	500
7	1	4	76	859	911
7	6	0	77	945	990
8	3	8	78	136	172
8	4	4	79	188	270
8	4	5	80	490	529
8	7	7	81	582	615
8	9	9	82	746	771
8	0	3	83	1050	1062
9	8	6	84	0	90
9	2	9	85	92	126
9	6	9	86	140	176
9	1	4	87	342	406
9	5	9	88	501	574
9	1	0	89	583	599
9	2	8	90	609	699
9	2	8	91	699	763
9	0	8	92	801	836
9	6	0	93	895	914
9	3	8	94	929	1020
9	5	5	95	1035	1093
10	3	2	96	0	94
10	9	3	97	275	356
10	0	5	98	356	426
10	6	1	99	480	567
10	3	5	100	567	649
10	8	6	101	662	746
10	0	8	102	836	929
10	4	3	103	1062	1157
11	3	8	104	94	136
11	1	1	105	179	211
11	3	5	106	211	260
11	2	5	107	260	347
11	5	0	108	389	404
11	9	2	109	431	522
11	2	8	110	595	609
11	3	2	111	730	797
11	2	9	112	1008	1075
11	3	5	113	1093	1152
12	7	7	114	0	90
12	9	3	115	111	190
12	7	7	116	241	322
12	8	2	117	323	409
12	7	7	118	415	485
12	1	0	119	501	583
12	9	3	120	606	640
12	1	0	121	666	705
12	1	1	122	705	792
12	9	2	123	880	907
12	8	1	124	916	994
12	0	8	125	1020	1039
12	4	8	126	1039	1061
12	6	9	127	1092	1133
12	6	9	128	1133	1162
13	4	4	129	87	114
13	8	0	130	114	150
13	3	6	131	267	320
13	4	5	132	529	551
13	9	4	133	911	1005
14	6	1	134	66	77
14	5	0	135	267	355
14	9	3	136	730	745
14	1	1	137	792	859
14	6	0	138	1004	1092
15	9	3	139	86	111
15	4	4	140	114	188
15	8	2	141	243	323
15	3	6	142	323	382
15	3	6	143	382	477
15	8	6	144	550	613
15	7	2	145	662	730
15	2	8	146	781	795
15	1	1	147	1002	1091
15	5	2	148	1093	1166
16	2	8	149	0	92
16	6	9	150	176	220
16	5	2	151	222	236
16	4	4	152	306	340
16	2	9	153	347	432
16	8	4	154	468	550
16	4	4	155	551	633
16	5	9	156	662	746
16	9	9	157	771	858
16	7	3	158	858	894
16	3	7	159	894	928
16	0	3	160	930	1004
16	7	7	161	1083	1166
17	5	9	162	0	29
17	7	7	163	90	155
17	1	1	164	211	300
17	2	5	165	441	490
17	6	2	166	797	880
18	6	9	167	220	292
18	1	8	168	300	342
18	7	7	169	370	415
18	7	2	170	522	571
18	5	2	171	574	662
18	0	7	172	714	801
18	2	6	173	801	867
18	2	5	174	867	898
18	1	2	175	911	1002
18	8	4	176	1005	1055
19	1	0	177	0	92
19	2	9	178	126	140
19	0	5	179	140	210
19	0	8	180	283	298
19	6	1	181	300	371
19	8	2	182	409	431
19	2	6	183	490	546
19	1	0	184	599	666
19	4	5	185	679	761
19	3	7	186	801	892
19	7	7	187	930	1018
19	7	7	188	1018	1083
19	1	0	189	1118	1162


Solution History:
