This is the output of Heuristic Solver for Dual resource constrained flexible job shop Scheduling Problem.
Input file is: wfjsp12_8.txt
Method: TS_100000000_0.244858_5
Seed: 2
Number of Jobs: 25
Number of Operations: 186
Number of Machines: 10
Number of Operators: 10
CPU Time: 14.7034
obj: 1016
Best found lower bound:0
Solver gap (best found lower bound and upper bound difference): Not known


Final Solution:
Job	Machine	Operator	Operation	Start Time	Finish Time
0	5	3	0	101	134
0	1	1	1	386	448
0	3	4	2	482	511
0	3	4	3	587	651
0	6	2	4	857	932
1	5	0	5	206	262
1	3	8	6	270	342
1	4	0	7	356	368
1	4	0	8	368	419
1	1	9	9	629	681
1	1	2	10	681	709
1	9	6	11	716	798
1	0	5	12	995	1003
2	1	1	13	0	90
2	7	8	14	189	207
2	3	5	15	511	573
2	8	5	16	725	798
2	6	9	17	828	857
2	0	4	18	864	925
2	7	8	19	930	971
3	5	7	20	61	101
3	6	3	21	182	224
3	2	7	22	232	289
3	0	9	23	370	426
3	4	0	24	426	484
3	8	6	25	491	579
3	0	0	26	586	660
3	3	8	27	704	779
3	3	8	28	779	851
3	3	8	29	851	930
4	2	5	30	0	67
4	2	5	31	148	220
4	7	0	32	262	318
4	5	7	33	363	402
4	4	6	34	798	882
4	5	7	35	882	964
4	9	0	36	982	1007
5	9	4	37	0	26
5	9	2	38	244	307
5	7	3	39	406	417
5	2	3	40	480	546
5	9	6	41	686	716
5	4	0	42	774	783
5	9	0	43	798	846
5	8	6	44	977	1016
6	7	3	45	134	182
6	4	1	46	220	324
6	0	9	47	324	370
6	9	6	48	380	422
6	3	4	49	422	482
6	5	7	50	664	747
7	6	3	51	0	11
7	7	0	52	49	65
7	5	9	53	134	184
7	1	9	54	262	315
7	7	3	55	637	656
7	7	1	56	852	920
8	3	8	57	20	76
8	6	3	58	224	287
8	5	4	59	295	332
8	1	1	60	448	529
8	0	0	61	529	586
8	6	9	62	752	780
8	2	7	63	843	862
8	7	8	64	971	1009
9	1	6	65	141	210
9	3	4	66	256	270
9	5	4	67	270	295
9	6	8	68	375	416
9	5	7	69	486	529
9	3	5	70	652	704
9	5	7	71	747	764
9	7	1	72	788	852
9	8	5	73	858	903
10	9	2	74	185	215
10	6	3	75	546	573
10	4	6	76	587	614
10	8	1	77	666	725
10	6	9	78	780	828
10	2	3	79	880	906
10	6	2	80	932	1008
11	3	8	81	162	189
11	1	2	82	326	385
11	2	3	83	417	480
11	7	8	84	482	567
11	8	1	85	579	666
11	7	8	86	666	703
11	4	4	87	704	770
11	1	9	88	890	943
12	3	4	89	76	151
12	1	9	90	210	262
12	5	7	91	402	486
12	2	5	92	573	652
12	2	3	93	656	721
12	0	0	94	741	759
12	2	7	95	768	843
12	4	1	96	920	981
13	6	3	97	11	100
13	6	8	98	100	162
13	2	5	99	351	412
13	9	6	100	422	491
13	1	9	101	529	629
13	0	4	102	774	864
13	2	3	103	906	973
14	0	6	104	0	82
14	0	6	105	100	126
14	5	9	106	184	205
14	9	6	107	307	380
14	4	0	108	484	516
14	5	1	109	529	547
14	6	9	110	704	752
14	0	5	111	925	995
15	9	2	112	57	90
15	8	7	113	162	232
15	6	2	114	416	469
15	6	8	115	573	657
15	6	4	116	657	704
15	5	3	117	768	868
15	2	3	118	868	880
15	8	6	119	915	977
15	1	1	120	994	1011
16	4	9	121	49	128
16	3	4	122	189	256
16	5	4	123	332	363
16	5	7	124	583	664
16	2	3	125	721	768
16	1	9	126	943	994
17	5	7	127	18	61
17	0	6	128	82	100
17	4	0	129	324	356
17	7	8	130	417	482
17	9	2	131	523	594
17	4	6	132	614	686
17	1	2	133	709	776
17	1	2	134	776	844
17	1	9	135	857	890
17	9	0	136	933	982
18	3	8	137	0	20
18	1	7	138	101	141
18	9	4	139	152	185
18	2	7	140	289	351
18	7	3	141	386	406
18	5	7	142	547	583
18	7	1	143	725	788
18	8	5	144	829	858
19	4	0	145	0	47
19	0	6	146	220	292
19	7	1	147	324	386
19	8	5	148	416	487
19	6	7	149	529	541
19	3	4	150	930	1016
20	9	4	151	26	52
20	8	1	152	90	162
20	0	1	153	162	220
20	9	5	154	491	504
20	9	2	155	594	669
21	8	2	156	0	10
21	8	2	157	10	57
21	9	2	158	90	152
21	7	8	159	207	261
21	6	3	160	287	375
21	8	2	161	385	416
21	0	9	162	426	445
21	4	4	163	516	587
22	5	7	164	0	18
22	4	0	165	128	206
22	9	2	166	215	244
22	8	5	167	244	300
22	1	2	168	315	326
22	7	3	169	573	637
22	9	0	170	872	933
22	2	7	171	973	1010
23	7	9	172	0	49
23	7	0	173	65	126
23	8	5	174	300	345
23	0	9	175	445	517
23	2	1	176	547	561
24	2	5	177	67	148
24	3	4	178	363	422
24	6	2	179	469	523
24	0	0	180	660	741
24	0	0	181	759	774
24	8	5	182	798	829
24	9	0	183	846	872
24	4	6	184	882	915
24	5	3	185	973	1009


Solution History:
