This is the output of Heuristic Solver for Dual resource constrained flexible job shop Scheduling Problem.
Input file is: wfjsp24_3.txt
Method: TS_100000000_0.655295_5
Seed: 2
Number of Jobs: 40
Number of Operations: 307
Number of Machines: 15
Number of Operators: 12
CPU Time: 39.355
obj: 1335
Best found lower bound:0
Solver gap (best found lower bound and upper bound difference): Not known


Final Solution:
Job	Machine	Operator	Operation	Start Time	Finish Time
0	10	10	0	0	64
0	13	0	1	119	133
0	5	2	2	495	512
0	7	1	3	652	730
0	1	8	4	804	883
0	1	10	5	883	956
0	14	3	6	1000	1072
0	4	0	7	1130	1169
0	1	7	8	1249	1331
1	3	3	9	0	14
1	3	0	10	200	266
1	8	8	11	282	367
1	6	3	12	375	392
1	1	7	13	416	502
1	8	8	14	883	976
1	8	2	15	984	1013
1	3	0	16	1263	1326
2	9	11	17	0	15
2	3	3	18	15	80
2	11	2	19	194	204
2	12	1	20	209	236
2	13	9	21	246	297
2	7	9	22	299	387
2	7	6	23	843	912
2	3	6	24	987	1014
2	13	0	25	1047	1130
2	6	3	26	1238	1335
3	10	8	27	64	75
3	14	4	28	280	310
3	3	6	29	344	442
3	4	6	30	442	480
3	11	2	31	551	581
3	14	7	32	750	821
3	4	4	33	1060	1126
3	4	10	34	1244	1306
4	1	7	35	0	88
4	14	9	36	128	216
4	2	5	37	672	688
4	3	2	38	752	779
4	3	1	39	858	934
4	10	1	40	934	948
4	4	8	41	987	1012
4	5	11	42	1012	1067
4	12	4	43	1161	1193
4	3	6	44	1198	1248
5	9	1	45	116	209
5	9	5	46	209	272
5	0	11	47	370	443
5	7	11	48	443	457
5	13	3	49	551	566
5	4	8	50	752	804
5	7	9	51	928	996
5	14	4	52	1126	1161
5	10	0	53	1213	1235
5	0	4	54	1269	1332
6	8	2	55	204	231
6	11	0	56	293	321
6	13	1	57	375	451
6	12	5	58	547	619
6	0	11	59	676	765
6	12	4	60	858	956
6	13	0	61	1004	1014
6	6	8	62	1042	1096
6	14	11	63	1161	1263
7	2	2	64	37	76
7	5	11	65	224	252
7	8	5	66	433	487
7	8	4	67	520	567
7	12	1	68	776	858
7	0	3	69	935	947
7	9	1	70	1171	1262
8	6	10	71	64	127
8	14	11	72	252	278
8	6	7	73	279	352
8	13	0	74	837	865
8	13	7	75	894	947
8	6	3	76	978	990
9	14	5	77	16	43
9	0	2	78	443	458
9	14	5	79	935	1000
9	5	3	80	1072	1168
9	1	2	81	1179	1228
9	2	7	82	1232	1249
9	13	1	83	1291	1323
9	12	8	84	1323	1334
10	13	1	85	43	115
10	11	2	86	146	194
10	0	4	87	195	233
10	11	5	88	272	293
10	1	3	89	299	334
10	10	0	90	413	475
10	12	1	91	1087	1130
10	7	9	92	1167	1195
10	2	7	93	1202	1232
11	12	1	94	0	37
11	5	8	95	79	163
11	8	5	96	167	203
11	2	6	97	267	344
11	6	10	98	543	632
11	12	4	99	672	768
11	2	9	100	797	849
11	11	0	101	906	941
11	0	11	102	1067	1156
11	8	4	103	1193	1269
12	9	11	104	15	48
12	6	4	105	48	59
12	7	10	106	219	299
12	1	3	107	334	375
12	12	10	108	377	445
12	12	8	109	445	542
12	10	0	110	678	773
12	7	9	111	996	1086
12	7	9	112	1086	1134
12	13	9	113	1134	1164
13	5	2	114	316	340
13	1	0	115	375	413
13	0	11	116	642	676
13	1	2	117	779	793
13	6	7	118	821	889
13	5	11	119	1263	1335
14	10	8	120	197	213
14	12	3	121	236	299
14	2	4	122	344	382
14	9	2	123	403	434
14	3	3	124	474	542
14	2	2	125	581	628
14	4	5	126	688	745
15	11	8	127	0	60
15	8	5	128	86	167
15	0	5	129	293	370
15	13	6	130	480	508
15	8	3	131	567	622
15	3	0	132	941	964
15	11	5	133	1097	1157
16	0	2	134	0	37
16	1	0	135	133	161
16	9	11	136	278	344
16	7	9	137	457	518
16	5	0	138	558	594
16	12	5	139	619	672
16	1	6	140	700	763
16	8	4	141	768	797
16	4	8	142	1012	1042
16	10	2	143	1235	1332
17	11	2	144	76	146
17	5	0	145	266	285
17	5	2	146	290	316
17	14	9	147	597	663
17	14	3	148	824	876
17	2	5	149	1041	1097
18	13	0	150	0	43
18	3	8	151	163	197
18	5	8	152	367	399
18	2	5	153	487	547
18	9	1	154	732	776
18	7	11	155	798	843
18	10	9	156	894	928
18	9	2	157	960	984
18	8	8	158	1273	1318
19	10	0	159	79	119
19	1	0	160	161	200
19	11	7	161	352	416
19	14	1	162	451	524
19	7	7	163	534	597
19	0	11	164	597	642
19	9	10	165	674	732
19	0	10	166	798	876
19	6	3	167	947	978
20	4	10	168	299	377
20	5	11	169	843	865
20	14	3	170	876	935
20	1	10	171	956	997
20	9	5	172	1162	1171
20	2	9	173	1249	1333
21	4	6	174	132	209
21	4	8	175	213	282
21	8	5	176	370	433
21	11	6	177	629	700
21	1	10	178	1043	1140
21	0	5	179	1171	1252
21	7	6	180	1252	1295
22	2	2	181	382	403
22	6	4	182	410	464
22	10	1	183	948	1012
22	8	7	184	1017	1096
22	6	8	185	1096	1194
22	7	9	186	1195	1246
22	13	8	187	1247	1273
22	7	10	188	1306	1325
23	2	7	189	88	176
23	13	9	190	216	246
23	10	1	191	286	313
23	9	2	192	344	381
23	4	0	193	480	558
23	2	7	194	947	1017
23	11	7	195	1157	1202
24	0	3	196	86	146
24	12	3	197	146	155
24	6	7	198	208	279
24	6	0	199	352	366
24	11	10	200	732	796
24	11	1	201	1028	1087
24	4	6	202	1169	1180
24	14	5	203	1263	1330
25	6	10	204	127	194
25	0	11	205	458	513
25	14	11	206	524	597
25	9	1	207	642	652
25	8	2	208	667	747
26	5	9	209	0	26
26	0	5	210	43	86
26	6	4	211	464	520
26	1	6	212	520	547
26	4	6	213	1180	1198
27	7	11	214	116	219
27	11	2	215	458	495
27	9	5	216	828	910
27	4	6	217	912	987
27	11	2	218	1013	1028
27	9	2	219	1091	1162
28	8	5	220	0	16
28	4	8	221	594	679
28	7	5	222	745	796
28	11	0	223	865	906
28	12	8	224	976	985
28	3	6	225	1014	1098
28	1	10	226	1140	1167
28	5	8	227	1216	1247
28	9	1	228	1262	1291
29	14	9	229	86	128
29	13	7	230	176	208
29	10	1	231	236	286
29	4	8	232	399	442
29	0	2	233	524	551
29	6	3	234	688	726
30	11	7	235	502	534
30	3	6	236	547	629
30	14	9	237	663	731
30	4	2	238	804	876
30	2	2	239	876	901
30	0	5	240	910	926
30	5	11	241	972	1004
30	6	5	242	1004	1041
30	7	1	243	1134	1167
31	4	4	244	59	126
31	5	3	245	726	824
31	13	9	246	865	894
31	6	8	247	1194	1216
31	11	0	248	1235	1263
31	11	6	249	1295	1331
32	1	2	250	231	290
32	13	0	251	321	333
32	10	4	252	382	410
32	10	9	253	518	589
32	5	3	254	622	688
32	3	5	255	796	828
32	13	0	256	1014	1047
33	9	11	257	48	83
33	9	11	258	83	116
33	11	6	259	209	267
33	14	11	260	344	368
33	3	8	261	679	752
33	0	11	262	765	798
34	9	1	263	551	642
34	6	10	264	642	674
34	2	7	265	688	750
34	0	4	266	956	1060
34	12	10	267	1193	1244
35	5	0	268	43	79
35	5	3	269	163	224
35	8	4	270	233	280
35	10	1	271	313	375
35	7	9	272	387	432
35	2	9	273	432	457
35	4	4	274	567	594
35	3	2	275	629	667
35	11	0	276	964	1004
36	12	4	277	310	342
36	5	3	278	399	474
36	10	4	279	594	665
36	9	2	280	910	960
36	13	3	281	1168	1238
37	6	4	282	0	47
37	9	10	283	445	543
37	0	8	284	551	590
37	1	7	285	597	687
37	2	9	286	759	797
37	10	4	287	797	858
37	9	10	288	997	1043
37	3	6	289	1098	1169
37	5	0	290	1169	1213
38	12	6	291	37	94
38	2	10	292	194	216
38	13	6	293	763	837
38	5	11	294	865	901
38	5	11	295	901	972
38	8	7	296	1096	1154
38	1	10	297	1167	1179
39	2	6	298	0	24
39	8	9	299	26	86
39	3	6	300	94	132
39	10	4	301	132	195
39	5	2	302	512	524
39	13	1	303	524	551
39	13	0	304	594	678
39	13	9	305	731	759
39	10	2	306	1028	1091


Solution History:
