This is the output of Heuristic Solver for Dual resource constrained flexible job shop Scheduling Problem.
Input file is: wfjsp17_9.txt
Method: TS_100000000_0.197830_5
Seed: 1
Number of Jobs: 15
Number of Operations: 131
Number of Machines: 5
Number of Operators: 4
CPU Time: 11.877
obj: 1626
Best found lower bound:0
Solver gap (best found lower bound and upper bound difference): Not known


Final Solution:
Job	Machine	Operator	Operation	Start Time	Finish Time
0	3	0	0	110	190
0	2	0	1	191	233
0	2	3	2	720	780
0	1	3	3	780	836
0	3	3	4	836	865
0	1	0	5	877	978
0	0	2	6	1154	1214
0	2	0	7	1509	1528
1	2	0	8	504	559
1	2	0	9	559	617
1	2	3	10	617	701
1	4	1	11	722	800
1	0	2	12	871	949
1	4	2	13	949	985
1	0	2	14	1083	1104
1	4	2	15	1567	1626
2	2	0	16	0	17
2	1	3	17	448	531
2	3	1	18	561	586
2	4	2	19	694	719
2	1	1	20	1162	1192
2	1	3	21	1332	1386
2	1	1	22	1429	1441
2	0	2	23	1487	1509
3	4	1	24	66	88
3	3	0	25	233	289
3	2	0	26	376	427
3	3	0	27	427	504
3	3	3	28	865	950
3	3	3	29	950	1034
3	2	1	30	1050	1117
3	4	1	31	1450	1507
3	0	2	32	1509	1567
4	1	1	33	0	66
4	1	0	34	66	81
4	4	1	35	486	561
4	4	2	36	660	694
4	2	0	37	827	846
4	2	1	38	966	977
4	1	0	39	1093	1148
4	4	3	40	1507	1564
5	0	2	41	92	180
5	2	3	42	235	262
5	4	3	43	323	342
5	2	3	44	701	720
5	0	2	45	834	871
5	2	3	46	1121	1162
5	4	3	47	1162	1225
5	1	0	48	1288	1332
6	2	0	49	43	62
6	2	3	50	102	191
6	3	0	51	289	318
6	1	1	52	387	448
6	4	2	53	604	632
6	4	2	54	632	660
6	4	1	55	800	864
6	1	0	56	978	1057
6	1	1	57	1148	1162
6	1	1	58	1594	1621
7	4	1	59	88	161
7	1	3	60	191	235
7	1	1	61	248	284
7	0	2	62	379	461
7	0	2	63	461	516
7	3	1	64	653	722
7	3	1	65	1361	1429
7	1	0	66	1528	1541
7	2	0	67	1541	1550
8	3	0	68	17	43
8	0	2	69	301	379
8	2	1	70	462	486
8	4	2	71	570	604
8	2	0	72	846	877
8	2	1	73	977	1050
8	0	2	74	1274	1360
8	2	3	75	1564	1618
9	1	0	76	81	110
9	0	1	77	180	248
9	0	2	78	719	761
9	0	2	79	780	834
9	2	1	80	938	966
9	3	0	81	1057	1093
9	3	1	82	1117	1147
9	1	1	83	1507	1522
10	0	2	84	0	55
10	4	2	85	246	279
10	1	3	86	531	617
10	1	0	87	694	749
10	0	2	88	761	780
10	3	0	89	805	827
10	4	1	90	864	938
10	4	2	91	985	1021
10	2	3	92	1225	1314
10	2	3	93	1414	1497
11	3	3	94	59	102
11	1	1	95	161	173
11	4	1	96	284	318
11	3	0	97	318	376
11	0	1	98	586	653
11	4	1	99	1225	1304
11	1	3	100	1386	1414
11	3	0	101	1451	1509
12	0	2	102	55	92
12	0	2	103	279	301
12	4	3	104	342	437
12	0	2	105	516	570
12	3	0	106	749	805
12	3	0	107	1148	1226
12	3	3	108	1314	1325
12	2	0	109	1332	1396
12	0	0	110	1572	1625
13	2	1	111	448	462
13	1	0	112	617	694
13	4	3	113	1034	1121
13	0	2	114	1129	1154
13	2	1	115	1192	1220
13	1	0	116	1226	1288
13	4	1	117	1304	1361
13	0	0	118	1396	1451
13	0	2	119	1451	1487
13	1	0	120	1550	1572
14	4	3	121	0	59
14	4	2	122	180	246
14	2	3	123	262	323
14	1	1	124	323	387
14	0	2	125	1021	1083
14	0	2	126	1104	1129
14	0	2	127	1214	1253
14	0	2	128	1253	1274
14	4	2	129	1361	1450
14	3	1	130	1522	1594


Solution History:
