This is the output of Heuristic Solver for Dual resource constrained flexible job shop Scheduling Problem.
Input file is: wfjsp17_1.txt
Method: TS_100000000_0.349038_5
Seed: 1
Number of Jobs: 15
Number of Operations: 136
Number of Machines: 5
Number of Operators: 4
CPU Time: 20.9482
obj: 1624
Best found lower bound:0
Solver gap (best found lower bound and upper bound difference): Not known


Final Solution:
Job	Machine	Operator	Operation	Start Time	Finish Time
0	3	3	0	421	492
0	4	2	1	726	751
0	2	2	2	926	972
0	0	1	3	1017	1108
0	4	2	4	1193	1270
0	1	3	5	1286	1347
0	3	1	6	1398	1477
0	4	0	7	1590	1617
1	2	0	8	88	130
1	3	3	9	268	303
1	3	3	10	303	311
1	1	1	11	399	417
1	2	0	12	432	446
1	1	2	13	449	492
1	4	0	14	495	556
1	4	0	15	926	974
1	4	0	16	1427	1452
2	3	2	17	233	243
2	0	1	18	348	399
2	1	2	19	517	559
2	3	3	20	620	728
2	2	0	21	832	926
2	3	2	22	972	1015
2	4	2	23	1015	1086
2	4	2	24	1179	1193
2	1	3	25	1347	1382
2	2	0	26	1522	1542
3	2	0	27	0	21
3	0	1	28	50	95
3	2	0	29	245	326
3	4	1	30	584	625
3	3	1	31	835	894
3	0	1	32	1162	1251
3	1	3	33	1382	1429
3	4	1	34	1477	1492
3	3	3	35	1548	1598
4	4	0	36	21	47
4	3	1	37	125	162
4	2	0	38	556	622
4	0	2	39	668	726
4	4	2	40	819	852
4	2	0	41	1056	1150
4	3	3	42	1150	1175
4	2	0	43	1229	1282
4	2	0	44	1452	1465
4	2	3	45	1598	1610
5	4	2	46	159	233
5	1	3	47	257	268
5	0	1	48	463	472
5	4	2	49	751	793
5	0	3	50	841	916
5	0	3	51	937	952
5	0	1	52	952	1017
5	3	1	53	1306	1360
5	4	0	54	1385	1427
6	2	0	55	130	172
6	1	2	56	272	372
6	4	2	57	372	414
6	0	1	58	472	563
6	0	1	59	726	780
6	0	1	60	780	801
6	1	1	61	894	949
6	4	2	62	1161	1179
7	0	1	63	0	50
7	0	1	64	257	348
7	3	3	65	530	564
7	1	3	66	564	583
7	4	1	67	625	676
7	2	0	68	773	832
7	3	3	69	1175	1248
7	1	3	70	1248	1286
8	3	3	71	324	350
8	4	2	72	414	449
8	4	0	73	449	495
8	3	3	74	583	620
8	2	0	75	622	667
8	2	0	76	974	1056
8	4	2	77	1086	1161
8	2	0	78	1282	1364
8	0	3	79	1429	1531
9	1	2	80	80	159
9	3	3	81	162	200
9	3	2	82	243	260
9	2	0	83	667	687
9	3	1	84	804	813
9	1	3	85	952	1029
9	3	2	86	1360	1398
9	2	0	87	1486	1522
9	3	3	88	1531	1548
10	3	3	89	0	30
10	2	0	90	172	221
10	3	3	91	311	324
10	0	1	92	417	463
10	3	3	93	728	804
10	0	3	94	804	822
10	3	3	95	916	937
10	0	1	96	1108	1162
10	0	1	97	1360	1373
10	1	1	98	1533	1617
11	3	3	99	30	102
11	0	3	100	200	257
11	3	3	101	492	530
11	2	0	102	687	773
11	4	2	103	852	924
11	3	3	104	1106	1144
11	0	1	105	1251	1306
11	2	0	106	1364	1385
11	4	0	107	1542	1590
11	3	3	108	1610	1623
12	1	2	109	0	80
12	0	3	110	102	162
12	3	3	111	350	421
12	4	2	112	793	819
12	0	3	113	822	841
12	1	3	114	1029	1106
12	2	0	115	1465	1486
12	0	2	116	1531	1624
13	1	1	117	162	257
13	4	2	118	260	272
13	2	2	119	492	517
13	4	2	120	559	576
13	0	2	121	584	668
13	1	1	122	676	723
13	2	0	123	1150	1229
13	0	2	124	1307	1360
13	4	1	125	1492	1533
14	4	0	126	47	88
14	4	1	127	95	125
14	2	0	128	221	245
14	2	0	129	326	432
14	0	1	130	563	584
14	1	1	131	813	835
14	4	2	132	1270	1307
14	0	1	133	1373	1391
14	2	2	134	1398	1449
14	1	2	135	1449	1529


Solution History:
