This is the output of Heuristic Solver for Dual resource constrained flexible job shop Scheduling Problem.
Input file is: wfjsp9_8.txt
Method: TS_100000000_0.475712_5
Seed: 2
Number of Jobs: 15
Number of Operations: 133
Number of Machines: 5
Number of Operators: 5
CPU Time: 28.5478
obj: 1404
Best found lower bound:0
Solver gap (best found lower bound and upper bound difference): Not known


Final Solution:
Job	Machine	Operator	Operation	Start Time	Finish Time
0	0	0	0	56	83
0	4	2	1	471	533
0	3	1	2	777	808
0	1	4	3	952	1012
0	1	4	4	1012	1086
0	4	1	5	1102	1159
0	1	0	6	1247	1303
0	1	0	7	1303	1315
1	1	4	8	98	145
1	1	4	9	576	627
1	0	4	10	673	704
1	3	2	11	890	977
1	0	0	12	989	997
1	1	0	13	1157	1247
1	0	0	14	1317	1336
1	2	3	15	1338	1399
2	2	1	16	0	74
2	4	2	17	88	117
2	2	1	18	238	293
2	3	3	19	302	348
2	2	3	20	717	763
2	1	4	21	780	822
2	1	4	22	822	873
2	1	0	23	1102	1157
2	3	2	24	1252	1315
2	1	1	25	1317	1404
3	4	2	26	165	243
3	4	2	27	308	377
3	2	1	28	455	511
3	3	1	29	641	717
3	1	0	30	719	780
3	1	1	31	873	938
3	3	2	32	977	1038
3	3	2	33	1038	1073
3	3	2	34	1073	1163
3	2	3	35	1206	1293
4	2	1	36	74	100
4	0	0	37	105	127
4	2	1	38	293	355
4	2	3	39	641	651
4	2	3	40	651	717
4	0	0	41	831	862
4	4	4	42	873	884
4	4	4	43	884	930
4	2	3	44	998	1041
4	4	1	45	1052	1102
5	4	2	46	0	88
5	1	4	47	192	233
5	4	2	48	377	424
5	4	2	49	533	594
5	1	0	50	647	719
5	1	4	51	938	952
5	0	0	52	972	989
5	0	0	53	1353	1401
6	0	0	54	0	56
6	3	3	55	75	94
6	0	0	56	127	201
6	0	0	57	576	630
6	2	3	58	763	826
6	2	3	59	826	867
6	0	0	60	1021	1102
6	2	3	61	1146	1206
6	2	3	62	1310	1338
7	2	1	63	100	119
7	1	4	64	145	192
7	0	4	65	496	568
7	3	3	66	623	639
7	0	0	67	780	799
7	4	1	68	827	873
7	4	1	69	997	1052
7	0	4	70	1201	1253
7	2	3	71	1293	1310
8	3	3	72	94	171
8	1	4	73	233	280
8	1	0	74	549	576
8	4	2	75	594	621
8	0	0	76	862	884
8	4	1	77	938	997
8	0	4	78	1156	1201
8	3	1	79	1220	1245
9	3	3	80	0	75
9	0	0	81	83	105
9	2	1	82	179	238
9	4	2	83	243	308
9	0	4	84	410	496
9	3	3	85	528	623
9	0	4	86	630	673
9	4	2	87	689	761
9	4	2	88	761	820
10	0	4	89	280	360
10	3	3	90	419	470
10	1	0	91	474	549
10	2	1	92	568	641
10	3	1	93	717	777
10	3	1	94	808	827
10	2	3	95	867	934
10	0	4	96	1102	1156
10	4	2	97	1163	1252
10	4	4	98	1287	1342
11	2	1	99	119	179
11	3	3	100	179	243
11	1	0	101	280	368
11	1	0	102	368	449
11	2	1	103	511	568
11	0	0	104	884	972
11	0	0	105	997	1021
11	0	0	106	1336	1353
12	3	3	107	348	419
12	2	1	108	428	455
12	1	0	109	455	474
12	3	3	110	474	528
12	2	3	111	934	998
12	2	3	112	1041	1082
12	3	1	113	1163	1220
12	4	4	114	1342	1391
13	1	4	115	0	98
13	4	2	116	117	165
13	0	0	117	201	280
13	3	3	118	289	302
13	2	1	119	355	411
13	2	1	120	411	428
13	4	2	121	621	689
13	0	4	122	704	776
13	4	4	123	1253	1287
13	3	2	124	1315	1402
14	3	3	125	243	289
14	0	4	126	360	410
14	4	2	127	424	471
14	1	0	128	630	647
14	0	0	129	799	831
14	3	2	130	831	890
14	2	3	131	1082	1146
14	0	1	132	1253	1317


Solution History:
