This is the output of Heuristic Solver for Dual resource constrained flexible job shop Scheduling Problem.
Input file is: wfjsp20_2.txt
Method: TS_100000000_0.290892_5
Seed: 4
Number of Jobs: 25
Number of Operations: 193
Number of Machines: 10
Number of Operators: 8
CPU Time: 17.4683
obj: 1246
Best found lower bound:0
Solver gap (best found lower bound and upper bound difference): Not known


Final Solution:
Job	Machine	Operator	Operation	Start Time	Finish Time
0	4	2	0	0	80
0	2	0	1	97	165
0	0	1	2	828	847
0	0	4	3	1180	1214
0	4	7	4	1228	1244
1	8	0	5	18	42
1	8	4	6	61	128
1	8	7	7	132	142
1	2	4	8	357	429
1	1	0	9	477	517
1	1	6	10	650	705
1	6	4	11	738	753
1	1	5	12	823	892
1	4	7	13	1162	1228
2	5	4	14	0	61
2	0	5	15	104	173
2	8	0	16	183	212
2	8	4	17	315	357
2	3	7	18	424	445
2	5	5	19	447	506
2	4	4	20	575	653
2	6	0	21	757	840
2	0	3	22	1114	1172
2	6	0	23	1176	1246
3	7	1	24	0	67
3	3	1	25	71	89
3	8	2	26	164	175
3	5	5	27	362	447
3	4	7	28	923	945
3	2	2	29	976	1060
3	5	5	30	1071	1156
3	7	0	31	1156	1175
3	9	1	32	1175	1242
4	1	0	33	212	293
4	6	6	34	522	577
4	0	3	35	637	662
4	8	0	36	840	892
4	8	0	37	892	929
4	4	7	38	945	1016
4	1	6	39	1019	1107
4	1	1	40	1120	1143
4	7	6	41	1176	1190
4	0	4	42	1214	1244
5	7	3	43	193	209
5	9	3	44	351	389
5	7	2	45	499	575
5	9	5	46	600	640
5	4	4	47	653	738
5	3	4	48	753	838
6	6	5	49	27	91
6	3	1	50	91	122
6	5	1	51	132	203
6	2	4	52	282	315
6	6	6	53	423	449
6	2	1	54	488	523
6	6	0	55	577	628
6	6	0	56	628	647
6	2	4	57	898	967
7	1	6	58	14	81
7	6	5	59	91	104
7	3	3	60	163	193
7	7	3	61	209	264
7	8	1	62	523	601
7	3	1	63	601	654
7	8	1	64	958	1031
8	0	2	65	175	229
8	0	2	66	229	252
8	0	7	67	305	394
8	1	0	68	463	477
8	5	7	69	544	621
8	8	5	70	640	655
8	9	7	71	688	745
8	8	7	72	759	823
8	4	7	73	1016	1063
9	5	7	74	73	132
9	3	4	75	198	282
9	4	2	76	301	356
9	2	4	77	429	487
9	7	3	78	662	746
9	4	7	79	746	759
9	0	2	80	775	826
9	1	5	81	892	937
9	0	4	82	967	1029
9	7	0	83	1071	1087
10	7	3	84	264	342
10	3	0	85	388	407
10	9	1	86	407	433
10	8	5	87	655	690
10	0	2	88	742	775
10	5	7	89	828	915
10	6	6	90	1107	1176
11	0	7	91	0	73
11	9	4	92	128	198
11	3	0	93	293	304
11	6	6	94	324	350
11	6	6	95	449	522
11	5	7	96	621	688
11	7	2	97	826	889
11	3	3	98	983	1068
11	5	5	99	1156	1241
12	7	0	100	165	183
12	9	1	101	276	351
12	4	3	102	389	449
12	1	0	103	517	568
12	9	3	104	746	811
12	7	0	105	962	1037
12	5	0	106	1037	1071
12	4	2	107	1114	1162
12	8	2	108	1162	1241
13	7	3	109	105	162
13	7	1	110	351	400
13	0	7	111	400	424
13	7	3	112	449	491
13	9	5	113	506	571
13	2	1	114	689	760
13	7	1	115	1107	1120
14	1	6	116	0	14
14	2	7	117	165	184
14	5	7	118	219	305
14	2	2	119	575	662
14	5	0	120	728	757
14	5	1	121	760	828
14	4	2	122	1063	1114
15	2	0	123	0	18
15	3	3	124	32	60
15	9	7	125	198	219
15	4	6	126	775	786
15	6	1	127	881	907
15	4	6	128	907	923
15	3	2	129	967	976
15	0	4	130	1029	1102
15	7	0	131	1143	1153
16	3	3	132	0	32
16	2	0	133	42	97
16	6	6	134	125	177
16	1	5	135	293	349
16	3	0	136	358	388
16	1	6	137	786	822
16	8	0	138	1087	1143
17	2	5	139	184	276
17	3	0	140	304	358
17	1	6	141	705	775
17	2	4	142	838	898
17	9	3	143	898	935
17	1	5	144	937	1003
18	9	5	145	0	27
18	1	6	146	81	125
18	6	6	147	248	324
18	1	0	148	407	437
18	9	1	149	437	488
18	3	0	150	929	962
18	9	3	151	1068	1114
18	2	4	152	1114	1180
18	3	3	153	1180	1246
19	3	3	154	60	71
19	4	2	155	80	164
19	0	2	156	252	301
19	0	3	157	572	637
19	0	1	158	847	881
19	1	6	159	1190	1243
20	3	7	160	142	163
20	6	6	161	177	248
20	1	0	162	437	463
20	2	1	163	662	689
20	7	5	164	755	823
20	4	6	165	823	907
20	6	1	166	907	958
20	6	1	167	1031	1107
21	5	5	168	349	362
21	0	7	169	445	472
21	3	3	170	491	572
21	7	6	171	577	650
21	8	5	172	690	755
21	9	5	173	1003	1068
22	4	1	174	203	276
22	8	5	175	276	288
22	6	6	176	350	423
22	1	5	177	571	600
22	3	0	178	654	728
22	9	3	179	811	898
22	5	6	180	923	990
22	6	6	181	990	1019
23	8	2	182	437	499
23	4	4	183	499	575
23	0	2	184	662	742
23	0	2	185	889	967
23	3	7	186	1068	1115
23	9	1	187	1143	1173
24	9	3	188	71	105
24	8	2	189	357	437
24	0	7	190	472	544
24	9	3	191	935	983
24	3	7	192	1115	1160


Solution History:
