This is the output of Heuristic Solver for Dual resource constrained flexible job shop Scheduling Problem.
Input file is: wfjsp23_10.txt
Method: TS_100000000_0.655328_5
Seed: 2
Number of Jobs: 30
Number of Operations: 385
Number of Machines: 15
Number of Operators: 12
CPU Time: 39.3775
obj: 1765
Best found lower bound:0
Solver gap (best found lower bound and upper bound difference): Not known


Final Solution:
Job	Machine	Operator	Operation	Start Time	Finish Time
0	0	9	0	0	78
0	1	3	1	650	732
0	4	11	2	830	898
0	0	6	3	935	1020
0	0	9	4	1022	1078
0	5	1	5	1142	1173
0	2	5	6	1241	1277
0	9	4	7	1298	1362
0	0	4	8	1362	1454
0	4	0	9	1510	1538
0	8	11	10	1551	1588
0	5	11	11	1588	1623
0	4	6	12	1676	1761
1	10	11	13	19	94
1	2	10	14	94	161
1	7	5	15	322	403
1	10	11	16	644	723
1	2	8	17	726	738
1	1	8	18	738	746
1	14	9	19	802	845
1	7	6	20	871	935
1	10	2	21	935	1018
1	11	6	22	1020	1061
1	1	9	23	1078	1144
1	11	5	24	1277	1316
1	7	2	25	1616	1639
2	13	5	26	0	49
2	3	2	27	55	73
2	2	2	28	417	503
2	1	11	29	783	816
2	11	3	30	871	950
2	6	9	31	950	1022
2	4	11	32	1022	1091
2	9	3	33	1142	1181
2	8	10	34	1234	1291
2	1	8	35	1417	1491
2	2	7	36	1543	1555
2	3	3	37	1616	1640
2	4	9	38	1652	1672
3	6	3	39	223	271
3	13	8	40	328	356
3	5	11	41	429	518
3	5	11	42	518	589
3	6	4	43	589	675
3	10	11	44	816	830
3	13	3	45	837	851
3	2	0	46	851	918
3	9	0	47	1373	1420
3	4	1	48	1481	1495
4	13	10	49	482	572
4	3	0	50	674	763
4	1	10	51	835	862
4	14	5	52	960	1027
4	7	2	53	1105	1114
4	7	6	54	1114	1202
4	10	8	55	1322	1399
4	2	6	56	1401	1420
4	14	6	57	1422	1486
4	9	2	58	1551	1591
4	8	1	59	1602	1611
5	0	9	60	123	211
5	10	5	61	410	458
5	8	0	62	492	574
5	12	8	63	922	990
5	7	10	64	1015	1100
5	10	0	65	1250	1322
5	13	6	66	1325	1371
5	8	11	67	1371	1416
5	1	5	68	1492	1510
5	13	9	69	1510	1532
5	11	6	70	1572	1592
5	3	2	71	1592	1616
5	1	2	72	1639	1690
6	7	1	73	0	49
6	6	4	74	69	90
6	14	6	75	127	195
6	14	1	76	210	264
6	3	7	77	383	422
6	9	1	78	609	645
6	8	10	79	755	835
6	3	5	80	1027	1062
6	5	6	81	1062	1095
6	3	0	82	1483	1510
6	0	6	83	1592	1602
7	13	0	84	145	234
7	9	9	85	318	352
7	13	9	86	399	436
7	0	9	87	436	506
7	2	2	88	585	661
7	4	9	89	666	681
7	10	9	90	723	802
7	14	0	91	1164	1228
7	6	6	92	1371	1401
7	3	0	93	1730	1748
8	7	1	94	49	138
8	10	2	95	182	232
8	7	0	96	234	322
8	11	6	97	346	419
8	10	9	98	506	570
8	13	3	99	752	837
8	6	4	100	867	948
8	13	10	101	1103	1180
8	4	7	102	1183	1269
8	1	11	103	1278	1365
8	5	3	104	1378	1423
8	2	7	105	1460	1488
8	8	7	106	1488	1533
8	12	10	107	1682	1757
9	6	0	108	36	51
9	13	0	109	51	145
9	5	11	110	162	175
9	0	4	111	263	329
9	8	1	112	645	717
9	5	1	113	782	836
9	0	9	114	845	932
9	2	7	115	958	1028
9	2	5	116	1150	1241
9	13	9	117	1422	1499
9	14	1	118	1528	1602
9	8	11	119	1623	1702
9	3	7	120	1702	1730
9	10	8	121	1730	1765
10	10	9	122	239	318
10	0	3	123	396	423
10	6	4	124	511	581
10	10	11	125	589	607
10	9	10	126	645	667
10	9	10	127	667	707
10	0	7	128	814	843
10	12	2	129	851	886
10	5	1	130	1019	1055
10	1	11	131	1702	1748
11	4	11	132	0	19
11	2	6	133	195	281
11	13	8	134	436	445
11	12	2	135	503	585
11	6	3	136	851	867
11	1	11	137	898	966
11	1	8	138	990	1070
11	11	4	139	1070	1093
11	11	0	140	1096	1164
11	0	1	141	1189	1265
11	7	1	142	1265	1321
11	7	2	143	1325	1421
11	8	0	144	1421	1483
11	4	0	145	1538	1606
12	1	4	146	249	263
12	14	1	147	354	437
12	3	3	148	437	512
12	7	1	149	520	609
12	14	5	150	609	659
12	3	0	151	661	674
12	7	6	152	674	706
12	0	7	153	707	786
12	13	2	154	1245	1325
12	1	3	155	1528	1615
13	11	8	156	251	328
13	5	8	157	589	670
13	4	9	158	681	715
13	4	11	159	749	773
13	5	8	160	851	922
13	7	10	161	939	1015
13	6	5	162	1062	1089
13	6	5	163	1089	1150
13	1	11	164	1192	1278
13	0	7	165	1278	1323
13	3	7	166	1323	1392
13	11	5	167	1392	1460
13	11	5	168	1460	1492
13	2	10	169	1501	1543
13	14	1	170	1611	1665
14	5	6	171	0	84
14	10	2	172	94	182
14	3	5	173	246	312
14	13	8	174	670	699
14	6	9	175	1189	1275
14	12	3	176	1297	1342
14	7	10	177	1421	1501
14	3	3	178	1512	1528
14	10	9	179	1532	1596
14	7	5	180	1596	1609
14	13	10	181	1610	1682
14	2	3	182	1682	1704
14	2	3	183	1704	1760
15	11	5	184	55	119
15	7	5	185	149	229
15	4	1	186	264	354
15	11	6	187	520	599
15	12	1	188	717	782
15	10	2	189	886	933
15	11	3	190	970	989
15	2	7	191	1028	1114
15	10	9	192	1144	1189
15	9	2	193	1192	1245
15	14	9	194	1352	1422
15	4	9	195	1620	1652
16	9	10	196	0	78
16	5	3	197	90	138
16	1	9	198	211	239
16	5	4	199	346	429
16	12	8	200	447	480
16	0	3	201	572	588
16	4	11	202	723	749
16	1	8	203	749	783
16	5	4	204	948	973
16	3	4	205	973	1008
16	0	3	206	1103	1142
16	1	2	207	1144	1192
16	12	2	208	1444	1529
17	11	5	209	119	149
17	0	7	210	329	372
17	7	7	211	422	500
17	9	3	212	512	572
17	14	5	213	572	593
17	4	9	214	593	666
17	11	3	215	950	970
17	10	1	216	1055	1142
17	12	4	217	1152	1174
17	9	4	218	1454	1522
17	3	2	219	1529	1551
17	8	7	220	1730	1760
18	14	3	221	0	90
18	4	1	222	138	210
18	14	10	223	278	298
18	9	10	224	298	316
18	1	10	225	449	482
18	1	10	226	572	642
18	5	4	227	675	760
18	9	4	228	760	826
18	10	1	229	836	881
18	8	4	230	1008	1057
18	8	10	231	1180	1234
18	6	9	232	1275	1352
18	7	5	233	1510	1596
18	10	8	234	1600	1684
18	10	8	235	1684	1730
19	11	2	236	0	55
19	8	7	237	66	74
19	3	2	238	74	88
19	12	7	239	88	140
19	13	10	240	239	278
19	0	6	241	506	514
19	3	7	242	567	654
19	8	0	243	918	971
19	3	3	244	1181	1271
19	5	4	245	1290	1298
19	2	6	246	1300	1311
19	14	1	247	1495	1528
20	12	8	248	140	207
20	8	11	249	207	280
20	12	0	250	322	373
20	2	10	251	373	417
20	9	4	252	447	511
20	9	2	253	1019	1105
20	12	4	254	1105	1152
20	0	1	255	1173	1189
20	10	0	256	1228	1250
20	4	1	257	1321	1394
20	5	11	258	1471	1551
20	2	7	259	1555	1648
20	3	7	260	1648	1696
20	14	1	261	1743	1761
21	6	0	262	0	11
21	1	11	263	94	138
21	1	11	264	138	162
21	9	10	265	162	239
21	5	2	266	239	276
21	2	2	267	281	357
21	13	9	268	357	399
21	8	10	269	417	449
21	14	5	270	458	506
21	11	6	271	599	672
21	7	7	272	843	867
21	5	1	273	1665	1743
22	1	8	274	0	87
22	1	8	275	356	422
22	2	8	276	503	582
22	2	2	277	661	700
22	13	3	278	732	752
22	7	2	279	789	837
22	12	3	280	1039	1103
22	14	6	281	1230	1300
22	8	10	282	1300	1368
22	4	1	283	1394	1481
22	0	6	284	1486	1570
22	13	8	285	1572	1600
22	6	0	286	1607	1674
22	14	0	287	1683	1730
22	7	5	288	1737	1752
23	2	0	289	11	36
23	9	8	290	87	130
23	6	3	291	159	223
23	0	4	292	223	249
23	12	7	293	249	313
23	10	11	294	397	410
23	6	6	295	419	498
23	12	3	296	588	650
23	9	10	297	707	750
23	3	5	298	793	874
23	9	1	299	964	980
23	3	8	300	1103	1179
23	7	6	301	1202	1230
23	2	3	302	1342	1378
23	9	3	303	1640	1682
24	11	1	304	437	520
24	1	5	305	524	570
24	13	0	306	574	661
24	14	5	307	661	723
24	7	6	308	723	737
24	8	6	309	737	755
24	14	6	310	755	787
24	12	8	311	787	851
24	5	4	312	1174	1192
24	5	0	313	1322	1373
24	6	3	314	1423	1512
24	6	4	315	1522	1607
24	0	5	316	1609	1657
24	7	5	317	1657	1737
24	5	2	318	1743	1765
25	6	4	319	90	159
25	11	4	320	159	188
25	9	2	321	357	412
25	12	4	322	429	447
25	10	8	323	480	503
25	1	5	324	506	524
25	10	11	325	607	644
25	12	7	326	654	707
25	6	5	327	723	793
25	11	6	328	793	871
25	9	1	329	881	964
25	4	11	330	966	1022
25	3	7	331	1392	1460
25	12	10	332	1543	1610
26	8	7	333	0	66
26	8	6	334	84	127
26	8	7	335	140	169
26	11	8	336	207	251
26	6	3	337	271	317
26	3	10	338	317	365
26	4	7	339	372	383
26	14	7	340	506	567
26	13	8	341	699	726
26	14	10	342	862	939
26	12	3	343	990	1039
26	11	6	344	1602	1676
26	0	9	345	1676	1762
27	12	4	346	0	69
27	3	7	347	169	246
27	1	11	348	280	349
27	8	11	349	349	397
27	4	0	350	397	492
27	3	0	351	1085	1096
27	5	4	352	1192	1268
27	2	3	353	1277	1297
27	1	8	354	1399	1417
27	12	2	355	1421	1444
27	11	8	356	1492	1572
27	9	9	357	1596	1620
27	11	4	358	1676	1757
28	4	9	359	78	123
28	5	3	360	138	153
28	6	3	361	317	396
28	11	2	362	700	789
28	4	7	363	789	798
28	0	7	364	798	814
28	9	4	365	826	867
28	3	7	366	874	958
28	9	1	367	980	1019
28	8	0	368	1060	1085
28	8	11	369	1091	1176
28	11	8	370	1179	1259
28	12	4	371	1268	1290
28	11	5	372	1316	1386
29	5	6	373	281	346
29	2	0	374	763	851
29	13	5	375	874	960
29	13	0	376	971	1060
29	13	8	377	1070	1103
29	4	7	378	1114	1183
29	9	8	379	1259	1291
29	12	10	380	1368	1411
29	10	11	381	1416	1471
29	12	4	382	1610	1674
29	6	0	383	1674	1683
29	13	2	384	1690	1736


Solution History:
