This is the output of Heuristic Solver for Dual resource constrained flexible job shop Scheduling Problem.
Input file is: wfjsp7_5.txt
Method: TS_100000000_0.084315_5
Seed: 3
Number of Jobs: 12
Number of Operations: 80
Number of Machines: 5
Number of Operators: 5
CPU Time: 5.06158
obj: 828
Best found lower bound:0
Solver gap (best found lower bound and upper bound difference): Not known


Final Solution:
Job	Machine	Operator	Operation	Start Time	Finish Time
0	0	2	0	29	44
0	1	4	1	49	89
0	3	2	2	89	173
0	4	1	3	519	585
0	0	1	4	585	650
0	0	1	5	676	710
0	3	0	6	713	780
1	1	1	7	441	478
1	1	4	8	612	661
1	3	0	9	662	703
1	0	1	10	710	741
1	1	1	11	758	827
2	1	1	12	89	114
2	2	3	13	175	189
2	2	3	14	189	256
2	4	1	15	268	332
2	3	0	16	703	713
3	1	1	17	114	161
3	3	3	18	390	457
3	1	1	19	478	515
3	4	4	20	691	719
3	4	4	21	719	760
4	0	2	22	0	29
4	0	2	23	44	75
4	0	0	24	208	307
4	0	0	25	395	438
4	0	2	26	741	783
5	3	3	27	0	23
5	4	1	28	260	268
5	3	3	29	457	505
5	1	4	30	519	612
5	4	3	31	612	676
6	3	3	32	23	89
6	2	3	33	89	175
6	4	4	34	175	255
6	0	0	35	307	344
6	1	4	36	661	675
6	0	2	37	783	828
7	2	0	38	0	81
7	0	0	39	101	170
7	1	4	40	342	406
7	2	2	41	479	507
7	2	3	42	758	828
8	1	4	43	16	49
8	0	0	44	81	101
8	1	1	45	193	260
8	1	4	46	260	342
8	4	1	47	342	433
8	0	0	48	438	480
8	2	2	49	507	588
8	2	2	50	653	731
8	2	2	51	731	740
8	3	0	52	780	814
9	4	1	53	0	87
9	1	1	54	161	193
9	2	3	55	287	372
9	2	3	56	372	390
9	1	4	57	406	441
9	0	0	58	480	577
9	4	3	59	585	597
9	0	1	60	650	676
9	4	4	61	760	826
10	1	4	62	0	16
10	0	0	63	170	208
10	2	3	64	256	287
10	3	2	65	298	387
10	4	4	66	441	519
10	3	0	67	583	621
10	3	0	68	621	662
10	4	4	69	676	691
11	4	4	70	89	173
11	3	2	71	173	255
11	3	2	72	255	298
11	0	0	73	344	380
11	0	0	74	380	395
11	2	2	75	395	479
11	3	3	76	505	535
11	3	3	77	535	583
11	2	2	78	588	653
11	1	3	79	676	758


Solution History:
