This is the output of Heuristic Solver for Dual resource constrained flexible job shop Scheduling Problem.
Input file is: wfjsp15_2.txt
Method: TS_100000000_0.730352_5
Seed: 1
Number of Jobs: 30
Number of Operations: 375
Number of Machines: 15
Number of Operators: 15
CPU Time: 43.8774
obj: 1382
Best found lower bound:0
Solver gap (best found lower bound and upper bound difference): Not known


Final Solution:
Job	Machine	Operator	Operation	Start Time	Finish Time
0	4	6	0	380	453
0	8	1	1	491	565
0	13	4	2	577	599
0	10	3	3	599	639
0	10	3	4	639	654
0	8	10	5	660	685
0	0	8	6	693	761
0	0	2	7	915	923
0	14	7	8	1234	1313
0	8	5	9	1341	1381
1	6	9	10	128	185
1	5	3	11	370	385
1	13	14	12	481	542
1	5	5	13	755	826
1	13	7	14	826	884
1	10	14	15	884	945
1	10	14	16	945	978
1	12	13	17	978	1020
1	12	12	18	1020	1041
1	9	12	19	1041	1096
1	3	9	20	1105	1183
1	10	3	21	1183	1262
1	3	0	22	1262	1317
1	14	7	23	1317	1380
2	10	2	24	0	59
2	10	0	25	59	77
2	0	4	26	77	89
2	3	8	27	120	205
2	14	1	28	206	228
2	12	11	29	291	372
2	14	11	30	372	465
2	10	3	31	654	670
2	12	13	32	673	740
2	9	2	33	746	830
2	10	14	34	830	884
2	4	9	35	884	909
2	6	7	36	910	969
2	13	2	37	987	1020
2	4	5	38	1063	1128
3	5	3	39	11	91
3	14	11	40	125	150
3	11	12	41	150	167
3	13	7	42	167	197
3	13	2	43	202	219
3	0	7	44	409	449
3	0	2	45	603	674
3	11	0	46	702	739
3	10	3	47	739	824
3	5	4	48	870	955
3	11	10	49	1032	1092
3	5	14	50	1172	1208
3	7	11	51	1240	1310
3	0	9	52	1341	1376
4	3	10	53	0	22
4	6	10	54	22	58
4	14	11	55	80	125
4	1	4	56	125	144
4	0	14	57	144	205
4	6	13	58	205	263
4	10	2	59	264	277
4	0	14	60	277	304
4	0	14	61	304	351
4	0	5	62	449	536
4	1	5	63	577	630
4	8	9	64	685	761
4	10	0	65	1057	1111
4	11	10	66	1242	1263
4	4	1	67	1294	1382
5	13	8	68	0	11
5	13	8	69	11	84
5	4	9	70	86	99
5	9	2	71	148	202
5	14	7	72	243	300
5	5	1	73	310	358
5	4	13	74	463	527
5	4	1	75	597	682
5	9	2	76	830	883
5	3	6	77	951	1010
5	0	7	78	1118	1206
6	6	13	79	0	15
6	7	13	80	75	129
6	1	10	81	144	189
6	13	4	82	242	307
6	9	7	83	310	326
6	9	1	84	358	438
6	7	11	85	482	502
6	3	0	86	537	559
6	7	0	87	589	623
6	14	10	88	623	660
6	3	1	89	693	781
6	6	3	90	1041	1114
6	7	0	91	1166	1240
6	10	2	92	1297	1362
7	5	3	93	0	11
7	0	8	94	89	114
7	1	10	95	189	262
7	14	9	96	300	366
7	2	0	97	382	433
7	1	7	98	459	544
7	12	11	99	589	673
7	10	2	100	710	729
7	14	1	101	781	854
7	8	8	102	956	1021
7	5	0	103	1113	1166
7	5	13	104	1235	1316
8	5	3	105	213	287
8	9	7	106	326	355
8	8	14	107	432	480
8	0	2	108	536	603
8	6	7	109	610	673
8	0	14	110	761	808
8	7	12	111	837	871
8	14	1	112	934	979
8	5	4	113	979	1044
8	12	11	114	1062	1126
8	2	8	115	1182	1194
8	3	8	116	1194	1207
8	3	8	117	1207	1229
8	0	5	118	1234	1341
9	6	3	119	287	370
9	0	8	120	370	402
9	13	2	121	423	481
9	4	9	122	543	597
9	2	12	123	651	673
9	11	6	124	673	702
9	5	5	125	704	722
9	14	9	126	761	770
9	2	0	127	796	818
9	11	6	128	898	912
9	8	9	129	924	935
9	6	0	130	969	1041
9	5	0	131	1044	1052
9	7	10	132	1092	1131
9	9	12	133	1192	1249
10	12	1	134	97	148
10	14	11	135	150	206
10	11	6	136	213	241
10	11	10	137	262	297
10	1	7	138	754	816
10	11	6	139	816	898
10	13	2	140	923	987
10	14	14	141	987	1048
10	0	14	142	1063	1117
10	6	3	143	1117	1151
10	12	14	144	1211	1266
10	11	6	145	1326	1357
11	14	14	146	0	44
11	3	14	147	44	120
11	7	13	148	129	166
11	10	0	149	171	226
11	10	2	150	277	312
11	7	9	151	428	469
11	12	12	152	469	535
11	2	3	153	673	736
11	0	13	154	808	821
11	6	8	155	826	910
11	11	1	156	1157	1208
11	8	1	157	1221	1293
11	11	6	158	1294	1326
11	12	14	159	1326	1380
12	1	5	160	0	24
12	1	5	161	24	96
12	4	6	162	136	164
12	4	5	163	260	292
12	5	3	164	385	454
12	7	11	165	502	589
12	1	4	166	631	682
12	6	11	167	682	758
12	12	11	168	758	773
12	5	4	169	837	870
12	9	10	170	917	996
12	3	6	171	1010	1096
12	4	6	172	1182	1250
12	6	13	173	1316	1374
13	12	11	174	0	80
13	7	12	175	186	199
13	2	0	176	242	312
13	7	4	177	324	348
13	13	10	178	350	423
13	6	0	179	433	517
13	12	11	180	814	885
13	13	2	181	885	915
13	13	4	182	1044	1100
13	2	6	183	1105	1182
13	2	8	184	1229	1302
13	2	4	185	1302	1375
14	4	9	186	0	52
14	4	9	187	99	128
14	11	6	188	179	213
14	9	1	189	243	310
14	11	13	190	380	457
14	3	10	191	474	518
14	9	8	192	606	649
14	9	7	193	673	746
14	12	13	194	947	964
14	1	7	195	982	1022
14	2	9	196	1040	1105
14	4	6	197	1250	1294
15	7	13	198	15	75
15	4	5	199	169	260
15	3	14	200	351	432
15	2	4	201	459	544
15	11	13	202	544	571
15	4	6	203	733	799
15	0	13	204	821	888
15	0	7	205	888	902
15	3	13	206	902	918
15	3	0	207	919	951
15	4	9	208	956	1040
15	1	7	209	1040	1118
15	10	14	210	1118	1172
15	6	9	211	1235	1311
16	6	10	212	58	128
16	13	7	213	148	167
16	2	0	214	320	372
16	7	12	215	372	414
16	7	9	216	414	428
16	14	9	217	469	543
16	7	12	218	722	740
16	2	0	219	740	763
16	2	0	220	763	796
16	11	6	221	912	945
16	1	7	222	1022	1032
16	13	2	223	1192	1235
17	9	7	224	0	63
17	2	4	225	144	168
17	2	4	226	168	242
17	12	12	227	414	468
17	11	6	228	468	535
17	2	6	229	544	611
17	4	9	230	799	884
17	9	10	231	996	1032
17	6	13	232	1151	1178
17	3	10	233	1229	1242
17	1	4	234	1242	1261
18	2	12	235	0	55
18	13	2	236	84	135
18	3	9	237	205	276
18	4	5	238	292	338
18	4	13	239	363	378
18	7	11	240	469	482
18	5	0	241	559	577
18	11	13	242	626	668
18	11	13	243	740	796
18	2	0	244	818	919
18	0	13	245	923	945
18	13	8	246	1100	1182
18	2	4	247	1194	1227
18	5	3	248	1316	1378
19	10	0	249	97	171
19	6	9	250	185	202
19	10	2	251	226	264
19	13	8	252	307	350
19	12	9	253	372	412
19	5	3	254	454	487
19	6	10	255	518	610
19	12	11	256	773	814
19	1	5	257	826	851
19	1	5	258	904	982
19	12	11	259	1126	1211
20	11	6	260	0	35
20	5	5	261	96	169
20	5	3	262	182	213
20	10	2	263	375	422
20	10	3	264	531	599
20	13	9	265	599	685
20	13	10	266	685	742
20	7	12	267	871	948
20	7	11	268	988	1062
20	14	1	269	1062	1157
20	14	10	270	1157	1187
20	8	10	271	1187	1221
20	13	2	272	1235	1297
21	1	4	273	363	459
21	5	0	274	525	537
21	14	7	275	544	609
21	7	4	276	754	837
21	12	11	277	885	947
21	0	4	278	955	970
21	8	8	279	1021	1057
21	11	13	280	1092	1146
21	6	13	281	1178	1235
21	10	3	282	1262	1292
21	1	10	283	1292	1365
22	7	12	284	167	186
22	12	11	285	206	291
22	10	2	286	312	375
22	5	2	287	487	525
22	1	4	288	544	577
22	5	4	289	599	631
22	7	0	290	631	683
22	7	12	291	683	722
22	8	10	292	761	798
22	3	10	293	798	887
22	11	12	294	948	1011
22	1	4	295	1118	1135
22	7	11	296	1310	1374
23	9	7	297	63	148
23	7	12	298	199	281
23	8	12	299	281	342
23	8	12	300	342	362
23	2	0	301	372	382
23	8	5	302	397	429
23	4	6	303	453	463
23	14	14	304	660	721
23	14	14	305	721	761
23	0	5	306	982	1063
23	7	4	307	1135	1165
24	11	12	308	55	133
24	7	4	309	307	324
24	6	7	310	370	409
24	3	10	311	432	474
24	9	8	312	522	606
24	2	6	313	611	651
24	2	3	314	924	948
24	14	11	315	1211	1234
24	9	12	316	1249	1355
24	3	0	317	1355	1370
25	0	4	318	0	71
25	10	0	319	77	97
25	1	4	320	97	119
25	13	2	321	135	147
25	12	1	322	148	161
25	12	1	323	161	198
25	8	14	324	205	263
25	2	0	325	312	320
25	4	6	326	702	733
25	1	5	327	851	904
25	10	1	328	979	1057
25	7	13	329	1062	1085
25	9	2	330	1113	1192
26	2	6	331	55	136
26	11	12	332	136	149
26	9	7	333	202	243
26	3	10	334	297	349
26	8	12	335	565	645
26	3	8	336	649	693
26	10	2	337	693	710
26	5	5	338	722	755
26	6	8	339	761	826
26	4	8	340	910	956
26	2	3	341	956	1033
26	3	0	342	1317	1348
27	8	3	343	97	182
27	0	5	344	351	367
27	8	5	345	367	397
27	9	8	346	438	522
27	5	5	347	631	704
27	13	12	348	742	826
27	14	1	349	854	934
27	8	8	350	1057	1098
27	8	12	351	1098	1181
27	13	8	352	1302	1374
28	8	1	353	0	97
28	0	8	354	205	273
28	1	6	355	273	285
28	11	6	356	297	380
28	10	1	357	438	491
28	12	12	358	535	558
28	3	14	359	559	639
28	9	10	360	887	917
28	7	11	361	948	988
28	5	2	362	1052	1113
28	0	9	363	1206	1228
28	12	14	364	1266	1322
29	4	9	365	52	86
29	11	13	366	167	179
29	1	13	367	285	363
29	10	3	368	491	531
29	11	13	369	571	626
29	1	4	370	682	754
29	1	7	371	816	826
29	8	3	372	826	850
29	8	3	373	850	924
29	1	5	374	1135	1234


Solution History:
