This is the output of Heuristic Solver for Dual resource constrained flexible job shop Scheduling Problem.
Input file is: wfjsp10_5.txt
Method: TS_100000000_0.238995_5
Seed: 4
Number of Jobs: 20
Number of Operations: 143
Number of Machines: 10
Number of Operators: 10
CPU Time: 14.345
obj: 756
Best found lower bound:0
Solver gap (best found lower bound and upper bound difference): Not known


Final Solution:
Job	Machine	Operator	Operation	Start Time	Finish Time
0	6	5	0	0	14
0	6	1	1	14	52
0	6	9	2	52	143
0	3	0	3	143	209
0	4	5	4	506	574
0	3	6	5	644	680
0	7	8	6	680	747
1	7	3	7	371	408
1	5	5	8	445	490
1	8	6	9	533	575
1	4	5	10	616	649
1	1	7	11	682	755
2	0	3	12	58	81
2	2	8	13	95	109
2	6	9	14	143	212
2	2	8	15	491	557
2	5	1	16	657	668
3	2	4	17	114	163
3	4	4	18	345	414
3	1	0	19	450	487
3	2	4	20	583	612
3	2	4	21	612	651
4	9	7	22	89	118
4	9	7	23	118	147
4	1	5	24	290	391
4	6	5	25	399	445
4	4	5	26	574	616
5	2	1	27	52	77
5	8	7	28	313	322
5	2	3	29	322	367
5	4	4	30	414	506
5	6	5	31	665	728
6	9	7	32	230	296
6	2	8	33	405	491
6	9	7	34	491	571
6	3	1	35	601	636
6	9	9	36	636	650
6	5	1	37	668	715
7	5	5	38	15	91
7	5	1	39	91	160
7	0	2	40	164	230
7	7	3	41	263	293
7	0	0	42	318	386
8	0	3	43	25	58
8	4	2	44	114	132
8	8	6	45	162	228
8	4	2	46	246	331
8	5	2	47	345	428
8	0	2	48	428	472
8	6	9	49	481	562
8	0	3	50	575	653
8	9	9	51	682	692
8	9	9	52	711	747
9	3	4	53	15	114
9	4	2	54	132	164
9	8	6	55	228	313
9	8	6	56	322	340
9	0	0	57	386	422
9	3	1	58	422	508
9	0	4	59	510	525
9	2	4	60	557	583
9	6	2	61	601	665
10	5	4	62	0	15
10	9	7	63	21	61
10	1	5	64	160	193
10	1	5	65	193	290
10	7	8	66	293	371
10	0	2	67	472	510
10	4	3	68	681	722
10	6	5	69	728	743
11	1	0	70	0	95
11	7	8	71	125	216
11	7	8	72	216	263
11	2	1	73	263	304
11	0	3	74	304	318
11	3	1	75	319	406
11	7	3	76	408	440
11	1	0	77	487	537
11	7	7	78	571	643
11	0	4	79	653	752
12	4	3	80	0	25
12	8	6	81	95	162
12	4	3	82	183	232
12	9	7	83	322	331
12	8	6	84	378	403
12	1	0	85	440	450
12	9	9	86	471	481
12	5	8	87	574	657
13	4	2	88	25	114
13	1	5	89	114	160
13	5	1	90	160	188
13	3	0	91	209	302
13	9	7	92	331	380
13	9	7	93	380	388
13	1	7	94	391	440
13	8	6	95	440	533
13	6	1	96	562	601
13	8	2	97	708	756
14	9	9	98	0	21
14	7	3	99	86	125
14	5	1	100	188	257
14	3	0	101	302	315
14	9	9	102	399	471
14	5	2	103	510	574
14	8	6	104	575	644
14	8	2	105	665	708
15	9	7	106	147	230
15	5	4	107	261	343
15	2	8	108	371	405
15	7	3	109	440	533
15	0	3	110	533	575
15	1	0	111	645	676
15	5	1	112	715	751
16	3	1	113	0	8
16	7	6	114	8	86
16	0	0	115	95	126
16	0	3	116	126	151
16	4	2	117	232	246
16	6	9	118	281	346
16	8	6	119	403	437
16	9	9	120	588	623
17	9	7	121	61	89
17	4	4	122	164	183
17	2	4	123	183	261
17	4	2	124	331	345
17	8	6	125	345	378
17	7	7	126	643	664
17	2	6	127	680	749
18	8	8	128	0	95
18	3	1	129	550	559
18	9	9	130	571	588
18	4	3	131	653	681
18	3	0	132	693	756
19	2	1	133	77	87
19	6	9	134	212	281
19	9	7	135	296	309
19	2	1	136	309	319
19	6	9	137	346	399
19	3	1	138	508	550
19	1	0	139	550	645
19	9	7	140	664	682
19	3	0	141	682	693
19	9	9	142	693	711


Solution History:
