This is the output of Heuristic Solver for Dual resource constrained flexible job shop Scheduling Problem.
Input file is: wfjsp18_7.txt
Method: TS_100000000_0.416515_5
Seed: 1
Number of Jobs: 20
Number of Operations: 160
Number of Machines: 10
Number of Operators: 8
CPU Time: 24.9989
obj: 1026
Best found lower bound:0
Solver gap (best found lower bound and upper bound difference): Not known


Final Solution:
Job	Machine	Operator	Operation	Start Time	Finish Time
0	1	6	0	69	153
0	3	4	1	188	199
0	2	0	2	242	280
0	9	0	3	284	379
0	1	1	4	538	563
0	1	7	5	612	656
0	2	7	6	710	745
0	1	1	7	748	785
1	1	4	8	57	69
1	0	5	9	83	122
1	7	5	10	122	202
1	3	2	11	202	268
1	0	2	12	325	404
1	8	5	13	463	514
1	3	5	14	707	744
1	9	3	15	766	784
1	6	0	16	821	908
1	6	0	17	908	986
2	5	3	18	94	151
2	9	7	19	209	284
2	2	7	20	284	359
2	2	4	21	374	405
2	6	0	22	437	451
2	9	3	23	471	549
2	7	7	24	562	573
2	7	7	25	656	710
2	8	1	26	733	748
2	9	3	27	784	867
3	6	0	28	132	187
3	7	3	29	443	471
3	2	7	30	471	545
3	9	1	31	590	670
3	2	6	32	745	823
4	8	2	33	0	9
4	3	1	34	69	160
4	4	1	35	425	514
4	3	1	36	514	538
4	4	2	37	538	563
4	1	7	38	573	612
4	8	1	39	670	733
4	0	5	40	744	825
4	4	6	41	825	904
4	3	2	42	942	1026
5	4	7	43	163	207
5	6	5	44	207	229
5	7	7	45	374	411
5	0	6	46	411	489
5	4	2	47	563	630
5	5	3	48	632	690
6	9	3	49	37	94
6	4	7	50	100	124
6	7	4	51	202	234
6	7	4	52	302	374
6	2	4	53	578	608
6	0	2	54	664	678
6	0	2	55	678	722
6	1	1	56	842	925
6	4	1	57	971	1010
7	5	7	58	0	39
7	5	7	59	39	65
7	9	7	60	134	163
7	5	3	61	209	238
7	1	1	62	308	363
7	5	0	63	451	529
7	1	6	64	656	740
7	3	1	65	785	842
8	8	2	66	40	109
8	8	2	67	109	196
8	1	1	68	252	308
8	3	6	69	335	406
8	1	2	70	503	520
8	4	2	71	722	786
8	2	4	72	823	882
8	2	5	73	948	1026
9	2	0	74	0	42
9	0	6	75	153	171
9	5	3	76	404	443
9	5	3	77	549	632
9	3	2	78	908	942
10	3	6	79	302	335
10	7	4	80	488	562
10	3	1	81	563	577
10	9	1	82	577	590
10	1	7	83	968	1021
11	9	1	84	0	27
11	6	0	85	104	132
11	2	0	86	188	242
11	0	2	87	268	325
11	8	5	88	335	381
11	3	2	89	438	449
11	7	6	90	573	646
11	7	5	91	825	856
11	0	5	92	856	896
11	4	6	93	904	921
12	6	4	94	69	102
12	0	6	95	171	249
12	2	7	96	359	369
12	9	0	97	379	437
12	1	2	98	488	503
12	6	0	99	529	585
12	5	0	100	732	820
12	0	7	101	825	855
12	7	3	102	867	963
12	9	3	103	971	1026
13	4	2	104	9	40
13	2	0	105	42	104
13	7	6	106	249	302
13	5	3	107	374	404
13	2	7	108	411	465
13	8	5	109	514	547
13	4	2	110	630	664
13	8	4	111	917	932
13	9	1	112	941	971
13	5	0	113	986	1024
14	8	5	114	246	309
14	2	5	115	652	707
14	7	7	116	745	813
14	9	1	117	925	941
14	0	6	118	961	1010
15	6	1	119	27	69
15	7	7	120	69	100
15	1	1	121	160	252
15	4	4	122	252	295
15	8	5	123	381	463
15	0	5	124	563	646
15	6	0	125	647	732
15	8	4	126	882	917
16	7	3	127	0	37
16	8	5	128	229	246
16	3	2	129	406	438
16	3	2	130	449	482
16	2	4	131	562	578
16	2	5	132	896	948
17	0	5	133	0	83
17	9	7	134	124	134
17	5	3	135	151	192
17	5	3	136	238	317
17	5	3	137	317	374
17	6	4	138	741	821
17	7	7	139	856	867
17	3	2	140	873	908
17	8	4	141	932	985
18	1	4	142	0	57
18	1	4	143	405	488
18	6	0	144	585	647
18	3	4	145	652	706
18	7	4	146	710	741
18	8	2	147	786	873
18	5	7	148	873	968
18	8	4	149	985	1025
19	3	6	150	0	69
19	2	4	151	104	188
19	9	3	152	192	209
19	6	5	153	309	335
19	6	1	154	363	396
19	6	1	155	396	425
19	0	6	156	489	563
19	2	4	157	608	652
19	9	3	158	690	766
19	1	6	159	925	961


Solution History:
