This is the output of Heuristic Solver for Dual resource constrained flexible job shop Scheduling Problem.
Input file is: Dauzere_08a.txt
Method: TSN1_2000_5_5
Seed: 1
Number of Jobs: 15
Number of Operations: 293
Number of Machines: 8
Number of Operators: 6
CPU Time: 45.9645
obj: 2962
Best found lower bound:0
Solver gap (best found lower bound and upper bound difference): Not known


Final Solution:
Job	Machine	Operator	Operation	Start Time	Finish Time
0	1	1	0	0	24
0	0	0	1	77	140
0	1	1	2	140	175
0	0	0	3	198	284
0	7	5	4	393	418
0	0	0	5	488	554
0	1	3	6	902	934
0	7	4	7	1030	1041
0	6	4	8	1183	1249
0	7	5	9	1282	1380
0	2	3	10	1412	1453
0	4	5	11	1655	1749
0	5	3	12	2179	2245
0	1	1	13	2439	2484
0	7	4	14	2865	2956
1	7	4	15	182	255
1	1	3	16	320	355
1	7	4	17	599	696
1	1	1	18	772	790
1	7	5	19	813	837
1	3	2	20	1221	1314
1	2	3	21	1314	1335
1	6	4	22	1467	1548
1	3	1	23	1567	1604
1	6	4	24	1604	1675
1	4	5	25	1749	1799
1	5	4	26	1917	1973
1	7	5	27	1983	2025
1	4	0	28	2033	2089
1	4	0	29	2089	2161
1	3	1	30	2187	2267
1	2	3	31	2267	2350
1	3	1	32	2564	2653
1	5	2	33	2666	2705
1	4	5	34	2746	2848
2	7	5	35	85	160
2	0	0	36	284	308
2	5	4	37	460	550
2	0	0	38	554	634
2	7	5	39	696	743
2	3	2	40	744	808
2	1	1	41	808	861
2	1	3	42	861	902
2	4	5	43	922	1018
2	0	0	44	1018	1054
2	4	0	45	1257	1319
2	1	1	46	1319	1390
2	3	2	47	1393	1455
2	5	2	48	1455	1511
2	3	1	49	1533	1567
2	1	3	50	1589	1613
2	6	3	51	1957	1999
2	7	5	52	2120	2196
2	1	1	53	2361	2439
2	6	4	54	2473	2546
2	6	4	55	2546	2617
2	6	4	56	2709	2756
2	2	3	57	2893	2955
3	7	4	58	0	63
3	3	2	59	77	148
3	5	3	60	741	839
3	3	1	61	861	889
3	6	4	62	889	956
3	4	5	63	1018	1039
3	0	0	64	1054	1118
3	7	5	65	1118	1154
3	5	4	66	1335	1432
3	6	4	67	1432	1467
3	0	0	68	1467	1549
3	2	3	69	1549	1589
3	4	5	70	1589	1655
3	1	1	71	2008	2103
3	0	2	72	2103	2175
3	2	3	73	2350	2441
3	0	0	74	2636	2679
3	3	2	75	2923	2958
4	1	1	76	85	139
4	1	1	77	175	267
4	1	3	78	277	320
4	2	3	79	421	505
4	2	3	80	523	568
4	1	1	81	678	772
4	0	2	82	815	884
4	1	1	83	1051	1157
4	5	3	84	1225	1271
4	3	2	85	1328	1357
4	5	2	86	1511	1573
4	7	4	87	1707	1804
4	6	3	88	1999	2068
4	2	3	89	2068	2132
4	4	0	90	2161	2259
4	4	0	91	2259	2308
4	4	0	92	2308	2414
4	0	0	93	2568	2636
4	5	2	94	2705	2795
4	0	0	95	2795	2867
4	4	5	96	2934	2953
5	4	5	97	0	29
5	4	5	98	29	62
5	6	4	99	63	86
5	6	4	100	356	460
5	7	5	101	506	599
5	7	5	102	743	813
5	5	3	103	839	858
5	5	3	104	1135	1225
5	6	4	105	1249	1289
5	4	5	106	1380	1455
5	0	0	107	1738	1785
5	1	1	108	1849	1949
5	5	4	109	1973	1997
5	3	2	110	2056	2091
5	7	4	111	2617	2709
6	0	0	112	0	77
6	7	5	113	255	349
6	1	1	114	355	407
6	6	4	115	550	588
6	1	3	116	622	673
6	5	3	117	673	741
6	0	0	118	953	1015
6	3	2	119	1017	1119
6	2	3	120	1453	1526
6	3	2	121	1644	1726
6	6	3	122	1794	1804
6	2	3	123	1804	1836
6	7	5	124	1924	1983
6	7	5	125	2025	2080
6	5	3	126	2132	2155
6	6	4	127	2315	2371
6	7	5	128	2517	2609
7	3	1	129	24	77
7	5	2	130	219	292
7	5	2	131	292	322
7	4	0	132	322	370
7	3	2	133	531	585
7	3	1	134	585	628
7	6	4	135	731	809
7	2	3	136	934	970
7	2	3	137	970	1041
7	3	2	138	1149	1221
7	2	3	139	1271	1310
7	6	4	140	1548	1568
7	5	4	141	1675	1707
7	4	0	142	1825	1870
7	0	0	143	1870	1967
7	4	0	144	1967	2033
7	7	5	145	2080	2120
7	0	2	146	2175	2244
7	7	5	147	2244	2268
7	1	1	148	2268	2293
7	3	1	149	2293	2361
7	0	0	150	2414	2475
7	3	1	151	2496	2564
7	7	5	152	2709	2746
7	7	4	153	2756	2801
8	6	3	154	137	219
8	7	5	155	349	393
8	7	5	156	418	506
8	2	3	157	568	622
8	4	0	158	677	752
8	0	0	159	918	953
8	1	1	160	1157	1241
8	6	4	161	1289	1335
8	2	3	162	1335	1412
8	7	5	163	1455	1498
8	6	4	164	1568	1590
8	1	1	165	1613	1682
8	7	5	166	1804	1904
8	4	5	167	1904	1924
8	7	5	168	2268	2304
8	7	5	169	2304	2405
8	3	2	170	2405	2496
8	5	2	171	2496	2542
8	5	2	172	2542	2630
8	6	3	173	2640	2681
8	2	3	174	2681	2739
8	3	1	175	2743	2806
8	5	2	176	2890	2923
9	2	3	177	355	421
9	5	2	178	585	644
9	5	2	179	884	982
9	3	2	180	982	1017
9	7	5	181	1154	1237
9	7	5	182	1237	1282
9	1	1	183	1390	1429
9	0	0	184	1549	1589
9	2	3	185	1836	1923
9	3	2	186	1926	2001
9	6	4	187	2093	2160
9	6	4	188	2160	2238
9	6	4	189	2238	2262
9	6	4	190	2262	2315
9	0	2	191	2341	2360
9	5	2	192	2360	2405
9	4	5	193	2414	2438
9	2	3	194	2563	2640
9	5	2	195	2795	2890
10	1	3	196	24	85
10	5	4	197	86	182
10	5	2	198	384	443
10	3	2	199	443	531
10	6	4	200	809	872
10	3	1	201	889	949
10	6	4	202	1088	1183
10	1	1	203	1255	1307
10	2	3	204	1613	1701
10	5	2	205	1726	1794
10	7	5	206	2196	2242
10	0	2	207	2244	2341
10	0	0	208	2475	2568
10	5	2	209	2630	2666
10	3	1	210	2666	2743
10	6	3	211	2756	2774
10	6	4	212	2801	2863
10	4	5	213	2865	2883
10	1	1	214	2896	2959
11	7	5	215	63	85
11	4	5	216	160	251
11	6	4	217	255	280
11	1	1	218	407	497
11	1	1	219	497	550
11	3	1	220	628	678
11	0	0	221	752	815
11	7	5	222	837	854
11	7	5	223	854	922
11	6	4	224	956	1030
11	6	4	225	1041	1088
11	4	0	226	1118	1167
11	3	2	227	1357	1393
11	0	0	228	1431	1448
11	7	5	229	1498	1585
11	7	4	230	1590	1602
11	3	2	231	1794	1898
11	3	2	232	1898	1926
11	3	1	233	2103	2187
11	1	3	234	2812	2852
11	2	3	235	2852	2893
12	5	2	236	0	47
12	0	0	237	140	198
12	2	3	238	219	277
12	5	2	239	322	384
12	1	1	240	550	584
12	0	2	241	644	744
12	2	3	242	1701	1794
12	5	4	243	1804	1846
12	1	1	244	1949	2008
12	5	4	245	2008	2093
12	6	4	246	2371	2473
12	2	3	247	2473	2563
12	4	5	248	2609	2702
12	0	0	249	2729	2794
12	7	5	250	2848	2865
12	0	0	251	2867	2962
13	3	2	252	148	219
13	6	4	253	280	356
13	4	0	254	815	918
13	1	1	255	949	991
13	1	1	256	991	1051
13	7	5	257	1051	1114
13	0	2	258	1119	1149
13	0	0	259	1167	1257
13	3	2	260	1314	1328
13	1	1	261	1429	1444
13	5	2	262	1573	1644
13	0	0	263	1670	1738
13	0	0	264	1785	1825
13	6	4	265	1846	1917
13	7	5	266	2438	2517
13	4	5	267	2883	2934
14	6	3	268	0	22
14	2	3	269	85	137
14	3	1	270	267	343
14	0	0	271	370	397
14	4	0	272	397	432
14	0	0	273	432	442
14	0	0	274	442	488
14	2	3	275	505	523
14	4	5	276	599	677
14	6	4	277	696	731
14	5	3	278	1041	1135
14	1	1	279	1241	1255
14	4	0	280	1319	1379
14	0	0	281	1379	1431
14	1	1	282	1444	1533
14	0	0	283	1589	1670
14	1	1	284	1682	1761
14	1	1	285	1761	1849
14	2	3	286	1923	1957
14	0	2	287	2001	2056
14	5	3	288	2155	2179
14	0	0	289	2679	2729
14	2	3	290	2774	2812
14	3	1	291	2812	2861
14	3	1	292	2861	2896


Solution History:
