This is the output of Heuristic Solver for Dual resource constrained flexible job shop Scheduling Problem.
Input file is: Dauzere_07a.txt
Method: TSN1_2000_5_5
Seed: 1
Number of Jobs: 15
Number of Operations: 293
Number of Machines: 8
Number of Operators: 6
CPU Time: 21.349
obj: 3208
Best found lower bound:0
Solver gap (best found lower bound and upper bound difference): Not known


Final Solution:
Job	Machine	Operator	Operation	Start Time	Finish Time
0	3	1	0	137	161
0	7	4	1	231	294
0	0	0	2	426	461
0	3	2	3	601	687
0	6	4	4	710	735
0	2	3	5	755	821
0	7	4	6	837	869
0	4	5	7	902	914
0	7	5	8	914	980
0	5	4	9	980	1076
0	0	2	10	1361	1403
0	4	5	11	2448	2542
0	4	0	12	2542	2605
0	3	1	13	2605	2650
0	0	0	14	3081	3172
1	5	4	15	156	231
1	5	2	16	394	425
1	2	3	17	593	690
1	6	4	18	693	710
1	2	3	19	729	755
1	0	0	20	784	877
1	6	3	21	967	988
1	7	5	22	1138	1219
1	4	0	23	1219	1256
1	6	3	24	1313	1381
1	3	2	25	1403	1453
1	2	3	26	1453	1511
1	2	3	27	1511	1549
1	1	3	28	1549	1604
1	0	0	29	1622	1694
1	5	2	30	1694	1774
1	6	3	31	1816	1899
1	5	4	32	2094	2179
1	6	4	33	2299	2341
1	2	3	34	2384	2482
2	0	0	35	47	124
2	3	1	36	161	185
2	4	5	37	201	293
2	4	0	38	930	1010
2	4	0	39	1010	1057
2	2	3	40	1057	1121
2	5	2	41	1289	1342
2	3	1	42	1748	1790
2	5	2	43	1868	1963
2	7	4	44	1963	1999
2	4	5	45	2022	2083
2	1	1	46	2139	2210
2	2	3	47	2251	2312
2	3	1	48	2360	2416
2	4	5	49	2416	2448
2	1	3	50	2482	2506
2	1	1	51	2518	2560
2	6	4	52	2560	2636
2	1	1	53	2650	2728
2	1	1	54	2775	2845
2	0	0	55	2845	2917
2	6	4	56	2926	2973
2	2	3	57	3037	3099
3	6	3	58	0	63
3	5	4	59	294	364
3	6	3	60	403	497
3	4	0	61	595	623
3	3	2	62	781	848
3	1	1	63	882	905
3	1	1	64	905	969
3	5	4	65	1138	1173
3	5	4	66	1173	1270
3	6	4	67	1532	1567
3	4	5	68	1667	1752
3	0	0	69	2406	2446
3	0	0	70	2446	2509
3	0	0	71	2714	2809
3	4	5	72	2814	2886
3	5	2	73	3010	3101
3	1	1	74	3101	3144
3	6	4	75	3173	3208
4	4	5	76	52	110
4	7	4	77	364	456
4	1	1	78	568	611
4	4	0	79	1134	1218
4	4	5	80	1262	1306
4	7	5	81	1357	1454
4	4	0	82	1454	1524
4	5	4	83	1575	1677
4	0	0	84	1694	1739
4	6	3	85	1741	1769
4	7	5	86	1830	1892
4	4	5	87	1892	1990
4	4	0	88	2199	2268
4	5	2	89	2597	2661
4	4	5	90	2661	2763
4	6	4	91	2775	2823
4	5	2	92	2823	2929
4	3	1	93	2933	3001
4	1	1	94	3001	3091
4	6	4	95	3101	3173
4	4	5	96	3173	3192
5	3	1	97	108	137
5	3	2	98	361	394
5	4	0	99	403	426
5	0	0	100	461	561
5	1	1	101	663	757
5	7	4	102	1270	1337
5	4	0	103	1397	1416
5	3	1	104	1516	1608
5	1	1	105	1608	1644
5	7	4	106	1677	1753
5	2	3	107	1769	1816
5	2	3	108	2028	2128
5	5	2	109	2490	2516
5	6	4	110	2891	2926
5	5	2	111	3101	3193
6	4	5	112	327	403
6	2	3	113	497	593
6	1	1	114	611	663
6	5	2	115	741	781
6	5	3	116	916	967
6	3	1	117	1289	1358
6	3	1	118	1454	1516
6	4	0	119	1524	1622
6	2	3	120	1668	1741
6	0	0	121	1872	1951
6	5	2	122	1978	1988
6	4	0	123	1990	2022
6	7	5	124	2150	2209
6	3	1	125	2234	2290
6	4	0	126	2605	2624
6	3	2	127	2661	2717
6	4	5	128	2928	3020
7	4	5	129	0	52
7	6	3	130	115	188
7	7	5	131	294	327
7	3	1	132	406	454
7	0	2	133	687	741
7	4	0	134	741	784
7	3	2	135	848	926
7	3	2	136	926	963
7	7	5	137	980	1052
7	7	5	138	1052	1124
7	3	1	139	1250	1289
7	7	5	140	1337	1357
7	4	0	141	1361	1397
7	2	3	142	1397	1442
7	7	5	143	1571	1667
7	0	0	144	1753	1819
7	4	0	145	1830	1872
7	0	0	146	2268	2336
7	1	3	147	2360	2384
7	6	4	148	2384	2410
7	6	4	149	2486	2554
7	2	3	150	2608	2669
7	6	4	151	2823	2891
7	7	5	152	2891	2928
7	1	1	153	3144	3189
8	3	2	154	186	272
8	0	2	155	317	361
8	4	5	156	426	514
8	1	1	157	514	568
8	7	5	158	568	646
8	5	3	159	693	729
8	7	5	160	737	819
8	6	4	161	911	957
8	4	0	162	1057	1134
8	7	5	163	1219	1262
8	3	1	164	1929	1947
8	0	0	165	2130	2199
8	6	4	166	2199	2299
8	0	0	167	2390	2406
8	5	2	168	2453	2490
8	2	3	169	2506	2608
8	6	4	170	2636	2727
8	5	4	171	2727	2775
8	3	1	172	2845	2933
8	5	2	173	2933	2974
8	0	0	174	2982	3040
8	6	4	175	3040	3101
8	0	0	176	3172	3205
9	3	2	177	44	108
9	2	3	178	326	385
9	6	4	179	497	593
9	4	5	180	702	737
9	4	5	181	819	902
9	2	3	182	988	1030
9	6	3	183	1121	1160
9	3	2	184	1160	1203
9	0	2	185	1203	1289
9	0	0	186	1289	1361
9	2	3	187	1604	1668
9	4	5	188	1752	1830
9	1	1	189	1871	1894
9	2	3	190	1978	2028
9	5	2	191	2074	2094
9	1	1	192	2094	2139
9	3	2	193	2327	2351
9	5	2	194	2351	2428
9	2	3	195	2830	2925
10	7	4	196	0	60
10	5	4	197	60	156
10	3	1	198	454	513
10	3	2	199	513	601
10	1	1	200	969	1032
10	5	2	201	1076	1136
10	1	1	202	1358	1454
10	3	2	203	1608	1660
10	3	1	204	1660	1748
10	7	4	205	1753	1821
10	6	4	206	1899	1945
10	0	0	207	2022	2118
10	5	2	208	2234	2327
10	4	5	209	2327	2366
10	6	4	210	2410	2486
10	2	3	211	2669	2687
10	3	2	212	2717	2779
10	5	2	213	2779	2799
10	2	3	214	2974	3037
11	3	2	215	0	22
11	7	5	216	110	201
11	2	3	217	201	227
11	0	0	218	227	317
11	0	0	219	877	930
11	3	2	220	963	1016
11	3	1	221	1075	1138
11	6	3	222	1160	1176
11	5	4	223	1342	1408
11	5	4	224	1408	1485
11	6	4	225	1485	1532
11	5	4	226	1821	1868
11	1	1	227	1894	1929
11	0	2	228	1988	2003
11	1	1	229	2003	2086
11	0	0	230	2118	2130
11	3	2	231	2130	2234
11	7	5	232	2234	2262
11	7	5	233	2542	2629
11	5	2	234	2974	3010
11	0	0	235	3040	3081
12	0	0	236	0	47
12	1	1	237	47	105
12	0	2	238	124	186
12	1	1	239	344	406
12	0	0	240	561	595
12	5	4	241	595	693
12	1	1	242	789	882
12	2	3	243	1176	1220
12	3	2	244	1790	1852
12	2	3	245	2128	2211
12	3	1	246	2416	2518
12	0	0	247	2624	2714
12	2	3	248	2737	2830
12	0	0	249	2917	2982
12	6	4	250	3007	3024
12	2	3	251	3099	3194
13	3	1	252	272	344
13	5	2	253	425	501
13	6	4	254	735	837
13	7	4	255	869	911
13	3	2	256	1016	1075
13	1	3	257	1250	1313
13	7	5	258	1454	1484
13	5	2	259	1485	1575
13	0	0	260	1739	1753
13	0	2	261	1963	1978
13	5	2	262	2003	2074
13	4	5	263	2083	2150
13	2	3	264	2211	2251
13	1	1	265	2290	2360
13	3	2	266	2518	2597
13	4	5	267	2763	2814
14	3	1	268	22	44
14	6	3	269	63	115
14	4	0	270	124	200
14	1	1	271	200	227
14	5	3	272	231	269
14	2	3	273	269	279
14	1	3	274	279	326
14	6	3	275	385	403
14	4	0	276	623	702
14	1	1	277	757	789
14	2	3	278	821	916
14	7	4	279	1124	1138
14	1	1	280	1138	1198
14	1	1	281	1198	1250
14	7	5	282	1484	1571
14	1	1	283	1790	1871
14	2	3	284	1899	1978
14	6	4	285	1999	2091
14	4	5	286	2268	2306
14	0	0	287	2336	2390
14	5	2	288	2428	2453
14	2	3	289	2687	2737
14	1	1	290	2737	2775
14	2	3	291	2925	2974
14	6	4	292	2974	3007


Solution History:
