This is the output of Heuristic Solver for Dual resource constrained flexible job shop Scheduling Problem.
Input file is: wfjsp18_4.txt
Method: TSN1_2000_5_5
Seed: 1
Number of Jobs: 20
Number of Operations: 163
Number of Machines: 10
Number of Operators: 8
CPU Time: 27.7527
obj: 1070
Best found lower bound:0
Solver gap (best found lower bound and upper bound difference): Not known


Final Solution:
Job	Machine	Operator	Operation	Start Time	Finish Time
0	2	5	0	93	172
0	6	5	1	172	231
0	7	2	2	277	345
0	9	0	3	368	432
0	5	0	4	432	535
0	9	0	5	611	642
0	2	4	6	689	736
0	0	0	7	786	798
0	9	2	8	962	1009
1	9	3	9	89	111
1	6	3	10	111	126
1	9	0	11	224	267
1	5	2	12	345	420
1	4	7	13	420	443
1	1	1	14	509	583
1	2	1	15	583	659
1	4	5	16	822	886
1	6	5	17	1016	1065
2	0	0	18	0	32
2	3	4	19	37	54
2	7	2	20	129	178
2	6	1	21	249	323
2	2	4	22	524	535
2	7	3	23	557	620
2	9	2	24	786	867
3	0	0	25	32	42
3	9	0	26	113	183
3	7	2	27	202	277
3	0	2	28	425	519
3	3	7	29	647	696
3	2	4	30	974	1068
4	5	2	31	0	66
4	4	3	32	343	413
4	6	6	33	472	524
4	5	4	34	535	553
4	9	1	35	710	777
4	7	1	36	777	805
4	0	2	37	1009	1032
5	4	2	38	66	128
5	3	3	39	220	266
5	0	1	40	368	425
5	2	7	41	542	577
5	6	6	42	620	672
5	8	6	43	904	990
6	9	1	44	0	75
6	3	7	45	94	157
6	0	0	46	267	297
6	2	5	47	351	376
6	0	2	48	519	582
6	8	7	49	582	616
6	1	5	50	667	718
6	0	0	51	798	828
7	1	6	52	129	226
7	2	5	53	231	274
7	0	2	54	582	597
7	2	4	55	661	689
7	4	5	56	747	822
7	5	4	57	823	836
7	2	4	58	836	916
7	5	4	59	916	962
7	5	0	60	1009	1070
8	4	3	61	0	44
8	0	4	62	119	152
8	4	4	63	152	165
8	2	3	64	191	220
8	6	6	65	570	620
8	5	0	66	642	705
8	3	3	67	855	898
8	8	6	68	990	1028
9	7	6	69	75	129
9	8	3	70	129	191
9	9	1	71	323	366
9	1	7	72	368	416
9	4	2	73	597	675
9	8	6	74	675	725
9	2	4	75	736	747
9	2	4	76	747	823
9	1	7	77	881	930
10	5	2	78	178	202
10	3	7	79	266	352
10	7	5	80	419	485
10	8	7	81	489	542
10	0	4	82	608	661
10	1	6	83	725	754
10	6	7	84	774	881
10	4	5	85	964	985
10	6	5	86	985	1016
11	6	5	87	0	44
11	5	1	88	75	142
11	1	6	89	226	276
11	8	6	90	323	344
11	2	4	91	496	524
11	9	0	92	535	611
11	1	6	93	754	807
11	2	7	94	930	974
12	7	6	95	0	47
12	1	0	96	47	113
12	4	4	97	245	319
12	9	1	98	453	496
12	1	1	99	496	509
12	3	4	100	557	608
12	7	3	101	620	648
12	6	7	102	696	727
12	5	3	103	962	1009
12	9	3	104	1009	1031
13	4	4	105	165	245
13	2	4	106	421	496
13	6	6	107	524	570
13	0	2	108	675	722
13	0	2	109	722	786
13	3	3	110	786	855
13	8	6	111	856	904
13	6	1	112	910	976
13	7	1	113	976	1047
13	9	1	114	1047	1057
14	8	7	115	0	94
14	0	4	116	319	368
14	8	6	117	395	472
14	4	5	118	559	590
14	9	1	119	659	710
14	4	5	120	718	747
14	6	1	121	881	910
15	2	4	122	0	37
15	0	4	123	54	119
15	8	7	124	206	255
15	5	3	125	266	343
15	1	5	126	590	667
15	8	7	127	727	774
15	0	0	128	828	856
15	0	0	129	856	933
15	0	0	130	933	1001
16	2	3	131	44	89
16	3	7	132	157	206
16	5	0	133	209	224
16	6	6	134	344	395
16	4	7	135	443	489
16	5	0	136	705	738
16	3	3	137	898	960
17	6	5	138	44	93
17	5	1	139	142	157
17	9	0	140	183	209
17	9	6	141	276	323
17	3	3	142	462	557
17	7	3	143	648	686
17	1	1	144	807	874
17	4	5	145	886	964
18	7	6	146	47	75
18	2	5	147	274	351
18	8	7	148	352	366
18	7	5	149	376	419
18	6	3	150	419	462
18	3	7	151	616	647
18	4	3	152	686	716
18	3	3	153	716	783
18	9	2	154	867	962
19	0	1	155	157	249
19	1	0	156	297	368
19	3	4	157	368	389
19	2	4	158	389	421
19	3	1	159	425	453
19	4	5	160	489	559
19	7	6	161	807	856
19	4	7	162	985	1064


Solution History:
