This is the output of Heuristic Solver for Dual resource constrained flexible job shop Scheduling Problem.
Input file is: wfjsp21_9.txt
Method: TSN1_2000_5_5
Seed: 1
Number of Jobs: 25
Number of Operations: 258
Number of Machines: 15
Number of Operators: 12
CPU Time: 164.483
obj: 1173
Best found lower bound:0
Solver gap (best found lower bound and upper bound difference): Not known


Final Solution:
Job	Machine	Operator	Operation	Start Time	Finish Time
0	4	6	0	15	87
0	13	2	1	158	202
0	14	3	2	305	373
0	2	7	3	373	430
0	1	2	4	512	546
0	1	2	5	546	634
0	8	10	6	652	713
0	12	11	7	747	767
0	7	10	8	783	847
0	2	6	9	865	924
0	6	9	10	952	1059
0	9	11	11	1069	1157
1	13	0	12	73	145
1	1	1	13	244	291
1	0	6	14	366	385
1	9	3	15	468	525
1	11	3	16	560	575
1	10	5	17	615	703
1	0	7	18	758	777
1	11	1	19	810	832
1	0	5	20	874	913
1	3	7	21	950	992
1	14	5	22	1005	1019
1	7	0	23	1070	1092
2	11	1	24	0	20
2	2	5	25	51	111
2	10	11	26	153	211
2	2	6	27	218	321
2	11	7	28	596	681
2	13	4	29	723	805
2	1	8	30	807	864
2	0	3	31	934	996
2	2	9	32	1070	1128
3	0	3	33	0	66
3	3	1	34	134	147
3	11	8	35	179	259
3	4	6	36	321	352
3	12	6	37	442	464
3	0	3	38	575	588
3	13	0	39	631	689
3	12	0	40	689	747
3	14	1	41	881	977
3	14	5	42	1019	1043
3	11	5	43	1043	1061
3	6	7	44	1061	1080
4	10	11	45	83	124
4	4	0	46	145	189
4	9	4	47	189	253
4	3	3	48	256	305
4	9	4	49	344	362
4	4	2	50	423	512
4	3	1	51	636	666
4	4	11	52	872	934
4	0	6	53	1006	1033
5	2	2	54	0	29
5	8	2	55	29	99
5	0	10	56	170	245
5	9	4	57	362	376
5	9	4	58	376	410
5	14	1	59	549	636
5	6	3	60	654	698
5	12	10	61	854	903
5	5	5	62	913	1005
6	14	4	63	67	123
6	14	3	64	142	199
6	9	4	65	282	344
6	0	6	66	352	366
6	12	9	67	471	480
6	7	10	68	491	523
6	5	6	69	533	594
6	9	4	70	805	829
6	5	0	71	839	877
6	12	4	72	955	984
6	13	3	73	996	1057
6	3	3	74	1057	1143
7	7	7	75	180	235
7	8	10	76	293	326
7	5	9	77	345	417
7	10	9	78	417	471
7	0	9	79	480	534
7	4	3	80	534	560
7	13	4	81	563	598
7	13	4	82	689	723
7	1	2	83	775	792
7	14	2	84	792	848
7	11	5	85	1080	1115
8	10	0	86	0	73
8	2	10	87	111	170
8	5	8	88	259	279
8	13	11	89	314	335
8	10	7	90	509	596
8	2	2	91	634	686
8	1	2	92	686	775
8	1	8	93	864	952
8	7	11	94	1019	1069
8	11	5	95	1069	1080
9	3	5	96	0	36
9	6	2	97	100	158
9	14	2	98	202	289
9	1	2	99	318	405
9	3	8	100	405	435
9	11	11	101	498	560
9	2	5	102	578	615
9	11	3	103	698	723
9	8	0	104	747	827
9	1	2	105	1111	1165
10	3	3	106	66	121
10	4	0	107	189	267
10	7	8	108	279	289
10	7	8	109	289	347
10	0	11	110	394	451
10	5	1	111	511	525
10	0	11	112	660	744
10	12	9	113	767	854
10	10	9	114	854	882
10	4	2	115	944	977
10	4	2	116	1044	1105
10	8	10	117	1111	1173
11	13	9	118	8	66
11	9	10	119	66	100
11	8	11	120	124	153
11	0	0	121	267	342
11	1	8	122	441	500
11	5	1	123	742	810
11	8	0	124	891	969
11	10	4	125	984	1046
11	4	1	126	1113	1141
12	1	8	127	0	39
12	9	5	128	111	135
12	5	6	129	146	218
12	4	1	130	352	423
12	8	8	131	500	593
12	5	6	132	611	668
12	4	1	133	668	731
12	12	4	134	924	955
12	2	0	135	1047	1070
13	4	6	136	0	15
13	12	7	137	15	70
13	5	6	138	87	146
13	11	4	139	153	179
13	8	5	140	212	268
13	14	0	141	417	491
13	9	4	142	603	682
13	9	1	143	832	881
13	12	8	144	997	1085
13	10	7	145	1085	1173
14	6	9	146	293	338
14	6	5	147	338	367
14	1	10	148	407	441
14	6	6	149	464	533
14	7	9	150	534	590
14	10	10	151	713	783
14	14	2	152	848	876
14	3	0	153	877	891
14	6	9	154	891	952
14	2	7	155	997	1028
14	12	8	156	1085	1170
15	3	1	157	36	58
15	6	9	158	66	100
15	11	5	159	135	145
15	1	1	160	147	232
15	11	5	161	268	329
15	7	8	162	347	403
15	10	10	163	478	491
15	12	4	164	492	563
15	7	9	165	590	676
15	2	7	166	703	758
15	13	4	167	829	924
15	11	6	168	924	1006
16	7	11	169	0	83
16	7	8	170	95	171
16	10	7	171	258	316
16	3	7	172	316	370
16	12	6	173	385	442
16	7	10	174	442	478
16	14	0	175	491	549
16	3	7	176	777	811
16	4	1	177	977	1043
17	8	5	178	153	212
17	5	1	179	232	244
17	12	10	180	245	293
17	2	7	181	430	509
17	9	1	182	525	541
17	4	11	183	560	660
17	6	5	184	703	804
17	5	0	185	827	839
17	10	10	186	903	971
17	8	2	187	977	1044
17	5	6	188	1044	1103
18	13	4	189	0	8
18	14	4	190	8	67
18	6	7	191	161	180
18	10	7	192	235	258
18	4	2	193	289	318
18	11	11	194	335	394
18	9	3	195	439	468
18	3	6	196	668	757
19	10	4	197	124	153
19	6	5	198	367	434
19	8	11	199	451	498
19	3	1	200	498	511
19	3	5	201	521	578
19	3	0	202	578	631
19	7	9	203	676	763
19	4	11	204	767	872
19	1	10	205	971	1040
19	1	10	206	1040	1111
19	14	5	207	1115	1159
20	1	8	208	39	95
20	1	10	209	100	111
20	11	4	210	410	492
20	2	10	211	523	549
20	12	8	212	593	647
20	12	8	213	647	671
20	6	5	214	804	858
20	8	5	215	858	874
20	13	4	216	1057	1140
20	0	9	217	1140	1162
21	5	10	218	0	58
21	4	3	219	121	142
21	9	4	220	253	282
21	5	1	221	291	345
21	0	3	222	588	654
21	2	7	223	686	703
21	11	7	224	832	892
21	7	11	225	934	1019
21	14	1	226	1043	1113
22	12	9	227	100	187
22	3	3	228	199	256
22	14	3	229	373	406
22	13	5	230	439	521
22	10	6	231	596	611
22	11	8	232	723	807
22	3	7	233	892	950
22	9	0	234	969	1046
23	0	7	235	70	161
23	6	9	236	187	293
23	8	10	237	326	407
23	13	3	238	407	439
23	9	10	239	549	603
23	8	10	240	603	652
23	5	1	241	731	742
23	2	6	242	758	865
23	7	3	243	865	934
23	2	8	244	952	997
23	2	7	245	1028	1047
23	5	6	246	1103	1167
24	2	5	247	36	51
24	11	1	248	58	134
24	13	11	249	211	314
24	10	0	250	342	417
24	5	1	251	423	486
24	0	0	252	549	575
24	5	8	253	671	715
24	9	3	254	723	798
24	0	3	255	798	865
24	9	2	256	881	944
24	7	0	257	1092	1165


Solution History:
