This is the output of Heuristic Solver for Dual resource constrained flexible job shop Scheduling Problem.
Input file is: wfjsp6_7.txt
Method: TSN1_2000_5_5
Seed: 1
Number of Jobs: 12
Number of Operations: 79
Number of Machines: 5
Number of Operators: 5
CPU Time: 3.63468
obj: 851
Best found lower bound:0
Solver gap (best found lower bound and upper bound difference): Not known


Final Solution:
Job	Machine	Operator	Operation	Start Time	Finish Time
0	1	0	0	79	164
0	1	3	1	222	233
0	4	0	2	306	346
0	4	0	3	346	441
0	0	0	4	503	526
0	1	3	5	562	603
0	0	0	6	626	666
0	2	2	7	694	733
1	3	1	8	0	10
1	0	3	9	81	120
1	2	2	10	120	200
1	0	1	11	223	288
1	0	1	12	305	384
1	1	3	13	421	488
1	0	0	14	526	564
2	3	4	15	51	69
2	4	0	16	164	251
2	2	2	17	383	449
2	0	0	18	449	503
2	3	4	19	514	587
2	3	4	20	720	800
2	2	2	21	820	851
3	2	2	22	10	21
3	4	1	23	771	849
4	2	2	24	0	10
4	1	0	25	25	79
4	4	1	26	132	144
4	0	1	27	144	223
4	4	0	28	251	306
4	3	4	29	379	412
4	4	1	30	442	514
4	3	4	31	587	665
4	1	3	32	686	769
4	3	4	33	800	811
5	0	3	34	0	81
5	2	2	35	200	286
5	3	4	36	353	379
5	1	3	37	396	421
5	3	4	38	437	473
5	2	2	39	508	573
5	4	1	40	583	664
5	4	1	41	664	737
5	1	0	42	769	851
6	3	4	43	10	51
6	4	1	44	69	96
6	4	1	45	96	132
6	3	4	46	149	234
6	2	2	47	286	353
6	2	2	48	573	631
6	2	2	49	631	694
6	3	4	50	694	720
6	3	4	51	811	851
7	1	3	52	233	301
7	2	2	53	353	383
7	0	1	54	384	398
7	0	1	55	398	442
7	1	3	56	488	562
7	0	0	57	666	705
7	0	0	58	705	742
7	0	0	59	742	764
8	1	0	60	0	25
8	2	2	61	79	114
8	1	3	62	164	222
8	3	4	63	234	307
8	1	3	64	307	396
8	2	2	65	449	508
8	4	1	66	514	583
8	2	2	67	733	820
9	2	2	68	21	79
9	0	3	69	769	838
10	0	1	70	288	305
10	0	0	71	564	626
11	4	1	72	10	69
11	3	4	73	69	149
11	3	4	74	307	353
11	3	4	75	412	437
11	3	4	76	473	514
11	1	3	77	603	686
11	4	1	78	737	771


Solution History:
