This is the output of Heuristic Solver for Dual resource constrained flexible job shop Scheduling Problem.
Input file is: wfjsp24_2.txt
Method: TSN1_2000_5_5
Seed: 1
Number of Jobs: 40
Number of Operations: 288
Number of Machines: 15
Number of Operators: 12
CPU Time: 138.615
obj: 1253
Best found lower bound:0
Solver gap (best found lower bound and upper bound difference): Not known


Final Solution:
Job	Machine	Operator	Operation	Start Time	Finish Time
0	4	0	0	180	254
0	7	5	1	414	485
0	14	1	2	507	529
0	14	9	3	1036	1074
0	5	11	4	1141	1158
1	10	7	5	17	43
1	8	10	6	95	161
1	9	7	7	254	265
1	12	7	8	298	370
1	10	7	9	467	507
1	14	10	10	529	585
1	9	9	11	610	626
1	1	6	12	690	765
1	6	5	13	968	1033
2	5	11	14	0	54
2	2	2	15	90	165
2	13	0	16	254	283
2	13	10	17	284	326
2	3	3	18	338	356
2	10	0	19	669	726
2	9	9	20	859	932
2	13	2	21	1016	1104
2	0	4	22	1114	1172
2	6	4	23	1172	1236
3	12	4	24	33	92
3	11	7	25	210	227
3	1	7	26	243	254
3	1	4	27	258	343
3	10	7	28	431	454
3	10	10	29	585	669
3	7	5	30	883	968
3	14	9	31	1016	1036
3	4	1	32	1066	1138
4	3	5	33	221	300
4	1	4	34	343	403
4	0	7	35	405	430
4	9	3	36	517	567
4	5	4	37	595	630
4	12	9	38	630	702
4	14	3	39	702	792
4	2	0	40	931	950
4	2	0	41	950	964
4	14	8	42	1087	1120
5	11	7	43	0	15
5	1	2	44	17	55
5	7	3	45	122	199
5	8	1	46	614	657
5	7	1	47	665	752
5	12	9	48	1166	1252
6	4	6	49	35	101
6	14	9	50	142	175
6	11	11	51	267	324
6	4	7	52	370	405
6	13	0	53	488	514
6	9	5	54	567	605
6	11	7	55	642	685
6	4	7	56	685	709
6	3	11	57	888	949
7	6	10	58	0	58
7	2	2	59	165	177
7	6	3	60	199	231
7	13	10	61	421	468
7	11	8	62	494	574
7	5	0	63	810	863
7	0	8	64	1014	1087
8	5	11	65	54	104
8	5	0	66	161	180
8	14	9	67	272	359
8	1	7	68	454	467
8	13	0	69	581	655
8	9	0	70	655	669
8	3	11	71	787	841
8	11	10	72	1041	1102
8	2	0	73	1192	1243
9	4	11	74	118	176
9	6	9	75	462	546
9	1	1	76	559	614
9	0	11	77	649	701
9	2	7	78	709	799
9	4	6	79	823	837
9	4	11	80	841	888
9	1	6	81	914	959
9	9	0	82	964	1020
9	13	10	83	1104	1121
10	11	7	84	132	210
10	11	10	85	244	267
10	5	6	86	283	304
10	10	3	87	304	338
10	0	1	88	342	373
10	9	6	89	431	517
10	12	3	90	1090	1163
11	10	7	91	43	132
11	11	2	92	348	423
11	8	1	93	496	507
11	12	8	94	574	604
11	10	7	95	799	872
11	12	4	96	922	983
11	4	10	97	986	1041
11	6	6	98	1075	1161
11	9	6	99	1161	1246
12	10	5	100	0	17
12	3	1	101	20	87
12	6	3	102	231	286
12	12	11	103	452	499
12	7	0	104	514	581
12	0	11	105	701	787
12	12	3	106	792	827
12	5	11	107	982	1029
12	2	7	108	1041	1111
13	3	4	109	92	156
13	4	11	110	405	452
13	7	5	111	485	513
13	0	8	112	604	649
13	13	10	113	859	919
13	14	10	114	919	986
13	5	11	115	1126	1141
14	1	4	116	0	14
14	1	0	117	107	129
14	10	6	118	347	431
14	8	6	119	517	607
14	3	11	120	949	982
14	8	6	121	1014	1075
14	7	8	122	1201	1253
15	8	1	123	0	20
15	8	5	124	63	95
15	0	1	125	95	113
15	7	1	126	113	122
15	8	9	127	175	196
15	2	6	128	196	212
15	3	6	129	212	221
15	6	5	130	300	373
15	0	2	131	885	895
16	4	0	132	0	33
16	7	6	133	221	283
16	2	1	134	291	342
16	9	11	135	351	402
16	12	0	136	423	452
16	13	5	137	514	550
16	8	10	138	1168	1230
17	12	8	139	185	270
17	6	4	140	403	462
17	5	4	141	462	528
17	11	7	142	579	642
17	11	3	143	827	865
17	0	7	144	1181	1247
18	7	8	145	0	33
18	9	9	146	98	142
18	2	3	147	374	440
18	3	1	148	529	559
18	2	3	149	567	624
18	7	5	150	633	665
18	6	5	151	665	708
18	8	9	152	788	859
18	2	7	153	1111	1181
19	5	11	154	180	193
19	5	0	155	320	423
19	13	10	156	707	758
19	9	10	157	758	838
19	8	8	158	963	1000
19	11	2	159	1104	1154
20	13	5	160	17	46
20	11	3	161	46	111
20	9	7	162	265	297
20	7	6	163	320	347
20	8	8	164	426	494
20	14	2	165	600	689
20	0	6	166	959	1014
20	5	3	167	1163	1244
21	13	5	168	46	57
21	13	10	169	58	85
21	14	2	170	177	258
21	14	1	171	424	496
21	12	4	172	861	922
21	10	3	173	1031	1090
22	8	9	174	196	272
22	0	10	175	272	284
22	10	7	176	507	579
22	7	5	177	605	633
22	4	5	178	709	787
22	14	2	179	804	885
22	9	11	180	1029	1087
22	14	8	181	1120	1147
23	4	10	182	470	525
23	6	6	183	837	914
23	13	9	184	932	1016
23	7	0	185	1089	1161
23	14	2	186	1161	1214
23	1	1	187	1214	1244
24	5	0	188	129	161
24	13	10	189	161	244
24	3	3	190	440	517
24	3	11	191	559	604
24	5	1	192	866	912
25	1	1	193	141	215
25	7	3	194	356	374
25	7	5	195	374	414
25	5	4	196	528	595
25	5	6	197	765	810
25	5	1	198	912	982
25	7	1	199	982	1066
25	8	9	200	1091	1166
26	13	10	201	326	421
26	1	2	202	423	453
26	0	2	203	529	600
26	0	8	204	800	870
26	8	8	205	946	963
26	12	8	206	1000	1014
26	4	5	207	1214	1245
27	14	8	208	35	121
27	3	9	209	359	435
27	6	9	210	546	610
27	8	8	211	870	946
27	10	3	212	968	1031
28	13	2	213	0	17
28	2	0	214	33	87
28	13	5	215	95	135
28	11	8	216	326	343
28	0	2	217	453	529
28	13	5	218	550	565
28	2	10	219	838	859
29	8	9	220	33	63
29	9	9	221	63	98
29	8	8	222	315	326
29	3	11	223	604	649
29	10	0	224	726	795
30	6	0	225	87	107
30	2	1	226	215	291
30	14	1	227	373	424
30	11	2	228	689	768
30	13	5	229	787	853
30	5	4	230	1030	1114
30	7	0	231	1161	1192
31	2	3	232	0	29
31	12	11	233	104	118
31	0	1	234	122	141
31	0	11	235	219	267
31	3	8	236	1147	1201
32	9	5	237	142	220
32	5	4	238	220	258
32	12	3	239	286	298
32	5	6	240	304	316
32	1	0	241	470	488
32	3	4	242	983	1030
32	11	11	243	1158	1219
33	8	8	244	343	426
33	4	0	245	452	470
33	2	3	246	624	702
33	11	2	247	768	804
33	10	7	248	903	968
33	1	7	249	968	1041
33	1	9	250	1074	1091
33	9	11	251	1091	1126
33	10	10	252	1126	1168
34	14	6	253	0	35
34	1	2	254	55	90
34	6	6	255	107	192
34	8	8	256	272	315
34	9	11	257	324	351
35	4	2	258	258	348
35	5	4	259	630	726
35	8	1	260	752	788
35	7	1	261	788	866
35	1	7	262	872	903
35	0	2	263	903	944
35	11	2	264	944	1016
35	3	5	265	1033	1131
36	3	4	266	726	784
36	1	4	267	784	861
36	12	0	268	1020	1089
36	13	5	269	1131	1214
36	13	2	270	1214	1247
37	12	9	271	0	33
37	0	4	272	156	219
37	12	9	273	702	786
37	2	6	274	810	823
37	11	3	275	865	926
37	4	1	276	1138	1214
38	12	8	277	121	185
38	9	7	278	227	243
38	7	0	279	283	320
38	12	11	280	499	553
38	3	8	281	649	715
38	3	5	282	853	883
39	1	6	283	614	690
39	13	10	284	690	707
39	6	8	285	715	800
39	2	0	286	863	931
39	6	3	287	931	968


Solution History:
