This is the output of Heuristic Solver for Dual resource constrained flexible job shop Scheduling Problem.
Input file is: wfjsp15_10.txt
Method: TSN1_2000_5_5
Seed: 1
Number of Jobs: 30
Number of Operations: 385
Number of Machines: 15
Number of Operators: 15
CPU Time: 300.03
obj: 1471
Best found lower bound:0
Solver gap (best found lower bound and upper bound difference): Not known


Final Solution:
Job	Machine	Operator	Operation	Start Time	Finish Time
0	0	4	0	49	121
0	1	5	1	418	499
0	4	8	2	528	591
0	1	5	3	592	676
0	3	7	4	744	806
0	5	10	5	892	921
0	13	0	6	921	957
0	3	0	7	957	1008
0	14	1	8	1041	1127
0	7	14	9	1193	1215
0	11	5	10	1227	1261
0	2	13	11	1288	1320
0	4	12	12	1344	1422
1	12	7	13	63	143
1	9	0	14	160	226
1	10	14	15	288	373
1	9	0	16	569	651
1	9	0	17	690	704
1	2	9	18	766	774
1	11	5	19	799	847
1	4	7	20	882	948
1	5	11	21	953	1044
1	4	2	22	1055	1105
1	12	3	23	1105	1173
1	6	8	24	1228	1271
1	7	11	25	1288	1309
2	0	12	26	0	44
2	14	3	27	47	66
2	2	0	28	234	322
2	2	2	29	446	478
2	11	14	30	478	554
2	13	11	31	582	655
2	9	1	32	735	807
2	4	7	33	837	882
2	8	9	34	936	987
2	11	14	35	987	1061
2	2	9	36	1092	1104
2	1	13	37	1354	1376
2	1	3	38	1376	1395
3	9	13	39	0	43
3	1	5	40	74	106
3	5	6	41	113	205
3	6	2	42	373	436
3	12	7	43	477	566
3	1	14	44	566	581
3	3	8	45	592	605
3	12	13	46	620	691
3	3	7	47	698	744
3	2	9	48	1080	1092
4	5	6	49	15	104
4	12	7	50	143	224
4	1	3	51	535	561
4	14	1	52	603	675
4	1	0	53	780	789
4	7	13	54	868	942
4	10	7	55	948	1020
4	0	13	56	1084	1102
4	8	4	57	1223	1292
4	0	10	58	1372	1404
4	6	9	59	1450	1458
5	3	11	60	0	86
5	9	8	61	375	422
5	11	5	62	710	799
5	12	8	63	906	971
5	2	3	64	986	1080
5	10	10	65	1088	1153
5	12	7	66	1173	1220
5	9	12	67	1261	1316
5	9	7	68	1316	1335
5	13	8	69	1337	1358
5	2	5	70	1358	1377
5	3	5	71	1377	1398
5	1	3	72	1398	1450
6	14	3	73	0	47
6	14	2	74	142	164
6	0	4	75	218	285
6	14	3	76	377	422
6	3	8	77	424	461
6	1	11	78	501	535
6	8	6	79	535	626
6	3	6	80	626	661
6	3	7	81	806	837
6	9	7	82	1025	1049
6	5	10	83	1239	1251
7	9	13	84	43	123
7	9	13	85	123	160
7	6	8	86	242	278
7	4	11	87	349	420
7	9	0	88	424	503
7	4	2	89	600	616
7	10	13	90	691	770
7	1	3	91	790	854
7	2	3	92	863	897
7	4	2	93	1181	1199
8	13	10	94	0	90
8	10	14	95	96	139
8	7	6	96	209	291
8	13	4	97	459	540
8	10	1	98	540	603
8	4	8	99	616	701
8	12	6	100	701	792
8	0	4	101	812	884
8	1	5	102	950	1040
8	10	1	103	1153	1242
8	0	1	104	1242	1286
8	0	1	105	1286	1318
8	5	10	106	1323	1372
8	12	9	107	1372	1448
9	5	2	108	0	15
9	2	0	109	66	154
9	7	12	110	171	182
9	4	2	111	182	253
9	12	7	112	328	396
9	7	4	113	396	455
9	0	4	114	884	977
9	4	2	115	977	1055
9	9	0	116	1055	1137
9	1	0	117	1137	1216
9	1	0	118	1216	1285
9	11	11	119	1309	1394
9	13	11	120	1394	1427
9	11	12	121	1427	1464
10	10	1	122	9	96
10	7	12	123	182	209
10	6	2	124	619	693
10	11	5	125	693	710
10	9	1	126	710	735
10	9	12	127	986	1025
10	13	9	128	1051	1078
10	6	8	129	1271	1300
10	6	8	130	1300	1337
10	2	8	131	1418	1468
11	4	12	132	49	68
11	13	10	133	112	196
11	13	10	134	196	205
11	12	9	135	224	298
11	6	8	136	312	326
11	2	9	137	602	669
11	1	14	138	683	756
11	8	12	139	861	883
11	7	13	140	942	1011
11	11	14	141	1061	1140
11	7	14	142	1140	1193
11	2	3	143	1193	1288
11	6	6	144	1337	1403
11	8	10	145	1404	1469
12	13	1	146	210	224
12	14	3	147	422	508
12	14	9	148	508	578
12	10	14	149	603	683
12	4	8	150	791	837
12	11	12	151	973	986
12	14	6	152	1127	1157
12	5	10	153	1157	1239
12	5	10	154	1251	1323
12	5	2	155	1372	1454
13	3	11	156	86	165
13	8	9	157	313	400
13	8	9	158	400	434
13	4	6	159	501	528
13	0	10	160	540	607
13	8	12	161	708	787
13	13	0	162	812	845
13	6	9	163	863	924
13	6	6	164	924	1015
13	12	13	165	1030	1081
13	3	7	166	1099	1168
13	7	13	167	1218	1288
13	13	0	168	1288	1324
13	2	13	169	1377	1418
13	9	13	170	1418	1470
14	8	1	171	224	313
14	13	12	172	375	459
14	3	5	173	527	592
14	11	12	174	664	693
14	6	2	175	693	782
14	12	6	176	792	837
14	11	5	177	847	934
14	3	5	178	934	950
14	0	4	179	996	1061
14	13	11	180	1120	1134
14	13	11	181	1134	1203
14	2	13	182	1320	1340
14	3	5	183	1398	1451
15	2	5	184	0	66
15	14	3	185	66	138
15	4	10	186	261	349
15	0	4	187	721	812
15	3	6	188	837	902
15	5	11	189	921	953
15	11	14	190	953	972
15	7	6	191	1015	1111
15	5	9	192	1111	1157
15	10	7	193	1249	1294
15	14	3	194	1294	1361
15	4	4	195	1422	1456
16	10	14	196	139	222
16	5	13	197	319	374
16	2	2	198	478	512
16	5	10	199	809	892
16	10	1	200	899	935
16	10	10	201	936	948
16	4	2	202	948	977
16	13	10	203	990	1024
16	13	12	204	1025	1049
16	3	7	205	1049	1077
16	13	4	206	1084	1120
16	2	13	207	1120	1178
16	4	2	208	1199	1287
17	11	12	209	209	241
17	10	14	210	242	288
17	12	7	211	396	477
17	7	3	212	570	636
17	5	7	213	640	666
17	2	9	214	669	738
17	10	13	215	770	790
17	10	1	216	812	899
17	14	1	217	948	973
17	14	1	218	973	1041
17	3	7	219	1077	1099
17	0	9	220	1212	1242
18	8	9	221	0	81
18	0	4	222	136	199
18	14	3	223	210	230
18	9	7	224	230	248
18	1	11	225	249	280
18	7	12	226	291	362
18	5	6	227	409	496
18	9	0	228	503	569
18	11	12	229	570	608
18	11	12	230	608	664
18	0	10	231	676	721
18	9	12	232	895	973
18	8	12	233	1136	1223
18	10	14	234	1294	1377
18	14	1	235	1406	1455
19	11	0	236	0	59
19	5	6	237	104	113
19	0	4	238	121	136
19	11	3	239	142	204
19	5	10	240	205	238
19	4	10	241	253	261
19	3	4	242	298	379
19	8	1	243	445	498
19	2	2	244	512	600
19	10	0	245	790	799
19	10	0	246	799	812
19	6	8	247	1030	1059
20	4	8	248	97	166
20	6	8	249	166	242
20	13	12	250	242	286
20	14	3	251	330	377
20	12	4	252	566	620
20	7	13	253	790	868
20	13	0	254	868	918
20	8	10	255	921	936
20	0	4	256	977	996
20	10	10	257	1024	1088
20	13	11	258	1203	1284
20	8	4	259	1292	1374
20	6	6	260	1403	1450
20	3	5	261	1451	1471
21	10	1	262	0	9
21	12	8	263	9	56
21	6	8	264	56	85
21	9	7	265	248	328
21	5	6	266	374	409
21	7	12	267	459	528
21	13	11	268	540	582
21	6	13	269	586	619
21	7	3	270	671	724
21	5	10	271	724	809
21	3	0	272	1008	1034
21	3	6	273	1250	1323
22	1	5	274	160	247
22	1	11	275	280	346
22	11	1	276	348	430
22	6	9	277	436	471
22	6	9	278	471	492
22	7	12	279	528	570
22	5	7	280	570	640
22	13	11	281	655	729
22	4	8	282	729	791
22	9	11	283	810	895
22	2	3	284	897	986
22	1	5	285	1040	1072
22	1	5	286	1072	1135
22	14	1	287	1361	1406
22	7	3	288	1450	1466
23	13	10	289	90	112
23	1	5	290	112	160
23	3	5	291	249	298
23	12	6	292	298	324
23	0	10	293	349	416
23	10	10	294	416	427
23	8	4	295	626	708
23	14	0	296	708	780
23	6	2	297	782	840
23	1	14	298	857	941
23	6	13	299	1015	1030
23	3	6	300	1168	1250
23	7	12	301	1316	1344
23	3	7	302	1344	1376
23	0	0	303	1406	1445
24	11	2	304	59	142
24	2	5	305	322	374
24	2	14	306	374	446
24	3	8	307	461	527
24	7	3	308	636	652
24	7	3	309	652	671
24	3	7	310	671	698
24	7	3	311	724	790
24	6	2	312	840	859
24	8	9	313	987	1051
24	6	8	314	1059	1143
24	6	8	315	1143	1228
24	0	9	316	1323	1371
24	7	14	317	1377	1450
24	1	14	318	1450	1469
25	7	7	319	0	63
25	7	12	320	68	99
25	6	1	321	99	164
25	0	4	322	199	218
25	10	14	323	222	242
25	14	2	324	256	277
25	6	8	325	278	312
25	9	8	326	328	375
25	0	10	327	607	676
25	13	11	328	729	810
25	12	8	329	837	906
25	14	9	330	1157	1203
25	12	9	331	1249	1323
25	10	7	332	1377	1437
26	8	9	333	81	147
26	14	1	334	164	210
26	14	3	335	230	256
26	14	2	336	277	330
26	6	2	337	330	373
26	1	13	338	374	418
26	8	10	339	434	445
26	10	10	340	445	511
26	5	10	341	511	540
26	14	14	342	780	857
26	12	8	343	971	1023
26	5	11	344	1044	1111
26	0	4	345	1120	1212
27	7	12	346	99	171
27	3	11	347	171	249
27	11	3	348	256	318
27	13	0	349	322	375
27	4	11	350	420	501
27	6	1	351	501	513
27	6	13	352	513	586
27	14	9	353	586	602
27	4	8	354	701	719
27	1	14	355	756	779
27	2	9	356	779	863
27	0	4	357	1061	1084
27	14	14	358	1215	1292
28	4	4	359	0	49
28	4	8	360	85	97
28	8	9	361	147	217
28	5	13	362	238	319
28	0	1	363	319	330
28	11	1	364	330	348
28	3	0	365	379	424
28	0	13	366	424	509
28	9	0	367	651	690
28	2	9	368	738	766
28	8	12	369	1051	1136
28	11	5	370	1140	1227
28	12	7	371	1227	1249
28	1	5	372	1285	1354
29	1	14	373	0	74
29	2	13	374	160	234
29	8	12	375	787	861
29	14	2	376	861	948
29	13	10	377	957	990
29	4	2	378	1105	1181
29	9	13	379	1181	1218
29	9	12	380	1223	1261
29	4	2	381	1287	1343
29	9	0	382	1343	1406
29	9	8	383	1406	1414
29	13	11	384	1427	1469


Solution History:
