This is the output of Heuristic Solver for Dual resource constrained flexible job shop Scheduling Problem.
Input file is: wfjsp24_10.txt
Method: TSN1_2000_5_5
Seed: 1
Number of Jobs: 40
Number of Operations: 310
Number of Machines: 15
Number of Operators: 12
CPU Time: 217.519
obj: 1402
Best found lower bound:0
Solver gap (best found lower bound and upper bound difference): Not known


Final Solution:
Job	Machine	Operator	Operation	Start Time	Finish Time
0	3	4	0	52	137
0	1	5	1	341	431
0	4	6	2	646	708
0	0	6	3	731	816
0	5	3	4	908	958
0	2	8	5	962	991
0	13	8	6	1179	1210
0	3	7	7	1292	1343
1	6	9	8	0	79
1	2	10	9	205	230
1	7	0	10	295	334
1	10	8	11	361	391
1	10	8	12	686	770
1	6	1	13	929	1013
1	10	1	14	1055	1120
1	11	0	15	1153	1235
2	13	10	16	0	79
2	2	5	17	102	116
2	6	5	18	267	275
2	3	7	19	275	320
2	12	4	20	727	795
2	1	11	21	919	1002
2	9	2	22	1101	1153
2	11	4	23	1324	1394
3	1	10	24	79	118
3	8	11	25	149	169
3	0	0	26	480	530
3	13	10	27	539	558
3	1	11	28	1177	1260
4	3	7	29	0	28
4	12	4	30	253	327
4	5	11	31	327	399
4	5	11	32	399	468
4	11	1	33	731	767
4	5	11	34	1331	1398
5	4	7	35	204	274
5	4	11	36	278	292
5	1	8	37	309	331
5	2	8	38	456	476
5	3	10	39	476	521
5	3	2	40	530	564
5	6	0	41	688	778
5	9	9	42	1037	1101
6	7	6	43	0	84
6	3	10	44	188	204
6	11	1	45	391	405
6	12	7	46	550	614
6	0	1	47	683	731
6	5	2	48	1231	1246
7	6	3	49	175	267
7	6	0	50	606	688
7	8	11	51	690	716
7	3	8	52	770	839
7	11	0	53	1144	1153
8	8	0	54	0	78
8	11	5	55	185	257
8	2	2	56	277	298
8	9	2	57	382	450
8	12	3	58	509	550
8	14	6	59	709	719
8	14	6	60	865	954
8	5	8	61	1069	1110
8	14	1	62	1210	1292
9	3	3	63	399	475
9	2	2	64	629	717
9	5	4	65	828	905
9	11	8	66	917	962
9	2	0	67	1016	1067
9	13	0	68	1091	1109
9	6	3	69	1109	1132
9	6	3	70	1345	1364
9	0	0	71	1368	1392
10	9	8	72	20	67
10	8	2	73	79	132
10	2	10	74	244	264
10	10	8	75	391	456
10	8	4	76	473	518
11	10	11	77	109	149
11	13	6	78	195	236
11	8	1	79	236	318
11	14	1	80	405	441
11	7	6	81	451	484
11	6	3	82	485	509
11	14	9	83	549	559
11	7	7	84	614	695
11	14	5	85	1169	1210
12	14	5	86	45	84
12	14	1	87	122	190
12	3	3	88	320	399
12	8	10	89	426	442
12	6	9	90	784	862
13	9	4	91	137	201
13	5	1	92	204	236
13	5	6	93	236	253
13	9	10	94	264	350
13	13	6	95	380	430
13	8	6	96	564	644
13	13	5	97	784	868
13	0	5	98	868	934
13	3	5	99	947	1032
13	2	7	100	1178	1263
14	12	4	101	327	396
14	14	10	102	559	647
14	13	9	103	868	949
14	10	1	104	1013	1055
14	14	6	105	1114	1146
14	7	2	106	1178	1231
14	4	9	107	1249	1328
14	0	6	108	1347	1360
15	10	11	109	0	76
15	14	1	110	190	204
15	11	4	111	518	584
15	10	8	112	622	686
15	2	8	113	868	917
15	12	7	114	954	1040
15	13	9	115	1328	1402
16	1	11	116	201	278
16	13	2	117	451	530
16	0	5	118	549	618
16	13	5	119	694	784
16	5	4	120	796	828
16	14	6	121	828	865
16	8	10	122	1014	1093
16	6	3	123	1132	1156
17	5	8	124	110	179
17	8	10	125	521	539
17	5	1	126	539	564
17	0	1	127	640	683
17	4	7	128	926	953
17	12	4	129	1072	1101
17	8	10	130	1144	1178
18	9	0	131	78	130
18	11	0	132	130	149
18	4	11	133	507	592
18	9	8	134	612	622
18	13	5	135	622	694
18	14	7	136	695	709
18	11	0	137	820	887
18	11	6	138	996	1070
18	0	7	139	1070	1093
18	13	0	140	1235	1303
19	7	6	141	484	552
19	11	4	142	665	727
19	9	3	143	762	858
19	12	0	144	887	954
19	9	3	145	958	1025
19	0	7	146	1040	1052
19	12	4	147	1101	1182
20	10	8	148	179	244
20	14	9	149	281	362
20	3	2	150	564	610
20	3	2	151	610	623
20	11	6	152	962	996
20	5	8	153	996	1069
20	13	8	154	1110	1179
20	6	5	155	1237	1324
20	2	10	156	1324	1401
21	12	1	157	0	87
21	6	5	158	116	150
21	2	2	159	178	205
21	10	8	160	544	612
21	4	11	161	1101	1177
21	6	5	162	1210	1237
21	12	0	163	1303	1368
22	0	9	164	122	208
22	6	9	165	441	485
22	2	3	166	550	629
22	4	9	167	714	784
22	11	0	168	784	820
22	2	2	169	820	865
22	6	2	170	865	917
22	10	2	171	917	1006
22	7	7	172	1093	1177
22	4	9	173	1181	1249
23	10	2	174	244	277
23	2	7	175	369	454
23	7	1	176	564	611
23	5	11	177	716	796
23	1	10	178	837	851
23	1	10	179	851	919
23	0	5	180	934	947
23	4	11	181	1033	1101
23	8	11	182	1260	1279
23	7	5	183	1338	1392
24	7	0	184	149	220
24	6	9	185	362	441
24	1	10	186	741	837
24	8	10	187	919	998
24	7	4	188	1008	1072
24	3	10	189	1098	1137
24	2	2	190	1153	1178
24	9	10	191	1178	1267
24	5	11	192	1279	1331
24	8	2	193	1336	1398
25	1	10	194	118	188
25	13	8	195	331	361
25	11	4	196	584	665
25	12	10	197	665	717
25	3	3	198	728	762
25	10	1	199	807	892
25	7	1	200	892	929
25	13	9	201	949	964
25	2	7	202	1263	1292
26	11	5	203	0	32
26	2	3	204	62	89
26	7	1	205	89	121
26	3	5	206	150	185
26	5	3	207	267	318
26	7	10	208	350	426
26	3	8	209	839	868
26	4	7	210	881	926
27	13	3	211	89	175
27	7	0	212	229	295
27	10	11	213	295	318
27	6	0	214	530	606
27	0	1	215	618	640
27	1	3	216	640	728
27	13	0	217	1067	1091
27	5	1	218	1120	1192
28	1	8	219	0	20
28	5	11	220	76	109
28	0	0	221	398	480
28	1	9	222	485	549
28	8	10	223	717	741
28	12	7	224	1052	1068
28	8	0	225	1109	1144
28	10	6	226	1146	1214
28	11	4	227	1243	1324
29	4	3	228	0	62
29	14	9	229	84	122
29	3	4	230	204	253
29	0	7	231	320	363
29	9	1	232	450	536
29	2	2	233	717	803
29	12	8	234	1210	1290
30	5	4	235	0	52
30	4	6	236	134	195
30	7	0	237	220	229
30	2	10	238	230	244
30	13	8	239	244	309
30	2	0	240	334	369
30	9	9	241	706	714
30	13	9	242	964	1037
30	8	4	243	1182	1243
30	14	1	244	1292	1381
31	9	2	245	0	9
31	14	5	246	32	45
31	1	2	247	48	79
31	8	1	248	318	391
31	11	5	249	431	503
31	4	11	250	592	646
31	5	11	251	646	690
31	1	3	252	1288	1345
32	9	9	253	628	706
32	9	3	254	858	908
32	2	10	255	998	1014
32	4	11	256	1014	1033
32	0	6	257	1282	1347
33	7	7	258	709	790
33	0	9	259	1101	1181
33	8	10	260	1279	1324
33	4	6	261	1360	1381
33	4	7	262	1381	1390
34	0	7	263	72	115
34	8	11	264	169	201
34	14	9	265	208	281
34	9	4	266	908	943
34	0	6	267	1214	1282
35	11	8	268	67	110
35	12	2	269	205	239
35	0	6	270	253	306
35	11	6	271	306	380
35	13	6	272	430	451
35	1	9	273	559	628
35	12	7	274	795	881
35	3	5	275	1032	1098
35	7	2	276	1246	1336
36	2	2	277	9	48
36	10	5	278	84	102
36	2	2	279	132	178
36	6	5	280	275	341
36	12	4	281	396	473
36	0	4	282	947	1008
37	12	7	283	115	204
37	14	7	284	454	539
37	10	1	285	770	807
37	14	0	286	954	1016
37	11	6	287	1070	1114
37	6	5	288	1324	1338
37	1	3	289	1364	1389
38	0	7	290	28	72
38	4	6	291	84	134
38	0	0	292	369	398
38	10	8	293	476	544
38	8	6	294	552	564
38	1	2	295	1006	1096
38	3	3	296	1156	1235
38	3	3	297	1235	1288
38	9	8	298	1290	1376
38	10	8	299	1376	1389
39	4	2	300	298	382
39	1	10	301	442	472
39	4	11	302	472	507
39	2	5	303	507	549
39	4	11	304	796	872
39	8	11	305	872	918
39	14	3	306	1025	1106
39	1	5	307	1106	1169
39	3	7	308	1343	1357
39	3	7	309	1357	1379


Solution History:
