This is the output of Heuristic Solver for Dual resource constrained flexible job shop Scheduling Problem.
Input file is: wfjsp15_1.txt
Method: TSN1_2000_5_5
Seed: 1
Number of Jobs: 30
Number of Operations: 365
Number of Machines: 15
Number of Operators: 15
CPU Time: 300.027
obj: 1293
Best found lower bound:0
Solver gap (best found lower bound and upper bound difference): Not known


Final Solution:
Job	Machine	Operator	Operation	Start Time	Finish Time
0	3	5	0	91	169
0	4	1	1	169	190
0	6	8	2	230	274
0	6	13	3	387	480
0	3	5	4	527	606
0	7	11	5	656	718
0	9	14	6	754	839
0	13	6	7	876	908
0	4	11	8	957	996
0	11	2	9	1041	1076
1	11	3	10	0	10
1	10	3	11	10	28
1	9	7	12	40	56
1	8	2	13	192	235
1	10	13	14	235	297
1	7	9	15	344	400
1	8	1	16	404	427
1	5	12	17	440	449
1	9	3	18	449	501
1	4	14	19	534	587
1	10	8	20	615	698
1	6	8	21	722	808
1	12	10	22	900	947
1	10	13	23	1103	1184
2	3	5	24	0	14
2	10	13	25	28	62
2	13	14	26	140	161
2	12	4	27	169	193
2	3	0	28	227	276
2	11	2	29	276	353
2	4	14	30	587	632
2	14	3	31	635	696
2	7	3	32	912	1009
2	6	10	33	1157	1202
2	7	5	34	1202	1213
2	4	14	35	1243	1289
3	0	14	36	0	22
3	13	14	37	22	49
3	7	11	38	155	224
3	11	12	39	449	504
3	12	10	40	833	862
3	5	9	41	862	944
3	3	1	42	974	1004
3	1	6	43	1020	1080
3	8	3	44	1132	1143
3	4	4	45	1198	1208
3	12	4	46	1208	1282
4	6	8	47	0	8
4	12	12	48	8	19
4	6	8	49	55	97
4	6	8	50	97	169
4	2	9	51	172	187
4	7	11	52	224	284
4	14	0	53	364	414
4	0	7	54	414	454
4	3	5	55	489	527
4	8	1	56	588	678
4	3	1	57	1004	1048
4	9	12	58	1119	1207
5	5	12	59	27	102
5	13	14	60	161	183
5	12	14	61	193	249
5	11	6	62	254	272
5	13	9	63	414	451
5	13	9	64	580	672
5	12	10	65	803	833
5	1	7	66	833	851
5	0	4	67	857	903
5	13	14	68	908	963
5	0	11	69	1043	1103
5	5	0	70	1108	1150
5	7	4	71	1169	1197
5	13	9	72	1227	1264
6	1	7	73	0	40
6	8	2	74	139	179
6	0	4	75	193	237
6	4	4	76	296	373
6	11	2	77	554	631
6	8	12	78	678	758
6	10	13	79	767	849
6	14	7	80	927	1003
6	7	3	81	1009	1051
6	11	6	82	1117	1132
6	3	1	83	1133	1153
6	4	14	84	1208	1217
6	6	5	85	1217	1292
7	13	9	86	104	140
7	2	9	87	140	172
7	9	5	88	172	189
7	10	0	89	189	223
7	4	10	90	228	296
7	2	13	91	341	358
7	12	10	92	358	413
7	14	7	93	561	628
7	8	2	94	811	833
7	2	1	95	844	863
8	14	0	96	61	116
8	8	2	97	179	192
8	3	0	98	276	360
8	3	7	99	673	748
8	7	9	100	748	804
8	8	13	101	890	934
8	6	13	102	934	1023
8	10	13	103	1026	1103
8	13	2	104	1165	1203
8	7	12	105	1213	1268
8	7	8	106	1268	1287
9	14	0	107	116	164
9	10	6	108	164	175
9	9	5	109	189	265
9	8	1	110	473	527
9	2	10	111	527	607
9	12	13	112	619	644
9	5	6	113	676	696
9	13	3	114	696	777
9	4	1	115	777	798
9	2	9	116	972	1053
9	7	4	117	1056	1155
9	7	4	118	1155	1169
9	5	8	119	1241	1267
9	14	6	120	1277	1292
10	8	6	121	0	87
10	10	7	122	102	160
10	11	6	123	182	254
10	5	12	124	381	440
10	10	8	125	512	554
10	2	10	126	647	690
10	14	4	127	817	845
10	13	2	128	845	872
10	9	12	129	873	956
10	4	5	130	996	1018
10	13	2	131	1203	1227
10	0	7	132	1248	1287
11	4	4	133	0	16
11	2	13	134	65	110
11	5	12	135	243	320
11	0	3	136	359	412
11	3	5	137	451	489
11	5	12	138	588	676
11	3	7	139	748	783
11	6	8	140	808	884
11	2	1	141	890	972
11	12	10	142	980	1022
11	4	11	143	1118	1198
11	14	6	144	1209	1277
12	13	9	145	49	104
12	5	12	146	104	143
12	14	6	147	303	364
12	10	6	148	379	456
12	7	11	149	456	544
12	13	9	150	544	580
12	6	0	151	604	662
12	6	0	152	662	715
12	2	5	153	736	799
12	7	5	154	804	859
12	12	10	155	862	900
12	14	8	156	1028	1067
12	13	2	157	1085	1165
13	14	1	158	0	41
13	4	14	159	56	115
13	1	4	160	457	535
13	9	5	161	655	731
13	12	10	162	779	803
13	13	9	163	804	821
13	8	6	164	833	876
13	6	0	165	915	931
13	4	2	166	938	957
13	8	4	167	998	1056
13	3	1	168	1056	1090
13	2	14	169	1100	1120
13	2	9	170	1120	1192
13	11	11	171	1204	1286
14	11	3	172	163	182
14	3	8	173	182	227
14	10	8	174	307	379
14	1	8	175	379	457
14	2	10	176	489	525
14	1	4	177	535	575
14	9	5	178	614	655
14	14	6	179	696	733
14	9	12	180	956	1035
14	2	9	181	1053	1100
14	12	14	182	1120	1204
14	8	1	183	1241	1268
15	11	6	184	88	162
15	13	9	185	187	282
15	8	10	186	322	356
15	2	13	187	358	380
15	10	8	188	457	512
15	11	2	189	698	737
15	3	12	190	783	873
15	10	8	191	915	953
15	5	9	192	953	971
15	1	6	193	971	1020
15	9	7	194	1035	1108
15	0	7	195	1108	1193
15	0	5	196	1193	1201
15	10	13	197	1201	1284
16	8	1	198	87	139
16	2	1	199	190	241
16	12	14	200	249	290
16	6	7	201	307	387
16	12	2	202	414	467
16	11	0	203	504	554
16	9	6	204	582	614
16	1	4	205	696	775
16	1	13	206	851	875
16	4	2	207	884	938
16	14	7	208	1003	1028
16	13	14	209	1028	1085
16	1	5	210	1098	1116
16	8	3	211	1143	1218
16	3	0	212	1244	1264
17	3	5	213	14	91
17	9	10	214	91	113
17	14	3	215	227	303
17	8	10	216	303	322
17	9	14	217	360	415
17	2	10	218	607	647
17	5	1	219	696	772
17	14	6	220	773	817
17	14	7	221	851	896
17	3	5	222	896	974
18	9	10	223	0	32
18	7	10	224	32	77
18	1	7	225	163	246
18	8	6	226	272	295
18	4	4	227	373	451
18	5	1	228	532	582
18	3	6	229	614	670
18	10	8	230	698	722
18	11	3	231	777	852
18	6	8	232	884	913
18	1	6	233	913	970
18	6	10	234	1023	1059
18	1	5	235	1116	1193
18	1	7	236	1193	1230
18	0	7	237	1230	1248
19	13	9	238	282	340
19	14	0	239	414	503
19	12	13	240	684	767
19	12	12	241	767	779
19	2	1	242	799	844
19	3	5	243	873	894
19	11	0	244	939	962
19	11	2	245	962	1041
19	6	10	246	1059	1078
19	3	1	247	1090	1133
19	5	1	248	1153	1163
19	1	3	249	1230	1281
20	12	4	250	19	92
20	1	7	251	246	303
20	8	1	252	356	404
20	2	10	253	413	489
20	12	2	254	489	540
20	12	13	255	540	619
20	11	6	256	737	773
20	8	1	257	876	890
20	5	0	258	1055	1108
20	4	14	259	1217	1243
21	11	2	260	10	88
21	3	5	261	360	416
21	13	7	262	454	468
21	9	3	263	501	582
21	0	3	264	582	635
21	0	7	265	635	655
21	1	4	266	775	815
21	4	14	267	861	884
21	4	9	268	1100	1118
21	2	2	269	1247	1284
22	4	9	270	451	534
22	7	11	271	544	571
22	7	11	272	571	612
22	9	14	273	731	754
22	5	0	274	772	799
22	5	0	275	799	857
22	5	0	276	971	1055
22	11	6	277	1080	1117
22	14	8	278	1129	1209
22	13	9	279	1264	1286
23	6	13	280	169	230
23	6	8	281	274	307
23	5	12	282	320	381
23	6	13	283	480	539
23	6	0	284	554	604
23	7	11	285	612	656
23	11	2	286	671	698
23	4	14	287	701	710
23	12	10	288	947	980
23	4	5	289	1018	1098
23	2	2	290	1227	1247
24	2	9	291	0	40
24	2	1	292	41	65
24	12	4	293	92	169
24	7	11	294	284	344
24	9	11	295	344	360
24	13	2	296	360	414
24	0	14	297	454	509
24	8	12	298	527	588
24	0	10	299	690	770
24	11	11	300	857	939
24	8	4	301	942	998
24	0	11	302	998	1043
24	11	6	303	1132	1204
25	4	11	304	16	56
25	10	7	305	62	102
25	2	13	306	110	135
25	5	12	307	203	243
25	1	3	308	303	354
25	8	1	309	427	473
25	13	12	310	507	526
25	10	8	311	554	615
25	4	14	312	632	701
25	8	2	313	758	811
25	4	9	314	821	861
25	10	0	315	861	915
25	8	3	316	1056	1132
25	2	9	317	1192	1210
26	5	0	318	0	27
26	14	0	319	41	61
26	9	14	320	115	135
26	5	12	321	143	203
26	0	4	322	237	282
26	0	5	323	282	359
26	5	6	324	456	532
26	14	6	325	532	561
26	11	2	326	631	671
26	4	11	327	718	763
26	14	8	328	1067	1129
26	3	0	329	1198	1244
27	7	11	330	77	155
27	10	0	331	175	184
27	4	10	332	192	228
27	2	1	333	241	287
27	12	14	334	290	347
27	11	11	335	360	448
27	0	7	336	509	552
27	0	6	337	561	581
27	12	13	338	644	684
27	0	4	339	903	942
27	3	0	340	1153	1198
28	0	3	341	28	112
28	1	3	342	112	163
28	8	2	343	235	272
28	13	7	344	468	507
28	0	7	345	655	673
28	0	11	346	770	857
28	14	7	347	896	927
28	10	8	348	953	1026
28	12	12	349	1035	1119
28	5	1	350	1163	1241
29	6	8	351	8	55
29	0	10	352	113	192
29	14	3	353	192	227
29	2	1	354	287	341
29	3	5	355	416	451
29	12	2	356	467	482
29	1	4	357	575	656
29	1	4	358	656	696
29	2	9	359	696	736
29	14	0	360	736	771
29	7	3	361	859	912
29	13	14	362	963	1024
29	6	10	363	1078	1157
29	9	10	364	1207	1293


Solution History:
