This is the output of Heuristic Solver for Dual resource constrained flexible job shop Scheduling Problem.
Input file is: wfjsp23_1.txt
Method: TSN1_2000_5_5
Seed: 1
Number of Jobs: 30
Number of Operations: 365
Number of Machines: 15
Number of Operators: 12
CPU Time: 300.041
obj: 1560
Best found lower bound:0
Solver gap (best found lower bound and upper bound difference): Not known


Final Solution:
Job	Machine	Operator	Operation	Start Time	Finish Time
0	11	7	0	0	69
0	10	6	1	81	105
0	5	9	2	105	149
0	14	11	3	622	712
0	5	3	4	790	867
0	5	10	5	949	1005
0	10	8	6	1098	1175
0	14	1	7	1356	1383
0	10	7	8	1416	1452
0	5	3	9	1499	1535
1	2	2	10	0	10
1	5	4	11	14	30
1	4	7	12	69	84
1	8	3	13	107	154
1	8	1	14	170	246
1	0	9	15	292	334
1	8	0	16	334	357
1	0	0	17	357	366
1	8	0	18	366	422
1	4	2	19	867	918
1	10	2	20	918	1013
1	6	6	21	1022	1108
1	7	9	22	1341	1383
1	14	1	23	1383	1466
2	0	4	24	0	14
2	10	8	25	26	60
2	3	5	26	219	244
2	6	5	27	244	270
2	12	11	28	380	439
2	13	8	29	653	734
2	4	7	30	763	806
2	13	6	31	807	863
2	6	6	32	1151	1236
2	6	7	33	1370	1415
2	11	0	34	1415	1430
2	4	6	35	1431	1471
3	1	0	36	0	26
3	5	3	37	45	78
3	3	8	38	145	219
3	2	7	39	234	295
3	4	6	40	448	481
3	5	7	41	582	664
3	1	0	42	664	687
3	1	11	43	712	771
3	9	5	44	837	848
3	2	8	45	861	875
3	13	6	46	1236	1308
4	10	7	47	433	443
4	11	4	48	461	472
4	14	4	49	472	513
4	7	1	50	640	722
4	14	1	51	722	737
4	14	1	52	973	1027
4	5	2	53	1073	1126
4	5	7	54	1206	1244
4	9	1	55	1250	1297
4	3	10	56	1308	1395
4	3	10	57	1416	1459
4	9	5	58	1467	1554
5	0	0	59	26	80
5	3	5	60	111	133
5	13	6	61	141	200
5	10	3	62	314	333
5	9	2	63	643	684
5	4	11	64	925	1018
5	12	8	65	1027	1059
5	3	5	66	1068	1087
5	0	0	67	1097	1149
5	13	10	68	1149	1204
5	4	5	69	1250	1328
5	10	2	70	1359	1398
5	6	5	71	1440	1467
5	13	4	72	1499	1537
6	1	6	73	36	81
6	9	8	74	107	145
6	0	9	75	149	192
6	9	3	76	233	314
6	11	4	77	373	448
6	8	9	78	498	578
6	8	8	79	734	826
6	9	9	80	981	1050
6	7	8	81	1059	1098
6	9	5	82	1151	1164
6	14	1	83	1338	1356
6	1	0	84	1356	1365
6	8	3	85	1365	1443
7	2	4	86	30	66
7	14	1	87	66	92
7	9	3	88	92	107
7	11	4	89	107	140
7	11	4	90	140	200
7	11	4	91	448	461
7	7	1	92	462	516
7	8	3	93	973	1044
7	10	2	94	1053	1073
7	14	7	95	1138	1161
8	6	1	96	0	60
8	11	3	97	78	91
8	7	4	98	281	373
8	3	2	99	446	523
8	7	3	100	583	638
8	8	11	101	881	925
8	9	9	102	1050	1142
8	10	4	103	1175	1252
8	13	5	104	1382	1419
8	7	0	105	1481	1536
8	1	11	106	1536	1555
9	13	6	107	0	36
9	13	10	108	53	68
9	2	1	109	92	170
9	8	6	110	584	640
9	11	3	111	640	716
9	13	10	112	737	758
9	2	10	113	758	779
9	5	3	114	867	940
9	3	9	115	959	981
9	4	11	116	1018	1109
9	14	11	117	1206	1320
9	0	7	118	1329	1341
9	12	11	119	1353	1376
9	14	1	120	1466	1483
10	1	9	121	414	498
10	13	0	122	599	653
10	9	5	123	765	837
10	6	5	124	848	903
10	8	1	125	927	972
10	2	4	126	1003	1042
10	1	4	127	1120	1153
10	5	11	128	1182	1206
10	3	9	129	1206	1296
10	5	11	130	1376	1401
10	5	11	131	1401	1427
10	0	9	132	1469	1509
11	4	2	133	51	69
11	6	2	134	69	120
11	7	0	135	123	201
11	8	11	136	439	497
11	7	8	137	541	581
11	10	6	138	715	807
11	9	6	139	940	976
11	13	5	140	987	1067
11	12	10	141	1068	1145
11	12	10	142	1224	1267
11	6	2	143	1280	1359
11	14	1	144	1483	1549
12	12	11	145	0	56
12	13	4	146	68	106
12	14	11	147	113	172
12	12	0	148	248	326
12	11	3	149	496	573
12	9	2	150	684	723
12	6	10	151	779	837
12	6	5	152	903	963
12	8	1	153	1094	1152
12	4	1	154	1198	1250
12	9	1	155	1297	1338
12	13	5	156	1338	1382
12	7	2	157	1398	1472
13	14	7	158	181	220
13	7	2	159	225	281
13	2	1	160	331	407
13	9	3	161	422	496
13	10	10	162	582	605
13	14	4	163	605	622
13	8	6	164	672	715
13	11	3	165	716	734
13	4	1	166	744	763
13	7	2	167	765	827
13	1	8	168	827	861
13	13	0	169	875	897
13	12	8	170	951	1027
13	8	8	171	1223	1302
14	8	9	172	82	103
14	3	5	173	270	316
14	9	6	174	325	402
14	5	7	175	443	518
14	9	4	176	568	602
14	9	2	177	602	643
14	2	4	178	658	699
14	12	10	179	699	737
14	11	4	180	739	813
14	3	9	181	901	959
14	13	3	182	1070	1148
14	1	6	183	1308	1333
15	11	8	184	285	363
15	6	5	185	457	570
15	8	6	186	640	672
15	0	7	187	672	689
15	6	9	188	712	775
15	3	9	189	775	815
15	7	10	190	837	949
15	3	5	191	1087	1130
15	6	5	192	1130	1151
15	8	9	193	1152	1195
15	2	8	194	1302	1362
15	0	9	195	1383	1469
15	12	0	196	1469	1481
15	4	2	197	1481	1560
16	12	11	198	56	113
16	2	10	199	177	234
16	12	11	200	326	367
16	6	5	201	377	457
16	12	10	202	463	521
16	10	2	203	523	579
16	3	11	204	595	619
16	9	6	205	863	940
16	7	0	206	949	976
16	0	6	207	976	1022
16	7	0	208	1026	1049
16	2	0	209	1049	1097
16	1	4	210	1252	1270
16	12	0	211	1271	1353
16	10	10	212	1398	1416
17	6	5	213	133	214
17	0	6	214	272	292
17	10	3	215	333	409
17	2	0	216	422	442
17	2	0	217	554	599
17	2	4	218	622	658
17	1	4	219	1042	1120
17	14	7	220	1161	1205
17	11	6	221	1341	1387
17	12	7	222	1484	1553
18	9	5	223	0	32
18	7	8	224	60	105
18	1	11	225	196	285
18	2	7	226	295	322
18	13	10	227	329	408
18	7	1	228	408	462
18	9	4	229	513	568
18	12	3	230	737	759
18	11	4	231	813	888
18	14	3	232	940	973
18	1	0	233	976	1026
18	4	6	234	1109	1144
18	9	5	235	1164	1236
18	1	10	236	1270	1308
18	0	7	237	1341	1359
19	5	2	238	338	389
19	4	5	239	570	651
19	0	0	240	689	784
19	13	0	241	784	793
19	12	11	242	793	843
19	6	5	243	963	987
19	8	3	244	1044	1070
19	2	2	245	1126	1204
19	12	8	246	1204	1223
19	7	9	247	1296	1341
19	0	7	248	1359	1370
19	13	3	249	1443	1499
20	3	5	250	32	111
20	1	2	251	285	338
20	0	8	252	413	458
20	0	9	253	578	657
20	6	9	254	657	712
20	2	8	255	875	951
20	5	2	256	1013	1053
20	8	1	257	1080	1094
20	1	0	258	1202	1247
20	11	0	259	1247	1271
21	11	4	260	200	273
21	3	5	261	316	377
21	6	3	262	573	583
21	3	9	263	824	901
21	3	10	264	1005	1068
21	1	8	265	1175	1199
21	11	4	266	1271	1307
21	11	11	267	1320	1341
21	11	0	268	1430	1448
21	5	7	269	1452	1484
22	4	7	270	84	181
22	12	2	271	199	225
22	14	9	272	233	275
22	1	2	273	389	414
22	3	2	274	414	446
22	3	1	275	523	595
22	10	10	276	605	698
22	9	2	277	723	765
22	14	1	278	790	873
22	2	0	279	1450	1468
23	4	6	280	200	272
23	6	6	281	292	325
23	5	10	282	521	582
23	12	8	283	582	649
23	4	5	284	651	699
23	4	5	285	699	744
23	5	3	286	763	790
23	3	0	287	815	824
23	12	11	288	843	881
23	1	4	289	888	967
23	6	5	290	1419	1440
24	7	10	291	0	53
24	2	10	292	68	92
24	12	2	293	120	199
24	4	1	294	281	331
24	10	3	295	409	422
24	2	0	296	442	508
24	0	7	297	518	575
24	14	1	298	873	927
24	11	7	299	946	1021
24	2	3	300	1204	1285
24	8	4	301	1307	1363
24	1	0	302	1365	1413
24	11	8	303	1450	1526
25	4	3	304	0	45
25	10	6	305	105	141
25	5	11	306	172	196
25	9	9	307	196	233
25	5	10	308	234	289
25	1	9	309	338	383
25	14	9	310	383	405
25	14	10	311	408	463
25	4	6	312	481	549
25	8	0	313	826	875
25	2	4	314	967	1003
25	9	4	315	1363	1421
25	1	4	316	1421	1496
25	2	8	317	1526	1545
26	3	8	318	0	26
26	5	0	319	80	103
26	7	0	320	105	123
26	10	8	321	229	285
26	0	8	322	366	413
26	13	8	323	458	541
26	5	7	324	689	763
26	14	1	325	763	790
26	4	2	326	827	867
26	13	7	327	899	946
26	14	1	328	1027	1080
26	3	11	329	1130	1182
27	8	9	330	0	82
27	12	11	331	367	380
27	4	6	332	403	437
27	2	0	333	508	554
27	12	0	334	897	948
27	11	7	335	1021	1108
27	4	1	336	1152	1198
27	0	10	337	1204	1224
27	12	6	338	1387	1431
27	3	10	339	1459	1499
27	3	10	340	1499	1553
28	1	10	341	92	177
28	0	0	342	201	248
28	5	10	343	289	329
28	13	6	344	549	584
28	0	0	345	793	813
28	0	7	346	813	899
28	12	3	347	1148	1182
28	10	7	348	1252	1329
28	2	8	349	1362	1450
28	10	6	350	1471	1546
29	14	2	351	10	51
29	10	3	352	154	229
29	8	1	353	246	281
29	4	7	354	331	403
29	5	7	355	403	433
29	13	6	356	437	448
29	1	11	357	498	587
29	6	1	358	595	640
29	2	4	359	699	739
29	14	7	360	1108	1138
29	7	0	361	1149	1202
29	7	2	362	1204	1280
29	5	3	363	1285	1363
29	8	11	364	1443	1531


Solution History:
