This is the output of Heuristic Solver for Dual resource constrained flexible job shop Scheduling Problem.
Input file is: wfjsp18_10.txt
Method: TSN1_2000_5_5
Seed: 1
Number of Jobs: 20
Number of Operations: 148
Number of Machines: 10
Number of Operators: 8
CPU Time: 23.3209
obj: 1068
Best found lower bound:0
Solver gap (best found lower bound and upper bound difference): Not known


Final Solution:
Job	Machine	Operator	Operation	Start Time	Finish Time
0	7	5	0	0	72
0	5	3	1	223	305
0	9	6	2	385	448
0	8	6	3	525	612
0	3	7	4	722	773
0	1	4	5	777	808
0	2	3	6	904	939
0	4	6	7	1017	1066
1	0	2	8	0	89
1	9	0	9	114	142
1	3	7	10	142	184
1	6	5	11	195	227
1	2	5	12	227	319
1	8	1	13	758	842
1	8	1	14	842	908
1	5	3	15	939	1021
2	8	6	16	121	202
2	8	0	17	204	217
2	5	6	18	377	385
2	6	5	19	388	436
2	2	1	20	510	577
2	1	4	21	663	748
2	2	5	22	748	799
2	4	4	23	859	938
3	2	1	24	177	222
3	4	0	25	222	245
3	0	7	26	397	445
3	1	4	27	575	593
3	4	0	28	721	809
4	6	0	29	0	32
4	9	6	30	204	281
4	5	3	31	420	507
4	6	0	32	542	606
4	5	3	33	687	729
4	4	4	34	809	859
5	3	7	35	43	118
5	3	7	36	118	131
5	4	4	37	167	188
5	4	4	38	188	207
5	1	4	39	207	255
5	4	3	40	351	387
5	7	2	41	414	506
5	1	4	42	593	663
6	0	2	43	197	285
6	6	2	44	285	300
6	3	2	45	300	314
6	8	1	46	660	732
6	0	2	47	848	896
6	6	0	48	1049	1063
7	2	1	49	68	159
7	7	4	50	281	368
7	5	3	51	826	855
7	2	1	52	967	1040
7	8	0	53	1040	1049
8	5	3	54	143	223
8	0	7	55	320	397
8	4	0	56	521	542
8	2	5	57	577	641
8	2	5	58	641	680
8	5	3	59	729	738
8	2	6	60	800	889
8	7	2	61	896	943
8	6	2	62	967	1049
9	2	1	63	0	68
9	8	0	64	351	441
9	4	0	65	441	521
9	3	7	66	542	589
9	8	6	67	612	660
9	0	6	68	660	678
9	8	1	69	732	758
9	6	4	70	758	777
9	2	2	71	943	967
10	4	6	72	0	49
10	0	2	73	89	143
10	7	7	74	195	216
10	7	2	75	765	837
10	5	3	76	855	904
11	3	7	77	0	43
11	9	6	78	49	85
11	1	4	79	85	167
11	0	7	80	285	320
11	7	1	81	377	414
11	9	1	82	483	510
11	6	0	83	606	618
11	6	0	84	618	713
11	8	1	85	908	944
12	8	6	86	85	121
12	7	7	87	216	281
12	5	6	88	305	377
12	1	4	89	380	396
12	0	7	90	445	532
13	4	3	91	74	143
13	0	2	92	165	197
13	8	3	93	332	351
13	6	5	94	436	525
13	7	5	95	525	574
13	3	7	96	589	675
13	0	6	97	678	768
13	1	5	98	808	878
13	6	5	99	878	963
13	1	4	100	981	1068
14	8	6	101	448	525
14	4	2	102	542	632
14	4	2	103	632	721
14	7	2	104	721	765
14	9	6	105	768	800
14	3	7	106	803	852
14	9	0	107	852	939
14	7	1	108	944	959
15	8	1	109	222	307
15	9	1	110	307	320
15	6	5	111	320	388
15	1	4	112	504	575
15	3	7	113	675	722
15	5	3	114	738	826
15	4	0	115	939	1017
16	6	0	116	32	114
16	7	5	117	123	195
16	2	1	118	414	483
16	5	3	119	605	687
16	0	7	120	773	803
16	0	0	121	809	848
16	3	7	122	955	1042
16	5	5	123	1042	1066
17	5	3	124	0	74
17	2	1	125	159	177
17	8	3	126	307	332
17	9	1	127	332	377
17	5	3	128	387	420
17	1	4	129	477	504
17	3	2	130	506	542
18	5	5	131	74	123
18	4	2	132	143	165
18	4	0	133	245	337
18	3	4	134	368	380
18	5	3	135	507	589
18	5	3	136	589	605
18	2	5	137	680	742
18	3	7	138	852	932
18	3	7	139	932	955
18	9	5	140	963	1042
19	8	4	141	0	81
19	9	0	142	142	204
19	2	2	143	319	410
19	1	4	144	410	477
19	7	1	145	577	645
19	9	1	146	645	658
19	1	6	147	889	981


Solution History:
