This is the output of Heuristic Solver for Dual resource constrained flexible job shop Scheduling Problem.
Input file is: wfjsp11_5.txt
Method: TSN1_2000_5_5
Seed: 1
Number of Jobs: 20
Number of Operations: 241
Number of Machines: 10
Number of Operators: 10
CPU Time: 77.3024
obj: 1225
Best found lower bound:0
Solver gap (best found lower bound and upper bound difference): Not known


Final Solution:
Job	Machine	Operator	Operation	Start Time	Finish Time
0	2	8	0	277	292
0	2	8	1	292	336
0	6	9	2	486	570
0	3	0	3	609	677
0	7	6	4	696	766
0	8	6	5	933	975
0	3	0	6	1014	1084
0	1	0	7	1154	1191
1	1	5	8	0	49
1	1	5	9	49	84
1	2	3	10	104	135
1	4	1	11	185	256
1	2	8	12	256	277
1	1	5	13	390	404
1	8	8	14	500	569
1	2	4	15	572	636
1	5	4	16	636	645
1	7	6	17	647	696
1	4	1	18	752	820
1	7	3	19	926	963
1	7	6	20	1089	1117
1	6	9	21	1129	1174
2	6	2	22	0	28
2	2	8	23	48	80
2	3	6	24	80	175
2	9	9	25	178	225
2	9	6	26	245	284
2	5	2	27	353	374
2	7	6	28	374	382
2	3	2	29	475	523
2	0	2	30	536	622
2	8	8	31	622	686
2	8	4	32	777	841
2	5	2	33	866	949
2	7	4	34	966	1046
2	7	6	35	1117	1155
3	9	6	36	0	13
3	3	6	37	13	64
3	8	7	38	156	232
3	4	1	39	256	325
3	2	4	40	336	400
3	0	6	41	854	886
3	1	0	42	1086	1154
4	4	5	43	89	125
4	2	4	44	485	503
4	5	4	45	645	711
4	9	7	46	711	793
4	7	8	47	830	917
4	0	0	48	917	959
4	1	8	49	959	1047
4	6	9	50	1047	1129
5	5	4	51	0	9
5	5	8	52	9	45
5	7	4	53	90	169
5	0	0	54	193	227
5	2	4	55	400	485
5	1	0	56	518	540
5	8	8	57	735	777
5	6	9	58	887	973
5	2	3	59	975	988
5	0	2	60	1024	1050
6	4	3	61	23	89
6	2	3	62	89	104
6	6	2	63	159	201
6	8	4	64	236	266
6	5	2	65	269	353
6	8	8	66	353	431
6	1	7	67	431	473
6	5	1	68	516	557
6	1	5	69	647	663
6	1	5	70	714	811
6	4	5	71	820	911
6	8	6	72	975	1021
6	8	7	73	1089	1128
6	8	8	74	1128	1142
7	9	9	75	13	97
7	4	5	76	125	157
7	5	5	77	157	204
7	6	2	78	204	269
7	0	6	79	284	373
7	9	7	80	397	425
7	2	1	81	636	703
7	2	4	82	711	760
7	8	4	83	841	850
7	8	4	84	850	875
7	7	8	85	917	925
7	2	3	86	966	975
7	0	2	87	1050	1136
7	0	2	88	1136	1225
8	2	1	89	0	48
8	1	5	90	362	390
8	4	5	91	486	571
8	6	9	92	571	626
8	6	1	93	626	634
8	4	1	94	709	752
8	2	4	95	886	966
8	4	4	96	1098	1143
8	7	3	97	1155	1198
9	4	3	98	0	23
9	5	1	99	48	87
9	8	7	100	87	156
9	9	9	101	166	178
9	3	0	102	316	383
9	6	5	103	420	486
9	2	4	104	503	572
9	0	2	105	622	667
9	6	9	106	721	804
9	1	3	107	811	896
9	9	7	108	961	992
9	2	3	109	992	1080
9	9	8	110	1080	1123
9	5	5	111	1130	1165
9	9	6	112	1185	1224
10	7	8	113	0	8
10	2	3	114	135	213
10	2	3	115	213	242
10	7	3	116	287	312
10	9	7	117	357	371
10	3	0	118	383	446
10	5	1	119	446	479
10	5	1	120	479	516
10	7	6	121	552	582
10	8	8	122	582	601
10	9	7	123	883	961
10	0	0	124	961	977
10	7	4	125	1046	1077
10	3	1	126	1097	1120
11	7	4	127	169	236
11	6	9	128	269	356
11	9	7	129	371	379
11	7	6	130	382	402
11	3	0	131	446	475
11	4	5	132	571	638
11	1	5	133	638	647
11	0	3	134	667	737
11	4	5	135	911	925
11	3	1	136	989	999
11	5	5	137	1045	1092
11	6	9	138	1174	1217
12	1	8	139	84	175
12	9	9	140	225	243
12	8	8	141	336	344
12	5	2	142	374	391
12	4	2	143	391	470
12	5	1	144	557	625
12	5	2	145	711	781
12	2	3	146	781	800
12	7	8	147	800	830
12	3	0	148	830	898
12	4	5	149	925	1008
12	2	3	150	1080	1151
12	8	6	151	1155	1183
12	4	4	152	1188	1224
13	6	2	153	28	92
13	4	1	154	157	185
13	4	1	155	325	391
13	9	9	156	425	473
13	9	7	157	473	556
13	6	5	158	1009	1022
13	3	1	159	1084	1097
14	8	7	160	0	76
14	1	8	161	175	250
14	8	8	162	431	500
14	7	6	163	582	647
14	1	5	164	663	694
14	4	2	165	694	709
14	3	0	166	747	801
14	9	7	167	801	883
14	0	0	168	898	916
14	8	6	169	916	933
14	6	9	170	973	1009
14	8	6	171	1021	1089
14	3	1	172	1120	1204
15	0	0	173	128	193
15	8	4	174	266	333
15	6	9	175	356	420
15	0	3	176	441	536
15	1	3	177	540	605
15	4	3	178	638	659
15	1	5	179	694	714
15	2	1	180	820	886
15	0	0	181	977	1013
15	2	8	182	1151	1168
15	8	7	183	1185	1224
16	5	1	184	87	126
16	1	5	185	269	362
16	7	6	186	402	482
16	7	6	187	482	552
16	9	7	188	639	687
16	8	8	189	687	735
16	6	9	190	816	887
16	1	3	191	896	926
16	5	2	192	949	1001
16	5	2	193	1001	1024
16	9	7	194	1024	1039
16	1	7	195	1047	1086
16	4	4	196	1086	1098
16	9	7	197	1128	1173
16	5	5	198	1173	1221
17	9	9	199	97	166
17	3	6	200	175	245
17	0	3	201	245	265
17	9	7	202	284	357
17	5	1	203	391	441
17	1	0	204	475	518
17	6	9	205	634	721
17	5	2	206	781	866
17	3	1	207	898	937
17	3	1	208	937	989
17	9	7	209	1008	1022
17	4	1	210	1022	1063
17	7	4	211	1077	1086
17	5	5	212	1092	1130
17	9	7	213	1173	1185
18	0	0	214	0	35
18	0	0	215	35	128
18	7	7	216	236	249
18	3	0	217	249	286
18	7	3	218	312	339
18	9	7	219	379	397
18	9	7	220	556	639
18	9	7	221	687	697
18	0	3	222	737	763
18	6	9	223	804	816
18	0	6	224	886	897
18	3	1	225	999	1014
18	4	4	226	1143	1188
19	7	4	227	9	90
19	6	2	228	92	159
19	5	5	229	204	236
19	5	5	230	236	251
19	1	5	231	251	269
19	7	3	232	269	287
19	3	0	233	287	316
19	0	3	234	373	441
19	3	0	235	540	609
19	3	0	236	677	747
19	0	6	237	766	854
19	9	7	238	992	1008
19	6	5	239	1022	1045
19	2	8	240	1168	1213


Solution History:
