This is the output of Heuristic Solver for Dual resource constrained flexible job shop Scheduling Problem.
Input file is: wfjsp14_5.txt
Method: TSN1_2000_5_5
Seed: 1
Number of Jobs: 30
Number of Operations: 210
Number of Machines: 15
Number of Operators: 15
CPU Time: 78.6441
obj: 727
Best found lower bound:0
Solver gap (best found lower bound and upper bound difference): Not known


Final Solution:
Job	Machine	Operator	Operation	Start Time	Finish Time
0	12	1	0	0	14
0	13	4	1	79	121
0	9	13	2	122	201
0	10	3	3	306	374
0	5	14	4	408	478
0	3	12	5	608	645
0	6	14	6	653	717
1	7	11	7	79	121
1	13	14	8	197	245
1	14	6	9	261	302
1	8	4	10	303	334
1	12	2	11	541	611
2	5	2	12	0	23
2	3	7	13	178	192
2	14	6	14	194	261
2	8	4	15	535	605
2	2	4	16	651	660
3	14	6	17	0	46
3	5	2	18	46	121
3	11	10	19	297	342
3	5	1	20	380	408
3	9	7	21	676	721
4	10	5	22	25	57
4	11	3	23	194	222
4	7	11	24	395	479
4	6	14	25	608	653
4	2	1	26	660	701
5	8	13	27	37	58
5	11	10	28	178	186
5	5	1	29	205	248
5	14	6	30	332	417
5	5	14	31	478	539
6	11	3	32	0	64
6	0	12	33	175	256
6	1	1	34	408	491
6	6	12	35	491	530
6	5	8	36	539	553
6	7	7	37	627	673
7	11	7	38	102	178
7	4	5	39	223	294
7	0	13	40	300	358
7	9	9	41	384	415
7	12	8	42	444	515
8	9	0	43	0	37
8	14	6	44	46	63
8	10	3	45	64	128
8	8	11	46	199	276
8	7	11	47	276	357
8	6	4	48	435	480
8	14	13	49	490	571
8	11	10	50	591	673
8	8	5	51	679	690
8	8	5	52	690	725
9	6	14	53	0	81
9	14	6	54	148	180
9	3	7	55	242	327
9	0	13	56	358	378
9	0	13	57	396	433
9	7	11	58	479	560
9	13	11	59	560	575
9	2	7	60	582	608
9	12	11	61	653	717
10	8	4	62	0	17
10	0	12	63	87	128
10	4	5	64	193	223
10	10	3	65	223	306
10	9	9	66	306	384
10	12	8	67	403	444
10	2	4	68	608	651
10	5	2	69	679	696
11	13	11	70	0	79
11	5	2	71	121	203
11	2	4	72	218	263
11	9	13	73	263	300
11	4	5	74	321	334
11	8	4	75	346	430
11	14	10	76	433	467
11	8	4	77	490	535
11	4	6	78	540	607
11	14	13	79	623	726
12	10	5	80	0	25
12	2	13	81	58	122
12	3	10	82	122	177
12	10	3	83	184	193
12	7	9	84	199	229
12	5	1	85	346	356
12	0	5	86	433	442
12	13	11	87	575	653
13	14	6	88	63	148
13	5	1	89	248	296
13	14	6	90	302	332
13	6	12	91	346	435
13	3	12	92	435	487
13	11	6	93	489	497
13	3	6	94	497	540
13	10	3	95	549	629
13	9	9	96	629	676
13	13	4	97	676	724
14	11	14	98	81	102
14	12	0	99	210	249
14	12	0	100	267	335
14	8	4	101	335	346
14	10	3	102	402	468
14	13	0	103	468	542
14	3	14	104	542	605
14	11	10	105	673	720
15	2	4	106	122	218
15	2	2	107	351	436
15	11	6	108	458	489
15	11	10	109	497	591
15	4	6	110	607	646
15	1	0	111	654	687
15	1	0	112	687	723
16	1	8	113	0	9
16	4	10	114	9	95
16	4	5	115	294	321
16	5	11	116	357	380
16	0	13	117	380	396
16	2	2	118	451	516
16	0	5	119	578	611
16	10	3	120	654	694
17	3	7	121	0	29
17	1	8	122	38	57
17	4	5	123	115	193
17	3	7	124	193	208
17	13	6	125	421	455
17	14	10	126	467	488
17	4	12	127	646	705
18	6	1	128	94	185
18	11	6	129	186	194
18	12	0	130	249	267
18	10	3	131	374	402
18	4	0	132	402	467
19	2	13	133	0	10
19	3	7	134	29	101
19	4	9	135	101	115
19	8	9	136	115	125
19	0	12	137	128	175
19	1	8	138	277	319
19	1	8	139	319	403
19	13	5	140	403	421
19	10	3	141	629	637
19	10	3	142	637	654
20	12	8	143	64	138
20	1	8	144	210	277
20	6	12	145	277	346
20	7	0	146	374	395
20	12	2	147	516	541
20	1	1	148	579	654
21	0	12	149	0	87
21	13	14	150	245	326
21	11	7	151	433	458
21	0	5	152	458	490
21	9	0	153	542	611
22	1	8	154	9	38
22	12	8	155	138	207
22	4	7	156	467	517
22	6	12	157	530	608
22	0	6	158	695	709
23	6	1	159	81	94
23	7	11	160	121	199
23	11	10	161	222	297
23	3	14	162	327	388
23	8	13	163	433	490
23	9	9	164	495	526
23	9	9	165	526	542
23	14	13	166	571	623
23	3	8	167	645	727
24	5	2	168	23	43
24	6	1	169	185	205
24	3	7	170	208	242
24	12	5	171	335	403
24	10	3	172	468	549
24	7	9	173	560	627
25	7	9	174	11	78
25	10	3	175	128	184
25	2	2	176	266	351
25	2	7	177	517	582
25	5	8	178	595	614
25	5	2	179	696	718
26	9	0	180	37	105
26	1	0	181	105	141
26	6	2	182	205	221
26	7	9	183	229	266
26	4	0	184	335	374
26	9	9	185	415	495
26	0	5	186	495	578
26	5	2	187	614	679
26	7	9	188	679	727
27	12	4	189	17	64
27	8	9	190	125	194
27	8	4	191	276	303
27	13	7	192	327	379
27	3	7	193	388	413
27	2	2	194	436	451
27	5	8	195	553	595
28	7	9	196	0	11
28	2	1	197	14	56
28	8	5	198	58	106
28	1	0	199	141	210
28	8	5	200	611	679
29	8	13	201	17	37
29	13	14	202	121	197
29	6	2	203	221	266
29	5	1	204	296	346
29	11	10	205	346	433
29	1	1	206	491	579
29	12	0	207	611	650
29	0	6	208	650	695
29	10	3	209	695	709


Solution History:
