This is the output of Heuristic Solver for Dual resource constrained flexible job shop Scheduling Problem.
Input file is: wfjsp16_7.txt
Method: TSN1_2000_5_5
Seed: 1
Number of Jobs: 40
Number of Operations: 313
Number of Machines: 15
Number of Operators: 15
CPU Time: 297.426
obj: 1102
Best found lower bound:0
Solver gap (best found lower bound and upper bound difference): Not known


Final Solution:
Job	Machine	Operator	Operation	Start Time	Finish Time
0	6	13	0	120	193
0	9	14	1	222	234
0	11	5	2	433	469
0	12	7	3	775	875
0	12	11	4	887	913
0	12	11	5	913	949
0	8	11	6	981	1015
0	4	2	7	1052	1093
1	0	1	8	0	10
1	14	14	9	10	52
1	10	2	10	52	131
1	2	10	11	278	343
1	13	9	12	594	688
1	7	10	13	771	827
1	8	4	14	831	872
1	1	10	15	872	892
1	13	6	16	903	975
1	10	10	17	1020	1096
2	1	0	18	0	54
2	12	11	19	225	290
2	11	12	20	364	433
2	4	11	21	493	522
2	4	14	22	525	534
2	11	12	23	556	627
2	3	6	24	641	654
2	6	13	25	724	789
2	10	8	26	956	965
2	5	7	27	1019	1095
3	4	6	28	36	86
3	7	8	29	90	120
3	12	11	30	154	225
3	8	7	31	255	330
3	9	0	32	1014	1093
4	2	10	33	0	9
4	8	4	34	9	83
4	0	9	35	94	179
4	10	2	36	271	299
4	8	7	37	330	352
4	3	0	38	415	452
4	3	2	39	562	627
4	14	14	40	658	734
4	13	9	41	817	889
4	5	14	42	926	1016
5	13	3	43	36	77
5	14	14	44	140	162
5	14	12	45	166	201
5	6	3	46	381	466
5	2	0	47	898	952
5	9	0	48	953	1014
6	11	5	49	0	59
6	2	10	50	255	278
6	12	11	51	290	322
6	10	8	52	477	550
6	6	8	53	550	583
6	3	2	54	627	641
6	6	13	55	667	724
6	10	2	56	736	808
6	3	6	57	865	903
7	4	6	58	0	36
7	4	11	59	129	154
7	3	6	60	174	196
7	12	13	61	433	473
7	7	10	62	479	533
7	12	5	63	536	595
7	1	3	64	693	768
7	2	4	65	1048	1099
8	2	4	66	394	472
8	14	2	67	482	562
8	2	4	68	653	714
8	2	0	69	734	791
8	3	13	70	795	815
8	0	11	71	825	887
8	1	12	72	953	1016
8	12	11	73	1016	1102
9	14	14	74	84	140
9	11	10	75	343	364
9	9	13	76	476	516
9	7	10	77	697	771
9	6	13	78	1019	1055
10	10	2	79	0	36
10	9	7	80	45	125
10	3	2	81	317	328
10	0	9	82	379	395
10	2	8	83	843	898
11	5	7	84	0	22
11	1	0	85	54	82
11	7	10	86	121	175
11	1	10	87	178	244
11	14	12	88	318	362
11	10	10	89	364	378
11	4	6	90	420	493
11	11	5	91	654	682
11	0	5	92	682	722
11	1	10	93	892	909
12	12	11	94	0	29
12	8	1	95	127	199
12	3	0	96	219	234
12	4	6	97	317	368
12	1	10	98	381	401
12	0	11	99	401	463
12	4	0	100	595	678
12	14	14	101	755	782
12	10	2	102	808	899
12	13	6	103	975	1017
13	7	13	104	0	33
13	10	2	105	131	188
13	1	12	106	244	304
13	12	11	107	322	350
13	3	7	108	352	406
13	0	11	109	463	491
13	7	10	110	574	603
13	10	2	111	723	736
13	11	14	112	782	809
13	6	13	113	1055	1094
14	1	3	114	308	381
14	8	4	115	476	527
14	13	9	116	527	594
14	2	10	117	827	843
14	14	1	118	1051	1095
15	6	12	119	10	50
15	14	12	120	52	83
15	5	12	121	84	166
15	6	13	122	193	235
15	6	13	123	583	667
15	12	11	124	671	754
15	6	1	125	789	872
15	14	1	126	877	909
16	13	3	127	0	36
16	2	10	128	38	55
16	5	14	129	55	84
16	11	5	130	90	129
16	1	10	131	849	865
16	10	10	132	965	1020
17	9	0	133	137	219
17	8	12	134	233	241
17	0	9	135	254	294
17	5	12	136	433	514
17	4	14	137	534	595
17	5	4	138	715	788
17	4	14	139	824	837
17	8	7	140	875	911
17	10	10	141	911	956
18	2	7	142	183	237
18	11	5	143	469	536
18	5	2	144	645	715
18	4	6	145	734	783
18	8	8	146	802	831
18	5	12	147	844	926
18	2	4	148	956	1034
18	8	12	149	1034	1064
19	2	10	150	55	121
19	5	4	151	211	297
19	10	2	152	299	316
19	5	13	153	402	430
19	8	8	154	444	476
19	10	0	155	550	579
19	2	4	156	579	653
19	4	6	157	783	824
19	4	3	158	945	1021
19	4	2	159	1021	1052
20	1	0	160	82	137
20	14	0	161	234	318
20	13	9	162	395	464
20	6	3	163	466	527
20	3	6	164	654	733
20	13	9	165	795	817
20	9	12	166	926	953
20	0	9	167	993	1001
21	12	4	168	84	146
21	10	10	169	401	477
21	14	14	170	734	755
21	0	5	171	779	821
21	0	9	172	978	993
22	11	5	173	59	90
22	8	1	174	96	127
22	2	7	175	127	183
22	0	6	176	198	221
22	10	0	177	318	338
22	2	4	178	527	564
22	1	6	179	567	621
22	3	6	180	1066	1085
23	5	8	181	22	32
23	13	1	182	228	268
23	9	13	183	302	373
23	8	8	184	415	444
23	12	7	185	482	532
23	5	14	186	595	645
23	9	14	187	645	657
23	13	1	188	691	783
23	7	13	189	827	900
23	11	5	190	905	968
24	7	9	191	179	254
24	5	4	192	297	330
24	7	14	193	349	417
24	7	14	194	417	479
24	2	14	195	479	525
24	8	1	196	567	606
24	7	10	197	606	697
24	3	9	198	733	795
24	2	1	199	1037	1048
25	13	3	200	77	154
25	4	14	201	162	222
25	3	6	202	234	256
25	4	6	203	368	420
25	11	5	204	968	1036
26	13	1	205	302	337
26	9	1	206	394	476
26	8	11	207	527	564
26	12	11	208	754	767
26	5	12	209	788	844
27	6	8	210	0	10
27	9	1	211	10	21
27	7	8	212	33	90
27	6	8	213	239	273
27	5	2	214	330	402
27	14	7	215	406	446
27	13	9	216	494	524
27	11	7	217	536	556
27	14	8	218	583	658
27	6	4	219	872	956
28	6	13	220	50	120
28	11	5	221	207	286
28	11	5	222	286	342
28	12	5	223	350	433
28	9	12	224	516	556
28	1	12	225	633	693
28	0	5	226	722	779
28	8	1	227	911	981
28	14	8	228	983	1051
28	11	5	229	1061	1100
29	7	14	230	254	349
29	0	6	231	493	566
29	0	11	232	566	671
29	9	12	233	696	778
29	0	9	234	889	978
29	11	5	235	1036	1061
30	0	1	236	21	94
30	3	6	237	94	174
30	8	0	238	352	415
30	8	8	239	699	802
30	4	14	240	837	849
30	3	2	241	981	1014
30	7	8	242	1060	1075
31	9	7	243	22	45
31	10	2	244	188	271
31	1	1	245	482	567
31	10	3	246	579	656
31	9	7	247	657	696
31	4	0	248	696	734
31	3	6	249	824	865
31	3	2	250	903	981
31	3	6	251	1017	1066
32	2	10	252	9	38
32	8	11	253	84	96
32	4	11	254	96	129
32	1	8	255	137	178
32	14	8	256	369	406
32	6	3	257	527	539
32	8	1	258	606	691
32	14	0	259	791	877
32	7	13	260	900	940
33	8	1	261	199	228
33	0	9	262	294	379
33	3	0	263	452	546
33	3	3	264	546	557
33	11	7	265	628	653
33	10	8	266	658	699
33	2	4	267	791	827
33	11	5	268	827	905
33	6	7	269	959	1019
34	2	4	270	343	394
34	9	7	271	556	628
34	10	2	272	715	723
34	9	11	273	778	825
34	4	3	274	861	945
34	7	1	275	983	1037
34	7	14	276	1037	1060
34	13	9	277	1061	1097
35	13	3	278	154	228
35	4	3	279	228	308
35	7	10	280	533	574
35	12	5	281	595	654
35	12	13	282	949	1005
35	1	3	283	1021	1073
36	11	5	284	129	207
36	14	12	285	207	233
36	6	8	286	273	369
36	13	9	287	464	494
36	14	7	288	911	959
37	9	13	289	235	302
37	1	2	290	402	482
37	1	6	291	621	633
37	11	7	292	696	775
37	1	3	293	775	849
37	9	14	294	849	916
37	7	8	295	970	983
37	0	9	296	1001	1061
38	3	9	297	0	84
38	0	8	298	179	198
38	0	8	299	221	239
38	3	6	300	256	317
38	13	1	301	337	394
38	1	8	302	909	952
38	8	12	303	1016	1028
39	12	11	304	29	84
39	5	4	305	166	211
39	2	7	306	237	255
39	13	1	307	268	302
39	9	13	308	373	388
39	14	7	309	446	482
39	5	13	310	516	581
39	4	3	311	849	861
39	7	11	312	949	970


Solution History:
