This is the output of Heuristic Solver for Dual resource constrained flexible job shop Scheduling Problem.
Input file is: wfjsp14_10.txt
Method: TSN1_2000_5_5
Seed: 1
Number of Jobs: 30
Number of Operations: 235
Number of Machines: 15
Number of Operators: 15
CPU Time: 92.0131
obj: 908
Best found lower bound:0
Solver gap (best found lower bound and upper bound difference): Not known


Final Solution:
Job	Machine	Operator	Operation	Start Time	Finish Time
0	12	8	0	0	65
0	12	6	1	118	208
0	1	5	2	212	279
0	0	4	3	303	393
0	5	10	4	603	654
0	2	14	5	672	704
0	5	10	6	723	754
0	3	2	7	755	812
1	14	9	8	152	236
1	4	2	9	299	327
1	8	11	10	415	454
1	11	12	11	472	506
1	6	9	12	577	670
1	9	12	13	670	746
1	9	12	14	746	814
1	2	0	15	814	903
2	3	6	16	0	81
2	6	6	17	81	96
2	11	5	18	96	104
2	3	11	19	105	149
2	9	8	20	173	241
2	1	14	21	279	362
2	9	1	22	427	475
2	4	2	23	620	689
3	8	11	24	0	37
3	0	4	25	89	109
3	8	4	26	229	278
3	14	3	27	438	456
3	0	1	28	685	773
4	12	8	29	65	93
4	12	3	30	310	387
4	2	14	31	445	517
4	14	3	32	572	639
4	7	13	33	749	787
4	13	9	34	803	851
5	9	12	35	0	74
5	9	12	36	74	88
5	1	3	37	153	174
5	0	12	38	177	197
5	12	3	39	387	438
5	0	4	40	443	480
5	14	6	41	480	572
5	9	12	42	602	666
6	7	14	43	0	83
6	6	3	44	174	191
6	12	7	45	208	222
6	3	0	46	243	310
6	0	1	47	773	821
6	5	11	48	862	874
7	6	9	49	325	412
7	6	9	50	412	499
7	10	8	51	535	562
7	7	13	52	562	631
7	3	2	53	746	755
8	13	9	54	0	80
8	6	8	55	96	173
8	2	14	56	255	273
8	3	0	57	310	379
8	5	10	58	393	427
8	6	9	59	499	507
8	4	2	60	527	620
8	1	14	61	704	748
8	14	14	62	770	854
9	1	3	63	0	67
9	5	14	64	83	172
9	5	10	65	223	300
9	10	7	66	393	438
9	13	10	67	488	532
9	14	3	68	639	656
9	6	3	69	770	796
9	8	6	70	816	835
9	9	13	71	887	908
10	9	1	72	89	138
10	5	14	73	172	223
10	8	4	74	278	301
10	7	3	75	478	546
10	3	11	76	702	746
11	10	13	77	0	39
11	8	4	78	191	229
11	11	12	79	308	388
11	14	0	80	394	436
11	1	5	81	445	478
11	10	0	82	508	535
11	2	2	83	704	716
11	7	13	84	787	868
11	5	11	85	874	906
12	14	9	86	120	152
12	13	11	87	265	336
12	3	8	88	459	530
12	9	1	89	549	566
12	3	4	90	613	702
13	2	5	91	0	64
13	9	0	92	138	172
13	3	0	93	172	191
13	9	8	94	241	330
13	14	6	95	330	380
13	8	11	96	454	528
13	8	4	97	528	609
13	8	6	98	628	694
13	4	6	99	694	781
13	12	4	100	818	900
14	10	13	101	39	117
14	14	9	102	236	325
14	13	1	103	336	425
14	10	0	104	438	482
14	4	2	105	495	527
14	13	1	106	597	644
14	9	12	107	814	887
14	10	10	108	894	908
15	13	12	109	88	164
15	7	12	110	164	175
15	13	11	111	196	265
15	2	5	112	279	345
15	4	2	113	373	426
15	12	7	114	438	526
15	0	0	115	567	644
16	4	2	116	217	299
16	5	7	117	310	393
16	9	1	118	475	549
16	12	7	119	549	635
16	5	10	120	654	686
16	5	10	121	686	723
16	8	4	122	729	816
16	10	7	123	818	842
17	6	10	124	0	70
17	2	2	125	71	89
17	12	6	126	96	118
17	0	13	127	137	177
17	1	2	128	179	212
17	13	9	129	774	803
17	5	11	130	822	862
18	4	10	131	71	118
18	0	13	132	118	137
18	11	1	133	138	228
18	9	8	134	330	341
18	7	13	135	358	432
18	14	3	136	456	473
18	1	5	137	478	541
18	11	5	138	635	715
18	14	3	139	750	770
18	0	10	140	822	891
19	14	0	141	0	79
19	10	7	142	145	206
19	0	12	143	206	303
19	10	10	144	329	392
19	13	10	145	532	597
19	12	7	146	725	737
19	12	7	147	737	818
20	4	2	148	0	71
20	6	1	149	231	323
20	4	2	150	327	373
20	14	0	151	380	394
20	3	8	152	427	459
20	2	14	153	517	595
20	13	0	154	644	720
20	2	0	155	720	802
20	4	2	156	814	896
21	2	2	157	89	179
21	6	3	158	191	231
21	2	14	159	231	255
21	10	13	160	257	328
21	1	14	161	362	445
21	5	6	162	572	603
21	12	7	163	635	700
22	0	1	164	0	89
22	7	7	165	89	134
22	4	10	166	145	217
22	11	3	167	231	308
22	11	12	168	506	540
22	1	5	169	541	588
22	11	5	170	588	635
22	10	8	171	650	737
22	11	5	172	737	823
22	3	6	173	835	897
23	10	10	174	118	145
23	2	5	175	345	435
23	7	13	176	435	478
23	5	13	177	478	559
23	9	1	178	566	582
23	7	13	179	650	714
23	8	4	180	714	729
23	10	8	181	737	799
23	8	1	182	835	857
23	8	1	183	857	904
24	8	11	184	37	105
24	8	4	185	109	191
24	12	7	186	222	310
24	8	11	187	336	415
24	13	10	188	427	488
24	11	12	189	540	574
24	8	6	190	609	628
24	14	3	191	656	750
24	6	8	192	799	852
24	13	8	193	852	905
25	1	3	194	67	134
25	13	11	195	164	196
25	11	12	196	388	472
25	0	4	197	480	528
25	0	0	198	535	567
25	10	8	199	567	650
25	7	13	200	714	749
25	13	9	201	759	774
25	7	14	202	868	894
26	11	5	203	104	138
26	2	5	204	179	203
26	7	13	205	328	358
26	3	6	206	380	415
26	5	6	207	427	475
26	3	11	208	530	613
26	4	6	209	781	814
26	10	7	210	842	894
27	7	13	211	177	257
27	7	6	212	257	327
27	10	0	213	482	508
27	6	9	214	508	577
27	9	12	215	582	602
27	1	11	216	613	699
27	12	7	217	700	725
27	5	10	218	754	822
28	1	3	219	134	153
28	8	10	220	301	329
28	9	8	221	341	427
28	4	2	222	427	495
28	12	7	223	526	547
28	7	13	224	631	650
28	0	1	225	650	685
28	1	11	226	748	815
28	11	5	227	823	904
29	5	7	228	0	76
29	14	9	229	80	120
29	3	0	230	191	243
29	0	4	231	393	443
29	2	14	232	595	672
29	6	9	233	672	759
29	1	3	234	815	906


Solution History:
