This is the output of Heuristic Solver for Dual resource constrained flexible job shop Scheduling Problem.
Input file is: wfjsp6_1.txt
Method: TSN1_2000_5_5
Seed: 1
Number of Jobs: 12
Number of Operations: 70
Number of Machines: 5
Number of Operators: 5
CPU Time: 3.95004
obj: 699
Best found lower bound:0
Solver gap (best found lower bound and upper bound difference): Not known


Final Solution:
Job	Machine	Operator	Operation	Start Time	Finish Time
0	3	2	0	13	91
0	2	0	1	91	116
0	0	3	2	121	167
0	2	0	3	233	328
0	1	4	4	357	434
0	0	1	5	518	573
0	3	2	6	579	663
0	3	1	7	663	699
1	4	4	8	0	38
1	4	3	9	344	382
1	2	2	10	446	457
1	4	3	11	529	545
1	2	0	12	566	582
1	4	0	13	649	698
2	4	4	14	125	192
2	1	4	15	568	620
2	0	3	16	620	643
2	1	4	17	668	676
3	2	0	18	0	56
3	0	3	19	75	121
3	1	1	20	147	242
3	4	3	21	250	344
3	4	3	22	382	432
3	4	3	23	432	513
3	4	3	24	513	529
3	3	2	25	545	579
3	0	1	26	582	602
4	4	4	27	38	65
4	1	1	28	98	147
4	3	2	29	147	224
4	1	4	30	319	357
4	0	1	31	364	429
4	0	1	32	429	518
4	4	3	33	545	588
5	3	2	34	0	13
5	3	2	35	91	141
5	0	3	36	226	250
5	1	4	37	434	467
5	2	2	38	467	541
5	0	3	39	643	699
6	4	4	40	95	125
6	3	2	41	224	322
6	0	1	42	341	364
6	2	1	43	602	659
6	1	4	44	676	687
7	2	0	45	56	70
7	2	2	46	370	446
7	1	4	47	513	521
7	0	1	48	573	582
7	1	4	49	620	668
8	0	3	50	0	75
8	4	4	51	82	95
8	2	0	52	168	233
8	1	4	53	262	319
8	1	4	54	467	513
8	1	4	55	521	568
9	1	1	56	0	98
9	4	4	57	192	234
9	0	1	58	250	341
9	3	0	59	485	545
9	2	0	60	545	566
9	4	0	61	588	649
10	1	4	62	242	262
10	2	2	63	328	370
10	3	0	64	394	485
10	2	2	65	663	698
11	4	4	66	65	82
11	2	0	67	116	168
11	0	3	68	168	226
11	3	0	69	328	394


Solution History:
