This is the output of Heuristic Solver for Dual resource constrained flexible job shop Scheduling Problem.
Input file is: wfjsp6_2.txt
Method: TSN1_2000_5_5
Seed: 1
Number of Jobs: 12
Number of Operations: 76
Number of Machines: 5
Number of Operators: 5
CPU Time: 4.22119
obj: 796
Best found lower bound:0
Solver gap (best found lower bound and upper bound difference): Not known


Final Solution:
Job	Machine	Operator	Operation	Start Time	Finish Time
0	4	1	0	57	137
0	4	1	1	137	213
0	4	1	2	213	235
0	0	2	3	361	396
0	4	1	4	396	413
0	4	1	5	466	494
0	0	4	6	516	580
0	0	2	7	641	649
1	3	3	8	123	202
1	0	2	9	238	278
1	3	3	10	349	399
1	0	2	11	407	422
1	1	0	12	510	582
1	4	1	13	643	710
2	0	4	14	101	162
2	4	1	15	235	308
2	0	4	16	422	455
2	1	3	17	752	796
3	0	2	18	221	238
3	4	1	19	413	466
3	2	2	20	470	547
3	4	1	21	562	643
3	2	4	22	643	701
3	0	2	23	718	789
4	0	4	24	0	65
4	1	0	25	72	89
4	1	0	26	89	101
4	4	1	27	308	395
4	3	3	28	399	425
4	3	3	29	425	505
4	3	0	30	686	782
5	3	3	31	275	293
5	0	2	32	293	361
5	1	0	33	361	440
5	0	4	34	455	516
5	1	0	35	633	653
5	4	1	36	710	762
6	2	2	37	25	61
6	3	3	38	202	275
6	2	2	39	547	636
6	1	0	40	653	672
6	3	0	41	672	686
6	4	1	42	762	793
7	1	0	43	0	17
7	4	1	44	17	57
7	2	2	45	61	136
7	0	2	46	162	202
7	2	0	47	225	323
7	3	3	48	537	636
7	0	2	49	649	718
8	3	3	50	90	123
8	1	4	51	162	235
8	2	0	52	323	360
9	2	2	53	0	25
9	0	4	54	65	101
9	1	0	55	101	148
9	0	2	56	202	221
9	1	4	57	235	299
9	1	4	58	299	360
9	0	2	59	396	407
9	3	3	60	505	537
9	1	0	61	582	633
9	1	3	62	672	752
10	1	0	63	17	72
10	1	0	64	440	510
10	0	4	65	580	641
10	3	3	66	641	664
11	3	3	67	0	90
11	2	2	68	136	151
11	2	0	69	151	225
11	0	2	70	278	291
11	3	3	71	293	349
11	2	4	72	360	420
11	2	2	73	422	470
11	4	1	74	494	562
11	2	4	75	701	789


Solution History:
