This is the output of Heuristic Solver for Dual resource constrained flexible job shop Scheduling Problem.
Input file is: wfjsp23_8.txt
Method: TSN1_2000_5_5
Seed: 1
Number of Jobs: 30
Number of Operations: 373
Number of Machines: 15
Number of Operators: 12
CPU Time: 300.018
obj: 1634
Best found lower bound:0
Solver gap (best found lower bound and upper bound difference): Not known


Final Solution:
Job	Machine	Operator	Operation	Start Time	Finish Time
0	14	11	0	47	74
0	11	1	1	425	489
0	11	5	2	492	520
0	3	8	3	753	824
0	7	8	4	824	904
0	4	5	5	939	1004
0	9	1	6	1049	1105
0	14	8	7	1121	1133
0	8	5	8	1346	1388
0	8	1	9	1533	1584
1	14	2	10	0	28
1	4	7	11	450	552
1	3	4	12	553	561
1	12	0	13	684	779
1	6	6	14	807	829
1	1	7	15	829	889
1	1	3	16	960	1036
1	0	11	17	1105	1133
1	10	1	18	1167	1221
1	4	9	19	1221	1265
1	0	11	20	1265	1309
1	6	8	21	1359	1397
1	4	5	22	1547	1607
2	4	7	23	96	152
2	6	10	24	159	226
2	10	4	25	424	510
2	7	3	26	627	705
2	11	9	27	801	868
2	4	2	28	1028	1103
2	0	3	29	1157	1232
2	5	7	30	1232	1303
2	4	4	31	1303	1377
2	9	1	32	1391	1448
2	11	7	33	1478	1517
2	7	8	34	1534	1630
3	2	9	35	381	473
3	5	9	36	473	500
3	12	8	37	651	684
3	1	2	38	724	791
3	1	11	39	803	812
3	2	1	40	826	892
3	12	6	41	928	957
3	13	7	42	960	971
3	2	2	43	982	1028
3	8	4	44	1038	1073
3	1	7	45	1170	1228
3	1	1	46	1264	1354
3	7	5	47	1463	1500
3	5	5	48	1500	1547
3	11	0	49	1556	1612
4	1	9	50	46	119
4	3	1	51	173	184
4	4	5	52	278	293
4	6	6	53	313	354
4	7	11	54	382	448
4	10	5	55	520	535
4	1	9	56	593	661
4	14	1	57	662	721
4	10	3	58	782	845
4	4	9	59	868	902
4	7	11	60	914	1012
4	1	8	61	1397	1451
5	8	1	62	0	24
5	3	2	63	28	49
5	13	10	64	51	91
5	12	2	65	200	275
5	10	4	66	288	306
5	3	11	67	317	338
5	9	11	68	338	382
5	7	5	69	448	492
5	6	11	70	585	632
5	2	4	71	643	661
5	8	2	72	661	724
5	4	4	73	724	772
5	13	4	74	1173	1201
6	4	3	75	0	27
6	12	0	76	80	107
6	8	2	77	133	200
6	12	6	78	354	391
6	4	7	79	421	450
6	8	3	80	453	528
6	0	3	81	528	552
6	11	1	82	725	790
6	8	4	83	839	905
6	2	10	84	1387	1466
6	2	4	85	1471	1552
7	9	11	86	74	109
7	4	5	87	195	261
7	3	0	88	394	450
7	8	5	89	535	618
7	6	11	90	632	682
7	12	0	91	779	855
7	0	4	92	934	1007
7	7	10	93	1095	1161
7	12	9	94	1199	1218
7	10	8	95	1292	1359
7	14	7	96	1553	1619
8	8	11	97	220	317
8	5	5	98	321	371
8	14	10	99	455	527
8	14	10	100	527	592
8	13	6	101	605	692
8	11	0	102	868	956
8	14	11	103	1012	1081
8	6	2	104	1193	1280
8	12	0	105	1376	1402
8	12	0	106	1402	1420
8	8	6	107	1435	1516
8	11	6	108	1525	1556
8	4	6	109	1607	1628
9	11	9	110	0	46
9	8	4	111	46	111
9	11	9	112	270	302
9	7	1	113	311	368
9	6	6	114	484	545
9	5	7	115	581	665
9	9	7	116	665	709
9	6	6	117	829	915
9	12	6	118	915	928
9	1	3	119	1036	1098
9	2	0	120	1127	1144
9	7	5	121	1194	1263
9	4	2	122	1408	1468
9	2	1	123	1584	1617
10	14	10	124	255	349
10	12	6	125	391	430
10	13	0	126	450	506
10	2	4	127	510	553
10	14	10	128	613	634
10	14	10	129	634	661
10	6	6	130	692	752
10	10	8	131	915	979
10	13	9	132	989	1054
10	12	9	133	1132	1199
10	14	11	134	1406	1470
10	7	8	135	1502	1534
11	0	11	136	0	47
11	4	8	137	163	180
11	1	4	138	182	223
11	14	10	139	226	255
11	11	7	140	302	366
11	14	10	141	379	401
11	4	6	142	552	588
11	5	2	143	817	876
11	8	4	144	905	934
11	9	2	145	937	982
11	3	0	146	1062	1118
11	8	5	147	1127	1194
11	10	4	148	1387	1455
12	10	5	149	0	12
12	13	6	150	151	236
12	5	9	151	241	263
12	4	2	152	331	405
12	6	6	153	430	484
12	1	9	154	500	514
12	1	2	155	515	584
12	11	6	156	596	605
12	7	10	157	712	761
12	8	4	158	772	839
12	11	0	159	1008	1062
12	12	9	160	1265	1361
12	14	9	161	1364	1397
13	7	5	162	12	36
13	7	5	163	36	104
13	4	5	164	261	278
13	0	8	165	312	394
13	0	3	166	408	434
13	5	8	167	512	567
13	2	9	168	582	593
13	10	1	169	603	662
13	3	5	170	824	895
13	4	5	171	902	939
13	5	5	172	1004	1052
13	13	10	173	1494	1558
14	5	10	174	0	51
14	14	8	175	79	148
14	0	8	176	148	163
14	0	9	177	170	241
14	0	1	178	255	311
14	3	0	179	338	394
14	1	2	180	405	489
14	9	7	181	709	722
14	0	11	182	881	914
14	13	3	183	918	946
14	9	2	184	1105	1134
14	3	4	185	1270	1299
14	5	6	186	1556	1599
15	7	4	187	0	9
15	12	0	188	44	80
15	7	11	189	109	139
15	3	2	190	489	515
15	3	5	191	663	748
15	14	7	192	782	822
15	9	10	193	848	871
15	5	2	194	876	920
15	9	10	195	994	1026
15	10	3	196	1098	1157
15	14	11	197	1211	1234
15	0	11	198	1234	1259
15	6	7	199	1303	1348
15	13	9	200	1397	1494
16	13	7	201	0	48
16	6	6	202	92	138
16	12	0	203	275	337
16	2	10	204	349	379
16	6	7	205	552	581
16	4	2	206	588	661
16	0	9	207	749	801
16	6	2	208	920	937
16	6	9	209	1054	1132
16	5	7	210	1133	1170
16	9	10	211	1234	1312
17	2	6	212	0	56
17	3	1	213	104	173
17	13	3	214	289	339
17	10	3	215	339	408
17	0	4	216	573	643
17	7	10	217	761	770
17	13	10	218	770	848
17	14	8	219	1081	1121
17	13	0	220	1201	1259
17	13	0	221	1259	1320
17	7	6	222	1356	1393
17	5	7	223	1394	1432
17	7	5	224	1432	1463
17	3	4	225	1463	1471
17	14	1	226	1475	1533
18	13	3	227	91	139
18	12	7	228	164	199
18	1	4	229	223	288
18	8	1	230	368	425
18	9	11	231	448	520
18	10	10	232	871	915
18	14	11	233	1133	1211
18	8	1	234	1221	1243
18	12	1	235	1243	1264
18	14	3	236	1268	1364
18	1	8	237	1451	1502
18	12	11	238	1516	1592
18	12	11	239	1592	1621
19	6	8	240	0	79
19	6	11	241	139	147
19	1	9	242	302	381
19	12	9	243	514	582
19	2	10	244	661	712
19	1	7	245	889	960
19	10	8	246	1221	1292
19	5	10	247	1312	1387
19	11	1	248	1448	1475
19	8	6	249	1516	1525
19	0	9	250	1547	1617
20	10	10	251	91	116
20	5	4	252	116	182
20	10	8	253	182	279
20	8	5	254	618	655
20	5	8	255	684	753
20	2	1	256	892	959
20	3	1	257	959	1049
20	5	5	258	1052	1127
20	2	10	259	1161	1234
20	3	0	260	1320	1376
21	2	1	261	79	96
21	11	5	262	129	195
21	9	7	263	234	301
21	13	0	264	506	537
21	6	11	265	752	803
21	0	11	266	812	881
21	5	9	267	920	989
21	13	4	268	1073	1173
21	2	6	269	1239	1290
21	11	6	270	1290	1356
21	1	1	271	1356	1391
21	10	3	272	1469	1562
21	9	10	273	1562	1633
22	2	0	274	184	258
22	2	4	275	561	573
22	7	3	276	616	627
22	10	8	277	979	1070
22	0	11	278	1081	1105
22	4	6	279	1127	1170
22	11	6	280	1170	1239
22	2	2	281	1290	1380
22	0	11	282	1382	1406
22	11	6	283	1406	1435
22	5	7	284	1435	1478
22	3	0	285	1497	1551
22	1	3	286	1562	1616
23	12	0	287	0	44
23	9	7	288	48	63
23	3	7	289	63	96
23	2	1	290	96	104
23	14	11	291	148	220
23	7	3	292	229	289
23	8	4	293	317	362
23	13	7	294	366	421
23	2	6	295	1044	1127
23	13	7	296	1348	1394
24	4	3	297	27	91
24	11	5	298	104	129
24	12	6	299	138	151
24	9	7	300	152	164
24	11	7	301	199	223
24	9	7	302	223	234
24	12	8	303	582	651
24	11	9	304	661	725
24	13	9	305	725	745
24	2	6	306	752	807
24	12	7	307	971	1052
24	12	7	308	1052	1124
24	6	2	309	1134	1193
24	14	3	310	1234	1268
25	11	6	311	56	92
25	10	10	312	116	159
25	3	1	313	184	255
25	13	0	314	258	273
25	5	8	315	279	312
25	12	8	316	438	512
25	11	0	317	537	596
25	2	10	318	596	613
25	14	10	319	918	994
25	8	4	320	1007	1038
25	9	8	321	1134	1219
25	10	3	322	1364	1387
26	1	4	323	9	38
26	1	9	324	119	170
26	11	6	325	236	270
26	6	6	326	270	313
26	4	2	327	321	331
26	6	4	328	362	424
26	0	3	329	434	453
26	9	11	330	520	585
26	14	3	331	721	782
26	11	0	332	956	1008
26	3	7	333	1124	1133
26	8	5	334	1388	1431
26	4	9	335	1494	1547
27	10	1	336	24	79
27	2	0	337	107	184
27	14	10	338	401	455
27	10	1	339	547	603
27	3	0	340	603	663
27	0	11	341	682	749
27	6	6	342	957	1044
27	1	1	343	1105	1167
27	9	11	344	1312	1382
27	4	2	345	1382	1408
27	0	3	346	1408	1469
27	6	11	347	1470	1516
27	6	2	348	1530	1607
27	8	2	349	1607	1634
28	0	2	350	49	133
28	4	5	351	293	321
28	9	8	352	394	438
28	7	3	353	552	616
28	1	4	354	661	721
28	10	7	355	722	778
28	9	1	356	790	826
28	3	0	357	1144	1199
28	8	5	358	1263	1346
28	12	0	359	1420	1497
28	1	7	360	1517	1553
29	7	3	361	139	229
29	2	2	362	275	318
29	11	5	363	371	419
29	7	1	364	492	547
29	5	5	365	753	817
29	14	3	366	845	918
29	7	10	367	1026	1095
29	3	4	368	1201	1270
29	7	3	369	1393	1407
29	0	2	370	1469	1530
29	3	4	371	1552	1595
29	5	4	372	1599	1613


Solution History:
