This is the output of Heuristic Solver for Dual resource constrained flexible job shop Scheduling Problem.
Input file is: wfjsp9_3.txt
Method: TSN1_2000_5_5
Seed: 1
Number of Jobs: 15
Number of Operations: 139
Number of Machines: 5
Number of Operators: 5
CPU Time: 25.352
obj: 1531
Best found lower bound:0
Solver gap (best found lower bound and upper bound difference): Not known


Final Solution:
Job	Machine	Operator	Operation	Start Time	Finish Time
0	4	4	0	14	84
0	2	2	1	136	151
0	1	4	2	209	225
0	1	4	3	486	571
0	0	0	4	609	688
0	3	1	5	688	761
0	3	0	6	894	977
0	0	0	7	1018	1059
0	0	0	8	1342	1433
1	4	4	9	0	14
1	3	1	10	16	76
1	0	0	11	263	357
1	1	4	12	468	486
1	2	2	13	602	702
1	2	2	14	799	896
1	3	1	15	1233	1261
1	4	3	16	1310	1362
2	3	3	17	0	16
2	4	3	18	206	278
2	3	3	19	417	428
2	0	0	20	502	530
2	0	0	21	530	589
2	2	2	22	702	799
2	2	2	23	1053	1120
2	2	2	24	1120	1150
2	0	0	25	1150	1232
2	2	2	26	1315	1416
3	0	1	27	0	12
3	3	1	28	238	273
3	4	1	29	408	519
3	4	1	30	599	639
3	4	3	31	890	919
3	3	1	32	1081	1144
3	3	1	33	1356	1420
3	3	1	34	1420	1483
4	1	4	35	238	340
4	0	0	36	802	894
4	0	1	37	894	912
4	1	4	38	995	1022
4	0	0	39	1059	1140
4	3	1	40	1218	1233
4	2	2	41	1233	1258
4	4	3	42	1260	1310
4	2	2	43	1416	1452
4	3	1	44	1483	1531
5	2	2	45	38	136
5	3	1	46	164	238
5	4	1	47	324	408
5	0	0	48	589	609
5	3	3	49	668	683
5	3	1	50	761	811
5	1	4	51	888	959
5	0	0	52	977	1018
5	3	1	53	1144	1165
5	3	1	54	1165	1218
6	2	2	55	287	314
6	1	4	56	340	372
6	1	4	57	571	656
6	3	1	58	811	890
6	1	3	59	1098	1198
6	0	0	60	1232	1329
6	0	0	61	1329	1342
6	4	3	62	1362	1415
6	4	4	63	1421	1518
7	2	2	64	0	38
7	3	1	65	76	103
7	3	1	66	103	164
7	3	1	67	273	324
7	3	3	68	585	668
7	2	2	69	896	906
7	4	3	70	931	1033
7	1	4	71	1033	1098
7	1	3	72	1421	1449
7	2	2	73	1452	1529
8	1	3	74	16	45
8	1	4	75	145	209
8	1	4	76	225	238
8	3	3	77	518	548
8	4	1	78	586	599
8	1	4	79	719	805
8	1	4	80	805	888
8	0	1	81	912	968
8	2	2	82	1258	1276
9	0	0	83	126	166
9	2	2	84	177	192
9	0	0	85	357	441
9	1	4	86	656	694
9	2	2	87	1150	1186
9	3	1	88	1261	1282
9	2	2	89	1282	1315
9	1	4	90	1334	1386
10	4	4	91	84	145
10	2	2	92	151	177
10	0	0	93	228	263
10	4	3	94	278	324
10	3	3	95	428	518
10	3	3	96	548	585
10	0	0	97	688	764
10	3	1	98	977	1081
10	1	3	99	1449	1521
11	0	0	100	166	228
11	2	2	101	251	287
11	1	4	102	372	468
11	4	3	103	778	854
11	4	3	104	854	890
11	4	3	105	919	931
11	2	2	106	970	1040
11	2	2	107	1186	1232
11	3	1	108	1282	1356
11	0	0	109	1433	1529
12	0	0	110	12	107
12	2	2	111	314	418
12	0	0	112	441	502
12	2	2	113	567	602
12	1	4	114	694	719
12	0	0	115	764	802
12	1	4	116	959	995
12	2	2	117	1040	1053
12	4	4	118	1098	1170
12	4	4	119	1170	1260
13	0	0	120	107	126
13	4	3	121	145	206
13	2	2	122	206	251
13	3	3	123	386	417
13	2	2	124	442	515
13	2	2	125	515	567
13	4	3	126	1033	1096
13	1	3	127	1198	1257
13	1	4	128	1260	1334
14	1	3	129	45	117
14	1	3	130	117	141
14	3	3	131	324	386
14	2	2	132	418	442
14	4	1	133	519	586
14	4	1	134	639	681
14	4	3	135	683	711
14	4	3	136	711	778
14	2	2	137	906	970
14	1	4	138	1386	1421


Solution History:
