This is the output of Heuristic Solver for Dual resource constrained flexible job shop Scheduling Problem.
Input file is: wfjsp13_8.txt
Method: CP_LBBD_CP_TS
Seed: 1
Number of Jobs: 25
Number of Operations: 249
Number of Machines: 15
Number of Operators: 15
CPU Time: 3600.3
obj: 896
Best found lower bound:768
Solver gap (best found lower bound and upper bound difference): Not known


Final Solution:
Job	Machine	Operator	Operation	Start Time	Finish Time
0	14	12	0	0	27
0	5	1	1	54	116
0	13	10	2	148	177
0	11	4	3	178	242
0	2	1	4	263	335
0	1	12	5	705	758
0	10	0	6	766	822
0	9	1	7	830	841
0	4	9	8	846	894
1	9	11	9	32	85
1	1	6	10	126	154
1	8	10	11	218	300
1	4	2	12	348	356
1	9	7	13	424	516
1	12	2	14	538	561
1	4	4	15	617	671
1	3	14	16	724	793
2	14	12	17	27	56
2	8	13	18	67	134
2	8	10	19	180	218
2	10	9	20	218	267
2	3	8	21	301	339
2	0	13	22	377	427
2	11	8	23	427	491
2	7	4	24	498	566
2	0	9	25	575	658
2	13	2	26	658	733
2	4	2	27	733	795
2	8	6	28	829	891
3	3	0	29	0	76
3	4	2	30	76	137
3	5	14	31	233	304
3	2	10	32	335	388
3	3	14	33	400	435
3	1	2	34	449	538
3	11	3	35	656	760
3	1	12	36	760	784
3	10	0	37	844	868
4	2	6	38	0	68
4	2	6	39	68	78
4	6	9	40	78	157
4	10	9	41	178	207
4	11	4	42	242	251
4	6	4	43	394	436
4	12	6	44	587	623
4	7	5	45	847	891
5	10	4	46	59	142
5	10	4	47	142	178
5	13	5	48	178	230
5	0	13	49	252	304
5	0	13	50	304	377
5	2	10	51	388	401
5	4	2	52	424	440
5	7	5	53	455	495
5	6	0	54	518	572
5	2	10	55	610	626
5	5	14	56	649	716
5	4	9	57	795	846
6	0	13	58	0	67
6	1	7	59	161	199
6	1	6	60	335	419
6	6	0	61	436	491
6	6	0	62	491	518
6	12	4	63	566	587
6	8	13	64	587	639
6	1	12	65	641	705
6	7	0	66	722	739
6	7	5	67	739	757
6	13	2	68	796	838
6	0	13	69	849	896
7	12	9	70	9	58
7	6	9	71	58	75
7	11	4	72	251	314
7	13	11	73	335	382
7	1	6	74	419	449
7	5	10	75	483	513
7	8	3	76	557	582
7	12	6	77	623	694
7	13	7	78	733	769
7	13	7	79	769	796
7	2	10	80	826	895
8	9	3	81	0	24
8	0	0	82	76	130
8	14	6	83	179	248
8	6	9	84	278	358
8	12	9	85	394	474
8	12	9	86	474	521
8	13	14	87	557	623
8	4	4	88	671	731
8	0	13	89	776	849
9	10	7	90	0	57
9	3	5	91	95	166
9	2	3	92	191	263
9	4	2	93	263	323
9	5	1	94	335	354
9	5	1	95	354	416
9	8	4	96	436	498
9	1	11	97	538	641
9	14	13	98	722	776
10	0	0	99	130	185
10	0	13	100	185	252
10	14	12	101	335	413
10	11	8	102	491	573
10	6	0	103	573	642
10	3	8	104	642	724
10	8	8	105	768	798
10	8	6	106	809	829
10	14	12	107	832	896
11	1	14	108	0	31
11	3	5	109	76	95
11	8	13	110	134	180
11	1	12	111	199	267
11	13	11	112	303	335
11	10	0	113	338	407
11	8	12	114	503	553
11	9	5	115	566	650
11	12	6	116	694	738
11	11	8	117	798	885
12	4	2	118	0	12
12	12	10	119	58	120
12	14	12	120	162	179
12	9	1	121	188	260
12	13	11	122	382	449
12	14	12	123	570	600
12	9	5	124	650	731
12	6	11	125	731	776
12	6	11	126	776	825
12	12	7	127	825	880
12	9	7	128	880	896
13	14	12	129	56	83
13	4	2	130	187	241
13	7	0	131	269	338
13	4	7	132	356	424
13	0	13	133	427	493
13	13	3	134	493	557
13	11	4	135	587	615
13	2	4	136	775	826
13	10	0	137	826	844
13	9	1	138	844	880
14	12	10	139	120	147
14	7	8	140	161	219
14	4	2	141	241	259
14	9	3	142	263	301
14	8	3	143	301	359
14	12	4	144	359	394
14	10	3	145	421	459
14	4	2	146	561	617
14	5	4	147	826	889
15	4	2	148	12	73
15	12	9	149	157	169
15	3	8	150	219	301
15	10	10	151	301	323
15	5	10	152	416	483
15	9	7	153	516	566
15	14	12	154	600	615
15	2	10	155	626	691
15	0	0	156	739	750
16	13	5	157	0	52
16	1	7	158	57	118
16	2	3	159	132	191
16	12	7	160	199	282
16	5	14	161	304	331
16	4	14	162	331	348
16	11	8	163	348	426
16	3	11	164	504	524
16	6	11	165	642	721
16	11	3	166	760	786
17	9	11	167	85	138
17	9	11	168	138	150
17	12	7	169	282	350
17	8	3	170	359	421
17	14	12	171	421	453
17	3	11	172	453	504
17	0	5	173	504	565
17	3	1	174	583	639
17	10	0	175	642	700
17	10	1	176	700	712
17	7	5	177	757	838
17	13	2	178	838	893
18	5	1	179	0	54
18	11	8	180	70	152
18	3	4	181	339	355
18	13	14	182	449	483
18	2	10	183	583	610
18	8	13	184	639	668
18	8	13	185	668	696
18	14	12	186	784	832
18	7	5	187	838	847
19	7	8	188	0	32
19	11	8	189	32	70
19	10	3	190	459	488
19	2	1	191	493	583
19	0	9	192	658	694
19	14	0	193	700	722
19	10	1	194	722	766
19	3	14	195	793	825
20	8	4	196	0	59
20	2	6	197	78	97
20	2	6	198	97	126
20	4	2	199	137	187
20	14	6	200	248	332
20	4	12	201	453	503
20	8	8	202	724	768
20	9	1	203	768	830
20	6	11	204	830	863
21	11	11	205	0	32
21	14	12	206	83	162
21	3	14	207	166	218
21	5	14	208	218	233
21	1	12	209	267	335
21	9	2	210	370	411
21	2	1	211	416	493
21	10	9	212	521	575
21	7	8	213	575	639
21	14	1	214	639	698
21	2	9	215	698	775
21	3	14	216	825	894
22	12	9	217	0	9
22	5	1	218	116	188
22	7	0	219	219	269
22	9	5	220	303	370
22	4	14	221	503	556
22	10	7	222	575	621
22	11	7	223	621	656
22	9	4	224	731	760
22	0	4	225	760	769
22	1	3	226	786	838
22	1	3	227	838	890
23	13	14	228	52	83
23	13	14	229	83	148
23	6	11	230	157	210
23	13	5	231	230	303
23	3	14	232	355	400
23	5	10	233	513	583
23	13	2	234	623	646
23	8	10	235	696	714
23	12	10	236	738	816
24	6	10	237	0	49
24	7	3	238	49	132
24	7	7	239	132	161
24	6	11	240	210	278
24	6	2	241	358	369
24	7	5	242	370	455
24	14	6	243	455	523
24	14	13	244	523	570
24	5	3	245	583	649
24	7	7	246	656	720
24	5	6	247	738	809
24	10	0	248	868	892


Solution History:
