This is the output of Heuristic Solver for Dual resource constrained flexible job shop Scheduling Problem.
Input file is: wfjsp22_3.txt
Method: CP_LBBD_CP_TS
Seed: 1
Number of Jobs: 30
Number of Operations: 235
Number of Machines: 15
Number of Operators: 12
CPU Time: 3600.09
obj: 991
Best found lower bound:918
Solver gap (best found lower bound and upper bound difference): Not known


Final Solution:
Job	Machine	Operator	Operation	Start Time	Finish Time
0	10	4	0	61	122
0	13	3	1	149	161
0	11	1	2	177	193
0	7	1	3	193	271
0	5	9	4	367	440
0	13	9	5	440	508
0	14	3	6	508	580
0	4	6	7	614	650
0	1	7	8	741	823
1	3	3	9	0	14
1	11	1	10	313	368
1	8	8	11	612	697
1	14	9	12	698	714
1	14	1	13	714	805
1	7	9	14	805	888
1	5	11	15	888	916
1	3	3	16	932	988
2	5	11	17	114	130
2	3	6	18	178	244
2	11	0	19	286	298
2	5	0	20	298	326
2	4	10	21	363	408
2	3	6	22	439	522
2	7	7	23	581	644
2	4	6	24	650	681
2	5	11	25	681	753
2	5	8	26	779	882
3	10	4	27	0	9
3	14	11	28	86	114
3	1	7	29	213	301
3	7	10	30	323	361
3	11	10	31	408	436
3	14	11	32	438	502
3	4	10	33	506	569
3	13	7	34	928	989
4	1	7	35	0	88
4	7	9	36	99	182
4	6	3	37	237	251
4	8	3	38	275	304
4	3	6	39	369	439
4	9	5	40	460	473
4	10	11	41	528	550
4	5	9	42	554	606
4	12	8	43	898	928
4	10	2	44	933	989
5	9	9	45	0	84
5	9	2	46	163	230
5	0	11	47	237	310
5	13	0	48	326	344
5	1	5	49	363	378
5	4	2	50	456	506
5	3	6	51	522	588
5	14	3	52	640	676
5	1	6	53	708	732
5	11	5	54	849	902
6	8	3	55	14	40
6	8	2	56	66	99
6	13	9	57	242	313
6	12	8	58	333	406
6	0	8	59	443	525
6	6	3	60	703	805
6	13	0	61	805	815
6	1	6	62	825	894
6	2	10	63	894	988
7	2	10	64	0	36
7	5	2	65	37	66
7	8	10	66	191	246
7	7	1	67	271	313
7	1	2	68	384	456
7	7	9	69	508	517
7	1	0	70	896	991
8	5	10	71	132	191
8	5	2	72	254	286
8	9	11	73	561	628
8	13	3	74	676	703
8	10	4	75	878	933
8	11	6	76	950	961
9	3	3	77	40	68
9	9	5	78	86	96
9	14	5	79	235	300
9	0	5	80	561	638
9	10	4	81	698	752
9	2	2	82	798	817
9	13	3	83	817	848
9	6	5	84	937	951
10	13	1	85	77	149
10	10	4	86	168	203
10	0	11	87	310	346
10	11	0	88	379	401
10	1	5	89	473	505
10	13	5	90	508	561
10	0	5	91	668	720
10	0	5	92	912	937
10	7	6	93	961	991
11	2	10	94	36	77
11	12	6	95	100	178
11	14	11	96	197	232
11	3	6	97	252	335
11	6	7	98	338	420
11	8	3	99	435	507
11	1	2	100	520	579
11	3	3	101	607	640
11	3	7	102	644	741
11	8	4	103	802	878
12	5	11	104	0	35
12	11	1	105	149	160
12	12	5	106	178	235
12	1	7	107	301	338
12	2	1	108	368	447
12	8	8	109	525	612
12	10	9	110	612	698
12	7	9	111	714	804
12	7	6	112	898	950
12	4	8	113	955	989
13	12	5	114	0	23
13	14	11	115	35	86
13	0	3	116	110	147
13	6	0	117	494	507
13	6	4	118	561	628
13	12	1	119	632	711
14	10	4	120	122	137
14	2	9	121	182	242
14	2	2	122	286	328
14	9	5	123	433	460
14	11	0	124	507	576
14	2	2	125	579	626
14	8	2	126	732	798
15	13	1	127	0	54
15	3	8	128	77	165
15	0	3	129	165	237
15	8	3	130	251	275
15	8	3	131	304	359
15	8	2	132	710	732
15	14	1	133	805	871
16	0	2	134	0	37
16	1	2	135	99	126
16	10	4	136	319	382
16	10	4	137	382	433
16	5	9	138	517	554
16	4	10	139	569	614
16	5	11	140	628	681
16	9	5	141	721	747
16	0	5	142	747	778
16	6	7	143	823	920
17	7	8	144	0	77
17	7	9	145	84	99
17	9	5	146	99	123
17	14	11	147	130	197
17	14	9	148	313	367
17	9	5	149	378	433
18	13	0	150	178	221
18	3	6	151	335	369
18	13	0	152	401	431
18	10	4	153	433	495
18	4	0	154	681	720
18	11	8	155	741	779
18	10	0	156	815	854
18	9	1	157	928	953
18	0	5	158	953	989
19	0	3	159	68	110
19	1	2	160	126	163
19	11	0	161	221	286
19	14	11	162	367	438
19	9	4	163	495	561
19	13	1	164	581	632
19	9	10	165	663	721
19	0	10	166	782	860
19	14	9	167	888	916
20	4	0	168	0	78
20	5	0	169	78	102
20	10	4	170	263	319
20	4	8	171	408	443
20	6	2	172	507	520
20	2	2	173	626	698
21	4	0	174	102	178
21	4	5	175	300	363
21	8	3	176	363	435
21	11	10	177	436	503
21	1	0	178	579	678
21	2	2	179	817	889
21	3	3	180	898	932
22	13	1	181	54	77
22	6	10	182	77	132
22	10	4	183	203	263
22	12	8	184	263	333
22	2	7	185	447	532
22	7	7	186	532	581
22	12	3	187	581	607
22	7	6	188	681	698
23	2	7	189	88	176
23	13	0	190	344	379
23	10	11	191	502	528
23	13	5	192	638	668
23	4	0	193	720	798
23	9	11	194	819	887
23	8	2	195	889	929
24	10	4	196	9	61
24	12	6	197	244	252
24	6	4	198	628	698
24	8	2	199	698	710
24	12	10	200	721	782
24	3	3	201	848	898
24	4	5	202	902	912
24	14	9	203	916	984
25	12	5	204	23	86
25	8	5	205	123	173
25	11	5	206	779	849
25	7	8	207	888	898
25	5	11	208	916	989
26	5	2	209	230	254
26	0	2	210	346	384
26	6	0	211	431	494
26	13	1	212	871	896
26	8	4	213	933	949
27	11	6	214	0	100
27	10	4	215	137	168
27	9	10	216	246	323
27	12	1	217	505	581
27	11	6	218	588	603
27	9	11	219	753	819
28	13	1	220	161	177
28	4	8	221	178	263
28	7	1	222	447	505
28	11	10	223	614	663
28	7	6	224	698	708
28	3	6	225	741	825
28	0	10	226	860	890
28	13	1	227	896	928
28	9	1	228	953	982
29	1	7	229	176	213
29	13	8	230	703	741
29	10	4	231	752	802
29	4	0	232	854	896
29	4	8	233	928	955
29	6	4	234	955	991


Solution History:
