This is the output of Heuristic Solver for Dual resource constrained flexible job shop Scheduling Problem.
Input file is: wfjsp20_5.txt
Method: CP_LBBD_CP_TS
Seed: 1
Number of Jobs: 25
Number of Operations: 174
Number of Machines: 10
Number of Operators: 8
CPU Time: 3600.12
obj: 1048
Best found lower bound:1003
Solver gap (best found lower bound and upper bound difference): Not known


Final Solution:
Job	Machine	Operator	Operation	Start Time	Finish Time
0	3	3	0	0	16
0	3	4	1	133	177
0	7	2	2	359	443
0	5	5	3	450	518
0	7	3	4	536	606
0	3	0	5	823	859
0	4	1	6	876	940
1	4	0	7	115	154
1	6	6	8	381	431
1	2	3	9	501	536
1	5	1	10	577	606
1	1	3	11	606	675
2	5	4	12	112	133
2	5	1	13	144	157
2	1	0	14	410	478
2	3	3	15	720	788
2	8	1	16	848	857
3	8	4	17	223	273
3	6	6	18	312	381
3	2	3	19	417	456
3	4	4	20	770	802
3	6	4	21	874	915
4	9	0	22	229	257
4	9	6	23	557	588
4	5	5	24	728	815
4	0	0	25	925	968
4	9	0	26	1011	1048
5	8	3	27	312	333
5	6	2	28	551	559
5	7	1	29	606	656
5	7	2	30	699	782
5	6	4	31	915	978
6	4	3	32	351	417
6	7	2	33	443	526
6	8	4	34	557	637
6	0	1	35	656	691
6	0	4	36	721	736
6	2	7	37	834	879
7	5	4	38	36	112
7	7	5	39	163	232
7	0	2	40	232	296
7	1	1	41	333	361
7	4	4	42	802	874
8	5	4	43	0	36
8	5	1	44	157	175
8	1	3	45	177	246
8	7	7	46	273	355
8	0	7	47	359	445
8	2	3	48	456	501
8	1	0	49	502	591
8	6	6	50	671	749
8	3	1	51	866	876
8	0	0	52	891	925
9	2	5	53	84	163
9	8	2	54	177	208
9	5	6	55	227	312
9	9	3	56	333	351
9	1	1	57	361	395
9	2	5	58	622	708
9	1	6	59	896	911
9	8	3	60	915	939
9	8	1	61	983	1047
10	6	6	62	0	16
10	8	1	63	33	73
10	6	4	64	273	306
10	8	5	65	336	420
10	6	6	66	431	509
10	5	1	67	537	577
10	2	7	68	766	813
10	2	2	69	968	984
11	2	7	70	0	84
11	1	6	71	95	177
11	3	0	72	260	301
11	0	1	73	484	518
11	4	1	74	518	531
11	8	4	75	637	721
11	2	7	76	731	766
11	0	3	77	788	835
11	5	5	78	896	964
11	3	7	79	964	1046
12	4	1	80	90	115
12	2	5	81	264	336
12	4	7	82	640	689
12	0	1	83	691	701
12	4	7	84	706	731
12	1	6	85	798	810
12	8	1	86	857	866
12	3	7	87	879	962
13	9	2	88	8	94
13	5	6	89	177	227
13	5	5	90	420	450
13	2	5	91	537	622
13	3	3	92	675	720
13	5	5	93	720	728
13	1	6	94	749	798
13	5	6	95	815	895
13	8	1	96	940	983
13	6	5	97	996	1043
14	8	1	98	12	33
14	4	0	99	154	191
14	8	4	100	474	543
14	4	4	101	543	557
14	3	2	102	559	629
14	9	0	103	754	823
14	9	2	104	900	968
14	0	0	105	968	1011
15	6	7	106	95	178
15	3	7	107	178	260
15	4	1	108	280	310
15	3	4	109	310	395
15	3	7	110	445	487
15	1	1	111	701	732
15	8	1	112	732	771
16	9	2	113	0	8
16	8	3	114	92	176
16	9	0	115	199	229
16	4	1	116	310	333
16	5	0	117	395	410
16	5	0	118	654	717
16	7	3	119	939	971
16	2	2	120	984	1017
17	0	1	121	115	144
17	5	5	122	518	537
17	4	7	123	558	640
17	4	7	124	689	706
17	7	2	125	782	812
17	6	7	126	813	834
17	9	3	127	835	900
18	9	2	128	94	177
18	6	0	129	191	199
18	6	2	130	208	228
18	6	5	131	232	264
18	0	2	132	296	359
19	9	7	133	260	273
19	5	0	134	328	395
19	1	1	135	395	408
19	3	1	136	408	417
19	9	6	137	509	557
19	9	0	138	717	754
19	7	2	139	812	899
19	6	5	140	978	996
19	0	2	141	1017	1026
19	2	2	142	1026	1044
20	6	6	143	16	95
20	1	3	144	246	312
20	4	1	145	417	484
20	1	0	146	484	502
20	0	2	147	526	551
20	5	4	148	978	1047
21	7	5	149	0	83
21	4	1	150	209	280
21	9	0	151	301	328
21	4	4	152	736	770
21	8	1	153	771	835
22	1	0	154	0	28
22	0	0	155	46	112
22	2	4	156	177	223
22	6	6	157	588	671
22	8	1	158	835	848
23	4	1	159	0	12
23	3	3	160	16	92
23	9	4	161	395	474
23	3	7	162	487	558
23	0	0	163	591	654
23	0	0	164	859	891
23	7	3	165	900	915
23	1	6	166	915	963
23	1	6	167	963	1041
24	1	0	168	28	46
24	4	1	169	73	90
24	0	1	170	175	209
24	9	2	171	629	699
24	1	5	172	815	896
24	4	3	173	971	1038


Solution History:
