This is the output of Heuristic Solver for Dual resource constrained flexible job shop Scheduling Problem.
Input file is: wfjsp19_10.txt
Method: CP_LBBD_CP_TS
Seed: 1
Number of Jobs: 20
Number of Operations: 190
Number of Machines: 10
Number of Operators: 8
CPU Time: 3600.01
obj: 1347
Best found lower bound:1278
Solver gap (best found lower bound and upper bound difference): Not known


Final Solution:
Job	Machine	Operator	Operation	Start Time	Finish Time
0	7	2	0	27	107
0	3	1	1	376	458
0	1	2	2	458	521
0	6	3	3	789	875
0	8	0	4	1151	1204
0	6	0	5	1204	1235
0	5	2	6	1306	1339
1	5	5	7	0	48
1	8	3	8	89	177
1	5	3	9	189	217
1	4	2	10	232	268
1	5	6	11	268	300
1	6	3	12	387	477
1	2	1	13	501	583
1	0	4	14	616	682
1	4	0	15	708	790
1	5	2	16	916	1010
1	2	5	17	1021	1035
1	4	2	18	1079	1088
1	3	7	19	1088	1137
1	2	1	20	1279	1346
2	9	6	21	0	83
2	7	2	22	107	155
2	6	0	23	201	274
2	3	1	24	458	501
2	4	6	25	628	649
2	4	0	26	661	708
2	8	4	27	750	769
2	8	0	28	790	878
2	2	5	29	883	918
2	4	6	30	922	995
2	4	4	31	995	1079
2	0	7	32	1208	1272
2	9	6	33	1312	1346
3	2	5	34	135	185
3	3	7	35	190	264
3	1	2	36	268	282
3	0	0	37	356	380
3	7	4	38	478	500
3	0	7	39	528	576
3	0	7	40	576	608
3	4	2	41	828	916
3	5	6	42	1153	1219
4	0	4	43	45	137
4	4	6	44	218	232
4	2	6	45	247	260
4	2	1	46	309	376
4	7	5	47	830	879
4	5	3	48	893	907
4	0	0	49	922	1015
5	8	0	50	274	356
5	4	4	51	590	616
5	8	4	52	682	750
5	2	6	53	750	758
5	0	7	54	775	850
5	0	6	55	850	922
5	2	3	56	922	943
5	0	0	57	1015	1080
5	7	1	58	1105	1141
5	5	5	59	1144	1153
5	9	1	60	1190	1279
6	1	4	61	0	45
6	4	0	62	51	133
6	4	0	63	133	201
6	9	1	64	221	309
6	5	5	65	380	452
6	6	5	66	656	704
6	1	4	67	788	836
6	5	5	68	1126	1144
6	1	5	69	1315	1341
7	0	0	70	0	22
7	4	0	71	27	51
7	0	7	72	264	313
7	7	1	73	648	699
7	6	2	74	1010	1033
7	8	6	75	1082	1151
7	1	4	76	1197	1246
7	8	6	77	1271	1312
8	1	2	78	418	456
8	8	3	79	478	566
8	6	5	80	619	656
8	7	5	81	983	1021
8	3	7	82	1274	1299
8	7	4	83	1331	1345
9	9	1	84	132	221
9	2	3	85	265	303
9	9	5	86	341	380
9	9	0	87	380	449
9	0	7	88	456	528
9	4	0	89	548	565
9	2	3	90	629	716
9	5	3	91	716	789
9	7	5	92	793	830
9	5	3	93	875	893
9	5	3	94	1017	1106
9	2	3	95	1120	1173
10	3	7	96	0	86
10	9	6	97	466	545
10	5	3	98	566	629
10	6	5	99	704	789
10	3	7	100	917	998
10	8	6	101	998	1082
10	4	2	102	1088	1176
10	4	3	103	1176	1265
11	3	1	104	88	132
11	8	6	105	188	218
11	5	3	106	218	265
11	3	2	107	282	363
11	2	6	108	380	394
11	9	6	109	545	628
11	9	0	110	648	661
11	3	7	111	850	917
11	2	5	112	1035	1101
11	1	2	113	1259	1306
12	8	1	114	0	88
12	1	4	115	137	215
12	7	4	116	255	342
12	8	4	117	406	478
12	6	5	118	549	619
12	1	7	119	694	775
12	9	0	120	878	912
12	2	3	121	943	984
12	1	7	122	998	1083
12	6	5	123	1101	1126
12	7	5	124	1153	1233
12	3	5	125	1233	1252
12	3	5	126	1252	1274
12	6	5	127	1274	1315
12	3	7	128	1315	1344
13	4	2	129	0	27
13	6	4	130	342	387
13	6	5	131	499	549
13	8	4	132	769	788
13	2	1	133	793	883
14	6	3	134	177	189
14	5	6	135	300	380
14	9	0	136	449	464
14	1	4	137	836	903
14	6	4	138	903	988
15	1	5	139	238	263
15	1	7	140	313	382
15	4	6	141	394	466
15	3	2	142	590	649
15	3	2	143	649	740
15	8	1	144	883	950
15	7	1	145	1037	1105
15	2	3	146	1106	1120
15	2	2	147	1176	1259
15	4	3	148	1265	1340
16	2	3	149	0	89
16	1	7	150	89	135
16	3	7	151	135	147
16	8	4	152	218	255
16	4	3	153	303	384
16	0	7	154	384	456
16	4	0	155	466	548
16	8	0	156	566	648
16	9	6	157	758	845
16	6	2	158	1033	1069
16	1	4	159	1083	1110
16	0	7	160	1137	1208
16	7	4	161	1246	1331
17	7	7	162	161	190
17	7	1	163	583	648
17	7	1	164	699	793
17	3	1	165	1141	1190
17	0	0	166	1272	1347
18	5	6	167	83	154
18	5	6	168	154	188
18	7	5	169	190	238
18	7	2	170	363	418
18	3	4	171	501	590
18	9	6	172	661	747
18	7	5	173	918	983
18	2	3	174	984	1017
18	1	4	175	1110	1197
18	5	6	176	1219	1268
19	6	5	177	48	135
19	0	7	178	147	161
19	0	2	179	161	231
19	0	6	180	232	247
19	6	5	181	274	341
19	8	4	182	387	406
19	2	5	183	452	499
19	1	2	184	521	588
19	1	7	185	608	694
19	3	2	186	740	828
19	9	1	187	950	1037
19	9	0	188	1080	1145
19	8	0	189	1235	1271


Solution History:
