This is the output of Heuristic Solver for Dual resource constrained flexible job shop Scheduling Problem.
Input file is: wfjsp7_7.txt
Method: CP_LBBD_CP_TS
Seed: 1
Number of Jobs: 12
Number of Operations: 94
Number of Machines: 5
Number of Operators: 5
CPU Time: 3600.02
obj: 933
Best found lower bound:887
Solver gap (best found lower bound and upper bound difference): Not known


Final Solution:
Job	Machine	Operator	Operation	Start Time	Finish Time
0	1	3	0	82	162
0	3	4	1	343	354
0	2	1	2	416	454
0	0	0	3	539	634
0	1	3	4	637	662
0	1	3	5	662	704
0	3	4	6	839	871
0	0	0	7	896	933
1	4	1	8	0	9
1	4	1	9	9	49
1	0	1	10	57	137
1	2	2	11	153	218
1	1	3	12	229	308
1	2	1	13	359	416
1	3	4	14	645	682
1	0	0	15	697	716
1	4	1	16	738	815
1	2	2	17	862	928
2	1	0	18	0	54
2	3	4	19	158	231
2	3	4	20	231	303
2	4	1	21	315	344
2	4	1	22	344	354
2	0	0	23	456	539
2	4	1	24	544	556
2	1	3	25	560	622
2	3	4	26	634	645
2	1	3	27	778	857
3	4	0	28	54	109
3	4	0	29	109	137
3	4	1	30	243	315
3	0	0	31	343	431
3	4	1	32	666	738
4	2	2	33	0	11
4	2	2	34	11	79
4	3	4	35	79	158
4	0	0	36	165	189
4	0	0	37	189	212
4	0	0	38	212	249
4	1	3	39	308	383
4	1	3	40	383	458
4	4	1	41	471	544
4	3	4	42	753	839
5	2	2	43	118	153
5	1	3	44	162	189
5	1	3	45	189	229
5	3	4	46	549	634
5	2	2	47	666	724
5	0	0	48	801	857
6	0	3	49	0	57
6	4	1	50	217	243
6	0	0	51	249	286
6	3	4	52	435	503
6	3	4	53	503	536
6	3	4	54	536	549
6	4	2	55	614	666
6	1	3	56	704	778
6	0	0	57	857	896
7	2	2	58	79	118
7	2	2	59	335	359
7	0	0	60	431	456
7	1	3	61	458	491
7	1	3	62	502	560
7	0	0	63	634	697
7	0	0	64	716	801
7	1	3	65	876	932
8	3	4	66	0	77
8	4	1	67	137	217
8	2	2	68	218	278
8	0	0	69	286	343
8	2	2	70	471	488
8	4	1	71	556	613
8	3	4	72	682	753
8	4	1	73	815	897
9	2	2	74	488	532
9	2	1	75	643	666
9	2	2	76	724	760
9	2	2	77	790	862
9	4	1	78	897	933
10	3	4	79	303	343
10	3	4	80	354	435
10	2	1	81	454	471
10	1	3	82	622	637
10	3	4	83	871	927
11	1	3	84	57	82
11	0	0	85	137	165
11	2	2	86	278	335
11	4	2	87	359	415
11	4	2	88	415	466
11	1	3	89	491	502
11	2	2	90	532	614
11	2	1	91	614	643
11	2	2	92	760	790
11	1	3	93	857	876


Solution History:
