This is the output of Heuristic Solver for Dual resource constrained flexible job shop Scheduling Problem.
Input file is: wfjsp15_9.txt
Method: CP_LBBD_CP_TS
Seed: 1
Number of Jobs: 30
Number of Operations: 369
Number of Machines: 15
Number of Operators: 15
CPU Time: 3600.55
obj: 1302
Best found lower bound:1137
Solver gap (best found lower bound and upper bound difference): Not known


Final Solution:
Job	Machine	Operator	Operation	Start Time	Finish Time
0	4	7	0	84	156
0	6	4	1	533	572
0	12	3	2	572	632
0	2	7	3	680	750
0	10	10	4	755	787
0	2	0	5	1013	1091
0	9	3	6	1091	1150
0	9	3	7	1168	1187
0	3	9	8	1187	1242
0	14	9	9	1242	1299
1	12	14	10	89	172
1	4	0	11	294	369
1	0	13	12	573	644
1	12	3	13	644	693
1	8	5	14	773	797
1	14	13	15	851	908
1	9	2	16	930	943
1	9	1	17	943	1018
1	12	3	18	1031	1054
1	8	8	19	1054	1077
1	8	14	20	1087	1126
1	5	6	21	1179	1229
1	3	2	22	1270	1280
2	2	0	23	0	19
2	7	0	24	24	46
2	7	8	25	76	132
2	8	6	26	191	243
2	11	10	27	261	353
2	5	0	28	369	446
2	3	12	29	854	935
2	3	12	30	935	992
2	3	12	31	992	1056
2	11	11	32	1056	1114
2	2	1	33	1119	1185
2	0	13	34	1201	1215
2	12	10	35	1222	1302
3	5	8	36	27	62
3	4	0	37	63	82
3	2	3	38	121	136
3	12	9	39	296	355
3	8	5	40	797	854
3	8	3	41	897	981
3	9	11	42	1018	1045
3	9	3	43	1054	1073
3	0	9	44	1091	1110
3	3	4	45	1131	1168
3	9	3	46	1187	1225
4	14	4	47	0	87
4	14	0	48	87	128
4	1	13	49	283	307
4	10	1	50	322	398
4	9	11	51	401	436
4	3	6	52	443	506
4	12	7	53	755	780
4	7	8	54	883	914
4	5	6	55	1116	1179
4	6	12	56	1180	1255
5	5	1	57	62	74
5	10	11	58	117	156
5	13	14	59	172	255
5	9	3	60	299	340
5	11	11	61	358	393
5	7	12	62	443	518
5	11	6	63	534	593
5	7	5	64	598	655
5	4	7	65	852	914
5	9	4	66	914	926
5	7	8	67	970	978
5	13	4	68	1005	1032
5	13	4	69	1032	1095
6	8	7	70	35	57
6	5	11	71	82	117
6	8	6	72	131	160
6	10	7	73	241	302
6	6	0	74	446	519
6	0	12	75	519	573
6	4	1	76	573	603
6	1	1	77	607	684
6	5	9	78	706	745
6	9	14	79	770	828
6	6	9	80	927	953
6	2	4	81	953	993
6	6	2	82	1149	1179
6	0	13	83	1185	1201
6	13	14	84	1231	1287
7	8	7	85	0	35
7	11	9	86	59	138
7	3	9	87	222	274
7	12	9	88	274	296
7	10	1	89	302	322
7	13	2	90	371	445
7	3	14	91	542	588
7	13	2	92	607	683
7	3	0	93	706	781
7	3	4	94	794	849
7	1	1	95	853	865
7	8	3	96	865	897
7	10	10	97	1004	1065
7	0	13	98	1114	1185
8	14	5	99	128	212
8	2	3	100	265	299
8	7	5	101	299	359
8	3	6	102	398	443
8	6	4	103	572	597
8	6	14	104	597	687
8	13	2	105	744	796
8	11	6	106	797	852
8	0	13	107	908	982
8	5	8	108	986	996
8	5	8	109	996	1054
8	11	0	110	1148	1204
8	3	12	111	1255	1270
9	1	9	112	422	496
9	9	11	113	496	578
9	5	6	114	675	701
9	8	5	115	745	773
9	5	1	116	786	850
9	12	0	117	875	933
9	4	0	118	1091	1148
9	7	12	119	1149	1180
9	12	7	120	1193	1218
9	5	6	121	1229	1288
10	10	5	122	59	115
10	2	3	123	136	197
10	9	4	124	219	288
10	3	6	125	331	398
10	12	3	126	542	566
10	11	0	127	667	703
10	4	4	128	750	772
10	4	7	129	780	852
10	11	6	130	852	919
10	11	9	131	953	1037
10	5	6	132	1060	1116
10	1	9	133	1116	1180
10	10	8	134	1180	1216
10	7	5	135	1217	1241
10	3	2	136	1280	1296
11	0	6	137	0	54
11	2	3	138	63	121
11	10	7	139	217	241
11	14	11	140	296	358
11	0	2	141	445	514
11	7	0	142	519	598
11	9	8	143	848	883
11	4	1	144	1018	1087
11	14	11	145	1144	1227
11	8	8	146	1263	1300
12	2	9	147	19	48
12	7	2	148	48	76
12	11	10	149	138	207
12	8	5	150	359	433
12	5	8	151	446	504
12	1	2	152	514	542
12	10	1	153	684	696
12	7	8	154	711	771
12	7	5	155	854	881
12	7	2	156	1031	1119
12	11	11	157	1119	1144
13	5	1	158	0	27
13	8	12	159	72	83
13	4	1	160	159	227
13	5	2	161	235	296
13	2	7	162	302	358
13	5	6	163	521	534
13	1	2	164	542	607
13	4	7	165	608	680
13	13	2	166	692	744
13	14	11	167	760	842
13	10	7	168	1065	1168
13	8	2	169	1190	1263
14	1	13	170	148	223
14	0	6	171	243	300
14	4	7	172	369	420
14	10	5	173	433	490
14	10	10	174	490	526
14	5	9	175	534	593
14	14	4	176	634	663
14	11	6	177	703	765
14	10	10	178	950	1004
14	7	2	179	1017	1031
14	14	5	180	1084	1129
14	1	3	181	1225	1301
15	13	2	182	26	43
15	14	5	183	212	296
15	13	2	184	296	371
15	1	10	185	377	386
15	14	13	186	443	513
15	8	8	187	513	570
15	3	9	188	593	652
15	13	2	189	683	692
15	5	2	190	850	909
15	1	10	191	927	950
15	6	14	192	953	980
15	0	9	193	1060	1091
16	11	5	194	0	59
16	8	12	195	83	117
16	6	0	196	130	206
16	2	9	197	358	391
16	11	10	198	393	480
16	13	5	199	500	537
16	13	5	200	537	552
16	2	7	201	552	608
16	11	6	202	614	667
16	14	11	203	676	760
16	7	12	204	774	854
16	2	1	205	875	940
16	1	2	206	950	1017
16	9	1	207	1251	1293
17	0	13	208	72	126
17	7	13	209	132	145
17	5	2	210	148	235
17	13	11	211	261	286
17	13	4	212	445	500
17	3	4	213	506	533
17	8	8	214	598	646
17	1	3	215	693	710
17	0	13	216	712	781
17	2	0	217	856	875
17	4	7	218	961	1012
17	12	7	219	1013	1031
17	12	10	220	1065	1096
17	13	8	221	1096	1140
17	2	1	222	1185	1251
18	0	6	223	54	71
18	3	4	224	89	148
18	3	12	225	148	222
18	6	12	226	278	346
18	6	4	227	346	436
18	9	11	228	436	494
18	12	7	229	499	528
18	9	11	230	578	660
18	14	4	231	663	676
18	4	4	232	680	750
18	2	8	233	786	848
18	0	6	234	986	1060
18	12	10	235	1096	1174
18	11	0	236	1204	1302
19	1	13	237	0	72
19	13	6	238	97	131
19	11	11	239	207	261
19	3	4	240	288	329
19	0	13	241	331	345
19	12	14	242	355	438
19	4	1	243	438	507
19	14	13	244	513	561
19	14	12	245	573	597
19	8	5	246	655	716
19	3	4	247	781	794
20	6	12	248	0	72
20	0	9	249	138	210
20	4	1	250	227	294
20	12	7	251	438	499
20	8	8	252	570	598
20	14	4	253	598	634
20	0	13	254	644	712
20	1	3	255	712	790
20	1	3	256	790	853
20	10	10	257	853	921
20	10	2	258	921	930
20	5	6	259	930	986
20	14	5	260	991	1084
20	6	4	261	1095	1131
20	13	14	262	1167	1231
21	12	10	263	0	63
21	9	4	264	159	219
21	7	8	265	219	289
21	2	3	266	401	479
21	5	6	267	506	521
21	10	10	268	590	626
21	10	1	269	696	739
21	0	13	270	781	851
21	13	11	271	920	1005
21	3	12	272	1056	1124
21	7	2	273	1124	1149
21	13	14	274	1149	1167
21	4	4	275	1168	1227
21	6	11	276	1255	1292
22	4	3	277	0	63
22	6	12	278	224	278
22	9	3	279	340	401
22	2	3	280	479	542
22	3	9	281	652	706
22	12	9	282	780	870
22	13	14	283	870	920
22	4	7	284	937	961
22	6	14	285	980	1049
22	1	13	286	1096	1114
22	12	7	287	1174	1193
23	12	7	288	63	84
23	13	8	289	132	164
23	7	8	290	359	385
23	10	10	291	526	590
23	11	6	292	593	614
23	2	1	293	750	786
23	9	14	294	828	848
23	1	9	295	870	927
23	1	10	296	1180	1222
23	7	5	297	1241	1296
24	13	2	298	0	26
24	10	1	299	27	52
24	6	10	300	72	130
24	6	10	301	207	224
24	8	14	302	255	345
24	1	10	303	353	377
24	0	1	304	418	436
24	11	9	305	496	527
24	7	8	306	655	711
24	6	12	307	711	774
24	10	10	308	787	847
24	14	5	309	908	991
24	4	3	310	1150	1168
24	10	7	311	1218	1244
24	10	7	312	1244	1297
25	3	14	313	0	89
25	7	11	314	156	197
25	12	3	315	198	212
25	12	3	316	212	262
25	0	6	317	300	331
25	14	12	318	358	443
25	2	0	319	608	663
25	13	2	320	796	849
25	8	3	321	996	1028
25	8	7	322	1031	1050
25	6	14	323	1050	1087
25	2	12	324	1270	1282
26	7	8	325	0	24
26	13	6	326	71	97
26	8	6	327	160	191
26	2	0	328	206	265
26	4	7	329	420	434
26	3	14	330	533	542
26	5	6	331	667	675
26	9	14	332	687	770
26	2	1	333	1091	1119
26	7	5	334	1190	1217
27	9	1	335	82	159
27	10	8	336	164	217
27	1	9	337	391	422
27	4	1	338	507	573
27	10	10	339	626	684
27	6	0	340	781	856
27	8	3	341	856	864
27	4	7	342	914	937
27	7	13	343	982	1017
27	14	12	344	1129	1144
27	4	4	345	1227	1301
28	9	11	346	0	82
28	1	2	347	82	148
28	0	13	348	345	418
28	8	14	349	438	505
28	12	10	350	693	755
28	0	4	351	851	907
28	7	8	352	914	970
28	8	3	353	981	996
28	1	13	354	1017	1025
28	1	13	355	1025	1096
28	8	5	356	1129	1190
28	0	13	357	1215	1290
29	12	7	358	172	198
29	1	13	359	223	283
29	5	8	360	296	351
29	7	8	361	385	440
29	13	5	362	552	597
29	5	12	363	597	663
29	9	12	364	663	681
29	8	5	365	716	745
29	11	6	366	765	797
29	6	11	367	856	914
29	12	0	368	933	1013


Solution History:
