This is the output of Heuristic Solver for Dual resource constrained flexible job shop Scheduling Problem.
Input file is: wfjsp6_4.txt
Method: CP_LBBD_CP_TS
Seed: 1
Number of Jobs: 12
Number of Operations: 80
Number of Machines: 5
Number of Operators: 5
CPU Time: 3600.03
obj: 803
Best found lower bound:774
Solver gap (best found lower bound and upper bound difference): Not known


Final Solution:
Job	Machine	Operator	Operation	Start Time	Finish Time
0	1	3	0	174	249
0	4	0	1	286	347
0	2	4	2	365	439
0	1	4	3	468	530
0	3	2	4	646	736
0	4	0	5	772	803
1	2	3	6	100	143
1	0	1	7	175	187
1	4	0	8	377	426
1	4	0	9	426	451
1	1	4	10	453	468
1	4	0	11	495	538
1	0	2	12	547	615
1	0	2	13	615	640
1	1	3	14	644	718
2	0	4	15	0	74
2	0	1	16	196	255
2	1	3	17	402	453
2	2	3	18	484	517
3	4	0	19	0	15
3	3	2	20	65	112
3	4	0	21	112	186
3	0	1	22	187	196
3	0	1	23	285	348
3	0	2	24	348	422
3	2	4	25	439	451
3	3	1	26	476	547
3	2	4	27	715	796
4	1	3	28	0	100
4	0	1	29	124	175
4	4	0	30	186	286
4	0	2	31	479	547
4	3	1	32	547	617
4	0	1	33	674	729
4	4	0	34	755	772
5	3	2	35	0	65
5	2	4	36	74	100
5	2	4	37	144	167
5	3	2	38	285	347
5	3	1	39	348	394
5	0	2	40	422	479
5	2	3	41	542	574
5	2	4	42	662	715
5	0	1	43	729	800
6	2	1	44	0	74
6	3	2	45	112	175
6	4	0	46	347	377
6	0	1	47	646	674
6	3	2	48	736	801
7	1	3	49	144	174
7	3	2	50	175	226
7	0	1	51	255	285
7	1	3	52	306	402
7	4	0	53	451	495
7	2	3	54	517	531
7	1	4	55	543	574
7	2	4	56	574	662
7	4	0	57	744	755
8	4	0	58	15	86
8	1	4	59	100	144
8	3	2	60	226	285
8	2	4	61	317	365
8	2	3	62	453	484
8	1	4	63	530	543
8	3	1	64	617	646
8	4	0	65	691	744
9	1	3	66	249	306
9	3	1	67	437	476
9	4	0	68	538	573
9	4	0	69	573	629
9	4	0	70	629	691
9	1	3	71	769	803
10	0	1	72	74	124
10	2	4	73	167	243
10	3	1	74	394	437
10	2	3	75	531	542
10	1	3	76	574	644
10	1	3	77	718	769
11	4	0	78	86	112
11	2	4	79	243	317


Solution History:
