This is the output of Heuristic Solver for Dual resource constrained flexible job shop Scheduling Problem.
Input file is: wfjsp8_9.txt
Method: CP_LBBD_CP_TS
Seed: 1
Number of Jobs: 15
Number of Operations: 107
Number of Machines: 5
Number of Operators: 5
CPU Time: 3600.04
obj: 1045
Best found lower bound:995
Solver gap (best found lower bound and upper bound difference): Not known


Final Solution:
Job	Machine	Operator	Operation	Start Time	Finish Time
0	1	2	0	0	87
0	2	3	1	387	426
0	1	2	2	468	535
0	1	1	3	747	804
0	0	3	4	1016	1045
1	2	1	5	9	87
1	0	4	6	123	183
1	3	1	7	189	208
1	3	1	8	208	265
1	2	1	9	265	323
1	2	3	10	426	510
1	4	0	11	711	789
1	0	3	12	949	1016
2	4	0	13	0	36
2	0	4	14	60	81
2	3	1	15	492	548
2	4	0	16	596	611
2	0	4	17	666	754
2	1	1	18	804	823
2	1	1	19	823	842
2	0	3	20	915	949
3	0	4	21	81	123
3	2	1	22	356	368
3	0	1	23	427	446
3	0	1	24	446	465
3	3	1	25	548	604
3	2	2	26	839	893
4	3	1	27	112	189
4	3	4	28	364	449
4	1	2	29	535	632
4	1	2	30	632	693
4	2	2	31	982	1044
5	3	4	32	0	60
5	1	2	33	114	180
5	1	2	34	180	193
5	4	0	35	220	295
5	2	1	36	323	356
5	2	1	37	917	936
5	2	1	38	936	949
5	3	1	39	985	1043
6	4	0	40	109	167
6	1	2	41	193	284
6	3	3	42	287	314
6	3	3	43	314	336
6	2	3	44	368	387
6	0	4	45	492	529
6	2	3	46	546	587
6	4	0	47	611	675
6	3	3	48	757	807
6	3	4	49	923	945
7	2	3	50	175	264
7	3	4	51	336	364
7	1	2	52	371	432
7	0	1	53	465	491
7	4	0	54	507	532
7	4	0	55	532	596
7	0	3	56	808	879
7	4	0	57	886	902
7	1	2	58	917	944
8	4	0	59	36	109
8	4	0	60	167	220
8	1	2	61	432	468
8	0	4	62	529	611
8	0	4	63	611	666
8	2	2	64	747	811
8	4	0	65	902	964
8	1	4	66	1031	1044
9	2	1	67	0	9
9	0	3	68	336	365
9	3	4	69	808	868
9	2	2	70	893	917
9	2	2	71	949	982
10	2	2	72	87	114
10	2	3	73	114	175
10	1	2	74	284	371
10	4	0	75	371	425
10	2	3	76	510	546
10	2	1	77	616	692
10	2	2	78	693	747
10	0	4	79	754	808
10	2	2	80	811	839
10	3	1	81	949	985
11	3	3	82	82	112
11	2	3	83	587	602
11	3	3	84	604	662
11	0	3	85	879	915
11	1	4	86	945	1031
12	0	3	87	0	55
12	3	3	88	60	82
12	3	3	89	265	287
12	4	0	90	295	369
12	4	0	91	675	711
12	4	0	92	789	886
13	0	4	93	183	271
13	3	4	94	449	492
13	2	1	95	604	616
13	3	3	96	662	696
13	3	3	97	696	757
13	1	1	98	842	917
13	4	0	99	964	1043
14	1	1	100	87	112
14	0	4	101	271	333
14	0	1	102	368	408
14	0	1	103	408	427
14	4	0	104	427	507
14	1	1	105	693	747
14	3	4	106	868	923


Solution History:
