This is the output of Heuristic Solver for Dual resource constrained flexible job shop Scheduling Problem.
Input file is: wfjsp7_2.txt
Method: CP_LBBD_CP_TS
Seed: 1
Number of Jobs: 12
Number of Operations: 100
Number of Machines: 5
Number of Operators: 5
CPU Time: 3600.03
obj: 1037
Best found lower bound:983
Solver gap (best found lower bound and upper bound difference): Not known


Final Solution:
Job	Machine	Operator	Operation	Start Time	Finish Time
0	4	1	0	0	78
0	3	0	1	89	161
0	0	2	2	215	234
0	0	4	3	638	676
0	0	4	4	727	743
1	1	3	5	249	273
1	4	1	6	285	359
1	3	0	7	378	387
1	3	0	8	387	460
1	1	3	9	476	516
1	0	2	10	541	595
1	1	3	11	687	703
1	0	4	12	743	808
1	1	0	13	817	884
2	3	3	14	164	232
2	0	4	15	358	423
2	0	4	16	423	456
2	1	3	17	516	560
2	2	0	18	630	649
2	3	0	19	649	704
2	1	0	20	704	784
2	3	3	21	793	874
2	4	1	22	912	965
2	3	3	23	965	1037
3	2	4	24	182	247
3	0	2	25	330	347
3	0	2	26	347	358
3	1	3	27	389	476
3	0	4	28	521	541
3	2	0	29	556	630
3	3	3	30	704	793
3	1	0	31	921	938
3	4	1	32	965	1037
4	4	1	33	78	155
4	4	1	34	155	207
4	2	4	35	247	272
4	0	2	36	276	330
4	1	3	37	353	389
4	0	4	38	456	521
4	4	1	39	777	857
4	1	0	40	884	907
4	1	0	41	907	921
4	1	0	42	989	1018
5	3	0	43	73	89
5	0	2	44	234	276
5	2	2	45	381	456
5	1	3	46	560	600
5	2	2	47	788	875
5	2	2	48	875	961
6	3	0	49	235	304
6	4	1	50	359	393
6	4	1	51	482	549
6	0	4	52	676	713
6	4	1	53	747	777
6	1	0	54	784	817
6	0	4	55	871	921
6	0	4	56	921	945
6	2	4	57	962	1026
7	0	2	58	0	68
7	0	2	59	68	79
7	2	4	60	149	182
7	1	0	61	184	235
7	1	3	62	273	353
7	3	4	63	580	638
7	0	2	64	962	1032
8	3	0	65	0	54
8	3	0	66	54	73
8	1	3	67	80	164
8	1	3	68	235	249
8	3	0	69	304	378
8	0	4	70	713	727
8	2	2	71	734	788
8	4	1	72	857	912
8	1	0	73	938	989
9	2	4	74	0	61
9	2	4	75	61	149
9	0	2	76	158	215
9	4	1	77	393	457
9	3	0	78	460	543
9	2	0	79	543	556
9	4	1	80	598	647
9	4	1	81	647	693
9	4	1	82	693	747
9	0	4	83	945	962
10	4	1	84	207	285
10	2	2	85	358	381
10	4	1	86	457	482
10	3	4	87	543	580
10	0	2	88	595	626
10	2	2	89	649	734
10	0	4	90	808	871
11	1	3	91	0	80
11	0	2	92	80	147
11	0	2	93	147	158
11	1	0	94	164	184
11	2	4	95	272	356
11	2	2	96	456	526
11	4	1	97	549	598
11	1	3	98	600	687
11	3	3	99	874	963


Solution History:
