This is the output of Heuristic Solver for Dual resource constrained flexible job shop Scheduling Problem.
Input file is: wfjsp14_8.txt
Method: CP_LBBD_CP_TS
Seed: 1
Number of Jobs: 30
Number of Operations: 223
Number of Machines: 15
Number of Operators: 15
CPU Time: 3600.24
obj: 783
Best found lower bound:686
Solver gap (best found lower bound and upper bound difference): Not known


Final Solution:
Job	Machine	Operator	Operation	Start Time	Finish Time
0	6	10	0	50	75
0	11	5	1	75	138
0	13	2	2	138	164
0	1	12	3	205	270
0	6	0	4	694	767
1	1	14	5	113	166
1	10	0	6	209	265
1	3	1	7	321	332
1	11	8	8	355	397
1	10	1	9	397	451
1	1	12	10	451	478
1	8	10	11	478	560
1	4	2	12	731	739
2	14	13	13	0	80
2	7	7	14	123	145
2	4	9	15	166	221
2	3	11	16	229	297
2	14	5	17	318	348
2	8	3	18	360	416
2	1	14	19	639	685
3	10	7	20	0	49
3	14	10	21	105	150
3	0	13	22	181	231
3	9	6	23	264	316
3	7	0	24	327	386
3	0	9	25	387	470
3	6	11	26	488	560
3	4	3	27	560	627
3	8	10	28	639	705
3	2	1	29	710	783
4	4	2	30	0	61
4	5	1	31	113	173
4	2	11	32	176	229
4	2	10	33	229	261
4	1	7	34	287	371
4	5	7	35	467	549
4	4	4	36	739	766
5	7	0	37	22	46
5	2	10	38	261	327
5	2	6	39	378	388
5	3	11	40	415	480
5	3	4	41	499	527
5	12	1	42	542	550
5	6	5	43	602	643
5	13	5	44	702	740
6	12	10	45	0	50
6	10	4	46	310	393
6	2	6	47	393	431
6	13	14	48	431	482
6	0	13	49	573	625
6	0	11	50	702	777
7	1	7	51	274	287
7	4	12	52	324	339
7	9	5	53	353	390
7	6	0	54	434	488
7	10	9	55	546	561
7	5	10	56	561	627
8	4	12	57	64	113
8	3	14	58	339	415
8	11	7	59	432	467
8	1	6	60	479	563
8	1	6	61	563	625
8	7	0	62	625	649
8	4	12	63	680	697
8	9	5	64	740	782
9	1	12	65	0	64
9	5	14	66	173	187
9	7	6	67	237	259
9	10	4	68	273	310
9	0	13	69	310	357
9	12	4	70	393	441
9	7	8	71	461	478
9	11	12	72	478	545
9	13	7	73	740	778
10	1	1	74	80	112
10	7	6	75	205	237
10	13	2	76	237	264
10	7	0	77	265	327
10	3	4	78	614	658
10	13	11	79	676	702
10	5	6	80	709	783
11	9	5	81	0	24
11	0	13	82	85	150
11	14	0	83	150	209
11	6	9	84	221	301
11	12	9	85	307	387
11	12	4	86	441	483
11	13	2	87	483	554
11	2	9	88	576	629
12	11	3	89	0	75
12	9	6	90	86	138
12	3	5	91	151	222
12	5	14	92	260	339
12	4	2	93	353	413
12	4	3	94	538	555
12	0	13	95	625	691
12	14	13	96	709	781
13	0	9	97	0	85
13	4	12	98	113	162
13	11	8	99	194	266
13	8	3	100	302	360
13	14	13	101	466	544
13	11	8	102	614	696
13	7	3	103	703	767
14	3	8	104	69	151
14	1	6	105	176	205
14	6	4	106	205	221
14	14	5	107	252	318
14	0	13	108	544	573
14	3	14	109	592	613
14	2	9	110	643	695
14	8	10	111	705	777
15	12	4	112	50	87
15	12	4	113	137	201
15	8	3	114	249	302
15	9	5	115	390	474
15	12	9	116	483	535
15	14	12	117	545	624
15	2	9	118	629	643
15	12	2	119	668	731
15	6	0	120	767	783
16	2	6	121	0	68
16	1	12	122	371	435
16	14	13	123	436	466
16	9	5	124	474	555
16	6	5	125	560	602
16	7	7	126	649	703
17	5	14	127	0	45
17	9	6	128	68	86
17	2	6	129	146	176
17	8	3	130	194	249
17	7	8	131	397	461
17	4	3	132	474	538
17	7	0	133	546	608
17	13	11	134	613	676
17	9	7	135	710	737
17	3	14	136	737	783
18	6	4	137	0	24
18	8	8	138	24	63
18	0	13	139	231	259
18	6	11	140	301	351
18	6	11	141	351	371
18	13	11	142	381	414
18	8	3	143	416	474
18	12	2	144	739	770
19	7	8	145	151	194
19	13	2	146	264	325
19	5	1	147	339	396
19	4	2	148	413	474
19	2	8	149	563	576
19	11	8	150	696	777
20	7	0	151	0	22
20	5	14	152	45	113
20	9	7	153	145	195
20	3	1	154	307	321
20	5	10	155	396	464
21	8	8	156	0	9
21	13	2	157	80	136
21	8	3	158	136	194
21	2	10	159	327	378
21	12	7	160	550	633
21	5	3	161	642	669
21	4	14	162	697	714
21	10	9	163	717	783
22	1	2	164	64	80
22	6	9	165	85	166
22	11	12	166	166	193
22	0	13	167	259	309
22	6	11	168	371	381
22	0	14	169	482	540
22	11	4	170	545	614
22	3	5	171	658	695
23	10	0	172	49	101
23	12	7	173	201	274
23	13	6	174	325	370
23	10	0	175	488	546
23	10	2	176	605	619
24	7	7	177	49	123
24	13	2	178	164	219
24	4	4	179	221	273
24	11	8	180	273	355
24	3	4	181	483	499
24	8	8	182	576	611
24	8	14	183	613	639
24	12	2	184	639	668
24	9	1	185	675	710
25	12	4	186	87	137
25	7	1	187	194	202
25	14	5	188	222	252
25	11	7	189	397	432
25	10	1	190	451	478
25	2	8	191	479	563
25	6	0	192	649	694
26	14	10	193	80	105
26	10	0	194	105	150
26	0	13	195	150	181
26	4	12	196	273	324
26	2	6	197	431	450
26	2	6	198	450	479
26	10	2	199	561	605
26	14	6	200	625	709
27	13	11	201	0	53
27	8	3	202	84	133
27	9	1	203	202	264
27	12	1	204	274	307
27	9	2	205	325	353
27	14	13	206	357	436
27	3	14	207	540	592
27	5	3	208	627	642
27	1	12	209	697	765
28	9	5	210	24	60
28	2	11	211	68	146
28	10	10	212	150	204
28	7	1	213	478	542
28	13	11	214	560	613
28	9	1	215	613	675
29	3	1	216	0	69
29	8	3	217	75	84
29	5	14	218	187	260
29	6	0	219	386	434
29	9	1	220	555	612
29	4	12	221	627	680
29	10	4	222	680	717


Solution History:
