This is the output of Heuristic Solver for Dual resource constrained flexible job shop Scheduling Problem.
Input file is: wfjsp8_2.txt
Method: CP_LBBD_CP_TS
Seed: 1
Number of Jobs: 15
Number of Operations: 123
Number of Machines: 5
Number of Operators: 5
CPU Time: 3601.09
obj: 1257
Best found lower bound:1209
Solver gap (best found lower bound and upper bound difference): Not known


Final Solution:
Job	Machine	Operator	Operation	Start Time	Finish Time
0	2	4	0	582	666
0	3	0	1	886	958
0	2	0	2	1119	1138
0	0	2	3	1206	1241
0	0	2	4	1241	1256
1	1	0	5	0	20
1	3	0	6	135	203
1	0	2	7	336	344
1	1	3	8	413	492
1	3	0	9	539	579
1	2	2	10	795	845
1	1	0	11	871	886
1	0	4	12	1054	1119
1	4	1	13	1189	1256
2	4	1	14	74	130
2	0	2	15	167	239
2	0	2	16	239	269
2	4	1	17	292	339
2	0	2	18	344	361
2	0	2	19	407	464
2	0	2	20	464	543
2	3	0	21	667	750
2	4	1	22	752	805
2	1	4	23	1192	1256
3	1	3	24	20	87
3	3	0	25	105	123
3	3	0	26	123	135
3	3	0	27	203	296
3	4	1	28	457	483
3	4	1	29	672	752
3	3	3	30	790	879
3	3	0	31	1006	1025
3	0	2	32	1119	1187
4	4	1	33	163	240
4	4	1	34	240	292
4	2	4	35	374	399
4	3	0	36	427	479
4	1	0	37	825	859
4	0	4	38	892	957
4	4	1	39	1037	1117
4	0	2	40	1187	1206
4	2	0	41	1212	1227
4	2	0	42	1227	1257
5	3	3	43	0	17
5	3	0	44	385	427
5	2	2	45	666	741
5	3	3	46	750	790
5	2	2	47	930	1017
5	2	2	48	1017	1103
6	2	4	49	190	252
6	2	4	50	252	286
6	4	1	51	352	419
6	4	1	52	419	457
6	3	0	53	479	504
6	3	0	54	504	539
6	0	2	55	543	590
6	0	2	56	590	609
6	4	1	57	1117	1189
7	2	4	58	16	77
7	3	0	59	93	105
7	4	1	60	130	163
7	3	0	61	330	385
7	1	3	62	559	639
7	1	3	63	973	1026
7	2	0	64	1138	1212
8	3	0	65	20	74
8	3	0	66	74	93
8	1	3	67	238	322
8	1	3	68	492	506
8	3	0	69	579	653
8	3	0	70	653	667
8	2	2	71	741	795
8	0	4	72	832	892
8	3	0	73	958	1006
9	2	4	74	77	138
9	2	4	75	286	374
9	1	3	76	506	559
9	0	2	77	609	665
9	0	4	78	739	832
9	1	0	79	859	871
9	4	1	80	875	924
9	4	1	81	924	970
9	3	3	82	1131	1187
9	3	3	83	1236	1254
10	0	2	84	0	82
10	2	4	85	138	162
10	1	3	86	216	238
10	3	0	87	296	330
10	2	4	88	399	435
10	2	2	89	845	930
10	0	4	90	991	1054
11	1	3	91	136	216
11	0	2	92	269	336
11	4	1	93	339	352
11	1	3	94	389	413
11	2	4	95	435	519
11	2	4	96	519	582
11	4	1	97	623	672
11	1	3	98	886	973
11	1	0	99	1026	1119
12	4	1	100	0	19
12	0	2	101	100	167
12	1	3	102	322	389
12	4	1	103	483	536
12	0	4	104	666	739
12	1	0	105	750	825
12	0	4	106	957	991
12	3	3	107	1026	1075
12	1	4	108	1119	1192
13	4	1	109	19	74
13	1	3	110	87	136
13	2	4	111	162	190
13	0	2	112	361	407
13	4	1	113	805	875
13	4	1	114	970	1037
13	2	2	115	1103	1116
14	2	4	116	0	16
14	0	2	117	82	100
14	4	1	118	536	623
14	1	3	119	639	719
14	1	3	120	719	750
14	3	3	121	1075	1131
14	3	3	122	1187	1236


Solution History:
