This is the output of Heuristic Solver for Dual resource constrained flexible job shop Scheduling Problem.
Input file is: wfjsp7_8.txt
Method: CP_LBBD_CP_TS
Seed: 1
Number of Jobs: 12
Number of Operations: 89
Number of Machines: 5
Number of Operators: 5
CPU Time: 3600.03
obj: 885
Best found lower bound:848
Solver gap (best found lower bound and upper bound difference): Not known


Final Solution:
Job	Machine	Operator	Operation	Start Time	Finish Time
0	1	0	0	345	369
0	4	4	1	396	459
0	3	1	2	572	603
0	1	0	3	646	700
0	2	3	4	764	834
1	2	3	5	0	61
1	1	0	6	86	142
1	1	0	7	197	209
1	1	0	8	209	260
1	4	4	9	342	396
1	4	1	10	547	572
1	3	2	11	682	769
1	0	1	12	809	817
2	3	2	13	45	133
2	0	1	14	217	235
2	1	0	15	287	345
2	2	3	16	442	511
2	4	1	17	521	547
2	4	1	18	682	738
2	4	4	19	739	784
3	3	2	20	0	45
3	4	4	21	50	91
3	1	0	22	142	197
3	4	4	23	228	279
3	2	3	24	282	345
3	0	1	25	362	450
3	0	1	26	450	519
3	2	3	27	620	687
3	1	0	28	749	811
3	0	1	29	817	885
4	1	0	30	25	86
4	2	3	31	124	191
4	3	2	32	196	257
4	3	2	33	257	292
4	3	2	34	465	555
4	0	4	35	573	670
4	0	4	36	670	695
5	0	1	37	235	260
5	2	3	38	375	442
5	4	4	39	510	521
5	2	3	40	554	620
5	4	2	41	644	673
5	4	2	42	673	682
5	1	0	43	700	749
5	4	4	44	784	825
6	4	1	45	0	50
6	4	4	46	91	188
6	4	4	47	188	228
6	4	4	48	296	342
6	2	3	49	704	764
6	1	0	50	811	883
7	2	3	51	191	202
7	4	4	52	279	296
7	1	0	53	369	416
7	1	0	54	416	470
7	3	2	55	555	572
7	1	0	56	574	646
8	0	4	57	0	50
8	2	3	58	61	124
8	0	1	59	174	217
8	0	1	60	260	344
8	3	1	61	603	658
8	3	1	62	658	682
8	0	4	63	720	739
8	3	2	64	832	879
9	0	1	65	109	174
9	3	2	66	292	306
9	0	1	67	344	362
9	3	2	68	392	438
9	4	4	69	459	510
9	0	4	70	521	573
9	2	3	71	687	704
9	3	2	72	769	832
9	2	3	73	834	881
10	1	0	74	260	287
10	2	3	75	345	375
10	3	2	76	438	465
10	1	0	77	470	528
10	1	0	78	528	574
10	0	4	79	695	720
10	0	1	80	739	809
11	1	0	81	0	25
11	0	1	82	50	109
11	3	2	83	133	196
11	2	3	84	202	282
11	3	2	85	306	392
11	2	3	86	511	554
11	4	2	87	572	644
11	4	4	88	825	885


Solution History:
