This is the output of Heuristic Solver for Dual resource constrained flexible job shop Scheduling Problem.
Input file is: Dauzere_03a.txt
Method: TSN1_100000000_0.314927_5
Seed: 1
Number of Jobs: 10
Number of Operations: 196
Number of Machines: 5
Number of Operators: 4
CPU Time: 18.9017
obj: 3004
Best found lower bound:0
Solver gap (best found lower bound and upper bound difference): Not known


Final Solution:
Job	Machine	Operator	Operation	Start Time	Finish Time
0	0	3	0	0	43
0	2	2	1	103	169
0	2	2	2	169	195
0	3	1	3	264	283
0	0	0	4	460	559
0	1	1	5	559	583
0	1	1	6	583	649
0	4	3	7	719	749
0	4	0	8	773	862
0	1	1	9	900	923
0	2	0	10	938	1004
0	4	3	11	1132	1165
0	4	3	12	1428	1442
0	4	3	13	1442	1507
0	3	1	14	1562	1656
1	2	2	15	61	103
1	1	1	16	174	264
1	3	1	17	363	426
1	0	0	18	632	684
1	0	3	19	797	892
1	0	0	20	1078	1154
1	0	0	21	1577	1608
1	1	1	22	1817	1914
1	0	0	23	2000	2011
1	0	0	24	2011	2031
1	2	0	25	2031	2124
1	2	2	26	2156	2179
1	3	1	27	2192	2270
1	2	2	28	2365	2408
1	2	2	29	2408	2478
1	4	3	30	2508	2562
1	3	1	31	2562	2620
1	0	0	32	2691	2735
1	2	2	33	2752	2804
1	2	0	34	2910	2979
2	3	1	35	95	174
2	3	1	36	283	363
2	2	2	37	398	484
2	2	2	38	484	529
2	1	1	39	799	900
2	2	0	40	1004	1078
2	1	3	41	1165	1190
2	0	3	42	1190	1285
2	3	1	43	1361	1434
2	1	3	44	1562	1609
2	3	1	45	1656	1720
2	0	3	46	1846	1901
2	4	3	47	1901	1937
2	1	1	48	1976	2071
2	1	1	49	2071	2110
2	1	1	50	2110	2176
2	2	2	51	2179	2253
2	0	0	52	2439	2503
2	2	2	53	2592	2652
2	4	0	54	2775	2803
2	0	3	55	2815	2839
2	4	3	56	2839	2877
2	3	2	57	2924	3001
3	4	0	58	192	273
3	2	2	59	326	398
3	4	3	60	577	646
3	0	3	61	749	797
3	4	3	62	1072	1132
3	4	0	63	1180	1246
3	4	0	64	1246	1318
3	2	2	65	1412	1508
3	3	2	66	1508	1538
3	2	2	67	1709	1776
3	4	0	68	1876	1893
3	0	3	69	2080	2144
3	3	1	70	2270	2304
3	3	1	71	2304	2400
3	3	1	72	2400	2437
3	0	0	73	2609	2691
3	0	0	74	2735	2775
3	2	2	75	2804	2870
4	3	1	76	0	95
4	0	0	77	327	395
4	4	3	78	483	577
4	2	0	79	589	632
4	1	1	80	649	688
4	4	0	81	862	916
4	3	2	82	938	1036
4	3	1	83	1139	1186
4	4	0	84	1318	1402
4	3	1	85	1434	1472
4	1	1	86	1720	1817
4	3	2	87	1826	1890
4	0	0	88	1901	2000
4	3	2	89	2008	2056
4	3	2	90	2056	2088
4	0	3	91	2144	2209
4	1	3	92	2209	2310
4	0	0	93	2370	2439
4	4	3	94	2441	2508
4	0	0	95	2508	2609
4	3	1	96	2879	2924
5	0	3	97	171	274
5	1	3	98	321	393
5	3	2	99	543	629
5	4	3	100	646	719
5	4	0	101	749	773
5	1	1	102	773	799
5	1	1	103	1068	1100
5	0	0	104	1154	1180
5	1	1	105	1261	1361
5	1	1	106	1472	1562
5	4	0	107	1691	1764
5	1	1	108	2176	2192
5	0	0	109	2281	2370
5	4	3	110	2725	2763
5	1	1	111	2924	2997
6	0	3	112	43	86
6	4	0	113	86	192
6	0	3	114	395	421
6	3	1	115	426	465
6	2	2	116	842	938
6	2	2	117	1128	1208
6	0	3	118	1336	1428
6	0	0	119	1608	1657
6	0	0	120	1657	1691
6	3	2	121	1776	1826
6	1	1	122	1914	1976
6	4	0	123	2124	2183
6	4	0	124	2183	2281
6	1	1	125	2441	2517
6	4	3	126	2562	2645
6	1	1	127	2776	2786
6	2	2	128	2870	2906
7	2	2	129	0	61
7	0	0	130	274	327
7	4	0	131	395	414
7	0	0	132	684	739
7	1	1	133	923	1017
7	2	2	134	1078	1128
7	0	0	135	1471	1547
7	0	0	136	1547	1577
7	2	2	137	1619	1668
7	0	3	138	1707	1763
7	4	0	139	1764	1801
7	2	0	140	1801	1876
7	2	2	141	1890	1930
7	4	3	142	1937	2010
7	3	2	143	2088	2156
7	2	2	144	2320	2365
7	1	3	145	2420	2441
7	1	1	146	2517	2547
7	2	2	147	2547	2592
7	1	1	148	2620	2714
7	1	1	149	2714	2776
7	0	3	150	2776	2815
7	0	0	151	2839	2910
7	0	3	152	2931	2953
7	4	0	153	2979	3004
8	4	0	154	0	65
8	2	2	155	195	255
8	2	2	156	255	326
8	0	0	157	421	460
8	3	2	158	629	677
8	1	1	159	688	770
8	3	2	160	796	842
8	0	3	161	892	977
8	1	1	162	1017	1068
8	3	1	163	1186	1261
8	2	2	164	1291	1330
8	2	2	165	1330	1412
8	0	0	166	1428	1471
8	2	2	167	1538	1619
8	4	3	168	1643	1687
8	1	3	169	1687	1707
8	2	2	170	2253	2320
8	1	3	171	2320	2420
8	2	2	172	2478	2500
8	2	2	173	2500	2535
8	3	2	174	2652	2752
8	1	1	175	2786	2879
8	0	3	176	2953	3001
9	1	3	177	86	171
9	1	3	178	274	321
9	4	3	179	421	483
9	3	1	180	483	543
9	0	0	181	559	589
9	2	2	182	677	740
9	2	2	183	740	796
9	4	3	184	977	1072
9	1	1	185	1100	1139
9	2	2	186	1208	1291
9	0	3	187	1291	1336
9	1	3	188	1609	1643
9	2	2	189	1668	1709
9	0	3	190	1763	1846
9	2	2	191	1930	2008
9	4	3	192	2010	2080
9	4	3	193	2645	2725
9	4	0	194	2803	2826
9	4	3	195	2877	2931


Solution History:
