This is the output of Heuristic Solver for Dual resource constrained flexible job shop Scheduling Problem.
Input file is: Dauzere_07a.txt
Method: TSN1_100000000_1.119183_5
Seed: 3
Number of Jobs: 15
Number of Operations: 293
Number of Machines: 8
Number of Operators: 6
CPU Time: 67.1649
obj: 3158
Best found lower bound:0
Solver gap (best found lower bound and upper bound difference): Not known


Final Solution:
Job	Machine	Operator	Operation	Start Time	Finish Time
0	3	1	0	398	422
0	7	4	1	622	685
0	0	2	2	749	782
0	3	2	3	784	870
0	6	3	4	1196	1222
0	2	3	5	1222	1288
0	7	5	6	1694	1726
0	3	2	7	1756	1768
0	7	5	8	1867	1933
0	5	2	9	2091	2185
0	0	2	10	2415	2457
0	4	5	11	2519	2613
0	4	5	12	2789	2855
0	3	2	13	2983	3031
0	0	0	14	3031	3122
1	5	2	15	0	73
1	5	4	16	239	272
1	2	3	17	599	696
1	6	4	18	793	810
1	2	3	19	907	933
1	0	0	20	933	1026
1	6	3	21	1026	1047
1	7	5	22	1047	1128
1	4	5	23	1172	1210
1	6	4	24	1426	1497
1	3	2	25	1497	1547
1	2	3	26	1587	1645
1	2	3	27	1763	1801
1	1	1	28	1801	1857
1	0	0	29	1908	1980
1	5	2	30	2001	2081
1	6	4	31	2081	2164
1	5	2	32	2537	2626
1	6	4	33	2659	2701
1	2	3	34	2745	2843
2	0	0	35	216	293
2	0	0	36	293	317
2	5	2	37	339	431
2	4	0	38	703	783
2	4	5	39	910	957
2	2	3	40	957	1021
2	5	2	41	1122	1175
2	4	5	42	1210	1251
2	5	4	43	1262	1359
2	7	5	44	1359	1395
2	4	5	45	1469	1530
2	1	1	46	1664	1735
2	2	3	47	1801	1862
2	3	1	48	1928	1984
2	4	5	49	1984	2016
2	1	1	50	2159	2184
2	1	1	51	2184	2226
2	6	3	52	2256	2332
2	1	1	53	2400	2478
2	1	1	54	2478	2548
2	0	0	55	2717	2789
2	6	4	56	2871	2918
2	2	3	57	3033	3095
3	6	3	58	0	63
3	5	2	59	73	145
3	6	3	60	229	323
3	4	5	61	512	544
3	3	1	62	545	608
3	1	3	63	696	717
3	1	1	64	784	848
3	5	4	65	1359	1394
3	5	3	66	1406	1504
3	6	4	67	1886	1921
3	4	0	68	2243	2325
3	0	0	69	2519	2559
3	0	0	70	2559	2622
3	0	0	71	2622	2717
3	4	5	72	2717	2789
3	5	2	73	2892	2983
3	1	1	74	2983	3026
3	6	4	75	3082	3117
4	4	0	76	0	54
4	7	4	77	60	152
4	4	5	78	270	313
4	4	5	79	313	400
4	4	5	80	659	703
4	7	5	81	703	800
4	4	5	82	841	910
4	5	2	83	1016	1122
4	1	3	84	1122	1168
4	6	3	85	1168	1196
4	7	4	86	1200	1262
4	4	0	87	1262	1359
4	4	0	88	1359	1428
4	5	4	89	1628	1690
4	4	0	90	1714	1812
4	6	4	91	2009	2057
4	5	4	92	2272	2374
4	3	1	93	2548	2616
4	1	1	94	2655	2745
4	6	4	95	2918	2990
4	4	5	96	2990	3009
5	3	2	97	239	268
5	3	1	98	422	457
5	6	4	99	1001	1024
5	0	0	100	1112	1212
5	1	1	101	1458	1552
5	7	5	102	1552	1622
5	5	3	103	1744	1763
5	3	2	104	1788	1878
5	1	1	105	1892	1928
5	7	4	106	1933	2009
5	2	3	107	2030	2077
5	2	3	108	2156	2256
5	5	2	109	2386	2412
5	6	4	110	2784	2819
5	5	2	111	3031	3123
6	4	5	112	106	182
6	2	3	113	323	419
6	1	3	114	445	497
6	5	3	115	497	535
6	5	3	116	793	844
6	3	2	117	948	1016
6	3	1	118	1308	1370
6	4	0	119	1539	1637
6	2	3	120	1862	1935
6	0	0	121	1980	2059
6	5	2	122	2081	2091
6	4	0	123	2105	2137
6	7	5	124	2137	2196
6	3	2	125	2331	2386
6	4	5	126	2613	2636
6	3	2	127	2759	2815
6	4	5	128	2855	2947
7	4	5	129	54	106
7	6	4	130	152	229
7	7	5	131	400	433
7	3	2	132	608	660
7	0	2	133	695	749
7	4	5	134	800	841
7	3	2	135	870	948
7	3	1	136	1037	1073
7	7	4	137	1129	1200
7	7	5	138	1262	1334
7	3	2	139	1716	1756
7	7	5	140	1813	1833
7	4	5	141	1833	1867
7	2	3	142	1935	1980
7	7	5	143	2016	2112
7	0	0	144	2137	2203
7	4	5	145	2203	2243
7	0	2	146	2256	2325
7	1	1	147	2331	2355
7	6	4	148	2374	2400
7	6	4	149	2400	2468
7	2	3	150	2617	2678
7	0	0	151	2854	2922
7	7	5	152	2947	2984
7	1	1	153	3026	3071
8	3	1	154	0	82
8	0	0	155	101	146
8	4	5	156	182	270
8	1	1	157	278	332
8	7	5	158	544	622
8	5	2	159	660	695
8	7	4	160	829	913
8	6	4	161	913	959
8	4	0	162	1035	1112
8	7	5	163	1426	1469
8	3	2	164	1469	1491
8	0	2	165	1547	1614
8	6	3	166	1645	1744
8	0	2	167	1768	1788
8	7	5	168	2243	2279
8	2	3	169	2332	2434
8	6	4	170	2492	2583
8	5	2	171	2626	2672
8	3	2	172	2672	2759
8	5	2	173	2815	2856
8	0	0	174	2963	3021
8	6	4	175	3021	3082
8	0	0	176	3122	3155
9	3	1	177	82	148
9	2	3	178	158	217
9	6	4	179	415	511
9	4	0	180	544	579
9	4	0	181	579	659
9	6	4	182	1047	1092
9	6	4	183	1092	1129
9	3	2	184	1244	1287
9	0	2	185	1381	1467
9	0	0	186	1467	1539
9	5	4	187	1558	1628
9	4	0	188	1637	1714
9	1	1	189	1735	1758
9	2	3	190	1980	2030
9	5	4	191	2256	2272
9	1	1	192	2355	2400
9	6	4	193	2468	2492
9	5	4	194	2701	2784
9	2	3	195	2843	2938
10	7	4	196	0	60
10	5	2	197	145	239
10	3	1	198	339	398
10	3	2	199	457	545
10	1	1	200	608	671
10	5	3	201	844	907
10	1	1	202	941	1037
10	3	1	203	1073	1125
10	3	1	204	1370	1458
10	7	5	205	1622	1694
10	6	4	206	1744	1790
10	0	0	207	1812	1908
10	5	2	208	1908	2001
10	4	0	209	2483	2519
10	6	4	210	2583	2659
10	2	3	211	2727	2745
10	3	1	212	2815	2878
10	5	4	213	2990	3006
10	2	3	214	3095	3158
11	3	1	215	170	194
11	7	4	216	272	363
11	2	3	217	419	445
11	0	0	218	445	535
11	0	2	219	545	598
11	3	1	220	671	721
11	3	1	221	721	784
11	7	4	222	1024	1040
11	5	2	223	1175	1243
11	2	3	224	1288	1359
11	6	3	225	1359	1406
11	5	4	226	1511	1558
11	1	1	227	1857	1892
11	0	0	228	2059	2076
11	1	1	229	2076	2159
11	0	0	230	2203	2215
11	3	1	231	2226	2331
11	7	5	232	2331	2359
11	7	5	233	2397	2484
11	5	2	234	2856	2892
11	0	0	235	2922	2963
12	0	0	236	54	101
12	1	3	237	101	158
12	0	0	238	158	216
12	1	1	239	216	278
12	0	0	240	317	351
12	5	4	241	695	793
12	1	1	242	848	941
12	4	5	243	1128	1172
12	3	1	244	1185	1244
12	2	3	245	1504	1587
12	3	2	246	1614	1716
12	0	0	247	2325	2415
12	2	3	248	2434	2527
12	0	0	249	2789	2854
12	6	4	250	2854	2871
12	2	3	251	2938	3033
13	3	2	252	268	339
13	0	0	253	351	427
13	6	4	254	511	613
13	7	4	255	959	1001
13	3	1	256	1125	1185
13	1	1	257	1244	1308
13	7	4	258	1395	1426
13	5	4	259	1790	1886
13	0	0	260	2076	2090
13	0	0	261	2090	2105
13	5	2	262	2185	2256
13	4	0	263	2415	2483
13	2	3	264	2527	2567
13	1	1	265	2745	2815
13	3	1	266	2878	2954
13	4	5	267	3009	3060
14	3	1	268	148	170
14	6	4	269	363	415
14	4	5	270	433	512
14	1	3	271	535	561
14	5	3	272	561	599
14	2	3	273	717	727
14	1	3	274	727	774
14	6	4	275	810	829
14	4	5	276	957	1035
14	1	3	277	1047	1082
14	0	2	278	1287	1381
14	7	4	279	1497	1511
14	1	1	280	1552	1612
14	1	1	281	1612	1664
14	7	5	282	1726	1813
14	1	1	283	1984	2065
14	2	3	284	2077	2156
14	6	4	285	2164	2256
14	4	5	286	2359	2397
14	0	2	287	2457	2512
14	5	2	288	2512	2537
14	2	3	289	2567	2617
14	1	1	290	2617	2655
14	2	3	291	2678	2727
14	6	4	292	2819	2852


Solution History:
