This is the output of Heuristic Solver for Dual resource constrained flexible job shop Scheduling Problem.
Input file is: Dauzere_06a.txt
Method: TSN1_100000000_0.317042_5
Seed: 5
Number of Jobs: 10
Number of Operations: 196
Number of Machines: 5
Number of Operators: 4
CPU Time: 19.0291
obj: 2967
Best found lower bound:0
Solver gap (best found lower bound and upper bound difference): Not known


Final Solution:
Job	Machine	Operator	Operation	Start Time	Finish Time
0	2	2	0	0	45
0	2	2	1	45	114
0	2	2	2	114	143
0	0	0	3	476	499
0	4	3	4	527	617
0	4	3	5	617	649
0	1	1	6	751	819
0	0	0	7	900	932
0	3	1	8	1096	1182
0	1	1	9	1303	1329
0	2	2	10	1811	1877
0	4	3	11	1941	1977
0	4	3	12	2232	2251
0	2	2	13	2386	2452
0	0	3	14	2653	2747
1	2	2	15	143	185
1	3	1	16	214	298
1	1	3	17	358	422
1	0	3	18	424	476
1	0	0	19	499	589
1	3	1	20	1023	1096
1	0	3	21	1155	1189
1	1	1	22	1207	1303
1	0	0	23	1442	1458
1	0	3	24	1626	1654
1	2	2	25	1654	1742
1	2	2	26	1742	1764
1	3	1	27	2048	2119
1	1	1	28	2119	2160
1	1	1	29	2160	2225
1	4	0	30	2297	2354
1	4	0	31	2354	2412
1	0	3	32	2412	2455
1	2	2	33	2455	2503
1	1	1	34	2767	2833
2	1	3	35	206	282
2	1	3	36	282	358
2	3	2	37	436	519
2	1	1	38	656	704
2	1	1	39	860	952
2	4	0	40	1051	1122
2	1	1	41	1182	1207
2	4	3	42	1307	1398
2	3	1	43	1469	1540
2	3	2	44	1543	1592
2	4	0	45	1592	1653
2	0	3	46	1654	1705
2	1	3	47	1774	1814
2	4	0	48	1837	1923
2	1	1	49	1952	1992
2	4	0	50	2019	2084
2	2	2	51	2084	2160
2	0	0	52	2232	2296
2	2	2	53	2330	2386
2	1	3	54	2455	2489
2	3	1	55	2572	2600
2	3	2	56	2775	2815
2	3	2	57	2815	2886
3	4	0	58	0	79
3	3	1	59	144	214
3	4	0	60	264	328
3	4	0	61	424	472
3	4	3	62	786	846
3	3	2	63	878	943
3	1	1	64	952	1023
3	1	1	65	1329	1422
3	1	1	66	1422	1456
3	1	1	67	1564	1628
3	4	0	68	1735	1756
3	0	0	69	1774	1837
3	3	1	70	1866	1902
3	2	2	71	2160	2254
3	3	2	72	2254	2291
3	1	1	73	2311	2387
3	2	2	74	2729	2775
3	2	2	75	2886	2951
4	3	1	76	0	91
4	0	0	77	123	189
4	3	1	78	298	390
4	1	1	79	704	751
4	1	1	80	819	860
4	4	3	81	882	935
4	0	3	82	1057	1155
4	0	0	83	1389	1442
4	0	0	84	1458	1538
4	3	2	85	1592	1633
4	0	0	86	1923	2019
4	2	2	87	2021	2080
4	0	3	88	2120	2218
4	4	3	89	2251	2297
4	2	2	90	2297	2330
4	4	0	91	2412	2479
4	1	3	92	2489	2585
4	0	3	93	2585	2653
4	4	0	94	2662	2725
4	0	0	95	2778	2876
4	3	1	96	2920	2966
5	0	0	97	328	424
5	1	1	98	428	505
5	3	2	99	648	735
5	2	0	100	829	900
5	4	0	101	935	961
5	4	0	102	961	988
5	4	0	103	988	1025
5	4	0	104	1025	1051
5	3	1	105	1769	1866
5	1	3	106	1992	2076
5	4	0	107	2084	2155
5	3	1	108	2291	2311
5	3	2	109	2647	2729
5	4	3	110	2751	2792
5	1	1	111	2833	2899
6	0	0	112	79	123
6	1	1	113	555	656
6	0	3	114	717	746
6	0	3	115	746	786
6	2	2	116	1116	1204
6	0	0	117	1262	1341
6	3	2	118	1385	1469
6	0	0	119	1538	1584
6	0	3	120	1589	1626
6	3	1	121	1902	1952
6	3	2	122	1964	2021
6	0	3	123	2339	2397
6	4	0	124	2573	2662
6	1	1	125	2689	2767
6	4	3	126	2822	2902
6	1	1	127	2902	2920
6	0	0	128	2927	2967
7	0	3	129	0	57
7	1	1	130	91	144
7	4	0	131	189	209
7	0	0	132	209	264
7	2	2	133	273	357
7	4	3	134	476	527
7	0	0	135	589	668
7	0	0	136	799	829
7	3	2	137	829	878
7	0	3	138	1000	1057
7	2	2	139	1073	1116
7	4	0	140	1122	1191
7	3	2	141	1204	1248
7	3	2	142	1248	1319
7	3	2	143	1319	1385
7	4	3	144	1398	1444
7	1	1	145	1540	1564
7	1	1	146	1628	1661
7	4	0	147	1692	1735
7	2	2	148	1877	1964
7	1	1	149	2225	2289
7	0	3	150	2297	2339
7	3	1	151	2501	2572
7	4	0	152	2725	2751
7	4	3	153	2792	2822
8	4	3	154	79	147
8	1	3	155	147	206
8	2	2	156	206	273
8	3	1	157	390	428
8	3	2	158	519	568
8	3	2	159	568	648
8	0	0	160	668	717
8	2	0	161	717	799
8	3	2	162	943	999
8	2	2	163	999	1073
8	0	3	164	1189	1230
8	4	3	165	1230	1307
8	0	0	166	1341	1389
8	2	2	167	1469	1543
8	4	3	168	1543	1589
8	1	1	169	1661	1686
8	0	3	170	1705	1774
8	1	3	171	1846	1941
8	3	1	172	2021	2048
8	1	1	173	2387	2424
8	4	0	174	2479	2573
8	1	1	175	2600	2689
8	4	3	176	2902	2948
9	2	2	177	357	436
9	1	1	178	505	555
9	4	3	179	649	710
9	3	2	180	735	794
9	0	3	181	846	882
9	0	3	182	935	1000
9	2	0	183	1204	1262
9	4	3	184	1444	1535
9	4	0	185	1653	1692
9	1	1	186	1692	1769
9	2	2	187	1769	1811
9	1	3	188	1814	1846
9	0	3	189	2076	2120
9	4	0	190	2155	2232
9	3	1	191	2424	2501
9	2	2	192	2503	2572
9	2	2	193	2572	2647
9	0	0	194	2751	2778
9	0	0	195	2876	2927


Solution History:
