This is the output of Heuristic Solver for Dual resource constrained flexible job shop Scheduling Problem.
Input file is: Dauzere_05a.txt
Method: TSN1_100000000_0.183147_5
Seed: 1
Number of Jobs: 10
Number of Operations: 196
Number of Machines: 5
Number of Operators: 4
CPU Time: 10.9956
obj: 3000
Best found lower bound:0
Solver gap (best found lower bound and upper bound difference): Not known


Final Solution:
Job	Machine	Operator	Operation	Start Time	Finish Time
0	0	0	0	0	39
0	2	0	1	39	100
0	4	3	2	258	290
0	1	1	3	296	319
0	2	2	4	394	490
0	4	3	5	490	523
0	4	0	6	1090	1155
0	2	2	7	1308	1341
0	1	1	8	1461	1545
0	2	2	9	1754	1782
0	4	0	10	2348	2413
0	1	1	11	2557	2595
0	4	3	12	2655	2673
0	2	0	13	2806	2865
0	4	3	14	2906	3000
1	4	3	15	0	43
1	3	2	16	726	811
1	0	0	17	839	901
1	2	2	18	948	1000
1	1	3	19	1017	1108
1	2	2	20	1543	1616
1	4	0	21	1626	1662
1	3	1	22	1670	1762
1	1	1	23	1763	1783
1	4	0	24	1829	1850
1	1	1	25	1905	1994
1	1	3	26	2047	2073
1	2	2	27	2149	2232
1	3	1	28	2302	2348
1	2	0	29	2413	2488
1	4	3	30	2532	2583
1	3	2	31	2583	2637
1	1	1	32	2655	2704
1	3	2	33	2776	2828
1	2	0	34	2865	2937
2	1	1	35	64	145
2	4	3	36	290	374
2	4	3	37	374	452
2	1	1	38	515	566
2	4	3	39	586	680
2	0	3	40	768	839
2	0	0	41	901	928
2	3	1	42	992	1081
2	2	0	43	1341	1408
2	2	2	44	1450	1495
2	0	3	45	1521	1578
2	3	2	46	1782	1838
2	4	3	47	1850	1888
2	0	0	48	1971	2059
2	3	1	49	2135	2174
2	2	2	50	2269	2333
2	2	2	51	2333	2406
2	3	2	52	2406	2475
2	4	3	53	2475	2532
2	3	2	54	2674	2708
2	2	2	55	2708	2736
2	2	2	56	2736	2776
2	3	2	57	2828	2906
3	3	2	58	82	161
3	4	3	59	187	258
3	3	1	60	355	419
3	1	1	61	419	464
3	3	1	62	464	515
3	4	3	63	523	586
3	3	1	64	842	918
3	0	0	65	928	1017
3	1	1	66	1219	1253
3	3	1	67	1253	1315
3	0	3	68	1320	1347
3	1	1	69	1400	1461
3	0	0	70	1850	1886
3	4	3	71	1953	2047
3	2	2	72	2232	2269
3	1	1	73	2348	2425
3	0	0	74	2488	2532
3	2	0	75	2597	2662
4	2	0	76	100	193
4	0	0	77	193	259
4	0	0	78	259	349
4	2	0	79	570	611
4	2	0	80	611	654
4	2	0	81	752	806
4	2	2	82	1176	1273
4	1	3	83	1273	1320
4	0	3	84	1394	1480
4	0	3	85	1480	1521
4	1	3	86	1670	1763
4	0	0	87	1763	1829
4	2	2	88	1879	1974
4	1	1	89	1994	2042
4	0	0	90	2199	2225
4	4	0	91	2277	2348
4	3	2	92	2475	2573
4	4	3	93	2583	2655
4	4	3	94	2714	2780
4	4	3	95	2780	2876
4	2	0	96	2937	2983
5	1	1	97	145	247
5	0	0	98	349	422
5	3	2	99	647	726
5	1	1	100	774	842
5	1	1	101	967	992
5	3	1	102	1081	1107
5	2	2	103	1273	1308
5	3	2	104	1341	1372
5	4	0	105	1485	1584
5	1	3	106	1584	1670
5	4	3	107	1888	1953
5	0	0	108	1953	1971
5	1	3	109	2073	2159
5	4	3	110	2193	2233
5	1	1	111	2904	2975
6	4	3	112	43	83
6	3	2	113	222	321
6	3	1	114	321	355
6	4	3	115	452	487
6	0	0	116	654	752
6	2	2	117	811	885
6	4	3	118	929	1017
6	4	0	119	1155	1204
6	3	2	120	1412	1450
6	3	1	121	1618	1670
6	4	0	122	1697	1759
6	0	0	123	1886	1944
6	3	1	124	2042	2135
6	3	1	125	2226	2302
6	0	3	126	2328	2409
6	0	3	127	2409	2421
6	2	0	128	2557	2597
7	3	2	129	161	222
7	1	1	130	247	296
7	2	2	131	490	516
7	3	2	132	588	647
7	4	3	133	680	768
7	1	1	134	918	967
7	2	2	135	1000	1074
7	0	3	136	1108	1141
7	0	3	137	1141	1186
7	4	3	138	1204	1259
7	3	2	139	1372	1412
7	4	0	140	1412	1485
7	4	0	141	1584	1626
7	2	2	142	1664	1735
7	4	3	143	1763	1828
7	3	2	144	1838	1879
7	2	2	145	2122	2149
7	1	3	146	2159	2193
7	1	1	147	2425	2471
7	1	1	148	2471	2557
7	1	1	149	2595	2655
7	4	0	150	2673	2714
7	1	1	151	2714	2783
7	1	1	152	2783	2811
7	0	3	153	2876	2906
8	1	1	154	0	64
8	0	3	155	83	138
8	2	2	156	321	394
8	0	0	157	422	463
8	0	0	158	529	570
8	1	1	159	570	649
8	1	1	160	649	695
8	1	1	161	695	774
8	4	3	162	870	929
8	4	0	163	1017	1090
8	2	2	164	1131	1176
8	1	1	165	1320	1400
8	2	2	166	1495	1543
8	3	1	167	1545	1618
8	2	2	168	1618	1664
8	2	2	169	1735	1754
8	4	0	170	2059	2122
8	1	3	171	2233	2328
8	2	0	172	2532	2557
8	3	2	173	2637	2674
8	0	0	174	2714	2806
8	1	1	175	2811	2904
8	3	2	176	2906	2957
9	3	2	177	0	82
9	0	3	178	138	187
9	0	0	179	463	529
9	3	2	180	529	588
9	4	3	181	839	870
9	2	2	182	885	948
9	2	2	183	1074	1131
9	1	1	184	1131	1219
9	0	0	185	1219	1264
9	4	0	186	1264	1341
9	0	3	187	1347	1394
9	4	0	188	1662	1697
9	1	1	189	1783	1825
9	1	1	190	1825	1905
9	2	2	191	1974	2054
9	2	2	192	2054	2122
9	0	0	193	2122	2199
9	1	1	194	2199	2226
9	0	0	195	2226	2277


Solution History:
