This is the output of Heuristic Solver for Dual resource constrained flexible job shop Scheduling Problem.
Input file is: Mk07.txt
Method: TSN1_100000000_0.100148_5
Seed: 2
Number of Jobs: 20
Number of Operations: 100
Number of Machines: 5
Number of Operators: 4
CPU Time: 6.01107
obj: 240
Best found lower bound:0
Solver gap (best found lower bound and upper bound difference): Not known


Final Solution:
Job	Machine	Operator	Operation	Start Time	Finish Time
0	1	1	0	8	12
0	0	3	1	18	37
0	1	3	2	38	46
0	3	1	3	213	234
0	4	0	4	235	240
1	0	0	5	74	77
1	4	0	6	79	84
1	1	3	7	102	107
1	4	0	8	139	146
1	0	0	9	213	216
2	4	3	10	74	76
2	3	1	11	100	124
2	2	2	12	156	168
2	1	1	13	173	177
2	2	2	14	222	240
3	1	1	15	0	4
3	4	0	16	100	108
3	1	3	17	123	126
3	0	3	18	191	199
3	2	2	19	203	222
4	0	3	20	5	11
4	0	0	21	47	62
4	4	0	22	62	63
4	2	2	23	168	183
4	3	1	24	208	213
5	4	0	25	84	89
5	2	2	26	116	136
5	4	0	27	153	160
5	1	1	28	187	201
5	1	1	29	201	208
6	3	2	30	18	29
6	4	0	31	35	45
6	1	3	32	62	70
6	0	0	33	216	219
6	3	1	34	234	240
7	3	2	35	8	18
7	0	0	36	45	47
7	1	1	37	83	100
7	1	3	38	113	123
7	1	1	39	177	187
8	4	3	40	11	15
8	3	2	41	29	36
8	4	3	42	46	53
8	2	2	43	136	156
8	4	0	44	160	178
9	4	3	45	53	62
9	4	0	46	89	100
9	0	3	47	141	148
9	3	2	48	183	189
9	3	2	49	189	203
10	3	1	50	38	63
10	4	0	51	63	71
10	4	3	52	126	131
10	4	0	53	146	153
10	0	3	54	219	239
11	2	2	55	42	62
11	2	2	56	62	75
11	0	3	57	172	182
11	4	0	58	188	193
11	0	3	59	199	208
12	4	0	60	20	35
12	3	2	61	76	98
12	3	1	62	129	134
12	0	3	63	166	172
12	4	3	64	208	212
13	4	3	65	15	18
13	0	3	66	70	74
13	4	0	67	131	139
13	0	3	68	148	166
13	4	3	69	212	217
14	4	0	70	18	20
14	4	0	71	78	79
14	2	2	72	98	116
14	0	3	73	131	141
14	4	0	74	219	234
15	0	3	75	0	5
15	2	0	76	9	18
15	1	1	77	20	24
15	4	0	78	108	118
15	3	1	79	124	129
16	4	0	80	0	9
16	1	1	81	24	38
16	0	3	82	94	102
16	0	0	83	118	131
16	4	0	84	234	235
17	1	1	85	4	8
17	1	1	86	12	20
17	4	0	87	77	78
17	0	3	88	78	94
17	4	0	89	178	188
18	2	2	90	36	42
18	3	1	91	63	76
18	1	3	92	107	113
18	3	1	93	134	152
18	0	3	94	182	191
19	3	2	95	0	8
19	1	1	96	76	83
19	3	1	97	152	173
19	4	0	98	193	206
19	0	0	99	208	213


Solution History:
