This is the output of Heuristic Solver for Dual resource constrained flexible job shop Scheduling Problem.
Input file is: Mk07.txt
Method: TSN1_100000000_0.233090_5
Seed: 1
Number of Jobs: 20
Number of Operations: 100
Number of Machines: 5
Number of Operators: 4
CPU Time: 13.9877
obj: 238
Best found lower bound:0
Solver gap (best found lower bound and upper bound difference): Not known


Final Solution:
Job	Machine	Operator	Operation	Start Time	Finish Time
0	1	1	0	4	8
0	0	0	1	36	51
0	1	3	2	51	59
0	3	2	3	180	201
0	4	0	4	215	220
1	0	0	5	17	20
1	4	3	6	20	25
1	1	1	7	59	63
1	4	3	8	141	146
1	2	2	9	213	219
2	4	3	10	13	15
2	3	2	11	125	147
2	2	2	12	168	180
2	1	1	13	202	206
2	2	2	14	219	237
3	1	1	15	8	12
3	4	0	16	28	36
3	0	0	17	96	101
3	0	3	18	129	137
3	0	3	19	209	219
4	0	3	20	30	36
4	2	2	21	48	67
4	4	3	22	96	100
4	2	0	23	199	213
4	3	1	24	233	238
5	4	3	25	44	48
5	2	2	26	67	87
5	4	0	27	146	153
5	1	1	28	171	185
5	1	1	29	185	192
6	3	2	30	0	11
6	4	0	31	51	61
6	1	3	32	70	78
6	0	3	33	188	194
6	3	1	34	227	233
7	3	1	35	12	24
7	0	0	36	68	70
7	1	1	37	107	124
7	1	1	38	124	135
7	1	1	39	192	202
8	4	3	40	15	19
8	3	2	41	87	94
8	4	3	42	121	128
8	1	1	43	143	157
8	4	0	44	220	238
9	4	3	45	0	9
9	2	2	46	18	30
9	0	0	47	85	91
9	3	2	48	94	100
9	0	0	49	175	188
10	3	1	50	32	57
10	4	3	51	63	70
10	4	3	52	116	121
10	4	0	53	153	160
10	4	0	54	160	175
11	4	3	55	78	96
11	2	2	56	100	113
11	0	3	57	146	156
11	1	1	58	157	167
11	0	3	59	219	228
12	0	0	60	0	17
12	3	1	61	63	81
12	3	1	62	102	107
12	0	3	63	110	116
12	4	3	64	137	141
13	2	2	65	11	18
13	0	0	66	91	96
13	4	0	67	129	137
13	0	3	68	156	174
13	4	0	69	213	215
14	4	0	70	25	27
14	4	0	71	27	28
14	2	2	72	30	48
14	0	0	73	61	68
14	4	0	74	101	116
15	0	3	75	25	30
15	2	0	76	137	146
15	1	1	77	167	171
15	4	0	78	188	198
15	3	2	79	201	209
16	4	3	80	36	44
16	1	1	81	88	102
16	0	3	82	102	110
16	0	0	83	116	129
16	4	0	84	198	199
17	1	1	85	0	4
17	4	3	86	9	13
17	4	3	87	61	63
17	0	0	88	70	85
17	4	3	89	199	209
18	0	0	90	20	23
18	3	2	91	113	125
18	1	1	92	135	143
18	3	1	93	209	227
18	0	3	94	228	237
19	3	1	95	24	32
19	1	1	96	81	88
19	3	2	97	147	168
19	4	3	98	175	186
19	0	3	99	194	199


Solution History:
