This is the output of Heuristic Solver for Dual resource constrained flexible job shop Scheduling Problem.
Input file is: Mk07.txt
Method: TSN1_100000000_0.245965_5
Seed: 4
Number of Jobs: 20
Number of Operations: 100
Number of Machines: 5
Number of Operators: 4
CPU Time: 14.7598
obj: 239
Best found lower bound:0
Solver gap (best found lower bound and upper bound difference): Not known


Final Solution:
Job	Machine	Operator	Operation	Start Time	Finish Time
0	1	1	0	44	48
0	2	2	1	62	84
0	1	1	2	156	166
0	3	2	3	182	203
0	4	3	4	206	210
1	0	0	5	42	45
1	4	3	6	80	85
1	1	1	7	131	135
1	4	3	8	162	167
1	2	0	9	173	175
2	4	0	10	46	47
2	3	2	11	139	161
2	2	0	12	164	173
2	1	1	13	208	212
2	2	2	14	219	237
3	1	1	15	26	30
3	4	0	16	47	55
3	1	3	17	57	60
3	0	3	18	113	121
3	0	3	19	215	225
4	2	2	20	0	5
4	0	0	21	26	41
4	2	2	22	84	90
4	2	2	23	124	139
4	3	1	24	219	224
5	4	3	25	85	89
5	0	0	26	89	107
5	4	0	27	122	129
5	1	1	28	166	180
5	1	1	29	212	219
6	3	2	30	8	19
6	4	0	31	63	73
6	1	3	32	121	129
6	2	0	33	162	164
6	3	2	34	203	213
7	3	1	35	58	70
7	0	0	36	73	75
7	1	1	37	180	197
7	1	1	38	197	208
7	1	1	39	224	234
8	2	2	40	90	96
8	3	1	41	97	103
8	4	0	42	107	115
8	1	1	43	135	149
8	4	3	44	167	185
9	4	3	45	8	17
9	2	2	46	96	108
9	2	2	47	108	124
9	3	2	48	213	219
9	0	3	49	225	236
10	3	2	50	19	43
10	4	0	51	55	63
10	4	3	52	75	80
10	4	0	53	115	122
10	4	0	54	129	144
11	2	0	55	5	26
11	3	1	56	48	58
11	0	0	57	75	87
11	4	3	58	89	94
11	0	3	59	153	162
12	4	3	60	17	36
12	3	1	61	74	92
12	3	1	62	92	97
12	0	3	63	147	153
12	4	0	64	210	214
13	4	3	65	42	45
13	0	3	66	45	49
13	3	1	67	103	113
13	0	3	68	129	147
13	1	1	69	149	156
14	1	1	70	30	37
14	4	0	71	41	42
14	4	0	72	144	162
14	0	0	73	200	207
14	4	0	74	214	229
15	0	0	75	0	5
15	2	2	76	49	62
15	1	1	77	70	74
15	4	3	78	196	206
15	3	1	79	234	239
16	4	3	80	0	8
16	1	1	81	12	26
16	0	3	82	49	57
16	0	3	83	60	72
16	4	3	84	73	75
17	1	1	85	8	12
17	4	3	86	36	40
17	4	0	87	45	46
17	0	0	88	185	200
17	4	0	89	229	239
18	2	2	90	43	49
18	4	3	91	94	107
18	1	3	92	107	113
18	3	1	93	113	131
18	0	0	94	175	185
19	3	1	95	0	8
19	1	1	96	37	44
19	3	2	97	161	182
19	4	3	98	185	196
19	0	3	99	210	215


Solution History:
