This is the output of Heuristic Solver for Dual resource constrained flexible job shop Scheduling Problem.
Input file is: Mk08.txt
Method: TSN1_100000000_0.241940_5
Seed: 2
Number of Jobs: 20
Number of Operations: 225
Number of Machines: 10
Number of Operators: 6
CPU Time: 14.5234
obj: 637
Best found lower bound:0
Solver gap (best found lower bound and upper bound difference): Not known


Final Solution:
Job	Machine	Operator	Operation	Start Time	Finish Time
0	3	1	0	67	72
0	4	4	1	221	232
0	2	2	2	245	268
0	6	4	3	281	298
0	3	1	4	298	306
0	0	0	5	374	384
0	9	5	6	531	552
0	6	3	7	553	563
0	2	2	8	569	584
0	2	0	9	595	600
1	1	1	10	9	14
1	3	1	11	14	25
1	2	2	12	29	37
1	0	0	13	108	118
1	9	2	14	206	225
1	3	1	15	256	275
1	6	4	16	350	368
1	4	4	17	368	378
1	4	4	18	378	398
1	0	3	19	410	433
1	6	4	20	474	487
1	0	3	21	613	630
2	4	4	22	0	17
2	0	0	23	17	36
2	0	0	24	46	56
2	2	0	25	66	88
2	3	1	26	107	115
2	3	1	27	115	120
2	2	2	28	120	131
2	9	2	29	193	206
2	4	4	30	206	221
2	0	3	31	223	233
2	7	5	32	263	286
2	0	0	33	308	318
2	9	5	34	344	367
2	9	5	35	464	486
3	9	2	36	0	10
3	4	4	37	58	68
3	6	4	38	68	88
3	0	0	39	166	179
3	9	2	40	323	344
3	6	4	41	410	424
3	4	4	42	424	437
3	2	0	43	584	595
3	8	1	44	595	609
3	4	0	45	609	621
4	4	4	46	17	28
4	8	1	47	35	40
4	3	1	48	40	45
4	7	5	49	61	74
4	0	3	50	150	166
4	8	3	51	166	183
4	0	0	52	206	216
4	6	4	53	263	281
4	3	1	54	361	366
4	3	1	55	388	414
4	7	2	56	460	478
4	9	5	57	486	509
5	6	4	58	133	149
5	2	0	59	223	245
5	4	0	60	351	360
5	9	2	61	428	447
5	2	2	62	451	460
5	3	1	63	463	474
5	7	2	64	494	511
5	3	2	65	511	518
5	9	5	66	574	594
5	0	0	67	630	637
6	0	0	68	56	66
6	9	2	69	79	97
6	0	3	70	98	108
6	4	4	71	121	133
6	7	5	72	138	156
6	6	4	73	193	206
6	3	1	74	237	256
6	4	0	75	258	268
6	7	2	76	286	304
6	9	2	77	304	323
6	0	3	78	486	508
6	0	0	79	544	554
7	0	0	80	0	17
7	6	3	81	35	49
7	0	3	82	82	98
7	3	1	83	120	146
7	4	4	84	298	313
7	3	1	85	317	322
7	2	0	86	329	351
7	0	3	87	433	453
7	3	1	88	453	458
7	4	0	89	458	470
7	9	2	90	594	613
8	6	3	91	0	17
8	7	5	92	43	61
8	0	0	93	118	137
8	9	5	94	238	263
8	4	4	95	313	323
8	1	1	96	323	331
8	3	1	97	331	339
8	4	4	98	339	350
8	0	0	99	384	403
8	0	0	100	403	410
8	8	1	101	414	432
8	2	0	102	432	451
8	0	3	103	453	466
8	9	5	104	552	574
9	9	2	105	60	79
9	4	4	106	88	97
9	7	5	107	156	178
9	7	5	108	178	191
9	0	3	109	196	206
9	0	3	110	256	268
9	4	4	111	323	338
9	3	1	112	339	361
9	9	2	113	404	428
9	2	0	114	486	508
9	0	3	115	521	544
10	8	1	116	45	56
10	0	3	117	66	82
10	7	5	118	93	113
10	3	1	119	194	213
10	6	4	120	232	243
10	2	0	121	284	289
10	2	0	122	318	329
10	9	5	123	367	380
10	9	5	124	450	464
10	8	3	125	466	479
10	2	0	126	519	538
11	9	5	127	23	43
11	2	0	128	88	105
11	4	4	129	108	121
11	0	0	130	268	284
11	6	3	131	298	312
11	3	1	132	312	317
11	3	1	133	432	443
11	0	0	134	470	486
11	7	2	135	539	560
11	8	1	136	609	614
12	4	0	137	137	144
12	9	2	138	167	193
12	7	5	139	193	213
12	3	1	140	213	232
12	0	3	141	233	256
12	7	2	142	344	365
12	7	5	143	421	437
12	7	2	144	478	494
12	9	5	145	509	531
12	8	1	146	531	536
12	1	1	147	536	544
13	0	0	148	36	46
13	4	4	149	48	58
13	0	3	150	137	150
13	8	1	151	150	164
13	6	4	152	164	179
13	6	4	153	179	193
13	9	5	154	286	299
13	0	3	155	318	336
13	2	0	156	410	422
13	8	1	157	443	451
13	1	1	158	458	463
14	8	1	159	0	5
14	4	4	160	97	108
14	6	3	161	108	122
14	9	2	162	138	148
14	6	4	163	149	160
14	3	1	164	164	183
14	3	1	165	183	194
14	0	0	166	216	223
14	2	0	167	508	519
14	0	3	168	570	591
14	7	5	169	594	614
15	1	5	170	0	9
15	6	3	171	17	27
15	9	2	172	43	60
15	8	3	173	183	195
15	7	5	174	213	232
15	4	0	175	245	258
15	8	1	176	275	283
15	0	3	177	284	298
15	0	3	178	336	361
15	6	3	179	374	393
15	7	5	180	614	631
16	9	5	181	10	23
16	8	3	182	27	35
16	4	4	183	35	48
16	9	2	184	148	167
16	0	0	185	179	196
16	2	0	186	196	201
16	1	1	187	232	237
16	4	0	188	289	296
16	0	0	189	298	308
16	7	5	190	326	343
16	6	4	191	487	506
16	0	3	192	591	613
16	6	4	193	613	630
17	6	3	194	49	62
17	1	5	195	74	83
17	9	2	196	97	116
17	2	0	197	144	163
17	7	5	198	304	326
17	0	3	199	361	374
17	4	4	200	398	410
17	6	4	201	437	454
17	6	4	202	454	474
17	0	3	203	508	521
17	8	3	204	544	553
18	7	2	205	10	29
18	1	1	206	56	67
18	7	5	207	83	93
18	8	1	208	93	107
18	3	1	209	366	371
18	9	5	210	380	404
18	3	5	211	414	421
18	7	2	212	518	539
18	2	2	213	560	569
18	9	2	214	613	635
19	9	5	215	116	138
19	9	2	216	225	238
19	6	4	217	243	263
19	8	1	218	283	297
19	2	2	219	365	383
19	1	1	220	383	388
19	7	2	221	388	402
19	7	5	222	437	450
19	4	4	223	506	518
19	0	0	224	554	570


Solution History:
