This is the output of Heuristic Solver for Dual resource constrained flexible job shop Scheduling Problem.
Input file is: Mk09.txt
Method: TSN1_100000000_0.524165_5
Seed: 2
Number of Jobs: 20
Number of Operations: 240
Number of Machines: 10
Number of Operators: 6
CPU Time: 31.4595
obj: 514
Best found lower bound:0
Solver gap (best found lower bound and upper bound difference): Not known


Final Solution:
Job	Machine	Operator	Operation	Start Time	Finish Time
0	0	0	0	8	19
0	7	2	1	37	54
0	7	2	2	213	233
0	0	3	3	261	274
0	1	5	4	291	309
0	8	1	5	325	331
0	6	3	6	332	344
0	0	3	7	344	352
0	8	1	8	402	419
0	3	1	9	445	461
0	1	5	10	486	492
0	3	2	11	504	514
1	7	2	12	0	17
1	4	0	13	62	68
1	1	1	14	82	92
1	7	5	15	110	119
1	2	0	16	122	133
1	5	4	17	146	158
1	6	4	18	170	181
1	0	3	19	187	198
1	6	4	20	211	223
1	0	3	21	226	237
1	3	1	22	238	245
1	3	1	23	245	261
1	8	1	24	494	511
2	6	4	25	0	7
2	4	4	26	7	18
2	1	5	27	55	75
2	0	3	28	121	138
2	6	4	29	317	328
2	3	5	30	336	355
2	0	3	31	384	394
2	0	3	32	394	408
2	4	4	33	412	421
2	2	0	34	453	464
2	2	0	35	475	495
3	0	0	36	0	8
3	0	3	37	32	42
3	0	3	38	67	79
3	7	5	39	93	110
3	3	5	40	119	136
3	7	2	41	179	196
3	2	0	42	202	220
3	4	0	43	367	372
3	2	0	44	384	401
3	6	4	45	436	447
3	0	3	46	464	476
4	7	2	47	54	71
4	3	2	48	89	106
4	4	0	49	142	157
4	9	5	50	157	169
4	3	5	51	177	187
4	9	2	52	241	262
4	6	4	53	265	274
4	7	2	54	282	296
4	4	0	55	304	317
4	9	2	56	317	327
4	3	5	57	328	336
4	7	2	58	371	382
4	5	4	59	421	436
4	4	4	60	458	481
5	1	1	61	22	27
5	9	2	62	71	89
5	0	3	63	138	152
5	2	0	64	185	202
5	4	4	65	223	234
5	6	4	66	234	245
5	7	2	67	296	313
5	7	2	68	343	357
5	1	1	69	419	424
5	1	5	70	444	455
5	0	3	71	455	464
6	7	5	72	75	93
6	7	2	73	122	139
6	4	0	74	176	185
6	3	5	75	210	227
6	0	3	76	237	251
6	1	5	77	251	257
6	1	5	78	257	265
6	4	0	79	268	274
6	3	5	80	282	291
6	0	3	81	305	314
6	5	4	82	328	349
6	6	3	83	352	364
6	3	5	84	420	429
6	9	2	85	444	462
7	0	3	86	19	32
7	4	4	87	32	38
7	4	4	88	38	48
7	6	3	89	48	60
7	8	1	90	66	77
7	4	4	91	77	94
7	6	4	92	94	103
7	1	1	93	169	174
7	1	5	94	196	210
7	6	4	95	245	257
7	0	3	96	274	287
7	3	2	97	462	472
7	3	2	98	472	487
8	7	5	99	17	37
8	1	1	100	77	82
8	0	3	101	198	214
8	3	2	102	262	281
8	4	4	103	286	295
8	6	4	104	376	389
8	1	1	105	394	402
8	8	3	106	419	432
8	8	3	107	432	442
8	1	1	108	476	486
8	7	2	109	493	504
9	3	2	110	17	35
9	0	3	111	60	67
9	2	2	112	106	122
9	1	1	113	144	155
9	8	1	114	155	169
9	3	5	115	169	177
9	4	4	116	185	195
9	3	5	117	227	237
9	1	5	118	238	250
9	2	0	119	280	291
9	5	4	120	481	493
9	0	0	121	502	512
10	8	3	122	0	12
10	4	0	123	133	142
10	1	1	124	174	182
10	3	1	125	191	210
10	0	0	126	220	226
10	7	2	127	233	241
10	6	4	128	295	308
10	2	0	129	401	422
10	0	0	130	422	432
10	3	1	131	487	494
11	4	0	132	94	99
11	0	3	133	99	109
11	3	5	134	136	154
11	8	1	135	182	191
11	6	4	136	195	201
11	6	4	137	201	211
11	1	1	138	211	223
11	7	5	139	313	328
11	6	4	140	364	376
11	4	4	141	402	412
11	9	5	142	466	486
12	1	5	143	48	55
12	2	0	144	247	268
12	8	1	145	270	282
12	4	0	146	295	304
12	4	0	147	317	331
12	2	0	148	331	342
12	0	0	149	353	367
12	7	2	150	382	402
12	0	3	151	408	418
12	0	0	152	432	442
12	6	3	153	484	493
13	2	0	154	68	79
13	0	3	155	109	121
13	1	1	156	121	144
13	0	3	157	152	165
13	6	4	158	257	265
13	0	3	159	287	294
13	3	5	160	355	373
13	2	0	161	373	384
13	6	4	162	389	402
13	2	0	163	464	475
14	0	0	164	50	60
14	0	3	165	79	89
14	6	4	166	103	117
14	5	4	167	117	131
14	4	0	168	157	166
14	8	3	169	169	177
14	1	1	170	265	270
14	4	4	171	280	286
14	3	1	172	302	325
14	2	0	173	442	453
14	1	1	174	461	471
14	6	3	175	502	513
15	7	2	176	139	159
15	0	3	177	177	187
15	2	0	178	226	247
15	8	3	179	251	261
15	7	5	180	265	282
15	1	1	181	282	290
15	3	1	182	291	302
15	9	2	183	327	343
15	5	4	184	349	361
15	0	3	185	367	384
15	3	1	186	429	445
15	4	4	187	447	458
15	0	3	188	476	484
15	9	2	189	487	493
16	1	5	190	37	48
16	8	1	191	48	66
16	6	4	192	131	146
16	7	2	193	159	179
16	9	5	194	187	196
16	4	0	195	274	280
16	0	3	196	294	305
16	6	4	197	308	317
16	0	3	198	317	332
16	1	1	199	371	394
16	3	5	200	412	420
16	2	2	201	423	440
16	0	3	202	493	502
17	1	5	203	0	11
17	6	4	204	18	31
17	3	1	205	35	46
17	4	4	206	68	77
17	2	0	207	79	93
17	4	0	208	99	110
17	8	1	209	110	121
17	1	1	210	354	371
17	9	5	211	385	399
17	7	2	212	402	423
17	0	3	213	442	454
18	2	0	214	19	36
18	1	1	215	92	108
18	6	4	216	158	170
18	1	1	217	331	354
18	2	2	218	357	371
18	3	5	219	373	385
18	3	5	220	399	412
18	1	5	221	429	437
18	9	5	222	437	444
18	7	5	223	455	466
18	1	1	224	471	476
18	6	4	225	493	501
18	4	4	226	501	513
19	3	1	227	0	7
19	1	1	228	11	22
19	1	1	229	27	35
19	2	0	230	36	50
19	4	4	231	50	62
19	0	3	232	89	98
19	4	0	233	110	119
19	0	0	234	166	176
19	7	2	235	196	213
19	8	3	236	214	223
19	1	1	237	223	238
19	2	0	238	342	353
19	1	5	239	492	512


Solution History:
