This is the output of Heuristic Solver for Dual resource constrained flexible job shop Scheduling Problem.
Input file is: wfjsp12_8.txt
Method: TSN1_100000000_0.362115_5
Seed: 5
Number of Jobs: 25
Number of Operations: 186
Number of Machines: 10
Number of Operators: 10
CPU Time: 21.7328
obj: 1021
Best found lower bound:0
Solver gap (best found lower bound and upper bound difference): Not known


Final Solution:
Job	Machine	Operator	Operation	Start Time	Finish Time
0	5	7	0	117	147
0	4	0	1	195	252
0	0	0	2	489	513
0	2	5	3	547	607
0	7	8	4	631	712
1	1	2	5	68	129
1	3	8	6	182	254
1	4	4	7	442	453
1	4	4	8	453	509
1	8	7	9	537	585
1	1	7	10	598	625
1	9	5	11	625	718
1	0	9	12	967	976
2	1	7	13	260	344
2	7	8	14	402	420
2	3	9	15	420	489
2	9	9	16	527	605
2	8	2	17	605	634
2	3	1	18	679	735
2	7	8	19	753	794
3	5	7	20	0	40
3	5	7	21	147	185
3	2	9	22	228	280
3	9	5	23	311	375
3	2	3	24	484	547
3	0	6	25	576	659
3	0	6	26	659	736
3	4	3	27	736	804
3	8	2	28	845	915
3	4	3	29	938	1020
4	2	1	30	0	61
4	8	6	31	106	177
4	6	4	32	194	248
4	5	1	33	434	469
4	4	4	34	634	729
4	3	8	35	803	886
4	9	6	36	941	968
5	9	0	37	43	67
5	5	7	38	185	260
5	8	4	39	412	425
5	6	7	40	445	515
5	5	3	41	547	575
5	7	8	42	794	803
5	9	0	43	806	854
5	2	5	44	904	947
6	7	8	45	0	44
6	4	1	46	61	165
6	0	5	47	230	268
6	9	5	48	268	311
6	0	9	49	834	888
6	5	7	50	912	995
7	6	3	51	0	11
7	0	4	52	11	29
7	0	4	53	29	75
7	1	3	54	180	232
7	8	4	55	425	442
7	5	1	56	469	536
8	3	5	57	95	145
8	0	5	58	161	230
8	3	8	59	254	291
8	1	6	60	418	502
8	3	1	61	536	591
8	7	0	62	855	879
8	6	8	63	919	940
8	3	4	64	974	1021
9	1	2	65	0	68
9	4	6	66	177	195
9	1	3	67	232	254
9	6	4	68	254	299
9	5	4	69	299	343
9	3	9	70	352	405
9	0	1	71	418	434
9	6	3	72	576	646
9	9	6	73	855	898
10	9	0	74	10	43
10	5	7	75	83	117
10	7	0	76	170	194
10	0	9	77	280	337
10	6	7	78	344	384
10	8	4	79	384	412
10	2	9	80	737	817
11	6	8	81	100	126
11	4	0	82	252	311
11	8	5	83	471	537
11	7	8	84	546	631
11	8	6	85	736	817
11	7	6	86	817	855
11	7	0	87	879	956
11	2	5	88	956	1016
12	3	9	89	20	95
12	1	3	90	129	180
12	2	3	91	280	350
12	5	0	92	575	653
12	2	9	93	664	737
12	9	0	94	785	806
12	4	1	95	806	875
12	6	8	96	940	1006
13	6	3	97	11	100
13	4	0	98	311	370
13	4	0	99	370	430
13	1	6	100	502	576
13	1	7	101	709	790
13	1	7	102	790	895
13	3	4	103	912	974
14	8	1	104	177	267
14	7	1	105	267	296
14	0	6	106	337	355
14	9	5	107	375	441
14	8	5	108	442	471
14	5	4	109	729	748
14	5	4	110	748	811
14	0	9	111	888	967
15	3	8	112	145	182
15	7	6	113	195	266
15	0	0	114	513	570
15	6	3	115	646	735
15	6	2	116	766	815
15	5	4	117	815	912
15	8	6	118	926	941
15	8	1	119	941	1003
15	1	2	120	1003	1019
16	7	0	121	98	170
16	6	2	122	384	445
16	3	9	123	489	527
16	3	1	124	591	679
16	7	8	125	712	753
16	4	1	126	875	938
17	5	7	127	40	83
17	0	5	128	145	161
17	6	4	129	161	194
17	2	6	130	355	416
17	7	8	131	420	492
17	4	4	132	569	634
17	3	1	133	735	797
17	6	3	134	815	878
17	2	5	135	878	904
17	9	6	136	968	1011
18	3	5	137	0	20
18	8	5	138	20	64
18	9	0	139	67	94
18	2	9	140	95	152
18	7	8	141	296	316
18	5	4	142	343	380
18	4	4	143	509	569
18	8	2	144	817	845
19	4	6	145	0	41
19	0	4	146	75	143
19	1	3	147	350	418
19	2	3	148	418	484
19	1	2	149	587	598
19	8	2	150	634	736
20	2	5	151	64	88
20	8	2	152	311	378
20	0	0	153	434	489
20	9	2	154	505	518
20	5	0	155	653	724
21	9	0	156	0	10
21	8	6	157	64	106
21	9	2	158	129	191
21	7	8	159	492	546
21	1	7	160	625	709
21	6	2	161	736	766
21	3	8	162	886	907
21	1	2	163	915	982
22	4	6	164	41	60
22	7	8	165	316	402
22	5	7	166	402	434
22	6	2	167	518	576
22	1	2	168	576	587
22	2	9	169	607	664
22	9	0	170	724	785
22	6	3	171	878	919
23	7	8	172	44	98
23	9	2	173	191	255
23	8	6	174	267	311
23	0	1	175	355	418
23	2	9	176	817	832
24	2	9	177	152	228
24	3	1	178	296	352
24	9	2	179	445	505
24	0	5	180	736	820
24	0	5	181	820	834
24	2	5	182	834	871
24	9	6	183	898	926
24	7	0	184	956	983
24	0	0	185	983	1017


Solution History:
