This is the output of Heuristic Solver for Dual resource constrained flexible job shop Scheduling Problem.
Input file is: wfjsp19_8.txt
Method: TSN1_100000000_0.306700_5
Seed: 3
Number of Jobs: 20
Number of Operations: 197
Number of Machines: 10
Number of Operators: 8
CPU Time: 18.4108
obj: 1309
Best found lower bound:0
Solver gap (best found lower bound and upper bound difference): Not known


Final Solution:
Job	Machine	Operator	Operation	Start Time	Finish Time
0	5	2	0	0	27
0	4	2	1	27	84
0	9	6	2	113	146
0	6	6	3	190	258
0	3	7	4	455	530
0	1	2	5	735	789
0	7	3	6	843	911
0	1	4	7	1021	1034
1	6	3	8	100	147
1	3	3	9	147	198
1	4	4	10	307	334
1	9	6	11	356	438
1	1	3	12	681	689
1	3	2	13	1026	1114
1	1	1	14	1258	1276
2	3	7	15	84	144
2	0	4	16	170	240
2	7	0	17	331	357
2	7	0	18	357	413
2	9	0	19	530	577
2	4	7	20	598	638
2	8	7	21	676	713
2	9	6	22	813	875
2	6	7	23	911	972
2	0	0	24	975	1044
3	1	4	25	87	170
3	5	5	26	200	273
3	4	2	27	334	396
3	4	4	28	434	504
3	6	6	29	516	588
3	8	0	30	715	776
3	0	0	31	790	860
3	3	0	32	917	975
3	4	4	33	986	1021
3	1	4	34	1034	1119
3	9	6	35	1132	1236
3	8	4	36	1238	1265
3	2	2	37	1265	1289
4	7	1	38	150	219
4	1	2	39	224	236
4	7	1	40	487	553
4	2	4	41	746	775
4	7	0	42	776	786
4	9	3	43	1089	1132
4	4	7	44	1141	1179
4	5	4	45	1182	1231
5	8	7	46	0	84
5	8	5	47	97	134
5	6	6	48	147	190
5	2	1	49	565	625
5	4	5	50	639	719
5	2	4	51	735	746
5	6	7	52	772	790
5	7	5	53	954	996
5	8	0	54	1183	1238
6	0	1	55	65	81
6	0	1	56	81	150
6	9	0	57	199	256
6	0	3	58	256	331
6	1	3	59	331	370
6	1	1	60	370	454
6	0	3	61	524	577
6	2	2	62	711	735
6	6	0	63	1152	1171
6	7	6	64	1236	1278
7	1	1	65	0	65
7	1	4	66	70	87
7	7	0	67	117	137
7	5	5	68	158	200
7	3	3	69	208	256
7	0	3	70	370	422
7	5	3	71	422	439
7	5	5	72	443	512
7	9	0	73	667	715
7	3	2	74	789	818
7	7	6	75	911	942
7	2	2	76	1124	1148
8	3	7	77	261	323
8	2	4	78	334	375
8	0	3	79	439	464
8	3	2	80	614	684
8	5	2	81	684	709
8	9	2	82	875	941
8	5	5	83	1113	1179
9	6	2	84	396	476
9	5	5	85	512	604
9	8	7	86	638	676
9	5	5	87	719	785
9	4	5	88	785	837
9	8	5	89	837	929
9	2	2	90	941	1002
9	2	1	91	1002	1072
9	8	0	92	1074	1152
9	7	1	93	1152	1217
9	0	3	94	1217	1236
9	6	0	95	1238	1300
10	8	7	96	195	261
10	6	6	97	261	356
10	2	4	98	375	434
10	8	0	99	469	530
10	3	2	100	551	614
10	2	1	101	625	711
10	2	4	102	775	859
10	3	0	103	860	917
10	9	6	104	942	1023
10	7	5	105	1025	1054
10	4	5	106	1054	1072
10	3	3	107	1132	1210
10	3	7	108	1210	1240
10	1	1	109	1240	1258
10	4	5	110	1258	1309
11	2	4	111	0	70
11	4	2	112	103	145
11	2	2	113	145	208
11	1	2	114	236	297
11	3	3	115	689	788
11	6	7	116	790	833
11	6	7	117	1055	1141
11	8	0	118	1171	1183
12	8	0	119	137	191
12	4	2	120	208	224
12	4	4	121	240	307
12	3	7	122	385	455
12	1	3	123	464	498
12	0	3	124	577	673
12	1	4	125	689	731
12	7	3	126	788	843
12	2	1	127	859	907
12	8	3	128	963	984
12	7	5	129	996	1025
12	9	6	130	1025	1089
12	4	5	131	1179	1250
13	5	5	132	29	97
13	8	5	133	273	344
13	9	6	134	438	516
13	8	7	135	530	561
13	6	6	136	654	714
13	5	2	137	853	872
13	3	7	138	1240	1279
14	7	5	139	0	29
14	6	3	140	49	100
14	5	5	141	134	158
14	4	7	142	158	195
14	2	1	143	219	282
14	9	1	144	282	310
14	3	7	145	323	364
14	7	0	146	413	469
14	6	6	147	588	654
14	1	1	148	790	856
14	6	6	149	900	911
14	1	1	150	911	998
14	3	2	151	1002	1026
14	7	1	152	1072	1140
14	0	3	153	1236	1287
15	3	0	154	0	14
15	7	0	155	45	117
15	1	3	156	198	208
15	4	7	157	719	772
15	6	7	158	833	900
15	0	3	159	911	963
15	6	7	160	972	1055
15	5	3	161	1055	1085
16	2	2	162	84	103
16	7	0	163	256	331
16	6	7	164	364	385
16	4	4	165	504	585
16	1	4	166	598	624
16	1	4	167	624	681
16	9	1	168	715	727
16	0	1	169	727	790
16	4	4	170	918	986
16	4	5	171	1072	1113
16	2	2	172	1148	1200
16	2	2	173	1200	1261
17	0	3	174	0	49
17	2	2	175	487	551
17	7	1	176	553	565
17	9	6	177	727	813
17	4	4	178	859	918
18	9	6	179	0	65
18	8	5	180	344	443
18	4	4	181	585	598
18	7	5	182	604	639
18	0	0	183	1044	1074
18	1	1	184	1276	1304
19	3	0	185	14	45
19	9	6	186	65	113
19	9	0	187	191	199
19	0	1	188	331	363
19	2	1	189	454	487
19	0	3	190	498	524
19	9	0	191	577	667
19	5	2	192	818	853
19	8	5	193	929	954
19	8	3	194	984	1029
19	2	6	195	1089	1124
19	1	4	196	1124	1182


Solution History:
