This is the output of Heuristic Solver for Dual resource constrained flexible job shop Scheduling Problem.
Input file is: wfjsp21_10.txt
Method: TSN1_100000000_0.281305_5
Seed: 3
Number of Jobs: 25
Number of Operations: 248
Number of Machines: 15
Number of Operators: 12
CPU Time: 16.8869
obj: 1152
Best found lower bound:0
Solver gap (best found lower bound and upper bound difference): Not known


Final Solution:
Job	Machine	Operator	Operation	Start Time	Finish Time
0	3	7	0	0	72
0	10	11	1	161	236
0	0	4	2	236	298
0	11	5	3	326	421
0	5	4	4	737	788
0	2	10	5	788	820
0	13	8	6	829	860
0	3	4	7	973	1021
0	6	6	8	1031	1111
0	11	2	9	1127	1152
1	5	11	10	124	161
1	10	11	11	236	271
1	6	4	12	387	472
1	2	2	13	472	554
1	10	11	14	648	714
1	9	3	15	895	987
1	13	3	16	987	1075
1	9	8	17	1122	1134
2	1	8	18	0	8
2	3	2	19	127	174
2	12	7	20	193	257
2	4	1	21	284	369
2	9	1	22	369	417
2	11	5	23	421	487
2	12	8	24	557	598
2	8	2	25	650	673
2	0	9	26	762	807
2	13	9	27	807	827
2	0	4	28	882	973
2	3	7	29	1095	1123
3	0	5	30	14	87
3	2	5	31	87	171
3	14	1	32	212	284
3	7	5	33	284	326
3	13	10	34	343	396
3	4	6	35	509	583
3	9	0	36	585	600
3	1	2	37	606	630
3	12	2	38	630	650
3	14	3	39	725	782
3	0	6	40	1111	1141
4	6	3	41	478	569
4	1	9	42	696	762
4	7	6	43	774	858
4	3	3	44	863	880
4	11	3	45	880	895
4	12	7	46	965	1029
4	0	5	47	1031	1079
4	8	11	48	1111	1125
5	5	0	49	175	268
5	12	0	50	422	513
5	10	11	51	544	570
5	7	6	52	627	693
5	3	7	53	715	723
5	8	1	54	759	838
5	6	1	55	841	920
5	14	1	56	920	939
5	2	2	57	944	1013
5	5	2	58	1089	1127
5	6	4	59	1127	1135
6	14	6	60	69	158
6	1	3	61	212	259
6	0	3	62	313	404
6	3	0	63	513	585
6	2	5	64	681	772
6	12	7	65	893	965
6	11	6	66	973	1017
6	8	10	67	1035	1076
6	14	9	68	1111	1126
7	9	3	69	0	23
7	11	1	70	54	73
7	9	3	71	73	94
7	14	3	72	162	212
7	5	3	73	268	313
7	8	2	74	354	377
7	10	2	75	377	453
7	14	10	76	475	519
7	13	2	77	676	717
7	9	8	78	1088	1122
8	8	1	79	126	208
8	14	9	80	294	331
8	9	9	81	331	367
8	10	11	82	453	477
8	3	5	83	487	498
8	1	5	84	498	591
8	5	1	85	674	710
8	9	10	86	750	786
8	8	0	87	842	911
8	9	1	88	1011	1088
8	6	4	89	1135	1150
9	6	9	90	19	97
9	6	4	91	126	195
9	9	9	92	262	294
9	9	8	93	305	320
9	9	1	94	417	506
9	8	4	95	523	575
9	8	11	96	575	648
9	13	2	97	717	798
9	0	4	98	817	882
9	3	8	99	893	972
9	7	0	100	972	1054
9	4	3	101	1075	1147
10	1	11	102	340	427
10	13	8	103	441	536
10	10	9	104	595	633
10	3	7	105	650	678
10	7	1	106	710	759
10	5	11	107	912	984
10	0	6	108	1017	1030
10	10	11	109	1035	1111
11	6	5	110	0	11
11	10	8	111	11	75
11	10	8	112	75	139
11	8	10	113	212	256
11	2	7	114	257	345
11	0	6	115	415	485
11	0	7	116	489	569
11	5	4	117	583	659
11	9	4	118	659	729
12	12	10	119	0	79
12	0	3	120	128	162
12	5	8	121	320	357
12	8	10	122	396	475
12	11	6	123	487	509
12	5	1	124	509	583
12	7	0	125	602	621
12	14	0	126	621	646
12	5	8	127	788	829
12	4	6	128	944	973
12	8	11	129	1011	1035
13	8	6	130	0	34
13	4	1	131	77	126
13	2	5	132	171	190
13	11	8	133	218	305
13	7	7	134	405	415
13	7	7	135	415	489
13	1	2	136	591	606
13	1	9	137	633	696
13	11	8	138	714	787
13	9	0	139	817	842
13	13	6	140	860	928
13	12	0	141	1054	1130
14	12	10	142	79	132
14	12	10	143	257	343
14	12	0	144	355	422
14	9	9	145	506	576
14	13	6	146	583	596
14	13	10	147	602	676
14	12	7	148	825	893
14	14	10	149	939	1019
14	4	9	150	1026	1066
14	3	10	151	1076	1089
14	2	10	152	1089	1124
15	5	11	153	52	124
15	4	6	154	158	230
15	2	8	155	357	441
15	4	1	156	583	665
15	6	6	157	693	774
15	12	7	158	785	815
15	10	9	159	834	863
15	10	9	160	955	1026
15	11	4	161	1026	1112
16	8	6	162	34	66
16	1	2	163	66	127
16	11	8	164	139	218
16	4	6	165	230	279
16	3	0	166	279	355
16	4	9	167	369	439
16	11	3	168	787	826
16	1	9	169	1066	1111
17	3	0	170	77	124
17	10	6	171	279	366
17	11	8	172	635	714
17	3	7	173	723	785
17	9	4	174	788	817
17	14	10	175	820	907
17	7	0	176	911	960
17	1	8	177	972	1062
17	5	2	178	1073	1089
17	7	1	179	1089	1152
18	0	0	180	0	14
18	4	0	181	14	77
18	7	4	182	195	214
18	7	7	183	345	405
18	4	9	184	439	506
18	8	10	185	676	750
18	1	5	186	852	945
18	6	5	187	945	1031
19	7	4	188	0	64
19	7	4	189	64	103
19	6	4	190	103	126
19	8	2	191	262	354
19	5	6	192	366	415
19	5	3	193	431	478
19	3	7	194	585	650
19	11	3	195	826	863
19	10	9	196	863	955
20	11	1	197	0	54
20	0	3	198	94	128
20	13	9	199	176	251
20	6	5	200	251	284
20	5	3	201	415	431
20	2	2	202	554	583
20	11	8	203	598	635
20	6	3	204	658	682
20	14	3	205	688	725
20	9	8	206	860	893
20	2	2	207	1013	1073
21	7	7	208	116	193
21	3	5	209	193	222
21	8	4	210	475	523
21	7	10	211	523	602
21	0	0	212	646	708
21	5	11	213	714	737
21	10	11	214	737	815
21	10	11	215	815	834
21	5	11	216	834	912
21	2	10	217	912	936
21	8	1	218	939	1011
22	14	9	219	0	19
22	5	11	220	19	52
22	1	10	221	132	212
22	1	11	222	271	340
22	12	8	223	536	557
22	10	9	224	576	595
22	0	6	225	596	627
22	1	5	226	772	852
22	4	2	227	852	944
22	14	7	228	1029	1095
23	14	3	229	23	69
23	8	7	230	72	116
23	13	0	231	124	175
23	9	2	232	176	262
23	6	4	233	298	387
23	2	5	234	591	681
23	0	0	235	708	756
23	4	0	236	756	817
23	12	7	237	817	825
23	6	2	238	825	841
23	13	5	239	1079	1143
24	2	2	240	0	35
24	9	2	241	35	44
24	9	9	242	97	176
24	10	11	243	477	544
24	6	3	244	569	658
24	14	1	245	665	674
24	14	7	246	678	688
24	3	7	247	688	715


Solution History:
