This is the output of Heuristic Solver for Dual resource constrained flexible job shop Scheduling Problem.
Input file is: wfjsp16_4.txt
Method: TSN1_100000000_0.724318_5
Seed: 3
Number of Jobs: 40
Number of Operations: 306
Number of Machines: 15
Number of Operators: 15
CPU Time: 43.4794
obj: 1096
Best found lower bound:0
Solver gap (best found lower bound and upper bound difference): Not known


Final Solution:
Job	Machine	Operator	Operation	Start Time	Finish Time
0	7	5	0	0	87
0	8	10	1	398	459
0	9	12	2	500	572
0	1	1	3	593	659
0	10	5	4	830	920
0	10	14	5	920	953
0	8	0	6	980	1023
0	0	11	7	1035	1047
0	0	11	8	1047	1093
1	12	10	9	0	20
1	9	1	10	31	47
1	6	13	11	67	111
1	3	7	12	134	199
1	7	5	13	256	277
1	8	10	14	326	398
1	10	0	15	568	642
1	8	0	16	698	757
1	6	14	17	766	817
2	5	11	18	0	32
2	10	14	19	111	127
2	9	2	20	165	212
2	3	3	21	321	410
2	6	14	22	550	561
2	14	6	23	633	696
2	12	13	24	917	986
3	2	0	25	0	10
3	3	6	26	27	114
3	2	11	27	229	299
3	0	11	28	299	396
3	14	3	29	698	744
3	12	3	30	744	840
4	0	9	31	46	112
4	7	5	32	328	404
4	14	6	33	449	497
4	9	2	34	634	652
4	10	10	35	698	765
4	2	4	36	845	872
4	11	12	37	890	910
5	12	10	38	20	87
5	6	4	39	144	194
5	2	1	40	420	477
5	2	1	41	477	510
5	7	6	42	696	745
5	13	7	43	776	857
6	11	13	44	200	272
6	9	2	45	319	382
6	9	12	46	467	500
6	13	7	47	525	548
6	5	10	48	564	630
6	8	14	49	630	660
6	5	10	50	792	842
6	4	10	51	842	874
7	7	5	52	156	256
7	1	9	53	374	417
7	9	12	54	453	467
7	7	8	55	517	544
7	14	2	56	544	625
7	7	5	57	678	692
7	4	13	58	752	823
7	13	9	59	858	904
7	6	0	60	918	979
8	0	4	61	0	44
8	8	12	62	64	97
8	4	14	63	129	142
8	14	3	64	152	176
8	9	2	65	212	260
8	9	2	66	260	319
8	13	4	67	383	426
8	1	9	68	426	456
9	0	11	69	112	165
9	2	1	70	165	229
9	11	13	71	272	307
9	6	14	72	352	402
9	1	2	73	466	542
9	5	5	74	692	739
9	2	4	75	920	931
9	3	6	76	968	1034
9	14	6	77	1034	1080
10	9	4	78	123	144
10	1	9	79	282	361
10	8	11	80	459	521
10	4	9	81	588	641
10	10	0	82	642	698
10	6	14	83	862	890
10	8	7	84	892	980
10	4	8	85	980	1001
10	13	9	86	1007	1038
11	13	7	87	82	129
11	10	10	88	134	201
11	13	4	89	248	294
11	9	2	90	382	406
11	3	6	91	576	603
11	2	4	92	619	693
11	2	2	93	698	752
11	7	2	94	752	794
12	2	0	95	10	55
12	13	8	96	129	205
12	11	13	97	307	374
12	13	7	98	548	597
12	5	10	99	630	642
12	4	8	100	700	751
12	5	10	101	765	792
12	8	12	102	858	885
12	5	8	103	915	963
12	10	14	104	963	980
13	14	2	105	0	81
13	1	9	106	189	282
13	9	2	107	406	453
13	7	5	108	544	587
13	3	3	109	634	698
13	9	4	110	724	796
13	9	4	111	796	845
13	7	8	112	845	915
13	11	12	113	1018	1086
13	5	5	114	1086	1096
14	13	7	115	0	82
14	12	10	116	87	134
14	10	5	117	417	499
14	14	5	118	499	533
14	1	8	119	544	593
14	7	2	120	794	825
14	2	4	121	931	963
15	6	13	122	111	144
15	10	7	123	201	261
15	4	6	124	406	445
15	7	8	125	448	517
15	12	11	126	521	613
15	11	12	127	655	703
15	3	9	128	727	755
15	8	11	129	765	858
15	4	8	130	1001	1074
16	11	3	131	0	41
16	10	14	132	64	111
16	9	12	133	144	161
16	11	3	134	448	495
16	5	10	135	529	564
16	3	6	136	909	941
16	0	11	137	974	1035
17	0	12	138	229	285
17	8	12	139	311	326
17	5	8	140	422	448
17	5	10	141	642	688
17	1	0	142	757	851
17	2	4	143	872	920
17	7	5	144	920	985
17	2	4	145	992	1079
18	3	6	146	0	27
18	1	1	147	47	120
18	3	0	148	120	134
18	12	0	149	134	169
18	13	4	150	205	248
18	6	7	151	261	290
18	5	0	152	309	338
18	6	14	153	402	469
18	9	2	154	845	934
19	12	6	155	169	262
19	4	8	156	330	406
19	12	13	157	473	493
19	6	14	158	561	590
19	2	4	159	590	619
19	14	6	160	745	810
19	0	11	161	926	974
19	6	14	162	1015	1083
20	6	13	163	0	67
20	4	8	164	67	93
20	9	1	165	572	583
20	12	11	166	613	646
20	1	1	167	988	1031
21	2	0	168	55	119
21	4	14	169	142	213
21	14	7	170	378	449
21	6	14	171	469	550
21	9	14	172	693	719
21	3	9	173	755	858
21	0	11	174	858	926
21	11	12	175	926	1018
21	9	3	176	1032	1059
21	4	0	177	1074	1087
22	9	4	178	47	88
22	8	12	179	97	141
22	8	2	180	141	165
22	14	7	181	300	378
22	13	4	182	488	525
22	0	1	183	695	771
23	8	14	184	0	64
23	10	10	185	261	326
23	2	1	186	326	391
23	2	1	187	391	420
23	3	6	188	505	576
23	8	2	189	660	698
23	1	1	190	851	914
23	5	10	191	963	1057
24	10	12	192	0	62
24	6	14	193	290	352
24	5	0	194	354	422
24	3	7	195	449	476
24	3	6	196	892	909
24	9	2	197	1011	1032
25	5	0	198	169	241
25	3	3	199	410	448
25	1	9	200	456	466
25	9	14	201	660	693
25	5	0	202	851	915
25	12	13	203	986	1089
26	5	11	204	98	111
26	1	9	205	120	189
26	11	13	206	374	403
26	11	12	207	572	655
26	0	13	208	656	685
26	1	8	209	685	700
26	1	9	210	700	727
26	10	5	211	765	830
26	4	10	212	874	941
26	1	1	213	1031	1078
27	9	1	214	0	31
27	11	3	215	41	82
27	9	4	216	88	123
27	1	9	217	361	374
27	3	6	218	941	968
28	2	1	219	120	163
28	12	6	220	262	343
28	4	13	221	511	583
28	14	6	222	810	881
28	3	9	223	1038	1094
29	11	3	224	82	152
29	8	12	225	286	311
29	11	12	226	417	447
29	2	8	227	752	845
29	11	3	228	845	890
29	14	3	229	977	1023
29	8	0	230	1023	1072
30	14	3	231	225	300
30	13	4	232	339	383
30	13	4	233	426	488
30	11	3	234	495	563
30	6	7	235	597	684
30	0	1	236	685	695
30	1	14	237	727	756
30	7	7	238	985	1048
30	9	7	239	1059	1086
31	14	2	240	81	139
31	11	13	241	152	200
31	5	0	242	241	309
31	4	0	243	445	511
31	10	0	244	511	551
31	3	6	245	603	633
31	6	14	246	756	766
31	11	12	247	767	817
31	6	14	248	980	1015
31	13	2	249	1038	1091
32	5	6	250	114	166
32	8	8	251	211	286
32	4	8	252	286	312
32	3	7	253	476	505
32	0	9	254	540	588
32	0	13	255	588	656
32	0	1	256	771	834
32	12	13	257	840	917
32	2	4	258	963	992
32	5	10	259	1057	1084
33	0	12	260	165	229
33	7	5	261	277	328
33	0	9	262	466	530
33	9	3	263	583	634
33	6	13	264	685	752
34	10	12	265	326	397
34	5	10	266	459	529
34	2	4	267	529	578
34	8	14	268	590	624
34	3	4	269	698	724
34	3	7	270	858	892
34	9	2	271	934	1011
35	4	8	272	312	330
35	7	5	273	587	678
35	13	7	274	684	776
35	6	14	275	817	862
35	13	9	276	904	1007
36	1	9	277	0	46
36	7	5	278	87	121
36	7	5	279	121	156
36	4	14	280	213	262
36	13	4	281	294	339
36	12	6	282	343	396
36	0	11	283	396	458
36	0	1	284	530	540
36	12	11	285	646	693
36	1	1	286	914	988
37	3	1	287	229	321
37	5	0	288	338	354
37	11	12	289	703	767
37	14	3	290	890	977
37	10	5	291	985	1074
38	5	11	292	32	98
38	4	8	293	98	129
38	14	3	294	176	225
38	12	13	295	403	473
38	4	9	296	641	700
39	4	8	297	0	43
39	8	11	298	165	211
39	6	10	299	211	260
39	10	12	300	397	417
39	10	0	301	551	568
39	13	8	302	597	683
39	12	11	303	693	740
39	5	11	304	740	765
39	6	14	305	890	918


Solution History:
