This is the output of Heuristic Solver for Dual resource constrained flexible job shop Scheduling Problem.
Input file is: wfjsp9_6.txt
Method: TSN1_100000000_0.253318_5
Seed: 1
Number of Jobs: 15
Number of Operations: 134
Number of Machines: 5
Number of Operators: 5
CPU Time: 15.2023
obj: 1412
Best found lower bound:0
Solver gap (best found lower bound and upper bound difference): Not known


Final Solution:
Job	Machine	Operator	Operation	Start Time	Finish Time
0	4	0	0	88	150
0	2	0	1	178	219
0	3	3	2	270	336
0	2	0	3	442	485
0	0	3	4	615	704
0	2	0	5	713	802
0	2	0	6	802	832
0	0	3	7	883	910
0	3	4	8	1235	1320
1	1	1	9	138	153
1	4	2	10	249	337
1	3	3	11	337	403
1	4	2	12	447	479
1	0	4	13	738	774
1	4	1	14	802	864
1	2	0	15	962	1047
1	0	3	16	1212	1293
2	2	2	17	61	145
2	2	0	18	150	178
2	3	3	19	403	448
2	0	3	20	561	615
2	3	4	21	659	700
2	2	0	22	873	962
2	1	2	23	1211	1291
2	0	3	24	1350	1412
3	4	0	25	45	88
3	1	1	26	104	138
3	4	2	27	203	211
3	1	1	28	249	315
3	4	2	29	568	652
3	4	1	30	652	699
3	2	0	31	832	846
3	0	3	32	910	998
3	3	4	33	1023	1095
3	3	4	34	1095	1133
4	3	3	35	18	100
4	0	4	36	146	186
4	0	4	37	186	211
4	4	1	38	699	784
4	3	4	39	926	962
4	4	1	40	1004	1053
4	1	2	41	1166	1211
4	1	1	42	1304	1371
5	3	3	43	100	185
5	2	0	44	353	442
5	2	0	45	620	669
5	3	3	46	704	788
5	3	4	47	895	926
5	1	2	48	981	1026
5	3	4	49	1133	1147
5	3	4	50	1147	1235
5	0	3	51	1317	1350
5	3	4	52	1392	1403
6	2	2	53	0	47
6	2	0	54	219	307
6	1	1	55	315	326
6	1	1	56	326	415
6	3	4	57	456	520
6	1	1	58	545	608
6	3	4	59	976	1023
6	0	3	60	1092	1177
6	1	2	61	1291	1304
6	2	0	62	1317	1412
7	0	4	63	76	129
7	0	4	64	211	233
7	0	4	65	233	260
7	2	0	66	485	570
7	1	1	67	608	649
7	1	2	68	740	825
7	1	2	69	825	899
7	3	4	70	962	976
7	0	3	71	1177	1212
7	1	2	72	1371	1412
8	1	1	73	153	249
8	0	4	74	260	298
8	0	4	75	298	342
8	1	1	76	415	424
8	0	3	77	456	480
8	1	2	78	652	740
8	2	0	79	1047	1137
8	4	1	80	1168	1180
8	4	2	81	1304	1328
9	0	4	82	0	10
9	4	2	83	479	568
9	0	4	84	704	722
9	0	3	85	808	883
9	1	2	86	1026	1114
9	1	2	87	1114	1166
9	0	3	88	1293	1317
9	4	1	89	1371	1406
10	1	1	90	0	85
10	1	1	91	85	104
10	0	4	92	129	146
10	4	2	93	211	249
10	3	4	94	520	569
10	2	0	95	669	713
10	3	4	96	808	895
10	4	1	97	1053	1141
10	4	1	98	1141	1168
11	0	4	99	10	76
11	4	2	100	150	203
11	0	4	101	342	352
11	1	1	102	436	479
11	2	0	103	570	620
11	4	1	104	784	802
11	4	1	105	1180	1215
11	2	0	106	1222	1244
11	4	2	107	1328	1366
12	4	2	108	358	447
12	1	1	109	479	516
12	1	1	110	516	545
12	3	4	111	569	659
12	2	0	112	846	873
12	4	1	113	873	924
12	4	1	114	924	1004
12	0	3	115	1004	1092
12	2	0	116	1137	1222
12	4	1	117	1266	1300
13	3	3	118	0	18
13	2	2	119	47	61
13	4	2	120	337	358
13	0	4	121	358	456
13	0	4	122	722	738
13	0	4	123	774	801
13	1	2	124	899	981
13	3	4	125	1320	1392
14	4	0	126	0	45
14	3	3	127	185	270
14	2	0	128	307	353
14	1	1	129	424	436
14	0	3	130	480	561
14	3	3	131	788	808
14	4	1	132	1215	1266
14	2	0	133	1266	1317


Solution History:
