This is the output of Heuristic Solver for Dual resource constrained flexible job shop Scheduling Problem.
Input file is: wfjsp7_4.txt
Method: TSN1_100000000_0.112626_5
Seed: 5
Number of Jobs: 12
Number of Operations: 95
Number of Machines: 5
Number of Operators: 5
CPU Time: 6.75911
obj: 960
Best found lower bound:0
Solver gap (best found lower bound and upper bound difference): Not known


Final Solution:
Job	Machine	Operator	Operation	Start Time	Finish Time
0	1	3	0	106	181
0	4	2	1	198	261
0	3	0	2	263	331
0	4	0	3	331	393
0	2	3	4	512	608
0	4	0	5	779	810
0	4	0	6	854	897
0	4	0	7	897	910
0	4	0	8	910	960
1	0	2	9	40	65
1	1	3	10	92	106
1	0	4	11	163	206
1	4	2	12	261	330
1	3	2	13	331	354
1	4	0	14	393	466
1	3	2	15	538	619
1	4	0	16	627	686
1	2	3	17	744	795
2	0	2	18	65	98
2	4	4	19	133	152
2	1	3	20	181	230
2	0	1	21	438	514
2	1	4	22	543	555
2	4	0	23	686	749
2	0	1	24	824	897
3	3	0	25	0	11
3	4	4	26	56	133
3	3	2	27	354	433
3	3	2	28	679	760
3	3	2	29	760	809
3	2	3	30	833	929
4	2	1	31	74	138
4	3	0	32	194	263
4	4	0	33	466	521
4	0	1	34	645	660
4	1	4	35	712	777
4	0	1	36	794	824
4	2	3	37	929	954
5	3	0	38	55	119
5	2	4	39	279	327
5	0	4	40	352	408
5	4	0	41	521	556
5	1	4	42	556	609
5	2	3	43	609	681
6	2	1	44	0	74
6	0	2	45	98	163
6	4	2	46	163	198
6	2	1	47	378	406
6	1	3	48	409	474
6	2	3	49	482	512
6	2	3	50	681	734
6	4	0	51	749	779
7	1	3	52	0	92
7	3	0	53	119	163
7	2	4	54	206	221
7	2	4	55	221	252
7	1	3	56	335	409
7	3	2	57	524	538
7	4	0	58	556	627
7	4	0	59	810	854
7	0	1	60	897	956
8	3	0	61	11	55
8	3	0	62	163	194
8	0	1	63	206	217
8	2	4	64	252	279
8	1	3	65	291	335
8	0	1	66	582	645
8	0	1	67	660	707
8	1	4	68	777	812
9	4	4	69	0	56
9	2	1	70	138	202
9	1	3	71	256	291
9	2	1	72	328	378
9	3	2	73	433	524
9	1	4	74	665	712
9	2	3	75	734	744
9	1	4	76	812	889
9	1	4	77	889	938
10	1	3	78	230	256
10	2	4	79	408	482
10	1	4	80	482	543
10	3	2	81	619	679
10	0	1	82	707	763
10	0	1	83	763	794
10	3	2	84	809	900
10	3	2	85	900	922
10	3	2	86	922	953
11	0	2	87	0	40
11	0	1	88	217	281
11	0	1	89	281	328
11	0	4	90	328	352
11	0	1	91	408	438
11	0	1	92	514	582
11	1	4	93	609	665
11	2	3	94	795	833


Solution History:
