This is the output of Heuristic Solver for Dual resource constrained flexible job shop Scheduling Problem.
Input file is: wfjsp5_5.txt
Method: TSN1_100000000_0.073935_5
Seed: 5
Number of Jobs: 10
Number of Operations: 71
Number of Machines: 5
Number of Operators: 5
CPU Time: 4.43708
obj: 728
Best found lower bound:0
Solver gap (best found lower bound and upper bound difference): Not known


Final Solution:
Job	Machine	Operator	Operation	Start Time	Finish Time
0	1	3	0	54	68
0	1	3	1	68	108
0	1	3	2	108	195
0	3	0	3	218	284
0	4	4	4	446	513
0	3	2	5	610	644
0	0	1	6	656	728
1	2	2	7	96	135
1	3	0	8	138	182
1	3	0	9	182	218
1	1	3	10	281	312
1	1	3	11	312	380
1	1	3	12	380	403
1	2	2	13	444	457
1	1	3	14	525	600
2	4	4	15	28	92
2	0	1	16	137	147
2	2	2	17	153	208
2	4	4	18	224	299
2	1	3	19	403	442
2	2	0	20	538	566
2	2	0	21	566	603
2	4	4	22	698	727
3	4	3	23	0	28
3	2	2	24	208	291
3	3	0	25	448	496
3	4	4	26	513	552
3	2	3	27	603	626
4	1	4	28	0	9
4	4	4	29	92	140
4	1	3	30	195	281
4	2	2	31	291	356
4	3	0	32	365	435
4	1	3	33	442	525
4	4	4	34	552	632
4	1	3	35	658	693
5	2	2	36	0	13
5	0	1	37	54	105
5	3	0	38	284	365
5	4	4	39	377	446
5	0	1	40	474	540
5	0	1	41	540	570
5	0	1	42	586	656
5	1	3	43	693	725
6	0	1	44	147	165
6	0	1	45	372	439
6	2	0	46	626	719
7	2	2	47	13	96
7	3	0	48	96	138
7	0	1	49	199	283
7	4	4	50	299	377
7	2	2	51	434	444
7	3	2	52	497	531
7	3	2	53	531	610
7	1	3	54	626	658
8	3	0	55	0	93
8	2	2	56	135	153
8	0	1	57	165	199
8	0	1	58	283	372
8	3	0	59	435	448
8	0	1	60	448	474
8	4	4	61	632	698
9	0	1	62	0	16
9	1	1	63	16	54
9	0	1	64	105	137
9	4	4	65	140	224
9	2	2	66	356	434
9	2	2	67	457	497
9	2	0	68	497	538
9	0	1	69	570	586
9	3	2	70	644	728


Solution History:
