This is the output of Heuristic Solver for Dual resource constrained flexible job shop Scheduling Problem.
Input file is: wfjsp13_1.txt
Method: TSN1_100000000_0.494812_5
Seed: 5
Number of Jobs: 25
Number of Operations: 248
Number of Machines: 15
Number of Operators: 15
CPU Time: 29.6992
obj: 916
Best found lower bound:0
Solver gap (best found lower bound and upper bound difference): Not known


Final Solution:
Job	Machine	Operator	Operation	Start Time	Finish Time
0	7	9	0	0	69
0	10	0	1	157	180
0	7	10	2	180	228
0	8	1	3	232	322
0	9	5	4	494	571
0	13	2	5	571	627
0	10	8	6	644	719
0	11	6	7	749	780
0	12	4	8	780	815
0	5	9	9	861	895
0	1	7	10	895	903
1	10	6	11	0	14
1	9	6	12	20	32
1	4	11	13	45	87
1	10	0	14	96	157
1	14	4	15	185	239
1	1	3	16	265	286
1	8	6	17	341	352
1	5	8	18	352	413
1	8	12	19	570	611
1	3	11	20	673	757
2	4	5	21	104	195
2	13	13	22	200	245
2	7	10	23	245	318
2	12	10	24	318	332
2	6	10	25	332	364
2	8	4	26	547	570
2	0	5	27	571	594
2	14	1	28	607	660
2	3	5	29	820	899
3	3	11	30	96	138
3	10	14	31	259	318
3	2	14	32	540	627
3	0	3	33	627	673
3	14	0	34	714	727
3	2	13	35	754	795
3	6	0	36	795	821
3	11	7	37	821	855
4	0	7	38	92	166
4	4	4	39	250	306
4	14	6	40	306	338
4	0	11	41	426	509
4	1	3	42	517	544
4	3	1	43	544	601
4	7	5	44	619	630
4	2	2	45	630	644
5	12	4	46	0	80
5	10	10	47	80	91
5	13	6	48	93	104
5	1	6	49	135	182
5	10	6	50	182	259
5	14	6	51	259	274
5	1	7	52	286	341
5	13	3	53	362	416
5	1	3	54	469	517
5	6	13	55	644	691
5	0	11	56	757	844
5	14	0	57	844	888
6	9	10	58	93	176
6	8	1	59	178	232
6	6	10	60	364	393
6	10	13	61	483	559
6	14	3	62	590	607
6	2	2	63	644	682
6	4	14	64	692	781
6	12	14	65	815	850
6	0	11	66	887	906
7	3	7	67	0	44
7	1	3	68	73	123
7	14	4	69	123	185
7	3	11	70	235	276
7	11	6	71	276	301
7	3	11	72	301	340
7	5	10	73	521	565
7	3	1	74	757	798
7	0	11	75	844	887
8	13	13	76	125	200
8	0	5	77	200	277
8	1	7	78	341	416
8	5	14	79	431	521
8	10	13	80	559	638
8	11	6	81	638	675
8	10	8	82	719	734
8	2	1	83	734	754
8	5	12	84	768	777
8	6	1	85	821	898
9	6	8	86	0	37
9	13	14	87	53	80
9	4	4	88	87	104
9	8	3	89	135	168
9	0	5	90	277	334
9	9	3	91	347	362
9	4	5	92	362	415
9	11	6	93	675	749
10	9	3	94	0	20
10	8	13	95	21	44
10	8	13	96	44	104
10	7	9	97	156	167
10	3	6	98	427	508
10	9	10	99	571	641
10	14	0	100	660	714
10	4	2	101	805	848
11	1	9	102	182	265
11	8	6	103	352	427
11	13	2	104	427	466
11	4	1	105	466	527
11	4	4	106	527	546
11	7	4	107	577	619
11	1	5	108	668	681
11	12	4	109	704	778
11	11	12	110	857	912
12	11	2	111	0	81
12	12	14	112	81	105
12	3	11	113	138	157
12	5	12	114	192	270
12	5	12	115	270	289
12	10	13	116	318	404
12	14	7	117	416	506
12	4	2	118	546	560
12	11	12	119	780	805
13	8	10	120	0	18
13	7	9	121	69	156
13	12	0	122	266	317
13	3	1	123	341	420
13	1	3	124	420	469
13	6	8	125	605	644
13	8	2	126	695	735
13	6	0	127	748	784
13	2	5	128	795	820
13	10	8	129	820	915
14	1	13	130	0	21
14	10	0	131	25	48
14	14	7	132	48	89
14	13	12	133	290	307
14	2	9	134	339	383
14	10	13	135	404	483
14	2	2	136	483	540
14	7	9	137	541	577
14	5	9	138	577	669
14	5	1	139	669	709
14	10	8	140	734	810
14	1	4	141	815	893
15	4	11	142	0	45
15	2	2	143	178	259
15	2	9	144	265	339
15	0	14	145	339	391
15	6	10	146	393	433
15	11	0	147	433	499
15	14	7	148	506	589
15	1	7	149	590	662
15	13	7	150	662	702
15	5	12	151	709	768
15	8	13	152	803	857
15	12	13	153	857	912
16	1	3	154	21	73
16	5	12	155	73	112
16	6	8	156	159	198
16	9	7	157	198	281
16	4	4	158	306	360
16	12	4	159	449	517
16	11	0	160	536	617
16	9	10	161	717	790
17	5	0	162	0	25
17	5	10	163	25	43
17	6	8	164	43	83
17	8	6	165	104	120
17	8	6	166	120	135
17	5	12	167	135	192
17	11	3	168	192	226
17	7	8	169	318	341
17	9	5	170	415	494
17	9	10	171	641	717
17	1	5	172	757	775
18	13	14	173	0	53
18	2	1	174	97	178
18	6	8	175	198	288
18	6	8	176	288	318
18	13	12	177	318	357
18	13	9	178	470	508
18	0	11	179	509	548
18	12	4	180	628	704
18	8	2	181	735	787
18	13	6	182	807	882
18	14	0	183	888	915
19	6	8	184	83	159
19	2	9	185	383	470
19	8	6	186	512	547
19	12	6	187	547	565
19	12	6	188	565	628
19	3	5	189	630	668
19	7	9	190	673	759
19	14	3	191	759	797
19	3	1	192	798	818
19	5	12	193	818	857
19	4	14	194	857	916
20	2	1	195	0	97
20	1	3	196	123	132
20	3	11	197	157	235
20	9	3	198	286	347
20	12	4	199	383	449
20	6	8	200	511	547
20	4	11	201	560	635
20	4	14	202	635	692
20	6	13	203	692	748
20	4	14	204	781	805
20	7	10	205	805	884
20	8	6	206	884	915
21	3	0	207	48	96
21	13	14	208	105	125
21	12	14	209	125	179
21	0	7	210	179	197
21	11	2	211	311	386
21	5	0	212	413	431
21	8	10	213	433	512
21	3	12	214	512	531
21	1	5	215	681	757
21	8	6	216	787	803
21	9	3	217	803	855
21	9	7	218	855	895
22	11	2	219	81	157
22	13	13	220	245	290
22	9	12	221	362	407
22	7	8	222	426	509
22	13	9	223	509	541
22	1	3	224	544	590
22	8	12	225	611	695
22	13	7	226	702	726
22	13	7	227	726	807
23	9	6	228	32	93
23	4	14	229	195	250
23	8	1	230	322	341
23	7	11	231	341	426
23	11	0	232	499	536
23	6	8	233	547	605
23	7	11	234	635	673
23	0	3	235	673	754
23	7	9	236	759	795
23	1	9	237	795	815
23	2	2	238	861	907
24	0	5	239	0	92
24	12	0	240	180	266
24	11	2	241	301	311
24	12	0	242	332	383
24	14	0	243	383	404
24	0	14	244	404	426
24	6	12	245	433	511
24	1	5	246	775	793
24	2	9	247	820	861


Solution History:
