This is the output of Heuristic Solver for Dual resource constrained flexible job shop Scheduling Problem.
Input file is: wfjsp7_5.txt
Method: TSN1_100000000_0.107305_5
Seed: 4
Number of Jobs: 12
Number of Operations: 80
Number of Machines: 5
Number of Operators: 5
CPU Time: 6.43974
obj: 814
Best found lower bound:0
Solver gap (best found lower bound and upper bound difference): Not known


Final Solution:
Job	Machine	Operator	Operation	Start Time	Finish Time
0	0	1	0	0	15
0	1	3	1	32	72
0	3	2	2	87	171
0	3	0	3	317	385
0	0	1	4	431	496
0	2	0	5	664	705
0	3	2	6	749	813
1	1	3	7	251	290
1	4	4	8	503	549
1	3	2	9	554	596
1	4	4	10	674	704
1	1	4	11	741	810
2	4	4	12	49	70
2	3	0	13	171	185
2	2	2	14	256	321
2	0	1	15	365	431
2	3	2	16	545	554
3	4	4	17	154	203
3	4	4	18	235	310
3	3	2	19	504	545
3	2	0	20	636	664
3	2	0	21	705	742
4	0	1	22	15	43
4	0	1	23	43	73
4	1	3	24	168	251
4	3	0	25	385	426
4	4	4	26	589	628
5	3	2	27	0	23
5	4	4	28	23	31
5	0	1	29	271	316
5	0	1	30	561	647
5	2	0	31	742	809
6	3	2	32	23	87
6	3	0	33	185	276
6	4	4	34	376	456
6	0	1	35	496	531
6	1	3	36	603	617
6	4	4	37	628	674
7	2	0	38	0	81
7	0	1	39	113	184
7	4	4	40	310	376
7	1	3	41	458	488
7	2	0	42	518	588
8	1	3	43	0	32
8	4	4	44	32	49
8	1	3	45	72	136
8	1	3	46	290	372
8	1	3	47	372	458
8	4	4	48	458	503
8	1	3	49	522	603
8	1	3	50	617	695
8	1	3	51	695	704
8	4	3	52	716	750
9	2	0	53	81	170
9	4	4	54	203	235
9	2	2	55	321	406
9	2	2	56	406	424
9	1	3	57	488	522
9	3	2	58	596	682
9	4	3	59	704	716
9	3	2	60	725	749
9	4	3	61	750	814
10	4	4	62	0	15
10	0	1	63	73	113
10	1	3	64	136	168
10	0	1	65	184	271
10	3	2	66	426	504
10	4	4	67	549	589
10	3	2	68	682	725
10	1	4	69	725	741
11	4	4	70	70	154
11	2	2	71	171	256
11	3	0	72	276	317
11	0	1	73	317	351
11	0	1	74	351	365
11	2	0	75	426	518
11	0	1	76	531	561
11	2	0	77	588	636
11	0	1	78	647	722
11	0	1	79	722	807


Solution History:
