This is the output of Heuristic Solver for Dual resource constrained flexible job shop Scheduling Problem.
Input file is: wfjsp12_9.txt
Method: TSN1_100000000_0.278273_5
Seed: 2
Number of Jobs: 25
Number of Operations: 188
Number of Machines: 10
Number of Operators: 10
CPU Time: 16.7026
obj: 1028
Best found lower bound:0
Solver gap (best found lower bound and upper bound difference): Not known


Final Solution:
Job	Machine	Operator	Operation	Start Time	Finish Time
0	4	9	0	42	128
0	1	8	1	186	230
0	1	2	2	302	369
0	9	7	3	910	965
0	9	3	4	997	1026
1	1	4	5	0	88
1	6	5	6	168	225
1	3	4	7	235	255
1	6	5	8	255	311
1	3	3	9	380	441
1	7	2	10	588	664
1	2	6	11	705	790
1	0	4	12	816	883
2	5	4	13	100	144
2	1	1	14	168	186
2	9	1	15	186	240
2	7	9	16	246	262
2	5	1	17	297	372
2	2	0	18	372	391
2	6	1	19	483	505
2	0	4	20	782	816
3	6	9	21	0	42
3	5	8	22	87	100
3	5	2	23	156	178
3	1	8	24	399	418
3	8	6	25	429	486
3	3	4	26	907	962
4	8	6	27	339	429
4	7	2	28	429	506
4	8	9	29	783	874
4	1	8	30	907	965
4	7	4	31	965	1021
5	2	0	32	0	55
5	0	7	33	73	144
5	2	6	34	144	158
5	1	8	35	541	634
5	3	2	36	734	763
5	9	7	37	798	818
5	0	4	38	893	906
5	1	8	39	965	1023
6	8	5	40	0	62
6	5	2	41	178	269
6	8	6	42	296	321
6	7	2	43	403	422
6	0	4	44	430	452
6	7	2	45	506	551
6	3	3	46	595	636
6	3	2	47	664	734
6	4	0	48	754	807
6	5	5	49	914	934
7	2	7	50	158	247
7	1	4	51	369	397
7	9	9	52	412	472
7	9	9	53	570	606
7	2	6	54	611	637
7	2	5	55	642	705
7	9	7	56	818	910
7	6	5	57	934	949
7	4	9	58	990	1024
8	8	2	59	62	156
8	4	0	60	156	203
8	4	0	61	203	247
8	0	4	62	468	539
8	0	4	63	649	716
8	9	7	64	741	798
8	7	3	65	798	862
8	4	9	66	974	990
9	5	1	67	25	34
9	7	5	68	64	93
9	1	8	69	230	302
9	9	7	70	632	655
9	6	5	71	791	822
10	9	3	72	0	27
10	9	1	73	34	96
10	0	8	74	308	399
10	4	7	75	399	453
10	8	6	76	486	519
10	8	0	77	519	595
10	8	0	78	595	637
10	6	1	79	822	876
10	1	2	80	876	904
10	0	6	81	925	967
11	4	2	82	0	35
11	1	4	83	144	159
11	3	4	84	255	311
11	4	0	85	326	370
11	5	2	86	934	1021
12	1	6	87	88	141
12	8	6	88	321	339
12	3	3	89	361	380
12	2	6	90	519	611
12	5	5	91	714	766
12	3	8	92	818	907
13	2	0	93	55	130
13	7	3	94	131	179
13	6	5	95	225	238
13	9	9	96	531	570
13	6	7	97	570	628
13	8	9	98	693	783
13	6	1	99	949	1028
14	7	3	100	93	121
14	2	3	101	247	319
14	3	3	102	319	361
14	2	0	103	391	413
14	2	0	104	413	493
14	9	7	105	686	741
14	5	5	106	859	914
15	4	0	107	247	326
15	1	8	108	471	483
15	1	8	109	483	541
15	4	5	110	586	642
15	3	3	111	642	658
15	4	0	112	658	754
15	4	9	113	887	974
16	5	1	114	0	25
16	5	8	115	62	87
16	6	5	116	93	168
16	9	1	117	240	297
16	6	7	118	337	398
16	0	4	119	399	430
16	2	0	120	493	515
16	3	3	121	536	595
16	8	6	122	637	693
17	0	7	123	0	73
17	3	1	124	96	168
17	3	4	125	168	235
17	5	2	126	269	297
17	2	4	127	319	363
17	6	5	128	403	425
17	3	3	129	441	536
17	5	1	130	563	635
17	7	3	131	862	949
17	3	7	132	965	1024
18	3	8	133	0	56
18	6	3	134	56	85
18	6	7	135	311	337
18	4	2	136	370	384
18	1	8	137	418	471
18	9	9	138	472	531
18	9	9	139	606	632
18	6	9	140	632	690
18	6	1	141	714	791
19	9	8	142	100	185
19	9	9	143	302	343
19	5	5	144	428	502
19	0	4	145	553	649
19	2	6	146	790	835
19	9	3	147	965	997
20	7	9	148	262	302
20	9	9	149	343	412
20	6	1	150	428	483
20	5	1	151	505	563
20	7	2	152	563	588
20	4	0	153	642	654
20	0	4	154	716	782
20	3	1	155	791	817
20	2	6	156	835	925
20	8	0	157	1010	1028
21	5	2	158	35	62
21	7	3	159	121	131
21	8	6	160	158	251
21	0	7	161	251	308
21	5	1	162	372	428
21	0	4	163	539	553
21	7	3	164	664	729
21	4	0	165	807	887
21	8	0	166	957	1010
22	0	9	167	145	235
22	4	5	168	502	586
22	1	8	169	634	725
22	5	2	170	766	859
22	6	1	171	876	934
22	2	5	172	949	1004
23	7	3	173	179	246
23	4	7	174	453	500
23	6	7	175	505	563
23	9	7	176	655	686
23	7	3	177	729	798
24	7	6	178	0	64
24	4	9	179	128	145
24	8	6	180	251	296
24	7	5	181	311	403
24	0	4	182	452	468
24	5	1	183	635	714
24	1	8	184	725	818
24	0	4	185	883	893
24	8	0	186	893	957
24	0	6	187	967	1023


Solution History:
