This is the output of Heuristic Solver for Dual resource constrained flexible job shop Scheduling Problem.
Input file is: wfjsp15_9.txt
Method: TSN1_100000000_1.928217_5
Seed: 5
Number of Jobs: 30
Number of Operations: 369
Number of Machines: 15
Number of Operators: 15
CPU Time: 115.716
obj: 1377
Best found lower bound:0
Solver gap (best found lower bound and upper bound difference): Not known


Final Solution:
Job	Machine	Operator	Operation	Start Time	Finish Time
0	6	12	0	523	608
0	6	12	1	608	655
0	6	12	2	655	726
0	14	6	3	775	830
0	10	8	4	887	919
0	2	0	5	928	1006
0	3	0	6	1083	1140
0	9	2	7	1189	1206
0	3	14	8	1208	1267
0	14	0	9	1267	1324
1	10	8	10	372	464
1	3	0	11	650	728
1	0	2	12	761	828
1	7	12	13	828	869
1	2	0	14	887	905
1	1	8	15	940	997
1	2	7	16	1013	1029
1	9	14	17	1029	1114
1	13	4	18	1123	1146
1	5	0	19	1149	1171
1	2	9	20	1263	1299
1	5	6	21	1300	1350
1	1	2	22	1350	1362
2	11	0	23	68	90
2	4	13	24	90	113
2	11	10	25	116	176
2	8	2	26	176	227
2	11	11	27	420	502
2	0	2	28	663	761
2	2	8	29	761	845
2	3	4	30	873	928
2	3	10	31	928	990
2	5	2	32	1008	1066
2	2	7	33	1122	1193
2	0	9	34	1240	1254
2	11	5	35	1254	1337
3	5	1	36	0	33
3	14	11	37	33	53
3	7	4	38	53	66
3	5	6	39	377	436
3	6	2	40	457	521
3	4	7	41	655	748
3	1	13	42	760	786
3	9	3	43	856	875
3	0	2	44	893	915
3	10	2	45	919	953
3	13	11	46	1048	1096
4	4	3	47	0	63
4	14	5	48	63	101
4	3	2	49	115	137
4	8	7	50	434	523
4	5	11	51	595	628
4	8	6	52	659	717
4	7	8	53	730	756
4	6	10	54	895	921
4	14	9	55	942	1013
4	10	1	56	1022	1101
5	5	1	57	33	45
5	10	7	58	198	232
5	14	12	59	339	417
5	3	14	60	457	508
5	11	11	61	519	554
5	9	3	62	575	669
5	13	11	63	715	771
5	8	14	64	795	876
5	4	3	65	876	937
5	12	3	66	991	1005
5	4	12	67	1053	1061
5	13	4	68	1096	1123
5	13	4	69	1146	1209
6	9	1	70	48	69
6	6	10	71	183	214
6	12	3	72	239	273
6	10	7	73	302	363
6	0	13	74	367	471
6	0	13	75	471	527
6	13	14	76	564	599
6	1	13	77	601	673
6	12	3	78	673	725
6	11	0	79	728	780
6	6	0	80	780	805
6	2	8	81	845	887
6	12	3	82	957	991
6	12	3	83	1005	1021
6	13	4	84	1283	1338
7	6	11	85	60	101
7	14	5	86	101	194
7	11	6	87	243	299
7	6	14	88	299	319
7	12	7	89	414	434
7	1	9	90	439	526
7	13	14	91	599	647
7	9	3	92	767	856
7	3	4	93	990	1080
7	11	13	94	1103	1150
7	8	2	95	1150	1163
7	1	8	96	1173	1205
7	5	6	97	1205	1264
7	0	13	98	1268	1339
8	7	0	99	314	393
8	1	10	100	411	439
8	7	8	101	536	595
8	12	10	102	615	662
8	6	10	103	755	777
8	6	10	104	809	895
8	13	11	105	907	962
8	8	5	106	1020	1075
8	6	10	107	1121	1205
8	13	4	108	1209	1219
8	8	7	109	1219	1276
8	1	14	110	1289	1346
8	0	13	111	1346	1363
9	5	8	112	107	187
9	0	14	113	187	294
9	13	2	114	372	395
9	8	2	115	402	427
9	5	6	116	444	513
9	12	10	117	552	615
9	2	4	118	663	719
9	5	1	119	767	799
9	1	14	120	884	910
9	5	6	121	914	973
10	8	5	122	0	56
10	8	2	123	227	306
10	12	3	124	329	414
10	9	3	125	420	481
10	12	7	126	529	552
10	11	11	127	554	595
10	3	12	128	728	751
10	5	0	129	805	885
10	13	13	130	971	1048
10	12	3	131	1048	1153
10	7	5	132	1153	1209
10	6	10	133	1209	1268
10	3	12	134	1268	1303
10	7	11	135	1303	1329
10	5	6	136	1350	1367
11	13	6	137	27	84
11	10	1	138	91	149
11	12	3	139	216	239
11	11	11	140	302	356
11	3	4	141	356	439
11	0	2	142	527	592
11	10	10	143	673	722
11	12	7	144	854	937
11	1	8	145	997	1088
11	8	5	146	1097	1134
12	7	8	147	17	48
12	13	6	148	143	175
12	11	6	149	176	243
12	7	0	150	259	314
12	5	2	151	314	371
12	9	11	152	371	407
12	11	1	153	407	419
12	4	4	154	439	510
12	2	4	155	719	750
12	7	12	156	869	953
12	14	0	157	1324	1346
13	3	2	158	0	31
13	2	7	159	31	43
13	7	0	160	174	250
13	12	3	161	273	329
13	1	10	162	352	411
13	2	7	163	566	581
13	9	1	164	673	746
13	4	7	165	782	854
13	11	13	166	914	971
13	14	9	167	1013	1100
13	11	13	168	1150	1233
13	8	2	169	1276	1349
14	1	13	170	189	264
14	8	6	171	306	377
14	4	9	172	383	437
14	2	1	173	484	554
14	3	4	174	554	591
14	2	4	175	591	663
14	6	10	176	726	755
14	3	4	177	755	812
14	1	1	178	812	869
14	1	13	179	869	884
14	11	13	180	1048	1103
14	1	8	181	1103	1173
15	7	8	182	0	17
15	4	9	183	117	204
15	13	5	184	208	298
15	9	11	185	407	420
15	2	1	186	420	484
15	4	0	187	510	584
15	3	0	188	591	650
15	13	14	189	650	659
15	5	9	190	698	757
15	1	10	191	786	809
15	11	6	192	838	862
15	0	6	193	1005	1036
16	11	0	194	0	56
16	0	13	195	56	89
16	6	10	196	214	296
16	7	12	197	417	446
16	0	2	198	592	663
16	13	5	199	663	700
16	13	5	200	700	715
16	14	6	201	717	775
16	11	13	202	786	838
16	9	1	203	875	954
16	7	0	204	1008	1083
16	14	6	205	1103	1179
16	1	2	206	1206	1273
16	9	1	207	1321	1363
17	0	13	208	0	54
17	11	0	209	56	68
17	6	11	210	101	183
17	13	11	211	183	208
17	5	8	212	226	280
17	2	1	213	280	309
17	8	5	214	610	659
17	1	13	215	744	760
17	0	2	216	828	893
17	11	6	217	894	914
17	7	2	218	953	1008
17	12	3	219	1021	1040
17	12	3	220	1153	1184
17	9	8	221	1206	1253
17	6	10	222	1268	1340
18	9	4	223	29	48
18	5	8	224	48	107
18	3	4	225	259	340
18	7	12	226	446	523
18	8	5	227	523	610
18	5	11	228	628	698
18	12	3	229	725	753
18	14	9	230	847	942
18	12	3	231	942	957
18	4	1	232	957	1022
18	0	6	233	1036	1092
18	4	9	234	1100	1183
18	10	11	235	1183	1266
18	12	7	236	1289	1377
19	1	13	237	117	189
19	5	8	238	189	226
19	4	7	239	232	288
19	6	14	240	319	376
19	2	7	241	554	566
19	10	5	242	785	874
19	8	5	243	937	1020
19	7	12	244	1083	1136
19	8	2	245	1163	1182
19	0	9	246	1183	1240
19	1	14	247	1273	1289
20	12	10	248	0	81
20	8	7	249	81	172
20	14	9	250	208	293
20	13	8	251	298	372
20	8	7	252	377	402
20	3	4	253	510	549
20	10	1	254	554	630
20	1	13	255	673	744
20	7	12	256	756	826
20	11	11	257	971	1048
20	0	6	258	1092	1103
20	0	1	259	1103	1158
20	14	0	260	1179	1257
20	5	6	261	1264	1300
20	3	12	262	1303	1366
21	12	3	263	81	142
21	12	3	264	142	216
21	9	12	265	245	323
21	12	10	266	439	512
21	5	6	267	513	528
21	14	9	268	528	572
21	10	1	269	630	673
21	13	11	270	771	864
21	2	7	271	1029	1122
21	3	12	272	1140	1208
21	7	5	273	1209	1232
21	11	5	274	1233	1251
21	4	3	275	1270	1336
21	6	4	276	1340	1377
22	7	4	277	66	150
22	2	1	278	150	214
22	0	13	279	295	367
22	1	13	280	527	601
22	4	7	281	601	655
22	12	9	282	757	847
22	13	11	283	864	907
22	2	0	284	907	928
22	6	4	285	928	988
22	5	6	286	1179	1199
22	11	5	287	1337	1360
23	6	9	288	0	24
23	1	9	289	86	117
23	3	4	290	216	250
23	1	10	291	296	352
23	7	0	292	393	415
23	13	5	293	415	456
23	11	11	294	502	519
23	5	6	295	528	590
23	14	9	296	644	688
23	3	4	297	812	873
24	13	6	298	0	27
24	11	10	299	90	116
24	0	14	300	116	179
24	10	7	301	179	198
24	2	1	302	309	405
24	13	14	303	536	564
24	9	1	304	746	767
24	1	14	305	910	940
24	10	7	306	953	1013
24	6	10	307	1063	1121
24	9	14	308	1121	1180
24	4	3	309	1184	1270
24	12	1	310	1273	1289
24	9	1	311	1289	1321
24	7	11	312	1329	1366
25	3	12	313	31	115
25	9	12	314	115	163
25	7	2	315	163	174
25	3	4	316	174	216
25	1	13	317	264	295
25	14	0	318	417	497
25	11	6	319	595	655
25	7	8	320	678	730
25	4	7	321	748	782
25	8	5	322	1075	1097
25	2	12	323	1213	1251
25	2	12	324	1251	1263
26	14	4	325	0	29
26	6	2	326	31	60
26	10	2	327	60	91
26	2	0	328	91	150
26	14	5	329	194	208
26	3	0	330	250	259
26	5	6	331	436	444
26	9	3	332	481	575
26	5	6	333	973	1004
26	4	12	334	1022	1053
27	9	12	335	163	245
27	10	11	336	245	302
27	10	5	337	464	500
27	14	9	338	572	644
27	8	14	339	717	765
27	5	2	340	1066	1149
27	9	14	341	1180	1189
27	2	7	342	1193	1213
27	7	13	343	1233	1268
27	9	8	344	1268	1284
27	2	9	345	1299	1370
28	4	9	346	293	383
28	13	8	347	464	536
28	7	8	348	595	678
28	10	5	349	722	785
28	8	5	350	876	937
28	0	14	351	940	1005
28	6	10	352	1005	1063
28	4	12	353	1063	1081
28	1	8	354	1088	1096
28	10	11	355	1101	1179
28	13	4	356	1219	1283
28	10	8	357	1284	1372
29	9	11	358	0	27
29	1	9	359	27	86
29	13	6	360	86	143
29	2	1	361	214	273
29	14	5	362	298	339
29	6	14	363	376	457
29	12	10	364	512	529
29	8	14	365	765	795
29	11	6	366	862	894
29	9	12	367	954	1016
29	12	1	368	1184	1273


Solution History:
