This is the output of Heuristic Solver for Dual resource constrained flexible job shop Scheduling Problem.
Input file is: wfjsp8_10.txt
Method: TSN1_100000000_0.117915_5
Seed: 1
Number of Jobs: 15
Number of Operations: 109
Number of Machines: 5
Number of Operators: 5
CPU Time: 7.07702
obj: 1220
Best found lower bound:0
Solver gap (best found lower bound and upper bound difference): Not known


Final Solution:
Job	Machine	Operator	Operation	Start Time	Finish Time
0	2	2	0	137	216
0	1	1	1	329	413
0	3	0	2	450	517
0	0	2	3	560	647
0	4	3	4	682	748
0	0	2	5	754	785
0	2	4	6	956	991
0	2	4	7	1165	1220
1	0	2	8	271	360
1	0	2	9	360	388
1	1	1	10	460	496
1	4	3	11	592	626
1	3	0	12	716	804
1	2	4	13	869	956
1	1	1	14	969	1039
1	2	4	15	1078	1165
2	1	3	16	120	208
2	2	2	17	216	229
2	1	1	18	320	329
2	1	1	19	413	460
2	0	2	20	647	718
2	0	2	21	858	944
2	3	0	22	1084	1135
2	4	3	23	1143	1217
3	1	3	24	73	120
3	3	3	25	208	231
3	2	3	26	231	279
3	0	2	27	944	962
3	1	1	28	1063	1149
4	4	4	29	480	514
4	4	3	30	514	592
4	1	1	31	681	768
4	3	0	32	804	872
4	3	0	33	1048	1084
4	1	1	34	1149	1215
5	0	0	35	43	120
5	0	0	36	120	134
5	0	2	37	247	271
5	3	0	38	378	400
5	0	2	39	464	512
5	2	4	40	514	550
5	0	2	41	1050	1140
5	0	2	42	1140	1210
6	2	4	43	550	640
6	2	4	44	640	656
6	2	4	45	767	782
6	3	0	46	872	943
6	4	3	47	973	1027
6	4	3	48	1113	1128
7	1	1	49	231	320
7	1	0	50	599	681
7	2	4	51	738	767
7	0	2	52	785	858
7	2	4	53	860	869
8	4	4	54	314	397
8	4	4	55	397	480
8	1	1	56	496	517
8	1	0	57	517	582
8	0	2	58	718	754
8	1	1	59	768	777
8	1	1	60	777	868
8	3	0	61	943	990
8	2	4	62	991	1078
9	2	2	63	0	72
9	0	0	64	134	226
9	3	0	65	299	378
9	3	0	66	400	450
9	0	2	67	512	560
9	1	0	68	582	599
9	3	1	69	649	675
9	3	0	70	990	1012
9	1	1	71	1039	1063
10	1	1	72	0	49
10	4	4	73	73	126
10	1	1	74	208	231
10	3	0	75	231	299
10	2	3	76	367	414
11	3	0	77	0	43
11	3	1	78	161	199
11	2	3	79	279	367
11	4	3	80	626	665
11	3	0	81	681	716
11	2	4	82	782	809
11	1	1	83	868	880
11	1	1	84	880	969
11	3	0	85	1012	1048
12	0	4	86	0	40
12	2	2	87	72	137
12	0	2	88	388	464
12	4	3	89	665	682
12	4	3	90	1027	1113
13	4	3	91	0	73
13	3	1	92	129	161
13	0	2	93	229	247
13	2	3	94	414	505
13	3	1	95	517	575
13	2	4	96	656	738
13	4	3	97	748	829
13	4	3	98	829	892
13	0	2	99	962	1050
13	3	0	100	1135	1217
14	3	1	101	49	129
14	4	4	102	129	225
14	4	4	103	225	314
14	3	1	104	575	617
14	3	1	105	617	649
14	2	4	106	809	860
14	4	3	107	892	973
14	4	3	108	1128	1143


Solution History:
