This is the output of Heuristic Solver for Dual resource constrained flexible job shop Scheduling Problem.
Input file is: wfjsp22_8.txt
Method: TSN1_100000000_0.337883_5
Seed: 1
Number of Jobs: 30
Number of Operations: 223
Number of Machines: 15
Number of Operators: 12
CPU Time: 20.2813
obj: 975
Best found lower bound:0
Solver gap (best found lower bound and upper bound difference): Not known


Final Solution:
Job	Machine	Operator	Operation	Start Time	Finish Time
0	14	11	0	23	50
0	11	5	1	96	159
0	6	8	2	159	191
0	1	7	3	302	366
0	3	8	4	746	815
1	6	8	5	88	154
1	6	7	6	473	544
1	9	7	7	638	648
1	11	5	8	662	708
1	9	5	9	708	762
1	1	4	10	810	838
1	14	10	11	846	941
1	1	4	12	947	955
2	9	7	13	126	220
2	12	0	14	334	354
2	4	9	15	614	667
2	3	8	16	678	746
2	2	9	17	800	828
2	4	3	18	828	888
2	4	7	19	924	975
3	10	6	20	0	40
3	3	8	21	41	88
3	0	6	22	163	220
3	2	6	23	220	276
3	4	3	24	288	351
3	3	1	25	423	526
3	4	8	26	544	612
3	3	8	27	612	678
3	12	9	28	678	747
3	10	3	29	750	827
4	5	10	30	60	128
4	5	5	31	201	267
4	9	2	32	310	372
4	10	6	33	672	711
4	1	7	34	724	808
4	12	7	35	808	896
4	4	7	36	896	924
5	2	4	37	67	94
5	11	9	38	159	226
5	2	9	39	388	398
5	6	7	40	403	473
5	2	0	41	492	523
5	5	9	42	555	563
5	5	9	43	563	614
5	1	4	44	908	947
6	1	11	45	131	182
6	6	4	46	314	403
6	10	6	47	429	465
6	8	10	48	582	631
6	0	3	49	636	689
6	6	11	50	749	825
7	3	1	51	0	11
7	1	1	52	11	28
7	7	3	53	71	116
7	11	0	54	279	334
7	10	10	55	413	428
7	1	4	56	838	908
8	4	4	57	17	67
8	0	1	58	82	155
8	4	5	59	163	201
8	1	4	60	505	589
8	6	4	61	669	729
8	5	10	62	729	754
8	12	0	63	754	773
8	8	2	64	860	908
9	10	4	65	181	256
9	3	0	66	263	279
9	14	8	67	341	363
9	13	6	68	393	429
9	0	8	69	495	544
9	12	11	70	554	601
9	1	11	71	601	617
9	11	1	72	722	785
9	13	1	73	785	828
10	3	5	74	11	41
10	7	5	75	41	69
10	8	5	76	69	96
10	10	5	77	267	335
10	3	0	78	354	400
10	3	0	79	400	423
10	2	9	80	423	492
11	9	10	81	0	23
11	0	1	82	28	82
11	6	2	83	192	250
11	2	1	84	285	366
11	12	11	85	397	475
11	14	11	86	514	554
11	13	4	87	589	656
11	6	6	88	881	942
12	6	2	89	0	75
12	10	10	90	355	413
12	7	3	91	486	560
12	2	3	92	560	633
12	2	1	93	657	722
12	4	6	94	809	828
12	5	5	95	830	898
12	13	0	96	904	964
13	1	7	97	42	126
13	14	8	98	259	320
13	0	1	99	366	421
13	10	5	100	551	617
13	8	10	101	631	725
13	11	0	102	816	904
13	7	1	103	905	963
14	4	6	104	82	163
14	8	3	105	362	395
14	8	5	106	402	422
14	11	0	107	423	492
14	6	10	108	554	581
14	7	1	109	589	609
14	2	9	110	750	800
14	8	2	111	908	972
15	10	4	112	94	138
15	12	0	113	138	196
15	8	11	114	295	343
15	9	2	115	372	461
15	12	1	116	609	657
15	14	2	117	657	738
15	2	3	118	738	750
15	12	8	119	896	953
15	14	10	120	953	970
16	9	10	121	242	308
16	11	5	122	335	402
16	4	4	123	403	440
16	9	7	124	546	638
16	5	10	125	754	800
16	6	11	126	825	874
17	5	7	127	0	42
17	12	11	128	50	69
17	2	9	129	106	135
17	8	3	130	163	224
17	7	3	131	224	288
17	1	4	132	440	505
17	0	4	133	742	810
17	13	9	134	828	891
17	2	3	135	891	920
17	0	3	136	920	968
18	4	3	137	0	17
18	9	10	138	23	60
18	12	9	139	79	106
18	6	4	140	256	314
18	7	8	141	320	341
18	13	9	142	355	388
18	8	3	143	422	486
18	14	11	144	486	514
19	2	0	145	19	66
19	13	0	146	71	132
19	11	9	147	492	555
19	14	2	148	738	805
19	7	10	149	805	817
19	3	11	150	874	969
20	2	0	151	0	19
20	5	10	152	128	196
20	14	10	153	196	242
20	6	4	154	729	742
20	5	9	155	898	966
21	13	9	156	135	146
21	12	11	157	196	241
21	1	11	158	241	295
21	7	11	159	343	397
21	13	10	160	429	527
21	5	10	161	527	554
21	11	0	162	643	662
21	10	8	163	827	893
22	0	4	164	0	17
22	14	2	165	75	163
22	3	1	166	163	191
22	0	9	167	226	276
22	2	9	168	398	409
22	0	8	169	438	495
22	8	2	170	515	582
22	3	2	171	820	860
23	9	11	172	69	123
23	8	1	173	224	285
23	13	10	174	308	355
23	6	2	175	582	651
23	2	6	176	828	843
24	11	9	177	0	79
24	12	2	178	250	310
24	5	2	179	461	515
24	11	0	180	555	643
24	6	4	181	656	669
24	0	3	182	689	726
24	11	0	183	785	816
24	8	10	184	817	846
24	0	6	185	846	881
25	10	6	186	40	82
25	7	11	187	123	131
25	14	2	188	163	192
25	11	0	189	226	263
25	14	7	190	366	395
25	0	6	191	551	636
25	5	6	192	636	672
26	14	11	193	0	23
26	10	4	194	138	181
26	2	1	195	191	219
26	4	7	196	220	273
26	3	7	197	279	302
26	2	0	198	523	547
26	10	5	199	617	658
26	4	6	200	724	809
27	13	3	201	17	71
27	8	3	202	116	163
27	5	9	203	276	343
27	12	6	204	362	393
27	1	3	205	395	421
27	10	6	206	465	551
27	4	7	207	667	724
27	14	2	208	805	820
27	9	1	209	830	905
28	12	8	210	0	39
28	0	6	211	276	362
28	13	1	212	527	589
28	7	11	213	617	681
28	13	0	214	681	739
28	9	5	215	762	830
29	3	8	216	191	259
29	8	3	217	351	362
29	5	8	218	363	438
29	7	5	219	438	483
29	9	5	220	483	546
29	7	11	221	681	749
29	10	5	222	898	936


Solution History:
