This is the output of Heuristic Solver for Dual resource constrained flexible job shop Scheduling Problem.
Input file is: wfjsp24_7.txt
Method: TSN1_100000000_1.208425_5
Seed: 2
Number of Jobs: 40
Number of Operations: 313
Number of Machines: 15
Number of Operators: 12
CPU Time: 72.5312
obj: 1351
Best found lower bound:0
Solver gap (best found lower bound and upper bound difference): Not known


Final Solution:
Job	Machine	Operator	Operation	Start Time	Finish Time
0	0	6	0	245	329
0	9	3	1	405	416
0	0	3	2	546	587
0	1	6	3	700	801
0	12	10	4	948	974
0	0	6	5	1180	1216
0	8	8	6	1234	1268
0	4	0	7	1280	1319
1	13	0	8	0	9
1	2	7	9	84	120
1	2	11	10	427	517
1	6	0	11	517	579
1	13	4	12	619	697
1	14	1	13	745	800
1	12	1	14	800	839
1	14	3	15	887	905
1	8	5	16	925	1006
1	1	3	17	1246	1325
2	8	2	18	0	58
2	11	2	19	415	494
2	11	11	20	544	610
2	0	0	21	610	647
2	14	1	22	647	661
2	10	5	23	700	773
2	8	4	24	773	788
2	4	0	25	801	855
2	7	8	26	988	1003
2	5	2	27	1037	1118
3	10	5	28	0	42
3	7	5	29	60	85
3	3	8	30	473	547
3	4	3	31	605	683
3	9	3	32	683	757
4	1	10	33	113	125
4	10	10	34	134	222
4	6	4	35	225	299
4	4	1	36	299	325
4	2	11	37	338	363
4	9	3	38	502	538
4	3	4	39	1006	1071
4	10	9	40	1088	1155
4	13	9	41	1155	1239
4	5	4	42	1241	1322
5	3	4	43	0	35
5	7	8	44	35	60
5	14	9	45	443	478
5	6	7	46	835	922
5	2	1	47	928	982
5	6	1	48	1039	1099
6	11	1	49	106	163
6	3	8	50	222	248
6	12	0	51	251	289
6	8	6	52	427	501
6	8	5	53	566	601
6	5	9	54	619	633
6	6	4	55	788	835
6	4	0	56	893	955
6	3	6	57	1142	1180
7	4	6	58	0	37
7	9	2	59	186	203
7	3	8	60	284	311
7	8	4	61	311	344
7	11	1	62	498	544
7	2	1	63	544	607
7	1	5	64	625	700
7	13	9	65	1239	1301
8	3	6	66	37	109
8	14	7	67	120	202
8	10	9	68	296	364
8	2	11	69	364	427
8	3	8	70	641	659
8	0	11	71	783	845
8	1	0	72	1050	1107
8	8	5	73	1279	1351
9	9	9	74	114	156
9	11	1	75	382	405
9	3	8	76	436	473
9	7	8	77	904	988
9	6	1	78	1280	1316
10	6	1	79	466	498
10	9	3	80	757	842
10	0	11	81	1111	1128
10	3	8	82	1128	1142
10	5	4	83	1180	1241
11	11	7	84	63	84
11	1	11	85	84	112
11	8	0	86	124	180
11	12	3	87	200	251
11	14	1	88	253	296
11	7	2	89	405	415
11	9	3	90	1026	1108
11	7	8	91	1142	1169
11	0	7	92	1243	1280
11	3	4	93	1322	1336
12	12	1	94	0	29
12	6	8	95	144	215
12	4	0	96	219	231
12	3	8	97	382	436
12	1	7	98	448	467
12	0	9	99	478	546
12	5	4	100	546	619
12	7	10	101	874	904
12	14	5	102	1006	1101
12	12	10	103	1166	1222
13	11	11	104	0	27
13	10	2	105	494	551
13	1	6	106	553	609
13	2	11	107	610	637
13	3	8	108	701	755
13	0	11	109	755	783
13	13	6	110	815	853
13	1	6	111	853	868
13	11	10	112	918	948
13	1	3	113	985	1026
14	1	3	114	251	329
14	10	9	115	364	408
14	8	9	116	633	698
14	2	9	117	698	717
14	14	3	118	1187	1233
15	11	1	119	181	223
15	5	1	120	223	253
15	5	5	121	394	487
15	6	0	122	647	688
15	6	0	123	688	771
15	1	4	124	871	954
15	9	1	125	1113	1198
15	2	10	126	1292	1327
16	11	7	127	28	63
16	8	2	128	63	77
16	14	2	129	77	107
16	6	6	130	109	143
16	4	11	131	527	543
16	9	11	132	888	944
17	9	10	133	30	113
17	9	3	134	156	167
17	0	0	135	180	219
17	13	7	136	225	293
17	11	1	137	325	382
17	14	5	138	496	566
17	1	6	139	801	815
17	8	2	140	874	915
17	10	7	141	939	990
18	0	0	142	9	70
18	6	8	143	311	382
18	4	0	144	394	456
18	13	0	145	456	516
18	8	5	146	601	625
18	5	9	147	876	958
18	7	8	148	1041	1128
18	8	2	149	1202	1232
19	0	3	150	70	150
19	9	3	151	425	502
19	10	2	152	584	601
19	6	1	153	619	647
19	3	8	154	667	701
19	4	0	155	772	801
19	11	6	156	975	1049
19	4	5	157	1101	1145
19	6	1	158	1203	1280
19	4	1	159	1319	1350
20	1	11	160	185	246
20	14	1	161	661	745
20	13	7	162	745	814
20	2	1	163	982	1039
20	12	10	164	1042	1126
20	0	7	165	1217	1243
20	12	5	166	1244	1279
20	0	6	167	1288	1297
21	12	0	168	289	351
21	10	10	169	605	681
21	13	7	170	716	732
21	5	4	171	835	871
21	6	7	172	922	939
22	5	10	173	0	30
22	8	9	174	83	114
22	3	6	175	143	196
22	0	6	176	222	245
22	2	10	177	276	299
22	4	10	178	567	605
22	0	11	179	687	748
22	3	8	180	755	779
23	5	10	181	125	134
23	13	4	182	186	225
23	11	2	183	256	323
23	0	6	184	329	351
23	10	4	185	426	494
23	8	6	186	501	553
23	3	8	187	659	667
23	5	10	188	681	767
23	12	10	189	974	1042
23	11	11	190	1244	1311
24	12	5	191	85	160
24	3	8	192	248	284
24	7	2	193	601	665
24	7	2	194	747	805
24	2	10	195	808	847
24	0	3	196	847	887
24	0	6	197	892	975
24	3	8	198	1180	1234
24	2	7	199	1280	1292
25	13	1	200	29	106
25	1	11	201	127	185
25	9	11	202	246	273
25	4	3	203	329	386
25	9	9	204	546	618
26	13	7	205	293	322
26	9	2	206	323	405
26	14	9	207	408	443
26	13	4	208	516	530
26	12	7	209	573	631
27	0	3	210	0	8
27	10	5	211	42	58
27	7	8	212	85	144
27	13	7	213	322	352
27	4	10	214	456	527
27	7	10	215	527	567
27	13	0	216	579	608
27	0	11	217	665	687
27	14	3	218	905	985
27	11	6	219	1049	1136
28	13	2	220	107	186
28	7	5	221	318	392
28	6	1	222	405	466
28	12	7	223	467	552
28	3	8	224	779	824
28	13	4	225	956	1003
28	3	4	226	1071	1128
28	1	7	227	1135	1217
28	14	2	228	1233	1299
28	0	9	229	1301	1339
29	2	9	230	0	83
29	7	2	231	665	747
29	0	11	232	1006	1111
29	8	2	233	1118	1202
29	10	6	234	1216	1288
29	6	2	235	1316	1339
30	4	4	236	37	102
30	7	5	237	237	318
30	3	8	238	824	882
30	4	0	239	955	1050
30	4	5	240	1201	1211
30	11	5	241	1211	1244
30	3	4	242	1336	1350
31	9	7	243	0	28
31	10	9	244	222	296
31	12	6	245	351	427
31	3	8	246	547	641
31	4	0	247	855	893
31	13	2	248	915	956
31	10	7	249	990	1044
31	14	3	250	1108	1187
31	3	8	251	1268	1322
32	1	3	252	8	43
32	3	11	253	112	127
32	12	3	254	167	200
32	5	0	255	351	394
32	10	2	256	551	584
32	6	1	257	607	619
32	11	6	258	619	700
32	14	9	259	803	876
32	0	10	260	1128	1166
33	11	2	261	223	256
33	0	7	262	352	448
33	12	7	263	631	716
33	2	11	264	847	862
33	2	11	265	862	888
33	10	1	266	888	928
33	7	8	267	1003	1041
33	2	7	268	1044	1135
33	9	10	269	1222	1287
34	5	9	270	156	216
34	8	4	271	344	426
34	1	5	272	487	496
34	9	1	273	842	887
34	6	0	274	1107	1203
34	7	0	275	1203	1257
34	7	0	276	1257	1280
34	13	7	277	1301	1337
35	4	4	278	102	178
35	4	4	279	697	772
35	5	10	280	772	808
35	9	9	281	958	1025
35	4	5	282	1145	1201
35	10	6	283	1297	1351
36	7	5	284	160	237
36	12	7	285	552	573
36	10	5	286	773	847
36	8	10	287	847	874
36	2	11	288	1181	1244
37	3	10	289	311	375
37	1	10	290	375	447
37	1	4	291	496	509
37	11	9	292	717	803
37	12	5	293	847	925
37	6	2	294	956	1037
37	13	1	295	1099	1113
37	5	4	296	1128	1180
38	7	2	297	805	874
38	11	6	298	874	892
38	11	10	299	904	918
38	3	11	300	944	1006
38	13	9	301	1025	1088
38	2	11	302	1135	1181
38	1	3	303	1233	1246
39	12	11	304	29	83
39	5	0	305	83	124
39	11	1	306	163	181
39	3	6	307	196	222
39	9	10	308	222	237
39	2	10	309	237	276
39	5	11	310	276	338
39	9	3	311	416	425
39	2	11	312	637	665


Solution History:
