This is the output of Heuristic Solver for Dual resource constrained flexible job shop Scheduling Problem.
Input file is: wfjsp18_6.txt
Method: TSN1_100000000_0.275160_5
Seed: 5
Number of Jobs: 20
Number of Operations: 160
Number of Machines: 10
Number of Operators: 8
CPU Time: 16.5136
obj: 1134
Best found lower bound:0
Solver gap (best found lower bound and upper bound difference): Not known


Final Solution:
Job	Machine	Operator	Operation	Start Time	Finish Time
0	3	6	0	22	86
0	3	4	1	192	233
0	1	6	2	233	290
0	4	0	3	459	502
0	2	0	4	527	623
0	1	4	5	623	710
0	5	7	6	710	738
0	2	4	7	748	777
0	5	0	8	812	899
1	2	3	9	0	13
1	7	1	10	144	226
1	5	7	11	383	457
1	2	5	12	457	490
1	6	5	13	490	526
1	9	7	14	526	581
1	0	6	15	581	666
1	4	5	16	1031	1109
2	0	6	17	142	229
2	5	7	18	344	372
2	1	2	19	389	437
2	2	0	20	623	678
2	9	0	21	678	720
2	1	4	22	777	868
2	7	7	23	955	1032
2	3	7	24	1032	1093
3	0	5	25	0	38
3	0	5	26	38	70
3	0	5	27	70	79
3	5	2	28	143	208
3	4	2	29	208	292
3	0	7	30	292	344
3	1	2	31	376	389
3	3	4	32	458	552
3	9	7	33	832	910
3	9	3	34	1045	1080
4	6	7	35	0	77
4	0	6	36	86	124
4	3	7	37	143	168
4	4	1	38	326	411
4	6	6	39	413	451
4	1	2	40	457	507
4	1	6	41	520	572
4	8	2	42	1062	1128
5	7	2	43	292	376
5	4	1	44	584	673
5	2	3	45	787	835
5	2	0	46	899	991
5	0	3	47	1008	1043
5	6	6	48	1045	1088
5	3	0	49	1096	1110
6	8	1	50	0	82
6	3	7	51	103	131
6	5	7	52	131	143
6	9	0	53	283	330
6	9	0	54	330	418
6	2	5	55	418	429
6	8	3	56	458	541
6	4	5	57	678	738
6	8	0	58	738	812
6	8	3	59	926	971
7	9	3	60	30	121
7	5	7	61	372	383
7	5	5	62	588	678
7	2	2	63	835	888
7	7	1	64	900	921
7	5	1	65	921	947
7	3	4	66	947	1032
8	7	1	67	103	144
8	8	4	68	366	458
8	3	4	69	552	617
8	6	3	70	656	670
8	7	7	71	921	955
8	8	2	72	1021	1062
9	4	2	73	0	89
9	1	4	74	112	150
9	9	0	75	238	283
9	4	1	76	317	326
9	2	0	77	502	527
9	9	2	78	727	815
9	3	3	79	835	924
9	6	5	80	924	934
10	7	0	81	0	26
10	6	5	82	153	162
10	6	5	83	162	255
10	9	2	84	437	457
10	6	3	85	541	626
10	7	7	86	738	832
10	8	4	87	868	926
10	0	3	88	983	1008
10	6	6	89	1088	1124
11	4	0	90	116	201
11	2	4	91	233	252
11	0	4	92	252	271
11	0	6	93	482	520
11	2	2	94	678	727
11	0	6	95	751	807
12	2	4	96	16	112
12	9	2	97	588	677
12	7	1	98	696	723
12	6	5	99	738	812
12	0	6	100	892	954
12	4	3	101	971	983
12	4	0	102	991	1031
12	1	0	103	1031	1081
12	9	0	104	1081	1096
12	7	7	105	1096	1129
13	1	6	106	0	22
13	8	4	107	150	192
13	2	5	108	255	354
13	3	3	109	413	451
13	0	6	110	451	482
13	1	2	111	888	972
13	5	1	112	1036	1061
13	2	3	113	1080	1131
14	6	5	114	79	153
14	6	3	115	285	380
14	7	1	116	411	495
14	5	2	117	507	538
14	6	3	118	626	642
14	8	3	119	642	656
14	7	1	120	675	696
14	0	6	121	807	892
15	3	4	122	0	16
15	7	7	123	77	103
15	2	3	124	121	209
15	0	5	125	354	418
15	8	3	126	670	711
15	6	5	127	934	1025
15	1	1	128	1081	1126
16	5	0	129	26	36
16	5	0	130	36	116
16	9	6	131	124	142
16	3	3	132	233	285
16	5	2	133	538	588
16	6	6	134	670	689
16	1	4	135	710	748
16	4	1	136	820	900
16	8	2	137	972	1021
17	8	2	138	89	142
17	9	7	139	168	230
17	5	1	140	230	317
17	7	1	141	495	579
17	7	7	142	581	675
17	3	7	143	675	708
17	3	3	144	711	787
17	5	1	145	947	1036
18	7	7	146	230	291
18	1	6	147	291	330
18	3	6	148	330	413
18	9	7	149	457	514
18	4	1	150	738	820
19	9	3	151	13	30
19	8	0	152	201	238
19	8	4	153	271	366
19	4	0	154	418	459
19	4	5	155	526	584
19	0	6	156	689	751
19	6	5	157	812	906
19	9	6	158	954	1045
19	0	4	159	1045	1134


Solution History:
