This is the output of Heuristic Solver for Dual resource constrained flexible job shop Scheduling Problem.
Input file is: wfjsp18_3.txt
Method: TSN1_100000000_0.424860_5
Seed: 5
Number of Jobs: 20
Number of Operations: 168
Number of Machines: 10
Number of Operators: 8
CPU Time: 25.4959
obj: 1162
Best found lower bound:0
Solver gap (best found lower bound and upper bound difference): Not known


Final Solution:
Job	Machine	Operator	Operation	Start Time	Finish Time
0	9	2	0	93	167
0	5	6	1	245	260
0	2	7	2	269	285
0	8	7	3	422	501
0	3	7	4	501	581
0	1	1	5	650	728
0	8	5	6	789	872
0	5	6	7	992	1028
0	1	6	8	1028	1124
1	4	6	9	117	131
1	5	1	10	131	197
1	0	6	11	260	359
1	6	0	12	430	450
1	0	4	13	713	813
1	4	7	14	868	965
1	8	2	15	1034	1062
1	7	0	16	1069	1128
2	8	5	17	0	17
2	9	7	18	17	88
2	6	6	19	105	117
2	8	4	20	117	145
2	1	0	21	345	404
2	2	2	22	414	515
2	1	1	23	560	625
2	8	5	24	658	686
2	8	5	25	695	765
2	9	5	26	962	1063
3	5	4	27	0	10
3	7	4	28	10	41
3	7	5	29	59	163
3	2	0	30	233	269
3	3	2	31	306	335
3	6	3	32	563	628
3	5	3	33	643	707
3	8	2	34	965	1034
4	2	0	35	0	97
4	4	6	36	131	228
4	4	3	37	282	300
4	9	7	38	323	353
4	7	0	39	608	690
4	9	6	40	734	748
4	2	5	41	765	789
4	5	3	42	809	868
4	9	5	43	874	909
4	3	1	44	939	1001
5	4	2	45	0	93
5	6	3	46	210	282
5	5	5	47	299	370
5	1	1	48	410	428
5	6	3	49	628	643
5	9	6	50	680	734
5	0	6	51	820	892
5	3	4	52	900	938
5	2	5	53	940	962
5	9	2	54	1063	1116
6	6	6	55	76	105
6	9	2	56	167	199
6	8	4	57	242	316
6	2	2	58	335	414
6	6	3	59	467	563
6	2	7	60	654	756
6	4	7	61	756	767
6	1	0	62	832	896
6	4	3	63	1055	1162
7	8	4	64	72	110
7	4	2	65	242	271
7	8	7	66	353	422
7	3	4	67	442	484
7	1	1	68	488	560
7	8	5	69	686	695
7	0	6	70	892	992
8	9	6	71	417	475
8	2	4	72	590	620
8	3	2	73	620	710
8	6	2	74	750	778
8	6	4	75	938	994
8	1	6	76	1124	1136
9	8	4	77	41	72
9	2	0	78	97	112
9	6	3	79	135	210
9	9	5	80	210	299
9	4	6	81	475	524
9	5	3	82	707	726
9	7	1	83	768	806
9	8	5	84	1063	1077
10	3	7	85	88	169
10	8	2	86	199	242
10	2	7	87	285	323
10	7	1	88	323	346
10	5	5	89	370	400
10	8	5	90	501	554
10	7	0	91	565	608
10	1	1	92	625	650
10	2	4	93	813	845
11	1	6	94	34	76
11	3	7	95	169	245
11	8	4	96	316	352
11	5	5	97	400	488
11	0	6	98	524	620
11	9	0	99	750	832
11	6	4	100	845	900
11	1	1	101	900	939
11	7	0	102	978	1069
11	2	5	103	1077	1160
12	1	6	104	0	34
12	1	6	105	233	245
12	6	3	106	300	370
12	4	3	107	370	417
12	2	2	108	515	589
12	4	7	109	767	868
12	8	2	110	874	965
12	2	7	111	965	1069
12	3	7	112	1069	1123
12	5	1	113	1123	1162
13	3	1	114	59	83
13	1	1	115	83	130
13	7	1	116	262	299
13	0	4	117	430	442
13	8	7	118	581	654
13	7	1	119	806	900
14	1	7	120	245	262
14	4	6	121	620	680
14	3	1	122	728	768
14	9	2	123	843	874
14	5	3	124	874	946
14	4	3	125	1008	1055
14	5	1	126	1055	1122
15	6	3	127	0	61
15	0	3	128	61	135
15	1	0	129	152	233
15	7	1	130	238	262
15	9	6	131	359	417
15	0	0	132	690	713
15	3	2	133	778	843
16	5	5	134	17	59
16	0	4	135	145	172
16	0	4	136	172	241
16	6	4	137	370	426
16	0	0	138	450	488
16	5	4	139	530	590
16	0	4	140	620	675
16	7	2	141	710	740
16	9	5	142	909	940
16	0	4	143	994	1095
17	1	0	144	269	345
17	3	4	145	352	369
17	0	0	146	404	430
17	1	6	147	748	820
17	1	3	148	946	1008
17	0	4	149	1095	1154
18	3	1	150	0	59
18	2	5	151	163	209
18	3	2	152	271	306
18	7	1	153	346	410
18	4	3	154	417	467
18	5	4	155	488	530
18	9	5	156	554	592
18	4	2	157	592	616
18	6	4	158	675	711
19	2	0	159	112	152
19	5	1	160	197	238
19	7	1	161	428	488
19	7	0	162	488	565
19	9	5	163	592	658
19	6	0	164	713	750
19	5	3	165	750	809
19	7	0	166	900	978
19	3	2	167	1123	1155


Solution History:
