This is the output of Heuristic Solver for Dual resource constrained flexible job shop Scheduling Problem.
Input file is: wfjsp24_6.txt
Method: TSN1_100000000_0.483375_5
Seed: 3
Number of Jobs: 40
Number of Operations: 314
Number of Machines: 15
Number of Operators: 12
CPU Time: 29.031
obj: 1501
Best found lower bound:0
Solver gap (best found lower bound and upper bound difference): Not known


Final Solution:
Job	Machine	Operator	Operation	Start Time	Finish Time
0	3	7	0	0	58
0	2	1	1	84	125
0	13	7	2	131	187
0	2	2	3	692	733
0	10	8	4	789	879
0	8	11	5	1092	1182
0	1	4	6	1192	1221
0	13	2	7	1221	1247
0	10	9	8	1290	1379
1	13	10	9	0	13
1	7	11	10	354	435
1	14	0	11	438	519
1	5	8	12	655	685
1	0	10	13	689	723
1	5	11	14	770	826
1	7	1	15	1136	1219
1	4	9	16	1219	1290
2	8	2	17	131	215
2	2	4	18	221	250
2	4	10	19	303	350
2	5	8	20	358	416
2	0	3	21	622	664
2	1	9	22	851	948
2	7	1	23	1219	1295
2	14	4	24	1310	1366
3	2	11	25	0	37
3	5	4	26	88	120
3	0	8	27	200	209
3	14	8	28	211	273
3	13	2	29	524	608
3	11	7	30	644	697
3	10	8	31	773	789
3	9	2	32	789	876
3	11	9	33	948	1015
3	8	8	34	1359	1395
4	10	4	35	120	192
4	9	11	36	302	340
4	11	9	37	409	435
4	0	4	38	462	547
4	6	7	39	556	595
4	5	8	40	601	655
4	13	2	41	733	776
4	11	6	42	1414	1483
5	13	7	43	287	377
5	5	8	44	685	770
5	7	1	45	911	959
5	13	6	46	959	1044
5	1	9	47	1068	1099
5	11	5	48	1108	1152
5	6	7	49	1407	1423
6	12	6	50	69	156
6	11	8	51	167	195
6	3	0	52	615	627
6	3	1	53	805	851
6	12	6	54	872	959
6	2	4	55	1025	1038
6	4	3	56	1088	1176
6	6	8	57	1183	1253
6	7	3	58	1357	1427
6	12	9	59	1427	1478
7	9	0	60	120	209
7	11	2	61	512	524
7	6	1	62	717	805
7	7	0	63	823	876
7	11	5	64	927	948
7	10	6	65	1044	1070
7	2	2	66	1247	1332
8	6	7	67	187	228
8	2	4	68	889	977
8	14	5	69	1033	1094
8	5	5	70	1094	1108
8	6	8	71	1152	1183
8	11	8	72	1258	1296
9	6	1	73	0	84
9	4	9	74	104	138
9	1	10	75	204	247
9	8	2	76	309	318
9	1	4	77	733	756
9	9	2	78	960	1041
9	13	2	79	1332	1421
9	5	2	80	1421	1435
10	12	6	81	0	23
10	5	6	82	156	168
10	14	4	83	297	386
10	4	3	84	406	427
10	0	3	85	880	955
10	9	2	86	1130	1217
10	5	5	87	1227	1286
10	1	4	88	1286	1310
10	10	9	89	1379	1409
11	5	2	90	0	84
11	14	4	91	192	211
11	3	6	92	406	426
11	11	9	93	435	469
11	7	3	94	483	532
11	14	11	95	1366	1410
12	14	11	96	684	770
12	8	11	97	1005	1092
12	6	1	98	1107	1134
12	11	7	99	1161	1224
12	10	6	100	1228	1285
12	7	1	101	1344	1357
12	3	10	102	1363	1399
12	0	8	103	1399	1454
12	10	4	104	1456	1471
12	0	10	105	1471	1501
13	1	9	106	65	89
13	12	10	107	247	282
13	10	9	108	282	375
13	13	7	109	377	411
13	2	8	110	416	444
13	7	0	111	738	823
13	5	11	112	852	877
13	5	2	113	1435	1487
14	11	6	114	243	321
14	9	7	115	469	556
14	2	2	116	608	692
14	8	5	117	805	837
14	2	11	118	837	852
14	13	1	119	852	865
14	3	7	120	1258	1280
14	4	5	121	1295	1380
15	0	4	122	0	16
15	14	5	123	26	52
15	2	1	124	125	207
15	13	7	125	228	287
15	13	1	126	865	911
15	6	10	127	929	1013
15	1	0	128	1022	1068
16	10	5	129	0	11
16	10	4	130	16	88
16	13	2	131	111	131
16	1	3	132	141	201
16	10	1	133	207	258
16	14	10	134	282	297
16	3	5	135	357	391
16	1	9	136	469	538
16	7	1	137	1295	1344
17	8	11	138	250	302
17	10	1	139	409	469
17	9	11	140	599	684
17	4	7	141	697	788
17	6	1	142	1019	1107
17	11	7	143	1224	1258
17	13	11	144	1264	1323
17	11	6	145	1328	1414
18	14	5	146	52	116
18	10	9	147	375	409
18	3	11	148	435	515
18	12	10	149	531	598
18	4	3	150	1000	1088
19	13	3	151	201	218
19	4	3	152	218	253
19	13	2	153	423	512
19	0	3	154	581	622
19	6	1	155	648	717
19	0	10	156	723	789
19	4	0	157	880	969
19	5	10	158	1110	1199
19	9	4	159	1366	1456
20	0	11	160	37	60
20	11	3	161	60	141
20	12	5	162	156	219
20	6	5	163	228	312
20	0	11	164	340	354
20	8	3	165	427	483
20	1	4	166	547	638
20	3	7	167	874	964
20	1	0	168	969	1022
20	7	8	169	1109	1136
21	9	3	170	0	52
21	8	8	171	92	121
21	14	9	172	138	179
21	7	9	173	207	277
21	6	8	174	444	514
21	8	11	175	1182	1264
22	13	10	176	13	86
22	11	6	177	321	406
22	2	1	178	469	523
22	10	6	179	683	773
22	12	6	180	773	789
22	14	10	181	789	806
22	13	9	182	1123	1211
22	9	0	183	1228	1315
22	2	1	184	1357	1400
22	4	10	185	1400	1470
23	5	11	186	145	155
23	2	1	187	523	608
23	0	3	188	664	689
23	2	4	189	1038	1128
23	2	0	190	1129	1173
23	2	1	191	1400	1485
24	1	0	192	0	45
24	0	11	193	60	145
24	7	0	194	294	348
24	6	10	195	350	430
24	10	6	196	532	591
24	5	8	197	879	971
24	3	9	198	1015	1068
24	6	8	199	1136	1152
24	12	5	200	1152	1168
25	7	6	201	26	64
25	8	2	202	318	403
25	9	7	203	411	469
25	8	7	204	599	644
25	1	0	205	1315	1392
26	8	8	206	0	92
26	7	5	207	116	153
26	5	6	208	168	202
26	5	4	209	211	221
26	1	1	210	353	387
26	2	1	211	387	409
26	10	6	212	487	532
26	14	5	213	532	572
26	12	5	214	1168	1227
27	5	2	215	221	309
27	5	5	216	312	357
27	12	10	217	462	531
27	13	9	218	629	671
27	1	4	219	756	851
27	14	11	220	877	946
27	3	6	221	1138	1228
28	3	0	222	69	120
28	13	9	223	671	732
28	6	10	224	806	886
28	9	10	225	886	929
28	7	1	226	959	983
28	2	0	227	1173	1228
28	8	0	228	1395	1487
29	14	5	229	391	430
29	4	5	230	430	526
29	4	3	231	532	581
29	7	0	232	629	709
29	8	3	233	720	795
29	4	3	234	795	880
29	12	3	235	959	1000
29	0	7	236	1003	1078
29	7	3	237	1427	1474
30	0	11	238	209	250
30	9	3	239	340	406
30	4	10	240	598	683
30	14	5	241	948	1033
30	0	3	242	1176	1265
30	12	5	243	1286	1295
31	9	7	244	58	115
31	1	3	245	253	338
31	12	0	246	348	438
31	6	1	247	608	648
31	10	2	248	879	960
31	3	7	249	964	1003
31	13	10	250	1044	1110
31	8	8	251	1296	1325
31	14	11	252	1410	1493
32	10	9	253	89	104
32	1	4	254	638	733
32	8	5	255	837	927
32	10	4	256	977	1025
32	7	8	257	1065	1109
32	10	6	258	1112	1138
32	14	4	259	1138	1192
32	3	6	260	1285	1328
32	12	10	261	1328	1363
33	12	0	262	45	69
33	11	6	263	202	243
33	3	0	264	519	615
33	7	0	265	709	738
33	11	9	266	738	788
33	0	7	267	789	874
33	3	0	268	1068	1129
33	0	3	269	1265	1353
33	13	7	270	1423	1501
34	4	9	271	0	65
34	2	8	272	273	358
34	5	6	273	426	487
34	10	6	274	591	683
34	8	3	275	689	720
34	5	8	276	971	1065
34	0	7	277	1078	1161
34	14	10	278	1199	1294
34	5	10	279	1294	1327
34	6	7	280	1373	1407
35	6	2	281	84	111
35	3	10	282	137	204
35	9	4	283	250	295
35	3	1	284	303	353
35	11	10	285	1015	1035
36	8	11	286	515	599
36	3	5	287	712	805
36	14	9	288	1099	1123
36	1	4	289	1221	1279
36	6	7	290	1280	1373
37	1	10	291	89	137
37	7	11	292	155	207
37	4	1	293	258	303
37	8	2	294	403	423
37	0	10	295	430	462
37	7	9	296	538	629
37	2	1	297	983	1019
37	9	11	298	1323	1364
38	6	8	299	121	167
38	1	4	300	387	461
38	14	5	301	572	662
38	3	5	302	662	712
38	11	6	303	789	872
38	8	11	304	946	1005
38	9	2	305	1041	1130
38	8	8	306	1325	1359
38	3	5	307	1399	1483
39	7	5	308	11	26
39	0	9	309	179	200
39	3	0	310	209	294
39	5	8	311	514	601
39	2	4	312	852	889
39	10	6	313	1070	1112


Solution History:
