This is the output of Heuristic Solver for Dual resource constrained flexible job shop Scheduling Problem.
Input file is: wfjsp10_8.txt
Method: TSN1_100000000_0.513328_5
Seed: 4
Number of Jobs: 20
Number of Operations: 151
Number of Machines: 10
Number of Operators: 10
CPU Time: 30.804
obj: 868
Best found lower bound:0
Solver gap (best found lower bound and upper bound difference): Not known


Final Solution:
Job	Machine	Operator	Operation	Start Time	Finish Time
0	6	0	0	130	157
0	5	0	1	157	219
0	1	9	2	219	251
0	1	9	3	270	334
0	3	6	4	744	812
1	2	1	5	272	330
1	6	7	6	340	405
1	9	9	7	463	475
1	1	7	8	475	531
1	6	3	9	531	585
1	9	8	10	591	620
1	4	5	11	668	756
1	6	0	12	799	807
2	4	5	13	72	161
2	8	6	14	254	272
2	4	6	15	272	334
2	0	5	16	389	459
2	9	9	17	493	526
2	9	8	18	527	591
2	3	6	19	812	855
3	9	9	20	0	41
3	1	9	21	61	99
3	7	4	22	99	150
3	4	4	23	161	220
3	7	2	24	301	359
3	9	0	25	359	463
3	2	6	26	476	546
3	7	2	27	555	617
3	9	8	28	620	685
3	8	8	29	791	863
4	1	1	30	0	61
4	3	5	31	214	286
4	1	6	32	334	388
4	5	1	33	519	554
4	2	7	34	573	658
4	9	8	35	685	778
4	2	7	36	830	855
5	6	7	37	81	111
5	1	7	38	132	203
5	2	3	39	248	259
5	6	7	40	273	340
5	8	8	41	437	467
5	4	9	42	570	581
5	4	5	43	620	668
5	1	9	44	701	740
6	0	1	45	61	117
6	8	8	46	343	437
6	4	4	47	483	526
6	5	0	48	634	685
6	7	4	49	705	758
6	1	9	50	783	863
7	6	7	51	0	12
7	4	5	52	12	28
7	7	4	53	28	72
7	5	4	54	324	385
7	5	1	55	619	634
7	6	3	56	649	723
8	9	6	57	43	96
8	7	2	58	150	223
8	9	0	59	308	350
8	2	6	60	392	476
8	6	3	61	476	529
8	2	6	62	546	573
8	4	5	63	603	620
8	1	9	64	740	783
9	6	7	65	12	81
9	7	4	66	81	98
9	6	7	67	111	130
9	8	6	68	140	187
9	4	4	69	220	272
9	0	4	70	272	324
9	9	9	71	475	493
9	0	1	72	634	702
9	7	4	73	758	806
10	1	9	74	99	132
10	6	1	75	177	204
10	0	1	76	204	229
10	2	1	77	330	392
10	6	7	78	405	446
10	0	0	79	463	486
10	3	6	80	580	654
11	8	4	81	0	24
11	3	3	82	59	118
11	5	1	83	392	455
11	0	0	84	486	564
11	7	2	85	617	705
11	3	6	86	705	744
11	2	2	87	744	814
11	5	0	88	814	868
12	5	0	89	0	72
12	5	0	90	72	127
12	9	0	91	232	308
12	3	3	92	323	395
12	0	0	93	564	634
12	5	0	94	685	703
12	6	3	95	723	799
12	7	3	96	806	867
13	2	2	97	0	90
13	2	3	98	119	180
13	4	4	99	416	471
13	5	1	100	554	619
13	1	9	101	619	701
13	5	1	102	703	807
13	4	4	103	807	864
14	3	9	104	132	214
14	5	1	105	229	256
14	0	1	106	256	272
14	5	1	107	455	519
14	7	2	108	523	555
14	4	9	109	581	603
14	8	4	110	648	703
14	0	5	111	758	828
15	9	6	112	96	140
15	8	6	113	187	254
15	5	3	114	259	320
15	7	2	115	432	523
15	4	9	116	526	570
15	8	4	117	570	648
15	3	6	118	654	665
15	0	0	119	703	758
15	2	2	120	814	830
16	8	8	121	24	92
16	6	7	122	204	273
16	3	5	123	286	323
16	4	9	124	334	416
16	1	9	125	416	459
16	8	8	126	467	527
17	0	6	127	0	43
17	3	3	128	43	59
17	9	8	129	140	169
17	9	8	130	169	232
17	7	2	131	232	301
17	0	5	132	324	389
17	3	3	133	395	464
17	3	5	134	464	539
17	1	7	135	539	568
17	8	7	136	740	791
18	7	3	137	0	22
18	4	5	138	28	72
18	2	2	139	90	119
18	0	1	140	119	177
18	1	9	141	251	270
18	3	5	142	539	580
18	6	3	143	585	649
18	6	1	144	807	838
19	8	8	145	92	135
19	2	3	146	180	248
19	8	8	147	272	343
19	7	2	148	359	432
19	4	4	149	471	483
19	2	7	150	658	740


Solution History:
