This is the output of Heuristic Solver for Dual resource constrained flexible job shop Scheduling Problem.
Input file is: wfjsp16_7.txt
Method: TSN1_100000000_0.756018_5
Seed: 1
Number of Jobs: 40
Number of Operations: 313
Number of Machines: 15
Number of Operators: 15
CPU Time: 45.3787
obj: 1126
Best found lower bound:0
Solver gap (best found lower bound and upper bound difference): Not known


Final Solution:
Job	Machine	Operator	Operation	Start Time	Finish Time
0	6	13	0	103	176
0	9	4	1	201	212
0	11	14	2	637	679
0	12	5	3	744	854
0	0	6	4	867	887
0	12	5	5	933	969
0	8	12	6	1039	1067
0	8	12	7	1067	1110
1	9	1	8	0	10
1	14	1	9	10	51
1	10	2	10	51	130
1	2	10	11	317	382
1	13	3	12	568	651
1	4	14	13	741	804
1	3	10	14	833	872
1	3	10	15	872	887
1	13	6	16	887	959
1	9	14	17	974	1058
2	1	0	18	0	54
2	12	11	19	251	316
2	11	5	20	390	452
2	0	5	21	452	487
2	4	6	22	538	547
2	11	12	23	566	637
2	6	12	24	637	652
2	6	12	25	652	720
2	10	8	26	919	928
2	5	4	27	1039	1120
3	4	6	28	36	86
3	7	14	29	86	114
3	12	11	30	146	217
3	4	3	31	243	321
3	3	6	32	737	815
4	2	10	33	0	9
4	8	4	34	9	83
4	0	9	35	83	168
4	8	14	36	205	231
4	8	0	37	307	332
4	3	9	38	510	547
4	3	10	39	658	730
4	10	8	40	784	851
4	6	14	41	851	945
4	5	13	42	953	1036
5	13	3	43	113	154
5	14	10	44	154	174
5	8	14	45	231	276
5	6	7	46	390	470
5	10	8	47	851	919
5	9	14	48	1058	1125
6	11	5	49	0	59
6	2	10	50	294	317
6	12	5	51	344	376
6	10	10	52	494	579
6	14	1	53	614	644
6	3	10	54	644	658
6	9	14	55	686	741
6	5	13	56	750	819
6	13	6	57	992	1032
7	4	6	58	0	36
7	9	11	59	36	54
7	6	14	60	177	204
7	12	11	61	217	251
7	7	11	62	489	545
7	12	7	63	552	614
7	1	2	64	622	702
7	1	3	65	1044	1092
8	14	8	66	177	250
8	14	14	67	520	610
8	2	4	68	678	739
8	2	1	69	742	801
8	3	7	70	815	833
8	11	1	71	833	888
8	2	1	72	888	949
8	12	10	73	988	1083
9	14	7	74	84	131
9	11	5	75	237	262
9	3	10	76	382	418
9	8	8	77	552	626
9	8	4	78	846	887
10	10	2	79	0	36
10	9	0	80	54	149
10	3	10	81	181	192
10	14	10	82	742	761
10	10	8	83	928	997
11	5	12	84	9	32
11	1	10	85	55	84
11	7	14	86	114	177
11	1	0	87	190	247
11	14	0	88	361	404
11	10	3	89	404	417
11	4	3	90	417	495
11	7	11	91	918	945
11	0	9	92	976	1012
11	12	10	93	1083	1101
12	12	11	94	0	29
12	8	12	95	134	205
12	6	8	96	368	380
12	5	13	97	405	475
12	11	14	98	475	493
12	0	5	99	493	561
12	14	2	100	842	921
12	14	12	101	921	951
12	14	12	102	951	1035
12	13	8	103	1072	1115
13	11	5	104	129	159
13	10	7	105	159	226
13	1	0	106	247	307
13	12	11	107	316	344
13	3	0	108	418	472
13	5	2	109	535	565
13	7	9	110	624	657
13	14	1	111	657	669
13	12	5	112	673	700
13	7	9	113	731	770
14	1	2	114	307	385
14	8	7	115	506	552
14	4	6	116	626	700
14	6	7	117	945	961
14	14	7	118	1073	1114
15	6	7	119	0	39
15	14	1	120	51	82
15	5	8	121	84	177
15	6	12	122	205	246
15	6	13	123	506	590
15	10	8	124	655	751
15	6	4	125	751	838
15	2	7	126	838	874
16	13	3	127	0	36
16	2	10	128	38	55
16	5	14	129	55	84
16	11	5	130	90	129
16	4	11	131	129	142
16	9	4	132	149	201
17	0	6	133	217	295
17	8	7	134	295	304
17	0	7	135	304	345
17	13	9	136	442	510
17	4	11	137	547	611
17	0	0	138	719	808
17	4	11	139	903	913
17	5	13	140	918	953
17	11	5	141	999	1042
18	2	7	142	240	294
18	11	12	143	500	566
18	5	13	144	622	691
18	13	3	145	710	772
18	8	11	146	795	820
18	5	12	147	823	905
18	2	1	148	949	1032
18	13	1	149	1032	1072
19	2	1	150	82	149
19	5	4	151	219	305
19	8	0	152	332	350
19	14	2	153	404	436
19	8	8	154	440	472
19	3	13	155	475	502
19	2	4	156	504	578
19	11	7	157	765	812
19	12	5	158	854	933
19	4	11	159	1007	1038
20	1	10	160	84	148
20	14	12	161	276	361
20	13	12	162	361	442
20	2	4	163	442	504
20	8	11	164	713	795
20	8	14	165	820	846
20	9	14	166	945	974
20	0	1	167	1072	1080
21	12	4	168	84	146
21	10	10	169	418	494
21	12	10	170	969	988
21	6	13	171	1040	1078
21	2	1	172	1080	1092
22	11	5	173	59	90
22	8	12	174	103	134
22	2	3	175	184	240
22	10	10	176	240	268
22	10	8	177	342	359
22	10	4	178	359	395
22	1	3	179	898	964
22	3	0	180	1007	1029
23	5	13	181	0	9
23	13	1	182	270	310
23	9	1	183	310	382
23	8	12	184	472	500
23	9	0	185	513	567
23	5	2	186	578	622
23	13	9	187	772	781
23	13	9	188	781	878
23	1	3	189	964	1044
23	11	5	190	1062	1125
24	7	9	191	177	252
24	5	13	192	305	334
24	7	11	193	347	421
24	7	11	194	421	489
24	4	3	195	495	536
24	0	1	196	561	601
24	7	9	197	657	731
24	7	10	198	770	823
24	7	2	199	1092	1102
25	13	3	200	36	113
25	4	2	201	142	204
25	3	10	202	204	230
25	3	6	203	328	378
25	12	6	204	378	455
26	13	4	205	310	343
26	9	14	206	382	474
26	9	0	207	474	513
26	0	1	208	601	614
26	5	13	209	691	750
27	7	8	210	0	11
27	9	14	211	11	25
27	7	8	212	25	82
27	13	3	213	154	184
27	5	13	214	334	405
27	14	8	215	477	520
27	13	8	216	520	547
27	13	3	217	547	568
27	14	1	218	669	742
27	6	7	219	961	1040
28	6	12	220	39	103
28	11	5	221	262	341
28	11	7	222	345	390
28	12	6	223	455	538
28	9	0	224	567	607
28	1	2	225	702	758
28	0	6	226	815	867
28	8	4	227	887	964
28	8	4	228	964	1039
28	6	13	229	1078	1116
29	7	9	230	252	332
29	7	9	231	547	624
29	0	0	232	624	719
29	9	12	233	741	823
29	0	9	234	887	976
29	11	7	235	1042	1062
30	0	9	236	0	72
30	3	6	237	101	181
30	2	10	238	579	640
30	4	0	239	808	903
30	3	0	240	903	912
30	11	5	241	969	999
30	14	2	242	1059	1073
31	10	7	243	131	157
31	10	8	244	268	342
31	1	1	245	458	543
31	10	4	246	579	651
31	4	6	247	700	737
31	10	8	248	751	784
31	9	11	249	823	875
31	3	2	250	921	999
31	3	6	251	1032	1081
32	2	10	252	9	38
32	8	11	253	83	95
32	4	11	254	95	128
32	1	0	255	149	190
32	4	2	256	204	243
32	1	1	257	543	558
32	8	11	258	626	713
32	14	2	259	761	842
32	7	11	260	945	984
33	2	1	261	149	184
33	0	9	262	347	432
33	3	6	263	547	626
33	2	8	264	640	655
33	2	4	265	655	678
33	12	5	266	700	744
33	7	13	267	823	855
33	11	10	268	888	968
33	10	2	269	999	1059
34	2	8	270	382	440
34	9	7	271	614	686
34	2	1	272	801	810
34	1	3	273	846	898
34	4	0	274	913	1007
34	7	8	275	1007	1069
34	7	9	276	1072	1092
34	2	1	277	1092	1126
35	13	1	278	184	270
35	4	3	279	321	401
35	6	7	280	470	506
35	12	5	281	614	673
35	7	13	282	855	918
35	10	0	283	1070	1124
36	11	5	284	159	237
36	14	12	285	250	276
36	6	14	286	276	368
36	13	6	287	959	992
36	4	11	288	1038	1096
37	9	13	289	219	286
37	1	1	290	385	458
37	1	2	291	565	578
37	11	7	292	686	765
37	1	3	293	772	846
37	9	7	294	875	941
37	7	11	295	984	998
37	0	9	296	1012	1072
38	3	13	297	9	101
38	0	6	298	181	199
38	0	6	299	199	217
38	3	2	300	243	301
38	13	3	301	651	710
38	2	0	302	1032	1070
38	14	12	303	1114	1125
39	12	7	304	39	84
39	5	13	305	177	219
39	9	13	306	286	302
39	3	6	307	302	328
39	7	9	308	332	347
39	14	2	309	436	477
39	5	2	310	477	535
39	4	11	311	611	621
39	3	6	312	1081	1106


Solution History:
