This is the output of Heuristic Solver for Dual resource constrained flexible job shop Scheduling Problem.
Input file is: wfjsp21_6.txt
Method: TSN1_100000000_0.468097_5
Seed: 1
Number of Jobs: 25
Number of Operations: 253
Number of Machines: 15
Number of Operators: 12
CPU Time: 28.0966
obj: 1222
Best found lower bound:0
Solver gap (best found lower bound and upper bound difference): Not known


Final Solution:
Job	Machine	Operator	Operation	Start Time	Finish Time
0	11	7	0	0	59
0	4	0	1	145	186
0	5	5	2	384	447
0	3	6	3	491	530
0	7	1	4	606	694
0	7	0	5	694	783
0	1	5	6	800	828
0	1	5	7	828	854
0	0	8	8	901	993
0	13	6	9	1035	1051
0	7	1	10	1059	1141
0	2	7	11	1144	1218
1	2	10	12	10	39
1	13	10	13	39	75
1	6	0	14	273	340
1	5	5	15	542	627
1	4	10	16	687	760
1	6	1	17	782	866
1	3	1	18	912	939
1	12	10	19	963	1017
1	3	5	20	1019	1079
1	0	2	21	1088	1131
1	11	3	22	1131	1215
2	11	10	23	150	219
2	2	11	24	234	291
2	2	1	25	357	398
2	5	10	26	458	488
2	0	8	27	492	501
2	14	8	28	501	563
2	8	3	29	582	667
2	11	6	30	680	725
2	4	3	31	781	794
2	8	11	32	1050	1130
2	3	0	33	1130	1210
3	8	8	34	93	129
3	10	9	35	159	226
3	8	4	36	337	375
3	10	4	37	494	519
3	0	7	38	539	632
3	12	6	39	632	672
3	5	4	40	674	723
3	8	2	41	1004	1050
3	2	7	42	1082	1144
4	13	1	43	102	187
4	5	1	44	187	272
4	9	11	45	359	414
4	6	1	46	485	570
4	1	10	47	581	613
4	6	0	48	613	658
4	3	9	49	659	674
4	12	3	50	674	758
4	7	6	51	783	811
4	14	11	52	811	821
4	3	1	53	866	912
4	10	2	54	915	1002
5	2	10	55	0	10
5	7	3	56	75	151
5	1	4	57	151	212
5	0	8	58	434	492
5	1	5	59	497	542
5	9	8	60	617	706
5	11	9	61	725	735
5	11	9	62	735	824
5	5	4	63	915	968
5	3	5	64	998	1019
5	0	7	65	1027	1056
5	6	10	66	1130	1214
6	2	1	67	61	102
6	14	4	68	252	337
6	10	4	69	377	444
6	2	0	70	452	466
6	6	1	71	570	606
6	0	7	72	632	671
6	1	5	73	706	800
6	12	3	74	800	837
6	5	5	75	1079	1120
6	8	2	76	1131	1140
7	0	9	77	94	117
7	9	8	78	129	215
7	13	9	79	268	358
7	5	10	80	447	458
7	1	5	81	458	482
7	12	2	82	562	573
7	14	4	83	585	674
7	4	3	84	760	781
7	0	7	85	816	891
7	9	7	86	934	1027
8	5	2	87	36	87
8	1	2	88	87	111
8	10	9	89	238	268
8	5	2	90	300	384
8	3	10	91	384	400
8	3	11	92	414	432
8	0	7	93	501	539
8	7	0	94	551	601
8	8	7	95	671	716
8	5	2	96	739	827
8	4	9	97	827	924
8	6	10	98	1104	1130
9	9	3	99	10	75
9	10	4	100	88	149
9	7	9	101	228	238
9	4	7	102	249	291
9	4	8	103	291	344
9	13	9	104	358	376
9	0	10	105	400	430
9	1	0	106	864	887
9	6	2	107	1050	1088
10	10	11	108	0	88
10	8	5	109	193	230
10	9	3	110	230	258
10	7	3	111	363	447
10	5	10	112	488	516
10	10	4	113	534	585
10	11	10	114	613	680
10	5	2	115	827	915
10	2	1	116	939	1023
10	1	1	117	1023	1059
10	9	2	118	1195	1211
11	9	3	119	0	10
11	3	7	120	59	81
11	13	2	121	384	473
11	14	5	122	482	497
11	4	0	123	659	687
11	2	1	124	694	776
11	14	11	125	821	883
11	12	10	126	920	963
11	9	0	127	1043	1130
11	1	2	128	1150	1195
11	1	1	129	1195	1207
12	6	8	130	0	72
12	13	7	131	81	100
12	2	7	132	291	348
12	10	4	133	444	494
12	5	4	134	519	534
12	9	7	135	901	934
12	7	6	136	955	1031
12	9	11	137	1130	1177
13	13	7	138	193	249
13	6	0	139	340	397
13	6	1	140	398	485
13	13	11	141	531	614
13	9	8	142	706	794
13	13	10	143	796	824
13	8	5	144	854	913
13	14	4	145	968	1056
13	14	8	146	1082	1142
13	0	11	147	1177	1214
14	14	4	148	0	82
14	7	3	149	301	363
14	9	11	150	432	514
14	13	11	151	514	531
14	11	9	152	535	570
14	4	9	153	570	659
14	0	11	154	676	716
14	6	6	155	725	782
14	3	0	156	796	864
14	11	10	157	1017	1104
14	5	5	158	1120	1205
15	0	9	159	0	94
15	11	10	160	126	150
15	7	3	161	151	228
15	0	8	162	228	290
15	14	6	163	345	425
15	0	11	164	716	730
15	8	7	165	760	816
15	2	4	166	824	910
15	11	5	167	913	998
15	14	4	168	1150	1201
16	12	6	169	0	27
16	11	10	170	75	126
16	6	7	171	126	152
16	8	7	172	152	193
16	12	0	173	193	273
16	9	11	174	291	359
16	2	0	175	466	551
16	0	11	176	730	811
16	11	6	177	824	909
16	2	8	178	1023	1082
16	13	6	179	1110	1200
16	12	6	180	1200	1216
17	5	11	181	161	181
17	1	2	182	212	300
17	4	8	183	344	434
17	11	8	184	570	613
17	2	11	185	614	676
17	5	4	186	723	733
17	12	10	187	837	920
17	0	8	188	993	1018
18	11	10	189	219	306
18	10	5	190	321	377
18	8	3	191	452	538
18	8	7	192	716	760
18	9	8	193	794	901
18	7	0	194	901	955
18	6	0	195	955	1043
18	10	6	196	1051	1110
18	10	9	197	1120	1222
19	3	1	198	0	48
19	6	8	199	72	88
19	12	0	200	88	104
19	12	0	201	104	145
19	8	5	202	230	321
19	11	7	203	421	492
19	8	3	204	538	582
19	1	5	205	627	706
19	5	11	206	968	1049
19	7	1	207	1141	1177
20	5	2	208	0	36
20	7	1	209	48	61
20	1	2	210	111	142
20	2	2	211	142	164
20	0	2	212	164	204
20	14	4	213	212	252
20	11	7	214	348	421
20	13	9	215	945	1035
21	12	6	216	27	84
21	5	11	217	88	161
21	7	3	218	258	301
21	12	9	219	376	464
21	4	9	220	464	535
21	3	6	221	535	625
21	3	9	222	674	719
21	13	3	223	1053	1109
22	8	5	224	0	93
22	4	5	225	93	131
22	14	5	226	131	154
22	2	11	227	181	234
22	12	1	228	273	357
22	9	2	229	581	617
22	8	3	230	913	1004
22	4	3	231	1004	1053
22	12	9	232	1053	1120
22	8	8	233	1142	1212
23	4	0	234	0	86
23	0	9	235	117	159
23	0	10	236	306	383
23	8	0	237	397	452
23	3	6	238	452	491
23	9	10	239	516	581
23	10	4	240	739	824
23	14	11	241	883	967
24	3	6	242	84	174
24	12	5	243	174	183
24	6	6	244	183	254
24	3	6	245	254	345
24	12	2	246	473	562
24	13	2	247	617	658
24	10	2	248	658	739
24	3	10	249	760	796
24	13	3	250	837	908
24	13	6	251	909	945
24	1	4	252	1059	1150


Solution History:
