This is the output of Heuristic Solver for Dual resource constrained flexible job shop Scheduling Problem.
Input file is: wfjsp14_8.txt
Method: TSN1_100000000_0.529030_5
Seed: 3
Number of Jobs: 30
Number of Operations: 223
Number of Machines: 15
Number of Operators: 15
CPU Time: 31.7493
obj: 814
Best found lower bound:0
Solver gap (best found lower bound and upper bound difference): Not known


Final Solution:
Job	Machine	Operator	Operation	Start Time	Finish Time
0	6	0	0	0	24
0	11	5	1	24	87
0	13	14	2	87	114
0	11	7	3	306	374
0	12	9	4	689	789
1	1	12	5	0	53
1	10	2	6	95	157
1	9	5	7	251	263
1	11	8	8	263	305
1	10	2	9	366	413
1	8	13	10	413	439
1	8	13	11	439	530
1	4	9	12	533	542
2	14	0	13	200	279
2	12	2	14	343	366
2	4	9	15	459	514
2	3	11	16	537	605
2	2	3	17	645	673
2	4	14	18	680	746
2	4	14	19	746	791
3	10	1	20	26	71
3	14	12	21	126	171
3	0	13	22	171	221
3	9	5	23	263	320
3	5	10	24	320	384
3	5	10	25	384	481
3	6	1	26	525	597
3	3	8	27	605	680
3	8	3	28	680	736
3	10	7	29	736	813
4	5	6	30	43	112
4	1	1	31	133	203
4	9	2	32	476	538
4	7	5	33	538	577
4	1	12	34	577	670
4	11	12	35	670	765
4	7	0	36	770	800
5	2	1	37	0	25
5	11	4	38	87	150
5	2	6	39	150	160
5	6	1	40	262	331
5	3	11	41	388	415
5	0	9	42	415	426
5	5	7	43	687	729
5	6	11	44	729	769
6	12	10	45	0	50
6	10	4	46	283	366
6	2	6	47	538	576
6	12	7	48	603	645
6	0	13	49	689	741
6	0	13	50	741	814
7	1	12	51	53	64
7	8	4	52	64	81
7	9	11	53	161	201
7	6	1	54	203	262
7	13	14	55	300	315
7	5	10	56	481	547
8	7	7	57	0	52
8	0	13	58	101	168
8	5	6	59	270	307
8	1	6	60	307	391
8	1	14	61	455	507
8	3	5	62	507	537
8	4	7	63	544	561
8	10	1	64	598	644
9	4	3	65	0	68
9	7	8	66	68	84
9	14	12	67	105	126
9	3	5	68	194	236
9	0	13	69	236	283
9	11	8	70	374	435
9	13	3	71	435	452
9	11	8	72	452	520
9	9	4	73	672	712
10	3	0	74	167	194
10	7	7	75	216	243
10	13	14	76	269	300
10	7	8	77	306	364
10	13	6	78	391	428
10	13	2	79	639	664
10	5	4	80	729	804
11	10	9	81	0	26
11	2	3	82	74	138
11	14	0	83	279	338
11	6	1	84	364	444
11	12	7	85	459	544
11	12	7	86	565	603
11	4	14	87	610	680
11	2	10	88	758	809
12	0	13	89	0	73
12	9	11	90	201	251
12	3	11	91	251	320
12	2	3	92	356	428
12	2	6	93	472	538
12	12	9	94	544	565
12	5	10	95	614	687
12	13	5	96	730	796
13	3	11	97	0	97
13	4	9	98	97	148
13	11	4	99	150	214
13	0	9	100	314	382
13	10	4	101	413	500
13	11	8	102	520	602
13	1	2	103	670	732
14	4	8	104	148	229
14	8	4	105	229	258
14	8	4	106	258	279
14	14	0	107	338	408
14	0	9	108	426	459
14	3	5	109	464	483
14	8	14	110	564	610
14	1	2	111	732	801
15	13	14	112	0	32
15	6	0	113	32	89
15	1	12	114	203	255
15	9	5	115	320	404
15	7	0	116	411	461
15	14	12	117	487	566
15	4	12	118	566	577
15	6	0	119	598	654
15	14	5	120	659	676
16	13	14	121	193	269
16	13	14	122	315	383
16	14	12	123	411	441
16	9	2	124	538	624
16	6	11	125	655	700
16	7	0	126	711	770
17	5	6	127	0	43
17	9	2	128	62	78
17	14	12	129	78	105
17	8	3	130	138	193
17	7	7	131	243	306
17	1	14	132	391	455
17	7	0	133	461	523
17	2	6	134	576	645
17	9	7	135	645	672
17	3	8	136	680	723
18	11	5	137	0	23
18	8	8	138	23	62
18	0	13	139	73	101
18	12	7	140	101	165
18	6	10	141	174	194
18	13	3	142	452	485
18	14	4	143	566	631
18	14	13	144	631	659
19	14	4	145	0	40
19	1	1	146	71	133
19	2	3	147	289	356
19	6	1	148	457	525
19	4	9	149	577	589
19	3	8	150	723	805
20	10	10	151	71	93
20	3	11	152	320	388
20	14	12	153	441	487
20	3	5	154	487	501
20	10	0	155	526	598
21	8	8	156	0	9
21	2	9	157	26	74
21	7	0	158	89	146
21	2	9	159	160	213
21	12	2	160	255	343
21	0	13	161	382	412
21	4	9	162	514	533
21	10	1	163	644	711
22	9	2	164	78	95
22	6	10	165	95	174
22	2	10	166	264	289
22	9	5	167	404	464
22	9	2	168	464	476
22	0	11	169	476	533
22	5	10	170	547	614
22	14	12	171	770	802
23	9	2	172	0	62
23	9	11	173	97	161
23	7	7	174	165	216
23	10	3	175	216	283
23	12	6	176	672	686
24	13	14	177	114	193
24	2	10	178	213	264
24	4	12	179	264	315
24	4	12	180	315	411
24	6	1	181	444	457
24	8	4	182	530	564
24	13	3	183	611	639
24	8	4	184	639	668
24	8	3	185	736	767
25	12	7	186	52	100
25	8	8	187	129	138
25	14	12	188	171	200
25	4	2	189	413	449
25	10	4	190	500	526
25	0	9	191	604	689
25	6	11	192	769	811
26	14	4	193	40	64
26	5	6	194	229	270
26	0	13	195	283	314
26	8	13	196	314	379
26	2	6	197	428	447
26	2	11	198	447	472
26	1	14	199	507	559
26	14	6	200	686	770
27	13	14	201	32	85
27	8	8	202	85	129
27	5	6	203	160	229
27	6	1	204	331	364
27	3	11	205	415	442
27	0	13	206	533	604
27	11	11	207	605	655
27	12	6	208	655	672
27	2	10	209	687	758
28	5	6	210	112	150
28	12	7	211	374	459
28	13	3	212	485	547
28	7	5	213	577	649
28	13	5	214	676	730
28	9	1	215	730	792
29	3	5	216	97	167
29	12	2	217	167	175
29	12	2	218	175	255
29	7	4	219	366	411
29	13	3	220	547	611
29	7	0	221	654	711
29	8	3	222	767	811


Solution History:
