This is the output of Heuristic Solver for Dual resource constrained flexible job shop Scheduling Problem.
Input file is: wfjsp12_7.txt
Method: TSN1_100000000_0.571730_5
Seed: 4
Number of Jobs: 25
Number of Operations: 200
Number of Machines: 10
Number of Operators: 10
CPU Time: 34.3096
obj: 1035
Best found lower bound:0
Solver gap (best found lower bound and upper bound difference): Not known


Final Solution:
Job	Machine	Operator	Operation	Start Time	Finish Time
0	1	1	0	144	231
0	3	5	1	241	255
0	4	9	2	353	393
0	0	0	3	674	769
0	7	7	4	769	787
0	5	9	5	855	893
0	2	8	6	947	982
0	0	9	7	984	1021
1	9	1	8	33	41
1	6	4	9	81	122
1	6	4	10	122	204
1	8	2	11	206	270
1	6	5	12	491	569
1	7	7	13	640	691
1	0	0	14	769	807
1	1	0	15	819	838
1	6	7	16	859	938
1	8	6	17	944	1019
2	1	0	18	0	54
2	2	5	19	75	149
2	2	8	20	409	484
2	2	8	21	484	516
2	3	4	22	516	529
2	8	2	23	532	604
2	4	6	24	652	665
2	7	7	25	691	752
2	8	4	26	887	899
2	4	3	27	944	1025
3	0	9	28	103	160
3	4	0	29	325	353
3	9	3	30	473	547
3	7	7	31	563	640
3	2	2	32	822	894
4	7	2	33	0	9
4	8	2	34	71	139
4	4	6	35	189	272
4	2	9	36	325	347
4	7	7	37	423	443
4	1	1	38	495	527
4	5	8	39	527	600
4	9	1	40	661	729
4	8	8	41	765	850
4	7	1	42	924	1008
5	4	6	43	0	37
5	2	5	44	149	171
5	9	0	45	174	211
5	1	1	46	231	316
5	9	4	47	328	392
5	1	1	48	603	661
6	3	5	49	171	223
6	3	4	50	258	284
6	2	9	51	288	325
6	5	8	52	325	399
6	0	3	53	405	430
6	9	3	54	460	473
6	0	9	55	474	516
6	8	8	56	604	678
6	4	6	57	826	866
7	7	8	58	9	50
7	7	7	59	50	71
7	0	9	60	80	103
7	1	1	61	115	144
7	6	4	62	204	258
7	0	0	63	569	632
7	9	4	64	776	851
7	0	9	65	929	984
8	7	7	66	71	143
8	9	8	67	213	295
8	2	0	68	353	409
8	4	2	69	432	502
8	5	0	70	506	527
8	4	6	71	592	652
8	1	4	72	661	730
8	3	5	73	909	982
9	5	8	74	50	94
9	9	4	75	309	328
9	0	0	76	632	674
9	5	2	77	674	757
9	5	8	78	998	1033
10	3	3	79	30	62
10	8	6	80	356	432
10	0	9	81	457	474
10	1	1	82	587	603
10	4	6	83	866	927
11	0	9	84	59	80
11	3	6	85	80	113
11	9	0	86	115	174
11	7	7	87	187	249
11	0	3	88	288	338
11	3	4	89	423	436
11	2	9	90	516	598
11	9	3	91	623	655
11	9	8	92	851	892
11	7	1	93	1008	1025
12	5	8	94	94	124
12	8	2	95	139	206
12	9	7	96	296	309
12	6	5	97	320	371
12	9	4	98	392	410
12	1	1	99	527	587
12	6	5	100	669	742
12	3	2	101	790	818
12	3	5	102	822	909
12	5	2	103	935	998
13	3	3	104	0	30
13	1	3	105	62	115
13	3	6	106	115	171
13	5	0	107	213	241
13	5	0	108	241	297
13	5	0	109	297	325
13	8	2	110	504	532
13	1	1	111	805	819
13	1	0	112	931	959
13	2	5	113	982	1019
14	2	5	114	0	63
14	3	5	115	436	488
14	7	7	116	488	563
14	7	7	117	752	768
14	1	4	118	963	1019
15	4	6	119	37	80
15	4	0	120	80	109
15	8	2	121	270	351
15	3	2	122	384	423
15	5	0	123	423	506
15	3	4	124	529	614
15	4	6	125	665	747
15	5	2	126	894	935
16	9	1	127	0	33
16	5	7	128	33	50
16	6	5	129	569	595
16	3	4	130	614	651
16	0	3	131	890	909
16	9	4	132	916	963
17	7	7	133	342	423
17	6	2	134	423	432
17	4	6	135	504	544
17	9	3	136	547	623
17	2	9	137	680	747
17	2	5	138	747	822
17	7	1	139	822	835
17	8	4	140	851	887
17	2	8	141	894	947
18	0	9	142	0	59
18	0	9	143	160	245
18	3	6	144	284	356
18	0	3	145	356	405
18	4	9	146	405	432
18	8	8	147	678	765
18	1	0	148	838	931
18	9	0	149	963	999
19	6	4	150	0	81
19	5	8	151	124	213
19	3	5	152	223	241
19	7	7	153	309	342
19	3	2	154	356	384
19	0	9	155	432	457
19	6	5	156	595	669
19	9	4	157	730	776
19	5	9	158	776	855
19	8	3	159	909	944
20	6	5	160	258	320
20	1	1	161	320	404
20	1	1	162	404	495
20	3	3	163	655	716
20	4	6	164	747	826
20	6	7	165	938	962
20	3	2	166	998	1027
20	2	2	167	1027	1035
21	8	2	168	9	71
21	4	3	169	115	189
21	3	4	170	491	514
21	6	2	171	757	790
21	9	4	172	899	916
22	5	7	173	0	33
22	0	9	174	245	288
22	6	5	175	371	422
22	9	3	176	430	460
22	7	7	177	460	481
22	4	6	178	544	580
22	6	7	179	790	859
22	0	9	180	909	929
23	3	5	181	63	75
23	7	7	182	143	187
23	2	3	183	189	272
23	7	7	184	272	296
23	6	4	185	436	491
23	0	0	186	527	569
23	4	6	187	580	592
23	2	9	188	598	680
23	3	3	189	716	790
23	0	3	190	807	890
24	9	1	191	41	115
24	4	8	192	295	325
24	8	6	193	432	504
24	5	2	194	604	664
24	1	1	195	730	765
24	1	1	196	765	805
24	7	1	197	835	924
24	6	7	198	962	1024
24	8	4	199	1024	1033


Solution History:
