This is the output of Heuristic Solver for Dual resource constrained flexible job shop Scheduling Problem.
Input file is: wfjsp14_3.txt
Method: TSN1_100000000_0.423247_5
Seed: 4
Number of Jobs: 30
Number of Operations: 235
Number of Machines: 15
Number of Operators: 15
CPU Time: 25.4027
obj: 878
Best found lower bound:0
Solver gap (best found lower bound and upper bound difference): Not known


Final Solution:
Job	Machine	Operator	Operation	Start Time	Finish Time
0	9	6	0	40	105
0	13	11	1	105	116
0	5	12	2	207	225
0	11	6	3	225	324
0	5	4	4	494	573
0	13	11	5	585	653
0	8	3	6	653	743
0	4	11	7	743	777
0	1	11	8	777	859
1	10	2	9	61	75
1	3	13	10	194	258
1	8	5	11	266	365
1	2	0	12	413	431
1	1	5	13	431	535
1	13	7	14	661	749
1	5	4	15	749	778
1	14	9	16	820	873
2	4	13	17	70	90
2	9	13	18	105	183
2	3	13	19	183	194
2	5	8	20	225	252
2	13	2	21	259	302
2	7	3	22	318	415
2	7	7	23	424	487
2	4	6	24	554	583
2	5	11	25	653	724
2	14	9	26	724	820
3	10	2	27	0	9
3	8	10	28	33	67
3	1	14	29	90	185
3	6	9	30	256	291
3	1	8	31	305	333
3	2	0	32	441	510
3	14	9	33	657	719
3	4	6	34	777	836
4	3	10	35	72	176
4	7	12	36	225	308
4	2	4	37	314	330
4	8	5	38	365	394
4	3	8	39	510	579
4	1	5	40	599	616
4	3	4	41	616	640
4	3	4	42	640	699
4	12	4	43	719	748
4	6	2	44	779	835
5	14	9	45	41	141
5	9	1	46	183	250
5	0	7	47	250	326
5	13	2	48	364	382
5	13	2	49	382	399
5	3	8	50	456	510
5	7	12	51	510	578
5	4	2	52	583	622
5	8	3	53	622	643
5	11	1	54	810	870
6	8	14	55	0	25
6	8	5	56	67	94
6	7	7	57	94	165
6	5	12	58	335	414
6	0	10	59	422	504
6	12	13	60	568	665
6	3	4	61	699	710
6	6	2	62	726	779
6	12	7	63	779	878
7	13	7	64	0	40
7	4	2	65	90	117
7	8	4	66	155	216
7	1	11	67	216	254
7	12	7	68	326	409
7	0	0	69	630	643
7	13	3	70	749	851
8	5	8	71	0	56
8	14	4	72	216	245
8	6	9	73	291	364
8	5	12	74	414	444
8	1	5	75	535	599
8	10	10	76	864	873
9	11	6	77	0	28
9	2	6	78	28	40
9	14	5	79	143	208
9	0	0	80	326	407
9	5	12	81	444	494
9	14	4	82	573	589
9	11	6	83	679	710
9	10	5	84	759	771
10	2	4	85	330	413
10	11	11	86	413	458
10	11	11	87	458	498
10	11	11	88	498	520
10	2	0	89	520	556
10	9	14	90	628	674
10	12	13	91	674	719
10	3	13	92	719	742
10	7	12	93	845	873
11	12	14	94	45	90
11	5	12	95	124	207
11	14	4	96	245	282
11	3	11	97	308	391
11	6	9	98	393	475
11	12	13	99	475	568
11	2	1	100	571	622
11	11	6	101	650	679
11	7	12	102	701	797
11	8	5	103	804	875
12	9	10	104	0	33
12	11	11	105	33	45
12	12	4	106	98	155
12	3	13	107	258	304
12	3	8	108	391	456
12	14	9	109	475	571
12	10	10	110	577	663
12	10	10	111	663	759
12	7	12	112	797	845
12	4	6	113	845	878
13	12	4	114	0	23
13	3	4	115	23	72
13	0	0	116	72	111
13	4	11	117	391	402
13	6	7	118	487	560
13	5	9	119	573	649
14	4	11	120	0	16
14	2	1	121	40	101
14	6	1	122	101	145
14	9	1	123	354	385
14	11	11	124	520	585
14	7	12	125	585	633
14	9	1	126	737	793
15	13	2	127	198	259
15	8	13	128	394	470
15	0	10	129	504	577
15	0	0	130	577	603
15	0	5	131	644	707
15	8	14	132	743	763
15	5	4	133	778	840
16	0	0	134	17	54
16	1	8	135	56	83
16	11	6	136	105	163
16	7	7	137	165	220
16	4	13	138	304	346
16	4	13	139	346	391
16	14	3	140	422	470
16	8	3	141	587	614
16	0	5	142	707	742
16	10	10	143	771	864
17	7	3	144	0	76
17	7	7	145	78	93
17	5	12	146	308	335
17	14	10	147	355	422
17	8	3	148	531	587
17	11	6	149	710	773
18	10	2	150	9	61
18	5	12	151	81	124
18	6	9	152	145	174
18	2	0	153	189	256
18	5	11	154	256	308
18	4	6	155	404	440
18	8	3	156	470	509
18	8	3	157	509	531
18	10	1	158	531	571
19	14	1	159	0	40
19	13	7	160	40	78
19	11	6	161	163	221
19	10	14	162	316	388
19	12	4	163	413	475
19	13	2	164	539	581
19	2	1	165	622	686
19	3	13	166	742	834
19	0	0	167	837	865
20	4	14	168	202	290
20	2	4	169	290	314
20	10	14	170	388	449
20	4	6	171	450	484
20	9	14	172	728	737
20	2	8	173	761	834
21	13	2	174	117	198
21	9	1	175	385	449
21	4	6	176	484	554
21	11	6	177	585	650
21	1	8	178	657	761
21	0	0	179	761	837
21	3	13	180	837	872
22	12	14	181	25	45
22	11	11	182	45	104
22	10	3	183	111	177
22	12	3	184	177	251
22	6	7	185	560	661
22	2	0	186	686	749
22	12	7	187	749	777
22	2	8	188	834	850
23	2	8	189	101	189
23	0	8	190	189	221
23	10	14	191	290	316
23	13	5	192	399	429
23	9	14	193	449	541
23	7	12	194	633	701
23	8	14	195	763	804
24	4	13	196	17	70
24	12	4	197	90	98
24	6	9	198	174	245
24	6	9	199	245	256
24	12	3	200	256	318
24	1	8	201	333	387
24	4	6	202	440	450
24	14	8	203	589	657
25	6	5	204	0	65
25	8	5	205	216	266
25	14	10	206	282	355
25	7	7	207	415	424
25	10	1	208	449	527
26	5	12	209	56	81
26	8	5	210	94	143
26	13	2	211	302	364
26	0	0	212	603	630
26	4	2	213	704	723
27	9	1	214	250	354
27	11	6	215	370	404
27	9	14	216	541	628
27	4	2	217	628	704
27	11	1	218	793	810
27	9	14	219	810	876
28	0	13	220	0	17
28	4	11	221	117	202
28	10	10	222	229	282
28	11	6	223	324	370
28	2	0	224	431	441
28	13	2	225	441	539
28	1	5	226	616	644
28	9	14	227	674	701
28	9	14	228	701	728
29	1	9	229	0	41
29	10	3	230	76	111
29	10	10	231	177	229
29	1	8	232	254	305
29	6	9	233	364	393
29	6	1	234	686	726


Solution History:
