This is the output of Heuristic Solver for Dual resource constrained flexible job shop Scheduling Problem.
Input file is: wfjsp16_5.txt
Method: TSN1_100000000_0.717338_5
Seed: 1
Number of Jobs: 40
Number of Operations: 278
Number of Machines: 15
Number of Operators: 15
CPU Time: 43.0501
obj: 926
Best found lower bound:0
Solver gap (best found lower bound and upper bound difference): Not known


Final Solution:
Job	Machine	Operator	Operation	Start Time	Finish Time
0	6	2	0	0	14
0	6	1	1	84	122
0	9	13	2	142	221
0	0	9	3	361	429
0	5	3	4	429	496
0	8	4	5	602	644
0	10	12	6	744	813
1	2	1	7	0	37
1	13	0	8	110	154
1	14	12	9	156	198
1	8	5	10	380	412
1	0	13	11	666	729
2	11	6	12	83	104
2	7	5	13	198	211
2	14	6	14	211	278
2	2	1	15	352	416
2	2	1	16	825	835
3	4	10	17	59	108
3	5	7	18	210	279
3	9	6	19	459	498
3	5	3	20	769	797
3	13	4	21	826	871
4	8	0	22	266	296
4	11	0	23	420	450
4	12	8	24	542	641
4	4	6	25	666	712
4	9	0	26	871	908
5	4	5	27	0	21
5	7	9	28	298	307
5	6	9	29	313	361
5	3	7	30	479	562
5	0	6	31	603	666
6	11	3	32	189	253
6	0	12	33	268	349
6	2	10	34	442	517
6	11	14	35	731	775
6	7	14	36	775	789
6	12	8	37	846	902
7	11	6	38	104	189
7	4	10	39	321	394
7	0	13	40	429	487
7	1	1	41	637	667
7	12	8	42	775	846
8	3	7	43	0	32
8	3	7	44	61	79
8	14	7	45	79	147
8	4	11	46	402	488
8	7	5	47	540	626
8	6	2	48	627	678
8	7	9	49	678	759
8	11	13	50	776	853
8	8	5	51	871	882
8	3	11	52	886	925
9	9	13	53	0	74
9	14	13	54	292	327
9	3	12	55	372	452
9	4	6	56	498	516
9	0	6	57	552	587
9	14	10	58	609	704
9	13	6	59	796	809
9	3	10	60	809	833
9	2	9	61	835	909
10	5	3	62	0	15
10	0	10	63	15	59
10	2	4	64	319	352
10	4	11	65	516	595
10	13	6	66	712	796
10	14	7	67	798	842
10	4	11	68	842	886
10	2	7	69	909	926
11	13	11	70	0	79
11	5	12	71	79	156
11	3	9	72	192	238
11	1	8	73	377	413
11	0	2	74	503	518
11	8	4	75	518	602
11	3	7	76	638	668
11	8	4	77	709	754
11	2	1	78	757	825
11	1	1	79	835	920
12	6	9	80	59	84
12	2	4	81	181	251
12	4	10	82	268	321
12	9	4	83	364	374
12	7	7	84	381	409
12	10	3	85	421	429
12	6	9	86	429	438
12	6	2	87	832	915
13	7	14	88	62	148
13	5	7	89	163	210
13	13	2	90	225	252
13	13	2	91	252	342
13	13	2	92	342	388
13	6	9	93	438	447
13	3	7	94	562	607
13	5	12	95	627	702
13	3	7	96	757	798
13	8	5	97	826	871
14	8	4	98	22	45
14	9	13	99	74	116
14	12	0	100	154	222
14	9	13	101	222	236
14	7	7	102	315	381
14	10	3	103	499	563
14	8	4	104	754	826
14	9	0	105	830	871
15	2	2	106	47	133
15	4	10	107	186	268
15	5	7	108	279	315
15	14	13	109	327	423
15	10	3	110	662	701
15	1	1	111	709	740
15	10	12	112	813	854
16	1	1	113	123	132
16	10	11	114	192	265
16	3	9	115	265	298
16	7	7	116	409	432
16	0	9	117	487	503
16	9	13	118	503	566
16	3	7	119	607	638
16	5	3	120	884	920
17	3	7	121	32	61
17	1	1	122	65	84
17	4	10	123	108	186
17	14	6	124	278	292
17	9	0	125	374	406
17	14	7	126	458	479
17	4	11	127	595	661
18	11	3	128	253	340
18	10	5	129	412	421
18	1	0	130	489	506
18	10	3	131	619	647
18	14	7	132	842	905
19	2	1	133	37	47
19	3	8	134	79	149
19	7	7	135	149	163
19	14	6	136	198	207
19	13	2	137	388	432
19	1	1	138	667	709
19	14	10	139	709	796
19	4	5	140	806	826
19	8	5	141	882	890
19	11	10	142	907	925
20	12	8	143	225	299
20	3	6	144	299	368
20	13	14	145	432	491
20	7	5	146	626	645
20	4	5	147	712	737
20	10	12	148	854	926
21	11	6	149	0	83
21	0	9	150	105	188
21	12	6	151	377	403
21	1	8	152	413	445
21	9	0	153	646	715
22	1	0	154	0	29
22	12	0	155	42	110
22	13	14	156	491	547
22	6	12	157	549	627
22	7	5	158	645	658
23	0	5	159	59	72
23	7	5	160	211	294
23	8	5	161	296	380
23	10	2	162	432	499
23	11	14	163	549	606
23	13	0	164	614	646
23	10	3	165	647	662
23	13	5	166	662	708
23	4	5	167	737	806
24	5	12	168	50	71
24	6	2	169	133	151
24	3	11	170	151	192
24	5	14	171	315	377
24	3	11	172	668	749
24	7	14	173	789	848
25	8	4	174	422	488
25	10	3	175	563	619
25	2	7	176	668	757
25	6	2	177	763	832
25	5	3	178	865	884
25	12	8	179	902	923
26	7	14	180	0	62
26	1	11	181	84	123
26	9	13	182	123	142
26	7	5	183	163	198
26	8	0	184	225	266
26	11	3	185	340	420
26	12	1	186	420	500
26	5	3	187	702	769
26	7	10	188	848	898
27	14	8	189	0	47
27	8	4	190	65	140
27	6	14	191	151	180
27	9	13	192	236	289
27	12	0	193	517	542
27	0	6	194	587	603
27	0	9	195	776	812
28	8	4	196	0	12
28	6	9	197	14	59
28	10	3	198	143	188
28	1	1	199	188	254
28	13	0	200	547	614
29	8	4	201	45	65
29	13	2	202	154	225
29	6	14	203	266	313
29	6	4	204	374	422
29	11	12	205	452	549
29	1	1	206	549	637
29	12	8	207	641	683
29	0	13	208	729	776
29	3	10	209	833	848
30	10	12	210	0	42
30	0	6	211	189	198
30	0	12	212	227	268
30	8	4	213	488	500
30	0	6	214	518	552
30	12	8	215	683	775
31	4	5	216	48	59
31	2	4	217	140	181
31	0	12	218	198	227
31	3	9	219	238	258
31	9	13	220	566	644
32	8	4	221	12	22
32	5	3	222	22	50
32	10	3	223	50	60
32	13	5	224	79	90
32	0	5	225	90	105
32	1	1	226	132	187
33	8	8	227	149	225
33	2	4	228	251	319
33	10	11	229	373	402
33	12	0	230	406	420
33	3	9	231	452	471
33	5	11	232	496	515
33	1	1	233	515	542
33	14	10	234	542	609
33	11	14	235	662	731
33	5	3	236	797	865
34	10	11	237	286	373
34	5	14	238	377	394
34	2	10	239	416	442
34	1	0	240	450	489
34	2	9	241	517	586
34	11	14	242	606	662
34	6	2	243	678	763
34	11	14	244	853	907
34	13	4	245	907	926
35	4	5	246	21	48
35	1	1	247	48	65
35	9	0	248	296	364
35	14	7	249	442	458
35	13	4	250	871	906
36	1	1	251	254	340
36	14	7	252	432	442
36	14	13	253	487	495
36	12	4	254	500	517
36	14	10	255	517	542
36	0	6	256	812	857
36	8	5	257	890	920
37	12	2	258	14	42
37	12	5	259	110	153
37	12	8	260	299	377
37	9	6	261	406	459
37	7	5	262	459	540
37	2	9	263	586	665
37	10	12	264	702	744
37	1	11	265	749	834
38	14	8	266	47	72
38	6	14	267	180	266
38	5	2	268	518	601
38	5	2	269	601	625
38	8	4	270	644	709
38	9	0	271	715	781
38	0	6	272	857	923
39	10	3	273	60	143
39	10	11	274	265	286
39	1	12	275	349	372
39	6	8	276	447	537
39	9	0	277	781	830


Solution History:
