This is the output of Heuristic Solver for Dual resource constrained flexible job shop Scheduling Problem.
Input file is: wfjsp15_8.txt
Method: TSN1_100000000_1.400698_5
Seed: 3
Number of Jobs: 30
Number of Operations: 373
Number of Machines: 15
Number of Operators: 15
CPU Time: 84.0667
obj: 1382
Best found lower bound:0
Solver gap (best found lower bound and upper bound difference): Not known


Final Solution:
Job	Machine	Operator	Operation	Start Time	Finish Time
0	14	12	0	98	125
0	11	12	1	125	188
0	6	1	2	188	217
0	6	5	3	277	345
0	10	4	4	370	451
0	3	4	5	458	512
0	9	2	6	562	623
0	1	12	7	629	639
0	8	14	8	797	842
0	8	13	9	1272	1318
1	9	7	10	104	130
1	7	1	11	217	304
1	3	11	12	314	322
1	14	12	13	404	484
1	1	12	14	607	629
1	1	12	15	639	692
1	7	8	16	694	770
1	9	5	17	796	826
1	9	5	18	826	892
1	5	6	19	906	945
1	1	12	20	1019	1068
1	8	10	21	1131	1167
1	3	14	22	1202	1252
2	14	12	23	0	50
2	12	6	24	141	207
2	10	9	25	264	343
2	5	1	26	351	428
2	6	10	27	658	731
2	7	8	28	770	837
2	14	0	29	843	917
2	4	14	30	1006	1072
2	3	1	31	1083	1148
2	1	12	32	1163	1216
2	7	0	33	1216	1254
2	7	8	34	1288	1382
3	3	8	35	0	82
3	11	8	36	82	109
3	5	1	37	160	185
3	1	14	38	286	359
3	10	10	39	512	521
3	6	10	40	521	589
3	12	6	41	604	633
3	1	14	42	692	702
3	2	1	43	756	804
3	0	6	44	972	1012
3	10	9	45	1052	1102
3	9	11	46	1102	1204
3	11	3	47	1204	1240
3	5	8	48	1240	1288
3	2	11	49	1315	1367
4	4	2	50	0	75
4	3	14	51	82	93
4	1	6	52	93	109
4	0	5	53	114	160
4	5	4	54	185	237
4	4	8	55	447	465
4	4	4	56	516	590
4	7	5	57	590	638
4	10	9	58	680	747
4	1	6	59	785	823
4	13	3	60	1045	1132
4	1	12	61	1286	1338
5	8	3	62	0	24
5	3	4	63	162	183
5	8	8	64	183	222
5	9	7	65	316	383
5	13	11	66	383	397
5	3	0	67	426	445
5	9	2	68	445	491
5	7	8	69	491	537
5	8	8	70	537	600
5	9	2	71	623	640
5	8	13	72	674	741
5	6	1	73	1155	1203
5	2	11	74	1286	1315
6	6	0	75	43	77
6	9	7	76	81	104
6	8	6	77	247	315
6	5	1	78	428	473
6	5	14	79	557	583
6	8	8	80	600	674
6	3	14	81	706	731
6	11	12	82	731	802
6	10	9	83	821	891
6	2	11	84	993	1072
6	2	8	85	1154	1235
7	0	4	86	70	114
7	4	2	87	178	248
7	11	3	88	379	434
7	1	14	89	465	538
7	14	0	90	614	671
7	12	11	91	712	789
7	0	13	92	838	909
7	2	11	93	928	993
7	5	10	94	1172	1191
7	6	1	95	1203	1272
7	12	2	96	1281	1342
8	10	9	97	0	97
8	5	8	98	109	160
8	6	0	99	217	277
8	6	10	100	589	658
8	0	5	101	694	790
8	1	12	102	849	934
8	4	8	103	934	1006
8	7	0	104	1006	1096
8	12	7	105	1137	1165
8	12	10	106	1191	1210
8	12	10	107	1210	1281
8	4	4	108	1324	1357
8	13	14	109	1357	1377
9	6	11	110	119	172
9	13	5	111	191	263
9	2	8	112	263	299
9	12	10	113	325	388
9	4	8	114	388	447
9	5	7	115	473	557
9	9	4	116	752	796
9	14	6	117	1012	1095
9	6	0	118	1096	1108
9	0	6	119	1108	1172
9	12	6	120	1172	1189
9	0	4	121	1189	1258
9	4	4	122	1258	1324
9	11	12	123	1338	1372
10	2	10	124	54	145
10	7	0	125	304	351
10	4	9	126	465	516
10	7	5	127	537	585
10	4	7	128	640	656
10	5	4	129	713	746
10	3	14	130	746	797
10	6	11	131	797	861
10	0	13	132	909	972
10	12	2	133	1067	1130
10	14	5	134	1170	1235
10	7	5	135	1254	1285
11	0	13	136	23	70
11	12	1	137	90	108
11	10	3	138	191	235
11	10	3	139	235	264
11	3	11	140	264	314
11	14	12	141	314	336
11	2	3	142	336	378
11	2	9	143	378	435
11	0	6	144	435	467
11	8	6	145	467	512
11	3	0	146	512	568
11	8	3	147	906	963
11	10	0	148	1314	1376
12	12	6	149	0	10
12	7	5	150	10	91
12	2	10	151	212	232
12	13	3	152	264	331
12	11	11	153	331	379
12	13	11	154	462	477
12	11	3	155	595	676
12	12	6	156	701	712
12	13	7	157	770	825
12	4	4	158	859	914
12	11	4	159	997	1056
12	0	9	160	1258	1342
12	14	13	161	1342	1370
13	12	6	162	10	33
13	14	13	163	125	199
13	11	12	164	252	269
13	2	1	165	534	612
13	0	14	166	666	691
13	14	10	167	731	788
13	2	1	168	804	816
13	8	6	169	842	906
13	3	4	170	926	993
13	4	7	171	1072	1109
13	4	14	172	1109	1163
13	13	14	173	1280	1344
14	5	1	174	34	90
14	3	11	175	183	250
14	3	0	176	445	458
14	3	11	177	627	706
14	14	0	178	788	843
14	5	1	179	849	903
14	12	7	180	970	1052
14	12	2	181	1052	1067
14	0	13	182	1067	1100
14	10	7	183	1109	1137
14	7	0	184	1170	1196
14	3	14	185	1252	1280
14	5	10	186	1302	1353
15	7	0	187	0	8
15	6	0	188	8	43
15	13	3	189	82	116
15	8	4	190	116	145
15	9	7	191	145	238
15	4	7	192	248	281
15	9	7	193	281	304
15	5	1	194	307	351
15	13	2	195	351	383
15	10	0	196	458	512
15	10	9	197	521	542
15	0	13	198	641	666
15	6	0	199	731	781
15	7	1	200	903	992
16	8	3	201	24	82
16	10	9	202	97	147
16	14	12	203	336	404
16	2	3	204	435	465
16	11	12	205	509	536
16	1	6	206	712	785
16	7	7	207	837	885
16	7	8	208	887	902
16	6	0	209	917	992
16	5	4	210	1131	1172
16	13	2	211	1206	1278
17	2	10	212	0	54
17	3	14	213	93	162
17	1	14	214	233	286
17	0	13	215	318	384
17	6	10	216	388	459
17	7	8	217	465	474
17	13	11	218	477	555
17	14	0	219	568	614
17	2	1	220	699	756
17	13	2	221	911	972
17	14	13	222	972	1006
17	14	5	223	1095	1130
17	8	13	224	1167	1194
17	3	14	225	1194	1202
17	2	11	226	1235	1286
18	1	14	227	0	51
18	12	6	228	109	141
18	5	10	229	237	307
18	8	6	230	371	434
18	0	13	231	467	536
18	3	11	232	575	627
18	2	1	233	627	699
18	11	12	234	699	725
18	13	7	235	752	770
18	10	9	236	958	1052
18	1	12	237	1068	1117
18	11	3	238	1240	1321
18	12	2	239	1342	1371
19	2	10	240	145	212
19	11	12	241	269	278
19	1	14	242	359	438
19	12	6	243	534	604
19	10	9	244	633	680
19	13	3	245	680	747
19	5	3	246	747	812
19	13	3	247	825	904
19	11	14	248	972	997
19	8	8	249	1015	1023
19	11	8	250	1056	1141
20	0	13	251	0	23
20	14	13	252	199	293
20	4	8	253	299	383
20	0	13	254	384	416
20	3	4	255	797	858
20	2	11	256	861	928
20	3	1	257	993	1083
20	13	2	258	1132	1206
20	1	12	259	1216	1286
20	3	5	260	1286	1351
21	13	11	261	0	19
21	13	11	262	19	82
21	7	0	263	91	148
21	12	6	264	207	237
21	9	2	265	383	443
21	9	2	266	491	562
21	5	14	267	583	653
21	9	7	268	656	752
21	6	2	269	861	911
21	2	9	270	1102	1154
21	4	7	271	1165	1199
21	9	7	272	1204	1285
21	9	7	273	1285	1356
22	1	14	274	162	233
22	11	12	275	288	299
22	0	13	276	416	426
22	10	9	277	542	633
22	1	1	278	823	849
22	11	8	279	849	887
22	11	7	280	887	956
22	5	10	281	1030	1126
22	14	13	282	1130	1157
22	11	14	283	1163	1191
22	5	6	284	1191	1235
22	10	0	285	1254	1314
22	8	3	286	1321	1378
23	12	6	287	33	72
23	12	6	288	72	87
23	6	11	289	87	119
23	4	2	290	170	178
23	11	12	291	188	252
23	12	2	292	261	325
23	4	4	293	590	640
23	0	13	294	790	838
23	1	12	295	934	1019
23	6	0	296	1108	1155
24	7	0	297	148	217
24	8	8	298	222	247
24	12	2	299	248	261
24	9	7	300	304	316
24	6	5	301	361	385
24	7	7	302	385	394
24	12	7	303	394	460
24	2	3	304	465	528
24	13	11	305	555	575
24	7	5	306	638	694
24	12	10	307	886	960
24	5	3	308	963	1030
24	14	6	309	1273	1341
24	1	6	310	1341	1370
25	5	1	311	0	34
25	14	12	312	50	98
25	4	2	313	98	170
25	6	5	314	345	361
25	1	14	315	438	465
25	12	1	316	473	534
25	11	3	317	536	595
25	13	7	318	595	615
25	9	5	319	892	980
25	2	11	320	1072	1098
25	8	13	321	1194	1272
25	4	4	322	1357	1377
26	1	14	323	51	79
26	1	1	324	109	157
26	10	9	325	157	191
26	0	9	326	191	232
26	11	12	327	278	288
26	3	0	328	364	426
26	8	13	329	434	450
26	1	12	330	538	607
26	14	0	331	671	726
26	11	12	332	802	849
26	8	14	333	963	972
26	8	10	334	972	1015
26	4	9	335	1199	1254
27	11	4	336	0	65
27	0	4	337	237	318
27	8	6	338	318	371
27	13	11	339	397	462
27	4	2	340	656	717
27	4	2	341	717	779
27	4	2	342	779	859
27	10	9	343	891	958
27	9	5	344	980	1049
27	9	5	345	1049	1076
27	10	3	346	1137	1202
27	14	6	347	1235	1273
27	6	1	348	1273	1345
27	6	1	349	1345	1375
28	9	7	350	0	81
28	10	9	351	343	370
28	6	10	352	459	510
28	0	13	353	590	641
28	5	4	354	653	713
28	8	13	355	741	790
28	12	10	356	790	823
28	12	10	357	823	886
28	13	2	358	972	1045
28	8	4	359	1056	1131
28	7	5	360	1131	1170
29	13	3	361	116	191
29	3	4	362	322	364
29	7	5	363	394	449
29	11	5	364	449	509
29	0	13	365	536	590
29	12	6	366	633	701
29	10	9	367	747	821
29	3	14	368	858	926
29	11	7	369	956	970
29	0	13	370	1012	1065
29	1	12	371	1117	1163
29	5	10	372	1288	1302


Solution History:
