This is the output of Heuristic Solver for Dual resource constrained flexible job shop Scheduling Problem.
Input file is: wfjsp20_8.txt
Method: TSN1_100000000_0.411990_5
Seed: 1
Number of Jobs: 25
Number of Operations: 186
Number of Machines: 10
Number of Operators: 8
CPU Time: 24.7254
obj: 1229
Best found lower bound:0
Solver gap (best found lower bound and upper bound difference): Not known


Final Solution:
Job	Machine	Operator	Operation	Start Time	Finish Time
0	6	1	0	386	413
0	1	4	1	585	657
0	9	4	2	797	825
0	3	7	3	825	897
0	6	0	4	1093	1168
1	1	2	5	0	54
1	6	0	6	79	135
1	9	6	7	135	149
1	5	6	8	149	205
1	1	4	9	298	355
1	6	5	10	425	453
1	3	3	11	453	541
1	0	3	12	1146	1154
2	1	4	13	75	159
2	9	7	14	187	210
2	3	2	15	284	340
2	9	1	16	423	498
2	6	0	17	573	599
2	0	1	18	644	704
2	7	1	19	937	983
3	4	6	20	0	41
3	5	6	21	84	122
3	4	3	22	261	321
3	0	2	23	340	395
3	4	0	24	472	530
3	5	7	25	713	818
3	2	2	26	874	946
3	4	2	27	946	1014
3	4	0	28	1037	1093
3	3	5	29	1093	1165
4	7	3	30	130	199
4	2	5	31	214	287
4	7	3	32	385	450
4	5	4	33	508	547
4	7	6	34	627	734
4	3	6	35	734	817
4	5	4	36	1180	1208
5	4	2	37	54	78
5	9	7	38	210	282
5	9	1	39	413	423
5	2	7	40	431	507
5	5	0	41	547	573
5	4	1	42	864	873
5	9	6	43	899	941
5	8	2	44	1045	1080
6	7	5	45	0	44
6	0	1	46	130	219
6	0	4	47	471	508
6	9	6	48	585	627
6	0	5	49	704	758
6	1	2	50	782	862
7	6	1	51	0	11
7	7	5	52	44	61
7	5	6	53	432	473
7	1	6	54	529	582
7	8	5	55	943	958
7	7	1	56	1078	1146
8	7	5	57	61	109
8	0	4	58	395	471
8	5	5	59	575	612
8	9	4	60	657	766
8	0	5	61	797	851
8	5	7	62	899	924
8	2	5	63	958	977
8	5	5	64	1026	1068
9	0	1	65	49	114
9	4	1	66	114	130
9	1	4	67	159	177
9	4	6	68	209	251
9	5	6	69	251	294
9	8	5	70	294	357
9	5	7	71	414	431
9	7	1	72	873	937
9	8	2	73	1080	1129
10	9	3	74	75	105
10	8	5	75	109	141
10	4	2	76	182	209
10	4	0	77	414	472
10	6	5	78	758	797
10	8	3	79	845	873
10	2	2	80	1156	1226
11	8	1	81	22	49
11	1	4	82	177	241
11	6	6	83	294	365
11	7	5	84	453	538
11	8	1	85	557	644
11	9	5	86	851	887
11	0	4	87	933	1011
11	1	6	88	1056	1109
12	3	3	89	0	75
12	1	4	90	241	298
12	5	7	91	335	414
12	5	0	92	612	690
12	2	0	93	690	750
12	9	4	94	825	848
12	6	1	95	983	1046
12	4	7	96	1093	1148
13	6	0	97	191	281
13	2	0	98	360	414
13	2	7	99	589	657
13	1	3	100	657	731
13	0	4	101	851	933
13	0	3	102	1062	1146
13	8	7	103	1148	1222
14	0	1	104	219	306
14	9	4	105	557	585
14	0	2	106	625	643
14	8	2	107	711	782
14	4	3	108	873	903
14	6	5	109	1068	1090
14	5	4	110	1090	1144
14	4	3	111	1154	1219
15	9	5	112	149	183
15	8	6	113	365	432
15	6	2	114	513	562
15	6	5	115	612	696
15	6	1	116	704	752
15	4	1	117	752	833
15	2	2	118	862	874
15	7	0	119	983	1037
15	1	1	120	1146	1162
16	9	4	121	0	75
16	3	5	122	357	425
16	3	5	123	541	575
16	5	6	124	818	899
16	2	5	125	977	1019
16	3	4	126	1019	1074
17	5	6	127	41	84
17	0	3	128	114	130
17	8	5	129	183	214
17	7	3	130	321	385
17	7	3	131	734	799
17	6	0	132	832	891
17	1	3	133	903	971
17	1	3	134	971	1040
17	2	2	135	1129	1156
17	7	5	136	1165	1222
18	0	0	137	0	18
18	6	0	138	35	79
18	2	7	139	101	130
18	2	7	140	130	187
18	7	0	141	284	302
18	9	4	142	355	393
18	9	1	143	498	557
18	7	1	144	833	864
19	3	2	145	78	126
19	6	0	146	135	191
19	7	2	147	562	625
19	8	2	148	644	711
19	6	3	149	799	811
19	9	6	150	969	1056
20	2	7	151	0	25
20	7	2	152	209	284
20	2	0	153	302	360
20	9	4	154	782	797
20	5	7	155	938	1014
21	8	1	156	11	22
21	9	7	157	282	335
21	1	6	158	473	529
21	4	7	159	657	713
21	6	0	160	891	980
21	8	2	161	1014	1045
21	0	3	162	1045	1062
21	1	1	163	1162	1229
22	5	0	164	18	35
22	2	7	165	507	589
22	1	0	166	750	774
22	8	5	167	887	943
22	5	7	168	1014	1026
22	2	7	169	1026	1083
22	9	6	170	1109	1180
22	6	0	171	1180	1222
23	3	3	172	199	261
23	4	1	173	321	386
23	1	2	174	395	444
23	2	0	175	774	832
23	3	7	176	924	938
24	2	7	177	25	101
24	3	2	178	126	182
24	6	2	179	453	513
24	4	3	180	541	651
24	0	4	181	766	782
24	8	3	182	811	845
24	9	6	183	941	969
24	7	1	184	1046	1078
24	5	4	185	1144	1180


Solution History:
