This is the output of Heuristic Solver for Dual resource constrained flexible job shop Scheduling Problem.
Input file is: wfjsp14_3.txt
Method: TSN1_100000000_0.638037_5
Seed: 5
Number of Jobs: 30
Number of Operations: 235
Number of Machines: 15
Number of Operators: 15
CPU Time: 38.291
obj: 879
Best found lower bound:0
Solver gap (best found lower bound and upper bound difference): Not known


Final Solution:
Job	Machine	Operator	Operation	Start Time	Finish Time
0	10	3	0	16	83
0	8	3	1	174	189
0	5	4	2	189	206
0	11	6	3	292	391
0	8	7	4	398	474
0	13	6	5	491	563
0	8	13	6	621	700
0	4	2	7	721	758
0	1	11	8	790	872
1	4	6	9	0	13
1	4	14	10	157	218
1	8	10	11	225	310
1	14	9	12	427	446
1	1	11	13	455	541
1	13	2	14	563	660
1	5	5	15	666	697
1	3	12	16	702	761
2	5	8	17	0	16
2	9	0	18	38	116
2	11	6	19	116	125
2	12	2	20	184	210
2	10	1	21	338	398
2	7	3	22	398	495
2	5	12	23	509	573
2	14	5	24	573	602
2	14	9	25	666	745
2	13	7	26	745	838
3	0	10	27	0	10
3	11	10	28	10	41
3	1	1	29	166	263
3	6	12	30	333	368
3	11	2	31	532	563
3	14	5	32	602	661
3	4	6	33	661	721
3	4	2	34	777	840
4	3	13	35	77	184
4	7	12	36	250	333
4	5	5	37	338	353
4	3	11	38	358	385
4	3	11	39	385	455
4	9	10	40	503	516
4	10	14	41	550	572
4	7	4	42	585	644
4	11	10	43	672	705
4	3	4	44	812	860
5	14	1	45	0	98
5	10	5	46	215	283
5	0	8	47	297	368
5	7	12	48	368	382
5	13	6	49	405	420
5	4	13	50	455	506
5	3	11	51	558	624
5	4	6	52	625	660
5	9	14	53	690	712
5	11	6	54	752	805
6	8	14	55	0	25
6	8	3	56	85	116
6	13	7	57	118	188
6	12	13	58	252	338
6	14	9	59	446	543
6	6	9	60	543	631
6	3	11	61	631	640
6	6	11	62	640	694
6	12	13	63	745	841
7	2	4	64	0	35
7	7	7	65	76	103
7	1	7	66	263	326
7	8	10	67	326	369
7	2	8	68	409	491
7	0	0	69	503	516
7	1	11	70	704	790
8	2	4	71	124	183
8	5	4	72	206	238
8	9	14	73	238	305
8	8	2	74	369	398
8	8	3	75	565	621
8	6	3	76	739	751
9	6	5	77	0	27
9	0	10	78	76	88
9	14	8	79	158	224
9	5	3	80	238	329
9	0	10	81	442	500
9	14	7	82	543	559
9	11	6	83	721	752
9	2	3	84	835	850
10	2	0	85	326	409
10	11	1	86	409	452
10	11	2	87	495	532
10	8	5	88	543	565
10	1	7	89	565	600
10	7	4	90	644	698
10	12	13	91	700	745
10	10	1	92	771	796
10	7	12	93	824	852
11	12	11	94	0	38
11	5	12	95	38	121
11	14	8	96	123	158
11	3	11	97	184	267
11	6	12	98	382	471
11	12	1	99	471	562
11	2	1	100	576	627
11	5	9	101	631	666
11	0	0	102	666	757
11	10	1	103	796	877
12	9	0	104	0	38
12	11	7	105	41	51
12	7	12	106	121	188
12	11	6	107	188	234
12	4	1	108	263	331
12	14	9	109	331	427
12	10	14	110	457	550
12	10	10	111	576	672
12	7	4	112	726	773
12	0	7	113	838	876
13	12	4	114	101	124
13	9	0	115	124	167
13	0	5	116	178	215
13	9	10	117	215	224
13	6	5	118	471	538
13	5	14	119	785	857
14	10	3	120	0	16
14	1	5	121	65	129
14	12	13	122	210	252
14	8	7	123	474	505
14	11	6	124	563	625
14	2	8	125	704	752
14	8	5	126	774	833
15	6	9	127	72	133
15	3	11	128	267	358
15	0	10	129	369	442
15	2	8	130	491	517
15	4	13	131	554	615
15	3	12	132	640	663
15	11	6	133	805	865
16	8	2	134	43	85
16	2	13	135	184	209
16	11	6	136	234	292
16	1	13	137	388	451
16	5	12	138	471	509
16	4	13	139	509	554
16	9	14	140	593	654
16	9	14	141	654	679
16	7	7	142	698	726
16	6	9	143	751	848
17	7	13	144	0	76
17	7	7	145	103	118
17	9	0	146	167	192
17	2	8	147	224	297
17	1	7	148	326	388
17	2	10	149	517	576
18	13	2	150	0	43
18	3	11	151	43	77
18	13	11	152	77	105
18	0	11	153	112	178
18	4	7	154	218	262
18	10	2	155	421	457
18	8	7	156	505	543
18	7	4	157	562	585
18	11	1	158	627	667
19	6	9	159	27	72
19	1	5	160	129	166
19	7	12	161	188	250
19	14	4	162	250	318
19	12	4	163	338	400
19	0	0	164	598	635
19	2	3	165	635	701
19	0	0	166	757	835
19	6	2	167	848	877
20	0	0	168	215	293
20	10	2	169	398	421
20	7	3	170	495	562
20	3	12	171	663	702
20	9	10	172	719	728
20	2	3	173	752	835
21	13	2	174	218	299
21	13	2	175	299	368
21	4	14	176	383	455
21	0	8	177	517	598
21	1	8	178	600	704
21	8	5	179	704	774
21	3	4	180	774	812
22	0	10	181	88	112
22	11	6	182	125	181
22	6	9	183	204	271
22	9	14	184	305	378
22	10	1	185	672	771
22	7	12	186	773	824
22	13	5	187	838	863
22	2	4	188	863	879
23	2	8	189	35	123
23	13	7	190	188	218
23	2	0	191	297	326
23	13	8	192	368	405
23	9	0	193	409	503
23	9	10	194	728	797
23	14	8	195	820	861
24	4	6	196	13	65
24	8	10	197	116	125
24	6	9	198	133	204
24	8	3	199	214	225
24	12	4	200	400	456
24	5	12	201	573	631
24	5	4	202	698	709
24	14	8	203	752	820
25	12	4	204	38	101
25	10	5	205	283	338
25	13	6	206	420	491
25	9	14	207	679	690
25	5	14	208	712	785
26	1	14	209	41	65
26	8	3	210	125	174
26	6	9	211	271	329
26	13	2	212	693	719
26	4	2	213	758	777
27	5	5	214	353	455
27	11	2	215	457	495
27	9	0	216	516	593
27	12	7	217	600	677
27	11	10	218	705	719
27	9	10	219	797	862
28	8	14	220	25	41
28	4	14	221	65	157
28	10	10	222	157	210
28	4	3	223	331	383
28	7	3	224	383	395
28	3	4	225	456	558
28	0	0	226	635	665
28	13	2	227	665	693
28	12	13	228	841	872
29	1	7	229	0	41
29	0	10	230	41	76
29	10	2	231	85	135
29	12	2	232	135	184
29	8	3	233	189	214
29	6	3	234	701	739


Solution History:
