This is the output of Heuristic Solver for Dual resource constrained flexible job shop Scheduling Problem.
Input file is: wfjsp11_3.txt
Method: TSN1_100000000_0.782258_5
Seed: 3
Number of Jobs: 20
Number of Operations: 209
Number of Machines: 10
Number of Operators: 10
CPU Time: 46.945
obj: 1223
Best found lower bound:0
Solver gap (best found lower bound and upper bound difference): Not known


Final Solution:
Job	Machine	Operator	Operation	Start Time	Finish Time
0	9	8	0	0	65
0	2	6	1	93	107
0	8	2	2	107	123
0	6	8	3	228	311
0	1	9	4	350	430
0	7	6	5	437	503
0	8	8	6	557	639
0	8	2	7	711	747
0	8	2	8	747	847
0	6	7	9	847	861
0	0	5	10	878	937
0	0	5	11	937	1036
0	8	2	12	1061	1079
0	4	0	13	1098	1193
1	8	0	14	0	97
1	2	6	15	107	138
1	8	0	16	138	197
1	1	3	17	645	664
1	6	9	18	969	1046
1	8	2	19	1050	1061
1	4	0	20	1071	1098
2	3	1	21	0	43
2	1	1	22	124	234
2	8	1	23	234	299
2	8	1	24	299	330
2	1	8	25	430	500
2	7	2	26	503	606
2	0	2	27	661	672
2	9	7	28	678	711
2	4	0	29	719	834
2	4	3	30	834	873
2	9	8	31	891	920
2	7	2	32	924	987
3	2	7	33	0	60
3	2	5	34	159	225
3	5	2	35	235	332
3	4	0	36	345	437
3	4	0	37	437	455
3	3	4	38	455	482
3	1	9	39	500	575
3	6	9	40	575	589
3	6	8	41	711	734
3	9	8	42	841	891
3	2	7	43	940	975
3	2	7	44	1031	1086
3	9	7	45	1122	1220
4	4	8	46	65	134
4	4	8	47	134	205
4	4	8	48	205	222
4	4	0	49	222	240
4	7	6	50	290	345
4	6	8	51	362	428
4	6	9	52	430	466
4	4	0	53	478	502
4	2	7	54	545	598
4	8	0	55	639	665
4	8	8	56	681	711
4	3	4	57	791	867
4	9	8	58	920	992
4	0	2	59	1096	1192
5	9	4	60	172	283
5	3	5	61	312	321
5	5	5	62	540	603
5	2	5	63	658	765
5	8	0	64	847	890
5	6	9	65	928	959
5	3	3	66	1012	1073
5	9	4	67	1080	1122
6	6	9	68	0	96
6	9	7	69	96	106
6	9	4	70	283	374
6	9	7	71	374	436
6	8	3	72	457	485
6	8	3	73	485	557
6	2	5	74	629	658
6	3	3	75	681	737
6	5	6	76	784	795
6	8	0	77	890	924
6	1	9	78	1135	1148
7	2	7	79	473	545
7	0	1	80	589	661
7	2	5	81	765	821
7	3	3	82	993	1012
7	3	5	83	1073	1105
7	5	4	84	1181	1196
8	0	5	85	0	72
8	1	1	86	83	124
8	7	2	87	124	161
8	8	0	88	197	219
8	3	3	89	246	282
8	1	9	90	296	350
8	2	1	91	375	418
8	2	1	92	418	444
8	2	7	93	444	473
8	5	2	94	672	709
8	1	8	95	734	804
8	2	5	96	821	863
8	1	1	97	978	1054
8	2	5	98	1119	1223
9	7	4	99	0	96
9	6	8	100	311	362
9	3	4	101	374	412
9	5	5	102	442	540
9	9	7	103	604	678
9	4	6	104	682	719
9	3	5	105	867	878
9	8	0	106	924	993
9	8	1	107	1167	1217
10	6	9	108	96	167
10	0	0	109	246	342
10	8	3	110	345	457
10	7	4	111	606	710
10	3	3	112	737	791
10	7	6	113	795	828
10	0	9	114	828	854
10	5	4	115	995	1044
10	7	6	116	1083	1116
10	0	2	117	1192	1205
11	5	6	118	0	72
11	0	5	119	72	142
11	0	5	120	142	158
11	7	6	121	345	402
11	3	4	122	412	450
11	6	1	123	466	496
11	0	0	124	502	583
11	1	3	125	591	645
11	1	1	126	664	728
11	5	6	127	841	896
11	1	1	128	896	978
11	1	1	129	1054	1135
11	7	6	130	1186	1210
12	4	3	131	0	60
12	5	6	132	72	93
12	9	7	133	106	172
12	6	7	134	172	228
12	3	5	135	603	629
12	7	6	136	719	783
12	6	9	137	861	928
13	2	7	138	60	92
13	3	3	139	127	179
13	7	2	140	179	235
13	2	5	141	235	262
13	1	9	142	262	296
13	0	2	143	368	469
13	4	6	144	503	573
13	3	3	145	573	591
13	5	2	146	632	658
13	5	4	147	710	784
13	4	3	148	873	932
13	2	7	149	975	1031
13	7	6	150	1031	1083
13	2	7	151	1086	1119
13	8	1	152	1135	1167
14	3	3	153	179	246
14	7	6	154	246	290
14	2	1	155	338	375
14	7	6	156	402	437
14	4	0	157	455	478
14	9	4	158	482	522
14	9	4	159	522	562
14	3	8	160	639	681
14	4	3	161	932	992
14	7	6	162	1116	1186
15	3	3	163	60	127
15	9	4	164	562	604
15	6	1	165	734	797
15	4	0	166	993	1071
15	5	4	167	1152	1181
16	0	9	168	167	246
16	0	2	169	342	368
16	6	9	170	589	653
16	0	0	171	672	712
16	1	9	172	804	816
16	2	7	173	863	940
16	9	8	174	992	1080
16	5	8	175	1080	1152
16	6	8	176	1152	1220
17	2	7	177	273	338
17	5	5	178	338	442
17	3	1	179	496	572
17	4	6	180	573	610
17	5	2	181	610	632
17	6	9	182	653	711
17	0	9	183	712	789
17	1	1	184	816	894
17	3	4	185	894	993
17	8	2	186	993	1050
17	5	4	187	1050	1076
17	0	2	188	1079	1096
17	3	3	189	1105	1213
18	3	5	190	282	312
18	0	2	191	469	499
18	5	8	192	804	841
18	5	6	193	896	995
18	1	9	194	1148	1223
19	1	1	195	43	83
19	5	4	196	96	148
19	2	6	197	148	159
19	5	6	198	159	229
19	2	7	199	262	273
19	4	3	200	282	345
19	6	8	201	500	555
19	1	1	202	575	589
19	4	6	203	610	682
19	9	7	204	711	779
19	9	7	205	779	837
19	7	2	206	847	924
19	6	9	207	959	969
19	6	9	208	1046	1127


Solution History:
