This is the output of Heuristic Solver for Dual resource constrained flexible job shop Scheduling Problem.
Input file is: wfjsp15_2.txt
Method: TSN1_100000000_0.889362_5
Seed: 2
Number of Jobs: 30
Number of Operations: 375
Number of Machines: 15
Number of Operators: 15
CPU Time: 53.3994
obj: 1388
Best found lower bound:0
Solver gap (best found lower bound and upper bound difference): Not known


Final Solution:
Job	Machine	Operator	Operation	Start Time	Finish Time
0	4	6	0	322	395
0	8	1	1	471	545
0	14	12	2	596	618
0	10	1	3	618	658
0	3	10	4	738	753
0	3	10	5	753	778
0	1	7	6	795	862
0	6	10	7	890	900
0	6	0	8	1042	1117
0	1	7	9	1320	1358
1	13	14	10	142	196
1	2	0	11	239	255
1	0	5	12	269	334
1	3	8	13	483	549
1	13	7	14	707	765
1	0	14	15	795	857
1	6	10	16	912	945
1	12	11	17	954	995
1	12	11	18	995	1020
1	10	4	19	1021	1082
1	9	9	20	1088	1161
1	2	4	21	1163	1251
1	3	13	22	1251	1310
1	0	13	23	1321	1388
2	10	3	24	13	77
2	10	3	25	77	94
2	0	7	26	134	144
2	3	10	27	177	263
2	9	10	28	263	288
2	12	13	29	390	470
2	9	2	30	524	607
2	14	4	31	618	642
2	12	13	32	720	787
2	11	6	33	833	910
2	10	4	34	960	1021
2	2	8	35	1025	1046
2	7	12	36	1046	1102
2	13	14	37	1117	1154
2	14	10	38	1250	1318
3	5	4	39	25	106
3	1	4	40	113	132
3	11	9	41	134	150
3	3	0	42	263	289
3	2	8	43	290	307
3	13	10	44	444	485
3	4	14	45	485	571
3	11	0	46	645	682
3	10	2	47	743	833
3	5	1	48	870	956
3	8	14	49	979	1038
3	5	0	50	1146	1178
3	9	10	51	1187	1250
3	0	2	52	1287	1321
4	5	0	53	0	25
4	6	0	54	25	60
4	14	11	55	60	105
4	1	4	56	132	151
4	0	13	57	151	218
4	6	13	58	219	277
4	4	8	59	277	290
4	6	13	60	356	384
4	3	14	61	387	438
4	0	13	62	517	597
4	2	3	63	738	796
4	0	2	64	940	1010
4	11	13	65	1055	1109
4	14	12	66	1132	1154
4	4	6	67	1234	1320
5	10	3	68	0	13
5	13	10	69	13	90
5	14	11	70	105	117
5	9	12	71	166	218
5	14	12	72	283	343
5	5	5	73	350	397
5	4	14	74	607	665
5	4	9	75	665	749
5	2	4	76	796	857
5	3	0	77	912	966
5	13	8	78	1177	1256
6	6	0	79	60	73
6	7	13	80	73	127
6	1	7	81	188	232
6	13	14	82	276	331
6	5	5	83	334	350
6	9	2	84	359	437
6	11	0	85	511	534
6	7	11	86	534	556
6	4	14	87	571	607
6	5	3	88	607	637
6	7	12	89	786	870
6	0	8	90	873	940
6	5	5	91	988	1061
6	7	11	92	1187	1261
7	4	6	93	168	179
7	4	1	94	179	207
7	1	7	95	232	310
7	14	4	96	343	414
7	2	12	97	441	488
7	1	6	98	525	615
7	12	13	99	637	720
7	2	3	100	720	738
7	14	11	101	783	859
7	8	14	102	922	979
7	5	0	103	1178	1231
7	11	12	104	1303	1370
8	10	1	105	390	471
8	7	0	106	472	506
8	8	1	107	559	607
8	0	2	108	607	674
8	9	1	109	674	742
8	0	4	110	743	792
8	9	7	111	867	895
8	14	11	112	895	939
8	0	2	113	1010	1078
8	12	11	114	1088	1152
8	2	4	115	1152	1163
8	13	2	116	1164	1177
8	6	8	117	1259	1286
8	8	8	118	1286	1369
9	0	8	119	395	483
9	11	6	120	483	511
9	13	10	121	520	579
9	9	12	122	618	665
9	2	12	123	665	687
9	0	2	124	692	722
9	6	13	125	791	813
9	12	5	126	813	824
9	6	13	127	867	890
9	11	6	128	910	924
9	10	3	129	950	959
9	6	0	130	970	1042
9	5	5	131	1061	1069
9	0	2	132	1131	1164
9	5	0	133	1231	1296
10	8	14	134	0	49
10	14	11	135	117	173
10	6	0	136	187	219
10	3	10	137	289	329
10	10	14	138	331	387
10	10	4	139	658	743
10	1	5	140	869	923
10	5	4	141	1082	1146
10	11	1	142	1158	1224
10	6	7	143	1224	1259
10	2	4	144	1259	1326
10	14	9	145	1346	1377
11	3	8	146	0	46
11	3	8	147	46	112
11	8	8	148	112	140
11	0	2	149	218	269
11	12	1	150	354	390
11	10	5	151	557	600
11	14	7	152	642	707
11	11	6	153	766	833
11	6	10	154	900	912
11	4	6	155	954	1038
11	11	13	156	1109	1158
11	8	3	157	1205	1281
11	7	11	158	1290	1327
11	12	2	159	1327	1383
12	1	4	160	0	20
12	1	7	161	20	87
12	4	6	162	112	140
12	4	6	163	140	168
12	14	12	164	218	283
12	7	11	165	324	411
12	1	14	166	748	795
12	5	3	167	796	870
12	10	3	168	939	950
12	5	1	169	956	988
12	8	3	170	1038	1122
12	0	2	171	1177	1257
12	13	7	172	1259	1320
12	7	11	173	1327	1386
13	12	2	174	0	79
13	7	13	175	127	140
13	10	3	176	217	285
13	7	11	177	303	324
13	13	10	178	371	444
13	6	7	179	451	540
13	6	7	180	540	614
13	2	9	181	627	660
13	9	1	182	816	867
13	10	5	183	1082	1155
13	4	9	184	1161	1234
13	12	9	185	1234	1306
14	4	14	186	65	112
14	3	14	187	112	139
14	10	3	188	167	200
14	9	2	189	288	359
14	11	0	190	404	472
14	12	13	191	472	517
14	3	10	192	619	664
14	9	1	193	742	816
14	3	0	194	895	912
14	1	5	195	933	975
14	3	8	196	1106	1173
14	4	6	197	1320	1364
15	7	13	198	0	60
15	5	4	199	179	264
15	1	4	200	451	525
15	2	4	201	525	610
15	11	13	202	610	637
15	4	0	203	786	853
15	10	2	204	877	939
15	12	11	205	939	954
15	3	8	206	966	979
15	3	8	207	979	1010
15	4	6	208	1038	1121
15	1	6	209	1121	1206
15	10	5	210	1220	1279
15	6	3	211	1286	1366
16	6	0	212	73	140
16	10	3	213	200	217
16	8	1	214	240	298
16	13	10	215	331	371
16	6	0	216	384	401
16	5	5	217	439	517
16	8	1	218	545	559
16	1	14	219	680	701
16	1	14	220	712	748
16	8	3	221	873	913
16	1	5	222	923	933
16	9	1	223	1325	1370
17	9	12	224	0	55
17	2	12	225	55	77
17	12	12	226	79	157
17	12	1	227	301	354
17	11	0	228	534	602
17	7	11	229	630	700
17	6	8	230	704	791
17	13	8	231	791	822
17	11	6	232	924	954
17	12	9	233	1076	1088
17	2	4	234	1326	1353
18	2	9	235	0	50
18	0	9	236	82	134
18	6	13	237	277	356
18	0	8	238	356	395
18	4	6	239	395	407
18	7	9	240	411	423
18	6	11	241	423	449
18	14	11	242	449	491
18	14	12	243	530	596
18	2	4	244	857	946
18	6	10	245	946	970
18	13	9	246	977	1060
18	0	2	247	1099	1131
18	10	5	248	1155	1220
19	10	3	249	94	167
19	6	0	250	171	187
19	13	14	251	196	231
19	13	14	252	231	276
19	2	8	253	307	347
19	2	12	254	488	524
19	11	6	255	682	766
19	12	5	256	824	869
19	3	0	257	869	895
19	9	7	258	895	971
19	1	14	259	1210	1310
20	0	5	260	0	38
20	5	5	261	106	179
20	12	2	262	179	214
20	10	3	263	285	327
20	4	6	264	407	476
20	13	8	265	619	704
20	6	13	266	813	867
20	7	12	267	957	1034
20	14	7	268	1068	1132
20	6	7	269	1132	1221
20	14	1	270	1224	1249
20	0	2	271	1257	1287
20	13	10	272	1320	1377
21	11	6	273	234	320
21	0	9	274	498	509
21	3	8	275	549	616
21	5	3	276	637	713
21	12	14	277	869	922
21	2	4	278	946	960
21	11	13	279	960	1001
21	11	13	280	1001	1055
21	14	12	281	1154	1221
21	7	11	282	1261	1290
21	5	0	283	1296	1376
22	6	8	284	140	156
22	12	11	285	216	301
22	2	12	286	364	441
22	13	10	287	485	520
22	10	5	288	520	557
22	6	0	289	614	645
22	7	0	290	700	752
22	7	0	291	752	786
22	8	8	292	838	873
22	7	12	293	873	957
22	13	14	294	1060	1117
22	4	0	295	1121	1140
22	3	13	296	1173	1241
23	9	2	297	79	166
23	2	8	298	166	239
23	5	4	299	264	333
23	8	3	300	333	352
23	2	12	301	352	364
23	8	3	302	437	468
23	14	11	303	491	503
23	7	11	304	556	630
23	14	9	305	942	977
23	9	10	306	977	1056
23	14	14	307	1318	1346
24	11	1	308	0	78
24	7	0	309	140	156
24	1	7	310	156	188
24	5	5	311	397	439
24	9	2	312	439	524
24	13	10	313	579	619
24	8	5	314	619	639
24	0	2	315	674	692
24	10	5	316	1279	1363
24	2	4	317	1363	1376
25	4	6	318	0	65
25	0	9	319	65	82
25	1	10	320	90	113
25	11	10	321	113	127
25	13	10	322	127	142
25	3	10	323	142	177
25	8	5	324	179	240
25	2	0	325	255	263
25	4	0	326	290	322
25	1	7	327	322	373
25	8	9	328	751	835
25	13	2	329	835	857
25	9	1	330	1250	1325
26	2	1	331	78	158
26	7	0	332	158	171
26	14	11	333	173	216
26	3	0	334	329	380
26	8	5	335	639	726
26	3	10	336	778	823
26	3	8	337	823	838
26	14	11	338	859	891
26	4	13	339	891	954
26	12	11	340	1020	1076
26	2	1	341	1076	1151
26	3	9	342	1310	1344
27	8	3	343	352	437
27	0	9	344	483	498
27	14	11	345	503	530
27	12	9	346	543	627
27	14	12	347	707	783
27	13	9	348	857	942
27	14	1	349	988	1068
27	3	8	350	1068	1106
27	8	3	351	1122	1205
27	11	12	352	1224	1303
28	11	9	353	150	234
28	7	9	354	234	303
28	1	7	355	310	320
28	11	9	356	320	404
28	3	9	357	438	483
28	12	9	358	517	543
28	3	10	359	664	738
28	4	5	360	751	784
28	10	10	361	833	877
28	1	7	362	975	1043
28	0	2	363	1078	1099
28	12	14	364	1154	1210
29	14	11	365	0	35
29	9	9	366	55	65
29	1	7	367	373	451
29	10	3	368	471	511
29	5	3	369	517	587
29	1	6	370	615	680
29	1	14	371	701	712
29	8	5	372	726	751
29	2	3	373	960	1025
29	7	10	374	1102	1187


Solution History:
