This is the output of Heuristic Solver for Dual resource constrained flexible job shop Scheduling Problem.
Input file is: wfjsp17_1.txt
Method: TSN1_100000000_0.432648_5
Seed: 2
Number of Jobs: 15
Number of Operations: 136
Number of Machines: 5
Number of Operators: 4
CPU Time: 25.9625
obj: 1653
Best found lower bound:0
Solver gap (best found lower bound and upper bound difference): Not known


Final Solution:
Job	Machine	Operator	Operation	Start Time	Finish Time
0	2	0	0	215	298
0	4	0	1	654	677
0	2	0	2	683	735
0	0	3	3	959	1058
0	4	0	4	1160	1241
0	1	1	5	1241	1296
0	3	1	6	1399	1478
0	4	0	7	1541	1568
1	2	3	8	0	38
1	3	1	9	56	95
1	4	0	10	157	166
1	1	3	11	245	261
1	2	0	12	298	312
1	1	2	13	312	355
1	4	2	14	434	501
1	0	2	15	501	544
1	1	3	16	684	707
2	4	0	17	65	77
2	0	2	18	79	134
2	4	1	19	362	408
2	0	1	20	622	713
2	3	1	21	713	803
2	3	3	22	1080	1127
2	4	0	23	1241	1319
2	4	0	24	1319	1335
2	3	2	25	1495	1529
2	2	0	26	1629	1649
3	2	3	27	72	95
3	0	2	28	225	274
3	2	0	29	312	393
3	2	0	30	503	545
3	0	3	31	713	769
3	2	0	32	780	873
3	1	2	33	1326	1369
3	4	0	34	1432	1447
3	2	2	35	1529	1571
4	4	0	36	0	26
4	2	3	37	38	72
4	2	0	38	437	503
4	3	3	39	553	618
4	4	2	40	845	878
4	0	3	41	1308	1406
4	4	0	42	1447	1474
4	4	0	43	1474	1532
4	4	0	44	1532	1541
4	2	0	45	1615	1629
5	3	2	46	134	215
5	1	2	47	215	225
5	3	3	48	261	271
5	4	1	49	535	573
5	0	3	50	769	844
5	0	3	51	844	859
5	1	1	52	937	1003
5	0	3	53	1406	1463
5	4	2	54	1615	1653
6	4	1	55	190	231
6	2	0	56	545	654
6	3	1	57	803	853
6	2	0	58	979	1074
6	0	3	59	1141	1201
6	0	3	60	1285	1308
6	1	3	61	1495	1556
6	3	3	62	1556	1575
7	1	2	63	355	393
7	0	1	64	408	499
7	4	1	65	501	535
7	1	2	66	564	584
7	1	2	67	584	630
7	1	2	68	630	684
7	2	2	69	1256	1326
7	2	2	70	1571	1611
8	0	1	71	0	22
8	4	0	72	26	65
8	4	1	73	322	362
8	1	2	74	393	434
8	2	0	75	735	780
8	1	1	76	853	937
8	4	2	77	967	1042
8	0	2	78	1058	1140
8	0	1	79	1550	1644
9	1	2	80	0	79
9	3	3	81	95	133
9	1	3	82	230	245
9	4	2	83	274	294
9	0	3	84	327	335
9	3	3	85	478	553
9	3	2	86	1141	1179
9	2	3	87	1463	1495
9	3	3	88	1630	1647
10	3	1	89	22	56
10	2	0	90	166	215
10	3	3	91	217	230
10	3	3	92	271	327
10	4	2	93	684	755
10	0	3	94	859	877
10	3	2	95	878	901
10	4	2	96	901	967
10	3	3	97	1069	1080
10	1	1	98	1156	1240
11	3	3	99	406	478
11	0	1	100	573	622
11	3	3	101	622	660
11	2	0	102	1074	1160
11	0	3	103	1201	1285
11	3	1	104	1296	1338
11	3	1	105	1338	1399
11	3	1	106	1529	1550
11	3	3	107	1575	1617
11	1	3	108	1617	1630
12	4	0	109	77	157
12	0	3	110	157	217
12	3	3	111	335	406
12	2	0	112	417	437
12	0	2	113	544	564
12	4	2	114	772	845
12	3	1	115	1048	1069
12	4	0	116	1335	1432
13	1	1	117	95	190
13	0	1	118	308	322
13	2	3	119	660	683
13	4	2	120	755	772
13	0	3	121	877	959
13	1	1	122	1109	1156
13	2	2	123	1179	1256
13	0	1	124	1478	1527
13	4	0	125	1568	1615
14	4	1	126	231	271
14	1	1	127	271	308
14	2	0	128	393	417
14	2	0	129	873	979
14	3	1	130	1003	1026
14	1	1	131	1026	1048
14	4	1	132	1069	1109
14	3	3	133	1127	1141
14	1	2	134	1369	1415
14	1	2	135	1415	1495


Solution History:
