This is the output of Heuristic Solver for Dual resource constrained flexible job shop Scheduling Problem.
Input file is: wfjsp24_9.txt
Method: TSN1_100000000_0.389533_5
Seed: 5
Number of Jobs: 40
Number of Operations: 284
Number of Machines: 15
Number of Operators: 12
CPU Time: 23.3844
obj: 1289
Best found lower bound:0
Solver gap (best found lower bound and upper bound difference): Not known


Final Solution:
Job	Machine	Operator	Operation	Start Time	Finish Time
0	4	3	0	207	295
0	12	4	1	793	840
0	1	4	2	840	912
0	2	9	3	978	1036
0	1	4	4	1036	1067
1	13	1	5	297	380
1	7	11	6	493	564
1	1	0	7	605	624
1	7	10	8	628	692
1	2	7	9	698	756
1	6	11	10	1031	1137
1	12	10	11	1137	1217
1	13	0	12	1217	1289
2	4	2	13	38	82
2	11	7	14	82	104
2	1	7	15	104	157
2	2	2	16	534	547
2	11	4	17	710	793
2	0	0	18	826	845
2	4	3	19	880	900
2	0	5	20	932	971
3	8	3	21	0	39
3	6	1	22	47	59
3	7	3	23	101	126
3	3	7	24	673	698
3	12	9	25	907	967
3	7	6	26	1127	1184
4	7	8	27	332	415
4	11	3	28	415	508
4	13	9	29	508	589
4	11	1	30	1172	1228
4	10	5	31	1228	1284
5	1	0	32	550	605
5	10	11	33	710	800
5	3	10	34	807	823
5	11	1	35	871	946
5	6	7	36	953	994
5	13	3	37	994	1014
5	4	0	38	1160	1173
5	9	11	39	1218	1277
6	11	8	40	0	68
6	9	0	41	232	307
6	2	8	42	308	332
6	2	0	43	442	461
6	6	6	44	673	692
6	8	10	45	826	876
6	4	7	46	1031	1072
6	14	4	47	1072	1144
6	1	0	48	1173	1217
6	0	7	49	1251	1270
7	4	7	50	307	396
7	13	4	51	476	506
7	4	2	52	634	695
7	0	3	53	780	809
7	2	7	54	853	884
7	9	2	55	1097	1160
7	0	7	56	1160	1236
7	3	7	57	1236	1251
7	12	4	58	1251	1280
8	11	7	59	219	307
8	10	4	60	308	364
8	4	0	61	406	442
8	0	7	62	551	627
8	6	6	63	714	770
8	14	2	64	776	833
8	3	0	65	845	922
8	5	9	66	1036	1050
9	9	2	67	29	38
9	11	6	68	104	133
9	5	9	69	146	208
9	0	10	70	260	286
9	7	3	71	1084	1115
10	8	7	72	49	78
10	13	4	73	114	176
10	3	0	74	307	406
10	6	9	75	448	504
10	9	4	76	506	536
10	5	1	77	546	614
10	12	0	78	624	666
10	11	11	79	800	856
10	4	6	80	900	925
10	13	2	81	1059	1097
11	4	1	82	0	34
11	1	10	83	184	200
11	7	10	84	200	260
11	11	3	85	381	414
11	10	0	86	1005	1078
12	14	0	87	0	53
12	5	9	88	350	368
12	14	4	89	456	476
12	11	11	90	626	710
12	2	5	91	792	836
12	14	11	92	944	1030
13	9	5	93	119	202
13	7	8	94	260	308
13	11	11	95	338	351
13	11	3	96	351	381
13	12	11	97	431	493
13	12	10	98	1051	1135
13	5	6	99	1184	1269
14	13	2	100	0	28
14	13	3	101	39	99
14	2	10	102	140	184
14	1	4	103	436	456
14	8	0	104	666	746
14	1	7	105	760	811
14	11	5	106	1026	1086
15	0	6	107	154	229
15	2	5	108	256	269
15	7	8	109	415	473
15	0	5	110	474	530
15	5	5	111	760	775
15	1	0	112	1078	1155
15	8	3	113	1173	1263
16	7	7	114	0	23
16	12	7	115	23	49
16	4	2	116	82	143
16	10	11	117	163	225
16	0	6	118	354	410
16	5	5	119	631	660
16	6	6	120	692	714
16	0	3	121	714	780
16	8	10	122	876	946
17	7	8	123	126	188
17	0	10	124	286	354
17	5	2	125	448	509
17	2	2	126	509	534
17	1	8	127	647	686
17	14	2	128	755	776
17	5	8	129	776	862
17	14	11	130	862	944
17	8	8	131	950	1043
17	5	9	132	1118	1176
18	2	8	133	68	124
18	8	3	134	126	160
18	6	3	135	163	192
18	4	3	136	192	207
18	12	9	137	208	265
18	14	4	138	364	436
18	10	7	139	469	494
18	8	7	140	494	551
18	2	6	141	571	661
19	3	1	142	59	124
19	1	0	143	461	497
19	10	9	144	589	681
19	4	6	145	770	854
19	6	7	146	994	1031
19	4	9	147	1176	1209
20	5	8	148	222	257
20	6	3	149	508	577
20	6	1	150	614	673
20	1	10	151	692	760
20	3	10	152	760	795
20	9	10	153	795	807
20	6	1	154	811	871
20	13	9	155	876	907
20	12	10	156	967	1051
20	3	1	157	1251	1273
21	0	10	158	74	107
21	3	1	159	124	135
21	5	9	160	265	350
21	4	3	161	577	634
21	0	3	162	634	690
21	10	9	163	690	705
21	12	9	164	705	791
21	13	9	165	791	876
21	2	8	166	1043	1101
22	6	11	167	59	163
22	8	11	168	232	338
22	7	8	169	692	775
22	7	3	170	809	880
22	10	0	171	922	980
22	9	11	172	1160	1218
23	2	5	173	0	58
23	9	0	174	74	119
23	12	0	175	119	177
23	3	8	176	193	222
23	2	9	177	374	433
24	14	5	178	58	119
24	5	6	179	133	146
24	12	6	180	298	347
24	1	11	181	351	431
24	5	9	182	433	448
24	4	6	183	481	571
24	5	8	184	862	950
24	2	9	185	967	978
24	5	9	186	1050	1118
24	8	3	187	1118	1173
25	5	9	188	54	118
25	11	6	189	146	154
25	14	2	190	225	287
25	6	5	191	287	309
25	8	5	192	348	369
25	10	10	193	496	525
25	14	4	194	1177	1235
26	9	4	195	0	29
26	10	4	196	29	114
26	2	2	197	347	374
26	6	2	198	374	446
26	13	2	199	1014	1059
27	3	1	200	34	47
27	11	7	201	157	219
27	1	0	202	497	550
27	14	2	203	550	634
27	4	2	204	925	1013
27	1	10	205	1217	1286
28	1	1	206	200	267
28	9	5	207	309	348
28	12	8	208	493	561
28	9	5	209	743	756
28	0	5	210	845	932
28	10	0	211	980	1005
28	7	9	212	1209	1266
29	3	6	213	0	26
29	6	5	214	202	256
29	7	8	215	473	487
29	9	10	216	536	605
29	6	1	217	792	811
29	1	4	218	912	964
30	0	11	219	30	51
30	0	10	220	107	140
30	3	7	221	631	673
30	8	0	222	746	826
30	2	2	223	836	852
30	11	1	224	946	1003
30	7	3	225	1014	1084
30	2	8	226	1101	1180
31	11	4	227	536	626
31	3	6	228	1069	1127
31	14	4	229	1144	1177
31	2	8	230	1180	1267
31	14	3	231	1267	1280
32	1	10	232	0	69
32	14	3	233	295	351
32	13	1	234	380	471
32	5	1	235	673	760
32	11	1	236	1094	1172
33	14	2	237	143	225
33	13	1	238	267	297
33	9	5	239	369	425
33	8	5	240	425	474
33	5	10	241	614	628
33	3	6	242	925	1008
33	9	1	243	1008	1094
33	0	5	244	1094	1150
33	11	1	245	1228	1247
34	5	9	246	0	54
34	3	1	247	135	146
34	10	7	248	396	469
34	8	8	249	561	647
34	9	3	250	908	980
34	3	6	251	1008	1069
35	0	11	252	0	30
35	3	1	253	146	193
35	3	6	254	229	298
35	12	10	255	354	431
35	9	10	256	431	496
35	7	7	257	884	953
36	4	1	258	471	481
36	3	5	259	575	631
36	14	5	260	660	743
36	13	1	261	760	791
36	5	5	262	971	1026
37	13	4	263	176	238
37	1	2	264	287	347
37	3	1	265	481	546
37	4	2	266	695	755
37	6	5	267	775	792
37	10	7	268	811	853
37	9	2	269	853	908
37	1	4	270	964	1035
37	4	7	271	1072	1160
37	6	2	272	1160	1241
38	0	0	273	53	74
38	2	9	274	124	139
38	8	0	275	177	232
38	10	5	276	530	575
38	3	5	277	1150	1213
39	7	6	278	26	101
39	10	4	279	238	308
39	3	6	280	410	474
39	12	11	281	564	620
39	9	4	282	626	709
39	12	6	283	854	897


Solution History:
