This is the output of Heuristic Solver for Dual resource constrained flexible job shop Scheduling Problem.
Input file is: wfjsp22_5.txt
Method: TSN1_100000000_0.475458_5
Seed: 1
Number of Jobs: 30
Number of Operations: 210
Number of Machines: 15
Number of Operators: 12
CPU Time: 28.5344
obj: 880
Best found lower bound:0
Solver gap (best found lower bound and upper bound difference): Not known


Final Solution:
Job	Machine	Operator	Operation	Start Time	Finish Time
0	5	1	0	0	15
0	13	1	1	15	55
0	9	3	2	63	147
0	12	5	3	147	221
0	12	1	4	490	554
0	11	0	5	644	683
0	9	3	6	683	751
1	7	4	7	141	182
1	11	2	8	182	228
1	9	1	9	228	270
1	12	9	10	693	729
1	12	9	11	729	800
2	5	5	12	83	106
2	3	9	13	121	138
2	14	9	14	298	370
2	8	2	15	687	755
2	3	3	16	830	839
3	2	4	17	21	66
3	8	0	18	83	151
3	10	0	19	151	190
3	7	6	20	448	479
3	9	3	21	839	880
4	8	2	22	0	29
4	11	1	23	315	343
4	14	5	24	376	472
4	12	9	25	649	693
4	2	4	26	693	732
5	3	8	27	32	55
5	11	1	28	138	146
5	6	0	29	190	240
5	7	6	30	346	448
5	5	11	31	722	783
6	4	11	32	0	64
6	0	7	33	142	228
6	5	10	34	314	389
6	14	5	35	521	567
6	7	8	36	568	584
6	1	10	37	739	791
7	12	8	38	268	349
7	4	11	39	488	551
7	0	6	40	636	702
7	1	10	41	702	739
7	12	2	42	801	871
8	3	3	43	0	32
8	14	7	44	38	58
8	10	4	45	301	367
8	4	1	46	397	482
8	7	9	47	485	566
8	6	5	48	567	612
8	10	4	49	612	693
8	13	6	50	720	796
8	8	8	51	801	815
8	8	0	52	830	866
9	6	10	53	0	81
9	14	5	54	106	142
9	0	2	55	228	316
9	0	2	56	357	377
9	13	4	57	512	554
9	7	8	58	584	670
9	13	10	59	686	701
9	2	2	60	775	801
9	2	7	61	801	873
10	1	0	62	0	17
10	0	5	63	17	61
10	2	2	64	316	349
10	10	8	65	383	467
10	9	8	66	490	568
10	13	4	67	568	612
10	0	7	68	708	753
10	4	2	69	755	770
11	13	7	70	58	142
11	5	10	71	192	269
11	2	1	72	270	315
11	9	0	73	342	383
11	4	2	74	383	396
11	6	9	75	397	485
11	8	2	76	612	642
11	8	2	77	642	687
11	6	5	78	687	756
11	5	1	79	783	865
12	10	6	80	29	54
12	2	11	81	66	130
12	12	8	82	221	268
12	10	6	83	290	300
12	7	0	84	314	342
12	10	4	85	367	375
12	6	1	86	388	397
12	13	10	87	796	874
13	7	9	88	0	81
13	2	2	89	130	176
13	14	7	90	228	265
13	13	7	91	265	359
13	13	4	92	375	421
13	12	7	93	439	447
13	3	3	94	447	492
13	3	3	95	492	572
13	9	0	96	572	613
13	7	8	97	670	719
14	11	4	98	0	21
14	6	9	99	81	121
14	9	3	100	147	216
14	10	5	101	221	236
14	4	11	102	277	341
14	13	4	103	421	494
14	5	0	104	499	570
14	8	3	105	755	801
15	3	3	106	348	431
15	2	7	107	447	536
15	5	3	108	572	605
15	14	1	109	665	749
15	0	5	110	756	795
15	3	3	111	801	830
15	6	5	112	830	873
16	13	7	113	0	8
16	10	8	114	55	128
16	4	10	115	155	189
16	1	11	116	192	217
16	0	11	117	341	357
16	2	11	118	357	414
16	0	2	119	481	514
16	9	0	120	751	789
17	8	3	121	32	63
17	1	5	122	63	82
17	4	10	123	82	155
17	14	6	124	160	175
17	13	6	125	223	259
17	14	6	126	269	290
17	4	11	127	551	610
18	0	10	128	389	481
18	11	10	129	481	489
18	12	1	130	554	571
18	2	1	131	571	600
18	14	1	132	600	665
19	14	8	133	19	32
19	3	9	134	138	209
19	2	9	135	209	225
19	8	6	136	259	269
19	5	10	137	269	314
19	9	11	138	447	488
19	1	10	139	489	568
19	13	6	140	702	720
19	10	8	141	722	731
19	14	5	142	799	818
20	12	2	143	47	126
20	5	0	144	431	499
20	6	5	145	612	684
20	7	8	146	731	750
20	11	1	147	750	780
20	10	11	148	783	855
21	11	1	149	55	138
21	6	0	150	240	314
21	12	9	151	370	397
21	1	11	152	414	447
21	0	6	153	796	866
22	10	6	154	0	29
22	4	11	155	217	277
22	3	6	156	300	346
22	12	9	157	571	649
22	7	4	158	860	873
23	0	5	159	0	15
23	7	4	160	182	265
23	8	2	161	396	480
23	10	6	162	480	549
23	8	2	163	549	612
23	9	0	164	613	644
23	10	11	165	706	722
23	14	7	166	753	799
23	1	9	167	800	878
24	14	8	168	0	19
24	12	7	169	20	38
24	3	4	170	66	101
24	5	11	171	130	192
24	3	3	172	216	297
24	7	4	173	775	840
25	0	6	174	61	131
25	1	5	175	309	376
25	2	10	176	600	686
25	4	0	177	686	749
25	3	8	178	750	771
25	7	4	179	840	860
26	5	0	180	17	83
26	7	4	181	101	141
26	1	6	182	141	160
26	7	4	183	265	301
26	8	3	184	301	348
26	11	7	185	359	439
26	0	6	186	549	636
26	5	11	187	636	706
26	14	8	188	818	864
27	14	6	189	175	223
27	11	9	190	228	298
27	8	8	191	349	383
27	9	0	192	383	431
27	12	8	193	467	490
27	11	4	194	494	512
27	0	2	195	514	548
28	2	7	196	8	20
28	6	8	197	128	173
28	8	8	198	173	221
28	1	5	199	236	309
28	13	3	200	612	676
29	11	2	201	29	47
29	13	1	202	146	220
29	6	1	203	343	388
29	14	5	204	472	521
29	11	7	205	536	623
29	3	7	206	623	708
29	2	4	207	732	775
29	9	0	208	789	830
29	3	11	209	855	870


Solution History:
