This is the output of Heuristic Solver for Dual resource constrained flexible job shop Scheduling Problem.
Input file is: wfjsp14_2.txt
Method: TSN1_100000000_0.227422_5
Seed: 3
Number of Jobs: 30
Number of Operations: 225
Number of Machines: 15
Number of Operators: 15
CPU Time: 13.6522
obj: 829
Best found lower bound:0
Solver gap (best found lower bound and upper bound difference): Not known


Final Solution:
Job	Machine	Operator	Operation	Start Time	Finish Time
0	4	6	0	220	293
0	4	0	1	435	503
0	5	14	2	553	574
0	14	11	3	574	612
0	14	7	4	810	825
1	6	0	5	0	24
1	4	5	6	99	175
1	6	8	7	198	207
1	12	12	8	213	289
1	9	12	9	291	332
1	14	11	10	336	389
1	8	1	11	418	433
1	0	14	12	469	531
1	13	7	13	728	792
2	5	3	14	17	79
2	2	0	15	79	148
2	13	8	16	150	178
2	3	10	17	261	304
2	3	8	18	435	451
2	10	5	19	451	509
2	8	8	20	523	600
2	13	2	21	608	691
2	0	5	22	695	753
2	10	3	23	758	825
3	4	13	24	32	99
3	8	3	25	133	151
3	14	11	26	161	171
3	5	1	27	226	326
3	3	6	28	364	384
3	2	6	29	517	593
3	3	8	30	600	683
3	14	4	31	719	742
3	4	0	32	745	813
4	3	9	33	86	166
4	2	1	34	166	218
4	0	5	35	250	275
4	9	7	36	335	391
4	3	0	37	401	435
4	12	12	38	454	526
4	13	2	39	526	608
4	12	1	40	619	643
4	14	4	41	703	719
4	4	0	42	719	745
5	11	10	43	35	51
5	7	6	44	74	112
5	7	6	45	112	189
5	4	6	46	324	362
5	7	10	47	575	661
5	12	12	48	671	757
6	12	5	49	36	96
6	5	3	50	96	127
6	1	4	51	230	297
6	13	10	52	307	345
6	0	2	53	411	432
6	13	2	54	432	468
6	11	6	55	474	517
6	4	9	56	608	632
6	11	10	57	661	732
7	6	10	58	55	122
7	2	0	59	148	159
7	10	3	60	183	213
7	13	14	61	260	307
7	1	5	62	354	434
7	9	7	63	460	523
7	10	0	64	565	634
8	5	14	65	127	177
8	6	8	66	178	198
8	14	7	67	250	335
8	13	8	68	345	358
8	13	8	69	358	431
8	0	13	70	454	469
8	10	0	71	509	565
8	6	11	72	709	772
8	6	11	73	772	820
9	2	12	74	0	58
9	0	7	75	154	250
9	1	4	76	297	354
9	2	12	77	401	451
9	5	13	78	469	553
9	3	13	79	553	567
9	4	14	80	634	681
9	9	7	81	681	725
9	9	2	82	728	782
9	13	2	83	792	807
10	8	9	84	260	341
10	11	13	85	369	390
10	13	2	86	504	525
10	4	9	87	572	608
10	0	7	88	608	638
10	5	1	89	676	761
10	11	6	90	761	827
11	10	1	91	0	80
11	9	7	92	88	154
11	8	3	93	154	166
11	5	5	94	177	202
11	10	3	95	213	291
11	12	13	96	390	454
11	2	3	97	454	512
11	12	1	98	526	619
11	14	4	99	619	703
12	10	3	100	166	183
12	3	10	101	191	261
12	3	14	102	307	364
12	4	14	103	364	413
12	7	4	104	423	494
12	1	4	105	494	569
12	9	12	106	584	619
12	9	12	107	619	667
12	2	4	108	758	824
13	1	14	109	0	60
13	12	12	110	161	213
13	2	8	111	218	247
13	0	2	112	298	344
13	7	9	113	671	738
13	14	10	114	742	810
13	4	0	115	813	826
14	13	10	116	178	191
14	0	5	117	275	298
14	11	6	118	390	474
14	7	10	119	494	575
14	5	1	120	643	676
14	10	14	121	704	758
14	5	1	122	761	812
15	5	3	123	0	17
15	0	4	124	17	47
15	0	4	125	47	66
15	2	0	126	66	75
15	8	8	127	113	133
15	0	2	128	133	147
15	3	13	129	166	175
15	8	14	130	177	258
15	0	5	131	434	445
16	4	6	132	0	32
16	9	2	133	154	207
16	10	5	134	298	354
16	1	10	135	434	486
16	12	9	136	643	671
16	13	2	137	691	728
16	3	14	138	758	812
17	8	8	139	13	104
17	6	10	140	122	177
17	11	13	141	307	369
17	11	3	142	603	661
17	1	5	143	661	695
17	0	5	144	753	815
18	6	0	145	24	55
18	12	13	146	99	144
18	14	9	147	171	243
18	4	6	148	293	324
18	2	0	149	348	401
18	10	3	150	401	436
18	6	11	151	483	528
18	2	6	152	593	666
18	3	8	153	683	751
19	5	3	154	79	89
19	9	2	155	207	291
19	12	12	156	336	390
19	9	7	157	391	460
19	13	2	158	468	504
19	8	3	159	661	713
20	13	2	160	0	25
20	11	12	161	58	125
20	1	4	162	136	162
20	5	5	163	202	226
20	11	0	164	236	307
20	5	1	165	326	411
20	5	14	166	413	464
20	0	7	167	531	601
21	8	8	168	0	13
21	13	2	169	25	50
21	14	11	170	71	161
21	14	11	171	389	464
21	4	5	172	509	572
21	8	5	173	600	661
22	9	7	174	0	79
22	0	7	175	79	88
22	2	8	176	247	324
22	7	0	177	324	348
22	7	10	178	348	423
22	8	1	179	433	517
22	9	12	180	526	584
22	0	7	181	638	666
23	7	13	182	230	284
23	6	3	183	293	368
23	11	3	184	517	603
23	6	11	185	625	709
23	7	9	186	738	784
23	1	13	187	784	817
24	11	10	188	0	35
24	1	4	189	162	230
24	3	8	190	451	523
24	6	11	191	528	571
24	5	4	192	574	619
25	1	4	193	66	136
25	13	8	194	136	150
25	7	11	195	189	230
25	6	11	196	230	293
25	12	11	197	293	336
25	1	14	198	574	634
25	2	6	199	666	758
25	8	8	200	758	829
26	3	9	201	0	86
26	0	14	202	88	115
26	0	2	203	344	411
26	6	13	204	571	625
26	5	13	205	625	642
26	1	13	206	642	658
26	7	9	207	784	818
27	10	1	208	80	164
27	8	9	209	341	418
27	6	9	210	418	483
27	14	9	211	483	563
27	10	0	212	634	704
28	7	11	213	0	18
28	14	11	214	18	71
28	13	2	215	71	113
28	12	12	216	144	161
28	11	0	217	161	236
28	13	9	218	243	260
28	2	8	219	324	344
29	12	5	220	0	36
29	7	6	221	36	74
29	8	8	222	104	113
29	4	13	223	175	220
29	1	13	224	695	760


Solution History:
