This is the output of Heuristic Solver for Dual resource constrained flexible job shop Scheduling Problem.
Input file is: wfjsp21_8.txt
Method: TSN1_100000000_0.596157_5
Seed: 1
Number of Jobs: 25
Number of Operations: 249
Number of Machines: 15
Number of Operators: 12
CPU Time: 35.7781
obj: 1096
Best found lower bound:0
Solver gap (best found lower bound and upper bound difference): Not known


Final Solution:
Job	Machine	Operator	Operation	Start Time	Finish Time
0	6	2	0	0	24
0	11	1	1	63	125
0	4	9	2	229	254
0	11	1	3	263	327
0	6	10	4	480	554
0	1	8	5	708	763
0	10	1	6	770	826
0	3	2	7	940	953
0	11	8	8	958	1009
1	10	8	9	0	46
1	1	9	10	202	229
1	0	6	11	234	317
1	4	5	12	546	554
1	12	7	13	562	651
1	12	7	14	651	673
1	4	4	15	940	994
1	3	8	16	1009	1077
2	12	0	17	0	26
2	4	2	18	26	81
2	4	4	19	98	144
2	1	3	20	235	280
2	14	2	21	290	331
2	4	2	22	331	385
2	9	5	23	385	436
2	4	2	24	472	530
2	1	2	25	621	708
2	8	4	26	781	875
2	13	9	27	875	943
2	6	4	28	1005	1072
3	2	9	29	0	67
3	5	4	30	177	245
3	7	4	31	245	312
3	11	0	32	339	399
3	3	5	33	506	545
3	0	6	34	596	681
3	12	7	35	718	806
3	1	9	36	828	852
3	1	9	37	852	875
4	11	1	38	0	63
4	2	10	39	139	149
4	3	8	40	183	248
4	10	5	41	267	297
4	12	7	42	305	314
4	5	7	43	314	356
4	13	6	44	376	414
4	12	2	45	421	472
5	10	5	46	68	162
5	10	6	47	172	208
5	12	7	48	263	305
5	0	6	49	317	376
5	6	4	50	402	480
5	10	3	51	498	511
5	4	2	52	530	546
5	3	1	53	619	665
5	5	9	54	668	719
5	13	4	55	719	734
5	1	3	56	886	962
5	7	3	57	1014	1074
6	3	5	58	0	68
6	14	3	59	124	161
6	3	11	60	339	437
6	10	3	61	437	498
6	7	6	62	498	524
6	4	5	63	554	571
6	8	4	64	602	646
6	1	11	65	763	828
6	3	4	66	884	899
6	14	7	67	921	946
6	3	2	68	953	998
6	0	1	69	1041	1093
7	12	9	70	67	114
7	6	4	71	144	159
7	1	2	72	553	621
7	13	3	73	621	663
7	3	1	74	665	697
7	7	10	75	723	750
7	8	10	76	750	776
7	9	10	77	776	845
7	3	4	78	899	940
7	9	1	79	940	965
7	2	0	80	1021	1096
8	9	10	81	0	23
8	14	2	82	227	290
8	14	1	83	331	390
8	2	9	84	486	565
8	11	0	85	585	678
8	6	7	86	678	718
8	4	6	87	723	801
8	4	2	88	810	864
8	0	2	89	864	939
9	9	11	90	126	176
9	7	6	91	414	498
9	3	8	92	545	619
9	4	8	93	619	690
9	5	2	94	719	738
9	5	2	95	738	800
9	2	10	96	845	898
9	0	6	97	941	1026
9	14	10	98	1027	1081
10	1	4	99	29	98
10	8	3	100	171	235
10	10	8	101	327	423
10	11	0	102	460	548
10	9	1	103	700	770
10	3	5	104	770	852
10	12	0	105	852	879
10	6	7	106	989	1005
10	8	11	107	1005	1074
11	1	4	108	0	29
11	10	8	109	46	66
11	5	7	110	116	176
11	8	10	111	365	428
11	13	1	112	459	491
11	1	1	113	491	553
11	8	10	114	554	602
11	9	5	115	602	700
11	7	3	116	814	863
11	11	11	117	863	943
12	4	3	118	0	11
12	2	10	119	73	139
12	2	4	120	159	177
12	13	0	121	183	258
12	11	0	122	399	460
12	14	10	123	602	632
12	7	10	124	632	723
12	6	4	125	734	781
12	7	11	126	943	997
12	12	7	127	1005	1060
12	9	11	128	1074	1090
13	14	11	129	0	27
13	3	8	130	68	119
13	7	5	131	162	227
13	1	3	132	356	427
13	7	6	133	524	596
13	2	3	134	668	737
13	11	5	135	742	769
13	2	9	136	769	819
13	12	0	137	879	897
13	9	10	138	990	1027
14	12	0	139	26	52
14	7	11	140	56	114
14	7	1	141	125	143
14	13	10	142	149	182
14	8	5	143	297	365
14	14	2	144	393	421
14	0	6	145	681	723
14	10	10	146	898	965
14	5	5	147	1020	1083
15	14	3	148	56	124
15	4	3	149	161	171
15	11	7	150	176	257
15	10	8	151	305	327
15	5	8	152	465	543
15	14	3	153	555	602
15	6	9	154	719	734
15	5	6	155	871	941
15	8	4	156	1074	1083
16	6	6	157	87	137
16	1	1	158	143	202
16	2	10	159	428	479
16	12	7	160	479	562
16	0	4	161	565	596
16	4	8	162	690	707
16	11	0	163	777	852
16	3	8	164	852	872
16	6	8	165	872	958
16	2	10	166	965	990
17	0	6	167	30	87
17	9	11	168	114	126
17	0	8	169	126	183
17	2	10	170	183	249
17	8	10	171	249	282
17	9	10	172	282	336
17	0	1	173	390	445
17	13	4	174	491	536
17	10	1	175	555	613
17	10	3	176	874	886
17	13	9	177	943	1022
17	13	6	178	1026	1091
18	4	2	179	171	227
18	3	0	180	258	339
18	6	7	181	356	369
18	13	9	182	425	459
18	13	4	183	536	565
18	4	5	184	571	600
18	0	9	185	734	765
18	10	1	186	826	874
18	8	4	187	875	884
19	14	11	188	27	56
19	11	6	189	137	172
19	10	6	190	208	234
19	2	9	191	332	425
19	5	8	192	425	465
19	0	9	193	465	486
19	10	3	194	511	555
19	2	0	195	990	1021
20	4	8	196	254	305
20	6	4	197	380	402
20	2	9	198	643	668
20	10	5	199	701	742
20	14	8	200	763	847
20	4	7	201	869	921
20	14	7	202	946	989
20	4	2	203	998	1059
20	12	7	204	1060	1094
21	0	6	205	0	30
21	5	7	206	30	116
21	3	0	207	126	183
21	14	11	208	183	198
21	1	3	209	280	356
21	12	7	210	369	413
21	2	9	211	565	643
21	10	4	212	646	701
21	7	3	213	750	814
21	13	7	214	814	869
21	9	1	215	874	936
21	5	5	216	941	1020
22	8	3	217	11	22
22	12	9	218	114	192
22	6	11	219	198	250
22	7	4	220	312	380
22	4	7	221	413	468
22	8	5	222	468	506
22	11	0	223	548	585
22	3	0	224	697	729
22	6	2	225	800	810
22	1	3	226	962	1014
22	1	9	227	1022	1073
23	7	3	228	22	56
23	13	0	229	56	126
23	12	1	230	202	263
23	2	9	231	263	332
23	3	11	232	437	482
23	6	11	233	565	638
23	13	0	234	734	757
23	13	0	235	757	777
23	12	0	236	897	974
24	6	10	237	24	73
24	8	2	238	81	165
24	10	5	239	234	267
24	6	11	240	267	335
24	4	2	241	385	393
24	0	11	242	486	565
24	14	11	243	638	714
24	14	11	244	714	761
24	5	6	245	801	871
24	7	5	246	871	937
24	10	1	247	965	1041
24	4	2	248	1059	1084


Solution History:
