This is the output of Heuristic Solver for Dual resource constrained flexible job shop Scheduling Problem.
Input file is: wfjsp13_7.txt
Method: TSN1_100000000_0.434187_5
Seed: 5
Number of Jobs: 25
Number of Operations: 242
Number of Machines: 15
Number of Operators: 15
CPU Time: 26.0612
obj: 902
Best found lower bound:0
Solver gap (best found lower bound and upper bound difference): Not known


Final Solution:
Job	Machine	Operator	Operation	Start Time	Finish Time
0	5	4	0	109	189
0	9	7	1	383	395
0	6	12	2	410	448
0	10	4	3	448	534
0	8	14	4	535	560
0	0	9	5	561	604
0	3	10	6	611	645
0	4	0	7	760	799
0	3	0	8	799	811
1	2	1	9	0	35
1	10	4	10	35	109
1	9	0	11	246	303
1	7	9	12	308	384
1	7	9	13	384	435
1	7	10	14	435	469
1	14	1	15	526	542
1	13	4	16	561	638
1	9	13	17	638	710
1	1	2	18	744	806
1	12	11	19	835	900
2	11	5	20	0	62
2	7	11	21	221	256
2	4	0	22	453	462
2	7	8	23	472	550
2	3	0	24	598	611
2	4	0	25	706	760
2	12	11	26	808	819
2	1	8	27	819	900
3	5	8	28	42	99
3	13	3	29	130	160
3	12	5	30	255	327
3	8	11	31	362	444
3	3	2	32	453	536
3	1	2	33	536	550
3	0	5	34	682	763
3	9	13	35	818	890
4	10	4	36	0	23
4	8	0	37	43	68
4	3	6	38	82	118
4	0	6	39	165	237
4	10	8	40	265	332
4	13	9	41	489	561
4	5	14	42	596	686
4	13	12	43	687	729
4	14	10	44	734	754
4	14	10	45	754	795
4	10	4	46	814	895
5	6	13	47	0	66
5	9	14	48	125	192
5	11	1	49	192	249
5	3	13	50	284	308
5	12	4	51	410	448
5	0	6	52	483	556
5	9	11	53	556	587
5	5	8	54	686	698
5	0	0	55	815	857
6	12	7	56	0	63
6	7	1	57	64	102
6	10	8	58	109	151
6	1	8	59	151	171
6	7	11	60	196	221
6	12	5	61	221	255
6	14	7	62	262	311
6	5	13	63	414	479
6	7	8	64	702	782
6	2	3	65	845	901
7	1	3	66	0	77
7	14	2	67	123	203
7	2	4	68	267	328
7	2	10	69	329	395
7	3	10	70	395	412
7	0	8	71	412	472
7	1	0	72	475	532
7	0	5	73	604	682
7	14	2	74	682	734
7	5	12	75	734	753
7	6	12	76	753	790
7	13	7	77	819	888
8	6	13	78	66	102
8	6	3	79	252	284
8	11	6	80	290	371
8	3	10	81	412	423
8	5	13	82	508	523
8	2	3	83	528	581
8	1	3	84	581	601
8	1	2	85	641	671
8	8	1	86	768	826
9	0	11	87	15	76
9	14	2	88	76	123
9	7	10	89	185	196
9	6	4	90	330	410
9	11	5	91	410	438
9	14	1	92	542	577
9	5	14	93	577	596
9	12	11	94	627	656
9	8	1	95	696	768
9	3	6	96	784	799
9	4	6	97	799	850
9	11	5	98	854	869
10	0	11	99	76	138
10	5	7	100	189	262
10	11	1	101	262	290
10	14	0	102	352	435
10	12	11	103	448	504
10	11	14	104	508	535
10	4	6	105	557	610
10	13	7	106	729	787
11	2	14	107	88	115
11	3	0	108	125	179
11	5	14	109	262	289
11	13	12	110	322	360
11	5	13	111	403	414
11	5	13	112	479	508
11	9	11	113	508	545
11	2	8	114	622	686
11	8	14	115	826	881
12	8	12	116	68	133
12	2	7	117	137	154
12	14	10	118	203	245
12	6	1	119	290	330
12	1	1	120	330	362
12	13	6	121	407	483
12	2	8	122	581	622
12	7	9	123	629	702
12	12	11	124	725	808
12	3	9	125	815	897
13	14	12	126	0	32
13	13	9	127	32	68
13	2	0	128	68	88
13	9	0	129	88	125
13	6	14	130	192	231
13	1	10	131	313	329
13	11	9	132	438	489
13	12	5	133	504	586
13	9	13	134	710	719
13	0	9	135	775	815
14	13	9	136	160	228
14	13	6	137	237	288
14	10	8	138	332	406
14	4	0	139	462	475
14	5	12	140	523	564
14	10	10	141	564	609
14	11	6	142	646	699
14	11	9	143	702	771
14	2	3	144	771	845
14	4	6	145	850	899
15	14	12	146	32	62
15	7	1	147	102	185
15	2	4	148	189	267
15	13	3	149	288	322
15	12	5	150	327	401
15	9	14	151	421	508
15	8	8	152	560	576
15	1	6	153	610	641
15	6	1	154	668	696
16	13	6	155	0	21
16	11	7	156	63	137
16	4	10	157	143	185
16	4	2	158	242	311
16	3	2	159	311	352
16	4	2	160	394	453
16	6	13	161	523	606
16	2	14	162	686	762
16	7	2	163	806	876
17	8	11	164	256	338
17	8	11	165	338	362
17	9	7	166	395	421
17	0	5	167	472	481
17	6	3	168	606	668
17	10	4	169	730	814
17	12	11	170	819	835
17	0	0	171	857	895
18	0	9	172	0	15
18	5	14	173	15	42
18	1	3	174	77	113
18	6	13	175	113	158
18	10	7	176	158	184
18	10	8	177	184	201
18	4	2	178	203	242
18	0	9	179	242	304
18	9	11	180	587	613
18	7	14	181	782	796
19	8	0	182	0	43
19	4	10	183	58	143
19	0	6	184	143	165
19	9	0	185	192	246
19	7	10	186	256	308
19	9	13	187	308	317
19	5	13	188	317	403
19	2	3	189	403	484
19	8	12	190	614	687
19	3	6	191	700	784
19	5	8	192	784	814
20	7	2	193	0	64
20	12	5	194	64	124
20	1	3	195	171	207
20	2	3	196	484	528
20	7	2	197	550	629
20	3	7	198	646	700
20	12	11	199	714	725
20	14	10	200	795	874
21	4	10	201	0	58
21	9	14	202	58	85
21	10	8	203	201	265
21	9	14	204	317	383
21	10	7	205	421	447
21	4	10	206	475	557
21	8	12	207	576	614
21	12	11	208	614	627
21	12	10	209	656	714
21	6	12	210	790	802
22	9	11	211	0	12
22	13	9	212	68	130
22	6	13	213	158	191
22	3	13	214	191	284
22	14	0	215	311	352
22	13	12	216	360	389
22	13	6	217	389	407
22	6	12	218	448	523
22	14	1	219	577	662
22	1	3	220	671	744
22	11	5	221	775	854
23	3	6	222	21	82
23	12	5	223	124	207
23	8	12	224	207	253
23	1	12	225	253	313
23	0	7	226	313	370
23	1	1	227	370	461
23	8	1	228	461	526
23	11	7	229	535	571
23	11	7	230	571	646
23	10	4	231	646	730
23	9	13	232	730	818
23	6	12	233	818	902
24	8	12	234	133	207
24	6	14	235	231	252
24	4	3	236	322	394
24	14	7	237	447	526
24	3	0	238	536	598
24	4	0	239	611	706
24	0	5	240	763	775
24	13	7	241	787	819


Solution History:
