This is the output of Heuristic Solver for Dual resource constrained flexible job shop Scheduling Problem.
Input file is: wfjsp8_9.txt
Method: TSN1_100000000_0.251198_5
Seed: 1
Number of Jobs: 15
Number of Operations: 107
Number of Machines: 5
Number of Operators: 5
CPU Time: 15.0744
obj: 1070
Best found lower bound:0
Solver gap (best found lower bound and upper bound difference): Not known


Final Solution:
Job	Machine	Operator	Operation	Start Time	Finish Time
0	1	2	0	228	315
0	4	0	1	315	362
0	1	2	2	453	520
0	1	4	3	942	998
0	0	3	4	1010	1039
1	2	3	5	134	227
1	0	3	6	227	287
1	3	3	7	287	304
1	3	1	8	304	361
1	4	0	9	493	557
1	2	3	10	562	646
1	4	0	11	685	763
1	0	3	12	855	922
2	0	4	13	58	97
2	0	1	14	136	154
2	4	0	15	362	418
2	2	3	16	646	663
2	1	1	17	766	862
2	3	4	18	917	942
2	4	0	19	945	967
2	0	3	20	976	1010
3	2	3	21	0	39
3	2	3	22	122	134
3	0	1	23	175	194
3	0	1	24	362	381
3	0	1	25	558	615
3	4	0	26	763	817
4	3	1	27	0	77
4	3	4	28	362	447
4	3	4	29	447	531
4	1	2	30	640	701
4	2	2	31	814	876
5	0	4	32	0	58
5	1	2	33	150	216
5	2	1	34	227	240
5	4	0	35	418	493
5	2	1	36	670	703
5	1	1	37	703	722
5	2	2	38	876	887
5	1	4	39	998	1056
6	4	0	40	0	58
6	1	2	41	59	150
6	0	1	42	154	175
6	0	1	43	194	213
6	3	4	44	222	245
6	0	4	45	325	362
6	2	3	46	409	450
6	4	0	47	557	621
6	1	1	48	722	766
6	3	1	49	942	961
7	4	0	50	193	290
7	0	4	51	290	325
7	2	3	52	346	409
7	0	1	53	461	487
7	1	2	54	578	607
7	4	0	55	621	685
7	1	1	56	862	941
7	3	1	57	961	975
7	0	3	58	1039	1070
8	4	0	59	58	131
8	4	0	60	131	184
8	1	2	61	315	351
8	0	1	62	381	461
8	3	4	63	698	773
8	3	4	64	773	830
8	4	0	65	967	1029
8	1	4	66	1056	1069
9	4	0	67	184	193
9	3	4	68	193	222
9	3	4	69	531	591
9	2	2	70	703	727
9	4	0	71	1029	1067
10	1	2	72	0	31
10	2	1	73	240	302
10	1	2	74	351	438
10	2	3	75	450	504
10	1	2	76	607	640
10	0	3	77	670	738
10	0	3	78	805	855
10	4	0	79	891	945
10	2	2	80	945	973
10	3	1	81	975	1011
11	0	4	82	97	136
11	1	2	83	438	453
11	0	1	84	487	539
11	0	1	85	615	651
11	2	2	86	727	814
12	1	2	87	520	578
12	0	1	88	651	670
12	3	4	89	679	698
12	4	0	90	817	891
12	2	2	91	891	943
12	2	2	92	973	1070
13	2	3	93	39	122
13	3	4	94	136	179
13	1	2	95	216	228
13	3	4	96	245	284
13	2	3	97	504	562
13	0	3	98	738	805
13	3	4	99	830	917
14	1	2	100	31	59
14	3	1	101	77	135
14	2	3	102	304	346
14	0	1	103	539	558
14	3	4	104	591	679
14	0	3	105	922	976
14	3	1	106	1011	1067


Solution History:
