This is the output of Heuristic Solver for Dual resource constrained flexible job shop Scheduling Problem.
Input file is: wfjsp10_2.txt
Method: TSN1_100000000_0.176800_5
Seed: 4
Number of Jobs: 20
Number of Operations: 160
Number of Machines: 10
Number of Operators: 10
CPU Time: 10.6119
obj: 889
Best found lower bound:0
Solver gap (best found lower bound and upper bound difference): Not known


Final Solution:
Job	Machine	Operator	Operation	Start Time	Finish Time
0	4	5	0	0	76
0	4	3	1	80	147
0	2	4	2	377	400
0	9	0	3	691	728
0	4	3	4	770	785
1	0	2	5	18	38
1	8	9	6	85	159
1	5	3	7	203	213
1	5	3	8	213	290
1	8	9	9	290	329
1	6	3	10	329	379
1	2	4	11	414	430
1	1	5	12	552	622
1	1	2	13	736	807
2	1	4	14	81	142
2	9	6	15	169	237
2	5	1	16	346	378
2	8	9	17	410	453
2	0	2	18	453	470
2	9	6	19	478	537
2	4	3	20	568	645
2	7	9	21	645	734
2	5	4	22	766	824
2	0	4	23	824	888
3	3	6	24	0	65
3	5	5	25	80	96
3	0	2	26	118	129
3	1	5	27	142	227
3	8	9	28	574	600
3	1	2	29	633	713
3	2	8	30	713	796
3	8	5	31	805	821
3	3	8	32	821	888
4	3	8	33	65	144
4	8	2	34	159	213
4	6	0	35	226	246
4	1	0	36	246	300
4	0	2	37	301	335
4	7	7	38	507	575
4	6	6	39	633	720
4	3	0	40	728	747
4	2	8	41	796	809
4	1	0	42	863	889
5	5	5	43	96	112
5	6	0	44	130	172
5	0	2	45	216	287
5	7	7	46	334	375
5	5	1	47	463	561
5	3	8	48	569	666
6	7	7	49	98	165
6	9	6	50	323	354
6	0	2	51	354	421
6	5	1	52	427	463
6	7	7	53	482	507
6	6	6	54	539	571
6	7	7	55	575	630
6	1	2	56	713	736
6	8	5	57	736	805
7	9	1	58	12	68
7	1	4	59	69	81
7	0	2	60	129	159
7	7	7	61	165	224
7	8	9	62	329	410
7	9	0	63	539	592
7	7	7	64	766	844
8	2	4	65	17	69
8	9	6	66	94	114
8	3	8	67	210	298
8	2	8	68	298	310
8	3	0	69	310	384
8	2	4	70	400	414
8	2	4	71	430	486
8	3	9	72	747	811
8	5	5	73	836	882
9	5	4	74	142	203
9	9	6	75	237	323
9	6	3	76	379	434
9	6	3	77	434	486
9	2	4	78	486	576
9	1	5	79	622	633
9	9	0	80	633	691
9	6	6	81	720	764
9	9	1	82	766	820
9	8	5	83	821	836
10	5	3	84	0	80
10	2	1	85	187	206
10	4	1	86	206	231
10	5	1	87	314	346
10	3	8	88	390	420
10	3	8	89	486	569
10	4	3	90	702	770
11	0	2	91	38	118
11	3	8	92	144	210
11	2	4	93	210	222
11	5	1	94	290	314
11	1	8	95	314	390
11	8	9	96	453	518
11	6	6	97	571	633
11	8	5	98	633	718
11	4	3	99	785	876
12	2	8	100	0	17
12	6	0	101	63	130
12	9	6	102	354	419
12	7	7	103	427	482
12	1	5	104	482	552
12	0	2	105	552	630
12	7	7	106	734	766
12	6	6	107	766	812
12	2	9	108	812	885
13	4	5	109	322	389
13	1	5	110	390	445
13	4	0	111	463	493
13	6	0	112	493	539
13	5	1	113	561	631
13	0	7	114	631	697
13	3	8	115	697	708
14	7	7	116	0	14
14	9	1	117	68	94
14	2	1	118	94	187
14	7	7	119	224	304
14	7	7	120	304	334
14	3	8	121	420	486
14	4	3	122	645	702
15	0	2	123	0	18
15	1	8	124	18	45
15	6	0	125	45	63
15	4	3	126	147	157
15	0	9	127	159	180
15	0	2	128	287	301
15	1	0	129	301	309
15	4	0	130	389	463
15	0	2	131	528	537
16	0	9	132	180	216
16	4	1	133	231	284
16	9	6	134	419	478
16	8	9	135	518	574
16	9	0	136	592	625
16	5	1	137	631	668
16	1	2	138	807	863
17	8	9	139	0	85
17	6	0	140	172	226
17	6	5	141	246	319
17	0	2	142	470	528
17	3	8	143	666	697
17	5	1	144	697	766
18	5	5	145	112	142
18	4	3	146	157	200
18	2	4	147	222	293
18	4	3	148	293	322
18	7	1	149	378	427
18	4	3	150	493	525
18	4	3	151	525	568
18	2	4	152	576	647
18	0	4	153	697	760
19	9	0	154	0	12
19	7	7	155	14	98
19	9	6	156	114	169
19	2	4	157	310	377
19	1	5	158	445	478
19	9	1	159	820	877


Solution History:
