This is the output of Heuristic Solver for Dual resource constrained flexible job shop Scheduling Problem.
Input file is: wfjsp18_10.txt
Method: TSN1_100000000_0.381225_5
Seed: 1
Number of Jobs: 20
Number of Operations: 148
Number of Machines: 10
Number of Operators: 8
CPU Time: 22.8772
obj: 1070
Best found lower bound:0
Solver gap (best found lower bound and upper bound difference): Not known


Final Solution:
Job	Machine	Operator	Operation	Start Time	Finish Time
0	7	5	0	151	223
0	5	3	1	310	392
0	9	1	2	404	471
0	8	1	3	811	898
0	3	7	4	898	949
0	1	7	5	949	978
0	8	3	6	978	1013
0	4	2	7	1013	1070
1	6	5	8	0	86
1	8	4	9	87	112
1	3	1	10	187	231
1	5	3	11	392	426
1	2	6	12	490	577
1	6	5	13	749	831
1	8	1	14	898	964
1	7	1	15	964	1055
2	8	6	16	0	81
2	3	2	17	86	99
2	9	2	18	99	108
2	6	4	19	112	159
2	9	0	20	167	238
2	3	7	21	268	351
2	3	2	22	355	412
2	2	6	23	894	963
3	6	4	24	159	207
3	0	6	25	281	301
3	0	7	26	351	399
3	1	6	27	403	424
3	4	4	28	891	980
4	9	0	29	0	34
4	9	2	30	269	355
4	5	5	31	554	644
4	6	5	32	644	708
4	5	6	33	708	750
4	4	0	34	818	871
5	3	2	35	108	187
5	3	7	36	242	255
5	4	3	37	286	310
5	6	0	38	329	351
5	6	5	39	363	412
5	8	3	40	585	621
5	4	0	41	650	740
5	1	6	42	829	894
6	4	2	43	0	86
6	9	0	44	151	167
6	3	7	45	255	268
6	1	6	46	424	490
6	0	2	47	799	847
6	6	3	48	955	970
7	2	1	49	68	159
7	7	7	50	526	607
7	5	3	51	877	906
7	0	0	52	906	975
7	8	3	53	1013	1022
8	1	7	54	0	75
8	0	7	55	75	152
8	4	6	56	318	337
8	8	0	57	351	420
8	5	3	58	426	462
8	5	3	59	462	471
8	2	2	60	577	666
8	7	7	61	694	741
8	6	0	62	975	1057
9	2	1	63	0	68
9	0	7	64	152	242
9	4	4	65	340	412
9	3	1	66	659	706
9	8	3	67	740	792
9	2	3	68	859	877
9	0	0	69	877	903
9	6	5	70	916	936
9	2	5	71	963	984
10	4	3	72	233	286
10	0	2	73	412	466
10	2	2	74	466	489
10	7	4	75	747	819
10	5	3	76	906	955
11	3	4	77	0	47
11	9	0	78	47	85
11	1	2	79	187	269
11	0	4	80	301	340
11	7	1	81	340	377
11	9	1	82	377	404
11	5	3	83	471	483
11	6	3	84	483	572
11	8	3	85	1022	1060
12	7	4	86	47	87
12	7	5	87	87	151
12	5	4	88	214	293
12	1	6	89	301	318
12	3	5	90	412	502
13	4	0	91	86	151
13	5	6	92	184	214
13	8	3	93	214	233
13	6	0	94	238	329
13	5	5	95	502	554
13	3	1	96	554	648
13	0	2	97	670	757
13	1	6	98	764	829
13	6	5	99	831	916
13	3	7	100	986	1067
14	8	1	101	233	312
14	8	0	102	420	510
14	4	4	103	558	650
14	7	7	104	650	694
14	9	1	105	706	740
14	3	7	106	836	885
14	9	6	107	975	1054
14	0	6	108	1054	1070
15	5	3	109	74	160
15	8	6	110	172	184
15	2	6	111	214	281
15	1	6	112	337	403
15	3	1	113	502	549
15	0	6	114	577	670
15	4	0	115	740	818
16	1	6	116	81	172
16	7	5	117	223	295
16	2	5	118	295	363
16	7	7	119	440	526
16	0	2	120	526	558
16	6	5	121	708	749
16	3	7	122	749	836
16	5	2	123	847	874
17	5	3	124	0	74
17	2	1	125	159	177
17	8	1	126	312	337
17	7	7	127	399	440
17	0	2	128	489	520
17	4	4	129	524	558
17	0	2	130	757	799
18	4	3	131	160	213
18	4	4	132	412	431
18	4	4	133	431	524
18	3	1	134	648	659
18	1	4	135	659	747
18	2	6	136	750	764
18	2	3	137	792	859
18	9	2	138	874	961
18	3	2	139	961	986
18	5	5	140	986	1054
19	8	0	141	510	585
19	9	0	142	585	647
19	8	3	143	647	740
19	9	1	144	740	811
19	7	4	145	819	891
19	9	6	146	963	975
19	1	4	147	980	1069


Solution History:
