This is the output of Heuristic Solver for Dual resource constrained flexible job shop Scheduling Problem.
Input file is: wfjsp8_3.txt
Method: TSN1_100000000_0.128000_5
Seed: 5
Number of Jobs: 15
Number of Operations: 127
Number of Machines: 5
Number of Operators: 5
CPU Time: 7.68311
obj: 1411
Best found lower bound:0
Solver gap (best found lower bound and upper bound difference): Not known


Final Solution:
Job	Machine	Operator	Operation	Start Time	Finish Time
0	0	0	0	145	229
0	2	2	1	229	244
0	1	4	2	244	260
0	2	2	3	280	379
0	3	1	4	552	631
0	3	1	5	765	838
0	4	4	6	852	940
0	3	3	7	1003	1039
0	0	0	8	1215	1306
1	1	4	9	42	57
1	4	3	10	130	192
1	3	1	11	631	736
1	4	4	12	746	763
1	3	3	13	1039	1139
1	3	3	14	1139	1236
1	1	2	15	1317	1347
1	1	3	16	1351	1411
2	1	3	17	23	42
2	1	4	18	57	140
2	1	4	19	140	153
2	0	0	20	229	257
2	0	0	21	270	329
2	2	2	22	601	698
2	2	2	23	839	906
2	0	0	24	907	935
2	0	0	25	1032	1114
2	4	4	26	1233	1330
3	0	0	27	257	270
3	4	3	28	356	390
3	2	2	29	453	555
3	0	0	30	578	614
3	2	2	31	739	766
3	3	1	32	838	901
3	3	1	33	901	965
3	4	4	34	1141	1208
4	3	1	35	255	363
4	0	0	36	408	500
4	0	0	37	500	519
4	4	4	38	715	746
4	0	0	39	826	907
4	3	3	40	989	1003
4	2	2	41	1036	1061
4	1	2	42	1061	1127
4	0	1	43	1176	1215
4	3	1	44	1351	1399
5	2	2	45	124	222
5	2	2	46	379	453
5	1	3	47	506	584
5	4	4	48	699	715
5	2	2	49	723	739
5	4	4	50	791	852
5	1	4	51	989	1060
5	4	4	52	1095	1131
5	4	4	53	1208	1233
5	2	2	54	1347	1410
6	2	2	55	38	65
6	1	4	56	153	185
6	1	4	57	316	401
6	3	1	58	473	552
6	1	3	59	705	805
6	0	0	60	935	1032
6	4	4	61	1131	1141
6	2	1	62	1215	1276
6	0	0	63	1306	1402
7	2	2	64	0	38
7	4	3	65	42	71
7	4	3	66	71	130
7	1	4	67	260	316
7	3	1	68	363	435
7	1	3	69	905	917
7	4	1	70	974	1065
8	3	1	71	0	60
8	3	1	72	91	123
8	0	0	73	329	408
8	2	2	74	1006	1036
8	2	1	75	1112	1171
8	2	1	76	1292	1305
9	3	1	77	60	91
9	4	3	78	270	282
9	4	4	79	401	476
9	1	3	80	584	656
9	1	3	81	656	705
9	2	2	82	705	723
9	4	4	83	940	974
9	2	1	84	1276	1292
10	0	0	85	61	145
10	1	4	86	185	223
10	2	2	87	244	280
10	1	3	88	401	423
10	1	3	89	423	459
10	1	3	90	459	506
10	0	0	91	519	578
10	4	4	92	763	791
10	4	4	93	1065	1095
11	4	4	94	0	42
11	3	1	95	161	255
11	3	1	96	435	473
11	0	0	97	614	690
11	1	3	98	805	905
11	1	3	99	917	989
11	0	0	100	1114	1176
11	2	0	101	1176	1215
11	1	2	102	1226	1317
11	4	4	103	1330	1404
12	3	1	104	123	161
12	4	3	105	192	204
12	4	3	106	204	270
12	2	2	107	555	601
12	4	4	108	629	699
12	0	0	109	730	826
12	2	2	110	906	1006
12	1	2	111	1127	1226
12	3	3	112	1236	1288
12	2	1	113	1305	1341
13	1	3	114	0	23
13	0	0	115	23	61
13	2	2	116	65	111
13	2	2	117	111	124
13	4	3	118	282	356
13	4	4	119	476	566
14	1	4	120	223	239
14	4	4	121	566	629
14	0	0	122	690	730
14	3	1	123	736	765
14	2	2	124	766	839
14	2	1	125	1065	1112
14	3	3	126	1288	1351


Solution History:
