This is the output of Heuristic Solver for Dual resource constrained flexible job shop Scheduling Problem.
Input file is: wfjsp12_6.txt
Method: TSN1_100000000_0.281558_5
Seed: 5
Number of Jobs: 25
Number of Operations: 201
Number of Machines: 10
Number of Operators: 10
CPU Time: 16.8999
obj: 1159
Best found lower bound:0
Solver gap (best found lower bound and upper bound difference): Not known


Final Solution:
Job	Machine	Operator	Operation	Start Time	Finish Time
0	1	5	0	175	237
0	4	5	1	309	348
0	2	6	2	348	405
0	8	0	3	484	526
0	7	4	4	566	654
0	2	7	5	661	751
0	7	6	6	872	899
0	8	8	7	952	979
0	9	9	8	1067	1153
1	0	3	9	0	13
1	0	7	10	185	280
1	2	4	11	405	479
1	8	0	12	526	559
1	1	5	13	561	597
1	7	6	14	654	722
1	3	2	15	762	845
1	0	2	16	845	926
2	5	2	17	0	85
2	7	7	18	131	159
2	4	1	19	162	207
2	0	2	20	437	491
2	2	7	21	566	608
2	0	2	22	673	762
2	4	6	23	789	866
2	6	5	24	997	1061
3	1	5	25	0	38
3	8	6	26	60	91
3	8	3	27	168	178
3	4	6	28	242	302
3	0	2	29	302	387
3	3	9	30	573	618
3	8	1	31	681	697
3	5	5	32	787	874
3	9	8	33	874	947
3	8	8	34	979	1017
4	9	9	35	34	117
4	4	4	36	123	162
4	8	3	37	178	202
4	4	8	38	364	454
4	1	3	39	497	533
4	3	9	40	618	673
4	6	0	41	826	872
4	5	7	42	902	970
5	3	8	43	61	152
5	3	9	44	276	370
5	6	7	45	446	500
5	8	1	46	597	681
5	8	1	47	802	839
5	1	3	48	1088	1132
5	4	1	49	1145	1159
6	2	7	50	0	94
6	7	7	51	102	131
6	0	1	52	148	160
6	8	3	53	202	248
6	8	1	54	248	335
6	4	5	55	348	361
6	6	5	56	361	444
6	8	0	57	887	952
6	3	0	58	952	1014
6	2	4	59	1076	1123
7	5	2	60	85	176
7	1	7	61	325	339
7	7	6	62	405	490
7	6	0	63	559	612
7	1	8	64	653	675
7	5	7	65	874	902
7	7	6	66	922	1011
8	1	5	67	134	175
8	5	8	68	215	306
8	1	3	69	418	497
8	1	8	70	691	706
8	2	7	71	751	787
8	6	5	72	958	997
9	6	1	73	19	108
9	0	1	74	108	148
9	9	7	75	284	325
9	8	6	76	335	344
9	7	4	77	376	399
9	5	5	78	597	684
9	5	5	79	693	787
9	2	4	80	802	814
10	0	7	81	160	185
10	6	0	82	326	336
10	3	9	83	483	573
10	5	8	84	573	592
10	4	1	85	714	789
10	2	4	86	936	1024
10	2	4	87	1024	1076
10	6	7	88	1076	1100
10	2	4	89	1123	1155
11	4	0	90	0	85
11	7	0	91	85	102
11	5	8	92	196	215
11	7	4	93	247	288
11	0	2	94	387	437
11	3	6	95	1014	1056
12	9	2	96	196	284
12	7	4	97	288	376
12	3	9	98	456	483
12	4	6	99	491	566
12	1	8	100	597	653
12	5	5	101	684	693
12	1	8	102	742	781
12	8	1	103	839	887
12	8	8	104	1104	1120
12	8	8	105	1120	1154
13	1	5	106	237	258
13	8	3	107	559	597
13	9	3	108	597	689
13	1	8	109	706	742
13	0	9	110	762	790
13	2	4	111	814	904
13	4	1	112	904	929
13	0	2	113	929	981
14	0	3	114	13	87
14	4	6	115	566	653
14	6	0	116	656	741
14	0	9	117	790	826
14	0	9	118	826	843
14	4	0	119	872	885
14	7	6	120	899	922
14	5	5	121	1061	1151
15	6	1	122	0	19
15	4	1	123	207	233
15	2	3	124	248	330
15	5	8	125	508	568
15	2	7	126	608	661
15	4	1	127	1014	1100
15	4	1	128	1100	1145
16	8	6	129	0	12
16	8	3	130	91	168
16	5	2	131	176	196
16	3	9	132	196	253
16	1	5	133	258	309
16	6	0	134	336	354
16	4	8	135	454	491
16	0	1	136	503	581
16	9	9	137	1014	1067
17	7	4	138	0	53
17	2	6	139	94	155
17	2	4	140	479	566
17	3	9	141	673	762
17	9	3	142	765	852
17	2	4	143	904	936
17	9	9	144	947	1014
17	8	8	145	1017	1104
18	3	8	146	0	61
18	4	4	147	85	123
18	2	6	148	155	242
18	6	7	149	500	559
18	6	5	150	874	958
19	9	9	151	0	22
19	8	6	152	22	60
19	6	0	153	200	285
19	8	0	154	354	395
19	5	5	155	446	508
19	4	4	156	654	713
19	6	0	157	741	826
19	5	7	158	970	1061
19	7	6	159	1066	1156
20	7	4	160	53	76
20	9	9	161	117	195
20	5	7	162	364	446
20	9	2	163	503	584
20	8	1	164	697	714
20	7	6	165	722	784
20	1	7	166	787	874
20	4	1	167	929	1014
20	7	0	168	1014	1066
20	0	2	169	1125	1154
21	1	5	170	38	91
21	3	8	171	152	180
21	6	0	172	285	326
21	1	1	173	339	418
21	9	3	174	689	765
21	0	2	175	1030	1125
22	9	3	176	330	407
22	9	1	177	418	503
22	7	5	178	508	561
22	0	2	179	584	673
22	1	8	180	675	691
22	8	4	181	714	737
22	7	8	182	784	872
22	1	3	183	960	1045
22	1	3	184	1045	1088
22	3	0	185	1088	1154
23	9	9	186	22	34
23	6	0	187	108	200
23	3	9	188	253	276
23	8	0	189	395	484
23	6	0	190	612	656
23	1	3	191	874	960
24	1	5	192	91	134
24	7	4	193	162	247
24	5	8	194	306	364
24	3	9	195	370	456
24	8	4	196	737	802
24	3	9	197	845	937
24	0	2	198	981	1030
24	6	7	199	1100	1118
24	6	7	200	1118	1134


Solution History:
