This is the output of Heuristic Solver for Dual resource constrained flexible job shop Scheduling Problem.
Input file is: wfjsp12_3.txt
Method: TSN1_100000000_0.495933_5
Seed: 2
Number of Jobs: 25
Number of Operations: 204
Number of Machines: 10
Number of Operators: 10
CPU Time: 29.7626
obj: 1131
Best found lower bound:0
Solver gap (best found lower bound and upper bound difference): Not known


Final Solution:
Job	Machine	Operator	Operation	Start Time	Finish Time
0	5	8	0	41	114
0	5	8	1	141	155
0	3	6	2	253	268
0	1	1	3	288	366
0	7	8	4	409	480
0	4	7	5	496	562
0	3	6	6	562	634
0	6	3	7	873	905
0	0	9	8	1042	1124
1	5	6	9	0	14
1	8	6	10	195	253
1	2	8	11	318	403
1	6	1	12	431	450
1	8	0	13	503	594
1	1	1	14	618	710
1	9	8	15	790	820
1	7	5	16	1069	1126
2	3	9	17	33	48
2	6	3	18	60	125
2	8	5	19	131	143
2	2	5	20	170	197
2	5	4	21	296	344
2	9	9	22	691	784
2	0	5	23	786	849
2	4	4	24	849	878
2	3	0	25	912	994
2	8	8	26	1031	1118
3	3	0	27	155	168
3	5	4	28	239	273
3	5	4	29	344	446
3	0	0	30	467	503
3	6	1	31	509	538
3	6	3	32	643	698
3	2	3	33	957	1021
3	1	6	34	1069	1131
4	4	2	35	288	385
4	5	4	36	446	543
4	7	5	37	545	559
4	6	8	38	559	589
4	0	2	39	604	678
4	1	7	40	779	795
4	7	7	41	795	822
4	9	5	42	858	908
4	9	5	43	908	937
4	3	0	44	994	1049
5	7	2	45	74	178
5	2	5	46	231	300
5	2	8	47	480	552
5	9	3	48	573	589
5	9	8	49	601	614
5	6	3	50	698	752
5	8	3	51	752	818
5	9	2	52	820	858
5	9	5	53	937	960
5	2	1	54	1055	1115
6	5	6	55	14	41
6	8	5	56	143	170
6	7	2	57	215	286
6	1	5	58	391	468
6	2	4	59	552	648
6	3	0	60	774	871
6	0	2	61	871	882
6	0	2	62	882	945
6	6	9	63	945	1042
7	7	5	64	0	35
7	2	1	65	37	65
7	1	1	66	158	222
7	0	8	67	230	272
7	4	2	68	385	467
7	2	5	69	468	478
7	4	4	70	878	984
8	1	1	71	222	288
8	7	7	72	318	349
8	3	6	73	428	498
8	7	5	74	666	694
8	6	2	75	752	816
8	5	1	76	957	972
9	7	5	77	35	63
9	4	7	78	72	84
9	9	9	79	158	224
9	8	0	80	253	333
9	8	3	81	594	643
9	1	9	82	795	811
9	8	8	83	998	1031
9	7	4	84	1031	1044
10	4	7	85	0	72
10	3	9	86	111	155
10	7	2	87	178	215
10	5	6	88	273	296
10	0	5	89	300	332
10	9	3	90	348	395
10	0	1	91	710	762
10	7	7	92	822	850
10	6	3	93	905	932
11	2	1	94	0	37
11	1	1	95	75	158
11	2	5	96	197	231
11	0	0	97	391	467
11	9	3	98	467	573
11	4	7	99	677	754
11	5	6	100	779	830
11	3	0	101	871	912
11	7	7	102	931	1031
11	6	2	103	1042	1118
12	3	9	104	0	33
12	3	9	105	48	59
12	8	5	106	63	131
12	6	9	107	300	342
12	8	7	108	425	496
12	0	2	109	503	604
12	7	8	110	694	790
12	8	8	111	902	998
12	9	3	112	1032	1079
12	9	3	113	1079	1115
13	8	6	114	170	195
13	3	6	115	498	547
13	7	5	116	559	592
13	9	5	117	592	601
13	7	5	118	601	666
13	5	6	119	830	900
14	3	9	120	59	73
14	0	0	121	76	143
14	3	0	122	168	212
14	9	3	123	224	253
14	4	4	124	754	826
14	5	6	125	900	953
14	1	6	126	953	1010
15	4	7	127	562	617
15	1	6	128	710	779
15	7	7	129	850	931
15	2	1	130	931	957
15	9	2	131	970	1032
15	2	5	132	1032	1053
15	3	0	133	1053	1118
16	3	9	134	73	111
16	6	3	135	125	151
16	0	8	136	155	230
16	6	9	137	239	300
16	3	6	138	300	332
16	7	1	139	366	409
16	5	9	140	543	593
16	0	2	141	678	707
16	5	4	142	707	738
16	1	9	143	847	944
17	9	4	144	0	75
17	2	4	145	75	92
17	5	8	146	114	141
17	6	3	147	151	212
17	2	1	148	786	849
17	1	6	149	1010	1069
18	4	7	150	138	186
18	3	0	151	212	251
18	9	3	152	253	286
18	2	3	153	403	467
18	6	0	154	594	638
18	2	4	155	648	686
18	1	9	156	811	847
18	0	2	157	945	970
18	4	4	158	984	1026
19	1	3	159	0	42
19	1	6	160	42	75
19	9	3	161	286	348
19	8	7	162	349	425
19	4	7	163	617	677
19	3	0	164	737	774
19	6	3	165	818	873
19	5	1	166	972	1055
19	4	7	167	1096	1124
20	6	9	168	342	431
20	4	2	169	467	491
20	8	6	170	643	699
20	2	5	171	699	735
20	0	1	172	762	775
20	8	8	173	820	902
21	0	0	174	0	76
21	9	4	175	92	158
21	3	6	176	360	428
21	7	5	177	480	545
21	5	9	178	593	683
21	2	1	179	849	925
21	0	5	180	970	1004
22	8	8	181	0	25
22	4	7	182	84	138
22	5	4	183	158	229
22	1	9	184	468	540
22	3	0	185	638	737
22	2	5	186	737	786
22	0	5	187	1004	1030
22	7	5	188	1053	1069
23	4	7	189	186	288
23	7	8	190	288	318
23	3	6	191	332	360
23	9	9	192	431	465
23	1	1	193	540	618
23	9	8	194	618	691
23	5	4	195	1055	1093
24	6	2	196	0	60
24	7	2	197	63	74
24	2	6	198	92	168
24	5	9	199	229	239
24	0	5	200	332	391
24	6	1	201	450	509
24	6	3	202	932	942
24	4	7	203	1031	1096


Solution History:
