This is the output of Heuristic Solver for Dual resource constrained flexible job shop Scheduling Problem.
Input file is: wfjsp14_1.txt
Method: TSN1_100000000_0.397012_5
Seed: 4
Number of Jobs: 30
Number of Operations: 215
Number of Machines: 15
Number of Operators: 15
CPU Time: 23.8292
obj: 770
Best found lower bound:0
Solver gap (best found lower bound and upper bound difference): Not known


Final Solution:
Job	Machine	Operator	Operation	Start Time	Finish Time
0	11	0	0	0	66
0	5	8	1	78	104
0	6	12	2	226	267
0	8	1	3	289	379
0	6	1	4	380	461
1	13	2	5	18	74
1	14	0	6	113	190
1	13	14	7	190	216
1	11	7	8	234	273
1	7	5	9	320	352
1	6	8	10	369	380
1	5	10	11	388	405
1	9	6	12	453	465
1	11	3	13	508	558
2	12	14	14	0	56
2	14	0	15	66	113
2	7	10	16	168	197
2	8	1	17	232	241
2	9	3	18	263	319
2	8	2	19	379	421
2	12	2	20	554	634
3	2	9	21	0	82
3	10	14	22	118	165
3	7	9	23	419	488
3	6	8	24	488	502
3	3	7	25	538	571
3	7	4	26	728	756
4	10	7	27	0	24
4	14	0	28	190	239
4	3	11	29	239	319
4	7	11	30	355	394
4	10	0	31	483	542
4	13	13	32	542	619
4	14	1	33	628	669
5	14	1	34	17	30
5	6	1	35	51	97
5	3	12	36	125	147
5	11	3	37	147	180
5	7	3	38	197	263
5	5	10	39	321	388
5	14	11	40	417	454
5	5	14	41	464	556
5	11	0	42	577	602
6	12	14	43	56	118
6	7	9	44	152	163
6	5	6	45	199	211
6	4	2	46	235	318
6	10	13	47	380	392
6	1	8	48	466	475
6	8	12	49	508	545
6	9	5	50	640	719
7	1	5	51	82	97
7	2	1	52	105	171
7	2	2	53	318	371
7	12	2	54	513	554
7	12	2	55	703	743
8	0	7	56	106	192
8	6	12	57	267	310
8	9	12	58	369	453
8	8	12	59	453	508
8	3	12	60	647	668
8	10	8	61	681	750
9	14	3	62	0	17
9	0	7	63	24	66
9	4	11	64	78	162
9	10	8	65	165	198
9	1	6	66	221	239
9	9	3	67	319	366
9	1	4	68	484	538
9	3	7	69	586	647
9	13	9	70	647	684
10	0	6	71	0	23
10	8	6	72	73	107
10	6	8	73	107	144
10	10	8	74	198	234
10	7	5	75	263	320
10	13	13	76	461	536
10	4	11	77	604	680
11	1	5	78	144	221
11	5	10	79	221	321
11	0	10	80	529	607
11	11	0	81	607	652
11	10	8	82	666	681
11	2	1	83	684	704
11	3	5	84	725	733
12	5	12	85	0	78
12	14	6	86	239	275
12	4	11	87	319	355
12	4	10	88	434	452
12	9	6	89	465	495
12	9	6	90	495	559
12	3	7	91	571	586
12	5	9	92	586	644
13	8	10	93	0	73
13	9	10	94	73	95
13	3	11	95	165	187
13	2	13	96	187	242
13	10	13	97	296	305
13	3	6	98	319	400
13	12	2	99	431	513
13	14	4	100	673	728
13	14	0	101	728	770
14	1	5	102	0	82
14	7	9	103	82	152
14	0	7	104	192	233
14	1	9	105	239	295
14	2	9	106	295	313
14	7	9	107	543	583
14	3	1	108	669	684
15	11	3	109	70	146
15	10	8	110	234	296
15	0	4	111	306	389
15	7	11	112	394	417
15	8	6	113	423	446
15	4	10	114	452	529
15	5	14	115	556	575
15	10	14	116	575	666
15	0	14	117	673	766
16	6	1	118	37	51
16	2	4	119	82	105
16	9	11	120	189	207
16	13	9	121	313	399
16	3	8	122	408	465
16	3	7	123	466	538
16	1	4	124	538	591
16	6	8	125	624	663
16	8	2	126	663	703
16	8	13	127	703	730
17	2	1	128	242	266
17	1	7	129	374	466
17	1	4	130	591	616
17	1	5	131	616	640
17	2	1	132	704	751
18	13	2	133	0	18
18	0	7	134	66	106
18	12	4	135	118	194
18	12	4	136	194	250
18	13	6	137	275	313
18	2	14	138	371	464
18	0	11	139	484	521
18	4	11	140	529	604
18	7	3	141	641	721
18	5	6	142	722	767
19	3	11	143	0	78
19	4	9	144	163	235
19	0	4	145	256	306
19	11	3	146	400	438
19	7	9	147	488	543
19	14	1	148	545	628
19	1	7	149	647	719
20	13	2	150	74	115
20	11	2	151	180	234
20	6	12	152	310	369
20	7	3	153	583	641
20	1	7	154	719	763
21	14	6	155	30	66
21	3	12	156	78	125
21	5	6	157	125	199
21	8	13	158	242	289
21	12	0	159	369	431
22	4	4	160	0	76
22	9	10	161	95	168
22	0	5	162	233	256
22	5	10	163	405	423
22	6	12	164	668	709
23	8	6	165	107	123
23	3	8	166	147	165
23	8	1	167	175	232
23	11	3	168	366	400
23	10	6	169	400	423
23	2	10	170	607	684
24	6	12	171	147	226
24	1	8	172	296	315
24	12	14	173	315	369
24	2	5	174	464	546
24	9	6	175	559	635
24	0	4	176	635	673
24	13	9	177	684	721
24	13	9	178	721	759
25	6	8	179	0	37
25	10	13	180	37	116
25	8	2	181	123	175
25	10	13	182	305	380
25	14	8	183	380	408
25	0	4	184	408	484
25	8	12	185	545	646
25	3	0	186	684	725
25	12	13	187	743	762
26	9	3	188	17	70
26	13	13	189	116	155
26	11	0	190	273	363
26	13	13	191	419	461
26	6	8	192	502	524
26	6	8	193	582	624
26	4	10	194	684	753
27	14	7	195	275	366
27	1	7	196	366	374
27	14	1	197	461	545
27	2	5	198	546	605
27	12	13	199	634	695
27	6	12	200	709	749
28	4	5	201	355	434
28	10	0	202	434	483
28	6	8	203	524	582
28	11	0	204	652	679
28	11	11	205	680	755
29	7	8	206	37	65
29	1	5	207	97	144
29	9	14	208	168	189
29	13	14	209	216	274
29	13	9	210	399	419
29	11	3	211	438	508
29	11	3	212	558	577
29	5	6	213	644	722
29	9	3	214	722	743


Solution History:
