This is the output of Heuristic Solver for Dual resource constrained flexible job shop Scheduling Problem.
Input file is: wfjsp18_6.txt
Method: TSN1_100000000_0.400070_5
Seed: 3
Number of Jobs: 20
Number of Operations: 160
Number of Machines: 10
Number of Operators: 8
CPU Time: 24.0092
obj: 1132
Best found lower bound:0
Solver gap (best found lower bound and upper bound difference): Not known


Final Solution:
Job	Machine	Operator	Operation	Start Time	Finish Time
0	3	7	0	0	58
0	3	4	1	92	133
0	1	2	2	134	195
0	7	4	3	228	267
0	2	5	4	270	365
0	1	4	5	365	452
0	3	3	6	494	523
0	2	0	7	693	721
0	5	0	8	833	920
1	2	3	9	0	13
1	7	7	10	58	146
1	5	5	11	174	255
1	0	6	12	269	304
1	6	7	13	338	375
1	9	7	14	554	609
1	8	3	15	720	811
1	1	2	16	984	1060
2	0	3	17	156	248
2	5	7	18	375	403
2	8	1	19	500	545
2	7	4	20	545	607
2	7	4	21	607	647
2	5	5	22	647	731
2	7	2	23	846	922
2	7	7	24	1020	1081
3	0	5	25	0	38
3	0	5	26	38	70
3	7	2	27	207	215
3	8	2	28	215	279
3	4	0	29	554	639
3	0	4	30	647	692
3	1	4	31	692	707
3	3	0	32	721	816
3	2	5	33	819	896
3	9	6	34	896	935
4	6	4	35	0	81
4	0	6	36	113	151
4	3	3	37	282	307
4	4	1	38	329	414
4	1	4	39	491	533
4	1	1	40	545	595
4	4	1	41	804	849
4	8	1	42	901	975
5	1	6	43	22	113
5	7	2	44	418	513
5	2	2	45	513	561
5	2	4	46	721	808
5	0	3	47	811	846
5	7	4	48	930	972
5	8	0	49	1061	1074
6	3	4	50	133	228
6	3	6	51	242	269
6	5	0	52	270	282
6	4	1	53	282	329
6	9	0	54	384	472
6	2	0	55	472	483
6	8	3	56	637	720
6	1	6	57	760	821
6	1	2	58	922	984
6	5	1	59	984	1031
7	4	1	60	88	173
7	0	4	61	352	365
7	5	7	62	403	497
7	2	0	63	639	693
7	6	4	64	820	842
7	5	5	65	925	953
7	3	3	66	1028	1113
8	7	4	67	267	306
8	8	1	68	414	500
8	3	3	69	523	596
8	6	6	70	935	950
8	7	0	71	984	1019
8	8	0	72	1019	1061
9	8	1	73	0	88
9	6	7	74	282	319
9	9	6	75	342	384
9	4	5	76	464	473
9	2	2	77	612	636
9	9	2	78	636	724
9	3	7	79	853	948
9	2	3	80	1017	1028
10	7	2	81	0	25
10	0	5	82	70	80
10	6	5	83	81	174
10	9	3	84	264	282
10	6	6	85	561	636
10	7	2	86	758	846
10	8	1	87	849	901
10	0	5	88	901	925
10	6	4	89	1071	1106
11	4	0	90	0	85
11	9	3	91	248	264
11	8	0	92	282	299
11	0	6	93	304	342
11	7	2	94	369	418
11	2	4	95	974	1015
12	2	3	96	30	118
12	9	6	97	151	242
12	1	1	98	252	280
12	0	6	99	692	760
12	2	0	100	920	974
12	7	1	101	975	984
12	4	5	102	984	1023
12	6	4	103	1023	1071
12	9	7	104	1081	1096
12	7	7	105	1096	1129
13	1	6	106	0	22
13	8	3	107	118	156
13	2	0	108	172	270
13	3	3	109	323	361
13	0	5	110	473	502
13	1	1	111	595	679
13	5	5	112	953	980
13	1	2	113	1060	1112
14	6	7	114	207	282
14	6	6	115	471	561
14	7	7	116	647	737
14	4	1	117	767	804
14	6	7	118	804	820
14	8	0	119	820	833
14	1	6	120	872	894
14	0	3	121	932	1017
15	3	4	122	307	323
15	1	4	123	323	352
15	6	5	124	375	464
15	0	5	125	502	566
15	8	3	126	596	637
15	5	5	127	731	819
15	1	6	128	821	872
16	3	4	129	81	92
16	5	0	130	92	172
16	7	7	131	319	338
16	3	3	132	361	413
16	2	2	133	561	612
16	6	6	134	636	655
16	1	2	135	724	758
16	4	3	136	849	932
16	8	0	137	1074	1124
17	5	2	138	25	78
17	9	2	139	78	134
17	5	2	140	282	369
17	0	6	141	384	471
17	4	1	142	679	767
17	3	7	143	820	853
17	3	7	144	948	1020
17	5	1	145	1031	1120
18	7	7	146	146	207
18	1	1	147	211	252
18	3	3	148	413	494
18	9	7	149	497	554
18	4	5	150	1023	1111
19	9	3	151	13	30
19	8	1	152	173	211
19	8	0	153	299	384
19	1	4	154	452	491
19	4	0	155	491	554
19	9	7	156	737	792
19	6	4	157	842	930
19	9	6	158	950	1041
19	0	6	159	1041	1132


Solution History:
