This is the output of Heuristic Solver for Dual resource constrained flexible job shop Scheduling Problem.
Input file is: wfjsp12_5.txt
Method: TSN1_100000000_0.404107_5
Seed: 1
Number of Jobs: 25
Number of Operations: 174
Number of Machines: 10
Number of Operators: 10
CPU Time: 24.2532
obj: 886
Best found lower bound:0
Solver gap (best found lower bound and upper bound difference): Not known


Final Solution:
Job	Machine	Operator	Operation	Start Time	Finish Time
0	3	2	0	0	14
0	3	2	1	186	226
0	7	9	2	226	310
0	5	8	3	377	445
0	7	5	4	457	527
0	3	2	5	535	569
0	1	7	6	809	881
1	1	1	7	10	47
1	1	1	8	47	98
1	2	1	9	174	208
1	5	8	10	530	561
1	8	4	11	633	703
2	2	1	12	208	231
2	2	1	13	231	244
2	1	7	14	284	353
2	4	5	15	593	659
2	2	1	16	745	755
3	2	3	17	57	102
3	8	3	18	111	176
3	7	5	19	416	457
3	3	1	20	570	600
3	6	2	21	610	649
4	9	6	22	111	139
4	5	8	23	180	210
4	7	9	24	310	416
4	3	2	25	416	468
4	9	0	26	471	508
5	4	7	27	25	46
5	0	0	28	276	287
5	5	8	29	323	377
5	2	1	30	439	525
5	6	7	31	729	794
6	5	6	32	0	70
6	8	3	33	359	447
6	2	4	34	528	615
6	0	4	35	726	765
6	1	4	36	782	795
6	6	4	37	795	844
7	7	9	38	93	174
7	7	0	39	558	626
7	0	0	40	653	717
7	2	1	41	755	784
7	4	5	42	806	874
8	6	3	43	0	34
8	6	4	44	34	51
8	5	8	45	111	180
8	4	5	46	251	346
8	0	6	47	386	472
8	1	1	48	528	570
8	1	7	49	570	651
8	6	7	50	651	729
8	7	0	51	786	796
8	0	3	52	827	860
9	4	7	53	46	125
9	8	4	54	233	264
9	5	8	55	445	530
9	9	0	56	530	550
9	5	2	57	569	610
9	2	2	58	649	735
9	0	4	59	765	780
9	4	5	60	780	806
9	9	0	61	806	876
10	8	8	62	95	111
10	8	3	63	176	216
10	6	3	64	233	265
10	8	4	65	265	349
10	6	9	66	519	597
10	0	3	67	615	653
10	9	8	68	658	706
10	5	6	69	753	768
11	8	5	70	0	92
11	1	7	71	202	284
11	2	1	72	305	357
11	1	4	73	464	506
11	6	4	74	506	519
11	8	3	75	531	615
11	2	1	76	615	643
11	7	5	77	659	704
11	4	5	78	704	779
11	3	2	79	800	882
12	4	7	80	0	25
12	2	1	81	102	174
12	4	5	82	202	251
12	9	0	83	321	333
12	6	3	84	333	359
12	1	4	85	519	528
12	8	4	86	703	712
12	7	9	87	798	881
13	6	4	88	51	150
13	4	7	89	150	202
13	5	8	90	210	240
13	3	2	91	240	330
13	4	5	92	346	395
13	9	0	93	395	403
13	1	4	94	419	464
13	5	6	95	610	690
13	7	1	96	704	745
13	8	9	97	750	798
14	2	3	98	36	57
14	5	6	99	70	111
14	3	2	100	115	186
14	9	6	101	213	224
14	6	3	102	265	329
14	3	2	103	468	535
14	9	8	104	587	658
14	0	3	105	782	827
15	6	4	106	150	233
15	2	1	107	357	439
15	4	5	108	562	593
15	3	9	109	600	685
15	3	9	110	685	727
15	5	6	111	768	799
15	6	4	112	844	882
16	9	0	113	0	8
16	7	9	114	15	93
16	9	0	115	291	321
16	0	6	116	581	606
16	4	3	117	659	673
16	5	6	118	690	753
16	7	0	119	753	786
16	2	1	120	786	819
17	0	4	121	0	33
17	3	2	122	96	115
17	1	5	123	115	199
17	8	3	124	216	230
17	7	5	125	527	558
17	4	3	126	673	694
17	9	8	127	706	773
18	9	8	128	8	95
18	3	2	129	226	235
18	3	2	130	330	346
18	6	7	131	359	389
18	0	6	132	472	537
19	1	1	133	0	10
19	0	0	134	36	106
19	0	0	135	261	276
19	2	1	136	296	305
19	9	0	137	333	375
19	9	0	138	403	440
19	8	3	139	447	531
19	8	4	140	615	633
19	0	4	141	717	726
19	9	8	142	773	791
20	0	0	143	172	261
20	1	4	144	353	419
20	4	9	145	419	488
20	0	6	146	537	556
20	0	6	147	556	581
20	3	2	148	735	800
21	5	8	149	240	323
21	4	7	150	488	562
21	9	8	151	562	587
21	8	0	152	717	750
21	8	8	153	798	865
22	2	0	154	8	36
22	0	0	155	106	172
22	2	1	156	244	296
22	0	6	157	296	386
22	1	7	158	795	809
23	7	9	159	0	15
23	3	2	160	15	96
23	9	6	161	139	213
23	9	6	162	224	291
23	3	2	163	346	413
23	9	0	164	440	471
23	7	0	165	626	642
23	1	1	166	651	701
23	5	6	167	799	881
24	9	5	168	95	111
24	4	7	169	125	143
24	7	9	170	174	216
24	6	7	171	389	457
24	1	3	172	701	782
24	2	1	173	819	886


Solution History:
