This is the output of Heuristic Solver for Dual resource constrained flexible job shop Scheduling Problem.
Input file is: wfjsp23_8.txt
Method: TSN1_100000000_1.321828_5
Seed: 1
Number of Jobs: 30
Number of Operations: 373
Number of Machines: 15
Number of Operators: 12
CPU Time: 79.347
obj: 1643
Best found lower bound:0
Solver gap (best found lower bound and upper bound difference): Not known


Final Solution:
Job	Machine	Operator	Operation	Start Time	Finish Time
0	6	2	0	0	24
0	11	0	1	410	479
0	13	0	2	535	562
0	12	6	3	562	627
0	9	8	4	758	839
0	6	2	5	1130	1187
0	4	8	6	1205	1278
0	8	11	7	1280	1292
0	1	4	8	1317	1373
0	4	6	9	1494	1551
1	14	10	10	0	28
1	4	6	11	351	434
1	3	0	12	616	624
1	14	10	13	662	742
1	8	3	14	787	808
1	4	3	15	808	870
1	1	11	16	889	958
1	2	3	17	975	1006
1	10	1	18	1007	1061
1	5	10	19	1090	1131
1	1	11	20	1196	1239
1	6	11	21	1239	1280
1	3	11	22	1344	1394
2	4	3	23	27	89
2	6	2	24	100	169
2	5	7	25	452	540
2	1	11	26	729	798
2	2	0	27	850	922
2	7	5	28	952	1020
2	0	4	29	1114	1183
2	5	6	30	1209	1279
2	7	6	31	1279	1350
2	9	7	32	1411	1477
2	7	5	33	1477	1513
2	7	5	34	1513	1605
3	3	5	35	0	82
3	0	3	36	494	519
3	6	8	37	564	590
3	1	4	38	600	671
3	10	3	39	718	727
3	2	6	40	774	850
3	12	6	41	850	879
3	12	7	42	881	890
3	2	3	43	932	975
3	6	8	44	1035	1074
3	10	8	45	1074	1124
3	3	1	46	1231	1319
3	7	5	47	1395	1432
3	12	11	48	1518	1563
3	10	7	49	1572	1640
4	1	9	50	97	170
4	3	4	51	170	181
4	1	4	52	181	197
4	0	4	53	339	382
4	5	7	54	394	452
4	4	2	55	516	533
4	4	3	56	611	678
4	3	0	57	679	733
4	10	5	58	733	807
4	12	0	59	807	843
4	7	10	60	843	939
4	11	0	61	1070	1126
5	8	1	62	0	24
5	1	9	63	46	63
5	13	6	64	63	100
5	7	5	65	243	309
5	6	4	66	325	339
5	3	5	67	363	381
5	9	5	68	381	426
5	7	4	69	444	491
5	14	9	70	507	562
5	2	3	71	595	611
5	8	5	72	616	684
5	4	5	73	684	729
5	6	10	74	1447	1478
6	4	3	75	0	27
6	11	0	76	51	75
6	8	1	77	86	148
6	14	7	78	153	197
6	5	2	79	369	394
6	8	1	80	401	477
6	14	1	81	477	501
6	11	1	82	709	774
6	10	5	83	807	875
6	8	10	84	1292	1370
6	2	0	85	1370	1457
7	9	8	86	66	105
7	9	11	87	111	177
7	3	8	88	252	303
7	8	11	89	493	569
7	6	8	90	590	647
7	11	7	91	890	974
7	0	2	92	991	1063
7	7	4	93	1183	1257
7	12	9	94	1257	1276
7	10	3	95	1326	1389
7	6	11	96	1394	1447
8	8	5	97	159	243
8	5	10	98	292	341
8	4	2	99	461	516
8	14	10	100	597	662
8	13	7	101	718	824
8	1	4	102	958	1042
8	7	4	103	1042	1105
8	9	1	104	1138	1231
8	3	11	105	1319	1344
8	14	7	106	1344	1363
8	8	2	107	1464	1535
8	0	6	108	1551	1584
8	7	1	109	1605	1627
9	11	9	110	0	46
9	2	10	111	124	193
9	11	0	112	193	228
9	7	1	113	314	371
9	6	10	114	471	533
9	5	2	115	560	650
9	9	8	116	715	758
9	14	2	117	832	920
9	9	7	118	974	985
9	8	3	119	1118	1178
9	14	7	120	1178	1193
9	1	2	121	1239	1306
9	1	9	122	1385	1449
9	11	6	123	1455	1490
10	14	7	124	298	390
10	6	10	125	420	471
10	13	0	126	479	535
10	2	10	127	535	581
10	4	4	128	582	600
10	3	11	129	641	670
10	14	2	130	769	832
10	5	9	131	832	900
10	13	3	132	1009	1082
10	2	9	133	1191	1257
10	8	10	134	1370	1439
10	2	10	135	1478	1503
11	12	6	136	154	198
11	4	6	137	198	217
11	1	4	138	217	258
11	14	11	139	258	287
11	11	11	140	287	352
11	0	3	141	394	413
11	4	4	142	542	582
11	11	1	143	774	841
11	8	5	144	876	908
11	9	5	145	908	952
11	3	0	146	1013	1069
11	5	8	147	1279	1354
11	3	4	148	1456	1523
12	10	8	149	0	12
12	13	1	150	154	234
12	5	2	151	247	268
12	4	2	152	268	342
12	6	11	153	352	405
12	3	5	154	426	441
12	1	3	155	519	595
12	12	8	156	647	660
12	12	8	157	660	713
12	4	3	158	870	932
12	11	11	159	1131	1196
12	12	1	160	1319	1423
12	10	3	161	1530	1561
13	0	4	162	0	17
13	7	10	163	28	94
13	4	3	164	94	111
13	0	11	165	413	493
13	0	6	166	531	557
13	10	7	167	557	605
13	11	7	168	605	619
13	0	9	169	619	681
13	3	0	170	733	794
13	6	4	171	913	952
13	4	8	172	1151	1205
13	13	0	173	1563	1632
14	9	7	174	0	45
14	14	7	175	45	113
14	0	3	176	113	128
14	0	3	177	136	215
14	0	3	178	215	267
14	3	8	179	303	354
14	1	9	180	422	507
14	9	11	181	876	889
14	5	9	182	900	930
14	2	3	183	1090	1118
14	13	0	184	1126	1153
14	12	9	185	1276	1308
14	4	2	186	1308	1357
15	7	11	187	0	8
15	12	11	188	49	82
15	7	10	189	94	124
15	3	5	190	505	531
15	3	5	191	531	616
15	6	4	192	862	897
15	3	8	193	897	921
15	5	10	194	939	980
15	13	10	195	980	1009
15	6	2	196	1074	1130
15	10	8	197	1130	1151
15	2	6	198	1151	1184
15	5	7	199	1363	1411
15	13	0	200	1457	1563
16	13	0	201	0	51
16	12	7	202	260	298
16	12	0	203	298	360
16	2	1	204	371	401
16	6	2	205	533	560
16	7	6	206	627	713
16	6	6	207	713	774
16	6	4	208	897	913
16	8	5	209	1020	1103
16	7	5	210	1432	1469
16	11	7	211	1490	1572
17	2	6	212	0	56
17	3	5	213	82	159
17	13	3	214	267	317
17	10	8	215	363	431
17	0	9	216	681	749
17	1	9	217	815	825
17	0	2	218	920	991
17	14	8	219	995	1035
17	1	7	220	1098	1170
17	11	0	221	1213	1273
17	13	4	222	1387	1424
17	0	11	223	1447	1489
17	0	11	224	1489	1518
17	12	11	225	1563	1572
17	14	11	226	1572	1641
18	13	6	227	100	154
18	12	7	228	225	260
18	1	4	229	260	325
18	7	4	230	382	444
18	9	11	231	569	641
18	10	7	232	668	718
18	14	1	233	1061	1138
18	1	9	234	1170	1191
18	13	6	235	1191	1209
18	9	5	236	1245	1330
18	1	9	237	1449	1498
18	5	9	238	1498	1574
18	12	6	239	1584	1614
19	6	2	240	24	100
19	7	3	241	128	136
19	1	9	242	343	422
19	12	6	243	461	531
19	10	7	244	619	668
19	8	11	245	808	876
19	10	6	246	879	959
19	13	9	247	1308	1385
19	13	4	248	1424	1453
19	8	2	249	1456	1464
19	2	10	250	1503	1576
20	10	4	251	78	104
20	5	4	252	104	170
20	10	10	253	193	292
20	8	3	254	357	394
20	5	4	255	671	732
20	6	4	256	795	862
20	3	0	257	922	1013
20	5	9	258	1013	1080
20	5	10	259	1131	1209
20	3	2	260	1394	1456
21	2	4	261	197	216
21	3	5	262	441	505
21	9	1	263	505	563
21	14	10	264	742	769
21	7	10	265	769	834
21	0	1	266	841	915
21	6	11	267	958	1033
21	9	11	268	1033	1131
21	12	2	269	1187	1239
21	11	7	270	1273	1340
21	7	8	271	1354	1392
21	10	3	272	1437	1530
21	9	8	273	1536	1616
22	0	9	274	267	334
22	11	8	275	479	492
22	10	6	276	959	970
22	12	6	277	970	1069
22	1	7	278	1070	1098
22	4	6	279	1103	1146
22	3	0	280	1153	1213
22	2	0	281	1273	1354
22	0	6	282	1354	1379
22	11	6	283	1379	1408
22	5	6	284	1411	1455
22	3	4	285	1523	1586
22	1	3	286	1586	1640
23	12	11	287	8	49
23	9	8	288	49	66
23	12	11	289	82	111
23	2	0	290	111	119
23	11	0	291	119	189
23	7	8	292	189	243
23	10	5	293	309	353
23	13	10	294	367	420
23	2	10	295	1009	1090
23	8	1	296	1557	1603
24	0	1	297	24	86
24	11	0	298	86	109
24	12	7	299	198	213
24	9	7	300	213	225
24	11	0	301	228	250
24	9	9	302	334	343
24	0	9	303	562	615
24	11	1	304	622	687
24	13	1	305	687	709
24	2	2	306	715	769
24	8	1	307	915	1007
24	8	5	308	1178	1245
24	0	4	309	1257	1317
24	14	2	310	1363	1393
25	1	9	311	63	97
25	10	8	312	105	154
25	3	11	313	181	252
25	13	9	314	252	266
25	5	2	315	342	369
25	12	2	316	394	461
25	11	8	317	492	564
25	2	3	318	679	696
25	11	7	319	985	1070
25	0	9	320	1080	1107
25	10	3	321	1178	1265
25	4	3	322	1561	1582
26	1	8	323	12	45
26	12	7	324	113	153
26	10	8	325	154	188
26	6	9	326	188	236
26	10	5	327	353	363
26	10	3	328	431	494
26	8	10	329	581	597
26	9	2	330	650	715
26	8	3	331	727	787
26	11	8	332	841	890
26	8	4	333	1105	1114
26	0	3	334	1389	1437
26	4	9	335	1582	1635
27	10	4	336	17	78
27	2	6	337	217	297
27	8	6	338	297	351
27	13	0	339	562	616
27	2	0	340	624	679
27	0	9	341	749	815
27	4	9	342	932	1013
27	10	3	343	1265	1326
27	9	5	344	1330	1395
27	10	8	345	1395	1422
27	4	8	346	1422	1494
27	9	8	347	1494	1536
27	6	2	348	1536	1613
27	0	2	349	1613	1642
28	9	1	350	234	314
28	13	10	351	341	367
28	9	8	352	431	475
28	7	1	353	563	622
28	1	11	354	671	729
28	13	7	355	824	881
28	12	6	356	1069	1103
28	12	9	357	1107	1170
28	13	10	358	1209	1283
28	12	1	359	1423	1503
28	8	4	360	1603	1643
29	5	2	361	170	247
29	2	3	362	317	357
29	11	0	363	360	410
29	7	4	364	491	542
29	5	4	365	732	795
29	14	8	366	921	995
29	7	5	367	1105	1176
29	14	7	368	1193	1267
29	4	4	369	1373	1387
29	1	1	370	1503	1557
29	2	10	371	1576	1625
29	12	6	372	1625	1639


Solution History:
