This is the output of Heuristic Solver for Dual resource constrained flexible job shop Scheduling Problem.
Input file is: wfjsp15_6.txt
Method: TSN1_100000000_0.954540_5
Seed: 5
Number of Jobs: 30
Number of Operations: 388
Number of Machines: 15
Number of Operators: 15
CPU Time: 57.2927
obj: 1608
Best found lower bound:0
Solver gap (best found lower bound and upper bound difference): Not known


Final Solution:
Job	Machine	Operator	Operation	Start Time	Finish Time
0	3	9	0	76	134
0	14	0	1	138	179
0	5	7	2	263	320
0	12	14	3	354	400
0	5	8	4	463	557
0	13	8	5	679	767
0	8	3	6	796	823
0	13	14	7	831	856
0	3	4	8	870	955
0	10	4	9	1189	1205
0	6	0	10	1249	1340
0	7	12	11	1358	1430
0	5	11	12	1481	1510
0	7	12	13	1561	1596
1	4	4	14	36	95
1	1	2	15	337	420
1	12	9	16	420	506
1	6	1	17	524	609
1	2	5	18	680	710
1	0	9	19	743	797
1	3	0	20	815	870
1	7	14	21	870	910
1	13	14	22	995	1078
1	7	14	23	1078	1151
1	11	8	24	1196	1252
1	14	5	25	1332	1368
1	9	13	26	1576	1607
2	4	4	27	95	103
2	6	1	28	129	207
2	6	13	29	208	291
2	14	0	30	316	371
2	6	1	31	424	438
2	11	14	32	587	667
2	10	12	33	896	963
2	11	5	34	969	1005
2	2	13	35	1083	1156
2	3	13	36	1156	1195
2	6	1	37	1212	1236
2	7	14	38	1274	1358
2	7	6	39	1523	1561
3	8	11	40	36	84
3	6	1	41	84	129
3	10	2	42	142	216
3	9	4	43	358	442
3	12	9	44	506	591
3	7	9	45	591	644
3	12	11	46	792	881
3	6	8	47	943	972
3	0	3	48	1014	1059
3	9	4	49	1086	1102
3	1	2	50	1132	1221
3	11	14	51	1358	1387
3	0	14	52	1387	1398
3	6	5	53	1398	1442
3	6	5	54	1442	1531
4	6	1	55	15	24
4	10	12	56	399	489
4	9	6	57	531	602
4	0	9	58	644	702
4	6	1	59	724	771
4	0	6	60	797	884
4	10	0	61	884	896
4	6	1	62	972	1059
4	1	2	63	1079	1132
4	13	11	64	1186	1208
4	1	2	65	1221	1248
4	5	5	66	1248	1332
4	4	10	67	1345	1389
5	14	13	68	48	132
5	2	10	69	142	214
5	3	7	70	214	228
5	5	7	71	557	591
5	3	1	72	626	667
5	11	14	73	730	813
5	9	7	74	831	868
5	13	9	75	868	909
5	8	9	76	909	917
5	14	0	77	917	941
5	8	11	78	941	1021
5	14	5	79	1149	1244
6	4	10	80	0	9
6	9	4	81	9	33
6	7	3	82	183	192
6	9	4	83	269	358
6	14	0	84	371	389
6	0	6	85	456	531
6	10	0	86	533	621
6	9	2	87	621	673
6	9	2	88	673	697
6	11	10	89	697	730
6	5	0	90	730	815
6	9	14	91	815	831
6	6	1	92	831	851
6	5	8	93	1042	1083
6	2	8	94	1484	1538
7	14	13	95	0	48
7	8	11	96	84	170
7	2	5	97	216	307
7	2	5	98	307	337
7	4	5	99	347	415
7	14	10	100	490	545
7	13	10	101	545	557
7	4	5	102	638	680
7	4	14	103	680	727
7	13	8	104	767	782
7	5	13	105	903	934
7	1	6	106	1569	1590
8	1	2	107	0	36
8	14	0	108	389	488
8	7	12	109	521	552
8	14	12	110	552	583
8	9	2	111	697	788
8	7	9	112	805	829
8	14	12	113	829	888
8	2	10	114	1156	1225
8	13	9	115	1225	1308
8	9	4	116	1348	1439
8	8	1	117	1506	1543
9	6	8	118	0	15
9	12	8	119	15	28
9	14	10	120	220	241
9	9	4	121	442	531
9	8	5	122	531	549
9	0	3	123	616	643
9	12	6	124	643	720
9	2	10	125	730	797
9	1	4	126	797	838
9	3	7	127	1054	1142
9	5	3	128	1171	1215
9	6	0	129	1237	1249
9	13	9	130	1308	1391
10	12	3	131	28	46
10	7	14	132	46	96
10	4	4	133	103	153
10	1	6	134	153	171
10	0	13	135	176	208
10	1	2	136	258	337
10	7	3	137	389	437
10	6	1	138	771	824
10	2	13	139	977	1039
10	9	4	140	1102	1189
10	2	1	141	1236	1327
10	1	6	142	1384	1473
10	11	14	143	1501	1533
10	6	5	144	1533	1597
11	10	1	145	216	298
11	0	6	146	389	456
11	8	1	147	458	494
11	12	11	148	721	792
11	10	5	149	806	865
11	1	2	150	919	1001
11	0	3	151	1059	1079
11	4	10	152	1087	1120
11	7	12	153	1151	1242
11	2	13	154	1327	1367
11	0	9	155	1398	1456
12	7	12	156	116	183
12	11	3	157	195	283
12	7	6	158	298	389
12	1	13	159	511	598
12	0	9	160	719	743
12	9	7	161	868	953
12	3	9	162	955	1017
12	10	12	163	1033	1100
12	10	12	164	1137	1151
12	3	13	165	1195	1252
12	4	10	166	1252	1345
12	12	7	167	1348	1433
12	11	10	168	1445	1501
12	13	10	169	1501	1529
12	4	14	170	1533	1591
13	4	7	171	9	36
13	7	6	172	192	230
13	7	12	173	230	296
13	11	11	174	330	412
13	10	4	175	626	713
13	1	4	176	713	797
13	2	10	177	886	977
13	12	6	178	977	1030
13	11	9	179	1030	1120
13	4	10	180	1120	1134
13	5	0	181	1215	1237
13	14	6	182	1247	1332
13	7	12	183	1430	1523
14	5	5	184	88	131
14	9	8	185	195	269
14	13	8	186	269	279
14	0	3	187	298	383
14	4	5	188	415	441
14	4	5	189	549	638
14	8	11	190	679	721
14	9	4	191	955	1040
14	6	1	192	1059	1102
14	8	1	193	1122	1208
14	0	3	194	1215	1268
14	9	4	195	1439	1526
14	11	8	196	1538	1603
15	5	8	197	372	463
15	8	11	198	549	596
15	6	6	199	609	626
15	12	6	200	626	642
15	13	8	201	642	679
15	3	7	202	679	767
15	14	13	203	767	822
15	2	13	204	1039	1083
15	14	5	205	1083	1149
15	12	4	206	1245	1334
15	2	13	207	1367	1399
15	4	6	208	1474	1508
16	9	4	209	0	9
16	2	10	210	9	38
16	1	2	211	38	61
16	12	7	212	81	118
16	13	14	213	118	159
16	12	14	214	159	215
16	13	14	215	415	502
16	4	7	216	502	547
16	14	13	217	684	764
16	3	7	218	767	809
16	5	3	219	1083	1171
16	3	13	220	1252	1325
16	14	3	221	1368	1455
16	13	10	222	1529	1581
17	0	9	223	0	58
17	2	2	224	61	142
17	14	0	225	179	220
17	8	11	226	305	327
17	2	2	227	473	527
17	13	8	228	557	642
17	13	8	229	782	820
17	14	0	230	941	1033
17	8	11	231	1208	1263
17	3	11	232	1332	1404
17	2	13	233	1404	1484
17	1	13	234	1484	1569
17	8	9	235	1569	1602
18	5	5	236	131	216
18	11	8	237	283	330
18	5	8	238	330	372
18	2	7	239	398	473
18	11	14	240	502	587
18	1	12	241	598	692
18	0	6	242	884	975
18	2	10	243	1225	1236
18	9	7	244	1283	1348
18	4	2	245	1389	1474
19	1	6	246	61	153
19	0	2	247	216	257
19	4	10	248	276	347
19	8	2	249	420	458
19	6	5	250	458	524
19	2	3	251	527	558
19	8	11	252	596	679
19	0	9	253	702	719
19	2	10	254	797	886
19	13	3	255	909	989
19	5	8	256	989	1042
19	9	4	257	1042	1086
19	0	11	258	1086	1112
19	10	0	259	1348	1416
20	11	14	260	0	42
20	6	7	261	42	81
20	11	10	262	81	106
20	3	13	263	134	176
20	12	9	264	226	311
20	3	1	265	311	339
20	10	12	266	340	399
20	0	2	267	531	616
20	2	7	268	616	679
20	4	5	269	873	962
20	1	5	270	1005	1079
20	0	9	271	1137	1212
20	11	8	272	1252	1343
20	3	11	273	1404	1472
20	10	2	274	1474	1566
21	12	3	275	46	79
21	0	3	276	79	168
21	13	14	277	279	353
21	10	5	278	713	806
21	3	11	279	1021	1054
21	4	10	280	1057	1087
21	13	6	281	1159	1186
21	8	11	282	1263	1332
21	8	1	283	1332	1379
21	9	4	284	1526	1576
21	0	4	285	1576	1598
22	3	1	286	339	423
22	1	13	287	424	511
22	13	11	288	512	538
22	2	3	289	558	609
22	7	3	290	644	732
22	8	3	291	732	796
22	11	8	292	820	873
22	1	2	293	873	919
22	12	11	294	919	935
22	11	13	295	935	969
22	12	6	296	1030	1116
22	12	6	297	1116	1154
22	4	7	298	1154	1198
22	4	6	299	1198	1247
22	10	12	300	1247	1315
23	6	13	301	291	374
23	6	13	302	374	424
23	5	13	303	598	684
23	11	8	304	873	934
23	6	0	305	1122	1212
23	7	14	306	1242	1274
23	0	3	307	1274	1358
23	5	5	308	1369	1382
23	5	8	309	1382	1402
23	13	14	310	1402	1490
23	5	11	311	1510	1599
24	8	11	312	0	36
24	10	1	313	36	72
24	7	14	314	96	116
24	9	7	315	118	157
24	13	9	316	159	199
24	4	7	317	199	212
24	4	14	318	215	276
24	12	9	319	311	354
24	13	10	320	354	415
24	7	2	321	1001	1064
24	9	7	322	1198	1283
24	10	12	323	1315	1348
24	5	8	324	1402	1481
24	14	0	325	1494	1579
25	7	3	326	0	21
25	10	0	327	76	138
25	8	11	328	170	253
25	7	14	329	910	995
25	8	0	330	1033	1122
25	10	12	331	1122	1137
25	11	11	332	1137	1162
25	11	8	333	1162	1196
25	1	2	334	1302	1384
25	14	0	335	1455	1494
26	3	0	336	0	76
26	9	4	337	157	193
26	1	4	338	193	258
26	8	11	339	258	305
26	10	12	340	305	340
26	8	9	341	354	420
26	10	0	342	489	533
26	14	10	343	583	684
26	6	1	344	851	943
26	0	3	345	989	1014
26	14	10	346	1033	1057
26	1	2	347	1248	1302
26	8	1	348	1418	1506
26	2	1	349	1543	1594
27	10	12	350	0	9
27	13	6	351	9	54
27	5	5	352	54	88
27	5	0	353	220	263
27	14	0	354	263	316
27	11	10	355	415	490
27	6	1	356	675	724
27	4	2	357	788	873
27	4	7	358	962	1051
27	0	11	359	1112	1137
27	6	8	360	1343	1378
27	3	9	361	1472	1565
28	11	8	362	106	195
28	13	9	363	199	226
28	2	7	364	337	398
28	3	11	365	423	512
28	6	0	366	626	675
28	4	6	367	727	783
28	5	13	368	822	903
28	10	12	369	963	1033
28	6	1	370	1102	1119
28	12	14	371	1154	1242
28	11	10	372	1389	1445
28	12	7	373	1445	1543
29	9	8	374	33	89
29	1	6	375	171	192
29	0	6	376	257	298
29	7	3	377	437	521
29	3	4	378	531	626
29	7	12	379	732	805
29	8	3	380	823	892
29	12	11	381	892	908
29	13	8	382	1083	1159
29	10	4	383	1205	1245
29	5	6	384	1332	1369
29	8	1	385	1379	1418
29	0	3	386	1456	1551
29	12	3	387	1551	1608


Solution History:
