This is the output of Heuristic Solver for Dual resource constrained flexible job shop Scheduling Problem.
Input file is: wfjsp13_10.txt
Method: TSN1_100000000_0.672470_5
Seed: 3
Number of Jobs: 25
Number of Operations: 248
Number of Machines: 15
Number of Operators: 15
CPU Time: 40.3587
obj: 972
Best found lower bound:0
Solver gap (best found lower bound and upper bound difference): Not known


Final Solution:
Job	Machine	Operator	Operation	Start Time	Finish Time
0	0	4	0	0	72
0	3	8	1	279	355
0	3	6	2	448	515
0	14	6	3	534	616
0	13	0	4	625	687
0	8	12	5	690	722
0	13	10	6	722	753
0	13	10	7	753	815
0	7	13	8	816	896
0	2	5	9	928	953
1	4	10	10	0	32
1	4	10	11	32	62
1	12	4	12	72	154
1	13	12	13	167	245
1	7	6	14	646	716
1	8	11	15	759	843
1	3	6	16	844	925
1	2	13	17	953	965
2	1	5	18	0	8
2	3	11	19	8	52
2	9	6	20	52	127
2	1	14	21	192	275
2	9	13	22	416	461
2	4	2	23	470	539
2	1	11	24	539	580
2	11	3	25	669	689
2	7	3	26	750	797
2	14	3	27	800	818
2	14	14	28	840	923
2	3	6	29	925	955
3	12	8	30	0	70
3	2	2	31	104	185
3	14	6	32	185	253
3	8	11	33	292	326
3	3	0	34	359	412
3	13	12	35	412	484
3	12	3	36	534	549
3	10	13	37	622	644
3	4	12	38	646	665
3	14	3	39	690	738
3	0	0	40	738	772
4	14	6	41	253	345
4	0	10	42	359	425
4	7	7	43	450	539
4	6	2	44	543	559
4	11	5	45	720	733
4	3	6	46	777	844
4	12	4	47	871	917
4	8	4	48	917	931
5	6	13	49	78	164
5	6	2	50	252	334
5	10	7	51	389	415
5	3	7	52	605	671
5	3	7	53	671	679
5	9	7	54	679	764
5	11	5	55	765	841
5	9	7	56	841	859
5	9	7	57	859	922
5	12	7	58	922	958
5	12	7	59	958	966
6	14	14	60	85	171
6	5	13	61	226	267
6	0	0	62	270	359
6	1	3	63	367	434
6	1	11	64	666	754
6	12	7	65	764	840
6	11	0	66	841	891
6	13	12	67	891	934
6	0	12	68	934	950
7	9	7	69	0	23
7	5	14	70	23	42
7	0	12	71	73	95
7	10	8	72	95	145
7	11	1	73	145	201
7	2	5	74	204	224
7	7	3	75	276	344
7	2	0	76	568	619
7	10	13	77	644	683
7	9	11	78	922	956
8	8	9	79	0	81
8	7	3	80	86	123
8	1	11	81	136	167
8	1	13	82	167	192
8	3	2	83	192	204
8	9	12	84	249	330
8	14	6	85	345	381
8	3	6	86	412	448
8	14	3	87	471	534
8	3	8	88	534	605
8	9	8	89	764	780
9	6	13	90	0	78
9	9	8	91	185	249
9	3	8	92	249	279
9	5	13	93	304	322
9	9	13	94	330	416
9	14	0	95	416	468
9	9	13	96	468	541
9	13	1	97	544	625
9	8	4	98	625	688
9	2	9	99	712	798
9	2	2	100	808	895
9	4	8	101	895	972
10	4	10	102	62	148
10	6	9	103	164	252
10	10	7	104	256	301
10	4	10	105	310	338
10	13	12	106	500	544
10	5	14	107	550	622
10	0	0	108	772	787
10	6	9	109	798	882
11	7	12	110	0	11
11	5	7	111	42	113
11	7	3	112	123	194
11	2	5	113	224	273
11	2	14	114	303	390
11	0	10	115	546	616
11	4	2	116	665	747
11	13	8	117	815	887
11	10	0	118	891	959
12	13	1	119	0	87
12	5	13	120	194	226
12	5	13	121	267	304
12	8	12	122	330	408
12	10	3	123	444	471
12	5	11	124	471	537
12	2	0	125	550	568
12	12	7	126	568	591
12	2	9	127	673	712
12	1	0	128	794	825
12	12	3	129	840	871
13	8	9	130	81	115
13	9	6	131	127	185
13	2	5	132	185	204
13	11	11	133	204	292
13	2	14	134	292	303
13	13	9	135	303	380
13	1	1	136	434	449
13	8	9	137	455	522
13	11	3	138	584	669
13	14	12	139	669	690
13	0	4	140	787	855
13	7	3	141	896	971
14	10	0	142	0	62
14	0	0	143	95	188
14	10	7	144	194	256
14	11	5	145	425	494
14	0	4	146	494	508
14	8	9	147	522	609
14	12	8	148	609	677
14	6	1	149	687	779
14	5	14	150	781	826
14	1	14	151	826	839
14	2	13	152	896	928
15	5	7	153	113	194
15	4	10	154	220	288
15	6	1	155	339	430
15	1	1	156	449	537
15	10	13	157	541	622
15	6	1	158	649	687
15	10	13	159	703	732
15	10	13	160	732	803
15	1	5	161	841	927
16	11	3	162	0	26
16	1	3	163	26	86
16	11	5	164	339	425
16	4	11	165	425	470
16	6	10	166	470	543
16	4	4	167	546	621
16	8	12	168	722	759
16	14	12	169	759	800
17	14	6	170	0	46
17	11	5	171	46	134
17	7	3	172	194	276
17	4	2	173	338	404
17	10	8	174	415	444
17	12	8	175	444	533
17	0	10	176	616	663
17	3	4	177	688	777
17	1	1	178	779	794
17	5	10	179	826	899
18	8	9	180	115	129
18	12	4	181	154	221
18	4	10	182	288	310
18	8	9	183	408	455
18	11	5	184	494	561
18	6	2	185	561	649
18	12	8	186	677	763
18	6	9	187	882	968
19	2	2	188	35	104
19	3	5	189	135	180
19	8	11	190	180	200
19	8	1	191	201	291
19	5	11	192	326	375
19	5	11	193	375	425
19	10	0	194	471	538
19	11	5	195	733	765
19	10	1	196	803	889
20	7	12	197	11	73
20	10	8	198	145	178
20	10	7	199	301	389
20	6	10	200	430	465
20	13	12	201	484	500
20	9	7	202	541	564
20	7	12	203	614	646
20	2	9	204	646	673
20	7	6	205	716	750
20	9	8	206	780	815
20	11	1	207	891	940
21	3	11	208	52	135
21	3	2	209	204	235
21	11	1	210	292	339
21	7	4	211	344	432
21	0	4	212	432	493
21	11	3	213	561	584
21	9	11	214	584	654
21	10	13	215	683	703
21	5	14	216	703	781
21	14	3	217	818	840
21	8	11	218	843	913
22	9	7	219	23	42
22	8	9	220	129	159
22	0	0	221	188	270
22	1	5	222	275	339
22	12	3	223	344	367
22	7	7	224	432	450
22	0	4	225	508	546
22	7	12	226	546	614
22	5	14	227	622	700
22	4	12	228	808	876
23	14	14	229	46	85
23	1	1	230	87	136
23	13	9	231	252	301
23	2	14	232	390	467
23	2	14	233	467	550
23	1	5	234	580	666
23	0	10	235	666	714
23	4	2	236	747	808
23	7	13	237	808	816
23	9	0	238	825	838
23	5	10	239	899	953
24	2	2	240	0	35
24	11	5	241	35	43
24	13	12	242	95	167
24	4	10	243	167	220
24	12	4	244	221	311
24	14	6	245	616	624
24	14	9	246	624	634
24	11	5	247	689	720


Solution History:
