This is the output of Heuristic Solver for Dual resource constrained flexible job shop Scheduling Problem.
Input file is: wfjsp6_3.txt
Method: TSN1_100000000_0.088458_5
Seed: 4
Number of Jobs: 12
Number of Operations: 65
Number of Machines: 5
Number of Operators: 5
CPU Time: 5.30834
obj: 747
Best found lower bound:0
Solver gap (best found lower bound and upper bound difference): Not known


Final Solution:
Job	Machine	Operator	Operation	Start Time	Finish Time
0	4	3	0	56	130
0	0	1	1	323	339
0	0	1	2	416	434
0	3	0	3	494	572
0	1	4	4	592	678
0	2	2	5	678	747
1	1	4	6	11	88
1	3	1	7	88	124
1	1	4	8	151	247
1	4	3	9	249	265
1	3	0	10	344	407
1	1	4	11	419	518
1	1	4	12	574	592
1	4	3	13	634	740
2	0	0	14	0	92
2	3	1	15	177	205
2	3	0	16	407	466
2	3	0	17	612	631
3	4	3	18	265	337
3	2	2	19	468	480
4	3	1	20	0	27
4	3	1	21	124	177
4	3	0	22	252	344
4	0	1	23	344	416
4	3	0	24	466	494
4	4	3	25	557	634
4	0	0	26	640	736
5	2	2	27	0	11
5	4	3	28	21	56
5	2	2	29	102	204
5	3	1	30	205	244
5	2	2	31	297	328
5	4	3	32	337	402
5	2	2	33	402	468
5	0	1	34	468	534
5	0	1	35	534	640
5	3	1	36	640	741
6	2	2	37	204	221
6	0	1	38	291	323
6	2	2	39	328	402
6	0	1	40	434	451
6	3	0	41	572	596
6	1	4	42	678	739
7	3	1	43	52	88
7	1	4	44	88	151
7	1	4	45	247	345
7	1	4	46	345	419
7	4	3	47	479	557
7	1	4	48	557	574
7	3	0	49	596	612
8	2	2	50	11	72
8	4	3	51	183	249
8	1	4	52	518	556
9	4	3	53	0	21
9	4	3	54	130	183
10	3	1	55	27	52
10	2	2	56	72	102
10	2	2	57	221	297
10	4	3	58	402	479
10	2	2	59	480	576
10	2	2	60	576	678
11	1	4	61	0	11
11	0	0	62	92	156
11	0	0	63	156	252
11	0	1	64	252	291


Solution History:
