This is the output of Heuristic Solver for Dual resource constrained flexible job shop Scheduling Problem.
Input file is: wfjsp15_5.txt
Method: TSN1_100000000_0.941247_5
Seed: 1
Number of Jobs: 30
Number of Operations: 360
Number of Machines: 15
Number of Operators: 15
CPU Time: 56.4976
obj: 1254
Best found lower bound:0
Solver gap (best found lower bound and upper bound difference): Not known


Final Solution:
Job	Machine	Operator	Operation	Start Time	Finish Time
0	13	4	0	40	55
0	10	3	1	161	203
0	2	10	2	217	296
0	12	11	3	386	446
0	11	6	4	510	576
0	1	3	5	576	611
0	2	6	6	619	690
0	7	5	7	706	747
0	14	1	8	774	825
0	6	1	9	825	861
0	9	13	10	902	938
0	6	3	11	969	1039
1	11	14	12	43	64
1	7	7	13	96	109
1	1	0	14	109	177
1	1	0	15	177	241
1	8	13	16	241	251
1	10	3	17	311	357
1	10	3	18	357	422
1	8	11	19	1086	1132
1	10	11	20	1132	1166
1	10	11	21	1206	1248
2	12	0	22	0	28
2	12	0	23	28	62
2	13	5	24	74	170
2	2	2	25	170	215
2	12	11	26	219	264
2	6	8	27	291	312
2	12	11	28	378	386
2	5	3	29	427	475
2	0	2	30	1025	1119
2	1	0	31	1156	1219
3	6	8	32	109	181
3	5	7	33	325	427
3	1	8	34	474	561
3	8	0	35	589	626
3	12	1	36	742	757
3	2	10	37	757	813
3	9	13	38	824	902
3	14	6	39	909	980
3	3	7	40	1038	1104
3	8	9	41	1164	1195
4	10	3	42	63	133
4	7	9	43	162	198
4	11	14	44	198	216
4	13	14	45	231	303
4	3	9	46	440	539
4	6	2	47	539	622
4	0	2	48	622	664
4	4	5	49	814	895
4	7	14	50	1103	1181
4	8	5	51	1205	1214
5	3	7	52	0	34
5	0	2	53	54	143
5	13	4	54	421	453
5	9	7	55	649	742
5	13	2	56	757	775
5	13	2	57	775	816
5	2	10	58	816	897
5	2	10	59	897	913
5	5	11	60	964	990
5	9	4	61	1081	1147
6	1	12	62	21	38
6	7	9	63	50	96
6	7	9	64	130	162
6	3	12	65	192	280
6	2	10	66	322	403
6	14	12	67	503	548
6	2	1	68	578	619
6	12	1	69	757	772
6	8	11	70	794	873
6	13	4	71	900	986
6	3	7	72	1104	1149
7	10	3	73	203	244
7	4	5	74	311	324
7	13	2	75	668	757
7	9	0	76	757	787
7	6	1	77	861	904
7	8	9	78	937	1006
7	5	12	79	1007	1084
7	10	12	80	1084	1115
7	13	2	81	1119	1191
7	6	9	82	1195	1244
8	9	4	83	0	9
8	7	9	84	25	50
8	13	5	85	56	65
8	12	5	86	65	74
8	4	5	87	189	272
8	8	11	88	500	581
8	11	10	89	616	664
8	3	14	90	712	741
8	14	6	91	825	909
8	0	13	92	957	1008
8	13	0	93	1012	1020
8	13	0	94	1020	1061
8	14	13	95	1076	1156
8	3	6	96	1156	1195
8	7	7	97	1206	1254
9	1	1	98	0	21
9	3	7	99	34	75
9	2	13	100	84	147
9	8	13	101	155	167
9	8	13	102	251	315
9	4	9	103	328	395
9	13	4	104	598	668
9	10	4	105	668	714
9	10	4	106	714	797
9	0	12	107	817	903
9	6	1	108	904	936
9	8	11	109	1006	1086
9	10	11	110	1166	1206
9	12	2	111	1206	1238
10	4	5	112	272	311
10	11	12	113	395	404
10	0	2	114	441	535
10	2	1	115	549	578
10	6	12	116	622	646
10	1	3	117	653	668
10	14	11	118	676	742
10	14	6	119	742	774
10	9	6	120	788	824
10	5	3	121	910	940
10	14	6	122	980	1000
10	11	6	123	1082	1153
10	3	8	124	1195	1209
11	6	1	125	21	55
11	7	7	126	109	130
11	10	3	127	244	311
11	9	4	128	338	421
11	4	0	129	421	429
11	13	4	130	453	473
11	8	4	131	473	500
11	9	14	132	549	606
11	14	13	133	612	622
11	3	14	134	649	712
11	4	6	135	725	738
11	12	6	136	774	788
11	7	7	137	794	838
11	4	5	138	895	934
11	12	8	139	1019	1098
12	10	3	140	0	18
12	8	5	141	48	56
12	13	5	142	170	189
12	0	2	143	217	306
12	14	6	144	349	413
12	9	14	145	428	489
12	6	1	146	489	507
12	14	13	147	622	651
12	5	1	148	668	736
12	1	8	149	834	917
12	9	6	150	1007	1080
12	13	0	151	1080	1108
12	3	8	152	1209	1240
13	5	8	153	40	109
13	9	4	154	109	139
13	5	1	155	139	207
13	7	0	156	282	330
13	2	10	157	403	481
13	10	12	158	481	497
13	12	0	159	497	511
13	0	5	160	535	620
13	7	5	161	634	706
13	5	14	162	741	802
13	12	0	163	860	923
13	6	3	164	940	969
13	13	2	165	997	1012
13	10	5	166	1012	1058
13	9	4	167	1147	1229
14	11	14	168	26	43
14	8	0	169	62	80
14	3	12	170	155	192
14	9	14	171	489	549
14	10	11	172	581	657
14	0	13	173	664	723
14	4	5	174	747	814
14	8	11	175	873	937
14	12	1	176	937	1019
14	14	13	177	1019	1076
14	5	14	178	1084	1103
14	12	1	179	1103	1123
14	0	13	180	1170	1233
15	0	2	181	0	36
15	0	2	182	36	54
15	7	9	183	198	235
15	7	0	184	241	282
15	7	9	185	554	634
15	6	12	186	646	721
15	1	3	187	767	834
15	0	12	188	903	957
15	9	12	189	957	1007
15	1	1	190	1019	1090
15	8	9	191	1132	1164
15	4	6	192	1195	1247
16	13	5	193	0	23
16	14	6	194	26	42
16	2	10	195	42	79
16	9	0	196	84	95
16	4	6	197	144	188
16	5	1	198	254	297
16	7	5	199	330	395
16	4	0	200	429	497
16	1	3	201	611	631
16	11	10	202	664	738
16	10	4	203	797	845
16	13	4	204	855	900
16	5	8	205	1103	1190
17	11	13	206	315	395
17	6	9	207	395	440
17	12	11	208	446	491
17	2	10	209	491	508
17	2	1	210	508	549
17	13	4	211	589	598
17	9	14	212	606	649
17	1	3	213	668	681
17	8	8	214	748	783
17	7	9	215	838	927
17	13	4	216	986	997
17	6	3	217	1108	1149
18	11	6	218	0	26
18	14	6	219	42	60
18	12	11	220	136	219
18	13	14	221	220	231
18	0	2	222	306	334
18	3	12	223	355	368
18	12	11	224	368	378
18	13	0	225	406	421
18	7	11	226	747	794
18	2	10	227	1170	1250
19	12	11	228	74	136
19	10	3	229	136	161
19	0	10	230	161	177
19	6	8	231	181	199
19	5	1	232	207	225
19	5	1	233	225	254
19	9	4	234	269	338
19	1	12	235	411	474
19	5	3	236	475	545
19	3	7	237	565	646
19	14	11	238	657	676
19	0	9	239	723	748
19	3	7	240	748	791
19	11	14	241	865	927
19	14	7	242	1156	1206
20	3	12	243	75	155
20	8	13	244	167	214
20	8	13	245	214	233
20	1	9	246	241	267
20	12	11	247	267	285
20	3	12	248	285	355
20	8	0	249	355	370
20	13	0	250	370	406
20	7	7	251	456	554
20	3	7	252	554	565
20	11	10	253	738	746
21	13	4	254	23	40
21	4	11	255	40	67
21	11	14	256	127	181
21	0	10	257	181	217
21	5	1	258	297	325
21	13	0	259	546	589
21	12	8	260	664	742
21	12	0	261	788	843
21	3	7	262	843	927
21	4	5	263	1110	1189
22	2	10	264	0	37
22	9	4	265	139	230
22	2	10	266	296	322
22	1	1	267	325	411
22	11	13	268	411	510
22	1	3	269	631	653
22	4	9	270	653	722
22	5	14	271	802	862
22	11	0	272	927	994
22	11	10	273	999	1082
23	8	8	274	0	19
23	5	8	275	19	40
23	14	7	276	130	213
23	11	6	277	220	267
23	12	11	278	285	368
23	8	8	279	380	451
23	12	0	280	511	546
23	11	6	281	576	616
23	5	1	282	621	668
23	11	13	283	746	823
23	10	2	284	893	987
23	6	3	285	1039	1108
23	0	12	286	1130	1170
23	13	14	287	1191	1253
24	4	9	288	0	17
24	10	3	289	46	63
24	14	1	290	63	127
24	0	2	291	334	402
24	6	1	292	440	481
24	6	12	293	721	802
24	12	0	294	843	860
24	5	11	295	940	964
24	2	4	296	999	1081
24	1	1	297	1090	1099
24	7	5	298	1189	1205
25	5	11	299	0	18
25	6	4	300	55	107
25	11	7	301	267	313
25	6	8	302	313	380
25	10	5	303	422	469
25	2	6	304	690	725
25	1	8	305	917	1009
25	0	9	306	1009	1025
25	0	9	307	1119	1130
25	12	1	308	1130	1195
25	5	1	309	1195	1238
26	7	14	310	0	25
26	8	5	311	25	48
26	11	14	312	64	127
26	14	7	313	213	262
26	1	9	314	267	310
26	3	14	315	368	428
26	7	7	316	428	456
26	13	5	317	473	518
26	5	12	318	548	621
26	8	0	319	626	667
26	1	3	320	681	767
26	7	7	321	927	1005
26	3	7	322	1008	1038
26	2	10	323	1082	1170
27	9	13	324	9	84
27	8	10	325	84	155
27	6	8	326	199	222
27	6	8	327	222	291
27	8	9	328	315	328
27	14	6	329	413	503
27	4	10	330	508	588
27	8	0	331	667	748
27	13	2	332	816	855
27	10	2	333	855	893
27	3	14	334	927	1008
27	4	9	335	1025	1110
28	10	3	336	18	46
28	4	6	337	67	101
28	4	6	338	112	144
28	13	6	339	189	220
28	9	4	340	230	269
28	14	6	341	269	349
28	10	4	342	500	569
28	14	13	343	569	612
28	4	5	344	934	964
28	4	5	345	964	975
29	6	12	346	0	20
29	1	12	347	38	75
29	4	6	348	101	112
29	13	14	349	303	364
29	0	2	350	402	441
29	12	8	351	561	664
29	0	9	352	748	817
29	11	3	353	834	865
29	5	3	354	865	910
29	2	10	355	913	999
29	7	14	356	1008	1069
29	7	5	357	1069	1095
29	1	0	358	1108	1156
29	11	3	359	1156	1240


Solution History:
