This is the output of Heuristic Solver for Dual resource constrained flexible job shop Scheduling Problem.
Input file is: wfjsp17_6.txt
Method: TSN1_100000000_0.402085_5
Seed: 5
Number of Jobs: 15
Number of Operations: 134
Number of Machines: 5
Number of Operators: 4
CPU Time: 24.1287
obj: 1743
Best found lower bound:0
Solver gap (best found lower bound and upper bound difference): Not known


Final Solution:
Job	Machine	Operator	Operation	Start Time	Finish Time
0	4	0	0	218	280
0	2	3	1	282	322
0	3	2	2	804	870
0	2	0	3	897	940
0	1	2	4	982	1070
0	2	0	5	1355	1444
0	3	2	6	1510	1538
0	3	1	7	1621	1647
0	3	2	8	1647	1732
1	0	3	9	0	13
1	0	2	10	52	141
1	1	3	11	157	231
1	4	0	12	293	326
1	2	0	13	582	618
1	0	3	14	736	795
1	2	0	15	940	1025
1	0	3	16	1263	1339
2	2	1	17	0	84
2	2	3	18	130	157
2	4	0	19	167	218
2	1	0	20	618	679
2	3	2	21	763	804
2	4	1	22	961	1049
2	4	3	23	1339	1410
2	0	1	24	1680	1737
3	0	3	25	13	51
3	1	3	26	51	83
3	4	1	27	280	289
3	3	2	28	303	367
3	4	1	29	759	843
3	3	1	30	1275	1320
3	4	1	31	1320	1336
3	2	0	32	1444	1532
3	3	2	33	1538	1610
3	1	0	34	1690	1729
4	3	2	35	226	303
4	0	2	36	459	499
4	4	1	37	852	876
4	4	1	38	876	961
4	1	2	39	1115	1156
4	4	0	40	1253	1303
4	1	2	41	1391	1436
4	1	3	42	1461	1527
5	0	1	43	289	375
5	2	1	44	375	463
5	3	1	45	494	542
5	2	1	46	630	714
5	3	2	47	732	763
5	1	2	48	1070	1115
5	4	0	49	1136	1149
5	1	2	50	1197	1286
5	0	1	51	1647	1680
5	3	2	52	1732	1743
6	4	0	53	66	113
6	2	1	54	172	259
6	1	0	55	282	293
6	2	0	56	463	543
6	3	2	57	630	694
6	1	0	58	788	851
6	3	1	59	1049	1096
6	0	3	60	1172	1263
6	4	1	61	1425	1439
6	4	0	62	1566	1654
7	3	2	63	0	52
7	1	3	64	83	104
7	2	3	65	104	130
7	0	2	66	141	226
7	1	3	67	231	271
7	1	3	68	356	447
7	4	0	69	679	745
7	4	1	70	745	759
7	0	2	71	947	982
7	1	2	72	1156	1197
8	3	1	73	84	172
8	0	2	74	588	629
8	0	3	75	692	736
8	1	0	76	779	788
8	1	0	77	851	875
8	1	3	78	875	969
8	2	1	79	1532	1621
8	4	0	80	1654	1665
8	4	0	81	1665	1690
9	1	3	82	271	282
9	4	3	83	447	536
9	0	3	84	674	692
9	0	3	85	982	1067
9	0	3	86	1084	1172
9	2	0	87	1303	1355
9	1	2	88	1368	1391
9	4	0	89	1532	1566
10	0	2	90	375	459
10	3	1	91	476	494
10	4	3	92	536	552
10	3	2	93	694	732
10	3	1	94	1096	1145
10	2	1	95	1145	1188
10	3	1	96	1188	1275
10	3	1	97	1336	1425
10	4	1	98	1439	1466
11	4	0	99	0	66
11	4	0	100	113	167
11	3	1	101	463	476
11	2	1	102	543	582
11	3	1	103	582	630
11	0	3	104	643	658
11	2	0	105	745	779
11	2	0	106	875	897
11	1	2	107	1610	1646
12	4	0	108	326	416
12	3	0	109	543	581
12	0	3	110	840	869
12	2	0	111	1025	1110
12	4	0	112	1110	1136
12	4	0	113	1149	1201
12	3	2	114	1436	1510
12	0	3	115	1531	1625
12	2	3	116	1625	1709
12	4	3	117	1709	1740
13	0	1	118	259	275
13	2	3	119	322	334
13	1	3	120	334	356
13	1	2	121	499	588
13	0	3	122	658	674
13	2	1	123	714	740
13	1	2	124	1286	1368
13	0	1	125	1466	1531
14	3	0	126	416	460
14	4	3	127	552	643
14	2	3	128	795	840
14	2	1	129	843	852
14	3	2	130	870	947
14	0	3	131	1067	1084
14	4	0	132	1201	1253
14	0	3	133	1410	1461


Solution History:
