This is the output of Heuristic Solver for Dual resource constrained flexible job shop Scheduling Problem.
Input file is: wfjsp10_8.txt
Method: TSN1_100000000_0.219432_5
Seed: 1
Number of Jobs: 20
Number of Operations: 151
Number of Machines: 10
Number of Operators: 10
CPU Time: 13.1695
obj: 874
Best found lower bound:0
Solver gap (best found lower bound and upper bound difference): Not known


Final Solution:
Job	Machine	Operator	Operation	Start Time	Finish Time
0	6	0	0	0	27
0	5	0	1	245	307
0	0	5	2	516	545
0	9	0	3	622	682
0	6	3	4	733	810
1	2	3	5	0	54
1	6	7	6	79	144
1	9	8	7	144	154
1	1	3	8	194	248
1	5	4	9	395	455
1	9	0	10	536	567
1	4	8	11	646	740
1	6	7	12	845	853
2	4	9	13	0	84
2	8	6	14	95	113
2	1	6	15	254	308
2	3	3	16	308	380
2	6	3	17	380	408
2	9	0	18	408	463
2	3	3	19	568	615
3	9	8	20	0	42
3	1	3	21	54	97
3	7	9	22	97	154
3	4	9	23	154	215
3	4	9	24	215	283
3	3	9	25	380	463
3	2	2	26	484	553
3	7	7	27	602	673
3	8	6	28	673	740
3	8	6	29	740	811
4	0	4	30	49	122
4	3	6	31	154	220
4	1	6	32	363	417
4	6	1	33	426	470
4	2	2	34	553	643
4	0	0	35	705	794
4	4	4	36	794	820
5	5	1	37	75	100
5	1	3	38	127	194
5	0	5	39	249	259
5	6	1	40	287	353
5	8	4	41	358	390
5	4	6	42	591	602
5	4	8	43	602	646
5	1	9	44	784	823
6	0	4	45	0	49
6	8	4	46	269	358
6	4	8	47	365	403
6	5	4	48	516	572
6	7	4	49	673	726
6	5	0	50	796	871
7	6	7	51	67	79
7	4	8	52	84	100
7	7	7	53	288	329
7	5	4	54	455	516
7	5	4	55	572	587
7	6	3	56	659	733
8	9	0	57	42	99
8	7	7	58	154	223
8	9	8	59	223	260
8	2	2	60	267	351
8	9	0	61	567	622
8	5	6	62	630	657
8	4	8	63	740	757
8	9	8	64	780	822
9	6	1	65	219	287
9	7	7	66	329	344
9	6	1	67	408	426
9	8	6	68	426	473
9	4	6	69	495	543
9	2	2	70	643	698
9	9	9	71	698	716
9	3	5	72	716	793
9	7	7	73	793	838
10	1	7	74	0	30
10	1	3	75	97	127
10	0	5	76	394	421
10	2	2	77	421	484
10	6	1	78	563	608
10	0	0	79	682	705
10	1	7	80	713	784
11	8	6	81	0	27
11	3	1	82	100	154
11	5	0	83	326	395
11	0	5	84	421	516
11	7	9	85	516	598
11	6	3	86	618	659
11	2	2	87	698	768
11	3	5	88	793	845
12	5	1	89	0	75
12	5	0	90	190	245
12	9	8	91	260	353
12	9	0	92	463	536
12	0	5	93	545	611
12	5	6	94	611	630
12	3	1	95	630	692
12	7	4	96	726	780
13	5	0	97	100	190
13	1	6	98	308	363
13	4	8	99	403	467
13	1	7	100	528	602
13	1	9	101	602	684
13	5	1	102	692	796
13	0	1	103	796	863
14	3	5	104	0	96
14	8	6	105	113	142
14	0	5	106	173	189
14	0	5	107	259	329
14	7	7	108	440	470
14	4	6	109	473	495
14	8	8	110	495	555
14	0	5	111	611	681
15	6	7	112	30	67
15	8	4	113	142	204
15	2	2	114	207	267
15	7	7	115	344	440
15	4	6	116	543	591
15	8	4	117	591	669
15	3	5	118	692	705
15	9	9	119	716	780
15	6	7	120	853	868
16	2	2	121	71	140
16	6	1	122	154	219
16	3	6	123	220	254
16	4	9	124	283	365
16	1	7	125	484	528
16	8	6	126	811	874
17	7	2	127	0	48
17	8	6	128	74	95
17	9	8	129	100	129
17	9	8	130	154	217
17	7	7	131	223	288
17	0	5	132	329	394
17	1	3	133	417	484
17	3	3	134	500	568
17	1	7	135	684	713
17	4	4	136	820	872
18	2	2	137	54	71
18	4	5	138	100	144
18	0	5	139	144	173
18	0	5	140	189	249
18	5	0	141	307	326
18	3	9	142	463	500
18	6	1	143	500	563
18	6	3	144	810	845
19	8	6	145	27	74
19	2	2	146	140	207
19	8	4	147	207	269
19	2	2	148	351	417
19	6	1	149	608	618
19	2	2	150	768	855


Solution History:
