This is the output of Heuristic Solver for Dual resource constrained flexible job shop Scheduling Problem.
Input file is: wfjsp7_7.txt
Method: TSN1_100000000_0.306065_5
Seed: 5
Number of Jobs: 12
Number of Operations: 94
Number of Machines: 5
Number of Operators: 5
CPU Time: 18.3655
obj: 963
Best found lower bound:0
Solver gap (best found lower bound and upper bound difference): Not known


Final Solution:
Job	Machine	Operator	Operation	Start Time	Finish Time
0	0	0	0	222	307
0	3	4	1	307	318
0	1	3	2	441	482
0	1	0	3	506	603
0	1	0	4	657	680
0	2	2	5	696	738
0	2	2	6	798	832
0	0	0	7	858	895
1	4	1	8	0	9
1	1	1	9	9	44
1	0	3	10	112	192
1	4	1	11	283	347
1	2	2	12	406	487
1	2	2	13	548	607
1	3	4	14	634	671
1	2	2	15	679	696
1	1	3	16	737	823
1	3	4	17	860	940
2	1	1	18	44	101
2	3	4	19	144	217
2	2	2	20	316	389
2	4	1	21	418	447
2	1	0	22	492	506
2	3	4	23	512	590
2	3	4	24	590	602
2	1	0	25	603	657
2	3	4	26	671	682
2	2	2	27	862	943
3	0	3	28	0	55
3	4	0	29	74	102
3	3	4	30	318	401
3	0	3	31	651	729
3	4	1	32	891	963
4	2	2	33	0	11
4	2	2	34	38	106
4	1	0	35	106	190
4	1	0	36	190	216
4	0	0	37	364	387
4	0	0	38	387	424
4	4	1	39	447	518
4	0	3	40	570	651
4	4	1	41	700	773
4	3	4	42	774	860
5	3	4	43	77	118
5	2	2	44	138	167
5	4	1	45	377	418
5	3	4	46	427	512
5	4	1	47	575	642
5	2	2	48	738	798
6	0	3	49	55	112
6	3	4	50	118	144
6	2	2	51	167	199
6	4	1	52	211	283
6	4	1	53	347	377
6	3	4	54	401	414
6	4	1	55	642	700
6	3	4	56	700	774
6	0	0	57	800	839
7	4	0	58	9	50
7	4	0	59	50	74
7	4	1	60	182	211
7	3	4	61	269	306
7	1	3	62	383	441
7	0	0	63	737	800
7	1	3	64	823	903
7	0	0	65	903	960
8	3	4	66	0	77
8	4	1	67	102	182
8	2	2	68	199	259
8	0	0	69	307	364
8	2	2	70	389	406
8	4	1	71	518	575
8	1	0	72	680	737
8	4	1	73	809	891
9	3	4	74	217	269
9	2	2	75	487	512
9	2	2	76	512	548
9	2	2	77	607	679
9	4	1	78	773	809
10	2	2	79	106	138
10	1	3	80	222	307
10	3	4	81	414	427
10	0	0	82	839	858
10	1	3	83	903	956
11	2	2	84	11	38
11	0	3	85	192	222
11	2	2	86	259	316
11	1	3	87	316	383
11	0	0	88	424	483
11	1	0	89	483	492
11	0	3	90	492	570
11	3	4	91	602	634
11	2	2	92	832	862
11	3	4	93	940	956


Solution History:
