This is the output of Heuristic Solver for Dual resource constrained flexible job shop Scheduling Problem.
Input file is: wfjsp21_5.txt
Method: TSN1_100000000_0.498418_5
Seed: 2
Number of Jobs: 25
Number of Operations: 244
Number of Machines: 15
Number of Operators: 12
CPU Time: 29.9185
obj: 1007
Best found lower bound:0
Solver gap (best found lower bound and upper bound difference): Not known


Final Solution:
Job	Machine	Operator	Operation	Start Time	Finish Time
0	12	1	0	79	93
0	13	11	1	136	180
0	9	10	2	193	272
0	0	2	3	277	345
0	5	0	4	470	538
0	11	9	5	541	583
0	10	4	6	731	797
0	6	0	7	947	986
1	9	5	8	102	147
1	14	2	9	175	216
1	8	9	10	300	338
1	9	3	11	366	436
1	11	4	12	463	484
1	6	4	13	484	497
1	14	8	14	505	586
1	8	9	15	586	655
1	9	3	16	663	674
1	2	7	17	857	908
2	10	8	18	15	91
2	10	8	19	91	133
2	7	6	20	139	170
2	13	1	21	198	241
2	10	11	22	242	271
2	11	8	23	427	462
2	0	3	24	516	617
2	0	10	25	812	858
2	4	2	26	871	910
2	8	2	27	917	938
3	11	0	28	0	8
3	5	0	29	8	51
3	7	1	30	326	414
3	10	5	31	436	486
3	4	11	32	513	577
3	2	1	33	588	671
3	2	7	34	765	845
3	5	10	35	858	897
3	5	0	36	897	911
4	7	0	37	61	105
4	11	8	38	204	285
4	4	11	39	286	349
4	0	11	40	349	407
4	2	2	41	529	558
4	12	2	42	558	628
4	10	4	43	692	731
4	3	8	44	740	758
4	3	0	45	807	877
5	8	9	46	0	77
5	7	6	47	170	262
5	6	5	48	296	341
5	10	8	49	586	662
5	13	3	50	674	743
5	8	6	51	743	755
5	3	11	52	765	800
5	9	5	53	800	885
5	9	6	54	962	994
6	0	6	55	47	139
6	4	1	56	161	179
6	13	10	57	366	403
6	14	1	58	414	505
6	13	3	59	626	638
6	5	3	60	638	663
6	3	7	61	673	740
6	1	1	62	751	767
6	0	0	63	769	807
6	4	2	64	840	871
6	0	6	65	871	962
7	4	10	66	0	81
7	1	10	67	154	193
7	4	2	68	216	259
7	2	2	69	259	275
7	12	9	70	409	497
7	14	7	71	586	672
7	2	11	72	718	765
7	1	6	73	767	803
7	4	11	74	803	817
7	8	3	75	827	917
7	6	0	76	917	947
7	8	2	77	947	992
8	2	4	78	118	187
8	1	5	79	193	292
8	10	8	80	318	344
8	13	10	81	548	616
8	3	4	82	624	673
8	10	4	83	683	692
8	8	6	84	709	734
8	5	7	85	740	750
8	0	7	86	750	762
8	6	8	87	781	864
8	14	8	88	913	999
9	2	2	89	61	107
9	14	2	90	128	159
9	13	7	91	412	506
9	3	6	92	506	551
9	6	4	93	616	624
9	8	9	94	655	699
9	10	4	95	875	955
9	3	4	96	955	996
10	0	5	97	0	47
10	11	2	98	107	128
10	12	9	99	153	195
10	12	7	100	230	299
10	10	8	101	302	318
10	4	0	102	359	429
10	10	5	103	486	557
10	5	1	104	671	739
10	13	11	105	817	869
10	2	7	106	908	998
11	2	10	107	275	361
11	11	2	108	389	420
11	2	2	109	431	529
11	4	11	110	577	618
11	4	0	111	619	651
11	13	3	112	752	787
11	13	3	113	787	795
11	10	4	114	797	875
11	14	8	115	875	913
11	5	3	116	917	940
12	11	7	117	8	23
12	9	11	118	46	102
12	3	11	119	102	136
12	9	5	120	147	191
12	8	6	121	262	291
12	7	4	122	296	316
12	4	8	123	662	740
12	5	8	124	758	775
13	13	4	125	85	118
13	14	9	126	216	237
13	8	9	127	338	406
13	6	1	128	505	588
13	0	3	129	617	626
13	2	9	130	699	718
13	7	9	131	718	752
13	4	11	132	910	969
14	2	0	133	51	61
14	11	8	134	133	204
14	7	11	135	271	286
14	6	4	136	286	296
14	13	3	137	322	366
14	9	8	138	462	505
14	0	2	139	628	715
14	13	3	140	795	813
14	10	11	141	969	977
14	10	11	142	977	995
15	12	1	143	0	79
15	5	7	144	90	159
15	13	3	145	255	322
15	9	5	146	342	361
15	12	5	147	384	409
15	1	10	148	470	546
15	9	5	149	557	655
15	6	5	150	655	733
15	11	2	151	782	807
15	14	2	152	807	840
15	9	5	153	885	958
16	5	5	154	51	84
16	4	1	155	93	161
16	3	4	156	234	280
16	6	8	157	344	427
16	0	6	158	436	451
16	6	4	159	451	463
16	5	0	160	538	619
16	11	10	161	619	696
16	8	9	162	755	825
16	11	9	163	825	889
16	13	10	164	897	934
17	10	2	165	0	15
17	14	2	166	15	61
17	1	10	167	81	154
17	14	2	168	159	175
17	13	1	169	180	198
17	3	0	170	198	234
17	5	11	171	407	469
17	1	6	172	551	639
17	11	2	173	715	782
17	7	1	174	851	915
17	1	10	175	934	998
18	13	3	176	0	82
18	6	9	177	82	150
18	3	7	178	159	180
18	12	9	179	195	216
18	14	9	180	237	300
18	2	7	181	368	412
18	10	6	182	419	436
18	4	3	183	436	475
18	8	9	184	497	541
18	9	10	185	696	771
18	7	1	186	771	851
18	5	3	187	940	1007
19	7	6	188	0	47
19	12	0	189	105	153
19	8	3	190	186	255
19	3	6	191	291	323
19	1	6	192	323	377
19	3	4	193	419	444
19	11	4	194	497	515
19	5	10	195	775	812
19	2	7	196	845	857
20	2	11	197	0	46
20	10	0	198	153	196
20	12	7	199	299	368
20	8	10	200	406	468
20	11	4	201	515	533
20	7	4	202	533	616
20	12	0	203	651	701
20	6	5	204	733	781
20	7	1	205	915	1006
21	3	4	206	0	85
21	2	7	207	187	230
21	0	0	208	234	277
21	10	8	209	285	302
21	10	6	210	377	419
21	9	6	211	451	460
21	3	6	212	460	499
21	7	11	213	499	513
21	13	7	214	513	548
21	7	11	215	618	700
21	4	1	216	740	751
21	1	11	217	869	910
22	0	3	218	158	186
22	10	4	219	196	214
22	3	4	220	323	419
22	1	2	221	420	431
22	2	7	222	558	584
22	10	4	223	673	683
22	13	3	224	743	752
22	5	3	225	813	827
22	0	5	226	962	1007
23	8	3	227	82	158
23	9	0	228	277	342
23	10	2	229	345	375
23	11	2	230	375	389
23	0	5	231	409	427
23	0	11	232	469	486
23	0	3	233	486	516
23	1	6	234	639	709
24	11	7	235	23	90
24	5	11	236	180	242
24	5	1	237	242	326
24	5	0	238	342	359
24	5	5	239	361	384
24	1	0	240	431	470
24	12	0	241	701	769
24	1	6	242	803	868
24	11	9	243	889	989


Solution History:
