This is the output of Heuristic Solver for Dual resource constrained flexible job shop Scheduling Problem.
Input file is: wfjsp9_8.txt
Method: TSN1_100000000_0.211520_5
Seed: 3
Number of Jobs: 15
Number of Operations: 133
Number of Machines: 5
Number of Operators: 5
CPU Time: 12.6946
obj: 1419
Best found lower bound:0
Solver gap (best found lower bound and upper bound difference): Not known


Final Solution:
Job	Machine	Operator	Operation	Start Time	Finish Time
0	1	0	0	228	252
0	4	4	1	296	359
0	4	4	2	598	631
0	1	0	3	650	704
0	2	3	4	708	778
0	4	4	5	933	996
0	1	0	6	1184	1240
0	1	0	7	1345	1357
1	3	2	8	47	104
1	4	4	9	359	413
1	4	1	10	754	779
1	3	2	11	912	999
1	3	1	12	1003	1011
1	3	1	13	1073	1162
1	4	2	14	1191	1214
1	1	0	15	1357	1415
2	2	3	16	0	69
2	2	3	17	69	97
2	4	4	18	149	211
2	4	4	19	251	296
2	3	2	20	589	634
2	4	4	21	677	718
2	1	4	22	798	849
2	0	0	23	950	1009
2	2	3	24	1025	1088
2	0	4	25	1313	1410
3	1	0	26	252	329
3	2	3	27	379	446
3	2	3	28	446	507
3	0	1	29	643	711
3	1	4	30	849	916
3	1	0	31	1009	1069
3	4	2	32	1085	1147
3	4	2	33	1147	1191
3	3	1	34	1222	1313
3	3	1	35	1313	1417
4	0	0	36	0	23
4	1	4	37	75	102
4	2	3	38	102	169
4	2	3	39	169	179
4	2	3	40	179	245
4	4	4	41	519	547
4	1	0	42	553	561
4	4	4	43	631	677
4	0	4	44	1154	1197
4	2	3	45	1302	1358
5	4	1	46	55	144
5	4	4	47	211	251
5	2	3	48	322	379
5	4	2	49	413	474
5	1	0	50	578	650
5	3	2	51	821	834
5	4	2	52	893	908
5	0	4	53	1215	1261
6	4	1	54	0	55
6	2	3	55	307	322
6	1	0	56	379	451
6	0	4	57	452	502
6	2	3	58	507	570
6	2	3	59	778	819
6	0	0	60	822	903
6	2	3	61	1225	1285
6	1	0	62	1297	1319
7	0	0	63	23	41
7	3	2	64	168	215
7	0	1	65	343	408
7	0	4	66	413	430
7	0	4	67	430	452
7	4	2	68	474	519
7	4	4	69	547	598
7	0	0	70	766	822
7	2	3	71	1285	1302
8	1	4	72	0	75
8	1	4	73	102	149
8	1	1	74	149	181
8	2	3	75	277	307
8	0	1	76	318	343
8	1	0	77	451	509
8	0	0	78	903	950
8	1	0	79	1319	1345
9	3	2	80	215	289
9	1	0	81	528	553
9	0	1	82	584	643
9	3	2	83	726	789
9	2	3	84	819	899
9	1	1	85	916	1003
9	0	4	86	1009	1052
9	2	3	87	1088	1158
9	0	4	88	1261	1313
10	0	0	89	41	113
10	3	2	90	352	410
10	2	3	91	570	644
10	3	2	92	645	726
10	1	4	93	726	798
10	3	1	94	893	912
10	3	1	95	1011	1073
10	1	0	96	1128	1184
10	4	2	97	1214	1303
10	2	3	98	1358	1415
11	0	0	99	167	222
11	3	2	100	289	352
11	3	1	101	410	500
11	4	1	102	779	887
11	2	3	103	899	961
11	4	2	104	999	1085
11	0	4	105	1128	1154
11	0	4	106	1197	1215
12	3	2	107	104	168
12	2	3	108	245	277
12	1	0	109	509	528
12	3	2	110	528	589
12	2	3	111	644	708
12	4	1	112	718	754
12	2	3	113	1158	1225
12	1	0	114	1240	1297
13	0	1	115	228	318
13	1	0	116	329	379
13	0	1	117	502	584
13	3	2	118	634	645
13	0	0	119	711	766
13	4	4	120	916	933
13	0	4	121	1052	1128
13	3	1	122	1162	1222
13	4	2	123	1303	1333
13	4	2	124	1333	1419
14	3	2	125	0	47
14	0	0	126	113	167
14	1	1	127	181	228
14	1	0	128	561	578
14	3	2	129	789	821
14	3	2	130	834	893
14	2	3	131	961	1025
14	1	0	132	1069	1128


Solution History:
