This is the output of Heuristic Solver for Dual resource constrained flexible job shop Scheduling Problem.
Input file is: wfjsp23_3.txt
Method: TSN1_100000000_0.588605_5
Seed: 4
Number of Jobs: 30
Number of Operations: 385
Number of Machines: 15
Number of Operators: 12
CPU Time: 35.3437
obj: 1714
Best found lower bound:0
Solver gap (best found lower bound and upper bound difference): Not known


Final Solution:
Job	Machine	Operator	Operation	Start Time	Finish Time
0	10	10	0	92	156
0	5	11	1	293	307
0	1	6	2	333	350
0	5	7	3	397	480
0	14	4	4	586	662
0	6	3	5	776	842
0	10	1	6	842	934
0	8	7	7	936	971
0	13	8	8	1136	1236
0	14	10	9	1237	1252
0	11	5	10	1278	1336
0	1	6	11	1417	1516
0	3	2	12	1586	1604
0	9	1	13	1610	1701
1	7	1	14	158	255
1	13	3	15	266	293
1	12	6	16	356	416
1	14	9	17	446	460
1	5	7	18	578	643
1	4	6	19	648	660
1	5	11	20	660	686
1	1	3	21	717	765
1	0	8	22	933	1016
1	11	1	23	1016	1077
1	3	1	24	1077	1106
1	7	1	25	1194	1277
1	4	6	26	1294	1395
2	11	2	27	0	8
2	4	0	28	37	74
2	2	5	29	413	515
2	11	0	30	648	685
2	14	11	31	686	714
2	7	10	32	714	772
2	8	5	33	878	935
2	4	5	34	935	994
2	9	10	35	1328	1425
2	11	0	36	1457	1554
2	3	6	37	1554	1569
2	13	6	38	1569	1600
2	4	5	39	1606	1675
2	14	5	40	1675	1687
2	2	5	41	1687	1711
3	13	5	42	0	55
3	7	11	43	92	122
3	4	11	44	122	175
3	5	11	45	820	923
3	1	2	46	923	1010
3	12	6	47	1127	1208
3	13	8	48	1236	1254
3	11	5	49	1266	1278
3	7	1	50	1278	1335
3	5	11	51	1378	1445
3	6	5	52	1462	1500
3	3	6	53	1518	1541
3	1	3	54	1543	1606
4	13	5	55	55	82
4	7	1	56	130	158
4	1	8	57	364	442
4	8	2	58	442	519
4	0	10	59	610	703
4	13	7	60	842	936
4	9	4	61	964	972
4	8	5	62	994	1047
4	5	3	63	1147	1248
4	1	3	64	1248	1286
4	6	2	65	1297	1324
4	3	8	66	1325	1380
4	6	7	67	1417	1455
4	2	2	68	1486	1586
4	0	11	69	1605	1615
5	5	7	70	138	243
5	0	4	71	247	312
5	14	11	72	312	338
5	11	1	73	388	460
5	6	4	74	503	531
5	10	4	75	531	586
5	11	0	76	586	599
5	8	5	77	610	637
5	9	5	78	698	709
5	9	1	79	751	833
5	14	10	80	1252	1328
5	2	5	81	1336	1392
5	12	3	82	1475	1491
5	8	10	83	1491	1524
5	5	11	84	1569	1581
6	12	3	85	111	183
6	11	2	86	188	232
6	13	3	87	234	266
6	10	1	88	266	287
6	12	5	89	328	356
6	7	10	90	388	439
6	3	0	91	439	482
6	12	6	92	482	508
6	12	8	93	508	536
6	9	4	94	916	953
6	13	0	95	1261	1340
6	6	0	96	1340	1376
6	9	5	97	1518	1606
6	1	6	98	1606	1706
7	5	9	99	0	82
7	10	10	100	439	491
7	2	5	101	515	548
7	2	9	102	548	641
7	8	10	103	781	854
7	11	10	104	968	997
7	7	7	105	1034	1043
7	9	10	106	1134	1199
7	0	10	107	1199	1237
7	2	7	108	1243	1311
7	6	7	109	1524	1617
7	13	8	110	1617	1711
8	2	6	111	87	193
8	3	6	112	193	241
8	14	11	113	338	368
8	10	0	114	413	437
8	1	3	115	451	494
8	11	6	116	522	564
8	7	7	117	564	575
8	9	5	118	637	698
8	6	0	119	1015	1092
8	4	0	120	1092	1110
8	4	4	121	1482	1545
9	7	1	122	0	40
9	12	3	123	82	111
9	9	11	124	190	260
9	4	2	125	370	417
9	12	1	126	606	669
9	6	3	127	842	905
9	13	6	128	936	1012
9	2	2	129	1078	1150
9	6	4	130	1393	1417
9	4	4	131	1417	1482
9	4	11	132	1548	1569
9	8	4	133	1569	1633
9	0	7	134	1657	1699
10	10	11	135	0	25
10	1	7	136	73	138
10	12	3	137	183	234
10	7	11	138	260	293
10	6	0	139	293	336
10	11	1	140	340	388
10	9	11	141	426	453
10	1	2	142	1010	1043
10	8	7	143	1144	1243
10	5	8	144	1254	1325
10	7	1	145	1335	1352
10	11	0	146	1376	1401
10	8	5	147	1401	1462
10	12	3	148	1491	1543
11	8	3	149	0	60
11	14	5	150	244	297
11	1	3	151	297	333
11	7	11	152	466	495
11	7	7	153	505	561
11	0	10	154	569	610
11	11	0	155	610	648
11	6	7	156	648	684
11	14	11	157	714	735
11	2	4	158	735	773
11	2	4	159	773	811
11	10	0	160	974	1015
11	10	1	161	1130	1185
11	14	3	162	1328	1403
11	3	3	163	1634	1694
12	2	7	164	0	38
12	13	5	165	82	137
12	2	9	166	222	300
12	8	5	167	300	328
12	0	4	168	387	472
12	14	11	169	495	519
12	7	9	170	653	711
12	14	5	171	750	784
12	11	5	172	784	794
12	11	0	173	794	876
12	4	6	174	1210	1294
12	10	11	175	1313	1378
12	14	3	176	1403	1475
12	12	8	177	1548	1614
12	10	2	178	1614	1714
13	10	11	179	25	92
13	9	1	180	92	130
13	14	9	181	168	191
13	14	5	182	191	244
13	8	3	183	333	404
13	0	10	184	491	569
13	2	4	185	811	910
13	7	10	186	918	968
13	7	7	187	1043	1070
13	3	1	188	1106	1124
13	9	11	189	1210	1313
14	11	2	190	8	35
14	10	11	191	368	394
14	14	11	192	394	425
14	3	0	193	482	560
14	10	2	194	589	661
14	3	2	195	661	699
14	3	1	196	699	751
14	14	7	197	828	839
14	5	11	198	923	995
14	6	4	199	995	1006
14	14	3	200	1076	1131
14	11	0	201	1554	1611
15	12	8	202	0	9
15	6	8	203	9	88
15	11	2	204	123	188
15	5	7	205	243	293
15	10	8	206	293	364
15	9	2	207	417	426
15	4	6	208	660	737
15	13	8	209	737	764
15	14	9	210	784	828
15	11	0	211	876	938
15	2	10	212	1004	1029
15	3	5	213	1500	1518
16	14	4	214	34	132
16	1	8	215	156	194
16	6	0	216	336	413
16	1	3	217	494	568
16	14	11	218	568	582
16	5	7	219	756	820
16	13	9	220	828	842
16	10	10	221	1029	1130
16	6	4	222	1191	1247
16	1	3	223	1286	1327
16	8	4	224	1351	1361
16	5	11	225	1445	1548
16	7	9	226	1564	1595
16	3	3	227	1606	1634
16	4	11	228	1675	1708
17	0	10	229	0	38
17	1	7	230	38	73
17	5	9	231	82	134
17	9	2	232	262	313
17	9	10	233	320	348
17	5	10	234	348	388
17	6	4	235	472	503
17	3	6	236	751	833
17	13	9	237	1345	1413
17	7	7	238	1459	1524
17	5	11	239	1581	1605
18	1	6	240	0	17
18	12	6	241	17	48
18	9	1	242	48	86
18	10	2	243	232	262
18	9	5	244	356	413
18	3	6	245	564	648
18	10	4	246	662	690
18	1	3	247	694	717
18	10	2	248	803	832
18	12	6	249	833	868
18	6	3	250	905	966
18	9	4	251	984	995
18	8	3	252	1047	1076
18	12	4	253	1633	1701
19	6	4	254	132	194
19	13	9	255	194	222
19	8	10	256	222	255
19	11	10	257	255	287
19	11	10	258	287	320
19	4	2	259	320	370
19	5	7	260	480	505
19	13	3	261	625	694
19	10	0	262	938	974
19	5	9	263	997	1083
19	9	9	264	1106	1134
19	6	4	265	1139	1191
19	1	7	266	1327	1417
19	2	10	267	1425	1482
20	14	4	268	0	34
20	6	0	269	88	132
20	3	0	270	132	169
20	12	1	271	536	606
20	8	8	272	669	725
20	9	5	273	725	750
20	4	11	274	764	787
20	4	5	275	794	842
20	1	5	276	842	878
20	9	2	277	884	916
20	5	11	278	1083	1147
21	10	10	279	156	219
21	4	8	280	233	285
21	13	9	281	382	446
21	13	8	282	446	486
21	12	9	283	868	966
21	2	1	284	966	1004
21	9	4	285	1006	1106
21	8	7	286	1106	1144
21	4	11	287	1147	1210
21	0	2	288	1237	1297
21	14	1	289	1537	1610
21	2	7	290	1617	1657
22	2	2	291	38	87
22	8	2	292	87	111
22	13	7	293	293	361
22	2	7	294	361	397
22	7	11	295	582	653
22	4	10	296	854	918
22	9	4	297	953	964
22	14	11	298	1052	1074
22	11	0	299	1155	1219
22	10	0	300	1219	1261
22	12	9	301	1284	1345
22	6	2	302	1376	1389
22	7	9	303	1640	1670
23	7	9	304	300	382
23	7	6	305	439	466
23	11	1	306	466	522
23	9	11	307	542	556
23	4	11	308	737	764
23	0	8	309	851	933
23	7	7	310	971	1034
23	12	6	311	1045	1127
23	13	9	312	1413	1510
23	10	10	313	1537	1613
23	11	10	314	1613	1673
23	8	10	315	1673	1700
24	9	5	316	137	190
24	2	4	317	194	211
24	0	4	318	211	247
24	2	1	319	300	340
24	0	8	320	764	851
24	12	3	321	966	1045
24	0	5	322	1056	1122
24	7	5	323	1122	1194
24	3	5	324	1194	1266
24	5	2	325	1325	1376
24	0	4	326	1376	1393
24	11	0	327	1401	1457
24	0	8	328	1532	1548
25	9	9	329	460	542
25	8	9	330	725	781
25	7	11	331	787	815
25	3	6	332	911	935
25	11	1	333	938	966
25	14	9	334	966	997
25	3	2	335	1389	1486
25	10	1	336	1508	1537
25	8	9	337	1537	1564
25	14	11	338	1615	1675
26	14	9	339	134	168
26	0	4	340	312	387
26	6	3	341	413	451
26	6	8	342	536	634
26	9	2	343	833	884
26	6	4	344	972	984
26	14	11	345	997	1052
26	2	2	346	1052	1078
26	6	4	347	1106	1139
26	7	9	348	1595	1640
27	4	0	349	0	37
27	7	10	350	40	92
27	11	8	351	92	123
27	0	8	352	123	156
27	6	8	353	194	233
27	5	7	354	686	756
27	6	4	355	1247	1290
27	8	4	356	1290	1351
27	7	8	357	1380	1459
27	0	8	358	1459	1532
27	6	0	359	1617	1699
28	12	6	360	48	82
28	1	0	361	194	285
28	5	2	362	519	578
28	4	2	363	578	589
28	13	3	364	589	625
28	6	0	365	685	776
28	0	8	366	1016	1056
28	13	8	367	1056	1136
28	11	0	368	1136	1155
28	2	2	369	1155	1222
28	12	9	370	1223	1284
28	12	1	371	1352	1468
28	9	1	372	1468	1508
28	14	9	373	1510	1537
29	12	6	374	241	320
29	3	6	375	320	333
29	9	5	376	556	610
29	8	8	377	637	669
29	0	2	378	703	739
29	10	2	379	739	803
29	8	9	380	854	866
29	3	6	381	868	911
29	11	7	382	1077	1106
29	14	9	383	1134	1223
29	8	10	384	1524	1532


Solution History:
