This is the output of Heuristic Solver for Dual resource constrained flexible job shop Scheduling Problem.
Input file is: wfjsp21_1.txt
Method: TSN1_100000000_0.472545_5
Seed: 3
Number of Jobs: 25
Number of Operations: 248
Number of Machines: 15
Number of Operators: 12
CPU Time: 28.3625
obj: 1070
Best found lower bound:0
Solver gap (best found lower bound and upper bound difference): Not known


Final Solution:
Job	Machine	Operator	Operation	Start Time	Finish Time
0	11	8	0	123	190
0	7	3	1	229	252
0	6	6	2	252	292
0	14	2	3	296	376
0	9	8	4	376	452
0	5	0	5	452	507
0	1	2	6	507	586
0	13	7	7	586	616
0	11	7	8	662	699
0	7	8	9	751	784
0	6	1	10	994	1003
1	10	3	11	0	14
1	9	3	12	14	26
1	8	6	13	37	84
1	8	11	14	105	160
1	8	0	15	185	233
1	1	11	16	235	256
1	10	8	17	296	308
1	9	9	18	308	364
1	8	6	19	433	473
1	12	3	20	756	834
2	2	4	21	327	409
2	13	5	22	418	471
2	12	3	23	471	547
2	14	11	24	638	652
2	11	7	25	699	728
2	8	6	26	774	798
2	10	0	27	798	821
2	14	11	28	822	877
2	13	8	29	877	955
3	4	10	30	0	39
3	0	10	31	39	101
3	13	5	32	113	194
3	3	2	33	202	249
3	14	4	34	274	287
3	2	4	35	287	327
3	3	0	36	926	948
3	1	4	37	1020	1054
4	7	1	38	159	229
4	7	10	39	252	311
4	14	10	40	442	478
4	0	9	41	539	622
4	0	4	42	641	666
4	3	1	43	713	770
4	8	9	44	798	807
4	2	1	45	882	896
5	5	7	46	18	92
5	5	11	47	92	101
5	5	7	48	164	174
5	1	9	49	261	307
5	10	4	50	410	492
5	14	10	51	492	509
5	4	5	52	647	707
5	13	4	53	718	776
5	1	4	54	776	822
5	10	7	55	870	910
5	12	7	56	910	1004
5	6	5	57	1004	1051
6	14	9	58	171	261
6	8	11	59	315	369
6	3	11	60	374	395
6	7	1	61	396	461
6	6	6	62	478	496
6	14	7	63	732	772
6	7	8	64	784	874
6	1	4	65	896	931
6	5	4	66	931	950
7	9	1	67	112	159
7	1	11	68	160	216
7	10	7	69	216	291
7	13	8	70	330	368
7	13	5	71	374	399
7	8	6	72	399	433
7	8	6	73	558	596
7	11	0	74	881	926
7	0	9	75	1001	1044
8	13	4	76	0	74
8	12	7	77	92	164
8	3	5	78	296	374
8	3	11	79	395	487
8	10	8	80	537	616
8	2	1	81	616	658
8	10	8	82	658	675
8	5	11	83	675	693
8	3	9	84	704	713
8	5	9	85	807	886
9	6	6	86	0	37
9	13	6	87	84	113
9	4	6	88	113	130
9	11	4	89	241	274
9	0	0	90	301	350
9	6	1	91	461	478
9	5	2	92	591	645
9	8	6	93	953	1022
10	5	7	94	0	18
10	3	5	95	18	38
10	10	0	96	44	100
10	7	8	97	311	323
10	11	7	98	404	508
10	12	10	99	563	645
10	14	11	100	916	970
10	4	6	101	1026	1067
11	7	9	102	0	88
11	6	9	103	89	171
11	13	6	104	296	330
11	1	0	105	350	405
11	9	9	106	685	704
11	4	2	107	723	761
11	8	6	108	761	774
11	2	1	109	774	854
11	1	0	110	948	1002
12	11	8	111	45	123
12	7	10	112	124	144
12	14	10	113	144	165
12	5	7	114	295	366
12	8	6	115	535	558
12	10	0	116	679	772
12	0	7	117	772	859
12	4	11	118	1012	1026
12	11	11	119	1026	1051
13	8	6	120	160	177
13	6	9	121	367	451
13	3	11	122	487	540
13	6	3	123	547	621
13	1	0	124	630	679
13	6	9	125	713	753
13	6	9	126	753	793
13	6	6	127	798	829
13	2	1	128	854	882
13	0	9	129	886	974
14	1	0	130	0	21
14	10	0	131	21	44
14	2	4	132	74	113
14	13	5	133	194	212
14	0	0	134	253	301
14	10	3	135	332	410
14	12	3	136	410	466
14	13	8	137	616	655
14	2	10	138	658	751
14	5	10	139	751	790
14	4	10	140	916	991
14	7	2	141	991	1067
15	5	3	142	118	163
15	8	1	143	233	315
15	4	1	144	315	396
15	0	0	145	405	451
15	2	8	146	452	489
15	7	4	147	492	547
15	14	11	148	547	638
15	1	8	149	679	751
15	13	10	150	790	831
15	11	0	151	831	881
15	6	1	152	936	994
15	10	3	153	1007	1063
16	1	2	154	79	125
16	5	7	155	174	215
16	3	2	156	249	296
16	5	10	157	367	442
16	4	1	158	517	563
16	9	1	159	563	616
16	7	2	160	645	723
16	1	4	161	822	896
17	0	2	162	0	25
17	11	3	163	26	43
17	6	3	164	43	89
17	8	3	165	89	105
17	3	10	166	105	124
17	0	6	167	185	241
17	5	11	168	256	295
17	10	10	169	311	332
17	9	5	170	471	543
17	9	5	171	732	808
17	3	2	172	954	976
18	2	4	173	113	154
18	12	10	174	165	241
18	12	3	175	252	329
18	6	10	176	332	367
18	11	7	177	367	404
18	6	6	178	496	535
18	11	0	179	591	630
18	12	3	180	645	721
18	9	5	181	831	891
18	10	3	182	911	985
18	14	11	183	985	1012
19	9	5	184	38	112
19	2	4	185	154	241
19	8	1	186	478	517
19	7	4	187	547	565
19	9	9	188	626	685
19	14	11	189	693	732
19	11	11	190	732	822
19	14	11	191	877	916
19	6	1	192	916	936
19	5	4	193	950	993
19	5	10	194	993	1062
20	14	1	195	0	107
20	5	3	196	107	118
20	3	2	197	125	202
20	9	5	198	223	286
20	12	6	199	330	391
20	14	2	200	391	429
20	4	2	201	429	505
20	2	10	202	509	563
20	3	5	203	563	622
20	4	5	204	622	647
20	4	2	205	761	840
20	0	9	206	974	1001
21	2	8	207	0	45
21	1	11	208	216	235
21	13	8	209	235	296
21	13	5	210	399	418
21	11	7	211	508	576
21	0	4	212	666	684
21	8	6	213	684	759
21	9	5	214	808	831
21	3	2	215	840	917
21	9	5	216	917	935
21	9	5	217	935	995
21	12	7	218	1004	1040
22	12	11	219	0	89
22	11	8	220	190	235
22	10	8	221	492	537
22	7	4	222	565	641
22	0	4	223	684	718
22	10	6	224	829	870
22	8	6	225	870	953
22	13	8	226	955	981
22	13	8	227	981	1062
23	1	2	228	25	79
23	9	3	229	163	223
23	5	0	230	233	253
23	5	0	231	507	591
23	11	7	232	630	662
23	6	1	233	662	712
23	12	3	234	721	756
23	4	10	235	840	916
23	7	2	236	917	954
23	1	4	237	1002	1020
23	9	1	238	1020	1070
24	0	0	239	101	185
24	0	9	240	451	539
24	9	6	241	616	626
24	8	6	242	626	666
24	9	5	243	707	732
24	3	0	244	772	798
24	6	3	245	834	911
24	4	3	246	991	1007
24	2	0	247	1007	1056


Solution History:
