This is the output of Heuristic Solver for Dual resource constrained flexible job shop Scheduling Problem.
Input file is: wfjsp11_2.txt
Method: TSN1_100000000_0.290020_5
Seed: 2
Number of Jobs: 20
Number of Operations: 227
Number of Machines: 10
Number of Operators: 10
CPU Time: 17.4102
obj: 1273
Best found lower bound:0
Solver gap (best found lower bound and upper bound difference): Not known


Final Solution:
Job	Machine	Operator	Operation	Start Time	Finish Time
0	7	7	0	67	140
0	4	2	1	156	236
0	4	2	2	236	260
0	4	3	3	263	299
0	4	3	4	299	314
0	4	5	5	391	416
0	1	5	6	505	574
0	8	0	7	728	737
0	8	0	8	784	859
0	0	2	9	859	899
0	6	0	10	1117	1171
1	4	3	11	0	14
1	2	9	12	354	423
1	4	2	13	473	533
1	5	3	14	533	589
1	3	9	15	607	676
1	0	2	16	676	706
1	8	0	17	737	784
1	1	5	18	815	838
1	7	7	19	838	897
1	5	1	20	906	985
1	0	9	21	988	1077
1	5	5	22	1086	1145
1	0	9	23	1145	1213
2	1	4	24	0	65
2	9	1	25	65	84
2	8	0	26	84	96
2	3	9	27	120	206
2	5	3	28	237	263
2	5	9	29	263	343
2	6	6	30	399	482
2	0	7	31	490	506
2	7	7	32	658	725
2	6	6	33	787	864
2	2	4	34	864	916
2	4	3	35	997	1021
2	9	6	36	1024	1080
2	4	3	37	1168	1203
2	7	4	38	1203	1268
3	2	8	39	266	353
3	5	1	40	391	414
3	7	9	41	460	476
3	5	3	42	476	507
3	8	2	43	607	625
3	1	4	44	638	676
3	6	8	45	706	787
3	7	7	46	936	977
3	8	5	47	991	1076
3	7	7	48	1095	1179
3	9	1	49	1214	1271
4	2	8	50	0	30
4	0	9	51	47	120
4	2	8	52	135	168
4	8	5	53	169	198
4	7	7	54	245	279
4	6	8	55	353	399
4	1	0	56	399	418
4	4	2	57	533	597
4	3	9	58	858	923
4	4	3	59	1203	1214
4	2	8	60	1241	1270
5	5	1	61	184	237
5	3	4	62	267	347
5	4	0	63	418	473
5	3	8	64	473	546
5	6	3	65	589	641
5	2	1	66	642	661
5	9	6	67	695	781
5	1	5	68	838	850
5	9	6	69	867	940
5	5	4	70	985	999
5	2	1	71	1033	1091
5	3	6	72	1213	1273
6	3	9	73	0	47
6	3	6	74	206	267
6	8	2	75	272	360
6	0	3	76	390	445
6	1	5	77	445	505
6	7	1	78	505	586
6	8	2	79	625	639
6	3	4	80	676	727
6	1	5	81	771	815
6	8	2	82	1076	1130
7	5	1	83	122	139
7	6	3	84	142	222
7	7	7	85	279	306
7	0	7	86	306	326
7	0	4	87	354	389
7	0	7	88	460	490
7	5	5	89	589	672
7	2	9	90	676	743
7	9	8	91	787	867
7	8	0	92	867	938
7	1	5	93	951	961
7	6	5	94	961	986
7	4	3	95	1021	1099
7	3	8	96	1142	1210
7	6	3	97	1214	1265
8	9	6	98	84	175
8	2	8	99	175	266
8	7	1	100	313	332
8	7	7	101	332	404
8	1	8	102	574	638
8	4	3	103	642	699
8	1	5	104	705	771
8	4	3	105	825	906
8	7	7	106	906	936
8	7	7	107	977	1023
8	9	6	108	1080	1152
8	8	2	109	1186	1241
9	9	1	110	0	53
9	3	0	111	53	83
9	6	0	112	96	142
9	0	7	113	142	209
9	9	6	114	313	378
9	3	6	115	378	392
9	0	3	116	445	460
9	4	3	117	699	721
9	2	9	118	743	847
9	5	4	119	999	1086
9	6	0	120	1086	1117
9	8	2	121	1130	1186
10	5	4	122	66	122
10	0	2	123	122	140
10	9	6	124	175	204
10	9	1	125	288	313
10	1	5	126	418	428
10	9	0	127	508	529
10	0	2	128	658	672
11	0	2	129	0	8
11	1	0	130	257	331
11	0	9	131	343	354
11	8	2	132	360	397
11	8	2	133	397	464
11	2	4	134	484	533
11	8	9	135	549	607
11	1	5	136	676	705
11	4	3	137	721	757
11	0	2	138	786	844
11	4	3	139	906	997
11	1	2	140	997	1051
11	2	1	141	1091	1158
11	2	1	142	1158	1214
11	4	5	143	1236	1271
12	7	7	144	0	67
12	1	5	145	67	95
12	5	1	146	139	184
12	1	4	147	184	257
12	5	5	148	359	391
12	3	4	149	415	464
12	9	0	150	473	508
12	4	1	151	597	642
12	6	8	152	642	706
12	4	3	153	757	825
12	0	2	154	844	855
13	4	3	155	14	98
13	9	1	156	237	288
13	6	5	157	288	353
13	4	3	158	357	390
13	7	7	159	404	460
13	2	1	160	460	484
13	8	9	161	484	549
13	6	6	162	555	585
13	7	0	163	628	657
13	8	0	164	657	728
13	3	4	165	773	858
13	8	0	166	938	991
13	5	5	167	1145	1221
13	4	5	168	1221	1236
14	0	7	169	209	239
14	0	7	170	570	658
14	0	2	171	706	786
14	1	5	172	850	917
14	2	4	173	917	985
14	3	0	174	991	1066
14	1	0	175	1066	1076
14	4	3	176	1099	1168
14	9	0	177	1171	1195
14	1	0	178	1195	1265
15	6	6	179	0	83
15	1	0	180	331	399
15	9	8	181	399	426
15	9	0	182	529	580
15	7	7	183	725	799
15	5	1	184	826	906
15	0	2	185	906	980
15	2	1	186	985	1033
15	2	9	187	1214	1241
16	2	8	188	30	61
16	8	5	189	96	169
16	7	0	190	170	245
16	4	3	191	314	357
16	9	8	192	426	471
16	6	6	193	482	555
16	0	7	194	555	570
16	7	0	195	586	628
16	9	6	196	628	695
16	3	4	197	727	773
16	6	8	198	867	934
16	9	6	199	940	1024
16	7	7	200	1024	1095
16	1	4	201	1095	1185
16	6	6	202	1185	1213
17	5	5	203	0	66
17	2	8	204	66	135
17	4	2	205	140	156
17	1	0	206	156	170
17	5	1	207	414	446
17	2	4	208	533	631
17	5	1	209	741	826
17	3	9	210	923	988
17	6	8	211	988	1064
17	0	9	212	1077	1144
18	8	0	213	10	28
18	8	2	214	28	78
18	4	3	215	98	138
18	7	4	216	140	158
18	8	5	217	198	272
18	5	1	218	343	359
18	3	4	219	392	415
18	0	7	220	506	535
18	1	5	221	917	951
19	8	0	222	0	10
19	9	6	223	585	628
19	5	1	224	672	741
19	1	8	225	961	986
19	3	8	226	1066	1142


Solution History:
