This is the output of Heuristic Solver for Dual resource constrained flexible job shop Scheduling Problem.
Input file is: wfjsp22_1.txt
Method: TSN1_100000000_0.279650_5
Seed: 3
Number of Jobs: 30
Number of Operations: 215
Number of Machines: 15
Number of Operators: 12
CPU Time: 16.7868
obj: 921
Best found lower bound:0
Solver gap (best found lower bound and upper bound difference): Not known


Final Solution:
Job	Machine	Operator	Operation	Start Time	Finish Time
0	11	0	0	0	66
0	7	0	1	66	88
0	7	9	2	92	137
0	14	1	3	158	240
0	8	9	4	673	751
1	13	10	5	0	56
1	1	8	6	126	198
1	8	6	7	198	229
1	5	11	8	231	270
1	7	4	9	279	310
1	1	9	10	358	367
1	10	0	11	367	383
1	14	4	12	383	397
1	4	6	13	737	778
2	10	4	14	0	62
2	6	3	15	62	114
2	1	8	16	239	262
2	12	10	17	277	286
2	13	5	18	515	574
2	10	6	19	651	695
2	4	6	20	778	865
3	4	11	21	84	174
3	13	7	22	206	251
3	5	7	23	308	382
3	6	7	24	469	484
3	3	11	25	744	782
3	7	0	26	893	917
4	0	10	27	56	77
4	8	0	28	383	428
4	13	4	29	438	515
4	12	3	30	515	552
4	0	8	31	552	613
4	13	10	32	613	699
4	0	4	33	775	829
5	14	2	34	26	39
5	2	1	35	85	127
5	3	9	36	137	163
5	11	6	37	229	265
5	7	4	38	310	378
5	8	11	39	524	578
5	14	9	40	614	648
5	5	7	41	734	820
5	11	0	42	823	848
6	12	7	43	0	55
6	10	2	44	62	72
6	5	9	45	79	92
6	11	10	46	97	185
6	14	4	47	267	279
6	3	11	48	368	377
6	8	9	49	487	524
6	8	3	50	583	658
7	14	3	51	0	15
7	2	1	52	15	85
7	10	4	53	93	152
7	1	9	54	367	411
7	10	10	55	699	738
8	3	5	56	163	254
8	14	4	57	397	438
8	14	9	58	524	614
8	11	8	59	614	686
8	3	5	60	806	828
8	7	4	61	836	893
9	1	2	62	39	61
9	2	4	63	231	267
9	4	1	64	455	546
9	12	3	65	552	583
9	9	5	66	583	601
9	3	1	67	605	651
9	1	11	68	671	727
9	10	0	69	743	823
9	9	5	70	828	866
10	7	2	71	0	26
10	3	8	72	44	85
10	8	6	73	85	123
10	3	11	74	270	315
10	9	5	75	321	377
10	3	0	76	497	582
10	12	11	77	583	671
11	2	2	78	131	206
11	10	6	79	408	503
11	10	6	80	503	575
11	9	6	81	695	737
11	10	2	82	835	852
11	5	0	83	852	870
11	3	8	84	903	911
12	5	9	85	0	79
12	6	6	86	123	160
12	13	7	87	160	190
12	13	7	88	190	206
12	9	3	89	206	236
12	0	7	90	251	308
12	9	5	91	308	321
12	4	2	92	321	371
13	8	6	93	0	69
13	9	5	94	76	98
13	8	0	95	143	166
13	2	8	96	267	322
13	14	9	97	346	358
13	6	7	98	562	662
13	0	7	99	662	734
13	11	3	100	757	810
13	14	11	101	838	877
14	1	9	102	262	346
14	6	1	103	351	435
14	13	8	104	716	754
14	14	11	105	782	838
14	2	8	106	838	857
14	4	6	107	865	901
14	9	5	108	901	912
15	12	3	109	131	205
15	10	0	110	303	363
15	11	10	111	363	444
15	7	10	112	444	464
15	3	0	113	476	497
15	10	6	114	575	651
15	5	9	115	651	673
15	2	4	116	694	775
15	0	7	117	829	916
16	6	1	118	0	14
16	11	4	119	66	93
16	9	3	120	114	131
16	6	2	121	206	301
16	3	11	122	315	368
16	2	8	123	400	476
16	1	0	124	613	662
16	6	5	125	674	718
16	6	5	126	762	806
16	9	5	127	866	897
17	9	1	128	131	158
17	0	7	129	382	469
17	1	10	130	589	613
17	7	3	131	732	757
17	2	2	132	790	835
18	10	2	133	72	88
18	12	10	134	222	277
18	12	10	135	286	363
18	12	2	136	371	429
18	7	8	137	476	516
18	2	4	138	516	603
18	5	2	139	604	644
18	4	3	140	658	732
18	1	10	141	738	815
18	5	10	142	876	916
19	8	3	143	236	316
19	4	3	144	376	450
19	14	3	145	450	511
19	2	4	146	603	639
19	7	4	147	639	694
19	12	2	148	711	790
19	1	9	149	815	901
20	5	2	150	92	131
20	9	1	151	240	292
20	8	3	152	316	376
20	3	11	153	377	439
20	1	9	154	439	487
21	6	3	155	15	52
21	3	8	156	85	126
21	5	4	157	152	231
21	4	5	158	254	307
21	9	5	159	449	510
22	7	2	160	516	594
22	9	5	161	601	674
22	5	2	162	682	711
22	11	11	163	727	744
22	2	2	164	857	910
23	1	8	165	0	16
23	8	6	166	69	84
23	0	0	167	88	143
23	11	10	168	185	222
23	5	0	169	279	303
23	9	5	170	377	449
24	9	5	171	0	76
24	1	10	172	77	97
24	13	5	173	98	152
24	2	8	174	322	400
24	12	2	175	429	511
24	0	8	176	516	552
24	2	2	177	644	682
24	6	5	178	718	762
25	6	6	179	160	197
25	10	0	180	197	279
25	8	0	181	428	476
25	6	7	182	484	562
25	14	1	183	651	678
25	14	1	184	678	757
25	8	1	185	757	867
25	3	8	186	867	903
25	8	6	187	903	921
26	12	7	188	55	119
26	14	7	189	119	153
26	7	9	190	163	250
26	13	6	191	367	408
26	6	1	192	435	455
26	5	10	193	464	503
26	4	1	194	546	605
27	1	10	195	503	589
27	7	2	196	594	604
27	3	0	197	662	743
27	9	9	198	751	812
27	12	10	199	815	876
27	14	11	200	877	919
28	4	11	201	0	84
28	4	11	202	174	231
28	6	1	203	301	351
28	11	8	204	686	716
28	7	8	205	757	836
29	0	8	206	16	44
29	1	8	207	198	239
29	13	6	208	265	287
29	13	6	209	287	347
29	0	6	210	347	367
29	11	11	211	444	522
29	3	0	212	582	602
29	6	3	213	810	886
29	10	3	214	886	908


Solution History:
