This is the output of Heuristic Solver for Dual resource constrained flexible job shop Scheduling Problem.
Input file is: wfjsp6_9.txt
Method: TSN1_100000000_0.128988_5
Seed: 4
Number of Jobs: 12
Number of Operations: 66
Number of Machines: 5
Number of Operators: 5
CPU Time: 7.74019
obj: 708
Best found lower bound:0
Solver gap (best found lower bound and upper bound difference): Not known


Final Solution:
Job	Machine	Operator	Operation	Start Time	Finish Time
0	4	0	0	232	320
0	4	0	1	320	362
1	1	4	2	425	503
1	1	4	3	649	705
2	1	2	4	0	29
2	4	0	5	39	140
2	4	0	6	176	232
2	2	2	7	264	286
2	3	1	8	291	346
2	4	0	9	377	435
2	3	1	10	464	540
2	3	1	11	540	619
3	1	2	12	51	118
3	4	0	13	140	176
3	2	2	14	357	381
3	2	2	15	381	437
3	2	2	16	512	527
3	4	0	17	633	708
4	0	1	18	0	19
4	1	2	19	29	51
4	2	3	20	73	108
4	3	3	21	145	195
4	0	3	22	384	396
4	4	0	23	435	454
4	4	0	24	454	476
4	0	3	25	570	630
5	2	3	26	0	54
5	1	4	27	123	213
5	1	4	28	251	336
5	1	4	29	336	425
5	0	3	30	445	506
5	1	4	31	506	568
5	4	0	32	578	633
5	0	3	33	633	699
6	4	0	34	0	13
6	0	1	35	19	120
6	1	4	36	213	251
6	0	3	37	291	313
6	4	0	38	362	377
6	2	2	39	539	597
6	2	2	40	626	695
7	3	3	41	195	291
7	1	4	42	568	592
7	1	4	43	627	649
8	2	3	44	54	73
8	2	3	45	108	145
8	2	2	46	145	194
8	2	2	47	194	264
8	0	3	48	396	445
8	3	1	49	445	464
8	4	0	50	476	578
8	1	4	51	592	627
9	2	2	52	437	512
9	2	2	53	597	626
10	4	0	54	13	39
10	0	1	55	206	285
10	0	3	56	313	384
10	2	2	57	527	539
11	3	4	58	0	37
11	3	4	59	37	123
11	0	1	60	123	170
11	0	1	61	170	206
11	2	2	62	286	357
11	3	1	63	357	430
11	0	3	64	506	570
11	3	1	65	619	681


Solution History:
