This is the output of Heuristic Solver for Dual resource constrained flexible job shop Scheduling Problem.
Input file is: wfjsp23_10.txt
Method: TSN1_100000000_0.750848_5
Seed: 1
Number of Jobs: 30
Number of Operations: 385
Number of Machines: 15
Number of Operators: 12
CPU Time: 45.0816
obj: 1775
Best found lower bound:0
Solver gap (best found lower bound and upper bound difference): Not known


Final Solution:
Job	Machine	Operator	Operation	Start Time	Finish Time
0	9	4	0	308	384
0	1	2	1	575	657
0	12	4	2	923	990
0	1	10	3	1022	1100
0	11	5	4	1100	1162
0	11	0	5	1189	1222
0	13	9	6	1252	1286
0	3	4	7	1303	1351
0	14	1	8	1351	1437
0	7	4	9	1518	1540
0	8	7	10	1541	1573
0	2	8	11	1590	1622
0	10	11	12	1683	1766
1	10	11	13	0	75
1	2	3	14	341	407
1	7	5	15	407	488
1	10	11	16	711	790
1	3	0	17	802	815
1	10	0	18	815	824
1	11	4	19	836	884
1	7	7	20	892	959
1	10	11	21	983	1057
1	8	6	22	1143	1192
1	0	4	23	1235	1303
1	7	5	24	1313	1354
1	10	6	25	1661	1682
2	1	2	26	83	131
2	14	9	27	407	427
2	2	0	28	824	912
2	14	3	29	923	954
2	5	8	30	958	1031
2	6	3	31	1047	1131
2	9	2	32	1242	1314
2	9	8	33	1314	1346
2	8	0	34	1348	1401
2	10	11	35	1528	1600
2	0	1	36	1601	1615
2	1	9	37	1705	1729
2	6	2	38	1738	1758
3	0	7	39	0	44
3	13	10	40	46	79
3	5	11	41	544	633
3	5	3	42	655	720
3	6	9	43	730	813
3	1	9	44	813	826
3	13	9	45	846	858
3	12	3	46	858	923
3	11	1	47	930	979
3	12	7	48	1023	1036
4	5	1	49	252	341
4	4	9	50	582	666
4	1	11	51	937	963
4	0	5	52	1020	1089
4	2	2	53	1148	1157
4	6	5	54	1354	1426
4	10	0	55	1448	1528
4	5	3	56	1528	1546
4	12	2	57	1566	1639
4	6	2	58	1639	1677
4	8	2	59	1729	1738
5	14	1	60	143	232
5	10	11	61	287	329
5	8	10	62	348	432
5	13	10	63	947	1022
5	7	1	64	1062	1150
5	10	2	65	1157	1233
5	12	3	66	1321	1367
5	11	8	67	1375	1429
5	7	7	68	1438	1455
5	7	10	69	1495	1518
5	2	8	70	1538	1558
5	14	5	71	1618	1639
5	9	0	72	1667	1719
6	7	10	73	0	46
6	14	7	74	46	67
6	14	7	75	67	135
6	8	11	76	150	196
6	3	5	77	196	237
6	11	6	78	389	426
6	8	6	79	699	785
6	3	7	80	1036	1069
6	5	8	81	1107	1142
6	9	9	82	1142	1167
6	9	1	83	1737	1748
7	9	4	84	221	308
7	11	5	85	352	386
7	8	10	86	432	469
7	0	5	87	572	637
7	2	5	88	649	730
7	4	1	89	730	746
7	14	1	90	746	828
7	14	7	91	959	1023
7	13	6	92	1628	1661
7	14	6	93	1684	1702
8	13	8	94	80	170
8	10	8	95	170	214
8	10	11	96	214	287
8	13	9	97	292	365
8	5	11	98	395	470
8	13	2	99	698	783
8	2	6	100	924	1011
8	5	4	101	1031	1107
8	6	5	102	1194	1283
8	13	2	103	1321	1408
8	0	6	104	1472	1514
8	13	6	105	1601	1628
8	14	5	106	1639	1684
8	2	8	107	1690	1763
9	5	6	108	0	13
9	6	1	109	13	98
9	7	0	110	334	347
9	0	0	111	347	414
9	13	0	112	414	480
9	8	7	113	499	552
9	9	8	114	869	958
9	11	1	115	979	1062
9	13	10	116	1100	1177
9	1	11	117	1372	1454
9	1	11	118	1454	1528
9	1	4	119	1540	1627
9	9	9	120	1637	1667
9	13	9	121	1667	1705
10	14	7	122	312	396
10	0	9	123	434	458
10	6	6	124	500	569
10	10	6	125	569	586
10	9	3	126	633	655
10	13	2	127	657	698
10	13	2	128	783	812
10	6	4	129	884	913
10	4	6	130	1270	1304
10	3	4	131	1708	1757
11	2	5	132	0	19
11	2	7	133	228	312
11	13	5	134	386	395
11	2	10	135	569	648
11	6	0	136	705	720
11	1	11	137	832	900
11	4	0	138	912	1000
11	8	4	139	1000	1022
11	5	11	140	1189	1265
11	0	6	141	1304	1372
11	3	3	142	1372	1431
11	2	3	143	1431	1526
11	4	3	144	1618	1680
11	4	3	145	1680	1747
12	1	9	146	0	11
12	14	10	147	232	306
12	6	6	148	321	389
12	10	1	149	444	533
12	4	9	150	540	582
12	3	5	151	637	649
12	2	6	152	1011	1043
12	1	11	153	1100	1172
12	13	9	154	1177	1252
12	5	4	155	1422	1503
13	3	8	156	0	80
13	10	11	157	633	711
13	4	11	158	795	832
13	4	3	159	832	856
13	0	6	160	857	924
13	7	2	161	975	1060
13	13	0	162	1062	1095
13	6	3	163	1131	1191
13	14	3	164	1218	1304
13	7	10	165	1354	1398
13	11	8	166	1429	1511
13	11	5	167	1518	1586
13	11	5	168	1586	1618
13	0	1	169	1618	1665
13	8	2	170	1677	1729
14	6	9	171	212	292
14	3	2	172	292	374
14	1	8	173	513	575
14	13	8	174	575	604
14	6	1	175	604	693
14	0	6	176	810	857
14	0	9	177	933	1020
14	13	3	178	1304	1321
14	0	6	179	1394	1460
14	7	6	180	1460	1472
14	12	2	181	1495	1566
14	7	7	182	1573	1593
14	14	0	183	1719	1775
15	11	6	184	91	158
15	7	10	185	158	231
15	9	4	186	384	472
15	0	0	187	480	570
15	3	7	188	570	635
15	4	1	189	693	729
15	7	7	190	869	892
15	2	2	191	1060	1148
15	6	9	192	1286	1344
15	9	0	193	1401	1448
15	14	3	194	1546	1618
15	8	7	195	1739	1771
16	9	4	196	0	85
16	8	4	197	85	150
16	0	0	198	302	334
16	1	2	199	374	462
16	6	9	200	462	500
16	1	9	201	500	513
16	4	9	202	513	540
16	1	11	203	900	937
16	4	11	204	1062	1086
16	7	5	205	1162	1194
16	9	4	206	1198	1235
16	2	10	207	1252	1309
16	12	10	208	1419	1495
17	12	3	209	153	179
17	4	3	210	183	231
17	7	5	211	488	572
17	9	0	212	572	633
17	14	0	213	633	657
17	2	5	214	730	812
17	10	9	215	826	846
17	8	10	216	853	947
17	0	3	217	1191	1218
17	11	1	218	1225	1292
17	3	8	219	1518	1538
17	8	7	220	1593	1623
18	8	0	221	0	82
18	0	5	222	109	173
18	1	5	223	173	196
18	4	3	224	231	249
18	1	2	225	251	286
18	12	4	226	612	680
18	5	4	227	731	816
18	3	2	228	816	889
18	3	7	229	1069	1109
18	8	0	230	1225	1277
18	8	0	231	1277	1327
18	6	9	232	1440	1517
18	4	0	233	1528	1618
18	3	10	234	1623	1702
18	5	6	235	1702	1750
19	11	2	236	0	55
19	4	9	237	56	64
19	11	6	238	79	91
19	12	3	239	91	140
19	2	7	240	140	171
19	0	6	241	426	434
19	8	6	242	620	699
19	11	8	243	756	823
19	3	4	244	1109	1198
19	10	2	245	1233	1242
19	2	0	246	1332	1344
19	2	8	247	1346	1375
20	0	5	248	44	109
20	4	9	249	109	183
20	2	7	250	183	228
20	5	11	251	341	395
20	12	8	252	437	489
20	7	7	253	1197	1275
20	12	7	254	1275	1320
20	8	10	255	1332	1348
20	0	6	256	1372	1394
20	4	1	257	1438	1511
20	13	10	258	1518	1598
20	5	11	259	1600	1683
20	6	5	260	1684	1734
20	9	3	261	1748	1768
21	6	1	262	0	11
21	1	9	263	11	56
21	1	2	264	56	83
21	9	4	265	150	221
21	5	6	266	221	252
21	7	6	267	252	321
21	4	9	268	365	407
21	4	3	269	407	442
21	14	6	270	442	491
21	11	8	271	604	676
21	9	3	272	810	830
21	8	6	273	1066	1143
22	11	2	274	158	251
22	2	7	275	407	473
22	11	4	276	473	554
22	11	1	277	554	595
22	13	3	278	612	632
22	7	7	279	635	675
22	8	10	280	789	853
22	5	1	281	853	930
22	4	0	282	1000	1062
22	4	7	283	1320	1405
22	13	2	284	1408	1495
22	2	8	285	1558	1590
22	1	8	286	1627	1690
22	12	10	287	1702	1756
22	7	6	288	1756	1770
23	10	11	289	75	97
23	9	1	290	98	143
23	6	0	291	147	212
23	12	3	292	255	281
23	12	8	293	352	419
23	10	1	294	431	444
23	3	2	295	462	550
23	12	3	296	550	612
23	9	0	297	657	705
23	3	0	298	720	802
23	9	0	299	1095	1111
23	2	10	300	1177	1252
23	7	5	301	1283	1313
23	4	7	302	1405	1438
23	10	9	303	1600	1637
24	11	8	304	278	352
24	4	3	305	442	494
24	2	10	306	497	569
24	7	7	307	675	745
24	7	7	308	745	760
24	5	4	309	816	836
24	14	7	310	839	869
24	12	8	311	1036	1100
24	8	1	312	1207	1225
24	5	1	313	1292	1349
24	3	5	314	1431	1518
24	9	1	315	1518	1600
24	7	0	316	1618	1665
24	7	7	317	1665	1739
24	1	5	318	1739	1758
25	3	0	319	82	147
25	11	5	320	251	278
25	12	3	321	281	341
25	12	8	322	419	437
25	8	7	323	473	499
25	14	3	324	499	520
25	10	6	325	586	620
25	12	4	326	680	731
25	6	5	327	813	883
25	10	5	328	893	983
25	9	9	329	1020	1095
25	14	9	330	1095	1139
25	12	8	331	1142	1216
25	1	8	332	1216	1278
26	5	6	333	13	79
26	10	11	334	97	141
26	0	6	335	173	200
26	12	8	336	214	255
26	0	0	337	255	302
26	8	10	338	306	348
26	4	1	339	348	361
26	10	1	340	361	431
26	2	10	341	473	497
26	14	10	342	657	734
26	12	10	343	734	789
26	5	4	344	1351	1422
26	0	6	345	1514	1601
27	12	3	346	0	78
27	7	10	347	79	156
27	1	5	348	286	349
27	8	4	349	554	603
27	9	3	350	720	810
27	11	5	351	884	893
27	0	0	352	1111	1189
27	14	1	353	1189	1207
27	5	11	354	1265	1285
27	2	10	355	1309	1332
27	14	7	356	1455	1541
27	9	10	357	1600	1623
27	11	4	358	1627	1708
28	4	9	359	64	109
28	12	2	360	140	153
28	5	11	361	470	544
28	11	8	362	676	756
28	4	6	363	785	795
28	0	6	364	795	810
28	9	8	365	830	869
28	3	2	366	889	975
28	3	5	367	983	1020
28	8	6	368	1043	1066
28	4	7	369	1109	1197
28	1	11	370	1285	1372
28	12	10	371	1398	1419
28	0	1	372	1665	1737
29	1	9	373	666	730
29	7	7	374	760	839
29	13	9	375	858	933
29	6	3	376	954	1047
29	5	1	377	1150	1189
29	4	6	378	1197	1270
29	10	8	379	1278	1313
29	9	9	380	1346	1384
29	10	9	381	1384	1440
29	6	9	382	1517	1590
29	6	9	383	1590	1599
29	13	9	384	1729	1771


Solution History:
