This is the output of Heuristic Solver for Dual resource constrained flexible job shop Scheduling Problem.
Input file is: wfjsp8_9.txt
Method: TSN1_100000000_0.145527_5
Seed: 2
Number of Jobs: 15
Number of Operations: 107
Number of Machines: 5
Number of Operators: 5
CPU Time: 8.73343
obj: 1080
Best found lower bound:0
Solver gap (best found lower bound and upper bound difference): Not known


Final Solution:
Job	Machine	Operator	Operation	Start Time	Finish Time
0	3	1	0	185	265
0	4	0	1	266	313
0	1	2	2	383	450
0	1	4	3	632	688
0	0	3	4	833	862
1	1	4	5	133	221
1	0	4	6	300	360
1	1	2	7	361	383
1	2	3	8	402	460
1	2	3	9	472	533
1	0	4	10	543	632
1	4	0	11	865	943
1	0	3	12	1000	1067
2	0	4	13	58	97
2	4	0	14	245	266
2	2	1	15	332	385
2	2	3	16	587	604
2	1	4	17	746	829
2	1	4	18	962	984
2	1	1	19	984	1003
2	1	1	20	1003	1037
3	1	1	21	0	51
3	2	2	22	126	136
3	4	0	23	313	335
3	0	4	24	483	505
3	3	1	25	602	658
3	2	2	26	804	858
4	3	3	27	0	86
4	3	3	28	86	179
4	3	3	29	287	379
4	1	2	30	450	511
4	4	0	31	1023	1080
5	0	4	32	0	58
5	1	1	33	58	133
5	2	1	34	385	398
5	4	0	35	565	640
5	2	2	36	742	771
5	2	2	37	771	793
5	2	2	38	793	804
5	3	4	39	1006	1067
6	4	0	40	0	58
6	4	0	41	131	206
6	2	1	42	287	311
6	4	0	43	335	354
6	3	3	44	379	402
6	0	4	45	446	483
6	2	3	46	604	645
6	4	0	47	645	709
6	1	4	48	866	907
6	3	4	49	984	1006
7	2	2	50	136	233
7	0	3	51	252	282
7	1	2	52	300	361
7	1	2	53	511	540
7	4	0	54	540	565
7	4	0	55	709	773
7	0	3	56	929	1000
7	4	0	57	1007	1023
7	1	1	58	1037	1068
8	4	0	59	58	131
8	4	0	60	354	407
8	1	2	61	540	576
8	3	1	62	658	737
8	4	0	63	810	865
8	3	1	64	887	945
8	4	0	65	945	1007
8	0	3	66	1067	1080
9	2	2	67	0	8
9	0	4	68	97	131
9	0	3	69	185	252
9	2	1	70	311	332
9	2	2	71	945	978
10	2	2	72	8	35
10	1	4	73	221	300
10	0	4	74	360	446
10	2	3	75	533	587
10	1	2	76	591	624
10	0	3	77	667	735
10	0	1	78	737	782
10	0	1	79	782	833
10	1	4	80	833	866
10	3	1	81	945	981
11	4	0	82	206	245
11	1	2	83	576	591
11	1	4	84	688	746
11	4	0	85	773	810
11	2	2	86	858	945
12	0	1	87	133	185
12	2	2	88	233	255
12	3	1	89	265	287
12	4	0	90	407	481
12	4	0	91	481	517
12	2	2	92	645	742
13	2	2	93	35	126
13	3	1	94	402	448
13	2	3	95	460	472
13	3	1	96	506	544
13	3	1	97	544	602
13	0	3	98	862	929
13	2	2	99	978	1073
14	2	2	100	255	284
14	3	1	101	448	506
14	0	4	102	506	543
14	0	3	103	645	667
14	3	3	104	737	833
14	3	1	105	833	887
14	1	4	106	907	962


Solution History:
