This is the output of Heuristic Solver for Dual resource constrained flexible job shop Scheduling Problem.
Input file is: wfjsp12_1.txt
Method: TSN1_100000000_0.484132_5
Seed: 5
Number of Jobs: 25
Number of Operations: 179
Number of Machines: 10
Number of Operators: 10
CPU Time: 29.0523
obj: 941
Best found lower bound:0
Solver gap (best found lower bound and upper bound difference): Not known


Final Solution:
Job	Machine	Operator	Operation	Start Time	Finish Time
0	2	4	0	166	244
0	5	6	1	306	333
0	6	1	2	333	380
0	6	1	3	380	486
0	5	7	4	809	886
1	8	0	5	62	123
1	4	8	6	330	416
1	1	0	7	416	453
1	5	7	8	487	523
1	4	8	9	523	559
1	4	4	10	567	578
1	5	4	11	578	592
1	0	5	12	638	654
1	5	7	13	886	931
2	6	4	14	19	86
2	1	6	15	120	161
2	1	0	16	161	182
2	3	3	17	196	204
2	3	4	18	322	383
2	1	4	19	466	511
2	6	9	20	754	851
3	2	1	21	486	576
3	5	1	22	642	692
3	5	7	23	692	765
3	9	5	24	849	863
3	9	5	25	863	894
3	0	0	26	899	919
4	2	4	27	143	166
4	9	5	28	179	236
4	1	0	29	282	363
4	2	4	30	668	706
4	3	3	31	722	778
4	3	3	32	778	879
4	3	2	33	883	933
5	7	3	34	0	11
5	7	5	35	36	90
5	8	0	36	123	146
5	2	4	37	244	274
5	8	7	38	335	403
5	6	9	39	616	680
5	1	6	40	737	770
5	1	6	41	770	852
5	6	1	42	917	941
6	5	0	43	0	62
6	4	4	44	86	97
6	0	2	45	164	178
6	8	7	46	263	335
6	2	1	47	576	585
6	9	5	48	746	757
6	5	7	49	765	809
6	4	4	50	814	891
7	8	8	51	38	54
7	6	1	52	86	152
7	3	3	53	265	322
7	0	2	54	322	364
7	8	7	55	403	444
8	3	5	56	90	176
8	2	3	57	325	363
8	9	5	58	396	504
8	1	2	59	575	645
8	7	1	60	711	738
8	6	9	61	851	917
9	1	4	62	0	19
9	4	8	63	100	140
9	4	8	64	140	230
9	3	3	65	230	265
9	7	9	66	296	314
9	2	3	67	363	409
9	0	2	68	409	463
9	9	5	69	504	576
9	9	0	70	595	641
10	9	8	71	12	38
10	5	6	72	83	120
10	8	7	73	189	226
10	8	7	74	226	263
10	0	2	75	277	321
10	3	4	76	383	465
10	8	6	77	487	567
11	5	6	78	233	306
11	0	0	79	466	560
11	2	4	80	592	668
11	6	9	81	680	719
11	1	2	82	722	737
11	9	5	83	757	776
11	0	4	84	891	899
12	4	1	85	0	79
12	5	7	86	120	158
12	8	7	87	158	189
12	6	1	88	243	262
12	7	9	89	262	296
12	7	9	90	421	489
12	5	0	91	560	577
12	0	5	92	585	638
13	0	2	93	81	164
13	3	3	94	176	196
13	4	5	95	310	330
13	9	5	96	330	396
13	1	0	97	453	466
13	8	6	98	567	658
13	9	6	99	658	735
13	2	1	100	757	806
13	7	1	101	806	846
14	2	6	102	0	83
14	9	9	103	100	179
14	8	7	104	444	481
14	3	4	105	511	567
14	7	1	106	692	711
14	8	0	107	711	755
14	0	2	108	868	883
15	1	7	109	36	116
15	1	0	110	182	236
15	4	8	111	416	494
15	7	9	112	494	522
15	9	0	113	577	595
15	1	2	114	645	722
15	2	5	115	728	746
15	8	0	116	755	852
15	2	6	117	852	939
16	9	5	118	0	12
16	7	5	119	12	36
16	9	8	120	54	71
16	6	1	121	152	243
16	2	1	122	274	325
16	2	3	123	409	486
16	1	2	124	511	575
16	4	8	125	585	630
16	7	7	126	654	690
16	2	8	127	806	840
17	9	8	128	71	100
17	0	2	129	178	277
17	0	8	130	560	585
17	4	4	131	788	814
17	4	5	132	894	938
18	9	9	133	38	53
18	2	4	134	97	143
18	7	9	135	179	257
18	1	0	136	363	416
18	6	3	137	486	526
18	6	9	138	526	616
18	8	5	139	658	696
18	4	8	140	710	788
18	0	2	141	788	868
18	9	3	142	894	939
19	0	2	143	0	81
19	5	6	144	161	233
19	1	0	145	236	282
19	6	4	146	282	320
19	7	9	147	354	421
19	4	8	148	630	710
19	8	8	149	852	931
20	7	9	150	314	354
20	5	6	151	363	423
20	5	6	152	423	487
20	7	7	153	599	654
20	7	1	154	846	901
21	8	7	155	0	36
21	3	2	156	465	505
21	7	7	157	523	599
21	5	1	158	599	642
21	0	0	159	654	707
22	3	3	160	11	85
22	9	5	161	236	310
22	2	5	162	706	728
22	7	1	163	738	757
22	1	0	164	852	897
23	6	9	165	0	15
23	7	3	166	90	107
23	7	3	167	107	174
23	5	6	168	333	363
23	4	8	169	494	522
23	0	4	170	707	782
24	4	8	171	230	309
24	9	8	172	310	330
24	0	2	173	364	407
24	3	3	174	567	644
24	3	3	175	644	722
24	6	9	176	722	754
24	9	5	177	776	811
24	9	5	178	811	849


Solution History:
