This is the output of Heuristic Solver for Dual resource constrained flexible job shop Scheduling Problem.
Input file is: wfjsp6_3.txt
Method: TSN1_100000000_0.101585_5
Seed: 3
Number of Jobs: 12
Number of Operations: 65
Number of Machines: 5
Number of Operators: 5
CPU Time: 6.09602
obj: 745
Best found lower bound:0
Solver gap (best found lower bound and upper bound difference): Not known


Final Solution:
Job	Machine	Operator	Operation	Start Time	Finish Time
0	4	3	0	89	163
0	0	0	1	184	201
0	0	0	2	201	220
0	3	0	3	417	495
0	1	4	4	550	636
0	2	2	5	675	744
1	1	4	6	0	77
1	1	4	7	77	113
1	3	1	8	113	217
1	4	3	9	222	238
1	3	1	10	256	316
1	0	0	11	316	410
1	1	4	12	532	550
1	4	3	13	638	744
2	0	0	14	0	92
2	4	3	15	190	222
2	3	1	16	547	599
2	3	1	17	622	640
3	4	3	18	0	72
3	1	4	19	519	532
4	3	1	20	47	74
4	2	2	21	240	288
4	3	1	22	316	417
4	1	4	23	452	519
4	3	0	24	519	547
4	4	3	25	561	638
4	0	0	26	644	740
5	2	2	27	0	11
5	2	2	28	11	47
5	2	2	29	47	149
5	3	1	30	217	256
5	1	4	31	274	301
5	4	3	32	304	369
5	4	3	33	369	430
5	0	1	34	456	522
5	0	0	35	547	644
5	3	1	36	644	745
6	4	3	37	72	89
6	0	0	38	92	120
6	2	2	39	364	438
6	3	0	40	495	512
6	3	1	41	599	622
6	1	4	42	674	735
7	3	1	43	0	36
7	1	4	44	113	176
7	1	4	45	176	274
7	1	4	46	301	375
7	4	3	47	430	508
7	0	1	48	522	541
7	2	2	49	558	573
8	2	2	50	149	210
8	4	3	51	238	304
8	1	4	52	636	674
9	2	2	53	438	462
9	4	3	54	508	561
10	4	3	55	163	190
10	2	2	56	210	240
10	2	2	57	288	364
10	1	4	58	375	452
10	2	2	59	462	558
10	2	2	60	573	675
11	3	1	61	36	47
11	0	0	62	120	184
11	0	0	63	220	316
11	0	1	64	417	456


Solution History:
