This is the output of Heuristic Solver for Dual resource constrained flexible job shop Scheduling Problem.
Input file is: wfjsp23_9.txt
Method: TSN1_100000000_0.832920_5
Seed: 4
Number of Jobs: 30
Number of Operations: 369
Number of Machines: 15
Number of Operators: 12
CPU Time: 50.034
obj: 1623
Best found lower bound:0
Solver gap (best found lower bound and upper bound difference): Not known


Final Solution:
Job	Machine	Operator	Operation	Start Time	Finish Time
0	4	6	0	387	459
0	14	11	1	481	518
0	12	9	2	550	612
0	8	0	3	630	686
0	1	0	4	1055	1088
0	2	7	5	1209	1293
0	9	1	6	1309	1368
0	1	11	7	1369	1392
0	3	10	8	1465	1524
0	0	3	9	1536	1597
1	10	7	10	105	197
1	3	8	11	400	483
1	9	4	12	629	712
1	7	11	13	717	754
1	2	10	14	754	776
1	1	11	15	783	843
1	9	3	16	931	945
1	9	5	17	1182	1272
1	13	3	18	1322	1343
1	5	6	19	1378	1400
1	3	3	20	1412	1447
1	12	6	21	1466	1505
1	14	5	22	1515	1529
2	2	0	23	0	19
2	9	11	24	34	58
2	7	6	25	171	230
2	8	8	26	317	371
2	11	8	27	483	565
2	10	5	28	700	782
2	2	5	29	782	866
2	10	5	30	961	1016
2	14	11	31	1016	1081
2	5	0	32	1167	1222
2	4	9	33	1265	1344
2	12	8	34	1366	1380
2	11	1	35	1434	1530
3	6	2	36	0	29
3	14	2	37	29	48
3	11	5	38	87	101
3	2	5	39	101	159
3	11	8	40	647	711
3	6	3	41	755	838
3	14	3	42	838	863
3	9	3	43	863	881
3	5	8	44	884	907
3	3	3	45	998	1035
3	9	2	46	1443	1481
4	4	9	47	48	113
4	9	11	48	113	168
4	5	1	49	362	384
4	10	0	50	384	460
4	5	5	51	460	493
4	8	5	52	493	551
4	12	0	53	686	711
4	12	10	54	1210	1240
4	11	6	55	1297	1369
4	6	5	56	1534	1610
5	5	1	57	0	12
5	8	2	58	48	75
5	14	4	59	157	236
5	3	1	60	244	296
5	0	10	61	384	425
5	7	11	62	631	717
5	13	9	63	717	771
5	7	9	64	771	830
5	8	7	65	833	902
5	12	10	66	941	955
5	5	1	67	974	982
5	12	8	68	1050	1079
5	10	10	69	1392	1465
6	7	7	70	75	100
6	12	10	71	105	141
6	8	5	72	224	253
6	10	6	73	460	521
6	4	1	74	530	617
6	1	7	75	680	734
6	13	4	76	823	853
6	11	4	77	853	948
6	1	2	78	1013	1055
6	11	5	79	1060	1113
6	6	11	80	1118	1147
6	11	6	81	1219	1254
6	6	5	82	1358	1390
6	10	4	83	1496	1509
6	2	8	84	1560	1618
7	8	2	85	75	108
7	11	1	86	171	244
7	6	5	87	253	309
7	12	9	88	327	349
7	12	9	89	527	550
7	1	2	90	847	929
7	3	3	91	959	998
7	9	1	92	1077	1174
7	3	0	93	1222	1297
7	1	11	94	1319	1369
7	8	2	95	1369	1380
7	8	2	96	1380	1412
7	0	9	97	1416	1474
7	7	11	98	1536	1619
8	14	4	99	58	147
8	1	2	100	147	175
8	10	7	101	197	255
8	5	9	102	291	327
8	13	3	103	374	397
8	6	2	104	578	667
8	9	4	105	712	766
8	11	7	106	776	833
8	0	3	107	1154	1224
8	13	3	108	1224	1235
8	14	1	109	1249	1309
8	11	7	110	1375	1434
8	0	3	111	1597	1613
9	5	0	112	46	120
9	9	2	113	291	373
9	14	11	114	518	544
9	1	11	115	544	579
9	4	0	116	711	790
9	10	0	117	823	880
9	4	9	118	1026	1084
9	0	3	119	1123	1154
9	1	4	120	1154	1177
9	5	2	121	1305	1364
10	11	5	122	30	87
10	14	11	123	402	481
10	9	4	124	481	550
10	9	4	125	571	629
10	10	5	126	672	700
10	11	7	127	734	776
10	3	6	128	776	794
10	4	6	129	865	937
10	13	4	130	953	1031
10	11	8	131	1136	1219
10	5	2	132	1249	1305
10	4	9	133	1352	1416
10	5	9	134	1474	1505
10	7	6	135	1505	1531
10	4	9	136	1568	1583
11	0	3	137	75	131
11	13	3	138	131	188
11	12	8	139	199	221
11	11	7	140	255	311
11	0	10	141	311	384
11	11	8	142	565	647
11	0	11	143	1081	1118
11	13	3	144	1235	1322
11	1	0	145	1489	1567
11	8	7	146	1568	1610
12	2	9	147	19	48
12	7	3	148	230	258
12	11	5	149	311	378
12	12	0	150	468	527
12	5	0	151	527	585
12	3	6	152	602	627
12	3	6	153	684	697
12	4	6	154	794	865
12	2	0	155	880	913
12	7	8	156	1380	1465
12	14	5	157	1496	1515
13	9	3	158	0	34
13	8	3	159	34	46
13	14	4	160	236	315
13	4	3	161	317	374
13	2	9	162	447	508
13	5	1	163	865	877
13	1	11	164	929	1009
13	4	6	165	1089	1161
13	1	4	166	1177	1230
13	14	4	167	1319	1406
13	4	7	168	1434	1523
13	5	2	169	1535	1621
14	6	1	170	92	171
14	0	10	171	425	484
14	10	6	172	521	576
14	10	5	173	576	633
14	3	6	174	642	684
14	5	2	175	733	790
14	13	0	176	790	823
14	3	8	177	825	884
14	10	5	178	895	961
14	7	8	179	1035	1050
14	14	4	180	1081	1131
14	10	10	181	1524	1606
15	3	6	182	627	642
15	14	2	183	929	1013
15	13	3	184	1035	1123
15	1	7	185	1136	1145
15	10	7	186	1145	1209
15	8	8	187	1219	1276
15	6	5	188	1291	1358
15	7	6	189	1369	1378
15	5	6	190	1400	1456
15	10	11	191	1475	1496
15	6	3	192	1508	1534
15	12	9	193	1534	1568
16	0	7	194	20	75
16	8	2	195	108	140
16	6	1	196	387	463
16	13	2	197	463	497
16	0	10	198	512	587
16	7	0	199	587	630
16	13	1	200	631	644
16	14	3	201	648	706
16	8	3	202	706	755
16	5	1	203	982	1077
16	7	11	204	1229	1314
16	2	0	205	1316	1390
16	13	11	206	1392	1475
16	13	2	207	1481	1535
17	6	1	208	33	92
17	14	4	209	147	157
17	13	0	210	220	294
17	10	0	211	294	317
17	13	0	212	317	369
17	3	8	213	371	400
17	9	2	214	407	452
17	7	3	215	533	548
17	0	10	216	587	656
17	5	10	217	656	676
17	6	2	218	676	733
17	2	10	219	733	754
17	12	8	220	794	825
17	9	3	221	881	931
17	3	6	222	1531	1611
18	5	1	223	12	33
18	3	8	224	138	199
18	12	6	225	230	314
18	7	9	226	349	436
18	12	10	227	844	941
18	0	6	228	941	998
18	7	8	229	1003	1035
18	3	7	230	1046	1136
18	12	11	231	1147	1164
18	4	1	232	1174	1239
18	1	4	233	1263	1319
18	0	10	234	1319	1392
18	6	5	235	1392	1496
18	9	4	236	1509	1593
19	1	10	237	0	72
19	4	11	238	178	215
19	4	9	239	232	289
19	1	7	240	314	367
19	2	7	241	367	379
19	12	8	242	711	794
19	4	9	243	953	1026
19	9	4	244	1031	1077
19	7	8	245	1079	1098
19	8	5	246	1113	1172
19	8	7	247	1293	1307
20	12	8	248	0	82
20	14	11	249	315	402
20	4	1	250	463	530
20	12	9	251	612	674
20	4	9	252	674	705
20	14	1	253	706	742
20	0	10	254	776	844
20	6	1	255	877	974
20	2	7	256	974	1046
20	10	10	257	1047	1115
20	5	1	258	1239	1249
20	0	10	259	1249	1309
20	14	0	260	1411	1489
20	0	11	261	1496	1536
20	13	0	262	1567	1623
21	6	6	263	314	387
21	12	4	264	399	468
21	7	3	265	468	533
21	14	3	266	548	616
21	5	1	267	617	631
21	10	5	268	633	672
21	5	10	269	676	732
21	14	1	270	742	829
21	8	0	271	913	993
21	12	8	272	1291	1366
21	2	0	273	1390	1411
21	12	4	274	1411	1426
21	1	4	275	1426	1485
21	4	7	276	1523	1568
22	4	9	277	113	178
22	6	9	278	178	232
22	13	2	279	497	578
22	1	7	280	605	680
22	3	7	281	902	959
22	12	10	282	959	1047
22	1	8	283	1098	1136
22	14	0	284	1145	1167
22	10	7	285	1307	1375
22	5	9	286	1505	1529
22	4	9	287	1583	1610
23	0	7	288	0	20
23	4	0	289	20	46
23	7	3	290	46	75
23	1	8	291	82	138
23	11	6	292	138	158
23	9	5	293	168	208
23	8	5	294	208	224
23	8	3	295	258	317
23	8	3	296	397	451
23	3	6	297	1161	1219
24	13	4	298	0	26
24	0	3	299	202	227
24	2	8	300	227	296
24	10	4	301	317	338
24	11	7	302	379	478
24	3	10	303	484	512
24	9	4	304	550	571
24	1	7	305	579	605
24	13	1	306	644	706
24	0	6	307	706	764
24	9	4	308	766	821
24	7	8	309	919	1003
24	10	4	310	1131	1145
24	14	2	311	1167	1195
24	14	2	312	1195	1237
25	3	6	313	0	85
25	3	6	314	85	138
25	7	6	315	158	171
25	12	4	316	349	399
25	14	3	317	616	648
25	6	6	318	998	1089
25	2	9	319	1089	1143
25	7	11	320	1173	1229
25	11	6	321	1254	1297
25	3	0	322	1297	1316
25	2	2	323	1412	1443
25	2	6	324	1456	1466
26	11	5	325	0	30
26	10	4	326	30	58
26	10	10	327	72	105
26	0	10	328	141	202
26	4	11	329	215	231
26	3	1	330	296	304
26	8	5	331	378	388
26	6	7	332	478	567
26	2	6	333	576	602
26	8	11	334	755	783
27	9	10	335	208	290
27	3	1	336	304	362
27	1	2	337	373	407
27	7	9	338	830	919
27	0	5	339	1016	1060
27	5	2	340	1077	1160
27	9	10	341	1174	1182
27	12	10	342	1182	1210
27	10	4	343	1230	1263
27	12	8	344	1276	1291
27	9	1	345	1368	1431
28	5	0	346	120	220
28	1	11	347	233	314
28	0	11	348	844	928
28	8	0	349	993	1052
28	12	0	350	1088	1145
28	2	9	351	1145	1202
28	6	9	352	1202	1265
28	10	5	353	1272	1291
28	4	3	354	1344	1352
28	3	3	355	1352	1412
28	8	3	356	1447	1508
28	14	1	357	1530	1615
29	9	11	358	58	86
29	1	2	359	175	233
29	5	2	360	233	291
29	2	5	361	388	447
29	13	11	362	579	631
29	5	2	363	790	847
29	6	1	364	847	865
29	14	5	365	866	895
29	13	9	366	919	953
29	7	10	367	1115	1173
29	2	8	368	1466	1560


Solution History:
