This is the output of Heuristic Solver for Dual resource constrained flexible job shop Scheduling Problem.
Input file is: wfjsp6_1.txt
Method: TSN1_100000000_0.058190_5
Seed: 2
Number of Jobs: 12
Number of Operations: 70
Number of Machines: 5
Number of Operators: 5
CPU Time: 3.49241
obj: 699
Best found lower bound:0
Solver gap (best found lower bound and upper bound difference): Not known


Final Solution:
Job	Machine	Operator	Operation	Start Time	Finish Time
0	3	2	0	0	78
0	2	2	1	91	118
0	4	0	2	138	185
0	2	2	3	185	288
0	1	4	4	389	466
0	0	3	5	466	527
0	3	1	6	545	624
0	3	1	7	661	697
1	4	4	8	0	38
1	4	0	9	185	224
1	3	0	10	243	255
1	1	4	11	288	304
1	2	2	12	450	464
1	4	0	13	558	607
2	0	3	14	183	244
2	1	4	15	466	518
2	0	3	16	605	628
2	1	0	17	628	637
3	2	0	18	14	70
3	4	0	19	91	138
3	1	4	20	151	250
3	4	3	21	357	451
3	4	0	22	451	497
3	0	3	23	527	605
3	4	0	24	607	623
3	3	1	25	624	661
3	4	4	26	670	694
4	2	0	27	70	91
4	1	4	28	98	151
4	3	1	29	159	238
4	1	4	30	250	288
4	4	3	31	288	357
4	3	0	32	357	450
4	4	4	33	623	670
5	3	1	34	98	113
5	3	1	35	113	159
5	0	3	36	159	183
5	0	1	37	244	282
5	2	2	38	548	622
5	0	3	39	628	684
6	4	4	40	38	68
6	3	0	41	255	345
6	0	1	42	423	446
6	2	2	43	487	548
6	1	4	44	611	622
7	2	0	45	0	14
7	0	3	46	75	153
7	1	4	47	324	332
7	0	3	48	451	459
7	2	2	49	622	664
8	0	3	50	0	75
8	4	4	51	75	88
8	2	2	52	118	174
8	1	4	53	332	389
8	1	4	54	518	564
8	1	4	55	564	611
9	1	1	56	0	98
9	4	3	57	244	282
9	0	1	58	282	373
9	2	2	59	380	450
9	2	2	60	464	487
9	4	0	61	497	558
10	1	4	62	304	324
10	2	2	63	338	380
10	3	1	64	450	545
10	2	2	65	664	699
11	4	0	66	224	243
11	2	2	67	288	338
11	0	1	68	373	423
11	1	0	69	637	696


Solution History:
