This is the output of Heuristic Solver for Dual resource constrained flexible job shop Scheduling Problem.
Input file is: wfjsp20_10.txt
Method: TSN1_100000000_0.289417_5
Seed: 5
Number of Jobs: 25
Number of Operations: 194
Number of Machines: 10
Number of Operators: 8
CPU Time: 17.3698
obj: 1387
Best found lower bound:0
Solver gap (best found lower bound and upper bound difference): Not known


Final Solution:
Job	Machine	Operator	Operation	Start Time	Finish Time
0	7	6	0	213	285
0	9	5	1	285	372
0	3	7	2	407	470
0	1	2	3	470	557
0	0	7	4	754	807
0	8	1	5	854	885
0	3	7	6	1026	1055
0	5	2	7	1263	1318
1	6	7	8	96	190
1	8	3	9	276	301
1	5	4	10	416	458
1	9	3	11	503	541
1	4	3	12	632	721
1	6	2	13	994	1081
1	9	0	14	1081	1147
1	1	1	15	1230	1312
2	2	5	16	0	81
2	4	6	17	125	136
2	1	6	18	136	144
2	6	1	19	229	280
2	1	1	20	280	347
2	4	4	21	477	566
2	8	2	22	578	627
2	6	3	23	1221	1293
3	8	0	24	164	210
3	9	5	25	242	262
3	7	6	26	756	800
3	5	4	27	926	943
3	4	6	28	1292	1376
4	9	7	29	0	31
4	2	4	30	569	641
4	1	2	31	729	816
4	2	1	32	891	959
4	7	1	33	959	995
4	5	4	34	1212	1263
5	4	2	35	0	81
5	8	3	36	130	146
5	4	3	37	146	170
5	2	4	38	458	477
5	4	0	39	568	618
5	0	2	40	628	662
5	3	5	41	794	887
5	8	3	42	1155	1221
6	0	5	43	81	172
6	8	0	44	260	276
6	8	1	45	347	362
6	9	3	46	395	465
6	0	0	47	989	1039
6	7	1	48	1312	1327
7	6	1	49	0	91
7	5	4	50	335	416
7	8	3	51	477	503
7	5	4	52	641	710
7	1	7	53	1167	1175
8	5	4	54	126	206
8	5	4	55	206	282
8	0	2	56	557	578
8	6	1	57	590	659
8	5	0	58	710	746
8	0	7	59	746	754
8	8	1	60	762	854
8	1	2	61	947	994
8	4	4	62	1078	1168
9	4	3	63	193	269
9	6	7	64	280	368
9	4	5	65	372	448
9	7	0	66	519	568
9	9	5	67	569	617
9	6	4	68	710	728
9	9	5	69	887	907
9	0	5	70	1166	1185
9	1	7	71	1345	1369
10	0	6	72	0	49
10	2	1	73	91	139
10	7	3	74	170	193
10	5	5	75	458	523
10	2	6	76	643	690
11	8	0	77	0	43
11	3	2	78	81	119
11	0	0	79	349	431
11	6	1	80	553	590
11	0	6	81	690	723
11	8	1	82	735	762
11	4	5	83	911	923
11	4	5	84	1185	1272
11	5	0	85	1318	1354
12	3	4	86	0	40
12	9	6	87	144	213
12	2	6	88	371	439
12	3	7	89	1012	1026
12	2	5	90	1043	1130
13	1	7	91	31	96
13	7	0	92	132	164
13	1	1	93	211	229
13	3	7	94	512	601
13	7	5	95	643	693
13	9	3	96	721	803
13	9	3	97	803	884
13	1	6	98	1089	1155
13	9	2	99	1166	1248
13	6	3	100	1293	1380
14	8	6	101	49	125
14	0	7	102	190	278
14	4	2	103	278	367
14	3	7	104	470	512
14	8	6	105	542	575
14	4	0	106	746	797
14	8	0	107	887	974
14	0	0	108	974	989
15	3	6	109	285	371
15	1	6	110	439	451
15	6	7	111	807	871
15	1	7	112	871	938
15	3	4	113	943	996
15	1	6	114	999	1089
15	6	7	115	1096	1167
16	3	2	116	188	276
16	8	1	117	362	441
16	2	5	118	693	762
16	4	2	119	824	911
16	2	6	120	971	999
16	6	4	121	1168	1212
16	9	5	122	1272	1362
16	5	4	123	1362	1387
17	2	5	124	172	242
17	8	0	125	242	260
17	2	5	126	262	285
17	1	7	127	368	407
17	0	7	128	601	628
17	4	0	129	797	824
17	9	2	130	911	947
18	7	3	131	0	50
18	3	2	132	119	141
18	7	3	133	301	395
18	2	5	134	448	458
18	5	3	135	541	632
18	1	7	136	632	645
18	0	0	137	824	887
18	0	6	138	891	971
18	5	3	139	973	995
18	3	0	140	1244	1317
19	7	3	141	50	130
19	2	4	142	285	335
19	0	6	143	451	542
19	1	2	144	662	729
19	6	4	145	729	796
19	2	5	146	1130	1142
19	0	7	147	1185	1280
20	0	0	148	278	349
20	6	2	149	368	457
20	2	5	150	523	569
20	1	7	151	645	656
20	7	6	152	723	756
20	7	3	153	995	1076
20	7	3	154	1076	1155
20	3	6	155	1155	1236
20	2	4	156	1263	1354
21	9	0	157	43	132
21	8	1	158	441	477
21	3	5	159	617	641
21	8	1	160	659	735
21	4	5	161	923	1006
21	0	0	162	1039	1070
21	8	7	163	1280	1345
22	5	4	164	40	126
22	3	2	165	141	188
22	6	1	166	477	553
22	7	6	167	575	643
22	5	5	168	762	794
22	5	4	169	796	841
22	2	6	170	845	891
22	8	1	171	995	1084
22	0	2	172	1084	1166
22	3	2	173	1318	1384
23	8	0	174	210	241
23	9	0	175	618	707
23	7	6	176	800	845
23	6	3	177	884	973
23	3	4	178	996	1012
23	4	4	179	1012	1078
23	8	7	180	1084	1096
23	7	0	181	1155	1222
23	8	0	182	1222	1244
23	7	1	183	1327	1383
24	1	1	184	144	211
24	7	0	185	431	519
24	3	7	186	656	744
24	5	4	187	841	926
24	9	7	188	947	1009
24	2	5	189	1009	1043
24	3	7	190	1055	1080
24	5	1	191	1084	1172
24	1	1	192	1175	1230
24	7	6	193	1236	1292


Solution History:
