This is the output of Heuristic Solver for Dual resource constrained flexible job shop Scheduling Problem.
Input file is: wfjsp21_1.txt
Method: TSN1_100000000_0.600775_5
Seed: 2
Number of Jobs: 25
Number of Operations: 248
Number of Machines: 15
Number of Operators: 12
CPU Time: 36.0593
obj: 1076
Best found lower bound:0
Solver gap (best found lower bound and upper bound difference): Not known


Final Solution:
Job	Machine	Operator	Operation	Start Time	Finish Time
0	11	0	0	122	188
0	10	0	1	188	211
0	7	2	2	211	261
0	14	2	3	261	341
0	6	9	4	442	522
0	6	9	5	522	598
0	1	8	6	612	684
0	13	10	7	761	787
0	11	4	8	876	914
0	5	7	9	917	951
0	6	9	10	951	960
1	5	3	11	0	16
1	9	3	12	16	28
1	1	11	13	43	95
1	8	11	14	95	150
1	6	9	15	167	212
1	1	0	16	212	233
1	5	7	17	233	241
1	9	5	18	388	446
1	10	8	19	787	832
1	12	3	20	901	979
2	2	4	21	329	411
2	10	3	22	462	509
2	7	2	23	509	580
2	6	5	24	598	614
2	0	7	25	615	649
2	8	11	26	658	680
2	0	6	27	695	717
2	14	2	28	717	770
2	3	5	29	950	1034
3	12	7	30	0	36
3	0	4	31	36	92
3	13	3	32	117	195
3	14	3	33	195	240
3	7	1	34	364	379
3	2	1	35	440	482
3	3	5	36	573	596
3	1	8	37	1040	1073
4	7	0	38	0	66
4	8	11	39	150	204
4	14	2	40	341	377
4	0	9	41	718	801
4	11	7	42	808	835
4	13	5	43	835	890
4	4	5	44	890	903
4	2	4	45	1008	1020
5	8	6	46	0	72
5	5	10	47	75	84
5	3	11	48	211	220
5	8	1	49	220	258
5	10	6	50	387	462
5	1	6	51	462	479
5	1	8	52	479	534
5	2	0	53	625	674
5	1	8	54	684	724
5	10	8	55	748	787
5	3	0	56	787	877
5	6	6	57	886	928
6	11	10	58	225	313
6	8	9	59	313	368
6	6	10	60	417	442
6	7	0	61	442	497
6	12	7	62	505	523
6	14	3	63	572	618
6	7	4	64	621	713
6	1	2	65	770	808
6	5	9	66	1036	1054
7	3	5	67	57	106
7	3	11	68	220	279
7	3	11	69	292	351
7	13	0	70	371	416
7	7	0	71	416	440
7	3	11	72	443	482
7	13	4	73	505	541
7	10	4	74	541	581
7	9	1	75	980	1028
8	4	7	76	75	154
8	12	7	77	154	226
8	1	8	78	238	313
8	5	4	79	411	502
8	0	7	80	523	597
8	9	5	81	614	652
8	10	10	82	659	676
8	2	1	83	676	700
8	3	10	84	752	761
8	6	9	85	960	1036
9	6	9	86	0	38
9	4	10	87	38	74
9	13	6	88	74	89
9	9	6	89	89	120
9	0	6	90	148	204
9	4	1	91	204	219
9	12	3	92	398	459
9	8	3	93	830	901
10	5	2	94	16	36
10	3	2	95	36	57
10	10	0	96	66	122
10	8	11	97	279	292
10	11	10	98	313	417
10	12	3	99	676	753
10	14	10	100	901	956
10	4	7	101	1024	1069
11	7	9	102	79	167
11	7	1	103	287	364
11	0	9	104	368	407
11	4	5	105	467	529
11	2	3	106	554	572
11	7	4	107	581	621
11	3	8	108	735	748
11	2	1	109	793	873
11	1	11	110	904	958
12	11	3	111	36	117
12	7	8	112	167	191
12	10	8	113	216	238
12	4	3	114	240	315
12	5	10	115	678	697
12	2	1	116	700	793
12	0	2	117	808	907
12	6	6	118	928	940
12	11	11	119	964	989
13	9	5	120	124	141
13	3	11	121	351	443
13	3	1	122	482	533
13	3	1	123	596	675
13	5	10	124	697	752
13	6	6	125	808	847
13	6	6	126	847	886
13	10	0	127	886	912
13	9	1	128	953	980
13	0	10	129	980	1073
14	1	11	130	0	21
14	1	11	131	21	43
14	2	8	132	45	85
14	6	5	133	106	124
14	2	4	134	158	202
14	10	0	135	238	320
14	2	0	136	572	625
14	7	4	137	713	749
14	5	4	138	767	876
14	5	7	139	876	917
14	4	2	140	917	993
14	7	2	141	993	1069
15	5	7	142	36	75
15	6	9	143	212	288
15	4	6	144	315	387
15	14	1	145	387	440
15	12	2	146	467	505
15	11	10	147	520	589
15	5	9	148	598	678
15	7	3	149	753	830
15	10	8	150	832	869
15	11	0	151	914	964
15	8	0	152	964	1018
15	12	0	153	1018	1072
16	14	1	154	107	154
16	2	4	155	202	239
16	9	5	156	278	316
16	5	7	157	316	402
16	4	2	158	417	467
16	12	6	159	532	595
16	4	2	160	595	673
16	13	0	161	674	752
17	0	10	162	0	21
17	11	4	163	21	36
17	6	9	164	38	79
17	1	4	165	95	111
17	3	10	166	111	130
17	5	10	167	130	187
17	11	10	168	188	225
17	7	1	169	261	287
17	9	5	170	316	388
17	9	5	171	652	728
17	1	4	172	749	767
18	13	5	173	0	54
18	12	2	174	57	134
18	12	7	175	241	316
18	11	10	176	487	520
18	14	3	177	520	554
18	6	9	178	678	718
18	14	10	179	787	824
18	12	10	180	824	901
18	9	1	181	901	953
18	10	8	182	953	1028
18	14	1	183	1028	1055
19	9	5	184	141	215
19	8	8	185	388	478
19	3	1	186	533	573
19	4	1	187	573	592
19	12	11	188	596	658
19	14	2	189	673	711
19	11	6	190	717	808
19	14	11	191	845	884
19	3	11	192	884	904
19	13	5	193	904	950
19	5	7	194	951	1019
20	14	1	195	0	107
20	1	6	196	120	129
20	3	2	197	134	211
20	9	5	198	215	278
20	10	0	199	320	371
20	6	2	200	377	417
20	13	7	201	427	505
20	2	0	202	505	553
20	6	3	203	618	676
20	11	7	204	835	864
20	7	8	205	869	948
20	8	6	206	1024	1055
21	2	8	207	0	45
21	13	10	208	89	109
21	2	4	209	111	158
21	13	8	210	195	216
21	1	8	211	313	388
21	0	7	212	597	615
21	6	7	213	727	805
21	9	9	214	805	826
21	1	9	215	826	904
21	2	4	216	914	932
21	1	11	217	989	1040
21	9	5	218	1040	1076
22	2	4	219	239	329
22	11	10	220	442	487
22	9	6	221	487	532
22	9	8	222	534	612
22	0	7	223	649	682
22	10	7	224	682	727
22	8	11	225	735	824
22	14	11	226	824	845
22	13	6	227	950	1024
23	0	8	228	92	148
23	4	1	229	154	203
23	0	7	230	407	427
23	5	11	231	502	596
23	11	10	232	596	632
23	11	6	233	635	695
23	3	11	234	695	735
23	4	5	235	735	815
23	3	9	236	904	944
23	1	10	237	958	978
23	2	4	238	1020	1064
24	0	6	239	204	285
24	12	3	240	316	398
24	10	2	241	581	594
24	8	6	242	595	635
24	14	10	243	635	659
24	12	0	244	753	777
24	2	4	245	932	1008
24	4	3	246	1008	1024
24	11	3	247	1024	1075


Solution History:
