This is the output of Heuristic Solver for Dual resource constrained flexible job shop Scheduling Problem.
Input file is: wfjsp18_8.txt
Method: TSN1_100000000_0.214082_5
Seed: 4
Number of Jobs: 20
Number of Operations: 151
Number of Machines: 10
Number of Operators: 8
CPU Time: 12.8495
obj: 1028
Best found lower bound:0
Solver gap (best found lower bound and upper bound difference): Not known


Final Solution:
Job	Machine	Operator	Operation	Start Time	Finish Time
0	6	0	0	13	40
0	5	2	1	340	402
0	1	1	2	402	430
0	9	0	3	456	516
0	7	0	4	851	924
1	2	2	5	0	54
1	6	6	6	54	119
1	9	6	7	119	131
1	1	2	8	203	250
1	5	4	9	403	454
1	9	1	10	717	745
1	4	7	11	784	867
1	6	6	12	916	924
2	4	4	13	40	129
2	8	0	14	309	328
2	1	1	15	341	402
2	0	4	16	472	542
2	1	1	17	542	570
2	9	1	18	570	630
2	3	5	19	921	964
3	9	6	20	0	41
3	1	0	21	41	85
3	7	5	22	101	161
3	4	5	23	161	216
3	4	7	24	318	386
3	3	5	25	426	520
3	2	0	26	520	594
3	7	5	27	776	847
3	9	3	28	847	912
3	9	0	29	924	998
4	0	1	30	48	114
4	3	5	31	360	426
4	1	2	32	471	525
4	6	2	33	553	597
4	4	7	34	646	730
4	0	1	35	745	833
4	4	5	36	983	1011
5	5	7	37	83	107
5	1	1	38	114	181
5	2	1	39	206	215
5	6	6	40	225	292
5	3	2	41	525	553
5	4	7	42	730	741
5	4	7	43	741	784
5	3	7	44	964	1002
6	7	5	45	0	45
6	8	3	46	75	163
6	4	5	47	216	257
6	6	6	48	292	351
6	7	6	49	717	776
6	1	2	50	776	856
7	6	0	51	0	13
7	4	4	52	24	40
7	3	7	53	42	83
7	5	7	54	221	279
7	1	2	55	322	340
7	6	3	56	727	801
8	9	2	57	131	184
8	7	5	58	257	326
8	8	5	59	520	558
8	2	2	60	684	774
8	9	0	61	774	829
8	2	0	62	829	851
8	4	5	63	964	983
8	1	3	64	983	1027
9	2	2	65	54	126
9	7	3	66	227	244
9	6	0	67	382	401
9	8	3	68	420	467
9	5	3	69	467	525
9	0	0	70	607	663
9	9	0	71	663	680
9	3	2	72	856	919
9	7	6	73	924	968
10	5	7	74	107	137
10	6	6	75	137	165
10	0	1	76	181	206
10	2	2	77	410	471
10	5	7	78	590	631
10	0	1	79	833	859
10	1	3	80	912	983
11	1	4	81	0	24
11	3	0	82	85	139
11	7	3	83	163	227
11	0	0	84	227	305
11	7	1	85	630	717
11	3	3	86	801	843
11	5	5	87	855	921
11	5	2	88	921	975
12	5	3	89	0	75
12	6	6	90	165	225
12	3	3	91	244	319
12	3	5	92	558	631
12	0	4	93	663	729
12	5	4	94	729	748
12	6	6	95	801	871
12	7	6	96	968	1028
13	5	7	97	137	221
13	0	0	98	328	382
13	4	7	99	386	451
13	5	3	100	525	590
13	1	3	101	634	727
13	5	4	102	748	855
13	0	1	103	859	926
14	3	0	104	139	227
14	5	4	105	309	335
14	0	4	106	456	472
14	6	6	107	480	552
14	7	6	108	552	585
14	7	6	109	585	606
14	8	4	110	607	658
14	0	1	111	926	995
15	2	4	112	129	167
15	8	4	113	241	309
15	2	6	114	351	410
15	7	1	115	430	520
15	4	7	116	533	577
15	8	0	117	680	758
15	6	6	118	871	884
15	8	4	119	937	999
15	6	2	120	999	1014
16	8	4	121	167	241
16	1	2	122	250	322
16	3	5	123	326	360
16	4	7	124	451	533
16	1	3	125	590	634
16	2	2	126	634	684
17	0	1	127	0	48
17	8	5	128	48	71
17	7	5	129	71	101
17	2	1	130	282	341
17	7	3	131	349	420
17	0	4	132	542	607
17	3	5	133	631	701
17	3	5	134	701	770
17	1	4	135	856	886
17	8	4	136	886	937
18	2	2	137	184	203
18	4	7	138	279	318
18	9	3	139	319	349
18	0	0	140	401	456
18	1	1	141	525	542
18	4	6	142	609	646
18	6	6	143	646	713
18	6	6	144	884	916
19	8	7	145	0	42
19	2	1	146	215	282
19	8	4	147	335	403
19	6	6	148	410	480
19	4	2	149	597	609
19	4	7	150	867	948


Solution History:
