This is the output of Heuristic Solver for Dual resource constrained flexible job shop Scheduling Problem.
Input file is: wfjsp9_4.txt
Method: TSN1_100000000_0.270350_5
Seed: 5
Number of Jobs: 15
Number of Operations: 137
Number of Machines: 5
Number of Operators: 5
CPU Time: 16.2247
obj: 1388
Best found lower bound:0
Solver gap (best found lower bound and upper bound difference): Not known


Final Solution:
Job	Machine	Operator	Operation	Start Time	Finish Time
0	1	3	0	130	205
0	1	3	1	249	310
0	4	0	2	424	498
0	4	0	3	498	560
0	0	2	4	881	976
0	2	1	5	1001	1032
0	4	4	6	1101	1144
0	0	2	7	1169	1182
0	4	2	8	1269	1315
1	0	4	9	0	23
1	2	1	10	103	117
1	1	3	11	310	346
1	1	3	12	403	471
1	2	1	13	503	528
1	4	4	14	672	752
1	3	0	15	867	941
1	3	0	16	941	1002
1	2	4	17	1207	1256
2	0	2	18	49	82
2	0	2	19	159	175
2	0	4	20	175	222
2	0	4	21	222	296
2	2	1	22	573	584
2	3	0	23	594	659
2	0	2	24	670	744
2	4	4	25	752	766
2	0	2	26	808	881
2	0	1	27	1265	1339
3	3	0	28	51	134
3	3	2	29	193	242
3	2	1	30	283	383
3	0	4	31	471	537
3	2	1	32	719	790
3	0	2	33	1106	1153
3	0	2	34	1153	1169
3	1	3	35	1187	1254
3	4	2	36	1356	1386
4	2	1	37	0	25
4	4	4	38	98	160
4	0	4	39	296	346
4	0	2	40	613	670
4	4	4	41	766	805
4	1	3	42	829	884
4	2	1	43	930	1001
4	2	1	44	1116	1190
4	1	4	45	1256	1321
4	4	2	46	1321	1356
5	3	2	47	0	24
5	4	0	48	262	327
5	3	2	49	481	515
5	3	2	50	515	566
5	2	1	51	584	615
5	1	3	52	1001	1093
5	3	0	53	1147	1191
5	2	4	54	1192	1207
5	2	3	55	1349	1382
6	1	3	56	0	74
6	1	3	57	118	130
6	1	3	58	503	577
6	4	4	59	917	961
6	0	2	60	1045	1106
6	1	3	61	1106	1150
6	0	2	62	1233	1264
6	1	4	63	1321	1335
7	3	2	64	24	49
7	1	3	65	74	118
7	2	1	66	118	177
7	3	2	67	242	285
7	1	3	68	471	503
7	4	4	69	569	625
7	1	3	70	628	692
7	0	2	71	774	808
7	3	0	72	1097	1147
8	2	1	73	25	103
8	0	2	74	112	159
8	4	4	75	160	173
8	0	4	76	346	422
8	0	4	77	422	471
8	0	2	78	587	613
8	2	1	79	615	691
8	1	3	80	692	755
9	3	2	81	285	345
9	3	2	82	345	399
9	3	0	83	566	594
9	3	0	84	659	760
9	4	4	85	805	827
9	3	0	86	1066	1097
9	1	3	87	1150	1187
9	3	0	88	1269	1341
9	0	1	89	1341	1388
10	0	4	90	23	47
10	0	2	91	82	112
10	2	1	92	177	253
10	1	3	93	346	403
10	2	1	94	461	503
10	2	1	95	528	573
10	2	1	96	790	857
10	3	0	97	1002	1066
10	1	4	98	1335	1378
11	3	0	99	134	146
11	1	3	100	205	249
11	2	1	101	253	283
11	4	0	102	327	355
11	2	1	103	383	433
11	0	2	104	569	587
11	1	3	105	755	829
11	3	1	106	1191	1265
12	4	4	107	51	98
12	3	0	108	146	193
12	4	0	109	193	262
12	4	0	110	355	424
12	1	3	111	577	628
12	3	0	112	760	827
12	2	1	113	857	930
12	1	3	114	948	958
12	4	4	115	961	1052
12	4	4	116	1144	1192
13	3	2	117	399	481
13	0	4	118	537	569
13	4	4	119	625	672
13	2	1	120	691	719
13	0	2	121	744	774
13	3	0	122	827	867
13	1	3	123	884	948
13	1	3	124	958	1001
13	2	1	125	1032	1116
13	4	0	126	1192	1269
14	4	0	127	0	51
14	2	1	128	433	461
14	4	4	129	827	917
14	0	2	130	976	1045
14	4	4	131	1052	1101
14	0	2	132	1182	1233
14	2	3	133	1256	1272
14	2	3	134	1272	1312
14	2	3	135	1312	1349
14	3	0	136	1349	1383


Solution History:
