This is the output of Heuristic Solver for Dual resource constrained flexible job shop Scheduling Problem.
Input file is: wfjsp19_7.txt
Method: TSN1_100000000_0.211315_5
Seed: 3
Number of Jobs: 20
Number of Operations: 199
Number of Machines: 10
Number of Operators: 8
CPU Time: 12.6859
obj: 1297
Best found lower bound:0
Solver gap (best found lower bound and upper bound difference): Not known


Final Solution:
Job	Machine	Operator	Operation	Start Time	Finish Time
0	5	3	0	359	439
0	0	7	1	456	469
0	2	7	2	469	509
0	0	1	3	600	695
0	7	4	4	738	765
0	7	6	5	1258	1297
1	0	2	6	0	34
1	7	3	7	94	135
1	9	1	8	174	183
1	0	1	9	188	229
1	9	6	10	328	407
1	5	3	11	604	670
1	3	2	12	674	753
1	9	6	13	765	816
1	0	6	14	823	860
1	7	4	15	1024	1039
1	9	3	16	1039	1116
1	1	4	17	1124	1203
1	4	4	18	1203	1265
2	2	5	19	74	153
2	9	6	20	235	300
2	7	3	21	301	329
2	3	4	22	349	360
2	4	4	23	360	438
2	4	4	24	438	452
2	3	1	25	453	507
2	6	4	26	530	543
2	3	5	27	879	953
2	4	4	28	953	1010
2	3	5	29	1031	1056
2	6	5	30	1056	1134
2	0	5	31	1209	1287
3	6	0	32	85	169
3	4	4	33	181	192
3	4	4	34	192	273
3	6	5	35	290	373
3	5	3	36	480	508
3	2	0	37	527	552
3	1	1	38	563	600
3	6	0	39	609	672
3	5	3	40	805	873
3	9	1	41	928	1001
3	1	1	42	1001	1088
3	0	2	43	1174	1209
4	5	6	44	301	325
4	8	1	45	330	367
4	8	2	46	590	674
4	1	1	47	695	749
4	2	0	48	749	805
4	4	2	49	823	880
4	2	4	50	920	944
4	1	7	51	946	979
4	8	2	52	1055	1127
4	9	1	53	1184	1214
4	3	1	54	1214	1228
4	9	3	55	1228	1280
5	2	5	56	0	74
5	3	4	57	94	137
5	1	7	58	138	177
5	5	3	59	275	301
5	9	0	60	301	328
5	0	2	61	328	363
5	8	5	62	373	422
5	4	7	63	509	577
5	9	6	64	582	657
5	0	6	65	717	765
5	3	5	66	953	1031
6	6	0	67	0	85
6	0	6	68	471	532
6	6	0	69	552	609
6	0	6	70	697	717
6	8	5	71	729	789
6	6	1	72	789	850
6	1	7	73	854	946
6	7	6	74	966	1013
6	9	6	75	1013	1033
6	2	6	76	1033	1074
6	1	2	77	1209	1292
7	4	7	78	89	124
7	2	0	79	373	411
7	4	7	80	633	709
7	9	7	81	717	731
7	5	3	82	1184	1197
8	8	2	83	107	165
8	7	5	84	263	290
8	2	0	85	345	373
8	6	1	86	396	453
8	5	3	87	748	805
8	8	4	88	862	913
8	7	4	89	1013	1024
8	0	6	90	1101	1174
8	6	0	91	1191	1225
9	8	7	92	0	35
9	7	7	93	35	52
9	8	2	94	78	107
9	2	7	95	177	251
9	4	1	96	316	330
9	2	6	97	411	462
9	5	0	98	508	527
9	0	2	99	765	823
9	6	1	100	850	928
9	8	2	101	1025	1055
9	2	7	102	1128	1221
10	1	6	103	0	50
10	3	4	104	57	94
10	7	5	105	205	263
10	1	4	106	291	349
10	7	7	107	349	382
10	1	7	108	800	854
11	3	1	109	0	28
11	5	3	110	66	94
11	7	4	111	137	148
11	3	4	112	148	181
11	2	7	113	301	345
11	1	2	114	363	441
11	0	6	115	532	582
11	8	4	116	789	862
11	3	6	117	862	879
11	3	5	118	1161	1206
12	2	0	119	261	301
12	5	3	120	329	359
12	9	0	121	411	507
12	4	7	122	577	620
12	5	3	123	670	748
12	8	2	124	913	997
12	5	0	125	1054	1137
12	5	3	126	1197	1228
12	8	7	127	1228	1265
12	2	4	128	1265	1279
13	5	3	129	0	30
13	4	6	130	50	86
13	5	7	131	124	138
13	0	6	132	138	179
13	6	0	133	179	261
13	7	6	134	462	471
13	7	6	135	657	697
13	5	3	136	873	952
13	0	7	137	979	1046
13	4	7	138	1046	1114
13	2	7	139	1114	1128
13	4	2	140	1128	1169
13	6	1	141	1228	1281
14	5	3	142	218	275
14	7	7	143	382	456
14	6	4	144	456	530
14	3	5	145	590	639
14	7	4	146	707	738
14	6	0	147	928	1011
14	7	4	148	1039	1124
15	5	3	149	30	66
15	9	1	150	107	174
15	8	2	151	174	251
15	6	4	152	273	290
15	0	1	153	367	396
15	6	4	154	672	707
15	2	0	155	805	834
16	9	1	156	28	107
16	9	6	157	188	235
16	3	2	158	251	320
16	5	3	159	439	480
16	3	2	160	509	566
16	7	4	161	566	655
16	2	5	162	655	729
16	4	7	163	731	800
16	7	6	164	879	966
16	8	2	165	997	1025
16	5	0	166	1025	1054
16	0	1	167	1088	1097
16	3	1	168	1101	1161
16	7	6	169	1174	1258
16	8	7	170	1265	1282
17	4	4	171	0	41
17	8	4	172	41	57
17	7	7	173	57	89
17	1	6	174	89	125
17	7	5	175	153	205
17	1	1	176	229	255
17	8	1	177	255	279
17	4	1	178	279	316
17	4	2	179	452	509
17	3	2	180	566	590
17	1	7	181	620	633
17	9	0	182	672	717
17	5	3	183	952	1024
17	3	6	184	1074	1101
17	9	3	185	1116	1184
18	0	2	186	34	78
18	0	6	187	179	188
18	8	5	188	489	573
18	2	0	189	834	920
18	5	0	190	1228	1289
19	5	3	191	138	218
19	1	7	192	255	291
19	8	5	193	422	489
19	1	1	194	507	563
19	5	3	195	563	604
19	1	1	196	749	787
19	7	5	197	789	868
19	6	0	198	1137	1191


Solution History:
