This is the output of Heuristic Solver for Dual resource constrained flexible job shop Scheduling Problem.
Input file is: wfjsp11_7.txt
Method: TSN1_100000000_0.243092_5
Seed: 2
Number of Jobs: 20
Number of Operations: 199
Number of Machines: 10
Number of Operators: 10
CPU Time: 14.591
obj: 1051
Best found lower bound:0
Solver gap (best found lower bound and upper bound difference): Not known


Final Solution:
Job	Machine	Operator	Operation	Start Time	Finish Time
0	5	6	0	0	75
0	0	0	1	112	127
0	2	1	2	139	179
0	0	3	3	281	393
0	7	0	4	636	661
0	2	3	5	814	851
1	1	4	6	36	68
1	3	5	7	78	114
1	3	9	8	121	129
1	0	5	9	131	167
1	4	8	10	167	244
1	6	0	11	250	312
1	3	5	12	424	498
1	9	1	13	537	597
1	2	1	14	597	630
1	3	5	15	655	673
1	9	7	16	676	753
1	7	9	17	863	938
1	4	0	18	968	1022
2	8	7	19	31	99
2	1	9	20	131	206
2	7	9	21	229	259
2	8	4	22	312	322
2	2	1	23	362	447
2	2	2	24	453	465
2	3	5	25	498	564
2	6	2	26	620	631
2	7	8	27	661	737
2	8	6	28	770	816
2	3	0	29	851	879
2	6	2	30	887	970
2	9	8	31	970	1045
3	2	1	32	0	72
3	3	0	33	168	183
3	9	1	34	275	358
3	7	8	35	358	432
3	5	6	36	448	471
3	0	3	37	471	491
3	7	3	38	491	523
3	8	4	39	523	594
3	5	6	40	594	671
3	9	7	41	753	833
3	5	6	42	833	914
3	0	3	43	940	980
4	0	3	44	0	22
4	8	7	45	99	138
4	4	8	46	244	324
4	1	7	47	329	395
4	2	2	48	465	533
4	4	8	49	576	642
4	2	0	50	661	683
4	0	1	51	784	823
4	8	5	52	832	911
4	9	7	53	930	964
4	3	2	54	970	981
4	0	3	55	1004	1045
5	4	3	56	70	140
5	3	0	57	183	222
5	5	6	58	222	262
5	0	3	59	444	463
5	6	9	60	482	511
5	2	7	61	533	563
5	3	5	62	595	655
5	3	5	63	673	741
5	4	8	64	778	862
5	4	8	65	880	931
5	6	6	66	970	1042
6	6	6	67	121	205
6	0	3	68	220	281
6	6	0	69	312	369
6	5	2	70	369	390
6	1	7	71	395	448
6	9	9	72	597	669
6	1	9	73	676	768
6	7	9	74	778	830
6	4	8	75	862	880
6	2	1	76	914	950
6	2	1	77	950	1022
7	5	6	78	75	116
7	2	7	79	563	596
7	1	7	80	596	676
7	9	7	81	915	930
7	5	5	82	949	964
8	0	3	83	22	70
8	7	8	84	141	163
8	2	1	85	179	209
8	9	1	86	219	275
8	5	6	87	275	335
8	3	5	88	335	387
8	8	4	89	387	397
8	9	7	90	833	915
8	4	8	91	931	957
9	4	9	92	0	31
9	7	8	93	41	60
9	8	4	94	138	167
9	2	2	95	209	288
9	4	8	96	324	338
9	9	2	97	390	453
9	5	6	98	471	489
9	0	0	99	494	550
9	6	2	100	631	709
9	7	9	101	830	863
9	1	4	102	866	950
10	6	9	103	31	88
10	3	0	104	129	168
10	8	4	105	168	225
10	0	3	106	393	444
10	8	4	107	594	625
10	1	4	108	989	1051
11	6	0	109	0	28
11	2	1	110	105	139
11	9	2	111	177	190
11	3	0	112	222	250
11	6	6	113	369	406
11	1	7	114	448	521
11	0	3	115	554	604
11	8	6	116	695	770
11	8	6	117	816	832
11	2	3	118	863	914
12	7	8	119	0	41
12	3	5	120	52	78
12	1	7	121	252	329
12	5	6	122	406	448
12	4	8	123	494	576
12	0	1	124	701	784
12	0	1	125	823	914
12	5	5	126	914	949
12	8	7	127	964	1001
12	2	1	128	1022	1036
13	1	4	129	0	36
13	2	1	130	72	105
13	5	5	131	116	131
13	0	5	132	167	211
13	3	5	133	250	330
13	7	9	134	348	356
13	7	8	135	432	472
13	5	6	136	489	563
13	0	1	137	644	701
13	4	4	138	701	774
13	6	2	139	794	804
13	1	4	140	950	989
13	5	5	141	989	1044
14	3	5	142	0	52
14	7	8	143	60	141
14	2	2	144	288	362
14	8	4	145	397	459
14	7	3	146	523	554
14	6	2	147	709	794
14	6	2	148	804	887
15	8	7	149	0	31
15	9	2	150	79	146
15	7	0	151	554	636
15	5	5	152	814	832
15	0	3	153	914	940
15	3	0	154	940	968
15	0	3	155	980	1004
16	9	2	156	0	79
16	1	4	157	85	131
16	7	9	158	259	348
16	8	4	159	348	383
16	4	0	160	383	440
16	9	1	161	453	537
16	6	2	162	537	620
16	8	4	163	625	695
16	2	0	164	695	789
16	2	0	165	789	813
16	3	0	166	813	851
16	2	3	167	851	863
16	3	0	168	879	939
16	7	9	169	939	1021
16	8	7	170	1021	1038
17	4	0	171	31	68
17	1	4	172	68	85
17	6	9	173	88	121
17	9	2	174	146	177
17	7	7	175	177	229
17	1	7	176	229	252
17	8	4	177	322	348
17	3	5	178	387	424
17	4	0	179	440	494
17	3	5	180	564	583
17	3	5	181	583	595
17	0	3	182	604	644
17	5	3	183	679	751
17	3	5	184	751	773
17	3	2	185	981	1038
18	0	0	186	70	112
18	0	1	187	211	219
18	8	4	188	225	312
18	6	9	189	406	482
18	5	3	190	751	814
19	5	3	191	140	220
19	9	9	192	358	388
19	8	4	193	459	523
19	1	9	194	523	591
19	4	3	195	644	679
19	7	8	196	737	778
19	1	4	197	778	866
19	8	6	198	914	962


Solution History:
