This is the output of Heuristic Solver for Dual resource constrained flexible job shop Scheduling Problem.
Input file is: wfjsp22_7.txt
Method: TSN1_100000000_0.215072_5
Seed: 3
Number of Jobs: 30
Number of Operations: 236
Number of Machines: 15
Number of Operators: 12
CPU Time: 12.9151
obj: 1027
Best found lower bound:0
Solver gap (best found lower bound and upper bound difference): Not known


Final Solution:
Job	Machine	Operator	Operation	Start Time	Finish Time
0	6	1	0	200	274
0	7	0	1	324	339
0	0	7	2	410	454
0	1	0	3	589	684
0	0	10	4	684	708
0	12	7	5	708	750
0	8	2	6	750	778
0	1	3	7	955	994
1	0	3	8	0	10
1	2	7	9	69	105
1	3	8	10	133	227
1	6	1	11	343	407
1	1	5	12	510	584
1	7	5	13	584	635
1	12	7	14	670	707
1	14	2	15	729	745
1	8	9	16	784	867
1	1	3	17	876	955
2	1	0	18	0	54
2	12	10	19	232	297
2	0	7	20	314	389
2	7	2	21	396	425
2	1	3	22	452	463
2	12	3	23	495	584
2	8	6	24	685	699
2	4	1	25	790	847
2	14	3	26	860	874
2	5	4	27	940	1016
3	10	5	28	0	42
3	13	0	29	413	449
3	3	8	30	594	668
3	4	1	31	712	790
3	7	10	32	868	939
4	14	10	33	82	95
4	8	10	34	297	373
4	6	4	35	421	495
4	4	11	36	500	524
4	3	8	37	567	594
4	3	3	38	670	707
4	11	10	39	708	780
4	14	3	40	786	860
4	13	5	41	868	943
4	7	0	42	943	1027
5	3	4	43	0	35
5	2	11	44	163	188
5	9	5	45	399	437
5	1	0	46	741	834
5	2	7	47	834	888
5	0	11	48	908	970
6	3	11	49	35	96
6	7	10	50	96	113
6	12	10	51	113	145
6	12	6	52	314	383
6	5	4	53	396	421
6	7	11	54	524	540
6	9	11	55	540	595
6	5	11	56	762	843
6	4	1	57	916	959
7	14	10	58	35	82
7	9	1	59	88	108
7	6	1	60	110	139
7	8	9	61	175	204
7	11	11	62	310	355
7	12	3	63	383	452
7	10	2	64	865	939
7	2	5	65	943	994
8	14	3	66	95	173
8	14	4	67	321	396
8	3	8	68	405	475
8	2	1	69	485	542
8	3	8	70	549	567
8	0	10	71	610	673
8	1	0	72	684	741
8	6	7	73	940	1024
9	9	1	74	0	42
9	5	5	75	42	65
9	3	8	76	96	133
9	8	6	77	218	292
9	2	11	78	722	762
10	14	2	79	0	33
10	11	10	80	159	232
10	4	10	81	565	578
10	0	6	82	832	851
10	5	0	83	876	932
11	10	5	84	65	87
11	1	5	85	87	112
11	7	7	86	118	172
11	12	7	87	172	225
11	14	3	88	274	321
11	5	9	89	321	335
11	11	2	90	425	502
11	11	2	91	502	530
11	14	2	92	694	729
11	3	8	93	968	983
12	5	10	94	0	35
12	8	9	95	104	175
12	4	0	96	339	351
12	3	8	97	351	405
12	11	1	98	407	425
12	0	0	99	454	510
12	10	7	100	512	592
12	6	4	101	761	786
12	3	6	102	889	968
12	12	11	103	970	1025
13	11	11	104	0	27
13	4	4	105	268	321
13	1	3	106	321	383
13	12	3	107	463	495
13	3	8	108	495	549
13	0	6	109	585	610
13	6	2	110	644	682
13	14	2	111	682	694
13	5	5	112	694	724
13	1	0	113	834	876
14	1	5	114	167	240
14	8	10	115	373	428
14	10	6	116	437	512
14	6	0	117	573	589
14	2	1	118	599	659
15	6	0	119	70	110
15	5	0	120	195	231
15	5	9	121	239	321
15	5	2	122	354	396
15	7	5	123	437	510
15	12	3	124	584	670
15	3	8	125	786	879
15	14	5	126	994	1027
16	13	1	127	42	78
16	8	2	128	78	92
16	5	11	129	96	125
16	6	6	130	166	200
16	1	3	131	258	274
16	10	5	132	644	690
17	0	9	133	19	104
17	9	7	134	108	118
17	0	6	135	128	166
17	13	1	136	274	343
17	13	4	137	495	546
17	8	6	138	610	685
17	4	1	139	702	712
17	5	5	140	724	760
17	10	9	141	960	1011
18	11	6	142	34	82
18	11	2	143	92	159
18	4	0	144	351	413
18	4	1	145	425	485
18	8	2	146	535	564
18	5	9	147	610	692
18	7	2	148	780	865
18	4	1	149	959	995
19	2	7	150	0	69
19	9	2	151	277	354
19	8	10	152	428	446
19	14	9	153	459	487
19	14	9	154	487	515
19	4	10	155	535	565
19	11	2	156	565	644
19	11	7	157	780	832
19	6	4	158	868	940
19	4	1	159	995	1026
20	1	0	160	112	167
20	10	7	161	225	310
20	2	11	162	361	437
20	2	1	163	542	599
20	12	5	164	760	842
20	10	5	165	842	865
20	9	9	166	868	895
20	0	3	167	1007	1015
21	6	8	168	274	343
21	10	9	169	343	417
21	2	11	170	702	722
21	0	6	171	795	832
21	0	6	172	851	869
22	13	6	173	0	34
22	8	2	174	34	65
22	2	5	175	112	163
22	5	0	176	167	195
22	10	6	177	200	218
22	4	0	178	231	268
22	1	6	179	383	437
22	3	8	180	983	1007
23	13	1	181	78	88
23	13	6	182	88	128
23	14	3	183	173	258
23	0	6	184	292	314
23	9	11	185	437	500
23	5	9	186	515	557
23	9	10	187	595	604
23	0	6	188	708	795
23	12	1	189	847	916
23	11	10	190	939	1009
24	12	3	191	10	90
24	5	11	192	125	160
24	7	11	193	188	256
24	7	0	194	268	324
24	2	5	195	324	361
24	2	1	196	659	699
24	7	8	197	699	780
24	11	7	198	889	936
24	3	6	199	1007	1016
25	13	4	200	196	268
25	10	7	201	592	644
25	3	3	202	761	786
25	4	11	203	847	908
25	9	2	204	939	1001
26	13	2	205	159	192
26	9	2	206	195	277
26	9	5	207	361	399
26	13	7	208	399	410
26	5	4	209	557	606
27	0	9	210	10	19
27	9	2	211	65	76
27	9	1	212	139	195
27	2	9	213	204	239
27	3	5	214	240	323
27	14	9	215	417	459
27	13	7	216	459	489
27	1	7	217	489	507
27	6	0	218	510	573
27	6	4	219	682	761
28	6	8	220	0	70
28	4	4	221	113	196
28	11	11	222	256	310
28	8	10	223	446	535
28	8	9	224	564	610
28	13	4	225	610	657
28	3	3	226	707	761
28	9	10	227	784	868
28	14	9	228	895	960
28	0	6	229	970	1007
29	4	4	230	35	113
29	0	6	231	512	585
29	4	11	232	595	702
29	9	9	233	702	784
29	13	4	234	786	868
29	11	6	235	869	889


Solution History:
