This is the output of Heuristic Solver for Dual resource constrained flexible job shop Scheduling Problem.
Input file is: wfjsp11_9.txt
Method: TSN1_100000000_0.233242_5
Seed: 1
Number of Jobs: 20
Number of Operations: 214
Number of Machines: 10
Number of Operators: 10
CPU Time: 14.0019
obj: 1243
Best found lower bound:0
Solver gap (best found lower bound and upper bound difference): Not known


Final Solution:
Job	Machine	Operator	Operation	Start Time	Finish Time
0	4	8	0	131	217
0	9	5	1	217	269
0	1	1	2	391	467
0	7	1	3	467	541
0	6	0	4	541	574
0	1	6	5	594	682
0	6	0	6	705	768
0	0	1	7	807	826
0	5	7	8	838	894
0	8	7	9	912	975
0	7	4	10	985	1074
0	8	3	11	1074	1152
0	7	1	12	1164	1239
1	7	4	13	0	44
1	6	0	14	44	65
1	1	1	15	65	118
1	2	2	16	118	135
1	9	2	17	311	402
1	5	8	18	482	505
1	9	7	19	687	709
1	7	5	20	709	746
1	5	9	21	1088	1132
1	6	9	22	1132	1145
2	6	0	23	0	19
2	0	4	24	86	108
2	5	2	25	142	199
2	7	2	26	230	287
2	5	9	27	330	425
2	9	2	28	497	590
2	5	7	29	590	674
2	9	7	30	709	765
2	7	9	31	812	871
3	3	7	32	90	147
3	2	4	33	164	253
3	2	4	34	253	268
3	7	1	35	287	362
3	4	8	36	800	831
4	8	3	37	0	19
4	7	4	38	44	57
4	4	8	39	73	131
4	5	8	40	425	482
4	0	4	41	528	624
5	2	2	42	0	24
5	2	2	43	24	43
5	8	3	44	43	65
5	5	4	45	108	142
5	1	7	46	147	192
5	6	0	47	316	380
5	8	5	48	564	614
5	3	6	49	850	870
6	4	8	50	217	311
6	1	6	51	356	391
6	4	7	52	397	460
6	4	3	53	513	542
6	3	6	54	567	594
6	4	1	55	648	712
6	5	9	56	712	797
6	1	1	57	1124	1140
7	9	5	58	86	120
7	9	1	59	120	193
7	5	7	60	286	330
7	2	6	61	391	431
7	1	7	62	507	583
7	0	6	63	682	737
7	3	3	64	786	850
7	8	3	65	850	912
7	9	5	66	912	926
7	6	5	67	926	934
7	8	3	68	975	1009
7	5	7	69	1009	1069
7	7	4	70	1074	1098
7	3	6	71	1130	1165
7	0	4	72	1181	1212
8	0	9	73	120	193
8	3	5	74	388	474
8	0	4	75	474	528
8	4	1	76	542	571
8	4	1	77	571	648
8	2	4	78	687	729
8	3	3	79	729	786
8	7	5	80	786	812
8	2	4	81	831	872
8	7	9	82	872	909
8	6	7	83	1088	1104
8	2	4	84	1119	1177
8	2	6	85	1181	1230
9	0	6	86	0	86
9	8	3	87	86	141
9	2	4	88	142	164
9	8	3	89	183	205
9	6	0	90	216	290
9	1	6	91	290	334
9	0	4	92	377	474
9	2	8	93	594	687
9	1	6	94	783	826
9	3	6	95	870	881
9	2	6	96	893	925
9	3	0	97	940	998
9	4	7	98	1164	1236
10	3	7	99	0	90
10	7	9	100	95	120
10	7	5	101	120	187
10	9	4	102	269	311
10	1	6	103	334	356
10	8	9	104	446	539
10	6	0	105	574	628
10	7	9	106	644	700
10	0	4	107	737	807
10	1	7	108	826	838
10	2	6	109	925	984
10	3	0	110	998	1051
10	2	4	111	1101	1119
10	8	3	112	1152	1229
11	5	9	113	0	95
11	6	5	114	188	216
11	0	9	115	283	313
11	8	8	116	313	388
11	8	3	117	389	446
11	6	0	118	484	539
11	2	3	119	567	594
11	8	8	120	750	776
11	0	1	121	1036	1111
11	9	5	122	1160	1231
12	3	0	123	147	209
12	0	4	124	313	377
12	2	6	125	431	498
12	8	3	126	542	564
12	0	4	127	624	671
12	6	0	128	684	705
12	4	1	129	712	800
12	1	2	130	838	909
12	4	8	131	918	1009
12	9	5	132	1009	1065
12	7	2	133	1101	1164
12	1	2	134	1164	1197
12	1	2	135	1197	1223
13	4	8	136	0	17
13	4	8	137	17	73
13	8	3	138	205	281
13	6	0	139	459	484
13	5	8	140	526	582
14	3	6	141	209	283
14	6	0	142	380	459
14	1	7	143	467	507
14	7	9	144	570	644
14	1	2	145	687	783
14	2	2	146	783	831
14	6	0	147	831	862
14	3	0	148	881	913
14	6	5	149	934	1006
14	4	3	150	1009	1072
14	3	0	151	1072	1130
14	3	0	152	1165	1190
14	5	8	153	1201	1212
15	1	1	154	0	60
15	6	0	155	290	316
15	9	2	156	402	497
15	5	8	157	505	526
15	7	9	158	541	570
15	9	2	159	590	599
15	3	3	160	599	667
15	3	3	161	667	726
15	6	0	162	768	824
15	6	0	163	862	876
15	5	2	164	928	1007
15	6	9	165	1016	1088
15	4	7	166	1108	1164
16	5	7	167	199	286
16	3	5	168	286	375
16	3	5	169	474	560
16	9	2	170	599	687
16	8	8	171	694	750
16	9	7	172	765	819
16	9	5	173	819	891
16	5	4	174	894	928
16	9	4	175	928	985
16	8	8	176	1009	1043
16	2	2	177	1043	1101
16	9	5	178	1101	1160
16	0	6	179	1165	1181
16	3	0	180	1190	1243
17	9	5	181	0	86
17	6	0	182	86	104
17	0	9	183	193	283
17	2	3	184	283	379
17	3	5	185	379	388
17	2	6	186	498	567
17	8	5	187	627	694
17	0	1	188	826	885
17	2	6	189	885	893
17	1	9	190	909	965
17	5	7	191	1069	1088
17	4	8	192	1088	1108
17	0	8	193	1111	1142
17	5	8	194	1142	1201
17	0	4	195	1212	1243
18	6	6	196	104	188
18	7	2	197	199	230
18	4	7	198	330	397
18	4	3	199	460	513
18	8	5	200	614	627
18	6	0	201	628	684
18	0	1	202	885	938
18	0	1	203	938	1036
18	1	6	204	1036	1124
18	6	9	205	1145	1215
19	2	2	206	43	118
19	8	3	207	141	183
19	1	1	208	193	248
19	2	3	209	379	389
19	4	8	210	831	918
19	3	0	211	918	940
19	1	9	212	965	1016
19	9	5	213	1065	1092


Solution History:
