This is the output of Heuristic Solver for Dual resource constrained flexible job shop Scheduling Problem.
Input file is: wfjsp10_9.txt
Method: TSN1_100000000_0.407573_5
Seed: 2
Number of Jobs: 20
Number of Operations: 148
Number of Machines: 10
Number of Operators: 10
CPU Time: 24.4582
obj: 851
Best found lower bound:0
Solver gap (best found lower bound and upper bound difference): Not known


Final Solution:
Job	Machine	Operator	Operation	Start Time	Finish Time
0	4	8	0	141	213
0	9	4	1	302	341
0	1	7	2	357	429
0	6	0	3	586	643
0	1	2	4	751	780
1	9	4	5	87	175
1	8	5	6	175	234
1	9	5	7	282	302
1	1	1	8	302	357
1	2	6	9	429	488
1	8	3	10	502	578
1	3	0	11	651	730
1	0	8	12	740	812
2	7	1	13	0	36
2	3	3	14	62	83
2	7	9	15	141	197
2	7	9	16	197	211
2	2	8	17	502	595
2	7	1	18	670	692
2	9	5	19	726	749
2	5	4	20	786	821
3	2	3	21	86	136
3	5	9	22	236	249
3	8	9	23	415	434
3	9	5	24	445	468
3	9	5	25	610	667
3	7	1	26	772	823
4	1	2	27	39	137
4	6	0	28	283	360
4	6	0	29	372	469
4	6	0	30	469	527
4	6	0	31	527	586
5	9	7	32	0	55
5	6	0	33	55	129
5	5	9	34	129	141
5	6	6	35	173	261
5	7	2	36	301	334
5	5	2	37	444	463
5	5	9	38	511	525
5	9	5	39	667	726
6	5	7	40	300	357
6	9	4	41	357	445
6	7	4	42	445	469
6	8	8	43	469	489
6	5	4	44	489	511
6	3	6	45	511	556
6	8	9	46	578	623
6	1	6	47	629	710
6	1	6	48	710	751
6	2	3	49	753	775
7	2	3	50	136	233
7	7	5	51	234	262
7	8	5	52	310	385
7	4	1	53	385	411
7	8	8	54	435	462
7	1	7	55	554	629
7	7	1	56	692	772
7	5	4	57	772	786
7	0	8	58	812	845
8	2	4	59	0	86
8	6	0	60	129	173
8	3	0	61	173	217
8	8	8	62	234	310
8	0	9	63	341	397
8	1	7	64	429	498
8	0	4	65	580	648
8	0	1	66	654	669
9	1	2	67	0	8
9	8	8	68	30	62
9	3	7	69	217	289
9	4	1	70	491	512
9	9	2	71	780	813
10	1	2	72	8	39
10	0	6	73	39	118
10	4	4	74	213	299
10	7	2	75	334	388
10	3	3	76	388	418
10	3	3	77	418	486
10	7	2	78	556	603
10	4	1	79	603	654
10	9	5	80	749	779
10	3	0	81	789	825
11	7	5	82	109	141
11	1	2	83	141	154
11	0	1	84	229	281
11	5	8	85	595	644
11	2	3	86	666	753
12	0	1	87	177	229
12	9	2	88	231	248
12	6	0	89	261	283
12	3	3	90	289	384
12	5	9	91	525	574
12	6	7	92	651	758
13	8	7	93	62	145
13	1	9	94	249	297
13	6	0	95	360	372
13	8	5	96	385	415
13	9	5	97	522	581
13	7	2	98	603	670
13	4	4	99	679	766
14	0	8	100	0	30
14	0	1	101	118	177
14	9	2	102	248	282
14	7	1	103	282	301
14	4	1	104	411	491
14	5	2	105	679	733
14	4	7	106	766	825
15	5	9	107	0	84
15	4	8	108	131	141
15	2	6	109	261	320
15	7	2	110	388	444
15	2	3	111	488	502
15	0	4	112	511	580
15	6	6	113	758	845
16	9	5	114	61	87
16	2	3	115	233	261
16	4	8	116	310	372
16	5	8	117	372	435
16	1	7	118	498	554
16	9	5	119	581	610
16	3	7	120	629	651
16	0	8	121	669	740
16	1	9	122	780	851
17	3	5	123	0	61
17	4	8	124	62	131
17	1	7	125	154	214
17	1	9	126	214	236
17	0	9	127	297	341
17	2	6	128	410	429
17	0	9	129	434	506
17	4	1	130	512	592
17	8	9	131	623	714
17	3	0	132	730	789
18	4	3	133	0	62
18	9	2	134	175	208
18	5	2	135	208	231
18	5	2	136	282	300
18	9	5	137	468	522
18	3	6	138	556	628
18	2	8	139	644	666
18	8	9	140	714	771
18	2	3	141	775	844
19	7	1	142	36	109
19	3	6	143	118	167
19	2	6	144	320	410
19	7	2	145	469	556
19	2	3	146	595	643
19	5	4	147	648	679


Solution History:
