This is the output of Heuristic Solver for Dual resource constrained flexible job shop Scheduling Problem.
Input file is: wfjsp21_3.txt
Method: TSN1_100000000_0.458420_5
Seed: 4
Number of Jobs: 25
Number of Operations: 243
Number of Machines: 15
Number of Operators: 12
CPU Time: 27.5198
obj: 1091
Best found lower bound:0
Solver gap (best found lower bound and upper bound difference): Not known


Final Solution:
Job	Machine	Operator	Operation	Start Time	Finish Time
0	10	8	0	103	176
0	7	9	1	176	190
0	5	3	2	241	257
0	11	7	3	339	424
0	8	10	4	622	694
0	1	5	5	746	817
0	0	5	6	974	1046
0	4	11	7	1054	1088
1	10	10	8	248	348
1	4	4	9	351	365
1	7	11	10	397	460
1	12	4	11	471	570
1	11	6	12	587	603
1	3	6	13	641	737
1	7	8	14	738	835
1	8	9	15	865	894
1	14	5	16	908	960
1	12	5	17	960	974
1	3	3	18	1008	1073
1	3	3	19	1073	1084
2	5	3	20	27	56
2	13	3	21	56	104
2	14	11	22	204	299
2	2	5	23	336	399
2	4	11	24	477	505
2	5	9	25	617	688
2	13	7	26	702	795
2	1	2	27	1047	1058
3	10	4	28	0	31
3	1	7	29	196	284
3	4	4	30	313	351
3	4	2	31	374	403
3	14	3	32	444	507
3	10	4	33	738	795
3	4	4	34	795	860
3	1	7	35	957	1045
4	11	6	36	165	264
4	5	11	37	309	323
4	3	0	38	333	361
4	3	0	39	361	442
4	1	3	40	507	523
4	9	10	41	596	622
4	5	7	42	819	869
4	11	5	43	876	908
5	3	1	44	0	48
5	9	9	45	48	132
5	1	6	46	402	479
5	0	5	47	650	721
5	3	6	48	737	753
5	1	10	49	824	839
5	4	4	50	860	918
5	7	8	51	923	997
5	14	1	52	1000	1038
6	8	9	53	18	40
6	6	4	54	86	139
6	13	9	55	139	165
6	8	3	56	413	444
6	5	0	57	444	522
6	5	0	58	522	601
6	14	1	59	606	717
6	8	10	60	717	824
6	1	2	61	841	853
6	6	10	62	984	1042
7	12	8	63	0	93
7	2	1	64	98	139
7	2	1	65	139	168
7	1	2	66	313	374
7	7	1	67	464	506
7	1	5	68	523	600
7	7	5	69	600	611
7	13	0	70	611	702
7	2	6	71	810	881
7	4	2	72	918	946
7	9	11	73	957	1024
8	13	3	74	0	27
8	10	4	75	31	86
8	10	8	76	93	103
8	3	3	77	104	132
8	14	11	78	195	204
8	14	11	79	323	390
8	0	3	80	523	595
8	1	3	81	687	744
8	6	3	82	744	761
8	11	6	83	761	795
8	2	6	84	795	810
9	0	5	85	0	72
9	11	7	86	121	165
9	0	8	87	227	263
9	8	3	88	263	285
9	2	6	89	301	334
9	13	1	90	363	410
9	0	5	91	471	523
9	3	1	92	582	606
9	7	6	93	611	641
9	12	1	94	717	754
9	5	7	95	869	957
9	14	1	96	960	1000
10	5	10	97	59	142
10	12	4	98	142	240
10	8	8	99	457	530
10	2	2	100	560	611
10	3	3	101	761	794
10	0	8	102	841	923
10	10	4	103	923	992
10	12	6	104	1008	1042
10	2	5	105	1047	1059
11	7	6	106	90	161
11	11	1	107	282	332
11	12	5	108	402	468
11	8	8	109	530	617
11	10	8	110	638	738
11	9	9	111	765	865
11	2	9	112	894	949
11	6	10	113	951	984
11	12	1	114	1042	1066
12	1	0	115	0	38
12	0	8	116	193	227
12	6	5	117	252	263
12	6	5	118	263	336
12	5	10	119	348	432
12	10	4	120	596	611
12	12	3	121	829	892
12	12	1	122	910	950
13	2	7	123	0	27
13	3	3	124	132	200
13	2	2	125	228	275
13	0	8	126	275	341
13	13	1	127	410	464
13	3	2	128	475	560
13	1	7	129	605	687
13	0	5	130	721	746
13	10	1	131	816	888
13	3	1	132	888	910
14	14	11	133	0	55
14	8	5	134	72	119
14	5	2	135	152	178
14	10	1	136	178	245
14	7	7	137	284	339
14	6	8	138	341	379
14	4	10	139	432	477
14	9	2	140	709	765
14	8	3	141	894	921
15	7	6	142	59	90
15	6	10	143	142	248
15	13	0	144	255	333
15	7	9	145	382	397
15	9	4	146	570	596
15	12	4	147	617	689
15	12	1	148	754	816
15	6	2	149	853	915
15	13	0	150	924	967
15	5	9	151	975	1017
15	5	11	152	1024	1054
16	0	2	153	82	152
16	5	2	154	178	228
16	7	1	155	245	282
16	8	3	156	285	324
16	7	1	157	339	363
16	10	4	158	365	410
16	14	11	159	843	891
16	6	10	160	1042	1091
17	7	10	161	0	59
17	14	11	162	124	195
17	12	4	163	240	308
17	0	2	164	611	648
17	9	2	165	650	709
17	6	0	166	761	844
17	0	2	167	946	974
17	4	0	168	974	1052
17	8	2	169	1061	1087
18	14	11	170	55	115
18	4	2	171	275	313
18	7	9	172	372	382
18	2	2	173	403	475
18	4	6	174	510	587
18	4	11	175	587	655
18	4	11	176	655	727
18	0	2	177	765	841
18	1	10	178	854	951
18	2	2	179	975	1047
18	7	6	180	1047	1090
19	5	2	181	0	23
19	6	2	182	23	82
19	9	9	183	238	303
19	8	3	184	324	413
19	10	9	185	438	528
19	7	11	186	528	582
19	12	9	187	590	617
19	3	8	188	617	638
19	3	6	189	910	1008
19	8	4	190	1029	1061
19	9	5	191	1061	1089
20	4	6	192	0	41
20	4	0	193	177	255
20	9	9	194	303	372
20	14	9	195	397	438
20	10	9	196	528	582
20	14	10	197	586	596
20	6	3	198	605	680
20	7	7	199	687	697
20	11	5	200	817	876
21	3	1	201	48	98
21	14	11	202	115	124
21	1	5	203	124	196
21	12	6	204	334	402
21	0	4	205	410	471
21	13	1	206	510	582
21	10	9	207	582	590
21	5	9	208	688	760
21	5	7	209	795	819
21	8	3	210	921	970
21	13	8	211	997	1055
21	1	0	212	1058	1084
22	8	9	213	0	18
22	11	7	214	27	121
22	3	3	215	200	241
22	9	8	216	379	457
22	9	10	217	477	555
22	8	10	218	839	854
22	9	11	219	891	957
22	10	4	220	1069	1084
23	4	0	221	83	177
23	8	5	222	196	252
23	3	6	223	264	301
23	5	11	224	301	309
23	11	7	225	424	518
23	14	10	226	555	586
23	9	5	227	622	650
23	12	4	228	689	716
23	14	11	229	727	776
23	13	3	230	795	829
23	10	9	231	1017	1069
24	4	0	232	41	83
24	0	7	233	165	193
24	9	9	234	193	238
24	13	6	235	479	510
24	6	7	236	518	605
24	14	11	237	776	843
24	13	0	238	844	924
24	2	9	239	949	975
24	12	3	240	975	997
24	8	4	241	997	1029
24	11	7	242	1045	1088


Solution History:
