This is the output of Heuristic Solver for Dual resource constrained flexible job shop Scheduling Problem.
Input file is: wfjsp14_4.txt
Method: TSN1_100000000_0.333462_5
Seed: 5
Number of Jobs: 30
Number of Operations: 231
Number of Machines: 15
Number of Operators: 15
CPU Time: 20.0162
obj: 839
Best found lower bound:0
Solver gap (best found lower bound and upper bound difference): Not known


Final Solution:
Job	Machine	Operator	Operation	Start Time	Finish Time
0	7	5	0	0	87
0	4	13	1	268	330
0	1	10	2	338	403
0	1	8	3	449	513
0	10	6	4	598	691
0	9	12	5	697	724
0	8	0	6	724	767
0	4	0	7	767	780
0	8	0	8	780	829
1	9	3	9	41	61
1	6	0	10	62	77
1	6	3	11	77	116
1	6	3	12	116	185
1	7	5	13	230	251
1	10	3	14	278	372
1	14	0	15	383	462
1	6	4	16	556	617
1	0	8	17	689	737
2	5	10	18	0	32
2	11	14	19	112	129
2	14	6	20	291	337
2	7	5	21	344	421
2	10	10	22	430	441
2	8	11	23	515	579
2	2	11	24	630	701
3	2	12	25	123	133
3	14	2	26	208	291
3	12	13	27	330	406
3	12	13	28	553	643
3	14	6	29	698	744
3	12	6	30	744	834
4	0	1	31	44	110
4	5	7	32	119	195
4	10	3	33	231	278
4	9	14	34	439	455
4	2	2	35	535	600
4	2	1	36	600	630
4	14	7	37	776	798
5	12	0	38	0	62
5	13	4	39	67	111
5	2	12	40	133	193
5	3	4	41	253	291
5	2	2	42	374	427
5	13	12	43	488	570
6	11	14	44	176	249
6	7	5	45	251	316
6	9	14	46	405	439
6	8	11	47	490	515
6	0	1	48	515	578
6	11	9	49	578	615
6	5	10	50	631	681
6	12	13	51	681	709
7	7	6	52	89	186
7	7	5	53	186	230
7	9	1	54	238	253
7	7	5	55	316	344
7	4	9	56	351	423
7	3	1	57	449	461
7	14	0	58	462	545
7	13	4	59	698	738
7	1	14	60	759	820
8	0	4	61	0	44
8	8	8	62	67	104
8	4	13	63	120	133
8	8	8	64	133	156
8	14	1	65	339	383
8	3	3	66	461	517
8	13	12	67	638	686
8	14	7	68	745	776
9	0	1	69	110	166
9	2	0	70	202	264
9	11	2	71	338	374
9	0	8	72	374	421
9	10	5	73	441	515
9	11	9	74	615	662
9	13	12	75	686	697
9	3	3	76	707	783
9	9	1	77	783	834
10	6	7	78	0	23
10	1	10	79	32	107
10	8	7	80	204	265
10	3	4	81	291	356
10	6	4	82	356	410
10	0	13	83	421	454
10	12	13	84	454	553
10	4	14	85	565	589
10	13	8	86	738	767
11	14	1	87	0	42
11	2	9	88	45	108
11	6	14	89	249	296
11	12	11	90	305	329
11	3	6	91	388	415
11	10	5	92	515	589
11	14	0	93	606	669
11	7	5	94	777	819
12	2	2	95	0	45
12	5	14	96	47	112
12	9	1	97	166	238
12	9	1	98	253	299
12	5	14	99	311	323
12	13	8	100	323	370
12	5	7	101	421	448
12	0	1	102	461	492
12	0	11	103	579	626
12	12	13	104	643	665
13	14	2	105	45	126
13	0	8	106	166	246
13	13	7	107	265	315
13	11	11	108	374	426
13	8	11	109	426	490
13	4	14	110	498	565
13	9	7	111	577	625
13	9	7	112	625	693
13	2	11	113	701	772
13	1	10	114	820	829
14	5	7	115	323	421
14	5	7	116	448	497
14	5	10	117	497	566
14	11	14	118	662	690
14	4	9	119	690	737
14	7	5	120	742	777
14	5	10	121	777	806
15	6	7	122	23	60
15	9	0	123	93	155
15	12	0	124	155	202
15	12	6	125	202	285
15	2	2	126	427	504
15	11	9	127	522	571
15	3	3	128	610	642
15	7	5	129	667	742
15	13	13	130	767	839
16	11	3	131	0	41
16	3	6	132	41	89
16	2	12	133	108	123
16	11	14	134	129	176
16	5	11	135	270	305
16	3	6	136	356	388
16	14	0	137	545	606
17	10	14	138	0	47
17	9	0	139	77	93
17	4	13	140	93	120
17	10	3	141	185	231
17	1	10	142	248	338
17	11	9	143	475	522
17	7	8	144	522	588
17	7	5	145	589	667
18	3	6	146	0	27
18	1	9	147	177	246
18	2	0	148	264	277
18	9	1	149	299	339
18	13	12	150	370	418
18	3	3	151	418	449
18	7	6	152	456	489
18	6	4	153	491	556
18	4	8	154	589	687
19	3	5	155	89	181
19	13	12	156	193	265
19	4	9	157	330	351
19	7	6	158	421	456
19	2	2	159	504	535
19	13	12	160	570	638
19	0	1	161	638	689
19	10	12	162	759	839
20	0	8	163	246	322
20	4	8	164	423	449
20	9	14	165	488	498
20	8	2	166	662	692
20	6	7	167	698	745
21	13	11	168	0	67
21	4	13	169	198	268
21	9	14	170	339	405
21	6	4	171	410	491
21	7	6	172	491	514
21	3	3	173	517	610
21	6	4	174	617	698
21	11	2	175	698	797
21	4	7	176	798	825
21	14	7	177	825	839
22	9	12	178	0	39
22	1	1	179	403	446
22	4	10	180	449	470
22	8	14	181	589	662
22	9	12	182	724	756
22	0	9	183	756	828
23	8	8	184	0	67
23	10	10	185	119	184
23	6	10	186	185	248
23	2	0	187	277	305
23	2	0	188	305	374
23	10	3	189	374	416
23	1	2	190	600	661
23	5	10	191	681	775
24	10	7	192	60	119
24	4	13	193	133	198
24	5	11	194	204	270
24	14	0	195	669	698
24	8	0	196	698	715
24	9	1	197	756	779
25	14	2	198	126	208
25	3	4	199	210	253
25	11	2	200	327	338
25	9	14	201	455	488
25	5	10	202	566	631
25	6	4	203	745	822
26	9	3	204	61	77
26	1	9	205	108	177
26	8	11	206	177	204
26	11	9	207	249	327
26	0	11	208	329	355
26	10	10	209	416	430
26	9	7	210	498	529
26	1	6	211	529	598
26	3	3	212	642	707
26	1	1	213	707	754
27	1	9	214	0	28
27	4	13	215	44	78
27	3	4	216	181	210
27	6	14	217	296	311
27	11	2	218	797	827
28	4	13	219	0	44
28	12	11	220	67	150
28	13	12	221	418	488
28	10	14	222	691	759
28	3	3	223	783	837
29	11	12	224	41	107
29	8	8	225	107	130
29	13	4	226	130	161
29	8	12	227	265	364
29	11	9	228	426	475
29	9	7	229	529	577
29	2	8	230	772	821


Solution History:
