This is the output of Heuristic Solver for Dual resource constrained flexible job shop Scheduling Problem.
Input file is: wfjsp5_6.txt
Method: TSN1_100000000_0.073633_5
Seed: 3
Number of Jobs: 10
Number of Operations: 63
Number of Machines: 5
Number of Operators: 5
CPU Time: 4.41868
obj: 758
Best found lower bound:0
Solver gap (best found lower bound and upper bound difference): Not known


Final Solution:
Job	Machine	Operator	Operation	Start Time	Finish Time
0	3	4	0	0	62
0	3	4	1	62	103
0	1	4	2	160	221
0	2	3	3	242	283
0	3	3	4	283	372
0	3	3	5	372	463
0	3	3	6	550	578
0	2	2	7	589	615
0	0	4	8	615	701
1	0	4	9	407	420
1	2	2	10	500	589
2	0	3	11	80	158
2	1	1	12	221	254
2	0	4	13	259	295
2	1	1	14	380	440
2	0	1	15	440	525
2	1	1	16	525	605
2	2	2	17	615	700
2	3	2	18	715	744
3	4	1	19	0	45
3	2	0	20	188	242
3	4	0	21	252	294
3	2	2	22	330	412
4	0	3	23	0	80
4	2	0	24	122	188
4	0	4	25	221	259
4	0	4	26	295	327
4	4	0	27	331	340
4	1	4	28	440	505
4	0	4	29	525	610
4	1	1	30	693	744
5	2	0	31	13	27
5	4	1	32	45	126
5	4	2	33	126	203
5	4	0	34	294	331
5	0	4	35	331	407
5	3	3	36	591	631
5	0	4	37	701	726
6	1	2	38	0	85
6	1	2	39	85	126
6	4	2	40	203	252
6	1	1	41	254	301
6	1	1	42	313	380
6	4	0	43	387	472
6	4	0	44	472	561
6	4	0	45	561	610
6	3	3	46	631	715
6	2	3	47	715	748
7	3	4	48	103	147
7	1	4	49	147	160
7	3	3	50	160	242
7	3	2	51	252	282
7	1	1	52	301	313
7	4	0	53	340	387
7	3	3	54	463	550
7	3	3	55	578	591
7	1	1	56	605	693
7	4	0	57	693	758
8	0	1	58	158	221
8	2	2	59	283	330
8	2	2	60	412	500
9	2	0	61	0	13
9	2	0	62	27	122


Solution History:
