This is the output of Heuristic Solver for Dual resource constrained flexible job shop Scheduling Problem.
Input file is: wfjsp13_2.txt
Method: TSN1_100000000_0.526848_5
Seed: 1
Number of Jobs: 25
Number of Operations: 271
Number of Machines: 15
Number of Operators: 15
CPU Time: 31.6211
obj: 1024
Best found lower bound:0
Solver gap (best found lower bound and upper bound difference): Not known


Final Solution:
Job	Machine	Operator	Operation	Start Time	Finish Time
0	4	8	0	183	263
0	7	0	1	282	354
0	4	13	2	388	411
0	14	10	3	471	511
0	13	8	4	535	550
0	4	1	5	621	645
0	9	8	6	710	786
0	8	3	7	800	810
0	0	2	8	825	900
0	9	2	9	900	939
0	14	12	10	939	995
0	8	1	11	1008	1023
1	0	5	12	127	192
1	6	7	13	204	264
1	14	11	14	325	390
1	0	13	15	412	480
1	1	7	16	494	523
1	13	8	17	550	590
1	3	1	18	649	667
1	13	2	19	668	723
1	8	3	20	723	800
1	13	10	21	809	899
1	0	8	22	900	962
1	6	13	23	962	1023
2	9	3	24	0	65
2	8	10	25	101	118
2	8	10	26	118	130
2	1	9	27	131	217
2	3	1	28	436	458
2	9	7	29	523	603
2	3	1	30	718	807
2	5	5	31	807	824
2	4	5	32	824	898
2	3	0	33	940	1021
3	1	14	34	0	52
3	12	13	35	52	81
3	9	12	36	81	129
3	3	0	37	179	213
3	12	9	38	255	323
3	1	7	39	407	494
3	2	4	40	616	639
3	7	11	41	691	706
3	4	0	42	798	824
3	12	9	43	895	911
4	11	6	44	152	192
4	9	7	45	270	344
4	13	2	46	441	478
4	7	10	47	517	603
4	5	3	48	621	718
4	10	5	49	746	806
4	10	14	50	806	833
4	12	14	51	833	895
4	4	6	52	898	931
4	0	14	53	962	985
4	13	7	54	985	1024
5	3	8	55	0	45
5	0	13	56	192	215
5	3	14	57	290	351
5	13	12	58	365	429
5	13	2	59	429	441
5	3	1	60	458	488
5	13	14	61	488	535
5	11	0	62	605	686
5	1	7	63	746	805
5	5	3	64	824	897
5	10	3	65	929	986
6	5	14	66	52	73
6	14	4	67	124	202
6	4	1	68	263	278
6	11	6	69	312	390
6	9	9	70	403	417
6	10	5	71	423	480
6	6	0	72	492	559
6	10	14	73	628	680
6	4	14	74	740	798
6	6	9	75	798	883
6	1	14	76	899	952
6	2	8	77	962	1017
7	2	4	78	23	104
7	3	0	79	167	179
7	4	13	80	333	388
7	9	9	81	417	462
7	9	9	82	462	519
7	0	2	83	519	535
7	8	12	84	631	711
7	11	13	85	711	732
7	5	2	86	772	792
7	0	2	87	793	825
7	10	3	88	897	929
7	5	4	89	933	1017
8	13	8	90	60	127
8	9	7	91	131	204
8	11	6	92	204	274
8	14	1	93	278	288
8	5	1	94	288	316
8	10	5	95	350	423
8	4	6	96	445	512
8	4	1	97	572	621
8	6	8	98	621	706
8	14	4	99	745	829
8	10	0	100	855	873
8	3	0	101	873	940
9	8	10	102	37	101
9	12	2	103	101	150
9	8	10	104	174	248
9	10	5	105	277	350
9	12	9	106	365	397
9	5	14	107	425	472
9	11	3	108	483	548
9	11	13	109	548	605
9	7	13	110	605	656
9	2	4	111	656	684
9	5	2	112	723	772
9	13	7	113	899	962
10	14	7	114	0	64
10	5	3	115	215	227
10	13	9	116	228	242
10	1	5	117	242	268
10	10	1	118	488	571
10	9	10	119	603	681
10	3	1	120	807	838
10	2	12	121	873	931
11	5	1	122	0	51
11	10	1	123	51	76
11	11	6	124	76	106
11	12	2	125	150	175
11	9	1	126	204	214
11	10	5	127	214	237
11	14	11	128	237	252
11	9	2	129	259	270
11	8	8	130	305	376
11	0	2	131	480	489
12	4	6	132	0	32
12	7	13	133	135	190
12	0	2	134	290	341
12	9	7	135	344	403
12	2	0	136	405	437
12	7	0	137	437	472
12	4	6	138	512	572
12	12	11	139	572	657
12	10	4	140	684	745
12	7	13	141	745	802
12	9	8	142	827	890
12	4	6	143	931	965
13	0	5	144	0	62
13	6	0	145	62	93
13	9	1	146	214	259
13	2	4	147	259	325
13	3	1	148	351	383
13	3	1	149	383	436
13	7	13	150	480	517
13	6	0	151	559	604
13	13	7	152	604	668
13	0	7	153	668	736
13	5	5	154	898	909
13	9	2	155	939	1023
14	7	13	156	0	47
14	0	5	157	62	127
14	8	10	158	139	174
14	8	10	159	248	303
14	5	0	160	472	492
14	1	5	161	674	746
14	1	7	162	805	835
14	5	5	163	909	933
15	11	12	164	0	67
15	5	3	165	73	156
15	5	3	166	156	215
15	0	2	167	341	412
15	2	4	168	437	449
15	11	12	169	449	483
15	14	9	170	519	600
15	14	9	171	600	671
15	12	11	172	744	809
15	1	13	173	835	899
15	8	1	174	935	1008
16	7	11	175	124	135
16	12	2	176	175	255
16	7	11	177	255	280
16	1	4	178	333	407
16	8	12	179	483	565
16	8	12	180	565	631
16	0	2	181	632	662
16	3	1	182	667	718
16	6	0	183	721	792
16	11	6	184	817	896
16	7	11	185	901	976
16	7	11	186	976	1023
17	10	0	187	0	25
17	13	2	188	25	60
17	1	7	189	64	131
17	2	12	190	131	209
17	6	8	191	264	305
17	7	0	192	354	405
17	1	5	193	523	597
17	6	8	194	604	620
18	7	11	195	190	231
18	0	14	196	231	290
18	12	9	197	323	365
18	5	14	198	365	425
18	2	4	199	449	540
18	5	3	200	548	621
18	4	6	201	649	740
18	0	9	202	764	793
18	14	4	203	829	906
18	6	13	204	906	960
18	13	7	205	962	979
18	12	9	206	979	991
19	10	1	207	76	109
19	10	1	208	109	193
19	13	12	209	242	319
19	6	10	210	319	386
19	14	10	211	390	471
19	12	11	212	471	544
19	12	11	213	657	676
19	14	14	214	680	728
19	9	8	215	786	827
19	11	10	216	899	915
19	11	10	217	915	993
19	4	6	218	993	1007
20	2	4	219	0	23
20	6	0	220	25	58
20	4	9	221	89	127
20	8	8	222	130	139
20	4	8	223	139	183
20	1	13	224	268	333
20	11	6	225	390	418
20	2	4	226	540	616
20	2	12	227	721	772
21	3	0	228	213	282
21	12	11	229	397	464
21	0	2	230	535	632
21	7	13	231	656	691
21	2	0	232	691	721
21	14	11	233	728	741
21	0	9	234	744	764
21	1	5	235	952	1005
22	14	14	236	73	124
22	13	14	237	127	189
22	11	6	238	274	312
22	4	1	239	316	330
22	5	1	240	330	343
22	11	6	241	418	445
22	3	8	242	488	530
22	3	6	243	584	649
22	13	10	244	723	809
22	10	0	245	833	855
22	8	1	246	855	935
22	12	9	247	935	969
23	4	9	248	32	89
23	3	0	249	93	167
23	6	11	250	167	185
23	13	14	251	189	228
23	10	3	252	237	277
23	14	11	253	288	325
23	13	12	254	325	365
23	6	8	255	386	470
23	10	14	256	584	628
23	9	10	257	681	710
23	11	6	258	740	817
23	7	11	259	817	901
24	8	10	260	0	37
24	7	11	261	47	124
24	11	6	262	124	152
24	2	4	263	209	248
24	2	3	264	325	389
24	8	3	265	389	476
24	3	14	266	535	584
24	1	5	267	597	674
24	12	9	268	676	744
24	2	12	269	772	873
24	0	14	270	985	1013


Solution History:
