This is the output of Heuristic Solver for Dual resource constrained flexible job shop Scheduling Problem.
Input file is: wfjsp17_7.txt
Method: TSN1_100000000_0.188620_5
Seed: 3
Number of Jobs: 15
Number of Operations: 134
Number of Machines: 5
Number of Operators: 4
CPU Time: 11.3201
obj: 1661
Best found lower bound:0
Solver gap (best found lower bound and upper bound difference): Not known


Final Solution:
Job	Machine	Operator	Operation	Start Time	Finish Time
0	1	1	0	249	329
0	3	2	1	350	359
0	2	1	2	465	503
0	0	0	3	661	756
0	1	3	4	974	999
0	0	2	5	1104	1145
0	3	0	6	1210	1244
0	0	3	7	1368	1409
1	3	0	8	0	9
1	1	1	9	329	364
1	0	3	10	416	496
1	4	2	11	856	920
1	2	2	12	1145	1226
1	0	2	13	1226	1283
1	2	3	14	1326	1368
1	1	0	15	1404	1422
1	4	3	16	1422	1499
1	2	3	17	1499	1572
2	2	2	18	44	102
2	3	3	19	163	236
2	3	2	20	359	421
2	4	0	21	432	467
2	4	0	22	467	480
2	1	3	23	496	574
2	2	1	24	652	668
2	1	3	25	739	801
2	3	0	26	1102	1114
2	1	1	27	1182	1261
3	4	0	28	377	432
3	2	1	29	602	630
3	4	2	30	704	776
3	0	0	31	892	980
3	3	2	32	991	1063
3	1	0	33	1422	1434
3	0	2	34	1497	1578
3	2	2	35	1578	1657
4	1	1	36	131	159
4	0	0	37	508	531
4	2	1	38	746	784
4	4	2	39	920	991
4	1	3	40	1017	1092
4	4	3	41	1172	1252
4	3	0	42	1252	1334
4	2	2	43	1462	1497
4	1	1	44	1526	1553
4	1	1	45	1625	1661
5	4	0	46	68	150
5	2	1	47	159	215
5	2	1	48	544	602
5	3	3	49	677	739
5	3	0	50	868	892
5	2	1	51	974	1012
5	2	1	52	1012	1100
5	3	0	53	1114	1142
5	3	0	54	1476	1490
6	0	2	55	211	255
6	3	2	56	421	485
6	2	1	57	503	544
6	4	0	58	552	593
6	2	1	59	630	652
6	0	0	60	980	1005
6	3	0	61	1063	1102
6	2	1	62	1405	1460
6	1	1	63	1460	1526
7	1	1	64	0	80
7	0	3	65	363	416
7	3	2	66	563	640
7	4	2	67	776	856
7	1	1	68	916	974
7	0	0	69	1005	1062
7	2	3	70	1252	1271
7	4	2	71	1283	1340
8	3	0	72	9	68
8	0	2	73	133	211
8	2	3	74	317	363
8	0	0	75	531	552
8	2	2	76	668	704
8	2	3	77	801	880
8	3	0	78	1142	1182
8	3	2	79	1340	1376
9	3	3	80	236	317
9	4	0	81	343	359
9	4	0	82	359	377
9	1	3	83	574	627
9	1	1	84	668	693
9	0	0	85	756	784
9	3	0	86	784	840
9	4	0	87	1340	1400
10	4	3	88	0	51
10	2	2	89	102	112
10	0	0	90	255	343
10	3	2	91	640	668
10	2	3	92	880	914
10	4	3	93	999	1017
10	2	2	94	1376	1405
10	1	1	95	1553	1625
11	2	2	96	0	9
11	0	3	97	51	105
11	2	2	98	112	133
11	1	0	99	191	249
11	3	2	100	485	563
11	0	0	101	593	621
11	1	1	102	832	916
11	2	3	103	916	971
11	3	0	104	1182	1210
11	2	1	105	1271	1326
12	3	3	106	105	163
12	1	0	107	163	191
12	4	2	108	255	313
12	4	0	109	480	508
12	0	0	110	621	661
12	2	1	111	784	798
12	0	0	112	840	868
12	0	2	113	1063	1104
12	4	3	114	1104	1172
12	3	2	115	1405	1462
13	1	1	116	383	449
13	1	1	117	449	465
13	4	3	118	627	677
13	2	1	119	704	746
13	1	1	120	801	832
13	1	1	121	1100	1182
13	1	3	122	1271	1314
13	1	1	123	1326	1404
13	3	0	124	1490	1572
13	4	3	125	1572	1659
14	2	2	126	9	44
14	1	1	127	80	114
14	1	1	128	114	131
14	2	1	129	215	244
14	3	2	130	317	350
14	2	1	131	364	383
14	0	0	132	1434	1476
14	3	0	133	1572	1654


Solution History:
