This is the output of Heuristic Solver for Dual resource constrained flexible job shop Scheduling Problem.
Input file is: wfjsp5_6.txt
Method: TSN1_100000000_0.096878_5
Seed: 5
Number of Jobs: 10
Number of Operations: 63
Number of Machines: 5
Number of Operators: 5
CPU Time: 5.81354
obj: 762
Best found lower bound:0
Solver gap (best found lower bound and upper bound difference): Not known


Final Solution:
Job	Machine	Operator	Operation	Start Time	Finish Time
0	3	3	0	60	130
0	3	3	1	130	171
0	1	1	2	191	253
0	2	0	3	258	300
0	3	3	4	300	389
0	2	3	5	389	477
0	2	3	6	477	506
0	2	2	7	510	536
0	0	1	8	662	749
1	0	1	9	417	431
1	3	3	10	550	632
2	0	4	11	75	148
2	4	2	12	181	213
2	0	1	13	287	325
2	1	4	14	376	435
2	0	1	15	435	520
2	1	4	16	523	599
2	2	2	17	618	703
2	3	2	18	729	758
3	2	2	19	0	48
3	2	2	20	48	101
3	4	2	21	248	289
3	2	2	22	536	618
4	0	4	23	0	75
4	2	0	24	104	170
4	0	4	25	210	248
4	0	1	26	253	287
4	4	2	27	289	297
4	4	2	28	297	361
4	0	1	29	576	662
4	1	4	30	686	732
5	3	3	31	0	16
5	4	0	32	16	104
5	4	2	33	104	181
5	4	2	34	213	248
5	0	1	35	325	405
5	3	3	36	510	550
5	0	1	37	550	576
6	1	1	38	0	86
6	1	1	39	100	140
6	1	1	40	140	191
6	1	4	41	253	299
6	1	4	42	299	365
6	4	0	43	422	507
6	4	0	44	507	596
6	4	0	45	596	645
6	3	3	46	645	729
6	2	3	47	729	762
7	3	3	48	16	60
7	1	1	49	86	100
7	3	3	50	171	253
7	3	3	51	253	282
7	1	4	52	365	376
7	4	2	53	376	422
7	3	2	54	422	510
7	0	1	55	520	531
7	1	4	56	599	686
7	4	0	57	686	751
8	0	4	58	148	210
8	2	0	59	210	258
8	2	0	60	300	389
9	0	1	61	405	417
9	1	4	62	435	523


Solution History:
