This is the output of Heuristic Solver for Dual resource constrained flexible job shop Scheduling Problem.
Input file is: wfjsp11_3.txt
Method: TSN1_100000000_0.333548_5
Seed: 5
Number of Jobs: 20
Number of Operations: 209
Number of Machines: 10
Number of Operators: 10
CPU Time: 20.0199
obj: 1234
Best found lower bound:0
Solver gap (best found lower bound and upper bound difference): Not known


Final Solution:
Job	Machine	Operator	Operation	Start Time	Finish Time
0	9	9	0	110	181
0	5	2	1	181	196
0	3	5	2	196	212
0	6	1	3	212	290
0	5	6	4	301	373
0	6	7	5	373	449
0	5	8	6	529	610
0	8	3	7	634	667
0	5	4	8	683	787
0	3	4	9	788	803
0	0	9	10	824	895
0	0	0	11	895	989
0	8	8	12	1051	1069
0	4	3	13	1075	1179
1	8	0	14	53	150
1	8	0	15	206	235
1	7	2	16	293	353
1	1	6	17	547	565
1	6	1	18	668	744
1	2	7	19	767	779
1	4	0	20	779	806
2	8	1	21	0	53
2	1	3	22	60	163
2	9	4	23	265	335
2	8	3	24	411	438
2	1	9	25	462	538
2	7	4	26	547	644
2	0	2	27	667	678
2	8	1	28	773	808
2	2	7	29	851	953
2	3	5	30	1047	1088
2	2	1	31	1088	1116
2	0	2	32	1133	1201
3	9	9	33	41	110
3	3	5	34	135	194
3	5	2	35	196	293
3	4	3	36	310	411
3	4	0	37	411	429
3	6	7	38	505	536
3	1	6	39	565	639
3	6	9	40	654	668
3	8	0	41	668	694
3	0	9	42	694	752
3	3	5	43	931	964
3	5	4	44	1003	1051
3	9	9	45	1109	1209
4	6	8	46	0	67
4	4	8	47	67	138
4	5	2	48	144	163
4	8	0	49	189	206
4	7	6	50	235	290
4	8	3	51	438	503
4	6	1	52	568	607
4	4	3	53	667	690
4	4	8	54	690	748
4	8	1	55	748	773
4	8	3	56	808	835
4	1	1	57	835	913
4	0	0	58	989	1068
4	8	0	59	1069	1180
5	4	8	60	138	252
5	3	4	61	252	262
5	7	2	62	439	492
5	1	6	63	639	740
5	8	0	64	835	878
5	5	6	65	932	959
5	4	3	66	1016	1075
5	4	0	67	1180	1217
6	2	7	68	77	154
6	5	2	69	163	176
6	8	0	70	257	370
6	9	8	71	432	488
6	8	2	72	503	534
6	9	7	73	536	611
6	7	2	74	907	935
6	4	3	75	957	1016
6	5	8	76	1073	1085
6	8	3	77	1180	1208
6	5	4	78	1208	1221
7	2	7	79	154	226
7	0	1	80	387	459
7	3	1	81	482	538
7	3	3	82	563	582
7	3	3	83	593	629
7	5	6	84	919	932
8	0	5	85	0	72
8	1	3	86	163	202
8	7	6	87	202	235
8	8	0	88	235	257
8	3	5	89	282	314
8	6	8	90	314	369
8	2	5	91	415	467
8	2	5	92	467	492
8	4	9	93	541	571
8	2	1	94	624	664
8	1	6	95	740	815
8	5	6	96	885	919
8	1	1	97	919	995
8	1	1	98	995	1086
9	2	7	99	0	77
9	6	6	100	77	128
9	9	7	101	656	691
9	7	2	102	691	797
9	5	2	103	797	880
9	9	5	104	884	920
9	3	5	105	920	931
9	8	8	106	977	1051
9	5	4	107	1085	1132
10	6	6	108	128	200
10	1	3	109	202	309
10	8	2	110	534	634
10	7	4	111	803	907
10	4	3	112	910	957
10	6	9	113	959	997
10	9	9	114	1003	1028
10	3	5	115	1088	1131
10	7	6	116	1131	1164
10	5	5	117	1188	1199
11	5	6	118	0	72
11	0	5	119	212	282
11	0	9	120	361	378
11	7	6	121	378	435
11	3	4	122	435	473
11	6	1	123	538	568
11	5	8	124	610	682
11	3	3	125	695	742
11	0	9	126	752	824
11	6	6	127	824	885
11	3	5	128	964	1047
11	2	1	129	1116	1207
11	3	5	130	1207	1232
12	4	3	131	0	60
12	0	1	132	72	94
12	4	8	133	252	310
12	5	2	134	373	410
12	5	2	135	410	439
12	9	5	136	767	834
12	5	4	137	1132	1188
13	9	4	138	0	36
13	7	2	139	36	88
13	7	2	140	88	144
13	2	5	141	330	357
13	2	5	142	357	390
13	0	0	143	495	591
13	0	0	144	591	667
13	7	4	145	667	683
13	8	0	146	694	719
13	2	7	147	779	851
13	4	3	148	851	910
13	2	7	149	953	1009
13	7	2	150	1012	1064
13	3	5	151	1131	1177
13	6	8	152	1188	1217
14	3	5	153	72	135
14	7	4	154	154	198
14	9	7	155	335	372
14	8	0	156	372	411
14	0	1	157	459	482
14	5	8	158	488	529
14	9	7	159	611	656
14	3	3	160	742	788
14	0	2	161	1068	1133
14	7	6	162	1164	1234
15	9	8	163	372	432
15	9	4	164	488	530
15	6	9	165	895	959
15	9	9	166	1028	1109
15	0	2	167	1201	1228
16	0	9	168	282	361
16	2	5	169	390	415
16	6	6	170	449	505
16	7	6	171	505	547
16	3	3	172	582	593
16	2	5	173	695	767
16	9	4	174	920	1003
16	2	7	175	1009	1072
16	6	7	176	1114	1187
17	0	1	177	122	209
17	2	7	178	226	330
17	3	4	179	335	418
17	4	3	180	503	541
17	3	3	181	541	563
17	2	5	182	563	624
17	3	5	183	629	695
17	6	8	184	748	819
17	3	8	185	819	920
17	8	8	186	920	977
17	5	6	187	977	1003
17	5	4	188	1051	1073
17	1	8	189	1086	1188
18	3	4	190	36	69
18	0	1	191	94	122
18	8	0	192	150	189
18	1	1	193	309	387
18	1	9	194	387	462
19	1	9	195	0	41
19	5	4	196	72	124
19	7	4	197	144	154
19	9	9	198	181	265
19	6	6	199	290	301
19	4	0	200	429	495
19	2	5	201	495	545
19	4	9	202	571	581
19	4	9	203	581	654
19	9	7	204	691	759
19	9	5	205	834	884
19	7	2	206	935	1012
19	6	6	207	1012	1023
19	6	6	208	1023	1114


Solution History:
