This is the output of Heuristic Solver for Dual resource constrained flexible job shop Scheduling Problem.
Input file is: wfjsp17_1.txt
Method: TSN1_100000000_0.314283_5
Seed: 5
Number of Jobs: 15
Number of Operations: 136
Number of Machines: 5
Number of Operators: 4
CPU Time: 18.8604
obj: 1637
Best found lower bound:0
Solver gap (best found lower bound and upper bound difference): Not known


Final Solution:
Job	Machine	Operator	Operation	Start Time	Finish Time
0	3	3	0	23	94
0	4	0	1	523	546
0	1	2	2	783	825
0	1	3	3	825	928
0	0	2	4	1082	1163
0	4	2	5	1340	1407
0	3	3	6	1534	1606
0	4	0	7	1607	1634
1	2	0	8	63	105
1	3	3	9	132	167
1	4	2	10	167	178
1	1	2	11	277	295
1	1	3	12	398	412
1	1	2	13	622	665
1	4	2	14	716	783
1	0	2	15	1179	1222
1	4	2	16	1407	1434
2	4	0	17	154	166
2	0	1	18	262	313
2	1	2	19	337	379
2	0	1	20	423	514
2	2	0	21	750	844
2	0	2	22	932	982
2	3	3	23	1019	1095
2	0	2	24	1163	1179
2	2	0	25	1397	1435
2	2	2	26	1435	1459
3	2	3	27	0	23
3	0	1	28	122	167
3	2	0	29	167	248
3	0	2	30	889	932
3	0	2	31	1024	1082
3	4	1	32	1125	1226
3	0	1	33	1285	1331
3	4	0	34	1435	1450
3	2	0	35	1512	1560
4	4	0	36	0	26
4	3	3	37	328	361
4	2	0	38	454	520
4	3	3	39	734	799
4	1	3	40	1193	1227
4	2	0	41	1303	1397
4	3	1	42	1434	1457
4	2	0	43	1459	1512
4	4	2	44	1528	1539
4	2	3	45	1625	1637
5	3	3	46	180	256
5	2	0	47	256	268
5	2	0	48	268	277
5	4	2	49	450	492
5	0	1	50	583	662
5	1	1	51	940	957
5	1	1	52	1009	1075
5	3	3	53	1095	1155
5	4	1	54	1457	1498
6	2	0	55	343	385
6	0	1	56	683	777
6	4	1	57	783	821
6	2	0	58	1105	1200
6	0	3	59	1394	1454
6	0	3	60	1454	1477
6	1	1	61	1498	1553
6	3	3	62	1606	1625
7	1	1	63	0	44
7	0	1	64	313	404
7	4	2	65	492	523
7	2	3	66	677	696
7	1	1	67	957	1009
7	1	1	68	1075	1125
7	0	1	69	1226	1285
7	1	3	70	1294	1332
8	0	2	71	81	107
8	4	2	72	230	265
8	1	2	73	295	337
8	3	3	74	361	398
8	2	0	75	409	454
8	2	3	76	522	597
8	4	0	77	606	685
8	2	0	78	1200	1282
8	1	1	79	1344	1434
9	0	2	80	0	81
9	3	3	81	94	132
9	1	2	82	148	165
9	4	0	83	325	343
9	0	3	84	412	420
9	4	0	85	940	1025
9	3	2	86	1302	1340
9	0	3	87	1344	1377
9	0	3	88	1377	1394
10	2	0	89	26	63
10	2	0	90	105	154
10	3	3	91	167	180
10	0	2	92	180	230
10	4	2	93	379	450
10	0	1	94	563	583
10	3	3	95	799	820
10	0	2	96	825	889
10	0	1	97	1331	1344
10	1	1	98	1553	1637
11	3	3	99	256	328
11	0	1	100	514	563
11	3	3	101	696	734
11	2	0	102	844	930
11	2	3	103	942	1019
11	3	3	104	1155	1193
11	3	3	105	1227	1294
11	3	2	106	1459	1479
11	3	2	107	1479	1517
11	4	2	108	1517	1528
12	4	1	109	44	122
12	4	0	110	546	606
12	3	3	111	606	677
12	2	0	112	709	729
12	2	0	113	729	750
12	4	0	114	1025	1105
12	2	0	115	1282	1303
12	0	2	116	1539	1632
13	1	1	117	167	262
13	4	2	118	265	277
13	2	0	119	277	298
13	3	1	120	404	423
13	1	3	121	423	522
13	1	2	122	665	716
13	4	1	123	861	940
13	0	3	124	1477	1534
13	4	0	125	1560	1607
14	1	2	126	107	148
14	4	0	127	298	325
14	2	0	128	385	409
14	1	2	129	523	622
14	0	1	130	662	683
14	4	0	131	685	709
14	4	1	132	821	861
14	3	3	133	928	942
14	0	2	134	982	1024
14	4	2	135	1226	1302


Solution History:
