This is the output of Heuristic Solver for Dual resource constrained flexible job shop Scheduling Problem.
Input file is: wfjsp5_4.txt
Method: TSN1_100000000_0.094869_5
Seed: 4
Number of Jobs: 10
Number of Operations: 72
Number of Machines: 5
Number of Operators: 5
CPU Time: 5.69336
obj: 744
Best found lower bound:0
Solver gap (best found lower bound and upper bound difference): Not known


Final Solution:
Job	Machine	Operator	Operation	Start Time	Finish Time
0	1	2	0	205	279
0	1	2	1	279	338
0	3	0	2	372	440
0	4	4	3	472	536
0	3	0	4	579	679
0	4	4	5	709	740
1	2	3	6	0	43
1	0	4	7	74	88
1	4	0	8	88	137
1	0	2	9	166	191
1	1	2	10	192	205
1	4	4	11	416	459
1	1	2	12	508	576
1	4	4	13	590	611
1	1	2	14	627	703
2	0	4	15	0	74
2	1	2	16	416	477
2	1	2	17	576	627
2	2	3	18	672	705
3	4	0	19	0	15
3	3	1	20	67	116
3	4	0	21	137	211
3	0	4	22	241	252
3	0	1	23	252	315
3	0	1	24	346	419
3	4	4	25	459	472
3	3	0	26	509	579
3	2	3	27	597	672
4	1	2	28	0	104
4	0	4	29	192	241
4	4	4	30	252	342
4	1	4	31	342	416
4	3	0	32	440	509
4	0	1	33	615	670
4	4	4	34	690	709
5	3	1	35	0	67
5	0	2	36	136	166
5	2	3	37	235	260
5	3	0	38	260	322
5	3	0	39	322	372
5	0	1	40	419	482
5	2	3	41	510	542
5	2	3	42	542	597
5	0	1	43	670	741
6	2	3	44	43	118
6	3	1	45	118	183
6	4	2	46	342	373
6	0	1	47	482	510
6	3	0	48	679	744
7	1	2	49	104	133
7	2	3	50	133	186
7	4	0	51	211	242
7	2	3	52	260	352
7	4	2	53	373	413
7	2	3	54	427	441
7	1	2	55	477	508
7	0	1	56	539	615
7	4	4	57	615	628
8	4	0	58	15	86
8	0	4	59	88	136
8	3	1	60	183	244
8	2	3	61	352	396
8	2	3	62	396	427
8	2	3	63	441	454
8	0	1	64	510	539
8	4	4	65	539	590
9	1	4	66	136	192
9	2	3	67	192	235
9	0	1	68	315	346
9	2	3	69	454	510
9	4	4	70	628	690
9	2	3	71	705	740


Solution History:
