This is the output of Heuristic Solver for Dual resource constrained flexible job shop Scheduling Problem.
Input file is: wfjsp9_7.txt
Method: TSN1_100000000_0.391775_5
Seed: 4
Number of Jobs: 15
Number of Operations: 134
Number of Machines: 5
Number of Operators: 5
CPU Time: 23.5098
obj: 1358
Best found lower bound:0
Solver gap (best found lower bound and upper bound difference): Not known


Final Solution:
Job	Machine	Operator	Operation	Start Time	Finish Time
0	3	1	0	64	144
0	3	1	1	144	153
0	2	2	2	310	350
0	1	0	3	440	537
0	2	2	4	617	644
0	1	0	5	706	744
0	3	4	6	774	806
0	2	2	7	1167	1208
1	0	0	8	39	52
1	4	2	9	114	156
1	2	2	10	156	240
1	4	1	11	255	319
1	1	0	12	537	626
1	0	3	13	765	832
1	2	2	14	903	943
1	1	0	15	969	987
1	4	1	16	1011	1088
1	2	2	17	1208	1274
2	1	0	18	270	324
2	3	4	19	324	397
2	2	2	20	483	556
2	2	2	21	586	617
2	2	2	22	644	655
2	3	4	23	658	736
2	3	4	24	736	748
2	1	0	25	915	969
2	4	1	26	1149	1160
2	1	1	27	1279	1358
3	0	3	28	226	281
3	4	1	29	410	440
3	4	1	30	541	613
3	4	1	31	779	859
3	4	1	32	859	931
3	2	2	33	1000	1011
3	3	4	34	1050	1124
3	2	2	35	1274	1353
4	0	0	36	0	24
4	4	2	37	52	79
4	0	0	38	137	174
4	4	1	39	440	511
4	1	0	40	626	706
4	4	1	41	706	779
4	1	0	42	828	915
4	2	2	43	1100	1135
4	3	4	44	1181	1210
4	3	4	45	1266	1307
5	4	1	46	156	240
5	2	2	47	350	408
5	3	4	48	489	565
5	0	3	49	595	652
5	3	4	50	748	774
5	2	2	51	871	903
5	3	4	52	982	1050
5	4	1	53	1160	1190
5	0	1	54	1195	1209
6	4	2	55	0	52
6	1	3	56	73	147
6	0	0	57	174	213
6	2	2	58	271	310
6	3	4	59	410	436
6	0	3	60	568	595
6	0	3	61	945	984
6	1	0	62	1055	1117
6	0	1	63	1209	1274
7	0	0	64	52	137
7	0	3	65	712	765
7	2	2	66	802	871
7	4	1	67	931	1011
7	2	2	68	1011	1071
7	4	1	69	1088	1149
7	3	4	70	1243	1266
7	4	0	71	1284	1339
8	1	0	72	213	270
8	0	3	73	359	437
8	3	4	74	437	489
8	0	3	75	489	512
8	2	2	76	655	691
8	1	0	77	744	828
8	3	4	78	851	889
8	2	2	79	1135	1167
9	3	4	80	153	234
9	3	4	81	311	324
9	0	3	82	550	568
9	4	1	83	613	671
9	2	2	84	691	718
9	0	3	85	832	862
9	2	2	86	943	1000
9	1	0	87	1000	1055
10	2	4	88	0	57
10	0	3	89	213	226
10	0	3	90	281	359
10	2	2	91	408	439
10	2	2	92	556	586
10	4	1	93	671	687
10	2	2	94	1071	1100
10	1	0	95	1117	1201
11	0	0	96	24	39
11	1	3	97	147	203
11	4	1	98	240	255
11	1	0	99	382	440
11	3	4	100	580	658
11	0	3	101	682	712
11	3	4	102	889	982
11	3	4	103	1124	1181
11	3	4	104	1210	1243
11	0	3	105	1279	1337
12	3	1	106	0	64
12	4	2	107	79	114
12	3	4	108	234	296
12	4	1	109	360	390
12	0	3	110	512	550
12	3	4	111	565	580
12	0	3	112	652	682
12	0	3	113	984	1025
12	1	3	114	1201	1279
12	3	4	115	1307	1358
13	2	4	116	57	137
13	3	4	117	296	311
13	1	0	118	324	382
13	2	2	119	439	483
13	4	1	120	511	541
13	2	2	121	718	802
13	3	4	122	806	851
13	0	3	123	1025	1112
13	0	3	124	1112	1195
13	4	0	125	1201	1284
14	1	3	126	0	35
14	1	3	127	35	73
14	2	4	128	137	153
14	2	2	129	240	271
14	4	1	130	319	360
14	3	1	131	397	410
14	0	3	132	437	483
14	0	3	133	862	945


Solution History:
