This is the output of Heuristic Solver for Dual resource constrained flexible job shop Scheduling Problem.
Input file is: wfjsp20_2.txt
Method: TSN1_100000000_0.253713_5
Seed: 3
Number of Jobs: 25
Number of Operations: 193
Number of Machines: 10
Number of Operators: 8
CPU Time: 15.2295
obj: 1264
Best found lower bound:0
Solver gap (best found lower bound and upper bound difference): Not known


Final Solution:
Job	Machine	Operator	Operation	Start Time	Finish Time
0	7	5	0	536	616
0	2	5	1	651	725
0	0	1	2	901	920
0	4	1	3	1016	1053
0	9	3	4	1134	1149
1	8	7	5	139	164
1	8	7	6	164	235
1	5	6	7	260	271
1	2	4	8	290	362
1	0	1	9	408	448
1	1	1	10	448	500
1	5	6	11	500	517
1	3	3	12	529	597
1	1	5	13	942	1015
2	7	3	14	176	238
2	3	3	15	266	334
2	8	7	16	334	364
2	9	7	17	364	410
2	1	3	18	511	529
2	8	2	19	627	685
2	4	6	20	849	925
2	6	1	21	932	1013
2	0	4	22	1045	1108
2	6	4	23	1108	1177
3	4	2	24	141	208
3	6	6	25	242	260
3	2	5	26	277	290
3	5	6	27	517	603
3	4	7	28	702	724
3	2	7	29	797	870
3	5	7	30	901	987
3	3	3	31	988	1004
3	9	1	32	1162	1229
4	5	6	33	155	233
4	6	6	34	429	484
4	7	0	35	642	666
4	8	2	36	685	742
4	4	6	37	925	962
4	7	6	38	962	1034
4	1	6	39	1104	1192
4	1	0	40	1192	1211
4	7	3	41	1211	1224
4	0	1	42	1230	1256
5	2	4	43	158	173
5	9	5	44	231	272
5	1	0	45	293	364
5	3	3	46	391	429
5	4	3	47	750	840
5	1	0	48	840	937
6	2	2	49	79	141
6	7	3	50	238	266
6	5	5	51	290	356
6	6	6	52	391	429
6	2	5	53	429	455
6	2	0	54	455	488
6	6	0	55	488	539
6	6	0	56	623	642
6	3	3	57	1004	1071
7	1	3	58	0	61
7	6	6	59	71	83
7	2	0	60	364	394
7	5	0	61	394	449
7	0	5	62	797	878
7	3	0	63	1089	1144
7	8	4	64	1177	1245
8	2	0	65	18	72
8	9	0	66	72	94
8	0	4	67	202	290
8	0	7	68	311	324
8	7	5	69	455	536
8	8	0	70	609	623
8	5	7	71	987	1046
8	8	7	72	1046	1110
8	1	0	73	1211	1262
9	5	1	74	0	56
9	7	2	75	358	449
9	4	3	76	449	511
9	2	1	77	578	630
9	3	1	78	784	865
9	0	1	79	920	932
9	0	4	80	988	1045
9	4	1	81	1053	1099
9	0	2	82	1174	1230
9	7	3	83	1230	1245
10	7	5	84	0	79
10	4	7	85	115	139
10	6	5	86	149	175
10	8	4	87	364	395
10	0	2	88	449	482
10	5	6	89	684	771
10	6	6	90	1192	1261
11	4	4	91	0	73
11	5	5	92	79	149
11	3	2	93	208	220
11	0	7	94	290	311
11	6	6	95	318	391
11	2	4	96	492	559
11	6	4	97	559	614
11	3	1	98	697	784
11	2	2	99	1019	1113
12	8	7	100	97	115
12	9	0	101	120	191
12	4	2	102	230	297
12	1	5	103	370	426
12	7	3	104	678	750
12	7	6	105	771	849
12	5	1	106	865	901
12	0	3	107	932	988
12	1	6	108	1034	1104
13	7	6	109	98	155
13	8	7	110	235	289
13	3	3	111	334	362
13	0	1	112	362	408
13	9	7	113	464	531
13	2	4	114	729	795
13	7	3	115	1077	1088
14	7	6	116	83	98
14	6	0	117	98	120
14	4	7	118	531	617
14	2	0	119	937	1019
14	7	5	120	1042	1077
14	5	5	121	1077	1143
14	5	5	122	1143	1198
15	2	0	123	0	18
15	3	1	124	56	86
15	0	4	125	176	193
15	4	2	126	220	230
15	4	6	127	297	318
15	5	5	128	356	370
15	3	3	129	429	437
15	1	6	130	609	684
15	7	3	131	1088	1097
16	3	3	132	86	118
16	0	3	133	118	176
16	6	0	134	191	242
16	1	0	135	242	293
16	3	3	136	362	391
16	1	0	137	739	774
16	8	2	138	906	967
17	3	1	139	118	202
17	0	2	140	573	627
17	0	1	141	630	697
17	2	4	142	870	930
17	9	3	143	1097	1134
17	4	3	144	1149	1211
18	4	1	145	86	115
18	1	4	146	115	158
18	2	1	147	202	277
18	9	1	148	277	308
18	9	7	149	410	464
18	5	5	150	616	651
18	9	0	151	696	739
18	7	5	152	878	942
18	2	7	153	1113	1182
19	3	7	154	0	12
19	8	7	155	12	97
19	9	1	156	308	359
19	0	2	157	506	573
19	1	4	158	694	729
19	0	1	159	1108	1162
20	7	6	160	271	297
20	7	2	161	297	358
20	8	4	162	463	492
20	6	0	163	666	696
20	9	0	164	774	838
20	9	3	165	840	931
20	4	2	166	967	1016
20	9	0	167	1019	1089
21	5	6	168	56	71
21	1	4	169	73	101
21	3	3	170	597	678
21	8	2	171	742	828
21	8	2	172	1113	1174
21	5	5	173	1198	1264
22	0	2	174	0	79
22	2	4	175	193	202
22	8	4	176	395	463
22	0	2	177	482	506
22	1	0	178	539	609
22	9	4	179	614	694
22	6	5	180	725	790
22	6	5	181	1015	1042
23	1	5	182	175	231
23	4	7	183	617	702
23	0	7	184	724	797
23	8	2	185	828	906
23	3	0	186	1144	1192
23	9	7	187	1229	1258
24	6	6	188	0	35
24	8	1	189	500	578
24	6	4	190	795	867
24	9	4	191	931	974
24	2	7	192	1182	1227


Solution History:
