This is the output of Heuristic Solver for Dual resource constrained flexible job shop Scheduling Problem.
Input file is: wfjsp24_2.txt
Method: TSN1_100000000_0.338375_5
Seed: 5
Number of Jobs: 40
Number of Operations: 288
Number of Machines: 15
Number of Operators: 12
CPU Time: 20.3169
obj: 1248
Best found lower bound:0
Solver gap (best found lower bound and upper bound difference): Not known


Final Solution:
Job	Machine	Operator	Operation	Start Time	Finish Time
0	4	0	0	151	225
0	13	0	1	236	303
0	4	11	2	378	399
0	4	0	3	910	945
0	14	1	4	965	979
1	4	0	5	0	20
1	8	6	6	185	248
1	6	10	7	287	299
1	12	0	8	303	376
1	9	6	9	418	454
1	14	1	10	454	506
1	8	8	11	516	532
1	0	7	12	638	707
1	6	10	13	822	879
2	5	0	14	20	78
2	0	4	15	242	307
2	13	8	16	307	337
2	3	1	17	381	425
2	8	1	18	425	445
2	10	3	19	570	632
2	8	1	20	780	859
2	13	9	21	1023	1104
2	6	5	22	1120	1179
2	10	5	23	1179	1246
3	12	4	24	17	76
3	11	8	25	348	367
3	1	4	26	411	421
3	1	4	27	421	506
3	3	3	28	634	656
3	10	11	29	659	742
3	7	9	30	840	937
3	5	1	31	1057	1075
3	4	2	32	1098	1172
4	10	1	33	223	300
4	1	4	34	351	411
4	0	8	35	473	494
4	9	10	36	501	557
4	3	5	37	601	634
4	12	3	38	656	729
4	13	0	39	820	902
4	4	10	40	946	973
4	2	3	41	1095	1108
4	12	3	42	1108	1137
5	12	7	43	0	16
5	1	7	44	16	56
5	7	10	45	188	268
5	2	3	46	444	482
5	7	8	47	710	796
5	12	7	48	797	880
6	10	1	49	29	86
6	3	9	50	193	229
6	11	11	51	283	340
6	4	11	52	340	378
6	0	8	53	494	516
6	2	0	54	516	549
6	11	2	55	553	598
6	0	1	56	860	879
6	3	4	57	1005	1069
7	13	2	58	33	94
7	13	5	59	94	105
7	11	2	60	209	239
7	2	10	61	350	397
7	11	2	62	403	482
7	1	9	63	702	753
7	5	1	64	979	1057
8	5	11	65	111	161
8	3	9	66	161	184
8	6	9	67	485	569
8	1	0	68	679	692
8	11	8	69	796	872
8	0	10	70	1013	1028
8	10	0	71	1036	1092
8	14	11	72	1092	1146
8	6	9	73	1199	1247
9	8	11	74	0	54
9	9	9	75	332	418
9	1	4	76	506	567
9	0	7	77	577	638
9	2	7	78	707	797
9	3	6	79	799	812
9	4	6	80	812	868
9	1	4	81	868	912
9	8	7	82	912	974
9	10	3	83	1137	1155
10	11	10	84	25	103
10	11	9	85	253	273
10	5	4	86	307	327
10	0	6	87	368	399
10	0	8	88	422	454
10	5	1	89	695	780
10	4	2	90	1172	1235
11	9	3	91	60	138
11	9	3	92	234	305
11	14	8	93	337	348
11	0	11	94	399	421
11	10	5	95	779	857
11	12	11	96	922	980
11	4	5	97	980	1035
11	6	5	98	1035	1120
11	14	1	99	1152	1238
12	10	0	100	86	104
12	5	5	101	225	304
12	6	3	102	305	360
12	2	10	103	397	444
12	7	5	104	634	700
12	8	5	105	700	779
12	9	11	106	860	895
12	9	7	107	1096	1143
12	9	6	108	1143	1215
13	3	11	109	229	283
13	7	10	110	299	350
13	2	3	111	482	510
13	9	11	112	557	601
13	14	11	113	601	659
13	9	6	114	668	733
13	10	6	115	935	949
14	5	4	116	172	186
14	0	8	117	454	473
14	10	5	118	473	556
14	9	9	119	753	840
14	12	11	120	895	922
14	13	2	121	923	981
14	14	2	122	981	1037
15	5	4	123	0	17
15	0	8	124	17	46
15	0	8	125	46	64
15	7	8	126	64	72
15	8	7	127	72	92
15	11	8	128	109	123
15	3	9	129	184	193
15	8	8	130	532	610
15	7	5	131	937	946
16	4	5	132	26	58
16	14	11	133	58	111
16	0	4	134	186	242
16	1	9	135	273	320
16	1	7	136	320	351
16	7	3	137	405	443
16	4	2	138	1037	1098
17	8	6	139	248	344
17	6	8	140	367	422
17	7	10	141	444	501
17	13	10	142	608	664
17	9	6	143	895	925
17	11	11	144	1189	1248
18	5	4	145	78	106
18	12	0	146	106	151
18	2	7	147	245	315
18	3	11	148	425	459
18	0	7	149	521	577
18	7	1	150	578	613
18	6	8	151	613	657
18	2	3	152	1029	1095
18	2	0	153	1153	1220
19	14	9	154	320	332
19	5	5	155	372	464
19	13	10	156	557	608
19	0	10	157	879	946
19	8	7	158	974	1007
19	11	11	159	1036	1084
20	10	1	160	0	29
20	3	9	161	29	93
20	1	7	162	93	120
20	5	6	163	344	368
20	11	2	164	482	553
20	14	8	165	872	958
20	0	8	166	958	1010
20	0	6	167	1059	1129
21	13	5	168	0	11
21	9	3	169	30	60
21	14	8	170	123	205
21	14	1	171	506	578
21	12	9	172	578	645
21	10	11	173	980	1036
22	8	6	174	94	173
22	7	6	175	173	185
22	10	5	176	304	372
22	7	10	177	796	822
22	10	5	178	857	935
22	11	9	179	937	1023
22	8	10	180	1096	1162
22	0	11	181	1162	1189
23	4	1	182	89	138
23	6	3	183	735	810
23	8	8	184	1010	1086
23	7	8	185	1086	1161
23	5	3	186	1161	1217
23	1	6	187	1217	1244
24	11	2	188	367	403
24	5	11	189	464	547
24	9	6	190	601	668
24	6	0	191	692	735
24	0	7	192	1189	1234
25	1	7	193	172	245
25	6	10	194	268	287
25	7	3	195	360	405
25	6	9	196	422	485
25	5	5	197	556	601
25	5	4	198	601	669
25	2	2	199	827	923
25	5	4	200	1075	1148
26	13	7	201	351	435
26	1	4	202	567	595
26	0	6	203	733	799
26	0	11	204	799	860
26	8	7	205	880	895
26	1	4	206	912	925
26	10	5	207	949	979
27	10	10	208	104	188
27	3	6	209	521	598
27	4	2	210	598	659
27	14	2	211	747	827
27	12	4	212	1148	1221
28	13	5	213	11	26
28	2	6	214	35	94
28	13	5	215	139	179
28	12	9	216	236	253
28	11	10	217	706	791
28	4	7	218	895	910
28	2	0	219	1134	1153
29	4	5	220	58	89
29	2	2	221	94	132
29	14	8	222	205	214
29	3	6	223	459	503
29	11	1	224	613	672
30	11	9	225	0	25
30	9	3	226	138	217
30	0	2	227	307	356
30	12	0	228	376	444
30	12	0	229	444	514
30	5	1	230	879	965
30	12	10	231	980	1013
31	9	3	232	0	30
31	12	8	233	76	89
31	0	8	234	89	109
31	1	7	235	120	172
31	2	9	236	647	702
32	3	9	237	93	160
32	5	5	238	186	225
32	12	0	239	225	236
32	5	4	240	327	338
32	11	1	241	672	695
32	3	3	242	821	865
32	12	7	243	1022	1090
33	13	7	244	435	521
33	4	0	245	549	567
33	2	0	246	567	647
33	1	0	247	647	679
33	4	11	248	742	794
33	3	4	249	925	1005
33	13	7	250	1007	1022
33	0	6	251	1028	1059
33	10	0	252	1092	1134
34	14	6	253	0	35
34	13	5	254	105	139
34	2	1	255	139	223
34	13	8	256	664	710
34	7	0	257	946	967
35	11	2	258	132	209
35	14	8	259	214	299
35	4	10	260	664	706
35	1	4	261	753	831
35	5	4	262	831	863
35	2	3	263	923	962
35	11	1	264	1084	1152
35	8	8	265	1162	1248
36	3	3	266	865	916
36	1	6	267	949	1027
36	9	10	268	1028	1096
36	13	9	269	1104	1199
36	2	3	270	1220	1248
37	2	2	271	0	33
37	0	4	272	109	172
37	14	2	273	659	747
37	2	3	274	810	821
37	7	0	275	967	1035
37	7	10	276	1162	1248
38	12	11	277	161	218
38	9	3	278	218	234
38	4	2	279	239	277
38	12	3	280	514	570
38	3	4	281	669	729
38	4	6	282	868	895
39	3	1	283	300	381
39	7	6	284	503	521
39	13	0	285	735	820
39	2	3	286	962	1029
39	11	7	287	1152	1188


Solution History:
