This is the output of Heuristic Solver for Dual resource constrained flexible job shop Scheduling Problem.
Input file is: wfjsp5_4.txt
Method: TSN1_100000000_0.078537_5
Seed: 2
Number of Jobs: 10
Number of Operations: 72
Number of Machines: 5
Number of Operators: 5
CPU Time: 4.71333
obj: 737
Best found lower bound:0
Solver gap (best found lower bound and upper bound difference): Not known


Final Solution:
Job	Machine	Operator	Operation	Start Time	Finish Time
0	1	4	0	56	137
0	1	4	1	246	305
0	2	3	2	337	405
0	1	4	3	429	491
0	3	0	4	561	661
0	4	4	5	692	723
1	2	3	6	0	43
1	4	0	7	43	56
1	4	0	8	56	105
1	4	0	9	105	130
1	1	4	10	137	152
1	4	0	11	204	247
1	1	4	12	305	380
1	4	4	13	491	512
1	1	3	14	620	694
2	0	1	15	121	197
2	4	0	16	247	306
2	1	4	17	380	429
2	3	0	18	486	519
3	4	0	19	0	15
3	3	2	20	65	112
3	4	0	21	130	204
3	0	1	22	227	236
3	0	1	23	236	299
3	0	1	24	299	372
3	2	3	25	405	416
3	3	0	26	416	486
3	2	1	27	663	737
4	1	4	28	152	246
4	3	2	29	347	394
4	4	2	30	394	490
4	1	3	31	522	592
4	2	1	32	592	663
4	0	2	33	668	715
4	0	2	34	715	731
5	3	2	35	0	65
5	2	3	36	74	102
5	2	3	37	145	170
5	3	2	38	222	284
5	4	0	39	306	356
5	0	1	40	412	475
5	2	1	41	506	537
5	2	1	42	537	592
5	0	2	43	596	668
6	2	3	44	170	245
6	3	2	45	284	347
6	4	0	46	356	386
6	1	3	47	592	620
6	3	0	48	661	726
7	2	3	49	43	74
7	3	2	50	112	163
7	0	1	51	197	227
7	2	3	52	245	337
7	0	1	53	372	412
7	2	3	54	460	474
7	1	2	55	491	522
7	0	2	56	522	596
7	4	4	57	679	692
8	0	1	58	0	73
8	0	1	59	73	121
8	3	2	60	163	222
8	2	3	61	416	460
8	2	3	62	474	505
8	3	0	63	519	532
8	3	0	64	532	561
8	4	4	65	628	679
9	1	4	66	0	56
9	2	3	67	102	145
9	0	1	68	475	506
9	4	4	69	512	566
9	4	4	70	566	628
9	1	3	71	694	728


Solution History:
