This is the output of Heuristic Solver for Dual resource constrained flexible job shop Scheduling Problem.
Input file is: wfjsp15_4.txt
Method: TSN1_100000000_1.106148_5
Seed: 1
Number of Jobs: 30
Number of Operations: 381
Number of Machines: 15
Number of Operators: 15
CPU Time: 66.3897
obj: 1384
Best found lower bound:0
Solver gap (best found lower bound and upper bound difference): Not known


Final Solution:
Job	Machine	Operator	Operation	Start Time	Finish Time
0	1	1	0	545	620
0	8	11	1	664	724
0	9	7	2	797	866
0	9	4	3	928	992
0	8	7	4	1002	1092
0	1	2	5	1092	1123
0	8	2	6	1123	1166
0	8	14	7	1166	1178
0	6	14	8	1178	1227
0	3	4	9	1227	1247
0	3	6	10	1247	1260
0	4	13	11	1260	1294
0	8	11	12	1294	1358
0	14	6	13	1362	1382
1	6	10	14	30	100
1	11	13	15	269	341
1	13	4	16	389	455
1	0	11	17	480	528
1	3	5	18	528	565
1	7	10	19	599	616
1	3	5	20	709	756
1	5	5	21	768	863
1	11	12	22	888	899
1	1	1	23	963	1030
1	3	4	24	1049	1125
1	12	0	25	1148	1160
1	12	0	26	1160	1236
1	6	14	27	1270	1367
2	10	6	28	41	134
2	2	4	29	269	317
2	12	13	30	424	506
2	10	0	31	525	596
2	3	1	32	758	830
2	6	13	33	871	919
2	7	8	34	1026	1042
2	4	9	35	1078	1144
2	2	9	36	1157	1184
2	11	3	37	1216	1239
2	12	0	38	1239	1303
2	3	9	39	1311	1361
3	9	0	40	51	110
3	14	7	41	110	144
3	11	2	42	341	394
3	5	7	43	509	595
3	8	11	44	595	664
3	4	0	45	745	810
3	5	14	46	863	893
3	7	6	47	923	948
3	11	2	48	959	1025
3	4	13	49	1227	1256
3	11	3	50	1320	1371
4	4	10	51	220	252
4	1	1	52	370	462
4	8	8	53	491	529
4	1	8	54	529	544
4	2	8	55	551	582
4	3	5	56	637	709
4	1	9	57	770	781
4	7	8	58	832	900
4	2	0	59	1040	1084
4	0	1	60	1122	1181
4	8	2	61	1250	1294
4	7	2	62	1350	1381
5	4	0	63	0	12
5	3	4	64	19	45
5	9	3	65	110	160
5	6	0	66	181	240
5	5	5	67	254	293
5	3	7	68	422	452
5	13	7	69	455	509
5	6	13	70	587	652
5	6	13	71	652	685
5	10	14	72	806	856
5	10	10	73	1194	1288
6	8	2	74	0	43
6	12	12	75	43	53
6	12	14	76	53	126
6	10	5	77	134	181
6	2	8	78	322	346
6	14	1	79	470	545
6	7	10	80	616	682
6	10	3	81	730	787
6	5	5	82	961	1017
6	7	8	83	1042	1072
6	9	7	84	1115	1209
6	13	12	85	1242	1262
6	0	1	86	1285	1316
7	7	3	87	0	40
7	13	2	88	49	119
7	7	2	89	119	166
7	9	3	90	166	187
7	10	5	91	187	215
7	4	10	92	252	318
7	3	4	93	455	508
7	12	14	94	554	602
7	7	3	95	787	832
7	2	9	96	848	911
7	13	11	97	927	996
7	10	3	98	1084	1127
7	6	3	99	1127	1141
7	2	12	100	1194	1242
8	7	8	101	78	110
8	8	11	102	110	140
8	2	8	103	140	188
8	14	3	104	254	274
8	13	4	105	317	389
8	4	6	106	402	498
8	2	9	107	505	551
8	12	14	108	602	649
8	2	8	109	649	713
8	11	12	110	731	796
8	3	3	111	1000	1049
8	13	11	112	1167	1235
8	13	12	113	1262	1344
9	10	12	114	0	9
9	11	11	115	9	101
9	3	1	116	101	153
9	12	14	117	176	245
9	9	12	118	245	274
9	0	8	119	274	322
9	4	6	120	322	355
9	2	8	121	355	389
9	12	13	122	389	424
9	13	2	123	524	589
9	14	2	124	697	746
9	2	9	125	781	848
9	0	12	126	902	980
9	2	8	127	1242	1291
10	3	4	128	45	78
10	10	14	129	424	501
10	3	5	130	565	637
10	1	1	131	637	678
10	13	4	132	742	789
10	10	14	133	789	806
10	12	13	134	808	857
10	4	10	135	881	916
10	4	10	136	916	949
10	4	9	137	1018	1078
10	7	6	138	1109	1155
10	14	5	139	1182	1200
10	3	4	140	1286	1311
10	14	5	141	1311	1362
11	4	13	142	12	102
11	10	3	143	274	317
11	6	14	144	331	399
11	2	2	145	424	505
11	2	8	146	582	610
11	6	10	147	694	763
11	4	0	148	810	822
11	9	7	149	894	928
11	7	6	150	948	996
11	14	11	151	996	1025
11	9	1	152	1082	1115
11	10	12	153	1127	1194
11	14	5	154	1200	1304
12	2	1	155	0	92
12	5	6	156	134	215
12	8	8	157	243	263
12	3	9	158	263	292
12	8	7	159	305	340
12	9	0	160	340	406
12	8	10	161	416	465
12	10	12	162	596	663
12	10	12	163	663	730
12	2	9	164	744	770
12	13	4	165	789	801
12	1	6	166	801	828
12	13	4	167	887	927
12	2	8	168	927	992
12	6	13	169	992	1060
13	5	5	170	61	129
13	14	7	171	166	254
13	5	5	172	444	470
13	9	3	173	470	560
13	5	0	174	596	679
13	14	2	175	746	827
13	1	2	176	828	856
13	12	13	177	857	871
13	8	2	178	918	959
13	8	7	179	959	1002
13	12	6	180	1002	1023
13	0	12	181	1047	1122
13	1	9	182	1185	1217
13	9	7	183	1217	1287
13	10	10	184	1288	1356
14	1	9	185	0	64
14	3	1	186	153	219
14	13	9	187	219	255
14	3	9	188	292	362
14	4	6	189	498	540
14	11	9	190	574	635
14	9	3	191	639	718
14	4	0	192	822	881
14	12	6	193	1023	1083
14	3	4	194	1125	1199
14	5	11	195	1235	1262
14	11	3	196	1290	1308
15	2	8	197	110	133
15	5	11	198	293	363
15	8	11	199	363	411
15	2	2	200	411	424
15	11	12	201	424	453
15	1	0	202	462	525
15	7	14	203	682	784
15	12	13	204	794	808
15	0	1	205	830	902
15	3	3	206	913	941
15	5	6	207	1155	1233
15	3	4	208	1260	1286
15	12	0	209	1303	1318
15	10	10	210	1356	1384
16	8	7	211	43	108
16	13	12	212	119	185
16	14	6	213	274	321
16	10	10	214	321	353
16	7	5	215	353	396
16	11	12	216	453	482
16	13	2	217	509	524
16	14	2	218	663	697
16	4	13	219	697	745
16	3	3	220	832	913
16	4	10	221	949	1018
16	13	11	222	1025	1096
17	4	10	223	167	220
17	12	14	224	255	327
17	11	12	225	396	417
17	5	5	226	470	499
17	4	6	227	540	633
17	1	1	228	678	719
17	5	8	229	719	768
17	14	6	230	828	874
17	10	5	231	874	952
17	9	0	232	992	1040
17	6	10	233	1060	1123
17	8	2	234	1178	1250
17	9	7	235	1287	1374
18	5	11	236	0	9
18	14	6	237	9	41
18	0	4	238	137	200
18	11	13	239	217	244
18	7	2	240	267	327
18	1	1	241	327	370
18	7	10	242	465	532
18	7	10	243	532	599
18	11	9	244	635	683
18	2	0	245	714	744
18	0	8	246	778	788
18	12	6	247	874	921
18	5	10	248	1018	1052
18	14	5	249	1133	1182
19	5	5	250	9	61
19	4	10	251	102	167
19	11	13	252	189	217
19	10	3	253	217	248
19	13	7	254	255	305
19	14	3	255	321	400
19	7	8	256	400	465
19	0	7	257	650	741
19	0	13	258	745	778
19	9	7	259	866	894
19	13	11	260	1096	1167
19	11	3	261	1239	1290
19	1	2	262	1294	1350
20	1	9	263	117	178
20	2	11	264	203	269
20	6	9	265	424	501
20	9	3	266	560	639
20	4	6	267	639	691
20	11	9	268	691	731
20	8	8	269	793	819
20	13	4	270	819	858
20	5	14	271	893	961
20	5	11	272	1262	1277
21	7	2	273	166	267
21	11	12	274	482	574
21	13	7	275	595	650
21	13	4	276	650	742
21	12	6	277	745	794
21	13	4	278	858	887
21	8	11	279	888	918
21	1	1	280	918	963
21	10	14	281	963	1012
21	14	5	282	1025	1086
21	11	13	283	1086	1153
21	4	13	284	1153	1163
21	7	8	285	1163	1211
21	1	9	286	1217	1287
21	2	8	287	1291	1383
22	11	13	288	102	118
22	11	13	289	118	189
22	0	11	290	411	480
22	11	12	291	796	888
22	6	9	292	919	982
22	7	8	293	996	1026
22	9	1	294	1040	1082
22	5	14	295	1084	1155
22	4	13	296	1163	1227
22	6	14	297	1227	1270
22	4	13	298	1294	1340
23	0	4	299	85	137
23	14	7	300	144	166
23	2	11	301	188	203
23	1	1	302	235	309
23	4	6	303	355	402
23	10	5	304	501	523
23	12	14	305	523	554
23	0	8	306	622	649
23	6	13	307	685	694
23	12	6	308	694	745
23	9	7	309	745	797
23	0	11	310	797	825
23	1	10	311	1123	1185
24	0	4	312	200	263
24	10	7	313	353	417
24	14	11	314	545	579
24	8	11	315	724	793
24	8	11	316	825	888
24	1	0	317	901	911
24	14	0	318	911	981
24	0	12	319	981	1047
24	12	0	320	1084	1148
24	7	8	321	1211	1239
24	0	1	322	1316	1384
25	6	10	323	0	30
25	13	8	324	30	49
25	0	12	325	53	85
25	6	3	326	100	110
25	13	9	327	185	205
25	9	12	328	274	324
25	6	13	329	506	587
25	3	3	330	941	1000
25	14	5	331	1086	1133
25	7	6	332	1260	1347
25	4	13	333	1351	1373
26	10	12	334	9	38
26	1	9	335	64	117
26	8	11	336	140	188
26	11	13	337	244	269
26	0	12	338	324	396
26	6	14	339	399	424
26	5	0	340	679	714
26	6	10	341	763	855
26	6	10	342	855	870
26	7	8	343	900	923
26	12	13	344	923	990
26	11	2	345	1025	1084
26	7	6	346	1084	1109
26	2	8	347	1109	1157
26	12	0	348	1318	1348
27	0	8	349	0	27
27	2	12	350	92	109
27	5	5	351	215	254
27	6	0	352	255	331
27	7	2	353	331	341
27	9	0	354	406	455
27	8	8	355	465	491
27	0	4	356	528	622
27	10	14	357	1012	1084
27	11	3	358	1153	1216
28	3	4	359	0	19
28	9	0	360	19	51
28	7	8	361	51	78
28	12	14	362	126	176
28	8	12	363	188	243
28	12	0	364	245	255
28	3	9	365	362	422
28	14	3	366	422	470
28	14	2	367	589	663
28	1	2	368	856	901
29	13	7	369	0	23
29	6	0	370	110	181
29	1	8	371	188	235
29	10	6	372	248	267
29	5	10	373	363	416
29	5	5	374	416	433
29	5	5	375	433	444
29	1	1	376	719	758
29	2	4	377	992	1039
29	0	1	378	1181	1285
29	11	3	379	1308	1320
29	4	13	380	1340	1351


Solution History:
