This is the output of Heuristic Solver for Dual resource constrained flexible job shop Scheduling Problem.
Input file is: wfjsp7_5.txt
Method: TSN1_100000000_0.152770_5
Seed: 5
Number of Jobs: 12
Number of Operations: 80
Number of Machines: 5
Number of Operators: 5
CPU Time: 9.16749
obj: 820
Best found lower bound:0
Solver gap (best found lower bound and upper bound difference): Not known


Final Solution:
Job	Machine	Operator	Operation	Start Time	Finish Time
0	0	1	0	0	15
0	1	3	1	152	192
0	3	2	2	278	362
0	3	2	3	416	486
0	0	1	4	551	616
0	0	1	5	616	650
0	1	4	6	667	737
1	1	3	7	0	39
1	4	4	8	128	174
1	1	3	9	331	365
1	0	1	10	520	551
1	1	4	11	598	667
2	4	4	12	107	128
2	2	0	13	343	358
2	2	0	14	358	426
2	4	3	15	598	664
2	3	0	16	746	756
3	1	3	17	71	122
3	3	2	18	170	235
3	3	2	19	375	416
3	2	0	20	426	454
3	3	0	21	707	746
4	0	1	22	406	434
4	4	4	23	453	482
4	1	3	24	515	598
4	3	0	25	666	707
4	0	1	26	773	815
5	3	2	27	0	23
5	4	4	28	99	107
5	0	1	29	361	406
5	0	1	30	434	520
5	4	4	31	530	592
6	3	2	32	23	87
6	3	2	33	87	170
6	4	4	34	174	254
6	2	0	35	307	343
6	3	2	36	362	375
6	4	3	37	664	710
7	0	1	38	55	140
7	1	3	39	256	331
7	4	4	40	374	440
7	1	3	41	485	515
7	2	2	42	735	807
8	1	3	43	39	71
8	0	1	44	140	158
8	1	3	45	192	256
8	0	1	46	256	341
8	1	3	47	399	485
8	4	4	48	485	530
8	2	2	49	576	657
8	2	2	50	657	735
8	0	1	51	763	773
8	4	3	52	774	808
9	2	0	53	0	89
9	1	3	54	122	152
9	2	0	55	214	307
9	0	1	56	341	361
9	1	3	57	365	399
9	3	2	58	486	572
9	3	0	59	576	590
9	3	0	60	640	666
9	4	3	61	710	774
10	4	4	62	0	15
10	0	1	63	15	55
10	2	0	64	89	121
10	0	1	65	158	245
10	4	4	66	254	332
10	0	1	67	725	763
10	3	0	68	763	804
10	3	0	69	804	820
11	4	4	70	15	99
11	2	0	71	121	214
11	3	2	72	235	278
11	4	4	73	332	374
11	4	4	74	440	453
11	2	0	75	454	546
11	2	0	76	546	576
11	3	0	77	590	640
11	0	1	78	650	725
11	1	4	79	737	819


Solution History:
