This is the output of Heuristic Solver for Dual resource constrained flexible job shop Scheduling Problem.
Input file is: wfjsp21_2.txt
Method: TSN1_100000000_0.473112_5
Seed: 4
Number of Jobs: 25
Number of Operations: 271
Number of Machines: 15
Number of Operators: 12
CPU Time: 28.4026
obj: 1203
Best found lower bound:0
Solver gap (best found lower bound and upper bound difference): Not known


Final Solution:
Job	Machine	Operator	Operation	Start Time	Finish Time
0	4	5	0	105	178
0	8	1	1	203	277
0	14	6	2	277	297
0	4	5	3	299	333
0	14	6	4	366	379
0	4	11	5	391	413
0	8	5	6	413	483
0	1	9	7	651	660
0	12	7	8	788	860
0	9	6	9	870	906
0	6	0	10	911	965
0	9	6	11	1134	1149
1	1	9	12	52	130
1	6	6	13	143	207
1	5	11	14	207	261
1	0	11	15	261	323
1	1	2	16	367	400
1	1	7	17	410	453
1	3	5	18	483	499
1	10	11	19	526	579
1	8	10	20	590	667
1	13	1	21	799	880
1	6	0	22	965	1020
1	10	3	23	1129	1203
2	12	11	24	79	135
2	11	8	25	158	177
2	1	2	26	234	246
2	1	2	27	246	336
2	3	8	28	351	372
2	10	0	29	372	446
2	1	0	30	453	546
2	14	2	31	742	765
2	0	2	32	765	837
2	3	9	33	1012	1091
3	1	9	34	0	52
3	0	11	35	57	79
3	3	11	36	135	185
3	3	5	37	229	262
3	12	7	38	342	410
3	1	4	39	546	633
3	9	0	40	700	724
3	14	2	41	726	742
3	14	9	42	772	803
3	12	3	43	956	974
4	7	3	44	183	221
4	9	9	45	224	302
4	2	6	46	546	585
4	7	3	47	592	682
4	11	3	48	682	774
4	10	1	49	880	937
4	2	3	50	989	1017
4	11	11	51	1041	1098
4	13	8	52	1098	1136
4	0	8	53	1146	1168
4	9	6	54	1168	1202
5	11	8	55	68	112
5	4	10	56	221	248
5	3	4	57	372	436
5	13	2	58	480	541
5	2	7	59	597	608
5	3	1	60	612	642
5	4	2	61	668	726
5	1	8	62	794	874
5	7	10	63	889	943
5	10	5	64	956	1024
5	2	7	65	1140	1197
6	6	3	66	55	77
6	14	10	67	142	220
6	4	0	68	249	263
6	13	2	69	400	480
6	0	10	70	486	501
6	10	11	71	579	631
6	6	8	72	654	720
6	6	5	73	851	897
6	8	5	74	897	953
6	0	8	75	953	1050
6	1	4	76	1072	1133
6	3	4	77	1133	1190
7	2	0	78	24	107
7	3	8	79	112	124
7	1	9	80	130	179
7	9	9	81	179	224
7	8	1	82	277	335
7	13	2	83	351	367
7	11	8	84	449	528
7	11	1	85	528	547
7	5	0	86	572	594
7	13	5	87	594	628
7	10	1	88	642	677
7	9	6	89	906	992
8	13	10	90	0	59
8	9	6	91	70	143
8	11	9	92	302	376
8	13	1	93	386	399
8	0	1	94	399	419
8	10	7	95	453	526
8	4	7	96	526	597
8	4	2	97	612	668
8	12	10	98	668	771
8	14	9	99	803	896
8	10	1	100	937	956
8	5	0	101	1069	1142
9	6	3	102	0	55
9	2	10	103	372	419
9	7	1	104	419	490
9	6	5	105	499	580
9	9	0	106	594	625
9	5	1	107	679	728
9	2	1	108	728	799
9	7	10	109	831	889
9	12	3	110	889	938
9	7	3	111	1017	1047
9	0	8	112	1050	1095
9	13	10	113	1136	1196
10	9	11	114	0	57
10	7	10	115	59	72
10	13	10	116	72	87
10	0	2	117	87	109
10	11	7	118	215	299
10	9	3	119	302	380
10	11	11	120	631	667
10	8	11	121	772	830
11	5	1	122	0	51
11	5	6	123	52	70
11	11	3	124	115	149
11	12	3	125	149	174
11	7	3	126	174	183
11	8	7	127	183	203
11	11	7	128	203	215
11	3	5	129	221	229
11	6	8	130	372	449
11	7	10	131	501	513
12	4	5	132	0	32
12	14	2	133	32	87
12	2	2	134	109	167
12	1	4	135	179	234
12	12	4	136	234	266
12	7	0	137	266	301
12	4	11	138	413	465
12	12	9	139	465	558
12	0	2	140	558	612
12	7	6	141	682	746
12	7	1	142	1047	1101
12	4	2	143	1101	1139
13	0	7	144	109	175
13	6	5	145	269	299
13	12	7	146	299	342
13	14	6	147	460	532
13	6	9	148	580	618
13	3	11	149	716	767
13	7	10	150	771	808
13	6	5	151	808	851
13	5	11	152	851	908
13	7	10	153	943	1002
13	5	0	154	1020	1031
13	9	10	155	1046	1130
14	7	0	156	301	352
14	0	10	157	419	486
14	8	1	158	490	524
14	14	9	159	660	720
14	5	4	160	729	753
14	3	9	161	948	1012
14	9	10	162	1012	1046
14	5	0	163	1046	1069
15	11	8	164	0	68
15	5	4	165	74	157
15	4	1	166	335	386
15	5	4	167	457	531
15	2	6	168	532	546
15	9	0	169	546	572
15	14	8	170	572	654
15	0	2	171	837	917
15	4	2	172	917	980
15	8	6	173	992	1053
15	2	6	174	1053	1134
16	7	0	175	0	11
16	10	5	176	32	100
16	7	8	177	133	158
16	0	8	178	177	250
16	14	6	179	379	460
16	8	10	180	524	590
16	6	9	181	618	651
16	3	11	182	667	716
16	6	8	183	720	794
16	10	6	184	794	870
16	10	5	185	1024	1102
16	5	11	186	1146	1193
17	1	4	187	336	364
17	11	1	188	578	612
17	5	4	189	753	826
17	4	0	190	836	911
17	5	11	191	911	959
17	5	4	192	959	1003
17	1	4	193	1003	1072
17	6	3	194	1111	1129
18	7	6	195	11	52
18	6	10	196	87	142
18	6	6	197	224	269
18	5	11	198	331	391
18	2	7	199	608	700
18	9	0	200	756	836
18	3	4	201	836	926
18	1	4	202	926	954
18	14	11	203	959	1041
18	6	3	204	1047	1111
18	8	9	205	1166	1182
18	12	9	206	1182	1195
19	10	7	207	0	32
19	10	1	208	105	189
19	8	5	209	335	411
19	4	11	210	465	523
19	13	5	211	628	701
19	10	7	212	701	770
19	12	7	213	771	788
19	2	3	214	799	857
19	13	8	215	880	921
19	12	3	216	938	956
19	11	1	217	1101	1176
19	4	0	218	1176	1191
20	2	2	219	0	24
20	8	7	220	32	60
20	7	3	221	77	115
20	14	8	222	124	133
20	4	5	223	178	221
20	13	8	224	286	351
20	6	0	225	352	372
20	9	0	226	625	700
20	14	9	227	896	948
21	12	4	228	0	74
21	13	0	229	182	249
21	5	6	230	594	679
21	9	0	231	724	756
21	1	6	232	756	783
21	12	3	233	860	873
21	13	8	234	921	945
21	0	11	235	1098	1146
22	2	2	236	167	223
22	3	4	237	266	331
22	5	3	238	391	434
22	12	3	239	434	446
22	5	4	240	446	457
22	3	3	241	457	483
22	2	3	242	483	525
22	3	3	243	525	592
22	13	1	244	956	1045
22	4	2	245	1070	1093
22	8	9	246	1093	1166
22	1	2	247	1166	1201
23	4	1	248	51	105
23	13	0	249	107	182
23	6	6	250	207	224
23	13	8	251	250	286
23	10	10	252	286	328
23	14	6	253	331	366
23	11	1	254	547	578
23	0	4	255	633	729
23	8	9	256	729	772
23	7	10	257	808	831
23	4	2	258	980	1070
23	7	5	259	1102	1185
24	8	7	260	60	95
24	2	3	261	223	296
24	5	6	262	297	331
24	2	10	263	331	372
24	11	9	264	376	447
24	13	5	265	701	789
24	2	7	266	860	916
24	2	7	267	916	989
24	12	7	268	989	1057
24	12	7	269	1057	1140
24	0	8	270	1168	1195


Solution History:
