This is the output of Heuristic Solver for Dual resource constrained flexible job shop Scheduling Problem.
Input file is: wfjsp23_4.txt
Method: TSN1_100000000_0.748363_5
Seed: 1
Number of Jobs: 30
Number of Operations: 381
Number of Machines: 15
Number of Operators: 12
CPU Time: 44.9238
obj: 1617
Best found lower bound:0
Solver gap (best found lower bound and upper bound difference): Not known


Final Solution:
Job	Machine	Operator	Operation	Start Time	Finish Time
0	7	9	0	199	268
0	4	3	1	381	444
0	0	10	2	444	509
0	10	7	3	616	679
0	8	3	4	793	886
0	9	11	5	932	960
0	1	7	6	960	1005
0	12	1	7	1023	1037
0	5	2	8	1052	1099
0	0	6	9	1131	1154
0	7	11	10	1154	1169
0	7	11	11	1265	1308
0	10	11	12	1383	1456
0	0	6	13	1574	1597
1	6	10	14	82	153
1	11	8	15	257	328
1	13	6	16	328	392
1	3	10	17	392	443
1	2	5	18	579	614
1	2	1	19	728	744
1	8	0	20	980	1029
1	2	0	21	1099	1175
1	8	7	22	1186	1196
1	1	1	23	1266	1331
1	3	9	24	1339	1408
1	1	3	25	1420	1431
1	14	8	26	1460	1541
1	7	2	27	1541	1614
2	10	7	28	76	169
2	10	1	29	365	414
2	12	4	30	426	507
2	10	7	31	887	955
2	14	5	32	1012	1076
2	9	5	33	1104	1151
2	12	6	34	1250	1269
2	4	2	35	1327	1393
2	5	2	36	1393	1418
2	7	10	37	1426	1450
2	11	2	38	1469	1531
2	3	4	39	1552	1598
3	9	6	40	148	207
3	13	7	41	243	274
3	11	8	42	572	622
3	11	8	43	622	693
3	5	1	44	851	926
3	4	6	45	1060	1130
3	5	8	46	1173	1202
3	12	6	47	1228	1250
3	9	6	48	1269	1334
3	3	9	49	1501	1529
3	13	7	50	1551	1598
4	2	0	51	410	440
4	1	3	52	617	709
4	8	10	53	758	792
4	7	5	54	803	820
4	5	1	55	820	851
4	9	9	56	862	932
4	1	1	57	932	943
4	1	11	58	1029	1101
4	3	0	59	1175	1223
4	0	2	60	1233	1294
4	6	3	61	1294	1338
4	7	0	62	1356	1387
5	2	0	63	0	11
5	13	5	64	11	34
5	11	3	65	47	91
5	8	3	66	91	151
5	5	9	67	151	195
5	3	4	68	195	227
5	0	4	69	227	281
5	9	6	70	479	543
5	6	9	71	559	592
5	13	1	72	1186	1233
5	10	11	73	1456	1557
6	1	3	74	0	47
6	9	6	75	55	66
6	3	4	76	281	351
6	10	7	77	440	486
6	2	5	78	487	510
6	14	0	79	565	639
6	7	8	80	693	756
6	2	8	81	756	808
6	10	6	82	808	862
6	2	10	83	1201	1228
6	13	3	84	1338	1420
6	9	7	85	1468	1487
6	14	5	86	1557	1583
7	7	11	87	30	74
7	10	0	88	234	300
7	4	11	89	300	343
7	12	4	90	405	426
7	12	4	91	507	533
7	2	10	92	623	689
7	3	4	93	778	834
7	4	2	94	834	876
7	4	2	95	876	925
7	5	8	96	1250	1314
7	5	8	97	1314	1381
7	8	6	98	1440	1485
7	14	8	99	1541	1555
7	2	11	100	1557	1605
8	5	8	101	0	27
8	7	11	102	74	102
8	14	1	103	216	263
8	14	1	104	263	286
8	13	11	105	422	492
8	12	1	106	617	697
8	2	11	107	872	921
8	12	1	108	976	1023
8	2	0	109	1035	1099
8	12	9	110	1104	1171
8	5	8	111	1202	1250
8	6	10	112	1361	1426
8	12	9	113	1426	1501
9	4	2	114	0	9
9	8	2	115	9	91
9	12	8	116	186	233
9	12	9	117	268	336
9	4	11	118	343	371
9	0	11	119	371	422
9	6	5	120	422	454
9	10	7	121	486	517
9	5	9	122	518	550
9	9	3	123	557	617
9	5	0	124	722	765
9	0	10	125	981	1051
9	11	4	126	1127	1202
9	2	5	127	1509	1557
10	3	4	128	19	50
10	1	10	129	180	256
10	3	8	130	469	545
10	1	1	131	572	617
10	6	4	132	617	665
10	10	2	133	711	730
10	4	2	134	730	778
10	4	2	135	778	814
10	4	2	136	925	959
10	9	6	137	960	1012
10	7	10	138	1060	1114
10	13	1	139	1131	1147
10	13	1	140	1147	1173
10	13	1	141	1431	1477
11	4	9	142	16	106
11	0	4	143	143	188
11	14	8	144	392	460
11	12	4	145	533	607
11	12	3	146	709	740
11	6	0	147	765	837
11	14	8	148	976	990
11	3	8	149	990	1033
11	0	1	150	1076	1131
11	14	3	151	1136	1162
11	9	10	152	1228	1259
11	11	4	153	1259	1333
11	14	1	154	1333	1431
12	2	1	155	39	131
12	2	10	156	321	390
12	13	5	157	400	419
12	1	8	158	545	572
12	8	6	159	595	630
12	9	6	160	737	803
12	12	7	161	814	861
12	8	0	162	897	980
12	10	7	163	1005	1071
12	6	5	164	1076	1103
12	2	10	165	1191	1201
12	8	7	166	1225	1252
12	3	9	167	1294	1339
12	0	4	168	1413	1477
12	6	9	169	1529	1596
13	13	0	170	36	109
13	14	2	171	286	367
13	9	7	172	367	387
13	9	6	173	392	479
13	5	0	174	639	722
13	14	9	175	754	835
13	9	9	176	835	862
13	12	7	177	862	878
13	6	3	178	886	924
13	8	1	179	1037	1076
13	14	8	180	1096	1119
13	0	5	181	1154	1233
13	1	1	182	1233	1266
13	5	3	183	1431	1522
13	1	1	184	1540	1606
14	1	10	185	256	321
14	1	3	186	460	525
14	11	3	187	525	557
14	6	11	188	672	740
14	3	4	189	740	778
14	7	5	190	949	1012
14	9	6	191	1154	1228
14	12	7	192	1283	1347
14	12	7	193	1347	1407
14	0	4	194	1477	1552
14	8	0	195	1564	1593
14	11	9	196	1596	1613
15	2	0	197	11	36
15	11	2	198	91	161
15	7	5	199	161	199
15	14	5	200	199	211
15	9	11	201	254	283
15	1	8	202	328	392
15	13	9	203	949	1025
15	6	2	204	1025	1039
15	8	7	205	1094	1161
15	13	5	206	1233	1258
15	0	4	207	1338	1413
15	8	6	208	1415	1440
15	5	0	209	1551	1564
15	9	5	210	1583	1612
16	11	9	211	382	447
16	4	9	212	447	515
16	3	6	213	545	595
16	0	10	214	595	623
16	13	6	215	630	678
16	0	6	216	678	709
16	13	9	217	709	724
16	14	9	218	724	754
16	1	3	219	754	793
16	3	5	220	834	915
16	4	9	221	1224	1294
16	13	0	222	1477	1551
17	10	7	223	23	76
17	0	1	224	286	354
17	11	9	225	359	382
17	5	1	226	414	443
17	4	7	227	517	610
17	9	5	228	617	662
17	5	7	229	765	814
17	14	3	230	924	970
17	13	3	231	1035	1123
17	12	3	232	1171	1224
17	6	3	233	1224	1286
17	3	0	234	1408	1474
17	12	10	235	1517	1615
18	14	1	236	0	10
18	0	1	237	10	39
18	3	8	238	50	112
18	12	8	239	112	139
18	10	0	240	176	234
18	5	1	241	443	482
18	6	11	242	492	559
18	5	11	243	559	629
18	4	11	244	629	672
18	2	1	245	697	728
18	4	2	246	1041	1050
18	3	10	247	1125	1161
18	1	10	248	1161	1191
18	14	4	249	1202	1251
19	1	11	250	107	161
19	4	2	251	161	229
19	12	8	252	233	257
19	14	5	253	460	487
19	13	0	254	512	562
19	11	11	255	960	1029
19	11	8	256	1033	1096
19	4	2	257	1130	1206
19	10	2	258	1206	1232
19	10	7	259	1252	1283
19	10	0	260	1285	1356
19	11	2	261	1418	1469
19	1	1	262	1477	1540
20	1	5	263	47	107
20	2	5	264	216	289
20	7	2	265	602	676
20	8	10	266	689	758
20	13	11	267	758	808
20	11	11	268	808	844
20	0	4	269	844	871
20	0	10	270	871	915
20	11	6	271	1334	1415
20	5	3	272	1522	1539
21	9	6	273	66	148
21	11	3	274	161	256
21	6	3	275	256	301
21	7	2	276	457	553
21	7	2	277	553	602
21	10	2	278	679	711
21	13	5	279	915	949
21	7	6	280	1012	1060
21	5	8	281	1119	1173
21	6	9	282	1173	1224
21	3	0	283	1224	1285
21	4	2	284	1317	1327
21	2	5	285	1327	1375
21	9	8	286	1381	1460
21	9	6	287	1487	1574
22	11	9	288	0	16
22	2	1	289	149	216
22	9	5	290	289	360
22	11	4	291	871	960
22	6	2	292	960	1025
22	5	9	293	1025	1052
22	3	4	294	1083	1125
22	7	11	295	1169	1265
22	4	7	296	1407	1468
22	6	5	297	1468	1509
22	10	3	298	1557	1603
23	13	5	299	109	156
23	4	11	300	283	300
23	2	0	301	300	315
23	5	0	302	315	410
23	4	7	303	679	726
23	10	7	304	730	751
23	12	1	305	751	782
23	2	8	306	808	833
23	7	0	307	837	846
23	13	0	308	846	897
23	9	9	309	1052	1104
23	8	7	310	1196	1225
23	8	10	311	1259	1324
24	0	4	312	82	143
24	10	7	313	300	365
24	7	5	314	365	400
24	8	0	315	440	512
24	2	5	316	512	579
24	8	10	317	581	590
24	3	4	318	665	735
24	0	10	319	915	981
24	13	5	320	1258	1325
24	9	10	321	1334	1361
24	7	10	322	1450	1517
25	6	10	323	0	30
25	14	8	324	30	50
25	0	10	325	50	82
25	1	7	326	169	178
25	13	7	327	178	197
25	13	7	328	197	243
25	6	3	329	301	381
25	7	2	330	400	457
25	14	9	331	647	696
25	7	6	332	862	949
25	4	2	333	1294	1317
26	6	10	334	153	180
26	4	2	335	229	279
26	8	6	336	279	328
26	7	9	337	336	359
26	0	10	338	509	581
26	10	9	339	592	616
26	3	9	340	616	647
26	9	5	341	662	737
26	6	11	342	740	755
26	2	11	343	844	872
26	12	8	344	910	976
26	2	3	345	976	1035
26	10	7	346	1071	1094
26	1	11	347	1101	1151
26	0	11	348	1308	1338
27	7	11	349	0	30
27	2	1	350	131	149
27	8	11	351	161	196
27	1	10	352	793	870
27	10	7	353	878	887
27	3	4	354	1041	1083
27	11	2	355	1099	1127
27	2	5	356	1375	1467
27	8	7	357	1487	1551
27	4	8	358	1555	1617
28	3	6	359	0	19
28	9	6	360	19	55
28	6	4	361	55	81
28	12	8	362	139	186
28	3	6	363	227	278
28	5	7	364	278	289
28	12	4	365	351	405
28	7	5	366	756	803
28	14	8	367	835	910
28	1	11	368	1338	1383
29	10	7	369	0	23
29	3	0	370	112	176
29	9	11	371	207	254
29	14	2	372	367	386
29	8	7	373	387	440
29	1	3	374	444	460
29	3	8	375	460	469
29	5	1	376	482	518
29	14	1	377	518	565
29	4	4	378	960	1041
29	14	3	379	1123	1136
29	13	7	380	1173	1186


Solution History:
