This is the output of Heuristic Solver for Dual resource constrained flexible job shop Scheduling Problem.
Input file is: wfjsp24_1.txt
Method: TSN1_100000000_0.545772_5
Seed: 1
Number of Jobs: 40
Number of Operations: 291
Number of Machines: 15
Number of Operators: 12
CPU Time: 32.7624
obj: 1212
Best found lower bound:0
Solver gap (best found lower bound and upper bound difference): Not known


Final Solution:
Job	Machine	Operator	Operation	Start Time	Finish Time
0	7	10	0	353	432
0	6	3	1	439	464
0	11	3	2	464	515
0	14	1	3	623	705
0	9	5	4	935	1022
1	5	11	5	38	93
1	14	1	6	200	277
1	13	10	7	327	353
1	5	11	8	383	422
1	7	2	9	445	477
1	1	11	10	493	502
1	10	3	11	515	529
1	9	2	12	694	708
1	4	5	13	1166	1212
2	8	11	14	132	187
2	0	7	15	224	265
2	1	0	16	265	286
2	5	11	17	422	431
2	0	0	18	458	509
2	10	3	19	529	579
2	12	3	20	579	657
3	2	4	21	227	309
3	6	3	22	314	368
3	1	9	23	407	487
3	6	10	24	489	505
3	3	2	25	861	895
3	14	1	26	929	950
4	6	5	27	125	151
4	8	11	28	187	238
4	13	8	29	246	324
4	6	7	30	382	425
4	10	6	31	437	498
4	13	0	32	720	800
4	14	10	33	1114	1154
5	7	2	34	0	13
5	2	7	35	135	179
5	6	3	36	190	218
5	11	3	37	278	314
5	7	9	38	572	641
5	4	6	39	725	780
5	12	7	40	902	935
5	5	4	41	944	1045
5	11	0	42	1106	1131
6	12	7	43	0	55
6	7	1	44	340	353
6	5	4	45	369	383
6	12	2	46	477	559
6	6	1	47	564	573
6	13	0	48	711	720
6	8	1	49	754	792
6	9	5	50	1094	1166
7	14	3	51	0	15
7	1	0	52	339	404
7	11	0	53	404	458
7	1	10	54	505	546
7	11	8	55	1131	1174
8	3	5	56	305	396
8	14	2	57	407	445
8	9	5	58	560	643
8	8	3	59	676	736
8	3	10	60	792	816
8	7	9	61	856	912
9	6	5	62	151	169
9	0	9	63	308	351
9	4	6	64	501	584
9	12	7	65	677	707
9	9	2	66	708	728
9	9	5	67	880	935
9	8	11	68	993	1048
9	14	1	69	1048	1109
9	13	10	70	1154	1197
10	11	11	71	9	32
10	7	10	72	38	80
10	13	5	73	86	125
10	10	2	74	214	254
10	0	7	75	265	307
10	4	2	76	307	389
10	12	2	77	1023	1102
11	1	9	78	81	160
11	3	8	79	160	246
11	0	2	80	559	640
11	11	7	81	640	677
11	4	6	82	710	725
11	0	4	83	727	745
11	3	2	84	990	998
12	6	3	85	18	93
12	14	10	86	98	135
12	13	5	87	169	197
12	13	5	88	197	214
12	9	5	89	214	243
12	0	0	90	509	558
12	3	11	91	583	600
12	7	3	92	929	990
13	8	1	93	405	481
13	9	8	94	537	560
13	3	0	95	560	579
13	2	0	96	579	633
13	10	10	97	658	667
13	3	5	98	667	748
13	9	6	99	806	880
13	13	0	100	880	938
13	14	11	101	950	989
14	1	4	102	645	727
14	1	8	103	733	805
14	13	5	104	832	870
14	1	6	105	970	1026
14	4	7	106	1037	1059
14	7	1	107	1158	1200
14	9	6	108	1200	1212
15	2	7	109	55	135
15	1	9	110	160	224
15	9	3	111	368	439
15	12	8	112	447	475
15	14	11	113	475	493
15	5	11	114	502	583
15	5	3	115	657	676
15	2	8	116	1024	1106
15	0	9	117	1123	1211
16	4	6	118	0	12
16	2	8	119	12	36
16	9	2	120	108	127
16	6	9	121	224	308
16	3	5	122	396	450
16	6	5	123	753	832
16	7	1	124	993	1047
16	6	6	125	1105	1144
16	8	6	126	1144	1180
16	10	0	127	1180	1206
17	9	2	128	127	157
17	0	9	129	915	1003
17	11	0	130	1024	1047
17	7	4	131	1117	1143
17	14	11	132	1164	1207
18	6	1	133	0	18
18	0	8	134	100	144
18	12	10	135	144	221
18	2	8	136	475	537
18	13	4	137	542	580
18	2	8	138	645	733
18	5	11	139	801	840
18	4	10	140	962	1037
18	1	10	141	1037	1114
18	5	0	142	1131	1178
19	8	9	143	0	81
19	4	7	144	425	501
19	0	0	145	640	686
19	11	7	146	707	748
19	11	7	147	748	816
19	5	11	148	840	926
19	7	4	149	1047	1117
20	5	10	150	0	38
20	11	4	151	57	115
20	8	6	152	264	320
20	10	6	153	382	437
20	1	8	154	827	871
21	14	4	155	16	57
21	5	11	156	93	132
21	5	11	157	264	348
21	4	11	158	600	652
21	9	2	159	728	785
22	4	6	160	150	238
22	13	8	161	372	447
22	5	0	162	686	711
22	11	8	163	915	931
22	2	1	164	1109	1158
23	1	4	165	0	16
23	7	3	166	93	112
23	0	9	167	351	407
23	5	11	168	431	470
23	10	10	169	691	712
23	9	5	170	1022	1094
24	9	5	171	450	526
24	3	5	172	526	547
24	6	1	173	573	623
24	12	0	174	800	879
24	6	6	175	880	970
24	11	3	176	990	1023
24	13	6	177	1026	1063
24	6	7	178	1144	1187
25	0	8	179	36	76
25	10	3	180	112	190
25	8	1	181	353	405
25	13	4	182	467	542
25	10	10	183	667	691
25	0	4	184	745	819
25	2	10	185	861	954
25	8	1	186	954	993
25	2	8	187	1174	1193
26	9	2	188	157	214
26	14	7	189	501	535
26	7	3	190	754	855
26	14	1	191	887	929
26	3	2	192	972	990
26	6	6	193	1063	1105
26	4	11	194	1105	1164
27	1	8	195	560	645
27	5	9	196	645	655
27	3	2	197	895	972
27	2	0	198	972	1024
27	10	3	199	1024	1083
27	5	9	200	1083	1123
28	13	6	201	12	86
28	10	2	202	254	307
28	4	11	203	652	710
28	4	6	204	780	806
28	4	7	205	816	902
29	0	0	206	0	24
29	1	0	207	24	73
29	9	8	208	76	100
29	2	7	209	179	224
29	0	10	210	432	452
29	11	7	211	535	603
29	5	4	212	623	642
29	8	1	213	792	874
29	4	11	214	926	949
30	5	0	215	179	259
30	12	10	216	288	306
30	9	4	217	309	368
30	3	10	218	621	658
30	12	10	219	712	792
30	11	11	220	1048	1102
30	10	2	221	1102	1148
31	7	4	222	115	191
31	12	6	223	327	360
31	10	6	224	584	625
31	14	9	225	738	828
31	14	2	226	998	1023
31	13	7	227	1063	1141
31	1	4	228	1143	1201
32	4	1	229	18	67
32	0	10	230	80	98
32	7	9	231	487	572
32	11	7	232	603	635
32	6	2	233	640	694
32	12	3	234	1177	1212
33	4	1	235	67	146
33	7	4	236	191	227
33	12	10	237	306	327
33	2	8	238	327	372
33	13	6	239	625	706
33	12	8	240	935	1019
34	11	11	241	0	9
34	8	6	242	86	126
34	5	0	243	160	179
34	3	5	244	278	305
34	8	1	245	481	564
34	8	3	246	736	754
34	3	10	247	816	861
34	14	1	248	874	887
34	3	2	249	1148	1207
35	3	5	250	0	79
35	12	10	251	233	288
35	7	1	252	288	340
35	14	10	253	546	621
35	6	1	254	705	753
35	11	4	255	819	897
35	1	4	256	897	944
36	13	8	257	0	12
36	11	0	258	115	160
36	8	11	259	238	264
36	10	7	260	307	382
36	2	2	261	785	859
36	4	7	262	949	962
36	0	9	263	1003	1081
37	14	1	264	146	200
37	11	3	265	218	241
37	9	5	266	243	278
37	5	11	267	348	369
37	4	2	268	389	407
37	3	10	269	452	489
37	7	9	270	655	738
37	14	9	271	828	856
37	0	8	272	871	915
37	3	8	273	1106	1129
38	12	0	274	73	100
38	1	0	275	286	339
38	2	4	276	383	467
38	13	4	277	580	623
38	5	11	278	711	801
38	10	8	279	805	827
38	10	3	280	855	929
38	11	0	281	938	972
38	6	7	282	972	1034
38	3	0	283	1047	1106
39	9	2	284	13	63
39	10	2	285	63	108
39	13	6	286	126	150
39	1	10	287	224	233
39	11	3	288	241	278
39	12	3	289	1102	1177
39	2	7	290	1193	1212


Solution History:
