This is the output of Heuristic Solver for Dual resource constrained flexible job shop Scheduling Problem.
Input file is: Dauzere_01a.txt
Method: TSN1_10000_10_5
Seed: 1
Number of Jobs: 10
Number of Operations: 196
Number of Machines: 5
Number of Operators: 4
CPU Time: 88.6839
obj: 3111
Best found lower bound:0
Solver gap (best found lower bound and upper bound difference): Not known


Final Solution:
Job	Machine	Operator	Operation	Start Time	Finish Time
0	0	0	0	65	107
0	2	2	1	198	264
0	4	0	2	322	350
0	3	1	3	575	594
0	2	2	4	598	696
0	4	0	5	743	767
0	0	0	6	881	947
0	1	1	7	1125	1154
0	2	2	8	1154	1241
0	4	0	9	1241	1264
0	4	0	10	1491	1557
0	2	0	11	2144	2179
0	3	2	12	2202	2216
0	2	0	13	2680	2742
0	0	0	14	2804	2898
1	2	2	15	264	306
1	1	1	16	365	455
1	0	3	17	455	519
1	0	3	18	730	781
1	1	1	19	836	933
1	2	2	20	1037	1113
1	4	0	21	1203	1234
1	3	2	22	1241	1341
1	4	0	23	1403	1414
1	2	2	24	1456	1479
1	3	2	25	1961	2053
1	3	2	26	2073	2096
1	1	1	27	2157	2235
1	4	0	28	2235	2279
1	4	3	29	2354	2424
1	1	1	30	2472	2527
1	3	2	31	2643	2701
1	0	3	32	2746	2788
1	1	1	33	2909	2958
1	1	1	34	2958	3027
2	2	2	35	0	77
2	0	3	36	107	190
2	3	1	37	637	723
2	4	3	38	910	955
2	4	0	39	991	1092
2	4	0	40	1092	1166
2	1	1	41	1201	1225
2	1	1	42	1383	1479
2	2	2	43	1479	1553
2	3	1	44	1572	1619
2	2	0	45	1778	1842
2	0	3	46	1885	1940
2	0	3	47	1940	1976
2	0	3	48	2078	2174
2	0	3	49	2252	2289
2	4	3	50	2289	2354
2	1	1	51	2397	2472
2	4	3	52	2498	2562
2	0	3	53	2686	2746
2	1	1	54	2746	2774
2	3	2	55	2827	2851
2	3	2	56	2851	2889
2	0	3	57	2966	3043
3	3	1	58	0	81
3	2	2	59	306	378
3	1	1	60	510	575
3	0	0	61	947	991
3	0	3	62	1220	1280
3	2	2	63	1553	1617
3	2	0	64	1622	1694
3	1	1	65	1758	1855
3	0	3	66	1855	1885
3	2	0	67	1975	2038
3	3	2	68	2053	2073
3	2	0	69	2083	2144
3	1	1	70	2235	2269
3	0	0	71	2289	2385
3	3	2	72	2385	2420
3	1	1	73	2527	2609
3	4	3	74	2642	2686
3	1	1	75	2843	2909
4	1	3	76	0	99
4	1	3	77	190	259
4	3	1	78	271	365
4	3	1	79	594	637
4	2	2	80	696	734
4	4	0	81	827	881
4	3	1	82	1000	1099
4	1	1	83	1154	1201
4	2	0	84	1694	1778
4	2	0	85	1858	1896
4	1	1	86	1898	1995
4	1	1	87	1995	2058
4	1	1	88	2058	2157
4	4	0	89	2179	2227
4	1	1	90	2348	2376
4	3	2	91	2420	2485
4	3	2	92	2485	2586
4	1	1	93	2609	2678
4	1	1	94	2678	2746
4	4	0	95	2966	3067
4	3	2	96	3067	3111
5	3	1	97	81	184
5	4	0	98	209	283
5	4	0	99	350	436
5	4	0	100	436	505
5	4	0	101	719	743
5	4	3	102	881	910
5	1	3	103	981	1013
5	2	2	104	1013	1037
5	2	0	105	1303	1403
5	0	3	106	1413	1502
5	0	3	107	1502	1573
5	2	0	108	1842	1858
5	3	2	109	1872	1961
5	0	0	110	2385	2424
5	4	3	111	2424	2498
6	2	2	112	400	443
6	2	2	113	443	547
6	1	3	114	667	693
6	1	3	115	693	730
6	0	3	116	781	877
6	3	2	117	920	1000
6	1	1	118	1479	1572
6	0	0	119	1573	1622
6	4	3	120	1641	1676
6	0	3	121	1676	1726
6	3	2	122	1726	1789
6	0	3	123	1789	1852
6	0	3	124	1976	2078
6	3	2	125	2096	2171
6	1	1	126	2269	2348
6	0	3	127	3043	3054
6	1	3	128	3054	3090
7	2	2	129	137	198
7	1	3	130	259	316
7	3	2	131	378	400
7	3	1	132	455	510
7	1	3	133	575	667
7	4	0	134	667	719
7	1	1	135	730	806
7	1	1	136	806	836
7	1	1	137	933	981
7	1	3	138	1013	1069
7	4	0	139	1166	1203
7	1	1	140	1225	1300
7	0	3	141	1300	1340
7	0	3	142	1340	1413
7	1	3	143	1573	1641
7	3	2	144	1641	1686
7	0	3	145	1726	1747
7	3	2	146	2171	2202
7	3	2	147	2322	2367
7	0	0	148	2586	2680
7	4	0	149	2742	2804
7	1	1	150	2804	2843
7	4	3	151	2895	2966
7	2	2	152	2966	2988
7	3	2	153	2988	3014
8	4	0	154	0	65
8	2	2	155	77	137
8	4	0	156	137	209
8	4	0	157	283	322
8	0	3	158	519	567
8	0	0	159	567	649
8	2	2	160	734	780
8	3	2	161	780	865
8	2	2	162	865	920
8	3	2	163	1341	1417
8	4	0	164	1456	1491
8	1	1	165	1674	1758
8	1	1	166	1855	1898
8	2	0	167	1898	1975
8	2	0	168	2038	2083
8	1	1	169	2376	2397
8	0	0	170	2424	2487
8	0	0	171	2487	2586
8	3	2	172	2586	2608
8	2	2	173	2608	2643
8	3	2	174	2701	2801
8	4	3	175	2804	2895
8	0	0	176	2898	2947
9	3	1	177	184	271
9	1	3	178	316	363
9	0	3	179	363	425
9	4	0	180	505	565
9	2	2	181	565	598
9	4	0	182	767	827
9	1	3	183	1069	1125
9	0	3	184	1125	1220
9	2	0	185	1264	1303
9	1	1	186	1303	1383
9	2	0	187	1414	1456
9	1	1	188	1641	1674
9	0	3	189	1747	1788
9	3	2	190	1789	1872
9	0	3	191	2174	2252
9	3	2	192	2252	2322
9	4	3	193	2562	2642
9	2	2	194	2801	2827
9	3	2	195	2889	2943


Solution History:
