This is the output of Heuristic Solver for Dual resource constrained flexible job shop Scheduling Problem.
Input file is: Dauzere_08a.txt
Method: TSN1_10000_10_5
Seed: 1
Number of Jobs: 15
Number of Operations: 293
Number of Machines: 8
Number of Operators: 6
CPU Time: 254.719
obj: 2935
Best found lower bound:0
Solver gap (best found lower bound and upper bound difference): Not known


Final Solution:
Job	Machine	Operator	Operation	Start Time	Finish Time
0	3	2	0	0	25
0	2	3	1	25	88
0	2	3	2	88	123
0	1	1	3	152	238
0	7	4	4	455	481
0	3	1	5	604	670
0	1	1	6	887	919
0	0	0	7	920	931
0	4	5	8	1345	1411
0	1	1	9	1411	1505
0	1	1	10	1772	1813
0	4	5	11	1837	1931
0	7	5	12	1990	2056
0	5	2	13	2619	2664
0	5	2	14	2811	2902
1	7	5	15	22	96
1	1	1	16	400	431
1	7	5	17	588	686
1	1	1	18	693	711
1	1	1	19	933	959
1	3	2	20	966	1059
1	2	3	21	1060	1081
1	6	4	22	1081	1162
1	3	2	23	1288	1326
1	3	2	24	1326	1397
1	4	0	25	1536	1587
1	0	0	26	1587	1645
1	7	4	27	1889	1927
1	1	1	28	1927	1983
1	4	5	29	2099	2170
1	2	3	30	2215	2295
1	2	3	31	2485	2568
1	3	1	32	2610	2699
1	4	5	33	2780	2822
1	6	4	34	2833	2935
2	7	5	35	96	171
2	0	0	36	210	234
2	5	4	37	234	324
2	5	4	38	379	455
2	0	0	39	580	627
2	3	2	40	728	792
2	1	1	41	792	845
2	1	1	42	845	887
2	4	0	43	1024	1119
2	2	3	44	1123	1159
2	4	5	45	1189	1250
2	1	1	46	1284	1355
2	3	2	47	1669	1731
2	5	3	48	1802	1859
2	3	2	49	1910	1942
2	0	0	50	1960	1985
2	6	4	51	1994	2035
2	2	3	52	2101	2177
2	1	1	53	2259	2337
2	6	4	54	2371	2444
2	1	1	55	2461	2533
2	4	0	56	2736	2780
2	2	3	57	2866	2928
3	4	5	58	171	234
3	3	2	59	238	309
3	5	2	60	501	595
3	4	0	61	627	655
3	6	3	62	937	1000
3	4	0	63	1001	1024
3	0	0	64	1119	1183
3	1	3	65	1209	1245
3	5	4	66	1271	1368
3	2	3	67	1368	1399
3	3	2	68	1399	1484
3	5	2	69	1498	1538
3	6	4	70	1712	1778
3	1	1	71	2164	2259
3	0	0	72	2413	2487
3	0	0	73	2487	2578
3	3	1	74	2843	2886
3	0	0	75	2891	2926
4	5	4	76	0	56
4	1	1	77	60	152
4	0	0	78	167	210
4	2	3	79	399	483
4	6	4	80	623	667
4	6	4	81	667	764
4	0	0	82	931	1001
4	1	1	83	1019	1125
4	7	4	84	1162	1207
4	3	1	85	1209	1237
4	2	3	86	1399	1461
4	6	4	87	1614	1712
4	6	4	88	1819	1889
4	2	3	89	1891	1955
4	4	0	90	1985	2083
4	4	0	91	2272	2321
4	4	5	92	2425	2529
4	0	0	93	2578	2646
4	4	0	94	2646	2736
4	7	4	95	2761	2833
4	1	3	96	2847	2866
5	4	0	97	138	167
5	3	2	98	205	238
5	6	3	99	376	399
5	6	4	100	481	585
5	7	5	101	686	779
5	7	5	102	779	849
5	0	0	103	901	920
5	0	0	104	1183	1275
5	6	3	105	1329	1365
5	4	5	106	1454	1529
5	0	2	107	1538	1583
5	1	1	108	1813	1913
5	0	0	109	1934	1960
5	6	4	110	2234	2269
5	4	0	111	2321	2413
6	0	2	112	77	153
6	7	5	113	234	328
6	1	1	114	431	483
6	6	4	115	585	623
6	1	3	116	642	693
6	5	4	117	937	1002
6	7	5	118	1032	1093
6	3	2	119	1095	1197
6	2	3	120	1548	1621
6	0	0	121	1713	1792
6	7	5	122	1816	1827
6	2	3	123	1859	1891
6	7	5	124	1931	1990
6	1	1	125	2108	2164
6	4	5	126	2170	2193
6	0	2	127	2332	2388
6	7	5	128	2529	2621
7	3	2	129	25	77
7	2	3	130	123	196
7	2	3	131	222	252
7	4	0	132	337	385
7	3	2	133	400	454
7	3	1	134	483	526
7	1	1	135	526	604
7	2	3	136	771	807
7	2	3	137	807	878
7	3	2	138	894	966
7	7	5	139	992	1032
7	6	3	140	1192	1209
7	5	4	141	1455	1487
7	4	0	142	1792	1837
7	0	0	143	1837	1934
7	1	1	144	1983	2049
7	7	5	145	2056	2096
7	7	4	146	2113	2181
7	5	2	147	2211	2235
7	1	1	148	2337	2362
7	3	2	149	2412	2480
7	0	2	150	2664	2725
7	0	2	151	2725	2793
7	7	5	152	2833	2870
7	7	5	153	2870	2916
8	0	2	154	310	396
8	0	0	155	430	475
8	7	5	156	500	588
8	2	3	157	588	642
8	4	0	158	731	806
8	0	2	159	1059	1095
8	1	1	160	1125	1209
8	5	2	161	1209	1252
8	2	3	162	1252	1329
8	7	5	163	1411	1454
8	6	3	164	1461	1479
8	2	3	165	1479	1548
8	7	5	166	1644	1744
8	4	0	167	2083	2099
8	7	5	168	2193	2229
8	7	5	169	2229	2330
8	2	3	170	2359	2446
8	5	2	171	2485	2531
8	5	2	172	2531	2619
8	6	4	173	2621	2663
8	7	5	174	2702	2761
8	2	3	175	2784	2847
8	5	2	176	2902	2935
9	2	3	177	252	318
9	5	4	178	324	379
9	5	2	179	595	693
9	3	2	180	693	728
9	7	5	181	849	932
9	2	3	182	1081	1123
9	1	1	183	1245	1284
9	6	4	184	1487	1530
9	3	2	185	1583	1669
9	3	2	186	1835	1910
9	6	4	187	1927	1994
9	6	4	188	2035	2113
9	0	0	189	2150	2173
9	6	4	190	2181	2234
9	2	3	191	2295	2315
9	5	3	192	2315	2359
9	0	2	193	2388	2412
9	2	3	194	2608	2685
9	5	3	195	2685	2784
10	1	1	196	0	60
10	5	4	197	60	156
10	5	4	198	156	211
10	0	0	199	475	564
10	6	4	200	806	869
10	2	3	201	1000	1060
10	4	5	202	1250	1345
10	1	1	203	1355	1407
10	2	3	204	1621	1709
10	7	5	205	1744	1816
10	0	0	206	2173	2221
10	0	2	207	2235	2332
10	7	5	208	2332	2425
10	5	3	209	2446	2485
10	3	1	210	2533	2610
10	6	4	211	2663	2679
10	6	4	212	2679	2741
10	3	2	213	2793	2811
10	0	0	214	2828	2891
11	7	5	215	0	22
11	4	0	216	47	138
11	6	3	217	196	222
11	1	1	218	238	328
11	7	5	219	328	381
11	7	5	220	381	434
11	4	5	221	434	500
11	0	0	222	564	580
11	6	4	223	869	937
11	6	4	224	1002	1076
11	7	5	225	1093	1140
11	4	5	226	1140	1189
11	3	2	227	1252	1288
11	7	5	228	1529	1544
11	7	5	229	1544	1631
11	7	5	230	1631	1644
11	3	2	231	1731	1835
11	3	2	232	2100	2128
11	7	4	233	2444	2528
11	1	3	234	2568	2608
11	3	1	235	2886	2927
12	4	0	236	0	47
12	6	3	237	318	376
12	2	3	238	519	577
12	1	1	239	711	773
12	5	3	240	1159	1192
12	1	1	241	1505	1605
12	2	3	242	1709	1802
12	5	2	243	1976	2020
12	1	1	244	2049	2108
12	5	2	245	2128	2211
12	6	4	246	2269	2371
12	1	1	247	2371	2461
12	6	4	248	2528	2621
12	7	5	249	2621	2685
12	7	5	250	2685	2702
12	1	1	251	2748	2843
13	3	1	252	328	400
13	0	0	253	655	731
13	3	2	254	792	894
13	5	3	255	894	937
13	1	1	256	959	1019
13	7	4	257	1207	1271
13	0	0	258	1275	1306
13	0	0	259	1358	1448
13	3	2	260	1484	1498
13	6	4	261	1530	1545
13	5	4	262	1545	1614
13	0	0	263	1645	1713
13	6	4	264	1778	1819
13	2	3	265	1955	2025
13	2	3	266	2025	2101
13	4	0	267	2221	2272
14	6	3	268	0	22
14	3	2	269	153	205
14	0	0	270	234	310
14	4	0	271	310	337
14	4	0	272	385	420
14	0	0	273	420	430
14	5	2	274	455	501
14	2	3	275	501	519
14	5	3	276	693	771
14	6	4	277	771	806
14	4	0	278	806	901
14	1	1	279	919	933
14	4	5	280	933	992
14	0	0	281	1306	1358
14	6	4	282	1368	1455
14	0	0	283	1455	1536
14	1	1	284	1605	1684
14	1	1	285	1684	1772
14	5	2	286	1942	1976
14	0	2	287	2020	2075
14	5	2	288	2075	2100
14	0	0	289	2100	2150
14	2	3	290	2177	2215
14	3	1	291	2699	2748
14	0	0	292	2793	2828


Solution History:
