This is the output of Heuristic Solver for Dual resource constrained flexible job shop Scheduling Problem.
Input file is: wfjsp13_9.txt
Method: TSN1_10000_10_5
Seed: 1
Number of Jobs: 25
Number of Operations: 258
Number of Machines: 15
Number of Operators: 15
CPU Time: 444.936
obj: 982
Best found lower bound:0
Solver gap (best found lower bound and upper bound difference): Not known


Final Solution:
Job	Machine	Operator	Operation	Start Time	Finish Time
0	4	7	0	0	72
0	12	14	1	166	212
0	6	4	2	256	316
0	2	4	3	316	372
0	8	6	4	372	399
0	2	9	5	399	482
0	7	0	6	483	546
0	3	4	7	569	591
0	7	5	8	648	708
0	10	5	9	721	784
0	6	10	10	805	899
0	12	10	11	899	979
1	13	13	12	56	133
1	7	5	13	157	197
1	2	4	14	208	230
1	1	10	15	301	357
1	2	4	16	372	386
1	11	5	17	399	482
1	0	9	18	529	548
1	13	14	19	563	589
1	12	3	20	616	650
1	12	7	21	650	701
1	2	7	22	756	769
1	7	11	23	853	878
2	8	5	24	56	81
2	9	8	25	119	175
2	7	5	26	197	252
2	7	0	27	334	411
2	8	8	28	411	501
2	9	3	29	524	613
2	1	3	30	650	705
2	5	6	31	864	920
2	6	4	32	920	980
3	0	2	33	0	66
3	7	2	34	66	77
3	14	11	35	173	267
3	8	3	36	268	299
3	12	3	37	299	319
3	12	3	38	319	333
3	9	2	39	441	499
3	11	13	40	529	608
3	9	1	41	613	688
3	14	12	42	704	730
3	5	6	43	844	864
3	9	1	44	869	889
4	10	8	45	83	119
4	4	3	46	168	209
4	9	8	47	256	320
4	9	8	48	320	363
4	9	2	49	424	441
4	10	8	50	501	590
4	13	4	51	681	709
4	4	13	52	719	781
4	9	1	53	844	869
5	2	3	54	32	66
5	8	3	55	81	151
5	0	2	56	167	238
5	7	11	57	429	446
5	7	11	58	446	480
5	14	0	59	547	625
5	6	11	60	646	690
5	4	0	61	781	817
5	0	13	62	899	974
6	10	9	63	23	79
6	14	6	64	87	144
6	13	13	65	144	218
6	2	1	66	230	241
6	7	5	67	252	260
6	11	13	68	313	347
6	14	0	69	411	483
6	9	4	70	499	524
6	4	12	71	631	662
6	8	6	72	747	776
6	13	6	73	780	841
6	3	14	74	854	957
7	6	10	75	54	105
7	2	4	76	153	185
7	5	6	77	208	281
7	10	9	78	281	335
7	11	9	79	347	399
7	6	14	80	399	435
7	13	4	81	461	494
7	8	6	82	530	562
7	1	13	83	632	648
7	2	7	84	704	756
7	1	3	85	906	948
8	9	8	86	0	83
8	2	0	87	83	138
8	6	12	88	170	194
8	13	14	89	218	239
8	11	0	90	239	313
8	0	1	91	406	448
8	1	10	92	512	601
8	14	12	93	730	810
8	7	11	94	810	853
8	1	9	95	893	906
9	11	11	96	8	40
9	6	10	97	105	160
9	9	8	98	175	256
9	5	12	99	281	370
9	9	8	100	378	409
9	6	14	101	435	497
9	2	12	102	497	541
9	1	13	103	608	632
9	8	6	104	654	747
9	6	10	105	751	805
10	1	1	106	54	110
10	10	9	107	167	249
10	7	5	108	260	270
10	7	5	109	270	329
10	14	11	110	349	408
10	7	11	111	411	429
10	0	13	112	456	529
10	12	2	113	529	616
10	10	8	114	696	721
10	12	14	115	790	819
10	13	4	116	854	918
10	4	7	117	918	982
11	13	5	118	0	56
11	3	12	119	137	170
11	8	7	120	170	195
11	6	12	121	195	256
11	8	6	122	299	370
11	5	1	123	532	600
11	0	9	124	604	673
11	10	9	125	823	885
11	4	7	126	890	915
12	7	4	127	0	44
12	14	6	128	68	87
12	12	3	129	333	426
12	13	11	130	494	563
12	8	6	131	563	654
12	0	9	132	764	823
12	4	12	133	823	890
12	8	12	134	926	957
12	2	0	135	957	980
13	5	1	136	0	16
13	3	14	137	16	76
13	5	6	138	150	208
13	10	9	139	249	277
13	0	1	140	347	406
13	14	0	141	625	699
13	12	14	142	701	790
13	1	2	143	790	826
13	0	13	144	826	899
13	10	5	145	899	982
14	3	14	146	88	135
14	10	2	147	135	167
14	1	1	148	186	222
14	12	10	149	222	293
14	4	7	150	319	387
14	5	12	151	387	453
14	14	5	152	483	511
14	5	1	153	600	612
14	6	11	154	690	751
14	13	11	155	751	780
14	12	0	156	819	898
15	10	9	157	0	23
15	5	1	158	23	50
15	3	2	159	77	88
15	1	1	160	110	186
15	4	3	161	209	268
15	0	1	162	294	347
15	9	8	163	363	378
15	12	1	164	450	521
15	7	5	165	560	648
15	4	13	166	662	719
15	8	8	167	780	862
15	14	11	168	878	973
16	12	0	169	0	73
16	7	5	170	81	157
16	3	6	171	407	478
16	3	6	172	478	530
16	4	12	173	560	631
16	3	10	174	670	712
16	5	8	175	721	780
16	10	5	176	784	818
16	8	8	177	862	926
17	8	12	178	0	54
17	5	11	179	137	150
17	0	1	180	241	294
17	1	2	181	359	424
17	1	3	182	426	444
17	4	7	183	461	551
17	6	11	184	563	646
17	13	5	185	709	720
17	5	1	186	780	844
17	11	5	187	844	899
17	5	6	188	920	980
18	11	6	189	0	8
18	14	6	190	8	68
18	14	11	191	150	173
18	8	2	192	501	521
18	6	14	193	521	558
18	11	10	194	608	666
18	2	12	195	666	704
18	3	4	196	712	796
19	2	3	197	0	32
19	4	7	198	92	168
19	13	2	199	239	287
19	3	2	200	287	300
19	3	2	201	300	359
19	3	10	202	359	407
19	10	10	203	407	491
19	5	2	204	616	699
19	1	3	205	705	781
19	1	2	206	826	893
19	13	8	207	926	977
20	1	13	208	0	54
20	7	4	209	54	63
20	0	4	210	66	153
20	2	4	211	185	208
20	4	7	212	268	319
20	12	7	213	426	450
20	11	9	214	482	527
20	7	12	215	546	560
20	10	8	216	590	669
20	0	9	217	745	764
21	6	10	218	0	54
21	4	7	219	72	92
21	9	2	220	92	119
21	3	10	221	170	212
21	1	13	222	222	301
21	6	0	223	316	334
21	0	9	224	548	604
21	7	2	225	708	778
21	2	7	226	819	888
22	12	9	227	79	166
22	10	5	228	335	392
22	14	5	229	511	547
22	13	4	230	591	681
22	10	8	231	681	696
22	11	0	232	699	778
22	3	4	233	796	854
22	9	1	234	889	966
23	5	12	235	54	137
23	11	0	236	138	216
23	14	11	237	267	349
23	13	13	238	370	402
23	13	13	239	402	456
23	1	3	240	456	512
23	5	1	241	521	532
23	2	7	242	551	645
23	9	1	243	688	765
23	2	7	244	769	819
23	11	5	245	819	838
23	11	0	246	899	956
24	3	14	247	0	14
24	11	11	248	40	121
24	8	7	249	195	267
24	13	14	250	287	370
24	4	4	251	387	461
24	5	12	252	461	497
24	3	4	253	530	569
24	3	14	254	591	670
24	0	9	255	673	745
24	9	3	256	781	844
24	7	2	257	893	957


Solution History:
