This is the output of Heuristic Solver for Dual resource constrained flexible job shop Scheduling Problem.
Input file is: wfjsp6_2.txt
Method: TSN1_10000_10_5
Seed: 1
Number of Jobs: 12
Number of Operations: 76
Number of Machines: 5
Number of Operators: 5
CPU Time: 18.953
obj: 789
Best found lower bound:0
Solver gap (best found lower bound and upper bound difference): Not known


Final Solution:
Job	Machine	Operator	Operation	Start Time	Finish Time
0	4	1	0	112	192
0	4	1	1	248	324
0	3	4	2	339	363
0	0	3	3	381	418
0	2	2	4	419	436
0	3	0	5	495	515
0	0	3	6	591	662
0	4	1	7	683	694
1	3	3	8	108	187
1	3	3	9	187	227
1	1	0	10	300	354
1	0	3	11	365	381
1	3	0	12	426	495
1	4	1	13	500	567
2	4	1	14	192	248
2	3	4	15	259	324
2	0	3	16	547	579
2	3	0	17	733	777
3	0	2	18	0	17
3	1	0	19	18	75
3	2	2	20	342	419
3	4	1	21	419	500
3	2	2	22	584	649
3	0	4	23	663	727
4	0	4	24	121	186
4	1	0	25	194	211
4	0	3	26	299	311
4	4	1	27	324	411
4	3	0	28	515	537
4	3	0	29	537	617
4	4	1	30	694	781
5	3	0	31	0	17
5	0	2	32	17	85
5	1	4	33	368	452
5	0	3	34	493	547
5	1	4	35	577	602
5	4	1	36	631	683
6	4	1	37	0	38
6	1	0	38	75	147
6	2	2	39	175	264
6	1	0	40	281	300
6	3	4	41	324	339
6	4	1	42	567	598
7	1	3	43	0	18
7	4	1	44	38	78
7	2	2	45	85	160
7	0	3	46	259	299
7	2	2	47	436	536
7	3	0	48	617	714
7	0	4	49	727	789
8	4	1	50	78	112
8	0	4	51	186	259
8	1	3	52	663	701
9	2	4	53	0	26
9	0	4	54	85	121
9	1	0	55	147	194
9	3	3	56	227	254
9	1	4	57	452	516
9	1	4	58	516	577
9	0	3	59	579	591
9	4	1	60	598	631
9	2	2	61	649	700
9	1	3	62	701	781
10	2	4	63	26	84
10	1	0	64	211	281
10	0	3	65	311	365
10	3	0	66	714	733
11	3	3	67	18	108
11	2	2	68	160	175
11	2	2	69	264	342
11	1	0	70	354	368
11	3	0	71	368	426
11	0	3	72	426	493
11	2	2	73	536	584
11	1	4	74	602	663
11	2	2	75	700	785


Solution History:
