This is the output of Heuristic Solver for Dual resource constrained flexible job shop Scheduling Problem.
Input file is: wfjsp19_10.txt
Method: TSN1_10000_10_5
Seed: 1
Number of Jobs: 20
Number of Operations: 190
Number of Machines: 10
Number of Operators: 8
CPU Time: 168.578
obj: 1387
Best found lower bound:0
Solver gap (best found lower bound and upper bound difference): Not known


Final Solution:
Job	Machine	Operator	Operation	Start Time	Finish Time
0	5	5	0	250	322
0	3	4	1	336	423
0	8	6	2	444	511
0	4	3	3	795	881
0	8	1	4	977	1036
0	3	1	5	1036	1067
0	2	6	6	1180	1211
1	5	5	7	0	48
1	7	7	8	115	201
1	9	6	9	235	261
1	8	6	10	299	333
1	9	6	11	333	365
1	6	3	12	366	456
1	9	0	13	473	563
1	1	7	14	736	802
1	4	0	15	884	966
1	4	0	16	966	1048
1	2	5	17	1052	1066
1	4	4	18	1178	1187
1	1	5	19	1187	1238
1	2	5	20	1238	1304
2	9	0	21	122	213
2	7	2	22	279	327
2	4	2	23	327	400
2	3	2	24	527	568
2	3	7	25	568	589
2	4	0	26	597	644
2	1	7	27	718	736
2	9	5	28	867	960
2	2	3	29	960	994
2	5	3	30	994	1072
2	4	4	31	1187	1271
2	0	4	32	1271	1339
2	6	5	33	1345	1387
3	2	6	34	0	51
3	8	3	35	100	182
3	8	3	36	182	198
3	1	5	37	226	250
3	0	6	38	280	299
3	0	0	39	299	349
3	0	7	40	589	621
3	2	2	41	848	938
3	8	4	42	1040	1106
4	0	2	43	0	88
4	2	2	44	264	279
4	5	5	45	429	444
4	5	6	46	631	699
4	4	3	47	731	781
4	5	3	48	781	795
4	8	1	49	884	977
5	4	6	50	73	160
5	4	3	51	235	264
5	9	2	52	568	645
5	2	2	53	659	668
5	0	7	54	879	954
5	0	4	55	954	1040
5	6	5	56	1100	1119
5	7	5	57	1119	1187
5	7	1	58	1222	1258
5	9	6	59	1260	1268
5	9	6	60	1268	1357
6	1	5	61	133	182
6	1	2	62	438	527
6	7	4	63	586	662
6	9	2	64	668	760
6	5	5	65	795	867
6	1	6	66	941	990
6	7	7	67	1022	1071
6	8	4	68	1133	1152
6	1	4	69	1152	1178
7	3	7	70	0	20
7	4	6	71	51	73
7	0	4	72	94	147
7	7	7	73	201	250
7	5	5	74	409	429
7	8	1	75	533	606
7	6	4	76	817	862
7	8	0	77	1242	1285
8	1	2	78	400	438
8	4	3	79	644	731
8	6	3	80	915	956
8	9	1	81	1067	1104
8	4	0	82	1138	1165
8	0	6	83	1357	1370
9	8	1	84	0	90
9	2	2	85	177	213
9	2	2	86	213	251
9	1	5	87	324	393
9	0	0	88	398	473
9	4	0	89	580	597
9	6	5	90	626	712
9	7	4	91	744	817
9	6	3	92	881	915
9	5	6	93	924	941
9	5	3	94	1086	1175
9	2	2	95	1327	1376
10	3	1	96	163	257
10	9	6	97	365	444
10	5	3	98	478	541
10	6	5	99	541	626
10	3	1	100	701	783
10	0	7	101	802	879
10	4	0	102	1048	1138
10	4	0	103	1285	1380
11	3	7	104	43	85
11	1	7	105	85	115
11	5	4	106	147	198
11	2	3	107	279	366
11	5	5	108	393	409
11	2	5	109	444	533
11	9	2	110	645	659
11	5	6	111	699	767
11	2	6	112	767	834
11	1	2	113	990	1037
12	7	4	114	0	94
12	1	7	115	250	324
12	7	7	116	327	408
12	3	1	117	430	509
12	6	5	118	712	782
12	1	6	119	834	924
12	3	2	120	938	970
12	2	6	121	994	1031
12	0	2	122	1040	1129
12	6	2	123	1129	1156
12	8	0	124	1165	1242
12	9	6	125	1242	1260
12	3	7	126	1270	1293
12	6	5	127	1304	1345
12	3	7	128	1345	1374
13	8	4	129	214	248
13	8	4	130	248	287
13	6	4	131	287	336
13	8	1	132	511	533
13	7	4	133	862	952
14	6	0	134	0	11
14	5	5	135	48	133
14	4	0	136	565	580
14	1	6	137	1037	1099
14	6	2	138	1156	1238
15	1	7	139	20	43
15	3	1	140	90	163
15	4	6	141	163	235
15	3	1	142	257	310
15	8	0	143	644	739
15	8	0	144	821	884
15	7	7	145	954	1022
15	2	3	146	1072	1086
15	2	6	147	1099	1180
15	5	3	148	1251	1324
16	2	2	149	88	177
16	6	5	150	182	226
16	2	2	151	251	264
16	8	1	152	333	367
16	4	4	153	423	507
16	0	4	154	507	586
16	1	7	155	631	718
16	8	0	156	739	821
16	9	5	157	960	1052
16	6	5	158	1066	1100
16	1	4	159	1106	1133
16	5	3	160	1175	1251
16	7	1	161	1258	1349
17	9	0	162	89	122
17	7	7	163	408	473
17	7	7	164	473	559
17	2	3	165	589	642
17	0	7	166	1137	1209
18	9	0	167	11	89
18	5	3	168	198	234
18	0	0	169	349	398
18	5	3	170	541	589
18	3	1	171	606	701
18	9	2	172	760	848
18	3	7	173	1071	1137
18	9	1	174	1191	1222
18	1	2	175	1238	1327
18	8	3	176	1327	1378
19	6	3	177	11	100
19	0	4	178	198	214
19	0	0	179	214	280
19	4	0	180	280	294
19	2	1	181	367	430
19	5	3	182	456	478
19	4	6	183	511	565
19	1	6	184	565	631
19	7	4	185	662	744
19	3	1	186	783	873
19	9	1	187	1104	1191
19	3	7	188	1209	1270
19	1	4	189	1339	1381


Solution History:
