This is the output of Heuristic Solver for Dual resource constrained flexible job shop Scheduling Problem.
Input file is: wfjsp19_1.txt
Method: TSN1_10000_10_5
Seed: 1
Number of Jobs: 20
Number of Operations: 190
Number of Machines: 10
Number of Operators: 8
CPU Time: 251.115
obj: 1226
Best found lower bound:0
Solver gap (best found lower bound and upper bound difference): Not known


Final Solution:
Job	Machine	Operator	Operation	Start Time	Finish Time
0	6	7	0	0	74
0	4	1	1	77	106
0	1	2	2	183	225
0	7	2	3	270	378
0	2	0	4	428	509
0	5	5	5	525	594
0	8	1	6	841	920
0	4	1	7	998	1033
0	1	5	8	1153	1191
0	5	5	9	1191	1225
1	4	3	10	0	8
1	4	1	11	59	77
1	5	0	12	123	137
1	8	1	13	221	271
1	5	0	14	287	348
1	0	6	15	373	419
1	1	6	16	465	487
1	7	0	17	555	567
1	0	3	18	578	633
1	6	6	19	703	748
1	4	3	20	833	932
1	9	3	21	939	1029
1	9	3	22	1050	1099
1	0	3	23	1099	1182
2	1	5	24	0	14
2	5	5	25	14	48
2	7	2	26	74	98
2	8	1	27	196	221
2	0	2	28	225	270
2	3	4	29	396	480
2	8	4	30	482	520
2	0	3	31	520	578
2	7	5	32	594	679
2	3	6	33	748	789
2	8	1	34	1052	1067
2	0	3	35	1182	1224
3	2	0	36	0	22
3	2	5	37	172	208
3	4	7	38	226	298
3	5	1	39	366	436
3	7	2	40	448	481
3	4	0	41	609	703
3	5	0	42	703	730
3	5	0	43	730	788
3	1	5	44	806	817
3	2	5	45	817	831
3	7	5	46	831	903
3	0	2	47	903	912
3	1	2	48	1018	1027
4	0	7	49	92	134
4	3	3	50	134	209
4	8	5	51	465	482
4	3	2	52	576	646
4	6	7	53	647	703
4	2	4	54	723	761
4	6	0	55	915	957
5	2	5	56	81	172
5	6	6	57	183	224
5	8	1	58	271	366
5	7	2	59	378	448
5	9	5	60	779	806
6	1	6	61	22	98
6	6	6	62	545	563
6	0	3	63	787	831
6	2	0	64	957	1048
6	3	6	65	1116	1150
7	0	7	66	74	92
7	5	0	67	137	184
7	6	6	68	253	313
7	0	6	69	313	373
7	5	5	70	488	525
7	4	4	71	525	548
7	6	0	72	567	609
7	0	3	73	633	675
7	0	3	74	675	716
7	4	0	75	788	833
7	9	7	76	866	939
7	1	2	77	939	1018
7	3	6	78	1043	1116
7	6	7	79	1134	1226
8	7	2	80	0	74
8	6	6	81	123	166
8	1	6	82	166	183
8	6	6	83	224	243
8	9	6	84	243	253
8	1	5	85	322	399
8	0	6	86	419	461
8	7	1	87	488	524
8	1	6	88	525	544
8	2	4	89	635	668
8	9	6	90	1153	1212
9	7	0	91	255	270
9	2	0	92	509	555
9	9	7	93	555	624
9	0	4	94	766	784
9	8	1	95	1033	1052
9	8	1	96	1165	1225
10	5	0	97	90	99
10	8	1	98	106	196
10	6	7	99	313	383
10	3	2	100	523	576
10	1	6	101	613	659
10	5	5	102	903	986
11	3	3	103	47	131
11	7	5	104	208	245
11	3	4	105	302	378
11	3	4	106	378	396
11	1	5	107	423	465
11	2	4	108	622	635
11	3	2	109	646	724
11	8	1	110	781	841
11	8	1	111	1067	1145
12	3	1	112	0	20
12	2	4	113	208	227
12	2	4	114	227	302
12	6	7	115	624	647
12	3	6	116	789	870
12	5	5	117	986	1078
12	5	5	118	1078	1090
13	0	6	119	0	22
13	5	0	120	71	90
13	3	3	121	209	291
13	2	4	122	668	723
13	3	6	123	971	1043
13	4	0	124	1050	1108
13	9	5	125	1108	1153
13	4	0	126	1170	1211
14	9	5	127	48	81
14	6	0	128	99	123
14	4	7	129	134	226
14	9	3	130	291	314
14	1	5	131	399	423
14	9	3	132	451	492
14	4	3	133	492	508
14	8	1	134	694	741
14	5	4	135	788	869
14	3	6	136	870	931
14	4	4	137	957	998
14	0	7	138	1011	1098
14	1	7	139	1098	1134
14	2	4	140	1134	1212
15	7	2	141	98	175
15	5	0	142	205	255
15	8	3	143	372	451
15	6	7	144	471	545
15	4	4	145	548	605
15	8	1	146	741	781
15	1	2	147	821	879
15	2	4	148	879	957
15	6	4	149	998	1075
16	4	1	150	20	59
16	9	4	151	81	137
16	9	4	152	137	205
16	9	3	153	314	372
16	8	1	154	524	571
16	1	6	155	571	613
16	1	6	156	659	702
16	9	7	157	703	779
16	6	0	158	866	915
16	7	1	159	920	992
16	7	2	160	1105	1179
17	8	4	161	0	74
17	5	0	162	184	205
17	5	0	163	270	287
17	3	2	164	481	523
17	8	1	165	571	589
17	2	4	166	605	622
17	4	3	167	716	787
17	7	2	168	787	821
17	2	0	169	833	853
17	8	7	170	939	1011
17	7	2	171	1027	1105
17	8	1	172	1145	1165
18	2	0	173	22	71
18	1	5	174	245	322
18	6	7	175	383	471
18	1	6	176	487	525
18	0	2	177	724	766
18	6	4	178	1075	1120
19	9	3	179	8	47
19	2	0	180	348	428
19	5	1	181	436	488
19	8	1	182	589	667
19	8	1	183	667	694
19	7	5	184	694	770
19	6	7	185	779	866
19	0	6	186	931	971
19	4	3	187	1033	1050
19	4	0	188	1108	1170
19	7	2	189	1179	1217


Solution History:
