This is the output of Heuristic Solver for Dual resource constrained flexible job shop Scheduling Problem.
Input file is: wfjsp14_1.txt
Method: TSN1_10000_10_5
Seed: 1
Number of Jobs: 30
Number of Operations: 215
Number of Machines: 15
Number of Operators: 15
CPU Time: 263.041
obj: 747
Best found lower bound:0
Solver gap (best found lower bound and upper bound difference): Not known


Final Solution:
Job	Machine	Operator	Operation	Start Time	Finish Time
0	11	7	0	36	103
0	10	14	1	188	211
0	6	8	2	280	320
0	14	7	3	352	432
0	8	12	4	477	555
1	5	0	5	0	55
1	9	10	6	65	135
1	10	14	7	161	188
1	11	6	8	297	334
1	5	10	9	344	380
1	1	5	10	563	571
1	2	14	11	611	629
1	4	10	12	629	644
1	11	0	13	651	703
2	12	14	14	0	56
2	8	1	15	151	199
2	1	5	16	233	256
2	5	9	17	256	264
2	5	9	18	264	326
2	10	3	19	440	486
2	3	11	20	651	735
3	2	9	21	0	82
3	10	7	22	115	161
3	7	9	23	330	399
3	6	0	24	548	564
3	3	1	25	574	611
3	8	6	26	632	656
4	0	3	27	0	21
4	8	1	28	106	151
4	13	13	29	200	278
4	4	1	30	336	378
4	10	0	31	378	437
4	4	10	32	457	556
4	13	13	33	677	722
5	14	3	34	82	93
5	2	13	35	115	156
5	3	11	36	168	193
5	11	6	37	193	225
5	11	6	38	344	416
5	8	12	39	422	477
5	14	7	40	498	532
5	0	4	41	563	657
5	1	6	42	657	685
6	13	2	43	0	54
6	8	3	44	93	104
6	2	2	45	193	207
6	11	6	46	225	297
6	13	14	47	297	306
6	5	6	48	334	344
6	8	6	49	555	591
6	10	8	50	641	716
7	14	3	51	67	82
7	2	10	52	275	342
7	13	2	53	377	427
7	12	4	54	498	536
7	12	2	55	694	734
8	0	14	56	65	157
8	14	6	57	157	193
8	9	12	58	283	367
8	8	12	59	367	422
8	3	5	60	441	464
8	7	9	61	509	566
9	1	13	62	0	18
9	14	3	63	21	67
9	4	11	64	84	168
9	1	9	65	177	215
9	0	7	66	248	266
9	3	7	67	275	319
9	1	3	68	332	382
9	14	0	69	437	498
9	9	6	70	702	746
10	13	2	71	54	78
10	7	4	72	78	119
10	13	3	73	161	200
10	3	11	74	235	275
10	0	4	75	316	360
10	13	13	76	467	542
10	12	2	77	555	634
11	3	8	78	79	154
11	5	1	79	380	480
11	10	8	80	569	641
11	6	10	81	644	683
11	4	5	82	694	711
11	10	0	83	716	734
11	3	5	84	735	743
12	6	5	85	0	75
12	6	5	86	87	130
12	9	10	87	135	166
12	4	4	88	247	264
12	3	7	89	319	352
12	9	3	90	382	440
12	3	5	91	464	479
12	4	2	92	644	694
13	8	6	93	17	86
13	5	6	94	133	151
13	8	1	95	199	222
13	8	12	96	222	283
13	7	11	97	294	307
13	3	11	98	352	441
13	0	5	99	479	563
13	14	1	100	615	679
13	14	3	101	679	717
14	4	11	102	0	84
14	8	2	103	283	365
14	13	2	104	427	466
14	1	6	105	474	530
14	9	6	106	530	547
14	7	9	107	628	668
14	5	6	108	691	702
15	12	12	109	62	138
15	11	0	110	138	193
15	9	10	111	206	275
15	7	11	112	307	330
15	14	11	113	332	350
15	4	10	114	380	457
15	5	8	115	506	524
15	13	13	116	542	632
15	0	7	117	657	744
16	6	5	118	75	87
16	11	3	119	104	131
16	9	10	120	166	183
16	6	8	121	320	403
16	12	14	122	438	495
16	3	1	123	495	574
16	1	5	124	574	631
16	2	13	125	632	677
16	8	1	126	679	720
16	8	1	127	720	747
17	2	1	128	82	106
17	0	7	129	161	248
17	11	6	130	449	474
17	1	4	131	536	562
17	2	14	132	701	746
18	14	6	133	0	14
18	0	10	134	21	65
18	12	12	135	138	216
18	2	1	136	222	275
18	13	14	137	306	345
18	2	14	138	345	438
18	0	7	139	438	474
18	10	3	140	486	569
18	5	12	141	569	651
18	5	12	142	651	691
19	3	1	143	0	79
19	4	4	144	173	247
19	0	4	145	266	316
19	6	8	146	403	444
19	7	9	147	454	509
19	14	7	148	532	615
19	7	9	149	668	738
20	10	8	150	0	36
20	5	8	151	154	213
20	7	9	152	399	454
20	7	3	153	569	627
20	1	4	154	685	731
21	14	6	155	93	129
21	3	11	156	193	235
21	9	11	157	441	521
21	8	6	158	591	632
21	9	5	159	632	689
22	5	0	160	55	133
22	1	5	161	256	330
22	5	8	162	480	506
22	12	2	163	536	555
22	6	12	164	691	732
23	8	10	165	0	17
23	7	8	166	36	55
23	4	1	167	275	336
23	11	6	168	416	449
23	2	14	169	498	518
23	9	10	170	556	628
24	6	5	171	130	208
24	1	5	172	215	233
24	6	8	173	233	280
24	12	13	174	280	356
24	12	4	175	360	437
24	6	8	176	444	474
24	11	2	177	494	535
24	13	3	178	632	672
25	11	7	179	0	36
25	10	13	180	36	115
25	7	4	181	119	173
25	10	14	182	211	295
25	10	0	183	295	319
25	0	5	184	360	434
25	2	14	185	518	611
25	3	7	186	615	651
25	2	10	187	683	701
26	9	12	188	0	62
26	2	13	189	156	193
26	7	3	190	200	294
26	14	3	191	294	332
26	6	7	192	474	495
26	5	8	193	524	567
26	4	9	194	567	628
27	1	9	195	82	168
27	1	9	196	168	177
27	14	0	197	193	279
27	2	4	198	438	498
27	12	14	199	634	694
27	5	10	200	702	742
28	13	2	201	78	161
28	10	0	202	319	368
28	6	0	203	498	548
28	11	11	204	548	576
28	11	11	205	576	651
29	7	4	206	0	30
29	1	4	207	30	73
29	9	10	208	183	206
29	12	2	209	216	268
29	13	13	210	356	377
29	1	13	211	382	467
29	11	2	212	474	494
29	6	0	213	564	644
29	4	5	214	711	735


Solution History:
