This is the output of Heuristic Solver for Dual resource constrained flexible job shop Scheduling Problem.
Input file is: wfjsp7_6.txt
Method: TSN1_10000_10_5
Seed: 1
Number of Jobs: 12
Number of Operations: 96
Number of Machines: 5
Number of Operators: 5
CPU Time: 46.7247
obj: 1029
Best found lower bound:0
Solver gap (best found lower bound and upper bound difference): Not known


Final Solution:
Job	Machine	Operator	Operation	Start Time	Finish Time
0	3	4	0	88	158
0	2	2	1	199	239
0	3	4	2	258	324
0	2	0	3	461	504
0	1	1	4	514	609
0	3	4	5	700	791
0	3	4	6	791	819
0	0	3	7	877	904
0	3	4	8	929	1014
1	1	1	9	85	100
1	0	3	10	259	348
1	0	3	11	348	426
1	4	2	12	426	458
1	1	1	13	458	497
1	4	2	14	570	626
1	2	0	15	644	729
1	0	3	16	750	831
2	2	2	17	0	84
2	2	2	18	84	111
2	1	1	19	183	232
2	3	4	20	324	377
2	3	4	21	505	546
2	4	2	22	626	720
2	4	2	23	791	862
2	0	3	24	954	1016
3	4	0	25	141	184
3	1	1	26	232	266
3	1	1	27	278	288
3	1	1	28	288	354
3	2	0	29	375	461
3	4	2	30	523	570
3	2	0	31	630	644
3	0	3	32	662	750
3	3	4	33	819	891
3	3	4	34	891	929
4	4	0	35	0	76
4	4	0	36	76	116
4	4	2	37	303	327
4	3	4	38	377	462
4	1	1	39	623	663
4	1	1	40	763	814
4	0	3	41	831	877
4	4	0	42	903	969
5	0	3	43	0	85
5	2	2	44	111	199
5	3	4	45	210	258
5	3	4	46	546	636
5	1	1	47	663	698
5	1	1	48	880	926
5	4	0	49	1014	1027
6	3	4	50	0	88
6	1	1	51	100	130
6	4	0	52	184	197
6	2	2	53	239	286
6	2	0	54	287	375
6	1	1	55	446	457
6	2	0	56	504	584
6	3	4	57	636	700
6	1	1	58	700	763
6	2	2	59	984	1029
7	0	3	60	174	259
7	1	1	61	266	278
7	4	2	62	327	414
7	0	3	63	426	479
7	2	0	64	608	630
7	2	2	65	869	895
7	1	1	66	926	1018
8	1	1	67	130	171
8	1	1	68	354	446
8	4	2	69	458	523
8	1	1	70	609	623
8	4	2	71	758	791
8	1	1	72	838	880
9	0	3	73	85	174
9	3	4	74	174	210
9	3	4	75	462	505
9	1	1	76	505	514
9	2	0	77	584	608
9	2	0	78	781	869
9	2	2	79	895	984
9	1	4	80	1018	1029
10	4	0	81	116	141
10	1	1	82	171	183
10	4	0	83	197	287
10	0	3	84	479	499
10	0	3	85	499	574
10	0	3	86	574	662
10	2	0	87	729	781
10	1	1	88	814	838
10	4	0	89	869	903
11	1	1	90	0	85
11	3	4	91	158	174
11	4	2	92	287	303
11	4	2	93	720	758
11	0	3	94	904	954
11	4	0	95	969	1014


Solution History:
