This is the output of Heuristic Solver for Dual resource constrained flexible job shop Scheduling Problem.
Input file is: wfjsp15_3.txt
Method: TSN1_10000_10_5
Seed: 1
Number of Jobs: 30
Number of Operations: 385
Number of Machines: 15
Number of Operators: 15
CPU Time: 600.039
obj: 1395
Best found lower bound:0
Solver gap (best found lower bound and upper bound difference): Not known


Final Solution:
Job	Machine	Operator	Operation	Start Time	Finish Time
0	10	5	0	0	61
0	7	12	1	135	148
0	11	6	2	295	308
0	5	12	3	318	396
0	8	14	4	428	500
0	3	13	5	511	579
0	10	5	6	590	676
0	10	1	7	709	744
0	12	13	8	753	852
0	3	4	9	909	925
0	2	0	10	1106	1172
0	1	14	11	1191	1283
0	5	11	12	1284	1301
0	4	11	13	1304	1390
1	9	10	14	253	341
1	3	4	15	482	511
1	4	2	16	518	570
1	5	11	17	607	623
1	5	8	18	727	792
1	3	4	19	792	806
1	6	12	20	817	842
1	13	5	21	842	895
1	0	0	22	914	1006
1	14	9	23	1032	1114
1	3	4	24	1144	1173
1	2	4	25	1173	1243
1	14	9	26	1285	1381
2	6	2	27	0	9
2	14	9	28	34	68
2	2	8	29	131	219
2	3	3	30	228	269
2	5	12	31	287	318
2	7	7	32	397	452
2	1	11	33	530	596
2	4	6	34	716	775
2	9	14	35	871	974
2	7	7	36	1012	1121
2	12	14	37	1121	1134
2	6	3	38	1181	1208
2	4	6	39	1208	1277
2	1	14	40	1283	1297
2	2	6	41	1342	1368
3	5	4	42	0	50
3	7	12	43	105	135
3	4	2	44	163	211
3	8	2	45	276	374
3	10	5	46	460	523
3	7	10	47	544	621
3	0	13	48	655	672
3	12	11	49	740	753
3	5	5	50	901	962
3	11	2	51	1111	1177
3	6	5	52	1208	1243
3	6	12	53	1243	1265
3	10	3	54	1291	1355
4	13	11	55	0	26
4	7	12	56	76	105
4	8	14	57	150	216
4	7	7	58	218	288
4	0	0	59	363	454
4	13	8	60	482	579
4	9	6	61	579	587
4	8	3	62	668	721
4	14	8	63	799	892
4	8	10	64	924	968
4	6	12	65	1045	1071
4	3	4	66	1085	1144
4	14	1	67	1169	1211
4	0	0	68	1263	1344
4	2	8	69	1368	1377
5	5	12	70	150	244
5	10	14	71	244	315
5	6	12	72	406	433
5	11	10	73	469	535
5	0	0	74	550	580
5	6	9	75	614	672
5	0	13	76	672	684
5	1	11	77	709	740
5	9	0	78	747	761
5	10	2	79	786	858
5	12	13	80	893	973
5	10	14	81	1012	1066
5	12	14	82	1103	1117
5	7	7	83	1121	1155
5	2	6	84	1327	1342
6	1	8	85	0	72
6	3	11	86	72	116
6	3	13	87	120	154
6	2	1	88	237	259
6	12	1	89	259	287
6	12	4	90	319	372
6	1	11	91	381	435
6	4	2	92	466	492
6	14	1	93	492	520
6	7	10	94	621	662
6	14	9	95	672	749
6	0	0	96	796	836
6	14	9	97	892	969
6	0	0	98	1006	1097
7	12	4	99	55	136
7	4	2	100	211	270
7	12	4	101	287	319
7	13	8	102	382	482
7	9	6	103	501	570
7	5	3	104	570	607
7	2	6	105	626	638
7	13	5	106	709	766
7	13	8	107	895	938
7	11	6	108	988	1049
7	6	11	109	1085	1181
7	8	2	110	1181	1272
8	0	10	111	0	90
8	10	10	112	127	175
8	14	8	113	269	299
8	1	11	114	435	460
8	5	9	115	472	520
8	10	1	116	744	785
8	11	1	117	786	798
8	4	6	118	850	915
8	2	3	119	915	1005
8	4	6	120	1056	1071
8	4	6	121	1148	1205
9	7	3	122	0	40
9	5	3	123	50	78
9	9	1	124	119	194
9	4	13	125	300	351
9	12	4	126	372	428
9	12	4	127	428	482
9	11	1	128	535	611
9	9	0	129	667	747
9	5	4	130	875	901
9	10	1	131	950	1012
9	9	1	132	1033	1056
9	9	1	133	1056	1120
9	11	11	134	1181	1225
10	6	2	135	9	35
10	13	5	136	270	328
10	7	7	137	452	512
10	7	7	138	512	544
10	2	4	139	646	698
10	8	3	140	721	777
10	6	12	141	792	817
10	6	2	142	912	941
10	2	3	143	1005	1106
10	1	8	144	1106	1187
10	3	7	145	1222	1239
10	7	7	146	1239	1263
10	7	12	147	1265	1331
10	12	2	148	1340	1392
11	12	4	149	136	194
11	6	1	150	194	237
11	14	1	151	299	336
11	7	7	152	369	397
11	2	13	153	442	510
11	13	2	154	579	623
11	3	12	155	637	677
11	10	5	156	677	709
11	3	4	157	714	737
11	2	3	158	780	818
11	2	4	159	818	854
11	12	13	160	854	893
11	7	7	161	945	1003
11	14	10	162	1215	1285
11	13	5	163	1306	1362
12	9	1	164	22	70
12	13	7	165	96	153
12	14	9	166	158	241
12	14	8	167	241	269
12	10	1	168	382	460
12	14	1	169	460	486
12	6	12	170	503	568
12	14	3	171	607	645
12	12	7	172	729	739
12	11	1	173	798	880
12	1	8	174	938	1035
12	1	8	175	1035	1098
12	13	5	176	1132	1200
12	12	3	177	1208	1278
12	8	10	178	1285	1381
13	10	5	179	61	126
13	7	7	180	322	369
13	6	5	181	384	406
13	14	5	182	406	459
13	8	14	183	602	668
13	13	5	184	766	830
13	1	11	185	838	923
13	4	2	186	941	997
13	11	2	187	1056	1083
13	3	13	188	1206	1222
13	6	7	189	1265	1369
14	8	14	190	120	150
14	13	7	191	185	215
14	4	3	192	351	388
14	3	3	193	403	481
14	4	13	194	579	655
14	3	8	195	678	714
14	3	4	196	737	789
14	14	9	197	789	799
14	5	9	198	799	875
14	12	14	199	1094	1103
14	14	3	200	1114	1169
14	3	4	201	1243	1293
15	4	6	202	0	10
15	4	6	203	10	77
15	6	3	204	88	158
15	13	5	205	215	270
15	3	3	206	270	349
15	14	9	207	349	358
15	9	0	208	587	667
15	12	14	209	974	997
15	5	12	210	1071	1111
15	11	11	211	1225	1283
15	7	12	212	1331	1360
15	11	6	213	1372	1387
16	11	14	214	0	95
16	13	7	215	153	185
16	11	6	216	308	397
16	1	11	217	460	530
16	14	9	218	530	547
16	13	2	219	623	688
16	13	2	220	688	705
16	1	11	221	753	838
16	10	2	222	858	909
16	10	1	223	909	950
16	13	4	224	950	960
16	13	4	225	960	1063
16	11	2	226	1083	1111
16	0	0	227	1233	1263
16	9	5	228	1366	1393
17	0	10	229	90	127
17	6	5	230	158	190
17	12	4	231	194	249
17	6	5	232	335	384
17	0	8	233	616	642
17	5	8	234	642	678
17	8	10	235	780	809
17	3	3	236	818	909
17	13	5	237	1066	1132
17	7	7	238	1155	1220
17	4	6	239	1277	1304
18	9	1	240	0	22
18	12	11	241	26	55
18	8	13	242	80	120
18	5	11	243	120	150
18	7	13	244	154	218
18	6	9	245	241	335
18	13	8	246	344	382
18	9	14	247	382	402
18	8	14	248	402	428
18	12	3	249	482	517
18	14	9	250	547	607
18	7	7	251	1003	1012
18	8	14	252	1066	1094
18	1	14	253	1297	1384
19	13	7	254	34	96
19	10	10	255	175	204
19	2	4	256	259	286
19	0	0	257	286	322
19	0	0	258	322	363
19	9	6	259	427	477
19	4	2	260	492	518
19	2	4	261	518	589
19	7	7	262	798	839
19	8	10	263	968	1064
19	9	1	264	1120	1151
19	10	10	265	1161	1215
19	9	13	266	1222	1321
19	9	13	267	1321	1366
20	14	7	268	0	34
20	6	2	269	35	88
20	14	8	270	88	131
20	1	11	271	229	299
20	2	8	272	299	344
20	9	6	273	402	427
20	9	6	274	477	501
20	5	3	275	520	559
20	2	10	276	698	744
20	2	10	277	744	780
20	6	7	278	842	912
21	8	13	279	0	80
21	8	13	280	218	276
21	5	9	281	396	472
21	2	6	282	589	626
21	12	7	283	628	729
21	8	10	284	809	853
21	5	5	285	962	1066
21	8	13	286	1094	1136
21	12	14	287	1136	1191
21	13	8	288	1200	1246
21	2	8	289	1246	1317
21	5	8	290	1317	1367
22	9	1	291	70	119
22	4	13	292	276	300
22	10	14	293	315	382
22	2	13	294	406	442
22	10	5	295	523	590
22	4	6	296	655	716
22	5	8	297	716	727
22	7	14	298	778	798
22	11	6	299	931	988
22	8	13	300	1136	1180
22	12	2	301	1278	1340
22	10	3	302	1355	1365
22	7	13	303	1366	1395
23	2	0	304	0	95
23	14	5	305	131	158
23	1	11	306	163	229
23	9	1	307	341	357
23	4	2	308	388	416
23	11	1	309	611	707
23	7	14	310	707	778
23	4	6	311	778	850
23	10	10	312	1066	1161
23	10	1	313	1215	1291
23	11	1	314	1291	1353
23	10	3	315	1365	1392
24	11	2	316	95	148
24	2	8	317	219	235
24	5	12	318	244	287
24	3	13	319	351	403
24	0	0	320	454	550
24	12	7	321	550	628
24	0	13	322	684	752
24	7	12	323	842	915
24	3	11	324	925	992
24	4	2	325	997	1056
24	9	1	326	1151	1169
24	0	9	327	1169	1233
24	11	1	328	1353	1372
25	11	6	329	176	261
25	2	10	330	344	406
25	7	10	331	662	693
25	9	0	332	761	783
25	11	1	333	880	909
25	7	7	334	915	945
25	3	11	335	992	1085
25	3	13	336	1180	1206
25	13	5	337	1246	1273
25	3	4	338	1326	1376
26	3	12	339	0	41
26	0	0	340	131	213
26	9	0	341	213	253
26	8	14	342	500	602
26	6	12	343	732	792
26	6	12	344	941	953
26	14	9	345	969	1032
26	5	12	346	1210	1239
26	13	5	347	1273	1306
26	0	0	348	1344	1383
27	7	12	349	41	76
27	4	6	350	77	132
27	11	6	351	148	176
27	0	10	352	213	246
27	7	7	353	288	322
27	6	12	354	433	503
27	6	12	355	568	614
27	11	2	356	707	759
27	8	10	357	853	924
27	6	12	358	953	1045
27	4	6	359	1071	1148
28	2	0	360	95	131
28	1	11	361	299	381
28	11	10	362	406	469
28	4	6	363	570	579
28	0	8	364	580	616
28	1	11	365	623	709
28	0	7	366	752	796
28	9	14	367	798	871
28	11	6	368	915	931
28	9	13	369	974	1033
28	12	13	370	1033	1094
28	5	12	371	1111	1210
28	5	9	372	1239	1284
28	3	4	373	1293	1326
29	1	9	374	72	151
29	4	11	375	151	163
29	3	3	376	163	228
29	11	6	377	261	295
29	4	2	378	416	466
29	3	4	379	589	637
29	2	4	380	638	646
29	6	12	381	677	732
29	11	2	382	759	786
29	0	0	383	836	914
29	2	6	384	1317	1327


Solution History:
