This is the output of Heuristic Solver for Dual resource constrained flexible job shop Scheduling Problem.
Input file is: wfjsp20_3.txt
Method: TSN1_10000_10_5
Seed: 1
Number of Jobs: 25
Number of Operations: 204
Number of Machines: 10
Number of Operators: 8
CPU Time: 322.218
obj: 1359
Best found lower bound:0
Solver gap (best found lower bound and upper bound difference): Not known


Final Solution:
Job	Machine	Operator	Operation	Start Time	Finish Time
0	5	4	0	0	67
0	1	0	1	130	147
0	8	0	2	147	164
0	6	0	3	164	258
0	8	1	4	428	500
0	5	6	5	551	616
0	3	4	6	799	876
0	0	7	7	916	952
0	8	1	8	988	1092
1	5	6	9	119	133
1	8	7	10	175	239
1	9	1	11	500	599
1	9	4	12	602	618
1	8	6	13	841	951
1	4	6	14	976	1064
1	8	7	15	1095	1122
1	7	1	16	1287	1351
2	1	3	17	0	17
2	6	7	18	29	95
2	8	7	19	126	137
2	2	7	20	311	340
2	5	2	21	489	537
2	0	3	22	574	671
2	0	3	23	671	739
2	2	7	24	783	810
2	3	4	25	918	993
2	8	0	26	1235	1331
3	4	6	27	0	9
3	3	6	28	9	45
3	1	3	29	155	257
3	8	3	30	367	404
3	0	3	31	404	431
3	6	2	32	604	663
3	9	5	33	761	820
3	1	3	34	1076	1138
4	4	1	35	60	166
4	5	6	36	341	424
4	7	5	37	638	652
4	1	2	38	764	791
4	6	0	39	833	911
4	1	0	40	916	934
4	8	6	41	951	976
4	1	3	42	1022	1076
4	9	6	43	1160	1192
4	3	6	44	1192	1248
5	5	6	45	144	228
5	1	0	46	381	457
5	6	0	47	684	768
5	9	5	48	820	834
5	4	5	49	834	849
5	9	5	50	849	899
5	9	5	51	1023	1080
5	9	7	52	1122	1155
5	5	5	53	1155	1179
5	7	2	54	1198	1260
6	3	5	55	119	145
6	9	2	56	182	209
6	7	5	57	406	470
6	8	4	58	618	683
6	2	7	59	701	783
6	5	2	60	867	969
6	3	4	61	1064	1075
6	7	2	62	1145	1198
6	1	3	63	1236	1337
7	7	5	64	0	35
7	3	6	65	88	119
7	6	4	66	321	375
7	6	2	67	379	427
7	4	5	68	470	553
7	4	4	69	593	602
7	4	6	70	1064	1160
8	2	1	71	0	60
8	2	4	72	131	159
8	3	5	73	230	300
8	7	3	74	323	350
8	3	2	75	537	604
8	8	6	76	756	768
9	1	7	77	95	126
9	5	6	78	133	144
9	1	6	79	260	340
9	3	7	80	451	524
9	6	4	81	539	593
9	1	7	82	900	916
9	6	4	83	1075	1109
9	3	5	84	1140	1153
10	9	5	85	35	119
10	0	4	86	229	264
10	9	7	87	671	701
10	5	1	88	709	732
10	7	1	89	732	767
10	1	1	90	934	988
10	2	0	91	1051	1094
10	7	2	92	1119	1145
10	6	7	93	1155	1183
11	6	3	94	120	155
11	0	4	95	159	229
11	1	0	96	341	381
11	4	4	97	381	469
11	1	0	98	593	684
11	4	1	99	856	928
11	5	2	100	969	1028
11	5	2	101	1028	1064
11	2	7	102	1183	1265
11	6	7	103	1265	1337
12	9	7	104	0	29
12	0	3	105	39	52
12	8	3	106	52	120
12	2	1	107	166	213
12	8	1	108	295	367
12	0	0	109	457	553
12	7	3	110	852	952
12	2	0	111	952	1051
12	7	2	112	1064	1119
12	9	6	113	1324	1359
13	6	2	114	0	23
13	1	6	115	45	88
13	7	1	116	599	638
13	2	2	117	663	675
13	8	6	118	768	841
13	5	5	119	1179	1255
14	3	4	120	67	82
14	7	5	121	145	204
14	1	0	122	553	593
14	5	1	123	638	667
14	9	5	124	899	967
14	5	1	125	1092	1139
14	0	1	126	1139	1203
15	6	4	127	264	321
15	1	6	128	476	551
15	2	5	129	553	638
15	3	2	130	675	700
15	6	0	131	768	833
15	5	1	132	833	856
15	2	4	133	1109	1170
16	3	2	134	145	182
16	3	5	135	204	230
16	3	7	136	606	671
16	1	2	137	700	764
16	3	4	138	764	799
16	7	3	139	804	852
16	9	5	140	967	1023
16	1	3	141	1138	1164
16	4	4	142	1170	1199
16	5	5	143	1255	1354
17	9	2	144	242	319
17	2	7	145	340	356
17	9	6	146	626	654
17	4	6	147	654	722
17	4	1	148	1203	1262
17	2	2	149	1265	1327
18	4	0	150	9	52
18	9	7	151	137	175
18	9	2	152	209	242
18	7	5	153	350	406
18	5	6	154	424	476
18	7	5	155	652	686
18	4	6	156	722	756
18	0	0	157	1095	1119
18	4	4	158	1287	1323
19	2	4	159	82	131
19	2	7	160	239	281
19	9	2	161	427	489
19	8	4	162	683	753
19	5	1	163	767	833
19	3	4	164	876	918
19	3	5	165	1080	1140
19	0	4	166	1203	1286
19	4	0	167	1331	1359
20	0	0	168	52	130
20	2	1	169	213	237
20	8	1	170	239	295
20	9	1	171	379	416
20	8	1	172	416	428
20	8	7	173	524	606
21	5	0	174	258	341
21	9	5	175	701	761
21	0	7	176	810	900
21	7	3	177	952	1022
21	8	0	178	1122	1235
21	9	6	179	1248	1324
21	0	4	180	1324	1358
22	1	3	181	17	39
22	9	2	182	319	379
22	6	3	183	431	500
22	1	2	184	791	867
22	0	7	185	952	1037
22	0	7	186	1037	1095
22	4	1	187	1262	1287
22	1	3	188	1337	1353
23	7	2	189	35	139
23	7	6	190	228	260
23	2	7	191	281	311
23	4	5	192	311	348
23	3	7	193	356	441
23	7	3	194	500	574
23	5	1	195	667	709
24	7	3	196	260	323
24	0	7	197	441	451
24	2	4	198	469	539
24	5	6	199	616	626
24	0	3	200	739	804
24	3	4	201	993	1054
24	6	4	202	1054	1064
24	1	3	203	1164	1236


Solution History:
