This is the output of Heuristic Solver for Dual resource constrained flexible job shop Scheduling Problem.
Input file is: wfjsp20_9.txt
Method: TSN1_10000_10_5
Seed: 1
Number of Jobs: 25
Number of Operations: 188
Number of Machines: 10
Number of Operators: 8
CPU Time: 277.436
obj: 1235
Best found lower bound:0
Solver gap (best found lower bound and upper bound difference): Not known


Final Solution:
Job	Machine	Operator	Operation	Start Time	Finish Time
0	4	5	0	0	72
0	9	7	1	111	155
0	6	5	2	439	500
0	9	1	3	593	649
0	9	7	4	659	688
1	6	0	5	0	78
1	2	5	6	102	160
1	3	1	7	177	196
1	5	4	8	244	299
1	3	1	9	344	402
1	1	3	10	505	594
1	8	0	11	740	818
1	9	2	12	858	945
2	6	0	13	78	114
2	1	3	14	126	147
2	5	3	15	147	204
2	7	7	16	538	554
2	5	0	17	565	640
2	6	0	18	718	740
2	4	2	19	758	780
2	6	4	20	906	940
3	9	3	21	0	39
3	7	5	22	272	283
3	9	1	23	571	593
3	5	1	24	708	733
3	5	4	25	940	997
3	3	2	26	1047	1104
4	8	4	27	62	154
4	7	6	28	554	637
4	8	7	29	823	914
4	8	0	30	937	993
4	7	0	31	993	1050
5	2	6	32	0	55
5	0	1	33	63	129
5	7	6	34	452	464
5	2	6	35	464	552
5	3	3	36	689	723
5	0	2	37	736	758
5	1	7	38	809	823
5	5	3	39	1149	1208
6	8	4	40	0	62
6	3	3	41	232	320
6	8	0	42	369	393
6	9	1	43	402	421
6	1	3	44	421	444
6	7	6	45	637	684
6	3	1	46	837	881
6	7	7	47	914	979
6	4	7	48	1047	1095
6	3	2	49	1104	1126
7	7	2	50	0	84
7	6	2	51	158	194
7	0	2	52	194	255
7	5	1	53	315	344
7	7	5	54	500	531
7	2	7	55	594	659
7	0	1	56	766	837
7	8	5	57	993	1007
7	6	1	58	1017	1049
8	8	7	59	411	497
8	8	6	60	687	733
8	7	5	61	793	828
8	4	0	62	858	937
8	4	2	63	945	1020
8	6	1	64	1049	1113
8	7	1	65	1113	1177
8	5	3	66	1208	1220
9	5	1	67	0	8
9	7	7	68	238	272
9	2	0	69	302	363
9	9	2	70	365	390
9	6	4	71	762	793
10	9	2	72	255	282
10	9	4	73	299	360
10	7	6	74	369	452
10	0	0	75	514	565
10	2	5	76	673	705
10	1	3	77	723	802
10	0	1	78	881	931
10	0	1	79	931	985
10	3	1	80	992	1017
10	0	0	81	1050	1086
11	2	6	82	55	87
11	1	2	83	87	100
11	3	2	84	100	158
11	5	1	85	733	766
11	3	6	86	1126	1212
12	1	7	87	0	55
12	9	1	88	158	177
12	3	1	89	196	218
12	7	7	90	688	770
12	2	7	91	770	809
12	3	5	92	898	992
13	1	7	93	155	238
13	7	2	94	283	323
13	0	1	95	421	433
13	5	7	96	497	538
13	8	4	97	628	687
13	4	2	98	780	858
13	1	3	99	1007	1094
14	7	6	100	87	117
14	8	5	101	160	219
14	6	5	102	233	269
14	2	6	103	278	300
14	1	3	104	320	408
14	8	5	105	1007	1062
14	5	3	106	1094	1149
15	7	6	107	117	204
15	4	2	108	390	403
15	9	1	109	491	548
15	4	2	110	554	610
15	1	2	111	704	720
15	1	6	112	823	897
15	0	2	113	1133	1223
16	0	4	114	154	177
16	5	3	115	204	230
16	8	6	116	300	369
16	1	3	117	444	505
16	3	5	118	545	602
16	2	0	119	818	849
16	6	4	120	880	906
16	1	3	121	930	1007
16	8	5	122	1062	1118
17	4	0	123	114	176
17	2	0	124	176	249
17	4	0	125	403	461
17	2	7	126	554	579
17	2	4	127	718	762
17	0	4	128	861	880
17	2	6	129	897	969
17	5	4	130	997	1066
17	9	4	131	1066	1171
17	4	4	132	1175	1231
18	3	1	133	8	63
18	6	1	134	129	158
18	6	6	135	204	233
18	4	1	136	233	247
18	1	0	137	249	302
18	9	1	138	433	491
18	9	1	139	548	571
18	0	7	140	985	1047
18	6	5	141	1118	1201
19	0	7	142	272	352
19	3	4	143	496	545
19	8	4	144	545	628
19	6	0	145	640	718
19	9	3	146	802	847
19	0	7	147	1095	1133
20	4	5	148	72	102
20	9	4	149	177	244
20	6	5	150	283	347
20	5	7	151	352	411
20	7	0	152	464	489
20	2	7	153	579	594
20	0	5	154	602	673
20	0	4	155	687	718
20	2	6	156	969	1059
20	8	7	157	1133	1154
21	5	3	158	39	68
21	7	1	159	218	228
21	4	1	160	247	315
21	0	4	161	360	417
21	5	1	162	649	708
21	0	2	163	720	736
21	7	5	164	828	898
21	4	0	165	1095	1175
21	7	0	166	1177	1232
22	6	5	167	347	439
22	4	2	168	470	554
22	1	2	169	610	704
22	9	5	170	705	793
22	6	4	171	793	850
22	2	6	172	1059	1113
23	5	3	173	68	126
23	4	2	174	323	365
23	3	2	175	403	470
23	3	2	176	1020	1047
23	8	7	177	1154	1235
24	9	7	178	55	111
24	3	5	179	219	232
24	8	6	180	233	278
24	5	4	181	417	496
24	0	0	182	496	514
24	3	3	183	602	689
24	3	6	184	733	816
24	0	4	185	850	861
24	5	3	186	861	930
24	9	1	187	1177	1233


Solution History:
