This is the output of Heuristic Solver for Dual resource constrained flexible job shop Scheduling Problem.
Input file is: wfjsp17_8.txt
Method: TSN1_10000_10_5
Seed: 1
Number of Jobs: 15
Number of Operations: 133
Number of Machines: 5
Number of Operators: 4
CPU Time: 80.5547
obj: 1746
Best found lower bound:0
Solver gap (best found lower bound and upper bound difference): Not known


Final Solution:
Job	Machine	Operator	Operation	Start Time	Finish Time
0	1	0	0	0	24
0	4	2	1	25	88
0	3	3	2	163	195
0	1	2	3	320	380
0	3	3	4	641	722
0	1	1	5	733	794
0	1	0	6	1178	1234
0	1	0	7	1312	1324
1	3	3	8	537	587
1	4	2	9	597	651
1	4	2	10	772	799
1	3	3	11	954	1050
1	0	1	12	1218	1226
1	1	1	13	1414	1503
1	4	0	14	1512	1532
1	1	2	15	1533	1587
2	2	1	16	22	91
2	4	0	17	429	455
2	2	0	18	455	510
2	4	0	19	978	1025
2	3	3	20	1113	1157
2	4	2	21	1212	1253
2	1	2	22	1359	1410
2	4	2	23	1410	1461
2	3	3	24	1481	1545
2	1	1	25	1646	1733
3	0	1	26	91	160
3	0	1	27	160	227
3	2	2	28	380	442
3	0	2	29	930	1005
3	0	1	30	1090	1156
3	1	0	31	1234	1294
3	4	2	32	1296	1359
3	3	3	33	1370	1409
3	4	1	34	1532	1621
3	2	0	35	1658	1746
4	0	2	36	0	25
4	0	0	37	25	47
4	2	0	38	137	199
4	4	2	39	236	247
4	2	2	40	247	320
4	0	1	41	371	399
4	0	0	42	420	429
4	4	2	43	551	597
4	4	1	44	826	868
4	3	3	45	1157	1209
5	4	0	46	253	342
5	1	1	47	399	441
5	0	2	48	442	489
5	4	2	49	489	551
5	1	0	50	1106	1178
5	2	1	51	1293	1304
5	0	0	52	1324	1341
5	2	2	53	1587	1631
6	1	0	54	199	253
6	0	1	55	308	324
6	1	1	56	470	537
6	0	0	57	565	619
6	2	1	58	641	704
6	1	2	59	799	840
6	0	2	60	840	930
6	2	2	61	1090	1143
6	1	1	62	1621	1646
7	2	1	63	0	22
7	3	3	64	46	92
7	0	1	65	227	292
7	3	3	66	521	537
7	1	1	67	555	578
7	4	2	68	728	772
7	3	3	69	846	894
7	0	2	70	1160	1212
7	1	0	71	1341	1357
8	3	3	72	195	272
8	2	1	73	324	371
8	0	1	74	704	733
8	4	1	75	799	826
8	0	2	76	1005	1029
8	0	2	77	1029	1090
8	4	2	78	1253	1296
8	1	1	79	1503	1532
9	3	3	80	395	470
9	0	0	81	619	641
9	0	0	82	641	695
9	3	3	83	782	846
9	2	0	84	901	978
9	3	3	85	1209	1304
9	2	1	86	1304	1347
9	3	3	87	1409	1481
9	0	0	88	1602	1658
10	3	3	89	272	362
10	3	3	90	470	521
10	1	2	91	651	728
10	2	0	92	828	901
10	1	1	93	955	1020
10	1	0	94	1294	1312
10	2	1	95	1347	1414
10	0	2	96	1461	1515
10	3	3	97	1545	1644
10	4	2	98	1680	1735
11	0	0	99	510	565
11	1	1	100	578	641
11	1	1	101	868	955
11	1	0	102	1025	1106
11	2	1	103	1156	1218
11	0	0	104	1357	1445
11	2	0	105	1481	1512
11	0	2	106	1515	1533
12	3	3	107	92	163
12	1	1	108	441	470
12	1	1	109	537	555
12	3	3	110	587	641
12	2	0	111	704	773
12	2	0	112	786	828
12	3	3	113	1050	1113
12	4	2	114	1631	1680
13	1	0	115	47	137
13	4	2	116	189	236
13	4	0	117	342	420
13	2	0	118	773	786
13	3	3	119	894	954
13	4	2	120	1143	1160
13	2	1	121	1226	1293
13	3	3	122	1304	1370
13	2	0	123	1445	1481
13	3	3	124	1644	1740
14	3	3	125	0	46
14	4	2	126	88	143
14	1	2	127	143	189
14	1	1	128	292	308
14	3	3	129	362	395
14	3	3	130	722	782
14	2	1	131	1020	1084
14	0	0	132	1533	1602


Solution History:
