This is the output of Heuristic Solver for Dual resource constrained flexible job shop Scheduling Problem.
Input file is: wfjsp8_7.txt
Method: TSN1_10000_10_5
Seed: 1
Number of Jobs: 15
Number of Operations: 119
Number of Machines: 5
Number of Operators: 5
CPU Time: 58.0608
obj: 1197
Best found lower bound:0
Solver gap (best found lower bound and upper bound difference): Not known


Final Solution:
Job	Machine	Operator	Operation	Start Time	Finish Time
0	3	4	0	296	376
0	3	4	1	376	387
0	1	0	2	393	435
0	0	0	3	435	530
0	1	3	4	656	681
0	0	3	5	790	831
0	2	2	6	969	1003
0	0	3	7	1020	1061
1	4	2	8	68	79
1	3	4	9	255	296
1	0	3	10	331	411
1	2	2	11	579	644
1	2	4	12	650	731
1	4	2	13	749	805
1	3	1	14	903	936
1	2	2	15	1003	1020
1	4	1	16	1043	1120
1	2	2	17	1121	1187
2	4	1	18	0	67
2	2	4	19	176	255
2	2	2	20	255	328
2	4	1	21	357	386
2	4	1	22	386	396
2	3	4	23	455	533
2	2	2	24	566	579
2	1	3	25	594	656
2	4	2	26	736	749
2	2	4	27	888	969
3	1	3	28	0	57
3	4	2	29	185	218
3	4	1	30	411	483
3	0	0	31	530	618
3	3	1	32	753	825
4	1	1	33	151	160
4	2	2	34	419	487
4	2	2	35	487	566
4	1	3	36	566	594
4	4	1	37	616	643
4	2	4	38	731	767
4	1	0	39	799	862
4	1	0	40	890	970
4	4	1	41	970	1043
4	3	4	42	1110	1196
5	2	1	43	110	151
5	1	0	44	280	305
5	3	4	45	609	650
5	4	2	46	650	736
5	2	2	47	1020	1078
5	0	1	48	1139	1197
6	0	0	49	0	61
6	4	2	50	79	105
6	2	2	51	328	360
6	3	4	52	387	455
6	4	1	53	571	601
6	3	1	54	650	661
6	1	3	55	734	786
6	4	2	56	805	882
6	2	2	57	1078	1121
7	2	2	58	29	68
7	3	4	59	104	130
7	3	0	60	158	185
7	1	0	61	245	280
7	4	1	62	297	357
7	3	1	63	689	753
7	4	2	64	882	962
7	0	3	65	967	1020
8	3	4	66	27	104
8	4	2	67	105	185
8	3	4	68	533	609
8	0	0	69	733	790
8	2	4	70	790	809
8	0	3	71	909	967
8	1	0	72	998	1055
8	0	3	73	1061	1139
9	2	1	74	68	110
9	2	4	75	151	176
9	4	1	76	258	297
9	2	4	77	809	888
9	3	1	78	936	970
10	0	0	79	89	126
10	1	1	80	160	245
10	4	1	81	245	258
10	4	1	82	396	411
10	1	3	83	681	734
11	3	4	84	0	27
11	0	0	85	61	89
11	3	0	86	185	241
11	2	2	87	360	419
11	0	0	88	674	733
11	1	0	89	790	799
11	0	3	90	831	909
11	3	4	91	970	1002
11	1	0	92	1055	1097
11	4	1	93	1120	1136
12	2	2	94	0	29
12	0	3	95	135	218
12	0	3	96	411	425
12	1	3	97	508	564
12	4	1	98	601	616
12	0	0	99	618	674
12	3	1	100	825	903
12	1	0	101	970	998
12	3	4	102	1002	1095
12	4	0	103	1136	1191
13	3	0	104	130	158
13	0	3	105	218	276
13	1	0	106	305	365
13	1	0	107	365	393
13	4	1	108	483	541
13	4	1	109	541	571
13	3	1	110	661	689
13	2	4	111	767	780
13	1	0	112	862	890
13	1	0	113	1097	1135
14	1	3	114	57	135
14	0	3	115	276	331
14	1	3	116	435	508
14	3	4	117	1095	1110
14	1	3	118	1139	1193


Solution History:
