This is the output of Heuristic Solver for Dual resource constrained flexible job shop Scheduling Problem.
Input file is: wfjsp22_9.txt
Method: TSN1_10000_10_5
Seed: 1
Number of Jobs: 30
Number of Operations: 219
Number of Machines: 15
Number of Operators: 12
CPU Time: 414.101
obj: 967
Best found lower bound:0
Solver gap (best found lower bound and upper bound difference): Not known


Final Solution:
Job	Machine	Operator	Operation	Start Time	Finish Time
0	4	6	0	0	72
0	13	3	1	268	320
0	6	9	2	345	407
0	14	11	3	642	706
0	1	7	4	825	856
1	13	0	5	0	74
1	3	6	6	190	247
1	12	8	7	292	310
1	4	3	8	320	376
1	2	6	9	474	533
1	6	6	10	658	752
1	12	10	11	798	878
1	13	0	12	878	950
2	1	2	13	0	39
2	0	10	14	39	62
2	9	4	15	65	121
2	2	7	16	181	195
2	11	4	17	268	351
2	12	9	18	407	430
2	13	1	19	557	582
2	2	10	20	751	788
3	3	3	21	0	42
3	14	4	22	53	65
3	5	5	23	71	91
3	8	8	24	93	118
3	11	5	25	669	726
3	7	8	26	786	840
4	2	5	27	304	389
4	8	3	28	519	609
4	9	4	29	690	784
4	11	1	30	840	896
4	10	9	31	906	964
5	2	7	32	195	252
5	0	10	33	259	329
5	7	8	34	420	432
5	5	8	35	474	557
5	2	2	36	577	610
5	12	8	37	643	662
5	4	1	38	662	673
5	9	11	39	795	854
6	12	8	40	234	292
6	9	0	41	299	374
6	14	1	42	395	419
6	2	10	43	433	456
6	9	10	44	456	481
6	6	1	45	481	521
6	4	11	46	538	586
6	9	4	47	626	690
6	3	8	48	738	786
6	0	9	49	884	906
7	10	9	50	120	204
7	3	8	51	310	342
7	4	2	52	377	438
7	0	9	53	443	472
7	3	7	54	502	530
7	8	10	55	626	700
7	4	11	56	706	795
7	7	8	57	905	920
7	6	5	58	924	957
8	11	1	59	0	73
8	6	3	60	144	188
8	4	3	61	188	228
8	5	6	62	389	474
8	14	2	63	522	577
8	14	2	64	712	769
8	9	11	65	854	924
8	2	7	66	945	957
9	0	7	67	0	8
9	6	5	68	30	57
9	14	2	69	303	377
9	0	5	70	389	413
9	0	9	71	844	884
10	1	4	72	127	160
10	13	4	73	206	268
10	7	3	74	432	519
10	6	5	75	521	573
10	2	2	76	610	640
10	5	1	77	673	741
10	12	6	78	752	791
10	0	6	79	791	843
10	4	6	80	843	868
10	1	8	81	926	967
11	4	11	82	72	113
11	11	8	83	184	198
11	2	7	84	252	304
11	11	4	85	351	389
11	10	0	86	510	583
12	14	4	87	0	53
12	11	5	88	91	111
12	13	4	89	187	206
12	10	9	90	587	669
12	2	10	91	700	751
12	14	4	92	851	933
13	1	2	93	39	127
13	7	11	94	158	208
13	11	8	95	223	234
13	11	3	96	234	264
13	6	1	97	419	474
13	12	6	98	546	640
13	5	0	99	744	823
14	9	10	100	0	31
14	13	5	101	111	173
14	9	5	102	173	215
14	1	1	103	358	380
14	0	9	104	493	587
14	1	11	105	587	642
14	0	5	106	726	787
15	5	2	107	132	216
15	8	2	108	216	227
15	8	0	109	374	438
15	9	10	110	550	611
15	5	6	111	643	658
15	1	0	112	667	744
15	12	6	113	878	965
16	7	7	114	135	158
16	12	8	115	198	223
16	5	1	116	223	293
16	8	7	117	304	361
16	13	3	118	376	432
16	11	5	119	638	669
16	8	3	120	790	818
16	6	3	121	826	885
16	8	10	122	885	955
17	7	6	123	72	133
17	0	10	124	133	201
17	3	6	125	247	306
17	2	10	126	407	433
17	1	8	127	433	472
17	0	9	128	472	493
17	5	8	129	557	643
17	13	2	130	643	712
17	11	1	131	741	840
17	5	2	132	901	957
18	7	8	133	0	59
18	10	10	134	62	98
18	2	7	135	158	181
18	4	2	136	228	244
18	4	2	137	244	303
18	5	6	138	330	389
18	0	11	139	417	443
18	8	11	140	443	508
18	0	3	141	631	700
19	14	1	142	73	144
19	1	1	143	187	223
19	10	11	144	330	417
19	10	7	145	679	767
19	3	5	146	876	924
19	4	11	147	924	962
20	5	5	148	0	30
20	6	9	149	204	281
20	6	9	150	281	345
20	10	4	151	433	499
20	13	4	152	499	530
20	12	6	153	533	546
20	6	7	154	587	648
20	2	7	155	648	679
20	10	5	156	787	874
20	3	7	157	926	945
21	5	10	158	98	132
21	11	8	159	174	184
21	3	7	160	361	443
21	4	7	161	443	502
21	7	7	162	530	587
21	9	10	163	611	626
21	12	8	164	662	738
21	13	9	165	759	844
21	0	3	166	906	961
22	6	3	167	57	144
22	9	5	168	215	299
22	12	10	169	329	407
22	7	0	170	587	667
22	1	7	171	767	825
22	3	0	172	825	876
23	12	9	173	0	59
23	3	0	174	74	119
23	12	6	175	133	190
23	3	1	176	530	557
23	4	1	177	586	652
24	8	11	178	0	64
24	4	11	179	113	130
24	0	10	180	201	259
24	1	1	181	293	358
24	14	1	182	380	395
24	11	5	183	413	518
24	7	9	184	669	759
24	2	10	185	788	798
24	5	2	186	826	901
24	11	1	187	901	957
25	12	9	188	59	120
25	11	8	189	166	174
25	1	0	190	223	279
25	14	0	191	279	299
25	10	6	192	306	330
25	4	11	193	508	538
25	14	5	194	577	638
26	2	7	195	8	41
26	2	7	196	41	135
26	7	11	197	208	244
26	7	8	198	342	420
26	14	4	199	784	826
27	3	5	200	57	71
27	3	0	201	119	175
27	14	0	202	175	223
27	14	2	203	438	522
27	8	3	204	700	790
27	1	7	205	856	926
28	7	11	206	244	327
28	9	4	207	389	433
28	12	0	208	438	510
28	13	4	209	530	540
28	11	4	210	540	622
28	14	4	211	826	851
28	7	8	212	851	905
29	8	8	213	64	93
29	11	8	214	118	166
29	13	1	215	173	187
29	9	10	216	481	550
29	0	3	217	609	631
29	6	2	218	769	826


Solution History:
