This is the output of Heuristic Solver for Dual resource constrained flexible job shop Scheduling Problem.
Input file is: wfjsp6_3.txt
Method: TSN1_10000_10_5
Seed: 1
Number of Jobs: 12
Number of Operations: 65
Number of Machines: 5
Number of Operators: 5
CPU Time: 18.4712
obj: 738
Best found lower bound:0
Solver gap (best found lower bound and upper bound difference): Not known


Final Solution:
Job	Machine	Operator	Operation	Start Time	Finish Time
0	4	3	0	52	126
0	0	1	1	360	376
0	0	1	2	439	457
0	3	0	3	484	562
0	3	0	4	562	646
0	2	2	5	654	723
1	1	4	6	0	77
1	0	0	7	92	133
1	1	4	8	176	272
1	4	3	9	337	353
1	0	1	10	376	439
1	1	4	11	444	543
1	1	4	12	543	561
1	4	4	13	637	737
2	0	0	14	0	92
2	3	0	15	357	386
2	4	3	16	418	479
2	1	3	17	715	734
3	4	3	18	135	207
3	1	3	19	585	599
4	3	1	20	25	52
4	2	2	21	96	144
4	3	0	22	199	291
4	3	0	23	386	456
4	3	0	24	456	484
4	4	3	25	484	561
4	0	1	26	629	734
5	2	2	27	0	11
5	4	3	28	17	52
5	3	1	29	52	160
5	3	1	30	160	199
5	2	2	31	220	251
5	3	0	32	291	357
5	4	3	33	357	418
5	0	1	34	457	523
5	0	1	35	523	629
5	3	0	36	646	738
6	4	3	37	0	17
6	2	2	38	35	66
6	2	2	39	251	325
6	0	1	40	343	360
6	1	3	41	561	585
6	1	3	42	638	697
7	1	4	43	77	113
7	1	4	44	113	176
7	1	4	45	272	370
7	1	4	46	370	444
7	4	4	47	561	637
7	1	3	48	697	715
7	2	2	49	723	738
8	2	2	50	325	386
8	2	2	51	482	552
8	1	3	52	599	638
9	2	2	53	11	35
9	4	3	54	207	260
10	3	1	55	0	25
10	2	2	56	66	96
10	2	2	57	144	220
10	4	3	58	260	337
10	2	2	59	386	482
10	2	2	60	552	654
11	4	3	61	126	135
11	0	0	62	135	199
11	0	1	63	199	304
11	0	1	64	304	343


Solution History:
