This is the output of Heuristic Solver for Dual resource constrained flexible job shop Scheduling Problem.
Input file is: wfjsp19_2.txt
Method: TSN1_10000_10_5
Seed: 1
Number of Jobs: 20
Number of Operations: 227
Number of Machines: 10
Number of Operators: 8
CPU Time: 242.795
obj: 1503
Best found lower bound:0
Solver gap (best found lower bound and upper bound difference): Not known


Final Solution:
Job	Machine	Operator	Operation	Start Time	Finish Time
0	7	6	0	0	73
0	4	0	1	113	187
0	0	1	2	360	379
0	4	1	3	379	418
0	0	3	4	512	528
0	5	7	5	572	601
0	1	6	6	710	779
0	9	5	7	779	790
0	8	5	8	856	930
0	0	5	9	942	981
0	8	0	10	1141	1193
1	4	4	11	0	14
1	3	2	12	55	130
1	0	4	13	240	306
1	1	3	14	315	376
1	9	7	15	405	480
1	6	1	16	494	527
1	1	3	17	531	578
1	9	2	18	603	623
1	7	2	19	727	782
1	5	0	20	811	890
1	2	0	21	890	973
1	5	2	22	1015	1075
1	0	3	23	1077	1141
2	1	3	24	0	65
2	9	4	25	68	87
2	8	0	26	101	113
2	3	5	27	229	315
2	3	5	28	315	336
2	3	5	29	527	603
2	6	4	30	739	822
2	6	1	31	929	948
2	7	6	32	948	1015
2	3	1	33	1096	1175
2	2	1	34	1175	1227
2	4	1	35	1227	1251
2	6	2	36	1251	1303
2	0	2	37	1317	1353
2	7	7	38	1366	1435
3	4	1	39	19	99
3	3	2	40	169	193
3	7	2	41	193	208
3	5	3	42	208	236
3	5	1	43	272	289
3	1	3	44	412	450
3	6	4	45	665	739
3	7	6	46	896	937
3	8	0	47	1044	1141
3	7	7	48	1141	1226
3	1	6	49	1263	1330
4	1	6	50	178	206
4	9	7	51	303	367
4	2	0	52	375	409
4	8	6	53	545	575
4	7	3	54	578	615
4	1	7	55	662	708
4	2	0	56	743	766
4	9	2	57	790	858
4	3	4	58	900	966
4	2	5	59	1072	1082
4	1	7	60	1110	1137
5	6	3	61	130	190
5	4	2	62	257	342
5	5	0	63	409	462
5	5	7	64	496	572
5	6	4	65	607	665
5	2	5	66	665	688
5	3	5	67	688	773
5	6	3	68	979	994
5	9	6	69	1086	1159
5	5	3	70	1292	1304
5	2	0	71	1317	1375
5	3	2	72	1438	1498
6	3	5	73	0	47
6	0	5	74	47	112
6	8	5	75	350	436
6	0	3	76	450	512
6	1	7	77	601	662
6	1	6	78	808	896
6	8	5	79	930	942
6	4	4	80	966	1021
6	1	6	81	1219	1263
6	8	1	82	1353	1407
7	2	0	83	0	17
7	9	5	84	112	197
7	5	3	85	236	259
7	0	4	86	323	343
7	5	7	87	367	405
7	0	4	88	416	446
7	8	1	89	667	755
7	2	1	90	766	836
7	4	2	91	858	942
7	8	0	92	973	1044
7	4	4	93	1112	1123
7	6	4	94	1123	1147
7	5	3	95	1214	1292
7	3	5	96	1367	1434
7	7	7	97	1435	1491
8	1	7	98	92	178
8	2	0	99	187	280
8	0	3	100	379	397
8	3	5	101	450	527
8	0	3	102	630	690
8	4	0	103	690	743
8	1	7	104	1037	1110
8	0	2	105	1141	1217
8	8	0	106	1217	1250
8	0	4	107	1262	1317
8	4	4	108	1317	1387
8	6	6	109	1433	1500
9	9	2	110	0	55
9	3	2	111	139	169
9	4	2	112	208	257
9	8	0	113	280	350
9	6	4	114	350	416
9	3	5	115	436	450
9	5	7	116	480	496
9	9	2	117	529	552
9	2	5	118	981	1072
9	7	7	119	1226	1310
9	6	6	120	1399	1433
9	8	0	121	1433	1491
10	5	1	122	99	148
10	0	4	123	306	323
10	7	4	124	474	504
10	9	4	125	504	529
10	2	0	126	650	660
10	3	1	127	974	996
10	0	2	128	1423	1438
11	0	2	129	130	139
11	8	1	130	148	224
11	8	1	131	224	235
11	8	1	132	235	272
11	8	6	133	481	545
11	6	2	134	552	603
11	7	2	135	676	727
11	1	6	136	779	808
11	0	1	137	836	871
11	0	1	138	871	929
11	4	4	139	1021	1112
11	1	6	140	1159	1219
11	2	0	141	1250	1317
11	1	1	142	1407	1463
11	9	4	143	1463	1500
12	7	4	144	87	149
12	1	6	145	206	234
12	7	6	146	315	358
12	6	2	147	416	491
12	2	6	148	576	609
12	7	2	149	623	676
12	9	6	150	676	710
12	7	7	151	782	826
12	6	3	152	836	896
12	5	2	153	942	1015
12	3	1	154	1015	1028
13	0	4	155	149	240
13	1	3	156	259	315
13	7	6	157	374	443
13	4	2	158	491	528
13	3	5	159	603	662
13	5	0	160	662	687
13	8	5	161	790	856
13	6	1	162	948	974
13	6	3	163	994	1024
13	5	2	164	1075	1139
13	3	4	165	1179	1262
13	7	7	166	1310	1366
13	4	4	167	1387	1461
13	0	5	168	1461	1475
14	3	5	169	197	229
14	7	6	170	234	315
14	0	4	171	529	607
14	5	7	172	708	775
14	0	3	173	775	836
14	9	7	174	867	946
14	1	1	175	996	1007
14	5	3	176	1141	1214
14	4	1	177	1251	1275
14	1	6	178	1330	1399
15	2	6	179	73	156
15	9	7	180	238	303
15	4	4	181	446	474
15	4	1	182	528	579
15	4	0	183	579	650
15	3	4	184	822	900
15	9	6	185	1015	1086
15	2	5	186	1086	1132
15	2	0	187	1375	1405
16	2	0	188	17	49
16	3	2	189	342	416
16	1	0	190	462	531
16	2	0	191	531	576
16	9	6	192	623	667
16	0	3	193	690	766
16	5	0	194	775	792
16	7	7	195	826	867
16	9	7	196	946	1012
16	7	3	197	1024	1077
16	4	5	198	1132	1199
16	9	5	199	1199	1290
16	6	3	200	1304	1384
16	5	3	201	1384	1475
16	2	5	202	1475	1503
17	5	7	203	19	92
17	2	1	204	289	360
17	4	0	205	360	375
17	1	3	206	397	412
17	8	6	207	443	481
17	8	1	208	579	667
17	1	3	209	896	979
17	3	1	210	1028	1096
17	8	1	211	1275	1353
17	0	2	212	1353	1423
18	5	1	213	0	19
18	8	0	214	49	101
18	9	7	215	197	238
18	7	6	216	358	374
18	2	1	217	418	494
18	5	3	218	615	630
18	3	0	219	792	811
18	6	4	220	1147	1179
18	1	1	221	1463	1500
19	8	4	222	14	25
19	6	4	223	25	68
19	6	3	224	68	130
19	1	7	225	1012	1037
19	3	5	226	1290	1367


Solution History:
