This is the output of Heuristic Solver for Dual resource constrained flexible job shop Scheduling Problem.
Input file is: wfjsp15_5.txt
Method: TSN1_10000_10_5
Seed: 1
Number of Jobs: 30
Number of Operations: 360
Number of Machines: 15
Number of Operators: 15
CPU Time: 600.024
obj: 1229
Best found lower bound:0
Solver gap (best found lower bound and upper bound difference): Not known


Final Solution:
Job	Machine	Operator	Operation	Start Time	Finish Time
0	13	0	0	33	49
0	10	4	1	129	171
0	2	10	2	178	257
0	3	8	3	361	427
0	11	3	4	429	493
0	6	8	5	544	586
0	2	1	6	614	681
0	7	9	7	760	805
0	10	8	8	938	988
0	8	11	9	1015	1052
0	0	13	10	1052	1086
0	9	4	11	1154	1226
1	3	7	12	15	36
1	2	4	13	38	52
1	1	1	14	141	216
1	1	1	15	242	308
1	4	5	16	308	318
1	10	3	17	318	364
1	10	3	18	364	429
1	5	2	19	654	695
1	9	4	20	1042	1072
1	0	13	21	1086	1127
2	14	6	22	0	27
2	7	8	23	27	60
2	13	11	24	62	165
2	8	0	25	179	220
2	11	12	26	223	266
2	6	8	27	586	607
2	7	5	28	722	730
2	11	0	29	936	978
2	6	8	30	1043	1138
2	1	12	31	1165	1222
3	11	3	32	70	136
3	0	10	33	473	559
3	1	3	34	573	666
3	8	4	35	674	709
3	12	4	36	709	726
3	1	3	37	732	777
3	9	14	38	851	934
3	14	13	39	934	997
3	10	12	40	1038	1098
3	7	8	41	1138	1170
4	10	7	42	38	108
4	7	7	43	108	143
4	11	14	44	182	200
4	4	6	45	213	279
4	6	12	46	356	433
4	14	7	47	536	631
4	0	6	48	707	751
4	4	11	49	755	831
4	7	9	50	888	966
4	8	5	51	1137	1146
5	12	4	52	64	107
5	0	2	53	112	201
5	13	4	54	336	368
5	10	12	55	433	529
5	4	11	56	592	613
5	14	7	57	649	690
5	5	2	58	850	935
5	13	6	59	946	960
5	14	6	60	1103	1128
5	3	7	61	1138	1202
6	3	7	62	0	15
6	4	5	63	16	58
6	7	8	64	60	94
6	3	12	65	120	208
6	2	10	66	257	338
6	7	7	67	424	468
6	2	1	68	573	614
6	4	5	69	730	745
6	8	4	70	791	875
6	13	6	71	976	1062
6	6	9	72	1181	1227
7	9	13	73	217	254
7	7	5	74	343	358
7	13	2	75	368	457
7	3	8	76	513	544
7	5	7	77	695	743
7	12	0	78	855	925
7	5	2	79	935	1017
7	9	4	80	1017	1042
7	13	0	81	1062	1132
7	13	0	82	1132	1181
8	8	4	83	0	9
8	10	4	84	9	38
8	9	9	85	38	46
8	8	10	86	46	55
8	5	14	87	81	164
8	8	4	88	566	652
8	2	1	89	681	729
8	2	1	90	729	759
8	14	12	91	791	876
8	3	8	92	889	938
8	1	1	93	963	972
8	1	1	94	972	1017
8	14	7	95	1023	1103
8	6	2	96	1138	1181
8	7	8	97	1181	1229
9	5	2	98	0	21
9	0	2	99	21	58
9	2	10	100	108	178
9	3	12	101	208	223
9	8	13	102	254	318
9	4	6	103	326	392
9	9	13	104	486	556
9	12	0	105	566	607
9	10	11	106	677	755
9	1	1	107	881	963
9	0	5	108	975	1007
9	8	5	109	1052	1137
9	2	10	110	1142	1179
9	2	2	111	1181	1210
10	14	6	112	98	137
10	11	7	113	266	275
10	5	14	114	304	382
10	4	6	115	392	421
10	6	14	116	441	464
10	13	14	117	479	495
10	10	11	118	613	677
10	1	3	119	700	732
10	9	14	120	791	829
10	10	7	121	899	932
10	0	5	122	946	965
10	6	3	123	965	1043
10	12	1	124	1043	1058
11	13	0	125	0	33
11	11	3	126	33	54
11	10	3	127	198	265
11	9	9	128	304	391
11	6	14	129	433	441
11	2	2	130	461	481
11	8	0	131	537	566
11	0	6	132	644	707
11	14	13	133	707	717
11	3	14	134	727	790
11	3	8	135	861	875
11	2	4	136	875	884
11	7	9	137	966	1014
11	4	6	138	1062	1101
11	12	1	139	1143	1227
12	8	13	140	9	27
12	8	13	141	27	35
12	5	14	142	164	182
12	9	9	143	391	470
12	14	7	144	470	536
12	9	13	145	556	624
12	12	0	146	624	642
12	3	9	147	702	727
12	12	0	148	730	800
12	7	9	149	805	888
12	9	14	150	934	1010
12	2	13	151	1022	1047
12	4	7	152	1103	1138
13	4	5	153	129	193
13	7	5	154	212	238
13	7	5	155	238	306
13	14	10	156	338	386
13	8	4	157	386	470
13	9	13	158	470	486
13	4	11	159	493	508
13	0	10	160	559	644
13	7	0	161	644	719
13	14	13	162	719	791
13	0	5	163	836	901
13	11	10	164	902	936
13	13	6	165	960	976
13	1	9	166	1017	1065
13	9	4	167	1072	1154
14	11	3	168	54	70
14	0	9	169	201	219
14	7	11	170	306	343
14	2	13	171	343	403
14	10	12	172	529	610
14	12	8	173	642	708
14	13	2	174	783	850
14	8	13	175	875	932
14	12	11	176	932	1014
14	7	14	177	1014	1073
14	5	2	178	1100	1119
14	12	1	179	1123	1143
14	0	13	180	1143	1206
15	0	2	181	58	94
15	0	2	182	94	112
15	0	9	183	219	254
15	10	3	184	265	308
15	12	1	185	308	394
15	6	12	186	697	772
15	1	1	187	777	842
15	2	4	188	884	932
15	10	8	189	988	1038
15	7	14	190	1073	1136
15	8	5	191	1146	1177
15	10	5	192	1177	1223
16	11	3	193	0	23
16	8	0	194	55	71
16	2	10	195	71	108
16	9	9	196	121	132
16	11	3	197	136	178
16	9	0	198	254	304
16	0	5	199	407	473
16	6	1	200	473	540
16	14	7	201	631	649
16	11	10	202	649	723
16	10	7	203	755	809
16	0	5	204	901	946
16	5	2	205	1017	1100
17	1	1	206	53	141
17	6	2	207	302	343
17	4	6	208	421	466
17	2	2	209	481	495
17	11	14	210	495	536
17	13	6	211	536	546
17	9	13	212	624	666
17	9	13	213	666	681
17	8	9	214	727	760
17	11	10	215	820	902
17	2	13	216	1009	1022
17	8	0	217	1181	1220
18	14	6	218	27	55
18	14	6	219	55	73
18	12	8	220	107	185
18	14	6	221	203	213
18	3	11	222	223	247
18	8	5	223	318	329
18	11	14	224	409	419
18	13	14	225	464	479
18	1	0	226	479	526
18	3	9	227	544	620
19	12	11	228	0	62
19	14	6	229	73	98
19	4	5	230	117	129
19	6	9	231	132	152
19	4	5	232	193	209
19	8	0	233	220	250
19	7	11	234	358	424
19	5	11	235	424	493
19	11	14	236	536	600
19	6	12	237	610	697
19	8	8	238	709	727
19	7	8	239	730	753
19	3	6	240	820	861
19	11	0	241	978	1046
19	14	6	242	1128	1184
20	3	12	243	40	120
20	8	0	244	136	179
20	10	3	245	179	198
20	1	1	246	216	242
20	14	7	247	275	292
20	3	8	248	292	361
20	8	5	249	361	375
20	0	5	250	375	407
20	7	5	251	473	561
20	3	9	252	689	702
20	4	0	253	722	730
21	1	1	254	0	15
21	4	5	255	91	117
21	13	11	256	165	210
21	6	2	257	210	238
21	5	14	258	275	304
21	3	6	259	476	513
21	5	2	260	571	654
21	12	0	261	800	855
21	13	6	262	861	946
21	2	10	263	1057	1142
22	2	10	264	0	37
22	9	13	265	132	217
22	3	11	266	247	279
22	1	0	267	377	471
22	4	11	268	508	592
22	8	4	269	652	674
22	9	4	270	726	791
22	2	13	271	807	867
22	11	3	272	1046	1110
22	5	14	273	1136	1219
23	9	9	274	19	37
23	10	4	275	108	129
23	5	8	276	185	275
23	11	6	277	279	326
23	11	7	278	333	409
23	8	9	279	470	537
23	1	1	280	540	573
23	11	14	281	600	642
23	13	14	282	642	693
23	11	10	283	723	805
23	10	7	284	809	899
23	4	12	285	918	979
23	0	5	286	1007	1046
23	10	12	287	1098	1162
24	4	5	288	0	16
24	5	14	289	63	81
24	14	6	290	137	203
24	12	1	291	394	464
24	13	6	292	546	594
24	13	2	293	695	783
24	3	10	294	805	820
24	9	14	295	829	851
24	8	4	296	932	1015
24	14	7	297	1015	1023
24	5	2	298	1119	1135
25	5	12	299	21	40
25	6	9	300	46	98
25	12	4	301	185	232
25	6	2	302	238	302
25	3	8	303	427	476
25	1	3	304	666	700
25	5	8	305	753	847
25	3	8	306	875	889
25	0	5	307	965	975
25	12	1	308	1058	1123
25	14	6	309	1184	1227
26	7	8	310	0	25
26	5	14	311	40	63
26	8	0	312	71	136
26	14	7	313	213	262
26	0	12	314	266	303
26	1	0	315	308	377
26	5	14	316	382	408
26	2	13	317	408	461
26	5	3	318	493	571
26	13	6	319	594	641
26	4	11	320	831	915
26	2	10	321	936	1009
26	3	12	322	1009	1038
26	1	9	323	1080	1165
27	9	13	324	46	121
27	7	7	325	143	212
27	12	4	326	264	287
27	13	4	327	287	336
27	6	2	328	343	356
27	7	5	329	561	642
27	4	5	330	642	722
27	0	5	331	751	836
27	1	1	332	842	881
27	3	7	333	938	976
27	3	11	334	1052	1137
27	4	11	335	1138	1218
28	6	14	336	0	33
28	4	5	337	58	91
28	6	9	338	152	189
28	12	4	339	232	264
28	14	7	340	292	333
28	14	10	341	386	466
28	2	2	342	495	570
28	14	12	343	876	918
28	4	12	344	979	1008
28	1	9	345	1065	1080
29	9	9	346	0	19
29	1	1	347	19	53
29	2	4	348	53	64
29	13	14	349	210	271
29	0	12	350	303	345
29	12	4	351	470	566
29	3	9	352	620	689
29	9	14	353	693	726
29	2	6	354	759	807
29	6	3	355	807	889
29	6	3	356	889	959
29	3	7	357	976	1003
29	4	10	358	1009	1057
29	11	3	359	1110	1194


Solution History:
