This is the output of Heuristic Solver for Dual resource constrained flexible job shop Scheduling Problem.
Input file is: wfjsp10_9.txt
Method: TSN1_10000_10_5
Seed: 1
Number of Jobs: 20
Number of Operations: 148
Number of Machines: 10
Number of Operators: 10
CPU Time: 69.3479
obj: 829
Best found lower bound:0
Solver gap (best found lower bound and upper bound difference): Not known


Final Solution:
Job	Machine	Operator	Operation	Start Time	Finish Time
0	4	8	0	0	72
0	9	4	1	387	426
0	1	2	2	451	518
0	9	5	3	539	609
0	1	2	4	652	681
1	9	2	5	73	169
1	8	3	6	169	225
1	6	6	7	243	265
1	1	2	8	296	354
1	2	8	9	383	441
1	4	4	10	441	530
1	3	0	11	628	707
1	0	9	12	727	799
2	7	2	13	32	68
2	3	6	14	68	87
2	8	3	15	96	152
2	7	2	16	169	182
2	2	4	17	217	305
2	0	9	18	389	408
2	6	0	19	410	429
2	2	3	20	775	805
3	2	4	21	175	217
3	5	4	22	348	360
3	8	8	23	506	526
3	3	0	24	609	628
3	4	7	25	660	718
3	7	1	26	770	821
4	5	7	27	0	85
4	3	5	28	87	172
4	6	6	29	265	349
4	6	6	30	349	410
4	6	0	31	429	488
5	9	1	32	0	55
5	6	0	33	55	129
5	5	7	34	142	155
5	6	6	35	155	243
5	7	9	36	354	389
5	7	1	37	429	448
5	5	9	38	465	479
5	9	5	39	480	539
6	5	7	40	85	142
6	9	7	41	259	352
6	7	1	42	389	410
6	8	9	43	422	441
6	5	7	44	479	498
6	3	0	45	569	609
6	2	8	46	633	679
6	1	2	47	681	751
6	1	2	48	751	800
6	2	2	49	805	824
7	2	4	50	86	175
7	7	2	51	182	215
7	1	2	52	235	296
7	4	7	53	355	382
7	8	5	54	393	422
7	1	2	55	582	652
7	7	1	56	690	770
7	5	4	57	780	794
7	9	5	58	794	828
8	2	4	59	0	86
8	1	6	60	87	131
8	1	1	61	187	223
8	8	5	62	262	333
8	0	1	63	333	389
8	1	2	64	518	582
8	5	4	65	584	654
8	0	9	66	713	727
9	0	1	67	55	64
9	8	8	68	230	262
9	5	8	69	262	322
9	7	1	70	597	621
9	9	5	71	731	766
10	1	2	72	0	31
10	0	9	73	66	139
10	4	8	74	139	230
10	7	9	75	303	354
10	3	3	76	380	410
10	3	3	77	410	478
10	2	6	78	478	528
10	4	4	79	530	584
10	9	5	80	609	639
10	3	0	81	707	743
11	7	5	82	0	32
11	1	9	83	52	66
11	0	1	84	264	316
11	9	2	85	354	387
11	2	8	86	528	611
12	0	9	87	0	52
12	9	5	88	55	73
12	6	6	89	131	150
12	3	0	90	172	272
12	6	0	91	488	524
12	6	6	92	528	617
13	8	3	93	0	96
13	1	1	94	141	187
13	1	2	95	223	235
13	8	8	96	441	473
13	5	7	97	498	559
13	8	3	98	559	634
13	9	5	99	639	731
14	0	9	100	139	169
14	0	9	101	169	228
14	3	0	102	272	312
14	7	1	103	410	429
14	0	9	104	551	642
14	4	7	105	718	770
14	4	7	106	770	829
15	5	7	107	155	248
15	3	0	108	312	325
15	2	8	109	325	383
15	7	1	110	448	501
15	7	1	111	501	519
15	6	6	112	617	709
15	6	6	113	709	796
16	9	5	114	172	198
16	9	5	115	198	224
16	7	9	116	228	303
16	8	5	117	333	393
16	1	2	118	393	451
16	8	8	119	473	506
16	3	0	120	547	569
16	0	9	121	642	713
16	2	4	122	719	775
17	3	6	123	0	61
17	4	3	124	230	294
17	4	3	125	294	355
17	3	0	126	355	380
17	0	6	127	410	449
17	2	6	128	449	468
17	0	9	129	479	551
17	4	7	130	584	660
17	8	3	131	660	759
17	3	0	132	759	818
18	4	8	133	72	136
18	9	5	134	224	259
18	5	4	135	322	348
18	5	4	136	360	376
18	9	5	137	426	480
18	3	3	138	480	547
18	2	8	139	611	633
18	7	1	140	633	690
18	5	8	141	690	780
19	7	1	142	68	141
19	0	1	143	228	264
19	5	7	144	382	465
19	7	1	145	519	597
19	2	4	146	679	719
19	5	4	147	794	825


Solution History:
