This is the output of Heuristic Solver for Dual resource constrained flexible job shop Scheduling Problem.
Input file is: wfjsp13_8.txt
Method: TSN1_10000_10_5
Seed: 1
Number of Jobs: 25
Number of Operations: 249
Number of Machines: 15
Number of Operators: 15
CPU Time: 437.098
obj: 911
Best found lower bound:0
Solver gap (best found lower bound and upper bound difference): Not known


Final Solution:
Job	Machine	Operator	Operation	Start Time	Finish Time
0	6	5	0	13	39
0	5	4	1	150	218
0	9	11	2	218	247
0	11	3	3	341	400
0	3	5	4	481	552
0	6	1	5	691	752
0	6	0	6	757	819
0	9	1	7	841	852
0	6	11	8	852	901
1	9	1	9	80	138
1	8	8	10	213	243
1	8	10	11	243	325
1	4	2	12	333	341
1	12	2	13	377	471
1	12	2	14	521	544
1	12	2	15	544	605
1	3	11	16	681	749
2	2	3	17	0	28
2	4	12	18	51	117
2	6	1	19	167	213
2	1	7	20	220	261
2	3	5	21	265	304
2	0	13	22	316	366
2	2	10	23	382	436
2	5	1	24	445	515
2	1	1	25	515	603
2	6	1	26	619	691
2	13	3	27	735	804
2	8	6	28	819	881
3	10	9	29	74	149
3	4	12	30	202	274
3	5	1	31	385	445
3	9	11	32	445	513
3	9	11	33	513	555
3	0	0	34	555	646
3	12	7	35	646	734
3	3	11	36	749	776
3	9	1	37	852	879
4	2	3	38	28	95
4	2	3	39	95	105
4	3	5	40	127	194
4	10	9	41	241	270
4	12	10	42	366	374
4	4	8	43	382	425
4	12	2	44	605	640
4	7	8	45	644	691
5	10	9	46	149	241
5	2	8	47	243	280
5	12	1	48	281	329
5	5	1	49	329	385
5	1	14	50	430	506
5	0	13	51	541	553
5	4	12	52	570	585
5	7	8	53	601	644
5	11	4	54	652	712
5	10	3	55	712	727
5	5	10	56	733	799
5	7	7	57	850	902
6	0	13	58	0	67
6	11	5	59	68	106
6	1	6	60	134	218
6	1	7	61	261	320
6	6	4	62	320	349
6	4	4	63	425	444
6	8	10	64	537	580
6	4	12	65	585	652
6	5	10	66	652	666
6	14	13	67	677	698
6	10	3	68	804	842
6	4	4	69	855	906
7	3	11	70	0	51
7	11	5	71	51	68
7	11	14	72	106	182
7	13	7	73	182	220
7	3	5	74	304	333
7	7	4	75	389	417
7	13	7	76	430	460
7	14	12	77	480	547
7	3	5	78	582	623
7	3	11	79	637	661
7	2	11	80	776	846
8	9	1	81	0	22
8	0	13	82	95	160
8	14	13	83	245	315
8	6	11	84	357	435
8	2	8	85	513	595
8	14	13	86	629	669
8	13	14	87	669	735
8	4	7	88	742	805
8	0	13	89	806	879
9	12	2	90	72	131
9	3	5	91	194	265
9	3	14	92	355	429
9	2	10	93	436	500
9	12	2	94	500	521
9	5	14	95	521	594
9	8	3	96	623	680
9	1	2	97	706	795
9	4	4	98	805	855
10	1	2	99	0	65
10	0	13	100	160	227
10	2	8	101	280	361
10	11	8	102	431	513
10	6	11	103	555	619
10	4	12	104	652	742
10	12	1	105	752	779
10	8	13	106	779	798
10	11	12	107	808	871
11	13	14	108	0	30
11	10	9	109	54	74
11	5	8	110	93	148
11	8	8	111	148	213
11	10	9	112	270	307
11	10	9	113	307	370
11	7	6	114	457	514
11	9	5	115	623	707
11	7	0	116	707	757
11	14	0	117	819	897
12	6	4	118	0	13
12	8	6	119	13	73
12	2	11	120	127	143
12	9	11	121	150	217
12	13	6	122	220	289
12	14	12	123	315	345
12	9	5	124	357	438
12	5	7	125	596	639
12	9	5	126	707	769
12	3	5	127	776	820
12	9	2	128	880	896
13	12	10	129	0	30
13	8	6	130	73	134
13	11	14	131	182	253
13	4	2	132	274	333
13	0	13	133	445	511
13	2	6	134	601	670
13	8	3	135	680	704
13	2	8	136	704	761
13	12	4	137	779	799
13	5	7	138	805	844
14	0	13	139	67	95
14	12	2	140	131	190
14	7	0	141	236	254
14	9	11	142	323	357
14	1	7	143	368	430
14	14	12	144	452	480
14	10	9	145	480	526
14	10	9	146	526	592
14	11	4	147	712	776
15	14	0	148	0	62
15	4	12	149	117	127
15	14	0	150	140	230
15	2	8	151	361	382
15	4	3	152	503	570
15	9	3	153	570	621
15	3	11	154	623	637
15	10	9	155	731	804
15	13	6	156	881	892
16	12	7	157	30	72
16	1	7	158	72	133
16	2	10	159	167	218
16	0	4	160	227	316
16	0	13	161	511	541
16	14	12	162	547	566
16	11	4	163	582	652
16	3	11	164	661	681
16	14	6	165	698	781
16	11	12	166	781	808
17	9	1	167	22	80
17	9	4	168	138	150
17	12	2	169	190	253
17	5	14	170	253	321
17	4	2	171	341	377
17	10	9	172	377	424
17	8	3	173	436	497
17	13	7	174	527	571
17	10	0	175	646	704
17	2	8	176	761	776
17	7	8	177	776	850
17	2	9	178	850	903
18	13	3	179	105	168
18	11	3	180	253	341
18	3	5	181	341	355
18	8	4	182	355	389
18	11	3	183	400	431
18	7	0	184	431	457
18	12	2	185	471	500
18	10	9	186	592	643
18	0	13	187	798	806
19	7	8	188	34	66
19	6	10	189	71	101
19	10	9	190	424	449
19	0	9	191	646	731
19	0	14	192	735	767
19	0	14	193	767	788
19	10	3	194	842	882
19	10	1	195	882	911
20	4	12	196	0	51
20	6	10	197	51	71
20	2	1	198	143	167
20	1	7	199	320	368
20	14	6	200	368	452
20	4	4	201	452	503
20	8	10	202	580	623
20	5	10	203	666	733
20	14	6	204	781	819
21	11	7	205	0	28
21	14	0	206	62	140
21	4	12	207	140	202
21	14	13	208	230	245
21	9	11	209	247	323
21	12	10	210	329	366
21	0	13	211	366	445
21	13	7	212	460	527
21	7	6	213	527	601
21	13	14	214	601	654
21	9	1	215	779	841
21	3	5	216	841	911
22	8	6	217	0	11
22	5	4	218	13	93
22	7	4	219	93	138
22	7	3	220	168	236
22	7	0	221	254	311
22	8	12	222	389	436
22	8	10	223	500	537
22	3	5	224	552	582
22	14	13	225	669	677
22	1	14	226	795	846
22	1	14	227	846	897
23	7	8	228	0	34
23	13	14	229	34	99
23	6	10	230	101	154
23	13	6	231	298	365
23	3	5	232	438	481
23	6	0	233	481	553
23	13	7	234	571	596
23	8	10	235	799	817
23	12	10	236	817	895
24	10	9	237	0	54
24	3	11	238	54	127
24	7	7	239	138	167
24	6	1	240	213	281
24	13	6	241	289	298
24	7	0	242	311	388
24	11	4	243	513	582
24	14	13	244	582	629
24	1	2	245	640	706
24	8	13	246	706	777
24	13	2	247	804	880
24	11	3	248	882	909


Solution History:
