This is the output of Heuristic Solver for Dual resource constrained flexible job shop Scheduling Problem.
Input file is: wfjsp23_5.txt
Method: TSN1_10000_10_5
Seed: 1
Number of Jobs: 30
Number of Operations: 360
Number of Machines: 15
Number of Operators: 12
CPU Time: 600.029
obj: 1494
Best found lower bound:0
Solver gap (best found lower bound and upper bound difference): Not known


Final Solution:
Job	Machine	Operator	Operation	Start Time	Finish Time
0	6	7	0	152	167
0	8	1	1	219	259
0	0	2	2	366	453
0	8	0	3	552	620
0	11	2	4	675	741
0	9	5	5	748	787
0	10	11	6	918	989
0	13	4	7	989	1030
0	7	8	8	1099	1144
0	10	7	9	1270	1312
0	9	11	10	1380	1412
0	5	0	11	1416	1485
1	1	6	12	70	93
1	14	5	13	113	129
1	1	5	14	129	198
1	1	0	15	214	278
1	4	10	16	320	333
1	14	6	17	349	404
1	11	10	18	517	589
1	4	10	19	720	762
1	13	3	20	1030	1060
1	11	8	21	1301	1346
2	0	2	22	18	46
2	4	4	23	63	95
2	13	6	24	194	290
2	8	6	25	302	349
2	7	4	26	524	563
2	13	6	27	652	673
2	7	7	28	712	720
2	0	3	29	724	769
2	0	6	30	779	865
2	8	2	31	952	1014
3	6	10	32	167	231
3	14	1	33	259	344
3	12	9	34	368	449
3	8	6	35	473	510
3	13	4	36	510	524
3	9	8	37	595	645
3	6	5	38	655	731
3	14	8	39	744	814
3	14	8	40	856	921
3	7	6	41	1429	1461
4	10	8	42	83	152
4	14	6	43	158	194
4	1	9	44	599	619
4	13	7	45	804	874
4	3	9	46	874	960
4	14	7	47	994	1093
4	12	0	48	1094	1134
4	4	2	49	1142	1223
4	6	8	50	1223	1301
4	2	0	51	1405	1416
5	5	3	52	45	84
5	5	3	53	84	163
5	2	0	54	278	312
5	4	4	55	375	460
5	6	10	56	628	646
5	14	8	57	814	856
5	5	1	58	952	1037
5	2	11	59	1280	1294
5	5	3	60	1385	1411
5	9	3	61	1422	1490
6	6	1	62	0	15
6	7	7	63	203	249
6	8	6	64	510	543
6	3	7	65	543	634
6	3	7	66	634	712
6	5	10	67	762	803
6	6	10	68	918	963
6	4	4	69	963	979
6	8	9	70	1037	1116
6	5	10	71	1171	1248
6	3	0	72	1362	1405
7	2	7	73	167	203
7	4	1	74	203	216
7	13	3	75	330	419
7	9	6	76	543	573
7	0	6	77	573	621
7	3	0	78	794	862
7	1	6	79	954	1043
7	9	10	80	1048	1074
7	13	10	81	1248	1319
7	6	8	82	1433	1482
8	9	3	83	0	9
8	7	11	84	79	104
8	7	11	85	104	114
8	12	5	86	359	368
8	3	3	87	429	515
8	5	1	88	578	667
8	2	11	89	667	719
8	3	0	90	766	794
8	2	0	91	862	958
8	0	11	92	1030	1081
8	1	5	93	1142	1153
8	13	3	94	1190	1233
8	14	9	95	1233	1313
8	4	0	96	1319	1360
8	10	7	97	1362	1411
9	5	5	98	0	21
9	3	0	99	105	144
9	2	11	100	203	266
9	8	6	101	290	302
9	7	7	102	367	434
9	13	3	103	579	650
9	9	10	104	650	720
9	2	2	105	741	786
9	10	5	106	789	878
9	4	0	107	1004	1094
9	0	6	108	1143	1177
9	2	7	109	1178	1270
9	3	0	110	1282	1319
9	2	11	111	1348	1380
10	0	6	112	96	138
10	2	10	113	157	167
10	11	9	114	249	322
10	4	2	115	337	366
10	8	8	116	366	389
10	2	11	117	413	428
10	14	1	118	498	562
10	0	3	119	690	724
10	13	3	120	769	804
10	7	1	121	828	855
10	0	3	122	1007	1026
10	11	2	123	1223	1294
10	3	7	124	1347	1362
11	13	4	125	0	32
11	7	11	126	178	199
11	10	8	127	209	275
11	9	11	128	447	542
11	6	9	129	619	628
11	2	0	130	719	737
11	12	2	131	914	944
11	0	3	132	944	1007
11	10	8	133	1065	1078
11	5	3	134	1103	1171
11	3	3	135	1171	1185
11	12	8	136	1204	1218
11	7	4	137	1269	1313
11	7	9	138	1313	1353
11	12	1	139	1408	1492
12	10	2	140	0	18
12	11	7	141	23	31
12	13	8	142	63	83
12	9	10	143	83	157
12	3	7	144	298	367
12	14	0	145	417	484
12	13	4	146	484	504
12	14	2	147	562	590
12	12	11	148	595	667
12	7	7	149	720	803
12	10	8	150	989	1065
12	1	5	151	1153	1185
12	3	9	152	1193	1230
13	3	0	153	144	214
13	9	10	154	231	260
13	0	5	155	289	359
13	9	5	156	388	438
13	2	7	157	445	528
13	10	5	158	528	545
13	2	11	159	545	559
13	9	5	160	878	954
13	12	9	161	960	1037
13	10	11	162	1081	1142
13	12	11	163	1142	1199
13	3	0	164	1250	1282
13	9	1	165	1282	1297
13	1	2	166	1297	1345
13	2	10	167	1418	1491
14	12	9	168	80	99
14	13	4	169	99	116
14	2	7	170	116	152
14	9	11	171	266	326
14	5	10	172	333	418
14	1	2	173	488	555
14	4	4	174	563	633
14	10	4	175	722	789
14	12	9	176	789	866
14	14	1	177	1093	1158
14	11	8	178	1185	1204
14	9	11	179	1260	1280
14	0	5	180	1383	1456
15	12	0	181	0	38
15	4	2	182	46	62
15	8	0	183	68	105
15	10	8	184	165	209
15	7	9	185	449	524
15	6	9	186	524	599
15	4	11	187	782	846
15	0	7	188	874	924
15	9	5	189	970	1017
15	7	4	190	1030	1099
15	4	4	191	1099	1129
15	2	11	192	1294	1348
16	11	7	193	0	23
16	9	5	194	23	42
16	0	2	195	62	96
16	10	8	196	152	165
16	12	9	197	177	220
16	5	3	198	228	273
16	10	8	199	275	359
16	0	0	200	484	552
16	14	2	201	590	608
16	11	1	202	757	828
16	8	2	203	854	902
16	13	4	204	904	949
16	2	10	205	1074	1166
17	11	7	206	31	116
17	2	9	207	322	365
17	12	8	208	517	564
17	5	1	209	564	578
17	2	10	210	589	626
17	6	5	211	646	655
17	0	3	212	655	690
17	10	2	213	902	914
17	8	1	214	921	952
17	11	2	215	1014	1096
17	2	1	216	1166	1178
17	6	4	217	1313	1354
18	1	0	218	40	68
18	0	6	219	138	158
18	12	2	220	254	337
18	6	5	221	375	388
18	3	11	222	389	413
18	3	3	223	419	429
18	2	7	224	434	445
18	9	5	225	731	748
18	7	4	226	858	904
18	8	8	227	1352	1433
19	7	11	228	0	61
19	13	4	229	160	188
19	4	4	230	188	201
19	8	10	231	260	278
19	4	4	232	292	309
19	14	0	233	620	651
19	14	0	234	651	719
19	1	11	235	719	782
19	1	2	236	786	854
19	2	10	237	963	1048
19	6	8	238	1078	1097
19	0	2	239	1097	1122
19	9	0	240	1134	1182
19	9	0	241	1182	1250
19	14	2	242	1393	1443
20	3	9	243	0	80
20	7	0	244	312	362
20	10	11	245	428	447
20	4	2	246	460	488
20	8	6	247	634	652
20	10	8	248	652	722
20	9	5	249	954	970
20	6	5	250	1017	1052
20	0	5	251	1283	1383
20	3	3	252	1411	1422
20	4	4	253	1451	1459
21	0	6	254	0	17
21	12	8	255	38	63
21	13	4	256	116	160
21	5	3	257	273	301
21	8	6	258	750	779
21	3	11	259	989	1030
21	3	6	260	1043	1143
21	13	4	261	1143	1190
21	8	1	262	1190	1276
21	4	4	263	1360	1439
22	2	10	264	0	37
22	6	1	265	40	130
22	3	9	266	220	249
22	1	1	267	389	475
22	4	4	268	633	720
22	8	8	269	722	744
22	4	11	270	846	918
22	11	7	271	924	994
22	4	3	272	1233	1302
22	5	3	273	1302	1385
23	8	8	274	0	19
23	10	6	275	19	40
23	12	9	276	99	177
23	10	0	277	362	417
23	11	8	278	436	517
23	11	2	279	608	675
23	11	1	280	886	921
23	4	8	281	921	963
23	5	1	282	1037	1088
23	11	7	283	1096	1178
23	0	5	284	1185	1283
23	8	6	285	1283	1352
23	12	9	286	1353	1395
23	10	11	287	1412	1476
24	4	3	288	9	27
24	5	3	289	27	45
24	14	5	290	45	113
24	7	11	291	114	178
24	1	10	292	278	320
24	6	10	293	418	504
24	3	7	294	528	543
24	9	8	295	573	595
24	1	6	296	865	954
24	7	4	297	954	962
24	0	2	298	1122	1142
25	9	11	299	61	79
25	11	4	300	201	247
25	7	7	301	249	298
25	6	4	302	309	375
25	11	8	303	389	436
25	1	11	304	559	595
25	5	1	305	667	757
25	9	3	306	804	820
25	6	10	307	820	830
25	6	10	308	1354	1418
25	14	2	309	1443	1486
26	1	1	310	15	40
26	13	4	311	40	63
26	11	1	312	130	201
26	14	5	313	201	250
26	0	5	314	250	289
26	1	11	315	326	389
26	3	0	316	737	766
26	9	3	317	820	865
26	5	3	318	865	943
26	13	3	319	1060	1103
26	1	6	320	1185	1271
26	9	1	321	1297	1379
26	13	1	322	1379	1408
26	13	7	323	1411	1494
27	8	2	324	139	219
27	8	6	325	404	473
27	12	1	326	475	498
27	13	3	327	524	579
27	8	6	328	621	634
27	7	9	329	634	710
27	12	9	330	710	789
27	6	10	331	830	918
27	1	5	332	1099	1142
27	10	8	333	1144	1185
27	10	4	334	1190	1269
27	7	6	335	1353	1429
28	10	6	336	40	70
28	8	2	337	107	139
28	12	2	338	220	254
28	13	3	339	301	330
28	9	1	340	344	383
28	5	5	341	438	524
28	2	4	342	789	858
28	6	0	343	963	1004
28	10	7	344	1312	1347
28	4	4	345	1439	1451
29	6	8	346	19	38
29	2	10	347	38	75
29	2	2	348	96	107
29	9	3	349	163	228
29	3	4	350	249	292
29	10	5	351	545	644
29	13	6	352	673	750
29	11	1	353	855	886
29	1	5	354	1052	1099
29	6	9	355	1116	1193
29	7	11	356	1199	1260
29	13	10	357	1319	1348
29	14	2	358	1348	1393
29	11	9	359	1395	1480


Solution History:
