This is the output of Heuristic Solver for Dual resource constrained flexible job shop Scheduling Problem.
Input file is: wfjsp17_5.txt
Method: TSN1_10000_10_5
Seed: 1
Number of Jobs: 15
Number of Operations: 130
Number of Machines: 5
Number of Operators: 4
CPU Time: 91.1446
obj: 1569
Best found lower bound:0
Solver gap (best found lower bound and upper bound difference): Not known


Final Solution:
Job	Machine	Operator	Operation	Start Time	Finish Time
0	0	0	0	69	85
0	2	0	1	85	125
0	3	2	2	200	284
0	0	0	3	316	382
0	0	0	4	774	842
0	0	0	5	927	963
0	3	1	6	1114	1181
0	1	3	7	1314	1353
0	4	2	8	1367	1413
0	1	3	9	1534	1569
1	0	1	10	121	152
1	2	0	11	161	232
1	4	3	12	315	336
1	3	3	13	433	446
1	0	0	14	1193	1261
1	0	0	15	1261	1325
1	1	3	16	1361	1371
1	1	3	17	1489	1534
2	3	2	18	114	179
2	1	3	19	276	315
2	1	1	20	432	462
2	3	3	21	481	522
2	1	3	22	530	558
2	4	3	23	798	827
2	1	2	24	1088	1171
2	3	1	25	1210	1251
3	0	0	26	382	423
3	4	1	27	530	553
3	4	3	28	558	566
3	0	2	29	842	887
3	1	2	30	920	1003
3	1	1	31	1025	1088
3	3	1	32	1399	1466
3	2	2	33	1471	1557
4	4	2	34	0	80
4	0	1	35	152	187
4	3	2	36	187	200
4	4	3	37	230	276
4	1	1	38	351	432
4	1	1	39	462	530
4	1	3	40	827	891
4	2	0	41	897	927
5	0	0	42	248	316
5	3	3	43	446	481
5	4	2	44	570	587
5	0	0	45	611	681
5	0	0	46	681	774
5	4	1	47	849	940
5	0	0	48	1117	1159
5	0	0	49	1473	1565
6	2	1	50	0	78
6	0	2	51	104	114
6	4	3	52	350	385
6	2	1	53	574	665
6	0	2	54	887	920
6	2	1	55	940	1025
6	2	0	56	1034	1054
6	1	2	57	1171	1205
6	0	0	58	1376	1473
7	3	3	59	0	13
7	3	2	60	80	104
7	4	3	61	121	187
7	2	0	62	232	248
7	0	0	63	423	461
7	2	2	64	512	543
7	1	2	65	1205	1289
7	3	2	66	1289	1367
8	0	1	67	196	234
8	1	1	68	234	273
8	3	2	69	284	299
8	4	2	70	428	512
8	3	2	71	753	835
8	3	3	72	891	934
8	0	0	73	963	999
8	4	3	74	1149	1162
8	2	1	75	1251	1335
8	3	1	76	1466	1497
9	3	3	77	385	433
9	0	0	78	509	577
9	1	3	79	716	798
9	0	1	80	1089	1114
9	4	3	81	1247	1314
9	0	0	82	1325	1376
9	4	2	83	1413	1422
9	4	3	84	1456	1481
9	4	3	85	1481	1489
10	1	3	86	110	119
10	4	2	87	587	670
10	2	1	88	763	849
10	2	0	89	849	897
10	2	0	90	1089	1117
10	4	3	91	1162	1247
10	2	2	92	1422	1471
10	2	2	93	1557	1565
11	4	1	94	80	121
11	3	2	95	299	379
11	4	2	96	385	428
11	2	0	97	461	509
11	2	1	98	553	574
11	1	3	99	608	647
11	1	3	100	647	716
11	2	1	101	751	763
11	4	3	102	997	1067
11	2	1	103	1335	1399
12	0	0	104	0	69
12	4	3	105	187	230
12	4	2	106	670	753
12	4	3	107	1067	1149
12	2	0	108	1159	1193
12	1	3	109	1371	1456
12	3	1	110	1497	1534
12	3	1	111	1534	1565
13	2	0	112	125	161
13	0	1	113	187	196
13	2	1	114	273	351
13	3	2	115	543	570
13	3	3	116	570	593
13	3	3	117	593	608
13	3	3	118	934	997
13	0	0	119	999	1034
13	0	0	120	1054	1089
13	3	1	121	1181	1210
14	3	3	122	13	32
14	1	3	123	32	110
14	4	3	124	336	350
14	0	0	125	577	611
14	2	1	126	665	686
14	3	1	127	686	751
14	3	2	128	1003	1086
14	4	3	129	1353	1361


Solution History:
