This is the output of Heuristic Solver for Dual resource constrained flexible job shop Scheduling Problem.
Input file is: wfjsp21_5.txt
Method: TSN1_10000_10_5
Seed: 1
Number of Jobs: 25
Number of Operations: 244
Number of Machines: 15
Number of Operators: 12
CPU Time: 415.06
obj: 999
Best found lower bound:0
Solver gap (best found lower bound and upper bound difference): Not known


Final Solution:
Job	Machine	Operator	Operation	Start Time	Finish Time
0	12	1	0	0	14
0	13	6	1	14	60
0	8	1	2	288	375
0	2	11	3	399	461
0	5	3	4	462	529
0	11	4	5	545	590
0	1	1	6	591	663
0	2	4	7	956	999
1	9	3	8	0	45
1	6	7	9	133	169
1	8	0	10	176	209
1	0	3	11	209	278
1	11	8	12	278	299
1	7	4	13	374	387
1	14	6	14	446	516
1	4	10	15	603	670
1	3	9	16	749	761
1	2	4	17	911	956
2	11	1	18	14	81
2	10	4	19	123	164
2	10	4	20	164	193
2	9	1	21	375	416
2	10	6	22	416	446
2	10	5	23	485	519
2	14	8	24	630	733
2	12	1	25	736	779
2	9	3	26	826	865
2	4	1	27	970	991
3	11	0	28	0	8
3	5	0	29	8	51
3	7	1	30	200	288
3	6	9	31	365	428
3	4	11	32	483	547
3	0	11	33	572	658
3	2	7	34	698	778
3	14	9	35	779	823
3	0	5	36	823	839
4	7	0	37	51	95
4	12	7	38	244	326
4	4	10	39	347	417
4	0	5	40	417	485
4	2	0	41	535	565
4	5	3	42	686	754
4	3	3	43	762	794
4	14	5	44	839	858
4	14	5	45	858	931
5	8	9	46	0	77
5	7	8	47	99	185
5	4	8	48	299	347
5	14	8	49	356	441
5	0	10	50	485	558
5	6	0	51	762	772
5	3	3	52	794	826
5	9	10	53	866	940
5	12	5	54	940	975
6	0	2	55	15	103
6	0	6	56	122	142
6	13	8	57	188	230
6	7	4	58	288	374
6	13	3	59	426	438
6	3	3	60	438	462
6	12	0	61	465	535
6	8	9	62	573	593
6	5	3	63	634	676
6	10	2	64	720	751
6	10	2	65	785	868
7	6	4	66	0	78
7	13	10	67	86	131
7	0	3	68	142	183
7	3	3	69	183	198
7	13	3	70	342	426
7	5	3	71	552	634
7	2	7	72	649	698
7	9	5	73	698	737
7	0	0	74	747	762
7	8	6	75	811	895
7	6	1	76	908	936
7	8	3	77	945	994
8	4	11	78	107	177
8	5	10	79	188	265
8	10	2	80	558	583
8	13	6	81	594	665
8	3	4	82	687	736
8	10	2	83	759	768
8	8	6	84	786	811
8	5	1	85	811	820
8	12	11	86	820	829
8	13	8	87	829	912
8	7	8	88	912	998
9	2	2	89	103	149
9	14	5	90	200	234
9	9	10	91	265	345
9	13	6	92	665	715
9	5	3	93	754	762
9	4	8	94	779	825
9	3	9	95	838	913
9	9	10	96	940	984
10	7	11	97	0	47
10	13	6	98	60	81
10	12	1	99	81	122
10	12	7	100	175	244
10	9	5	101	244	257
10	10	0	102	319	388
10	12	2	103	388	456
10	3	8	104	510	583
10	9	8	105	583	630
10	3	9	106	913	991
11	2	2	107	258	353
11	11	7	108	353	385
11	11	7	109	385	479
11	10	2	110	519	558
11	3	4	111	657	687
11	1	1	112	690	728
11	13	1	113	728	736
11	4	4	114	825	911
11	6	1	115	936	964
11	10	11	116	970	993
12	0	2	117	0	15
12	9	3	118	76	138
12	3	6	119	142	177
12	2	2	120	353	387
12	8	0	121	408	437
12	1	1	122	466	485
12	13	4	123	736	818
12	14	9	124	823	838
13	9	3	125	45	76
13	10	6	126	81	102
13	4	10	127	417	483
13	7	7	128	545	649
13	0	0	129	720	730
13	1	0	130	730	747
13	2	11	131	779	811
13	4	11	132	911	970
14	14	6	133	0	11
14	3	8	134	25	99
14	4	1	135	178	191
14	14	1	136	191	200
14	13	8	137	230	278
14	14	0	138	278	319
14	1	6	139	327	411
14	4	1	140	670	690
14	10	2	141	751	759
14	10	2	142	768	785
15	6	9	143	175	260
15	3	11	144	336	399
15	13	8	145	441	510
15	9	5	146	519	538
15	12	11	147	547	572
15	3	4	148	590	657
15	11	10	149	670	753
15	6	0	150	772	846
15	11	7	151	866	891
15	1	0	152	891	923
15	0	2	153	924	991
16	1	5	154	0	31
16	4	11	155	47	107
16	13	10	156	131	188
16	6	9	157	260	338
16	7	7	158	479	493
16	14	9	159	516	529
16	14	5	160	538	614
16	8	2	161	622	706
16	8	6	162	715	786
16	11	10	163	809	866
16	5	3	164	866	895
17	10	7	165	0	18
17	14	7	166	18	64
17	1	6	167	249	327
17	14	7	168	327	346
17	6	9	169	346	365
17	3	4	170	468	503
17	2	0	171	565	631
17	10	0	172	631	720
17	7	11	173	720	779
17	7	7	174	779	846
17	10	2	175	868	924
18	2	10	176	0	86
18	2	2	177	149	212
18	4	4	178	263	282
18	5	5	179	282	304
18	0	5	180	304	377
18	1	1	181	428	466
18	10	2	182	466	482
18	2	2	183	482	516
18	8	9	184	529	573
18	9	5	185	737	823
18	12	11	186	829	909
18	5	0	187	923	991
19	14	9	188	77	124
19	14	1	189	124	178
19	8	0	190	209	277
19	6	0	191	437	465
19	1	1	192	501	555
19	12	2	193	583	606
19	11	2	194	606	622
19	0	11	195	658	695
19	7	7	196	846	857
20	6	4	197	78	123
20	5	5	198	133	180
20	1	6	199	180	249
20	13	3	200	278	342
20	10	0	201	388	408
20	13	6	202	516	594
20	6	9	203	603	649
20	14	8	204	733	779
20	11	7	205	891	978
21	1	5	206	31	133
21	12	9	207	133	175
21	2	2	208	212	258
21	3	11	209	261	276
21	10	11	210	276	318
21	9	8	211	347	356
21	0	5	212	377	415
21	9	1	213	416	428
21	7	4	214	512	545
21	6	9	215	663	749
21	5	1	216	779	790
21	6	0	217	846	885
22	3	8	218	0	25
22	3	6	219	102	122
22	8	9	220	437	515
22	1	1	221	555	566
22	4	1	222	566	591
22	7	9	223	649	663
22	9	3	224	676	686
22	0	11	225	695	711
22	8	3	226	895	945
23	8	0	227	95	176
23	9	11	228	177	236
23	4	11	229	236	261
23	5	5	230	265	280
23	3	11	231	318	336
23	7	7	232	493	512
23	6	7	233	512	545
23	13	6	234	912	983
24	5	7	235	64	133
24	10	4	236	193	263
24	7	4	237	387	468
24	9	1	238	485	501
24	5	3	239	529	552
24	6	10	240	558	603
24	12	5	241	614	683
24	11	10	242	753	809
24	2	1	243	820	908


Solution History:
