This is the output of Heuristic Solver for Dual resource constrained flexible job shop Scheduling Problem.
Input file is: wfjsp19_3.txt
Method: TSN1_10000_10_5
Seed: 1
Number of Jobs: 20
Number of Operations: 209
Number of Machines: 10
Number of Operators: 8
CPU Time: 209.294
obj: 1452
Best found lower bound:0
Solver gap (best found lower bound and upper bound difference): Not known


Final Solution:
Job	Machine	Operator	Operation	Start Time	Finish Time
0	5	5	0	0	67
0	5	3	1	88	102
0	8	4	2	132	148
0	9	0	3	524	618
0	5	5	4	675	747
0	7	5	5	747	819
0	8	5	6	833	919
0	8	5	7	996	1029
0	5	4	8	1032	1130
0	6	2	9	1141	1156
0	6	3	10	1176	1238
0	0	0	11	1238	1332
0	5	1	12	1332	1350
0	4	2	13	1351	1446
1	6	2	14	355	458
1	2	2	15	458	487
1	7	1	16	596	656
1	1	3	17	762	780
1	6	0	18	927	1003
1	8	5	19	1133	1143
1	4	3	20	1238	1264
2	3	1	21	143	186
2	0	0	22	288	380
2	8	3	23	416	481
2	7	1	24	656	685
2	1	1	25	685	762
2	3	4	26	847	948
2	0	4	27	948	958
2	9	7	28	961	994
2	2	0	29	1095	1192
2	4	7	30	1264	1302
2	2	7	31	1302	1335
2	7	1	32	1351	1414
3	9	6	33	0	57
3	3	4	34	67	132
3	8	7	35	481	585
3	4	7	36	758	855
3	6	0	37	910	927
3	3	1	38	948	976
3	1	6	39	1006	1075
3	0	3	40	1075	1091
3	6	6	41	1107	1132
3	9	6	42	1132	1182
3	2	0	43	1192	1233
3	9	2	44	1269	1325
3	9	5	45	1325	1423
4	4	6	46	60	129
4	4	6	47	215	286
4	4	7	48	319	337
4	8	3	49	400	416
4	1	0	50	416	482
4	8	7	51	585	656
4	2	2	52	696	735
4	0	1	53	799	821
4	4	3	54	873	935
4	8	3	55	935	960
4	4	7	56	996	1028
4	1	3	57	1091	1176
4	9	2	58	1190	1269
4	0	0	59	1350	1441
5	9	7	60	219	319
5	2	4	61	360	371
5	7	4	62	371	424
5	6	4	63	513	622
5	1	6	64	622	657
5	2	2	65	777	805
5	4	5	66	935	996
5	4	7	67	1175	1217
6	2	2	68	67	139
6	5	6	69	139	150
6	8	4	70	150	250
6	3	2	71	256	319
6	1	7	72	337	367
6	5	5	73	376	460
6	2	2	74	611	640
6	3	2	75	640	696
6	5	3	76	749	762
6	8	2	77	1156	1190
6	7	5	78	1309	1320
7	1	7	79	76	156
7	8	3	80	300	400
7	6	4	81	459	513
7	3	5	82	586	603
7	2	5	83	641	675
7	5	3	84	1411	1426
8	9	5	85	67	155
8	1	7	86	156	194
8	2	2	87	217	256
8	1	1	88	263	285
8	3	2	89	319	355
8	0	1	90	500	554
8	2	2	91	559	611
8	4	3	92	694	718
8	4	3	93	718	749
8	5	1	94	762	799
8	1	6	95	936	1006
8	5	4	96	1232	1269
8	1	3	97	1269	1352
8	2	7	98	1352	1452
9	7	0	99	0	91
9	6	3	100	102	161
9	8	3	101	263	300
9	7	5	102	484	586
9	9	6	103	657	726
9	9	6	104	726	758
9	1	6	105	924	936
9	5	3	106	960	1032
9	5	3	107	1352	1399
10	6	3	108	161	231
10	0	1	109	395	500
10	8	7	110	656	758
10	7	2	111	819	923
10	3	1	112	976	1037
10	9	6	113	1075	1107
10	9	2	114	1107	1130
10	3	1	115	1152	1190
10	7	1	116	1190	1227
10	5	3	117	1399	1411
11	6	4	118	0	67
11	0	1	119	186	263
11	0	0	120	269	288
11	7	1	121	288	349
11	3	1	122	355	395
11	1	6	123	513	541
11	5	6	124	541	613
11	3	4	125	724	776
11	0	1	126	821	885
11	5	1	127	885	947
11	3	1	128	1074	1152
11	1	6	129	1182	1259
11	7	2	130	1325	1351
12	4	3	131	0	60
12	5	3	132	67	88
12	4	2	133	139	204
12	5	5	134	287	329
12	5	5	135	348	376
12	9	6	136	409	472
12	5	3	137	817	873
13	2	7	138	0	35
13	7	1	139	91	143
13	7	0	140	206	269
13	2	0	141	380	408
13	1	6	142	482	513
13	0	0	143	618	714
13	0	0	144	714	790
13	8	5	145	819	833
13	9	7	146	855	883
13	2	7	147	883	961
13	2	4	148	961	1025
13	2	5	149	1029	1085
13	8	5	150	1085	1133
13	3	7	151	1217	1263
13	8	5	152	1281	1309
14	3	2	153	0	67
14	7	0	154	167	206
14	9	7	155	367	404
14	7	4	156	424	459
14	4	5	157	460	484
14	9	0	158	484	524
14	2	2	159	735	777
14	3	1	160	1037	1074
14	4	7	161	1107	1175
14	7	1	162	1227	1304
15	9	6	163	155	215
15	6	4	164	622	670
15	6	0	165	847	910
15	4	7	166	1028	1107
15	5	5	167	1143	1172
16	0	1	168	0	89
16	1	7	169	194	219
16	6	6	170	286	350
16	0	1	171	554	596
16	3	5	172	603	612
16	6	6	173	758	841
16	7	0	174	1003	1095
16	5	5	175	1172	1232
16	6	6	176	1259	1333
17	0	0	177	91	167
17	2	4	178	256	360
17	3	7	179	404	481
17	5	3	180	481	532
17	3	2	181	537	559
17	6	4	182	670	724
17	3	4	183	776	847
17	6	2	184	1003	1081
17	0	4	185	1130	1229
17	8	5	186	1232	1281
17	5	1	187	1304	1331
17	0	6	188	1333	1350
17	3	4	189	1350	1452
18	6	3	190	231	263
18	5	5	191	613	641
18	8	3	192	780	817
18	1	6	193	841	924
18	1	6	194	1352	1421
19	1	7	195	35	76
19	5	5	196	155	207
19	2	5	197	207	217
19	5	5	198	217	287
19	4	5	199	337	348
19	4	6	200	350	409
19	2	2	201	487	537
19	4	3	202	537	548
19	4	3	203	548	622
19	4	3	204	622	694
19	9	0	205	790	847
19	7	2	206	923	998
19	7	2	207	1130	1141
19	3	4	208	1269	1345


Solution History:
