This is the output of Heuristic Solver for Dual resource constrained flexible job shop Scheduling Problem.
Input file is: Dauzere_11a.txt
Method: FaFM
Seed: 4
Number of Jobs: 15
Number of Operations: 293
Number of Machines: 8
Number of Operators: 6
CPU Time: 55.7302
obj: 2906
Best found lower bound:0
Solver gap (best found lower bound and upper bound difference): Not known


Final Solution:
Job	Machine	Operator	Operation	Start Time	Finish Time
0	1	3	0	0	31
0	0	0	1	79	141
0	2	3	2	258	294
0	1	1	3	355	438
0	7	5	4	563	590
0	5	2	5	688	752
0	1	1	6	1160	1200
0	0	0	7	1259	1275
0	7	5	8	1394	1458
0	1	1	9	1535	1625
0	1	1	10	1625	1663
0	4	5	11	2120	2213
0	7	4	12	2352	2412
0	1	3	13	2431	2478
0	7	4	14	2497	2585
1	6	4	15	54	126
1	1	3	16	167	200
1	7	4	17	221	310
1	0	2	18	372	394
1	6	4	19	427	456
1	2	3	20	711	805
1	2	3	21	805	829
1	2	3	22	829	904
1	3	2	23	1006	1043
1	3	2	24	1111	1179
1	4	0	25	1275	1327
1	5	3	26	1443	1498
1	2	3	27	1729	1769
1	1	3	28	1769	1825
1	4	5	29	1825	1899
1	2	3	30	1922	2005
1	2	3	31	2224	2304
1	3	1	32	2439	2526
1	1	1	33	2526	2567
1	1	1	34	2567	2661
2	7	5	35	61	134
2	7	5	36	321	350
2	5	3	37	394	481
2	7	5	38	590	662
2	7	5	39	662	710
2	3	2	40	752	815
2	1	1	41	815	870
2	3	2	42	902	941
2	7	5	43	945	1037
2	2	3	44	1037	1075
2	4	0	45	1198	1259
2	5	4	46	1597	1665
2	3	1	47	1665	1730
2	5	2	48	1794	1854
2	3	1	49	1870	1905
2	0	0	50	1907	1940
2	4	5	51	2077	2120
2	7	4	52	2126	2203
2	4	5	53	2343	2425
2	6	4	54	2425	2497
2	6	3	55	2497	2566
2	6	4	56	2708	2756
2	2	3	57	2845	2906
3	4	5	58	134	196
3	3	2	59	263	333
3	0	0	60	541	631
3	3	2	61	815	850
3	6	4	62	1002	1068
3	4	0	63	1105	1133
3	0	0	64	1133	1198
3	7	5	65	1211	1245
3	5	2	66	1283	1382
3	1	1	67	1501	1535
3	4	0	68	1581	1659
3	5	2	69	1752	1794
3	3	2	70	1915	1975
3	1	1	71	2165	2256
3	0	0	72	2580	2652
3	0	0	73	2652	2739
3	0	0	74	2739	2781
3	4	5	75	2811	2850
4	5	2	76	0	53
4	4	5	77	196	288
4	3	2	78	333	372
4	7	5	79	479	563
4	2	3	80	664	711
4	1	1	81	713	803
4	0	2	82	941	1006
4	1	1	83	1059	1160
4	7	5	84	1164	1211
4	2	3	85	1285	1316
4	1	3	86	1382	1443
4	7	5	87	1530	1619
4	6	4	88	1665	1733
4	5	2	89	1854	1915
4	4	5	90	1935	2032
4	4	5	91	2032	2077
4	4	0	92	2242	2343
4	0	0	93	2343	2410
4	4	5	94	2478	2564
4	4	5	95	2564	2637
4	1	1	96	2661	2684
5	4	5	97	288	321
5	2	3	98	324	358
5	6	4	99	591	618
5	6	4	100	618	722
5	0	0	101	757	850
5	7	5	102	875	945
5	5	3	103	1011	1034
5	1	1	104	1217	1308
5	6	4	105	1372	1415
5	7	5	106	1619	1695
5	0	2	107	1709	1752
5	2	3	108	1825	1922
5	5	2	109	2375	2404
5	7	5	110	2441	2478
5	4	5	111	2662	2750
6	0	0	112	214	289
6	6	4	113	339	427
6	1	1	114	656	713
6	6	4	115	758	799
6	1	1	116	913	971
6	5	4	117	1131	1196
6	7	5	118	1245	1305
6	3	1	119	1308	1404
6	7	5	120	1458	1530
6	0	0	121	1940	2017
6	6	3	122	2071	2091
6	2	3	123	2190	2224
6	7	5	124	2279	2337
6	1	3	125	2376	2431
6	4	5	126	2637	2662
6	5	2	127	2681	2736
6	7	4	128	2811	2901
7	3	1	129	0	54
7	2	3	130	100	167
7	2	3	131	294	324
7	4	0	132	358	406
7	1	1	133	438	495
7	6	4	134	551	591
7	6	4	135	799	875
7	2	3	136	904	942
7	2	3	137	942	1011
7	3	2	138	1043	1111
7	7	5	139	1127	1164
7	6	3	140	1164	1182
7	2	3	141	1182	1218
7	4	0	142	1327	1378
7	0	2	143	1596	1690
7	4	0	144	1690	1755
7	7	4	145	1855	1899
7	2	3	146	2005	2071
7	7	4	147	2102	2126
7	1	1	148	2133	2165
7	3	2	149	2191	2256
7	0	0	150	2468	2529
7	3	2	151	2558	2623
7	7	4	152	2666	2708
7	6	4	153	2756	2800
8	0	0	154	0	79
8	7	5	155	350	395
8	7	5	156	395	479
8	2	3	157	481	535
8	2	3	158	592	664
8	0	0	159	718	757
8	6	4	160	875	951
8	5	4	161	951	1002
8	2	3	162	1075	1155
8	3	2	163	1179	1224
8	6	4	164	1276	1298
8	1	3	165	1316	1382
8	2	3	166	1498	1597
8	4	0	167	1659	1684
8	7	5	168	1695	1735
8	3	1	169	1772	1870
8	3	2	170	2107	2191
8	5	2	171	2331	2375
8	5	2	172	2404	2492
8	6	3	173	2566	2609
8	5	2	174	2623	2681
8	7	5	175	2750	2811
8	5	2	176	2859	2891
9	2	3	177	31	100
9	5	2	178	106	165
9	5	2	179	165	263
9	1	1	180	318	355
9	7	5	181	752	828
9	7	5	182	828	875
9	1	1	183	875	913
9	0	0	184	1006	1048
9	6	4	185	1196	1276
9	3	2	186	1434	1512
9	6	4	187	1733	1796
9	0	0	188	1833	1907
9	4	5	189	1907	1935
9	5	2	190	1975	2022
9	0	0	191	2022	2042
9	6	3	192	2091	2135
9	4	0	193	2218	2242
9	2	3	194	2304	2376
9	5	2	195	2774	2859
10	4	5	196	0	61
10	3	2	197	394	488
10	5	3	198	535	592
10	0	0	199	631	718
10	6	4	200	1068	1131
10	3	2	201	1224	1283
10	7	5	202	1305	1394
10	6	4	203	1465	1515
10	2	3	204	1597	1682
10	7	5	205	1735	1802
10	7	4	206	1802	1855
10	0	0	207	2042	2133
10	0	0	208	2133	2218
10	5	2	209	2256	2292
10	3	1	210	2360	2439
10	6	3	211	2609	2629
10	1	1	212	2684	2750
10	3	1	213	2750	2775
10	1	1	214	2831	2894
11	7	4	215	0	28
11	7	4	216	134	221
11	6	4	217	310	339
11	1	1	218	517	603
11	1	1	219	603	656
11	3	2	220	850	902
11	4	0	221	1048	1105
11	7	5	222	1105	1127
11	2	3	223	1218	1285
11	6	4	224	1298	1372
11	6	4	225	1415	1465
11	2	3	226	1682	1729
11	3	1	227	1730	1772
11	7	4	228	1899	1925
11	7	4	229	2022	2102
11	6	3	230	2135	2151
11	3	1	231	2256	2360
11	3	2	232	2526	2558
11	7	4	233	2585	2666
11	5	2	234	2736	2774
11	2	3	235	2807	2845
12	5	2	236	53	106
12	3	1	237	106	164
12	2	3	238	200	258
12	1	1	239	258	318
12	5	3	240	358	394
12	6	4	241	456	551
12	1	1	242	971	1059
12	5	2	243	1382	1429
12	1	1	244	1443	1501
12	5	2	245	1512	1596
12	6	4	246	1925	2022
12	1	1	247	2051	2133
12	6	4	248	2203	2292
12	6	4	249	2292	2352
12	7	5	250	2425	2441
12	0	0	251	2781	2868
13	3	1	252	164	235
13	0	0	253	467	541
13	3	2	254	589	688
13	7	5	255	710	752
13	4	0	256	941	1000
13	7	5	257	1037	1101
13	3	1	258	1404	1434
13	4	0	259	1495	1581
13	5	2	260	1690	1709
13	4	5	261	1802	1825
13	3	1	262	1982	2051
13	7	5	263	2213	2279
13	0	2	264	2292	2331
13	2	3	265	2670	2734
13	2	3	266	2734	2807
13	4	5	267	2850	2904
14	6	4	268	28	54
14	3	1	269	54	104
14	0	0	270	141	214
14	0	0	271	289	320
14	4	0	272	321	358
14	0	0	273	406	422
14	4	0	274	422	467
14	3	1	275	495	517
14	3	2	276	517	589
14	6	4	277	722	758
14	4	0	278	850	941
14	1	1	279	1200	1217
14	4	0	280	1378	1438
14	0	0	281	1438	1495
14	6	4	282	1515	1597
14	0	0	283	1755	1833
14	1	1	284	1905	1982
14	5	2	285	2022	2107
14	2	3	286	2151	2190
14	0	0	287	2410	2468
14	5	2	288	2492	2520
14	0	0	289	2529	2580
14	2	3	290	2629	2670
14	3	1	291	2775	2831
14	0	0	292	2868	2906


Solution History:
