This is the output of Heuristic Solver for Dual resource constrained flexible job shop Scheduling Problem.
Input file is: Dauzere_09a.txt
Method: FaFM
Seed: 4
Number of Jobs: 15
Number of Operations: 293
Number of Machines: 8
Number of Operators: 6
CPU Time: 24.0059
obj: 2904
Best found lower bound:0
Solver gap (best found lower bound and upper bound difference): Not known


Final Solution:
Job	Machine	Operator	Operation	Start Time	Finish Time
0	1	1	0	77	101
0	4	5	1	307	374
0	2	3	2	431	466
0	3	2	3	589	675
0	1	1	4	733	759
0	5	2	5	963	1029
0	1	1	6	1033	1065
0	1	1	7	1065	1076
0	2	3	8	1183	1251
0	0	0	9	1543	1637
0	0	0	10	1779	1820
0	2	3	11	1917	2013
0	6	4	12	2474	2540
0	6	4	13	2540	2588
0	2	3	14	2768	2859
1	6	4	15	45	119
1	1	1	16	250	281
1	3	1	17	453	550
1	0	0	18	589	607
1	5	4	19	640	662
1	5	4	20	662	753
1	3	2	21	785	807
1	7	5	22	837	918
1	4	5	23	983	1021
1	4	0	24	1209	1277
1	4	5	25	1320	1370
1	1	1	26	1422	1480
1	3	2	27	1613	1655
1	4	5	28	1734	1789
1	5	4	29	1791	1861
1	3	2	30	2030	2109
1	3	2	31	2306	2389
1	4	5	32	2462	2549
1	4	0	33	2578	2617
1	0	0	34	2771	2869
2	3	1	35	0	77
2	1	1	36	167	191
2	6	4	37	276	368
2	6	4	38	514	593
2	6	4	39	593	640
2	4	5	40	686	750
2	2	3	41	762	815
2	4	5	42	1021	1062
2	4	5	43	1062	1158
2	3	2	44	1187	1223
2	5	2	45	1284	1346
2	6	4	46	1411	1481
2	7	4	47	1628	1689
2	2	3	48	1751	1807
2	6	3	49	1807	1841
2	1	1	50	1906	1931
2	6	4	51	2070	2111
2	0	0	52	2173	2249
2	2	3	53	2291	2369
2	7	4	54	2380	2450
2	3	2	55	2450	2521
2	5	2	56	2521	2565
2	3	2	57	2819	2879
3	2	3	58	22	85
3	3	2	59	181	252
3	1	1	60	550	644
3	3	2	61	675	707
3	4	0	62	798	861
3	0	2	63	942	963
3	7	4	64	1008	1072
3	4	5	65	1158	1194
3	2	3	66	1251	1350
3	2	3	67	1350	1381
3	1	1	68	1577	1659
3	5	2	69	1659	1699
3	7	5	70	1970	2036
3	1	1	71	2059	2154
3	4	5	72	2247	2319
3	4	0	73	2617	2708
3	4	5	74	2782	2829
3	0	0	75	2869	2904
4	5	2	76	51	105
4	2	3	77	228	320
4	2	3	78	320	363
4	5	2	79	363	447
4	6	4	80	470	514
4	2	3	81	590	684
4	2	3	82	909	979
4	0	0	83	1099	1205
4	6	4	84	1205	1251
4	7	5	85	1291	1320
4	5	2	86	1346	1408
4	1	1	87	1480	1577
4	0	0	88	1710	1779
4	7	5	89	1804	1868
4	7	5	90	1868	1970
4	0	0	91	2036	2085
4	3	2	92	2202	2306
4	0	0	93	2510	2578
4	6	4	94	2713	2802
4	5	4	95	2802	2872
4	7	5	96	2878	2897
5	0	2	97	0	29
5	5	4	98	119	150
5	5	4	99	150	171
5	7	5	100	431	535
5	2	3	101	815	909
5	3	1	102	1076	1143
5	7	5	103	1272	1291
5	1	1	104	1330	1422
5	1	1	105	1708	1744
5	2	3	106	1841	1917
5	0	2	107	1970	2015
5	2	3	108	2191	2291
5	4	5	109	2549	2575
5	7	5	110	2654	2689
5	7	5	111	2689	2782
6	3	2	112	105	181
6	0	0	113	216	312
6	0	0	114	430	482
6	7	5	115	535	573
6	7	5	116	750	801
6	5	4	117	834	899
6	4	0	118	921	983
6	5	4	119	1481	1581
6	0	0	120	1637	1710
6	1	1	121	1744	1823
6	3	1	122	1825	1835
6	1	1	123	2027	2059
6	7	5	124	2147	2206
6	5	4	125	2326	2380
6	4	5	126	2439	2462
6	2	3	127	2581	2636
6	2	3	128	2636	2730
7	7	5	129	71	123
7	5	4	130	171	246
7	7	4	131	246	276
7	1	1	132	281	329
7	0	0	133	374	430
7	4	5	134	626	667
7	2	3	135	684	762
7	5	4	136	796	834
7	6	4	137	899	971
7	0	0	138	1026	1099
7	7	4	139	1165	1204
7	5	2	140	1267	1284
7	2	3	141	1451	1487
7	3	2	142	1569	1613
7	2	3	143	1638	1735
7	4	0	144	1857	1923
7	6	4	145	1961	2001
7	6	4	146	2001	2070
7	2	3	147	2167	2191
7	7	4	148	2230	2255
7	0	0	149	2285	2353
7	3	2	150	2389	2450
7	1	1	151	2608	2676
7	5	2	152	2751	2787
7	2	3	153	2859	2904
8	4	0	154	0	82
8	4	5	155	184	228
8	5	2	156	447	536
8	0	2	157	536	589
8	0	0	158	660	735
8	7	5	159	801	837
8	1	1	160	889	973
8	0	0	161	983	1026
8	1	1	162	1143	1220
8	3	1	163	1288	1330
8	2	3	164	1381	1399
8	0	0	165	1427	1496
8	4	5	166	1634	1734
8	2	3	167	1735	1751
8	4	0	168	1820	1857
8	5	4	169	1861	1961
8	2	3	170	2013	2100
8	4	5	171	2100	2147
8	1	1	172	2154	2242
8	1	1	173	2242	2283
8	1	1	174	2422	2480
8	7	5	175	2593	2654
8	3	2	176	2787	2819
9	1	1	177	101	167
9	1	1	178	191	250
9	1	1	179	329	427
9	4	0	180	544	579
9	1	1	181	759	839
9	7	5	182	918	963
9	6	4	183	971	1008
9	2	3	184	1143	1183
9	6	4	185	1251	1337
9	3	2	186	1494	1569
9	0	2	187	1825	1892
9	0	2	188	1892	1970
9	4	0	189	2013	2036
9	4	5	190	2036	2089
9	6	4	191	2111	2130
9	4	5	192	2395	2439
9	6	4	193	2450	2474
9	1	1	194	2480	2557
9	6	4	195	2614	2713
10	4	5	196	123	184
10	5	2	197	252	346
10	7	5	198	374	431
10	1	1	199	644	733
10	0	0	200	735	798
10	4	0	201	861	921
10	2	3	202	979	1075
10	6	3	203	1075	1127
10	3	2	204	1408	1494
10	2	3	205	1570	1638
10	5	2	206	1699	1747
10	1	1	207	1931	2027
10	3	2	208	2109	2202
10	0	0	209	2249	2285
10	4	5	210	2319	2395
10	0	0	211	2429	2447
10	0	0	212	2447	2510
10	7	5	213	2575	2593
10	4	0	214	2708	2771
11	0	2	215	29	51
11	2	3	216	137	228
11	1	1	217	427	453
11	2	3	218	466	556
11	0	0	219	607	660
11	1	1	220	839	889
11	5	2	221	1029	1092
11	6	3	222	1127	1143
11	1	1	223	1220	1288
11	6	4	224	1337	1411
11	0	0	225	1496	1543
11	5	4	226	1581	1628
11	3	1	227	1673	1708
11	0	2	228	2015	2030
11	6	4	229	2130	2217
11	6	4	230	2217	2230
11	1	1	231	2283	2388
11	5	4	232	2588	2614
11	1	1	233	2676	2760
11	1	1	234	2760	2796
11	1	1	235	2845	2886
12	5	4	236	0	45
12	0	0	237	82	140
12	2	3	238	363	421
12	4	0	239	482	544
12	2	3	240	556	590
12	0	2	241	807	907
12	7	4	242	1072	1165
12	3	2	243	1223	1267
12	0	0	244	1368	1427
12	2	3	245	1487	1570
12	6	4	246	1689	1791
12	4	0	247	1923	2013
12	2	3	248	2369	2462
12	2	3	249	2462	2527
12	5	2	250	2565	2583
12	5	2	251	2656	2751
13	7	5	252	0	71
13	0	0	253	140	216
13	6	4	254	368	470
13	6	4	255	753	796
13	1	1	256	973	1033
13	7	5	257	1209	1272
13	4	0	258	1277	1308
13	7	5	259	1370	1463
13	1	1	260	1659	1673
13	4	5	261	1789	1804
13	1	1	262	1835	1906
13	5	3	263	2100	2167
13	4	5	264	2206	2247
13	6	4	265	2255	2326
13	0	0	266	2353	2429
13	1	1	267	2557	2608
14	1	3	268	0	22
14	2	3	269	85	137
14	4	5	270	228	307
14	0	0	271	312	339
14	0	0	272	339	374
14	2	3	273	421	431
14	4	5	274	579	626
14	7	5	275	667	686
14	3	2	276	707	785
14	0	2	277	907	942
14	5	2	278	1092	1187
14	4	5	279	1194	1209
14	0	0	280	1308	1368
14	2	3	281	1399	1451
14	7	5	282	1463	1550
14	4	5	283	1550	1634
14	3	2	284	1747	1825
14	0	0	285	2085	2173
14	1	1	286	2388	2422
14	2	3	287	2527	2581
14	3	2	288	2583	2607
14	0	2	289	2607	2656
14	2	3	290	2730	2768
14	1	1	291	2796	2845
14	7	5	292	2845	2878


Solution History:
