This is the output of Heuristic Solver for Dual resource constrained flexible job shop Scheduling Problem.
Input file is: Dauzere_10a.txt
Method: FaFM
Seed: 1
Number of Jobs: 15
Number of Operations: 293
Number of Machines: 8
Number of Operators: 6
CPU Time: 100.392
obj: 2988
Best found lower bound:0
Solver gap (best found lower bound and upper bound difference): Not known


Final Solution:
Job	Machine	Operator	Operation	Start Time	Finish Time
0	3	1	0	31	58
0	7	5	1	190	254
0	0	2	2	270	310
0	3	2	3	568	651
0	6	3	4	840	869
0	2	3	5	869	934
0	7	5	6	975	1008
0	3	2	7	1059	1076
0	7	5	8	1154	1214
0	5	2	9	1362	1452
0	0	0	10	2070	2112
0	4	5	11	2345	2439
0	4	5	12	2439	2510
0	3	1	13	2516	2562
0	0	0	14	2770	2859
1	5	2	15	0	68
1	5	4	16	157	193
1	2	3	17	193	285
1	7	5	18	304	328
1	2	3	19	747	777
1	0	0	20	832	926
1	6	4	21	974	999
1	7	5	22	1008	1084
1	4	0	23	1154	1191
1	6	4	24	1191	1261
1	3	1	25	1331	1383
1	6	4	26	1451	1508
1	2	3	27	1674	1713
1	1	1	28	1718	1775
1	0	0	29	1904	1976
1	5	2	30	2040	2117
1	6	4	31	2215	2295
1	5	4	32	2596	2683
1	6	4	33	2683	2727
1	2	3	34	2727	2816
2	0	0	35	44	124
2	0	0	36	124	148
2	5	2	37	339	427
2	4	5	38	515	592
2	4	5	39	592	642
2	4	5	40	689	748
2	5	2	41	880	936
2	0	2	42	994	1038
2	5	4	43	1092	1189
2	7	5	44	1214	1253
2	4	5	45	1395	1455
2	1	1	46	1561	1633
2	2	3	47	1713	1774
2	3	1	48	1775	1831
2	4	5	49	1856	1895
2	1	1	50	1907	1939
2	5	2	51	1939	1981
2	6	4	52	1991	2069
2	1	1	53	2159	2235
2	1	1	54	2447	2516
2	0	0	55	2568	2642
2	6	4	56	2727	2771
2	2	3	57	2926	2988
3	6	3	58	0	65
3	5	4	59	268	335
3	6	4	60	335	432
3	4	0	61	995	1028
3	3	2	62	1076	1142
3	1	3	63	1239	1265
3	1	3	64	1265	1326
3	5	2	65	1452	1491
3	5	4	66	1508	1603
3	3	2	67	1720	1755
3	4	0	68	1771	1848
3	0	0	69	1866	1904
3	0	0	70	2340	2402
3	0	0	71	2477	2568
3	4	5	72	2646	2716
3	5	2	73	2812	2899
3	1	1	74	2899	2946
3	6	4	75	2946	2983
4	4	5	76	0	58
4	7	4	77	65	156
4	1	1	78	206	250
4	4	0	79	261	342
4	4	5	80	642	689
4	7	5	81	748	846
4	4	0	82	926	995
4	5	4	83	999	1092
4	1	3	84	1191	1239
4	6	4	85	1261	1298
4	7	4	86	1389	1451
4	4	0	87	1455	1551
4	4	0	88	1627	1694
4	5	4	89	1712	1772
4	7	5	90	2048	2140
4	6	4	91	2161	2215
4	5	2	92	2225	2326
4	3	1	93	2562	2626
4	1	1	94	2731	2818
4	6	4	95	2835	2906
4	4	0	96	2948	2972
5	3	1	97	270	303
5	3	1	98	339	375
5	6	4	99	432	455
5	0	0	100	476	574
5	1	1	101	574	667
5	7	4	102	680	744
5	5	2	103	1199	1222
5	3	1	104	1242	1331
5	1	3	105	1331	1376
5	7	5	106	1934	2007
5	2	3	107	2101	2150
5	2	3	108	2150	2240
5	5	4	109	2495	2520
5	6	4	110	2539	2577
5	5	2	111	2899	2983
6	4	5	112	116	190
6	2	3	113	285	377
6	1	1	114	377	434
6	5	3	115	475	515
6	5	3	116	515	570
6	3	2	117	651	717
6	3	2	118	1142	1199
6	4	5	119	1298	1395
6	2	3	120	1449	1515
6	0	0	121	1551	1627
6	5	4	122	1695	1712
6	4	5	123	1895	1934
6	7	5	124	2286	2345
6	3	1	125	2347	2400
6	4	5	126	2510	2533
6	3	2	127	2688	2744
6	4	5	128	2755	2845
7	4	5	129	58	116
7	6	4	130	193	268
7	7	5	131	268	304
7	3	1	132	717	770
7	0	2	133	775	832
7	4	5	134	846	888
7	3	1	135	888	962
7	3	1	136	962	1000
7	7	5	137	1084	1154
7	7	4	138	1298	1370
7	3	1	139	1405	1449
7	7	5	140	1517	1537
7	4	5	141	1573	1610
7	2	3	142	1628	1674
7	7	5	143	1691	1783
7	0	2	144	1799	1866
7	4	5	145	2007	2048
7	0	0	146	2196	2263
7	1	1	147	2315	2347
7	6	4	148	2370	2400
7	6	4	149	2400	2467
7	2	3	150	2480	2542
7	0	0	151	2642	2709
7	7	5	152	2716	2755
7	4	5	153	2845	2891
8	3	1	154	58	134
8	0	2	155	157	202
8	4	5	156	342	427
8	1	1	157	499	558
8	7	4	158	605	680
8	5	3	159	709	747
8	7	4	160	846	930
8	6	3	161	1049	1095
8	6	3	162	1115	1191
8	7	5	163	1253	1298
8	3	1	164	1383	1405
8	7	5	165	1455	1517
8	6	4	166	1603	1695
8	0	2	167	1695	1720
8	5	4	168	1772	1806
8	2	3	169	1806	1899
8	6	4	170	1904	1991
8	5	2	171	1991	2040
8	3	1	172	2072	2159
8	5	2	173	2326	2369
8	0	0	174	2709	2770
8	6	4	175	2771	2835
8	0	0	176	2904	2936
9	3	2	177	206	270
9	2	3	178	377	436
9	6	4	179	455	546
9	5	4	180	570	605
9	4	0	181	748	830
9	5	2	182	838	880
9	6	4	183	930	974
9	3	1	184	1199	1242
9	0	0	185	1283	1371
9	0	0	186	1371	1439
9	2	3	187	1564	1628
9	4	0	188	1694	1771
9	1	3	189	1775	1803
9	2	3	190	2050	2101
9	5	2	191	2369	2397
9	1	1	192	2400	2447
9	6	4	193	2467	2495
9	5	2	194	2520	2596
9	2	3	195	2633	2727
10	7	4	196	0	65
10	5	2	197	68	157
10	3	2	198	427	484
10	3	2	199	484	568
10	1	3	200	777	840
10	5	2	201	936	994
10	1	1	202	1059	1152
10	3	2	203	1491	1541
10	3	1	204	1633	1718
10	7	5	205	1783	1856
10	6	4	206	1856	1904
10	0	0	207	1976	2070
10	5	2	208	2117	2206
10	4	5	209	2206	2247
10	6	4	210	2295	2370
10	2	3	211	2378	2402
10	3	2	212	2626	2688
10	5	2	213	2744	2769
10	2	3	214	2867	2926
11	3	2	215	310	339
11	7	5	216	427	515
11	2	3	217	570	597
11	0	0	218	611	699
11	0	2	219	717	775
11	3	1	220	775	825
11	3	1	221	825	887
11	6	3	222	1095	1115
11	5	2	223	1222	1293
11	5	2	224	1293	1362
11	6	3	225	1515	1564
11	5	4	226	1806	1854
11	1	1	227	1939	1976
11	5	2	228	2206	2225
11	1	1	229	2235	2315
11	0	2	230	2402	2415
11	3	2	231	2415	2511
11	7	5	232	2533	2562
11	7	5	233	2562	2646
11	5	2	234	2769	2812
11	0	0	235	2859	2904
12	0	0	236	0	44
12	1	3	237	65	122
12	0	0	238	342	399
12	1	1	239	434	499
12	0	0	240	574	611
12	5	4	241	747	838
12	1	3	242	934	1027
12	4	0	243	1028	1072
12	3	2	244	1541	1603
12	2	3	245	1899	1977
12	3	1	246	1977	2072
12	0	0	247	2112	2196
12	2	3	248	2285	2378
12	0	0	249	2415	2477
12	6	4	250	2520	2539
12	2	3	251	2542	2633
13	3	1	252	134	206
13	0	0	253	399	476
13	6	3	254	612	709
13	7	5	255	930	975
13	3	1	256	1000	1059
13	1	1	257	1449	1512
13	7	5	258	1537	1573
13	5	2	259	1603	1691
13	0	2	260	1755	1779
13	0	2	261	1779	1799
13	5	2	262	1866	1937
13	4	5	263	2140	2205
13	2	3	264	2240	2285
13	1	1	265	2626	2690
13	3	1	266	2818	2892
13	4	5	267	2892	2948
14	3	1	268	0	31
14	6	3	269	122	175
14	4	0	270	190	261
14	1	1	271	303	330
14	5	3	272	436	475
14	2	3	273	597	612
14	1	1	274	667	712
14	6	3	275	1027	1049
14	4	0	276	1072	1154
14	1	1	277	1154	1188
14	0	0	278	1191	1283
14	7	4	279	1370	1389
14	1	3	280	1389	1449
14	1	1	281	1512	1561
14	7	5	282	1610	1691
14	1	1	283	1831	1907
14	2	3	284	1977	2050
14	6	4	285	2069	2161
14	4	5	286	2247	2286
14	0	0	287	2286	2340
14	5	3	288	2402	2429
14	2	3	289	2429	2480
14	1	1	290	2690	2731
14	2	3	291	2816	2867
14	6	4	292	2906	2942


Solution History:
