This is the output of Heuristic Solver for Dual resource constrained flexible job shop Scheduling Problem.
Input file is: Mk04.txt
Method: FaFM
Seed: 4
Number of Jobs: 15
Number of Operations: 90
Number of Machines: 8
Number of Operators: 6
CPU Time: 8.61887
obj: 98
Best found lower bound:0
Solver gap (best found lower bound and upper bound difference): Not known


Final Solution:
Job	Machine	Operator	Operation	Start Time	Finish Time
0	0	2	0	6	13
0	0	0	1	19	25
0	5	4	2	31	40
0	3	1	3	41	46
0	7	5	4	47	58
0	1	1	5	66	69
0	5	2	6	75	85
0	5	4	7	94	97
1	5	4	8	15	18
1	5	2	9	18	19
1	0	0	10	25	31
1	2	3	11	57	64
1	1	1	12	69	72
1	5	2	13	89	91
1	6	3	14	94	96
2	5	2	15	0	1
2	2	3	16	1	3
2	6	3	17	4	5
2	3	1	18	7	16
2	2	3	19	65	78
2	2	3	20	82	86
3	6	4	21	18	21
3	0	0	22	37	43
3	6	4	23	47	57
3	2	3	24	64	65
3	3	2	25	91	98
4	6	4	26	0	4
4	6	3	27	6	15
4	3	1	28	16	27
4	7	5	29	36	47
4	0	0	30	59	73
4	1	1	31	73	79
4	3	1	32	79	90
5	5	2	33	3	5
5	2	3	34	5	6
5	6	4	35	21	26
5	5	2	36	30	31
5	4	0	37	43	53
5	7	5	38	58	73
5	0	0	39	73	83
5	5	2	40	85	89
5	0	0	41	92	98
6	5	4	42	5	15
6	2	3	43	33	40
6	5	4	44	40	42
6	5	4	45	62	65
6	2	3	46	78	82
7	3	1	47	0	5
7	4	5	48	21	27
7	1	1	49	27	36
7	5	4	50	42	47
7	5	2	51	54	62
7	6	4	52	82	94
8	0	0	53	0	6
8	0	0	54	13	19
8	3	2	55	31	41
8	2	3	56	41	50
8	3	1	57	55	63
8	5	4	58	65	67
8	6	4	59	67	71
8	2	3	60	86	93
8	1	1	61	93	96
9	4	5	62	27	36
9	0	2	63	43	53
9	6	4	64	57	62
9	3	2	65	63	70
9	6	4	66	71	82
10	7	5	67	8	21
10	0	0	68	53	59
10	1	1	69	63	66
10	3	2	70	70	75
11	3	1	71	5	7
11	5	2	72	19	26
11	0	0	73	31	37
11	2	3	74	50	57
11	7	5	75	73	85
11	6	3	76	96	98
12	5	2	77	1	3
12	2	3	78	17	21
12	5	2	79	53	54
12	4	5	80	85	96
13	4	0	81	8	13
13	5	4	82	26	30
13	3	1	83	46	55
14	4	5	84	0	8
14	6	3	85	15	17
14	2	3	86	21	33
14	1	1	87	36	39
14	6	3	88	40	41
14	0	0	89	83	92


Solution History:
