This is the output of Heuristic Solver for Dual resource constrained flexible job shop Scheduling Problem.
Input file is: Mk04.txt
Method: FaFM
Seed: 3
Number of Jobs: 15
Number of Operations: 90
Number of Machines: 8
Number of Operators: 6
CPU Time: 8.77999
obj: 99
Best found lower bound:0
Solver gap (best found lower bound and upper bound difference): Not known


Final Solution:
Job	Machine	Operator	Operation	Start Time	Finish Time
0	0	2	0	6	13
0	0	0	1	19	25
0	5	4	2	26	35
0	3	1	3	48	53
0	7	5	4	71	82
0	1	1	5	82	85
0	5	2	6	88	98
0	5	2	7	98	99
1	5	4	8	8	11
1	5	4	9	11	14
1	0	2	10	37	44
1	5	4	11	46	55
1	1	1	12	64	67
1	5	2	13	67	69
1	6	4	14	82	88
2	5	2	15	0	1
2	2	3	16	1	3
2	6	3	17	4	5
2	3	1	18	17	26
2	2	3	19	71	84
2	2	3	20	95	99
3	6	4	21	5	8
3	0	0	22	25	31
3	6	3	23	38	47
3	2	3	24	47	48
3	3	2	25	75	82
4	6	4	26	0	4
4	0	0	27	13	19
4	3	2	28	26	36
4	7	5	29	48	59
4	0	0	30	60	74
4	1	1	31	75	81
4	4	5	32	82	93
5	5	2	33	3	5
5	2	3	34	5	6
5	3	1	35	7	17
5	5	2	36	22	23
5	3	1	37	36	44
5	2	3	38	55	71
5	0	0	39	74	84
5	5	2	40	84	88
5	0	0	41	93	99
6	4	5	42	13	24
6	2	3	43	29	36
6	5	4	44	44	46
6	5	2	45	69	74
6	2	3	46	84	88
7	3	1	47	2	7
7	4	0	48	8	13
7	1	1	49	26	35
7	5	4	50	35	40
7	5	4	51	40	44
7	6	4	52	60	72
8	0	0	53	0	6
8	6	3	54	10	19
8	2	3	55	21	29
8	7	5	56	36	48
8	3	1	57	53	61
8	5	2	58	63	67
8	6	4	59	78	82
8	2	3	60	88	95
8	1	1	61	96	99
9	4	0	62	37	42
9	0	2	63	44	54
9	6	4	64	55	60
9	3	1	65	67	75
9	6	4	66	88	99
10	7	4	67	14	23
10	0	0	68	54	60
10	1	1	69	61	64
10	3	1	70	85	87
11	3	1	71	0	2
11	5	4	72	23	26
11	0	0	73	31	37
11	2	3	74	48	55
11	7	5	75	59	71
11	6	4	76	72	78
12	5	2	77	1	3
12	2	3	78	6	10
12	5	2	79	14	15
12	4	0	80	42	54
13	5	2	81	15	22
13	5	2	82	55	63
13	3	1	83	87	96
14	4	5	84	0	8
14	6	3	85	19	21
14	7	5	86	24	36
14	2	3	87	36	38
14	3	1	88	44	48
14	0	0	89	84	93


Solution History:
