This is the output of Heuristic Solver for Dual resource constrained flexible job shop Scheduling Problem.
Input file is: Mk06.txt
Method: FaFM
Seed: 1
Number of Jobs: 10
Number of Operations: 150
Number of Machines: 15
Number of Operators: 8
CPU Time: 24.2456
obj: 113
Best found lower bound:0
Solver gap (best found lower bound and upper bound difference): Not known


Final Solution:
Job	Machine	Operator	Operation	Start Time	Finish Time
0	5	2	0	5	8
0	8	3	1	9	16
0	8	3	2	17	24
0	0	0	3	28	32
0	2	2	4	32	43
0	1	1	5	51	56
0	0	0	6	61	65
0	8	3	7	66	67
0	0	0	8	75	83
0	6	1	9	86	95
0	6	1	10	95	97
0	1	3	11	97	102
0	9	0	12	103	105
0	8	3	13	107	110
0	0	0	14	110	111
1	1	1	15	0	5
1	8	3	16	16	17
1	5	2	17	17	19
1	1	3	18	26	33
1	6	4	19	33	39
1	9	7	20	41	48
1	9	0	21	48	50
1	4	5	22	53	59
1	8	3	23	62	65
1	6	1	24	66	71
1	8	3	25	73	80
1	0	0	26	83	88
1	7	0	27	89	91
1	5	4	28	98	107
1	8	6	29	110	113
2	7	5	30	0	5
2	4	5	31	5	14
2	0	7	32	21	27
2	6	1	33	31	33
2	1	1	34	33	34
2	0	7	35	36	41
2	0	0	36	46	48
2	8	3	37	50	56
2	9	7	38	69	76
2	5	2	39	76	82
2	2	2	40	82	93
2	9	0	41	93	95
2	8	6	42	95	102
2	0	7	43	103	105
2	6	1	44	105	113
3	0	7	45	0	3
3	8	6	46	6	9
3	0	0	47	10	13
3	1	1	48	13	14
3	3	6	49	15	27
3	9	7	50	27	36
3	6	1	51	39	51
3	0	0	52	54	59
3	8	3	53	59	62
3	0	0	54	65	66
3	5	2	55	66	76
3	7	4	56	76	81
3	9	7	57	83	89
3	4	5	58	97	106
3	9	7	59	108	111
4	9	0	60	0	2
4	0	0	61	8	9
4	0	0	62	9	10
4	0	0	63	13	21
4	2	2	64	21	32
4	1	1	65	34	38
4	5	4	66	46	50
4	8	3	67	56	59
4	6	1	68	64	66
4	0	0	69	66	68
4	8	3	70	68	69
4	4	5	71	70	76
4	8	3	72	80	87
4	0	0	73	100	103
4	3	2	74	103	111
5	6	4	75	0	8
5	1	1	76	14	19
5	4	5	77	35	41
5	5	4	78	41	46
5	8	3	79	49	50
5	6	4	80	51	59
5	0	0	81	59	61
5	3	6	82	61	69
5	9	7	83	76	83
5	6	1	84	84	86
5	0	0	85	88	89
5	8	6	86	89	95
5	0	0	87	97	99
5	0	0	88	99	100
5	9	7	89	105	108
6	5	2	90	0	2
6	9	7	91	3	8
6	6	4	92	10	19
6	7	4	93	19	28
6	7	5	94	30	35
6	0	0	95	41	46
6	3	6	96	46	50
6	2	2	97	50	60
6	9	7	98	63	69
6	0	0	99	69	73
6	0	0	100	73	75
6	5	4	101	82	91
6	4	5	102	91	97
6	6	1	103	97	102
6	8	6	104	102	107
7	8	3	105	0	1
7	8	6	106	1	6
7	2	7	107	8	20
7	0	0	108	27	28
7	5	4	109	28	33
7	8	3	110	34	38
7	9	0	111	38	40
7	8	6	112	40	46
7	0	7	113	48	54
7	6	1	114	59	64
7	7	4	115	64	76
7	6	1	116	76	84
7	0	7	117	89	97
7	1	3	118	102	105
7	4	5	119	106	112
8	5	2	120	2	5
8	0	0	121	7	8
8	6	1	122	19	24
8	8	3	123	24	25
8	1	1	124	25	26
8	6	1	125	26	31
8	0	0	126	32	34
8	3	6	127	34	40
8	1	3	128	40	49
8	9	7	129	54	63
8	8	3	130	65	66
8	6	1	131	71	76
8	4	5	132	76	82
8	7	5	133	82	86
8	5	4	134	107	113
9	0	0	135	3	7
9	6	1	136	8	10
9	3	2	137	10	15
9	4	5	138	15	30
9	8	6	139	30	34
9	0	0	140	34	36
9	4	5	141	41	53
9	4	5	142	59	70
9	8	6	143	70	73
9	3	6	144	73	85
9	1	3	145	87	96
9	5	2	146	96	98
9	3	2	147	98	103
9	6	1	148	103	105
9	0	0	149	105	110


Solution History:
