This is the output of Heuristic Solver for Dual resource constrained flexible job shop Scheduling Problem.
Input file is: Mk10.txt
Method: FaFM
Seed: 2
Number of Jobs: 20
Number of Operations: 240
Number of Machines: 15
Number of Operators: 8
CPU Time: 33.5373
obj: 333
Best found lower bound:0
Solver gap (best found lower bound and upper bound difference): Not known


Final Solution:
Job	Machine	Operator	Operation	Start Time	Finish Time
0	5	2	0	0	5
0	5	2	1	19	30
0	1	3	2	41	50
0	8	3	3	52	62
0	0	0	4	93	103
0	8	3	5	106	118
0	7	0	6	124	135
0	2	2	7	207	215
0	9	7	8	215	226
0	9	0	9	249	254
0	6	1	10	254	259
0	9	7	11	278	287
1	5	2	12	30	41
1	9	0	13	41	50
1	5	2	14	52	57
1	0	0	15	103	112
1	2	2	16	114	126
1	3	2	17	132	143
1	12	3	18	143	161
1	2	2	19	182	196
1	1	1	20	197	206
1	8	3	21	206	213
1	2	2	22	221	227
1	9	7	23	271	278
1	4	5	24	292	303
2	2	7	25	0	10
2	0	0	26	17	29
2	6	1	27	30	39
2	1	3	28	118	129
2	5	4	29	131	146
2	9	7	30	167	175
2	2	2	31	196	207
2	7	5	32	238	250
2	9	0	33	254	263
2	2	2	34	283	295
2	1	3	35	297	306
3	4	5	36	0	10
3	2	7	37	39	50
3	4	5	38	104	126
3	1	3	39	129	137
3	9	7	40	175	181
3	6	1	41	232	243
3	2	2	42	246	259
3	5	4	43	263	275
3	1	1	44	277	285
3	7	4	45	297	307
3	7	4	46	307	319
4	6	4	47	7	19
4	9	7	48	32	39
4	6	4	49	58	70
4	9	7	50	82	98
4	2	2	51	101	114
4	0	0	52	114	124
4	4	5	53	131	136
4	1	1	54	144	149
4	9	7	55	181	193
4	0	0	56	205	220
4	0	0	57	220	232
4	0	0	58	232	244
4	3	6	59	244	257
4	8	3	60	317	330
5	8	3	61	17	26
5	0	0	62	50	57
5	3	6	63	75	89
5	1	1	64	100	108
5	6	1	65	117	128
5	0	7	66	159	167
5	6	1	67	171	182
5	1	1	68	182	187
5	6	1	69	192	197
5	4	5	70	287	292
5	4	5	71	314	329
6	1	1	72	0	11
6	5	2	73	41	52
6	1	1	74	53	64
6	9	7	75	76	82
6	8	3	76	87	94
6	8	6	77	118	128
6	3	2	78	143	153
6	9	0	79	156	165
6	9	7	80	205	215
6	4	5	81	250	265
6	3	6	82	265	279
6	12	3	83	279	297
6	2	2	84	303	309
6	0	7	85	311	319
7	8	3	86	0	10
7	5	2	87	57	68
7	6	4	88	79	88
7	7	4	89	88	99
7	3	6	90	103	118
7	8	6	91	128	143
7	4	5	92	146	157
7	3	6	93	173	181
7	6	1	94	212	232
7	9	7	95	235	243
7	5	4	96	247	254
7	2	2	97	274	283
7	9	0	98	316	331
8	5	2	99	5	19
8	6	4	100	19	28
8	7	4	101	28	44
8	9	0	102	61	66
8	9	7	103	66	76
8	7	5	104	136	146
8	3	6	105	181	193
8	3	6	106	193	206
8	3	6	107	220	231
8	5	4	108	254	263
8	0	7	109	287	299
9	9	0	110	0	8
9	4	5	111	10	25
9	1	1	112	64	72
9	8	3	113	72	87
9	3	6	114	89	103
9	9	7	115	117	126
9	7	4	116	181	201
9	2	2	117	227	240
9	1	1	118	264	272
9	6	1	119	291	306
9	3	6	120	306	318
9	7	4	121	319	332
10	9	0	122	8	17
10	4	5	123	46	57
10	3	6	124	63	75
10	8	6	125	152	164
10	4	5	126	180	195
10	0	7	127	195	205
10	7	5	128	228	238
10	1	3	129	241	252
10	8	3	130	258	265
10	2	2	131	268	274
11	9	7	132	17	32
11	4	5	133	83	104
11	9	7	134	110	117
11	3	2	135	153	163
11	2	2	136	163	171
11	7	0	137	173	181
11	3	6	138	231	244
11	1	3	139	252	258
11	4	5	140	265	276
11	9	0	141	287	302
11	0	7	142	302	311
12	6	4	143	0	7
12	1	3	144	30	41
12	3	6	145	52	63
12	6	4	146	70	79
12	8	3	147	94	106
12	2	2	148	126	132
12	5	4	149	146	154
12	5	4	150	154	168
12	2	2	151	171	182
12	8	3	152	182	189
12	1	1	153	206	212
13	1	1	154	11	22
13	7	0	155	66	79
13	0	0	156	79	93
13	5	2	157	93	101
13	4	5	158	126	131
13	4	5	159	213	228
13	9	7	160	228	235
13	2	2	161	240	246
13	7	0	162	274	282
13	6	1	163	317	332
14	8	3	164	10	17
14	4	5	165	25	46
14	8	3	166	62	71
14	6	4	167	99	116
14	9	0	168	144	156
14	3	6	169	164	173
14	6	1	170	187	192
14	5	4	171	212	224
14	9	7	172	263	271
14	6	4	173	275	291
14	5	4	174	291	297
14	4	5	175	303	314
15	6	1	176	39	53
15	4	5	177	62	83
15	1	1	178	88	100
15	0	7	179	126	138
15	1	1	180	149	157
15	4	5	181	157	162
15	7	0	182	165	173
15	8	3	183	189	204
15	3	6	184	206	220
15	1	3	185	230	241
15	9	0	186	244	249
15	4	5	187	276	287
15	2	2	188	295	303
15	9	0	189	303	316
16	3	6	190	11	22
16	3	6	191	22	39
16	7	4	192	44	58
16	5	2	193	68	82
16	5	2	194	82	93
16	9	0	195	135	144
16	8	6	196	144	152
16	12	3	197	161	172
16	5	4	198	172	181
16	0	0	199	181	195
16	2	2	200	259	268
16	1	1	201	272	277
16	2	2	202	321	332
17	3	6	203	0	11
17	0	0	204	29	41
17	9	7	205	50	61
17	5	4	206	116	131
17	1	3	207	137	143
17	1	1	208	157	171
17	9	0	209	195	204
17	5	4	210	224	235
17	8	6	211	279	292
17	1	3	212	306	317
17	3	6	213	318	333
18	1	1	214	22	30
18	1	1	215	72	83
18	1	1	216	108	117
18	6	1	217	128	144
18	2	7	218	144	159
18	4	5	219	195	213
18	2	2	220	215	221
18	8	3	221	221	230
18	5	4	222	235	247
18	0	7	223	247	259
18	6	1	224	259	264
18	12	3	225	265	279
18	6	1	226	306	317
19	2	7	227	10	17
19	8	6	228	39	52
19	4	5	229	57	62
19	1	1	230	83	88
19	9	7	231	98	110
19	4	5	232	162	180
19	6	4	233	201	212
19	8	3	234	213	220
19	6	1	235	243	254
19	0	0	236	263	274
19	3	6	237	292	306
19	2	2	238	309	321
19	0	7	239	321	332


Solution History:
