This is the output of Heuristic Solver for Dual resource constrained flexible job shop Scheduling Problem.
Input file is: wfjsp16_4.txt
Method: FaFM
Seed: 1
Number of Jobs: 40
Number of Operations: 306
Number of Machines: 15
Number of Operators: 15
CPU Time: 57.9926
obj: 1092
Best found lower bound:0
Solver gap (best found lower bound and upper bound difference): Not known


Final Solution:
Job	Machine	Operator	Operation	Start Time	Finish Time
0	1	9	0	83	154
0	4	9	1	267	326
0	1	0	2	387	454
0	2	8	3	480	542
0	10	5	4	665	755
0	10	10	5	769	801
0	8	11	6	825	871
0	4	14	7	960	973
0	8	2	8	1035	1080
1	1	6	9	0	22
1	1	8	10	22	37
1	3	5	11	37	76
1	6	13	12	130	196
1	7	3	13	303	326
1	8	2	14	361	435
1	7	5	15	494	568
1	8	10	16	710	769
1	7	10	17	975	1029
2	14	11	18	77	113
2	10	3	19	199	216
2	14	6	20	310	356
2	7	5	21	417	494
2	6	9	22	611	624
2	14	6	23	684	747
2	12	0	24	816	887
3	2	8	25	41	53
3	3	5	26	76	170
3	0	1	27	184	258
3	12	0	28	690	784
3	14	6	29	892	938
3	12	12	30	941	1034
4	0	9	31	17	83
4	6	13	32	328	395
4	9	14	33	426	473
4	9	4	34	674	692
4	9	4	35	849	915
4	12	12	36	1034	1061
4	10	5	37	1064	1087
5	13	4	38	115	185
5	12	0	39	233	280
5	7	5	40	604	660
5	2	9	41	684	715
5	11	9	42	858	909
5	13	8	43	909	995
6	11	12	44	0	71
6	7	8	45	190	256
6	6	13	46	395	425
6	13	9	47	497	520
6	0	1	48	591	654
6	8	11	49	769	798
6	8	7	50	874	925
6	4	14	51	973	1006
7	5	14	52	88	184
7	7	3	53	263	303
7	9	7	54	311	325
7	11	12	55	477	509
7	4	7	56	574	657
7	7	10	57	663	675
7	7	8	58	684	752
7	13	9	59	760	806
7	6	3	60	861	924
8	1	1	61	41	81
8	0	1	62	154	184
8	14	2	63	195	210
8	14	6	64	286	310
8	3	1	65	390	434
8	3	6	66	624	684
8	7	5	67	755	798
8	14	7	68	1014	1045
9	2	2	69	54	110
9	2	9	70	161	224
9	0	1	71	357	390
9	0	7	72	390	438
9	1	0	73	583	661
9	11	12	74	683	733
9	2	4	75	737	748
9	11	13	76	909	984
9	14	6	77	1045	1091
10	8	14	78	64	88
10	1	6	79	154	233
10	8	2	80	435	498
10	4	10	81	522	574
10	6	9	82	624	678
10	6	13	83	681	708
10	7	5	84	810	892
10	4	14	85	936	960
10	2	1	86	960	993
11	13	4	87	0	43
11	11	13	88	199	270
11	14	11	89	456	505
11	14	11	90	505	529
11	5	14	91	714	744
11	3	6	92	747	823
11	2	8	93	846	900
11	5	0	94	1043	1089
12	2	1	95	0	41
12	13	4	96	43	115
12	9	7	97	115	183
12	9	0	98	183	233
12	5	7	99	438	452
12	13	11	100	584	631
12	14	3	101	747	776
12	8	11	102	798	825
12	0	11	103	871	918
12	13	8	104	1055	1074
13	7	8	105	120	190
13	4	14	106	190	267
13	13	2	107	311	361
13	10	3	108	372	415
13	10	3	109	415	486
13	9	4	110	553	625
13	9	4	111	625	674
13	4	13	112	786	850
13	14	0	113	938	1014
13	1	10	114	1082	1091
14	5	10	115	245	343
14	14	11	116	359	408
14	5	10	117	453	522
14	14	3	118	645	678
14	4	0	119	887	936
14	5	6	120	938	970
14	2	1	121	1038	1068
15	5	10	122	0	32
15	10	7	123	49	109
15	2	11	124	113	161
15	12	11	125	161	233
15	2	0	126	308	387
15	11	12	127	799	847
15	3	7	128	847	874
15	7	5	129	892	967
15	4	14	130	1006	1073
16	13	7	131	185	232
16	12	6	132	398	445
16	2	8	133	542	559
16	12	3	134	565	611
16	5	14	135	744	780
16	4	13	136	850	883
16	6	4	137	924	976
17	10	3	138	0	47
17	9	3	139	54	72
17	9	3	140	72	95
17	10	3	141	326	372
17	0	1	142	488	591
17	2	8	143	637	684
17	11	12	144	733	799
17	1	9	145	909	979
18	3	5	146	0	28
18	7	8	147	53	120
18	2	9	148	246	259
18	12	13	149	280	314
18	13	9	150	361	410
18	3	6	151	529	561
18	5	10	152	574	602
18	4	7	153	657	721
18	2	8	154	752	846
19	3	5	155	170	262
19	11	12	156	337	403
19	4	14	157	403	426
19	7	5	158	568	604
19	14	3	159	611	645
19	14	7	160	780	846
19	14	6	161	846	892
19	0	11	162	948	1016
20	0	1	163	83	154
20	14	2	164	210	237
20	2	9	165	237	246
20	8	10	166	682	710
20	6	4	167	976	1020
21	6	0	168	0	65
21	8	12	169	137	220
21	9	2	170	237	311
21	3	4	171	434	529
21	9	4	172	529	553
21	8	12	173	584	682
21	6	3	174	786	861
21	10	10	175	879	975
21	13	8	176	995	1027
21	5	10	177	1029	1043
22	9	2	178	0	38
22	8	10	179	88	133
22	8	11	180	338	359
22	14	2	181	533	610
22	1	2	182	690	726
22	0	11	183	1016	1092
23	8	14	184	0	64
23	6	13	185	65	130
23	6	4	186	196	269
23	2	0	187	280	308
23	1	0	188	454	537
23	10	0	189	537	583
23	5	14	190	861	926
23	3	3	191	995	1071
24	4	0	192	65	124
24	6	9	193	425	485
24	13	11	194	631	697
24	9	4	195	710	737
24	3	6	196	823	840
24	2	2	197	900	923
25	14	2	198	113	195
25	5	10	199	197	245
25	11	13	200	317	328
25	3	6	201	356	385
25	13	12	202	520	584
25	6	13	203	708	786
26	9	2	204	38	54
26	12	6	205	72	154
26	11	3	206	169	199
26	0	11	207	258	338
26	5	7	208	522	548
26	10	14	209	583	597
26	12	0	210	784	816
26	1	2	211	836	900
26	3	3	212	930	995
26	2	1	213	995	1038
27	1	8	214	319	352
27	6	14	215	485	528
27	3	3	216	684	715
27	1	2	217	821	836
27	13	12	218	858	886
28	7	7	219	0	49
28	9	4	220	325	426
28	13	13	221	426	497
28	10	14	222	597	665
28	3	1	223	874	930
29	11	12	224	71	137
29	1	6	225	233	256
29	14	6	226	256	286
29	2	8	227	387	480
29	12	3	228	524	565
29	9	4	229	800	849
29	6	4	230	1020	1067
30	14	11	231	0	77
30	10	5	232	263	314
30	4	7	233	326	386
30	12	6	234	445	522
30	6	13	235	528	611
30	11	2	236	611	621
30	1	0	237	661	690
30	8	2	238	925	988
30	12	12	239	1061	1090
31	10	10	240	138	197
31	11	14	241	270	317
31	5	10	242	343	408
31	4	7	243	453	519
31	1	14	244	537	582
31	3	9	245	715	746
31	7	5	246	798	810
31	13	9	247	810	858
31	0	11	248	918	948
31	5	6	249	970	1021
32	5	10	250	32	83
32	13	7	251	232	306
32	1	8	252	352	379
32	11	12	253	403	430
32	0	1	254	438	488
32	2	8	255	559	637
32	13	11	256	697	760
32	0	1	257	767	868
32	11	13	258	984	1012
32	9	0	259	1014	1043
33	4	13	260	0	65
33	8	11	261	533	581
33	11	2	262	621	683
33	9	4	263	748	800
33	11	13	264	1012	1083
34	8	12	265	220	287
34	12	14	266	317	398
34	11	12	267	430	477
34	8	2	268	498	533
34	5	7	269	548	574
34	0	1	270	724	767
34	9	7	271	925	992
35	0	8	272	0	17
35	7	5	273	326	417
35	11	9	274	520	609
35	5	14	275	665	714
35	1	2	276	726	821
36	12	6	277	22	72
36	10	3	278	109	138
36	11	3	279	138	169
36	8	12	280	287	337
36	14	11	281	408	456
36	5	10	282	602	663
36	0	1	283	663	724
36	10	10	284	870	879
36	12	12	285	887	941
36	1	9	286	979	1049
37	3	1	287	262	354
37	5	10	288	408	424
37	3	6	289	561	624
37	10	10	290	801	870
37	10	5	291	975	1064
38	1	8	292	256	319
38	4	10	293	426	453
38	10	3	294	486	524
38	12	13	295	611	681
38	4	7	296	721	780
39	4	0	297	124	164
39	10	3	298	216	263
39	6	4	299	269	319
39	0	9	300	338	357
39	9	4	301	692	710
39	5	14	302	780	861
39	8	2	303	988	1035
39	13	8	304	1035	1055
39	1	10	305	1055	1082


Solution History:
