This is the output of Heuristic Solver for Dual resource constrained flexible job shop Scheduling Problem.
Input file is: wfjsp7_6.txt
Method: FaFM
Seed: 5
Number of Jobs: 12
Number of Operations: 96
Number of Machines: 5
Number of Operators: 5
CPU Time: 17.7031
obj: 1019
Best found lower bound:0
Solver gap (best found lower bound and upper bound difference): Not known


Final Solution:
Job	Machine	Operator	Operation	Start Time	Finish Time
0	1	4	0	0	62
0	4	2	1	111	151
0	0	1	2	151	213
0	4	0	3	397	439
0	1	1	4	455	550
0	0	4	5	574	665
0	3	3	6	754	782
0	3	3	7	782	808
0	3	3	8	808	893
1	0	1	9	0	14
1	0	1	10	54	150
1	3	3	11	277	343
1	4	0	12	364	397
1	1	1	13	416	455
1	4	0	14	487	544
1	3	3	15	655	738
1	0	4	16	887	963
2	2	2	17	0	84
2	2	2	18	84	111
2	1	1	19	218	267
2	0	4	20	429	483
2	2	2	21	486	528
2	4	0	22	544	639
2	4	2	23	753	824
2	0	4	24	963	1019
3	0	1	25	14	54
3	1	4	26	62	94
3	4	0	27	101	110
3	2	0	28	111	188
3	2	0	29	188	274
3	4	0	30	439	487
3	2	2	31	587	602
3	2	0	32	719	807
3	3	3	33	893	970
3	1	1	34	978	1017
4	4	0	35	25	101
4	4	2	36	163	202
4	4	2	37	291	315
4	3	3	38	386	471
4	2	2	39	602	638
4	4	2	40	704	753
4	0	4	41	841	887
4	4	2	42	907	972
5	3	3	43	179	264
5	2	2	44	317	405
5	3	3	45	558	606
5	0	4	46	718	809
5	1	1	47	873	908
5	1	1	48	908	954
5	4	2	49	972	984
6	3	3	50	97	179
6	1	4	51	189	218
6	3	3	52	264	277
6	4	0	53	317	364
6	3	3	54	471	558
6	1	1	55	559	570
6	2	0	56	639	719
6	1	1	57	722	788
6	1	1	58	810	873
6	3	3	59	970	1017
7	3	3	60	0	88
7	4	2	61	151	163
7	1	1	62	327	416
7	0	4	63	665	718
7	1	1	64	788	810
7	4	2	65	824	850
7	2	0	66	897	982
8	1	1	67	267	308
8	0	4	68	320	412
8	4	2	69	639	704
8	3	3	70	738	754
8	0	4	71	809	841
8	2	0	72	982	1019
9	1	4	73	94	189
9	2	0	74	274	317
9	3	3	75	343	386
9	1	1	76	550	559
9	2	2	77	564	587
9	1	1	78	627	722
9	2	0	79	807	897
9	4	2	80	897	907
10	4	0	81	0	25
10	3	3	82	88	97
10	4	2	83	202	291
10	0	4	84	302	320
10	2	2	85	405	486
10	0	4	86	486	574
10	1	1	87	574	627
10	1	1	88	954	978
10	4	2	89	984	1016
11	0	4	90	218	302
11	1	1	91	308	327
11	0	4	92	412	429
11	2	2	93	528	564
11	3	3	94	606	655
11	4	2	95	850	894


Solution History:
