This is the output of Heuristic Solver for Dual resource constrained flexible job shop Scheduling Problem.
Input file is: wfjsp18_6.txt
Method: FaFM
Seed: 4
Number of Jobs: 20
Number of Operations: 160
Number of Machines: 10
Number of Operators: 8
CPU Time: 16.1165
obj: 1118
Best found lower bound:0
Solver gap (best found lower bound and upper bound difference): Not known


Final Solution:
Job	Machine	Operator	Operation	Start Time	Finish Time
0	3	6	0	19	83
0	3	4	1	83	124
0	1	2	2	174	235
0	4	1	3	259	301
0	2	5	4	371	466
0	9	3	5	562	653
0	7	1	6	695	723
0	2	2	7	855	882
0	6	4	8	1031	1116
1	2	3	9	110	123
1	7	7	10	164	252
1	5	0	11	370	447
1	8	3	12	447	474
1	6	7	13	537	574
1	9	3	14	811	870
1	6	4	15	900	983
1	4	3	16	1029	1114
2	0	5	17	38	129
2	5	5	18	174	204
2	1	1	19	341	389
2	8	1	20	389	442
2	7	2	21	498	540
2	5	7	22	701	789
2	7	7	23	811	888
2	3	0	24	1047	1104
3	0	5	25	0	38
3	8	0	26	88	123
3	0	4	27	320	329
3	7	7	28	421	495
3	4	0	29	584	669
3	6	6	30	669	714
3	8	2	31	754	768
3	8	2	32	768	855
3	9	6	33	985	1070
3	9	7	34	1070	1106
4	6	7	35	0	77
4	0	5	36	129	169
4	3	3	37	263	288
4	4	2	38	315	400
4	1	2	39	400	438
4	1	6	40	524	580
4	4	1	41	984	1029
4	8	2	42	1036	1102
5	1	1	43	85	170
5	4	1	44	170	259
5	2	0	45	535	584
5	2	4	46	584	671
5	0	4	47	779	815
5	7	2	48	941	985
5	3	0	49	1033	1047
6	8	3	50	123	207
6	3	3	51	288	321
6	5	1	52	328	341
6	4	3	53	402	447
6	9	0	54	447	535
6	3	4	55	535	546
6	8	1	56	562	643
6	4	5	57	830	890
6	1	6	58	894	952
6	5	5	59	978	1023
7	4	1	60	0	85
7	5	2	61	164	174
7	6	7	62	328	421
7	7	1	63	643	695
7	6	3	64	714	737
7	5	1	65	811	837
7	3	0	66	947	1033
8	7	4	67	0	39
8	8	3	68	474	562
8	3	4	69	671	736
8	6	5	70	769	782
8	6	4	71	865	900
8	8	4	72	984	1031
9	8	2	73	0	88
9	1	2	74	273	315
9	9	6	75	381	423
9	3	6	76	423	434
9	2	4	77	488	514
9	9	6	78	714	804
9	3	0	79	857	947
9	2	3	80	965	976
10	7	0	81	138	164
10	6	4	82	208	217
10	6	4	83	217	320
10	9	6	84	361	381
10	6	6	85	580	655
10	7	1	86	723	811
10	8	1	87	858	910
10	0	7	88	947	971
10	6	3	89	983	1017
11	6	6	90	121	206
11	2	3	91	208	225
11	0	4	92	329	348
11	0	7	93	495	537
11	0	4	94	815	865
11	2	2	95	898	941
12	2	3	96	0	88
12	9	6	97	206	297
12	5	1	98	301	328
12	0	4	99	348	422
12	1	2	100	438	498
12	7	1	101	540	549
12	9	3	102	653	695
12	6	5	103	782	830
12	5	2	104	882	898
12	1	6	105	952	985
13	6	3	106	88	110
13	8	3	107	225	263
13	2	5	108	272	371
13	3	4	109	546	581
13	3	7	110	581	609
13	1	6	111	804	894
13	5	1	112	910	935
13	2	2	113	985	1036
14	7	7	114	252	328
14	6	6	115	434	524
14	7	2	116	549	633
14	0	5	117	721	754
14	6	5	118	754	769
14	5	7	119	789	801
14	5	1	120	837	858
14	1	1	121	1029	1118
15	3	0	122	0	17
15	7	4	123	39	67
15	2	4	124	124	208
15	0	5	125	208	272
15	0	4	126	422	470
15	5	7	127	609	701
15	1	4	128	736	779
16	5	0	129	17	27
16	5	2	130	88	164
16	9	0	131	164	181
16	3	0	132	181	234
16	5	0	133	234	285
16	2	4	134	470	488
16	1	2	135	633	667
16	2	3	136	737	811
16	8	1	137	935	984
17	5	0	138	27	81
17	9	6	139	297	361
17	5	1	140	447	534
17	0	5	141	630	721
17	4	0	142	734	823
17	3	0	143	823	857
17	0	7	144	888	947
17	5	5	145	1023	1114
18	7	7	146	77	138
18	1	2	147	235	273
18	3	3	148	321	402
18	2	0	149	671	734
18	4	5	150	890	978
19	9	6	151	0	19
19	9	6	152	83	121
19	8	0	153	285	370
19	4	5	154	466	512
19	4	5	155	512	570
19	0	5	156	570	630
19	8	2	157	667	754
19	9	3	158	870	965
19	0	7	159	971	1066


Solution History:
