This is the output of Heuristic Solver for Dual resource constrained flexible job shop Scheduling Problem.
Input file is: wfjsp24_3.txt
Method: FaFM
Seed: 2
Number of Jobs: 40
Number of Operations: 307
Number of Machines: 15
Number of Operators: 12
CPU Time: 39.3177
obj: 1342
Best found lower bound:0
Solver gap (best found lower bound and upper bound difference): Not known


Final Solution:
Job	Machine	Operator	Operation	Start Time	Finish Time
0	10	0	0	83	151
0	7	7	1	213	227
0	1	0	2	283	302
0	7	8	3	386	465
0	5	7	4	630	702
0	13	9	5	755	823
0	0	4	6	939	1016
0	4	4	7	1016	1052
0	10	2	8	1054	1155
1	4	5	9	0	13
1	4	2	10	54	114
1	12	6	11	217	318
1	3	3	12	403	420
1	1	10	13	520	613
1	7	6	14	908	1005
1	5	7	15	1025	1054
1	14	3	16	1061	1113
2	12	3	17	25	41
2	3	6	18	88	154
2	7	7	19	227	237
2	12	1	20	333	360
2	4	6	21	360	408
2	14	11	22	426	521
2	10	9	23	586	649
2	3	6	24	694	721
2	13	8	25	981	1064
2	13	3	26	1113	1210
3	1	7	27	0	9
3	14	11	28	15	43
3	5	10	29	315	412
3	2	6	30	412	453
3	1	10	31	475	508
3	14	11	32	852	916
3	14	11	33	916	980
3	13	9	34	1210	1270
4	3	2	35	301	403
4	14	11	36	521	616
4	5	7	37	616	630
4	3	6	38	630	657
4	7	1	39	657	739
4	1	2	40	760	777
4	4	2	41	777	800
4	3	8	42	926	981
4	12	8	43	1101	1131
4	2	6	44	1131	1194
5	14	11	45	88	184
5	10	11	46	184	254
5	0	3	47	287	365
5	7	9	48	365	379
5	13	5	49	440	454
5	12	8	50	579	631
5	1	5	51	1001	1067
5	5	11	52	1200	1234
5	12	5	53	1265	1288
5	11	8	54	1288	1342
6	12	10	55	0	24
6	8	4	56	27	57
6	7	7	57	142	213
6	12	8	58	465	538
6	0	8	59	636	718
6	11	2	60	800	898
6	13	7	61	1064	1075
6	6	4	62	1111	1164
6	12	4	63	1164	1261
7	13	0	64	0	39
7	5	0	65	151	181
7	8	5	66	377	431
7	7	1	67	478	520
7	2	1	68	855	946
7	0	11	69	1054	1064
7	1	0	70	1092	1187
8	6	0	71	181	246
8	14	1	72	249	277
8	6	10	73	852	926
8	8	2	74	1155	1184
8	8	3	75	1265	1321
8	8	5	76	1321	1331
9	6	4	77	0	27
9	0	11	78	43	55
9	0	4	79	57	143
9	0	8	80	162	235
9	0	10	81	718	775
9	6	10	82	937	953
9	11	5	83	969	1000
9	6	4	84	1064	1077
10	6	4	85	393	479
10	10	9	86	550	586
10	11	5	87	643	676
10	8	10	88	696	717
10	2	5	89	767	797
10	10	4	90	884	939
10	12	9	91	1045	1090
10	3	1	92	1126	1150
10	7	8	93	1241	1271
11	2	1	94	0	40
11	5	3	95	41	131
11	8	5	96	341	377
11	2	6	97	453	530
11	6	7	98	534	616
11	8	10	99	617	696
11	2	7	100	702	755
11	11	7	101	1106	1136
11	0	8	102	1159	1241
11	2	2	103	1248	1337
12	9	9	104	0	33
12	2	2	105	40	54
12	8	10	106	77	144
12	3	3	107	420	473
12	12	3	108	636	709
12	12	6	109	805	908
12	10	10	110	953	1050
12	7	9	111	1115	1205
12	14	3	112	1210	1265
12	4	11	113	1308	1342
13	12	5	114	128	151
13	9	5	115	208	256
13	0	3	116	365	402
13	1	10	117	508	520
13	10	4	118	819	884
13	5	11	119	1234	1306
14	10	11	120	0	15
14	12	9	121	41	103
14	12	8	122	538	579
14	9	8	123	737	767
14	0	8	124	853	926
14	2	2	125	1201	1248
14	4	10	126	1248	1308
15	13	1	127	81	135
15	8	7	128	457	534
15	0	3	129	564	636
15	4	5	130	741	767
15	4	0	131	800	865
15	8	10	132	1119	1139
15	5	10	133	1139	1200
16	0	2	134	0	37
16	11	8	135	53	82
16	11	8	136	274	335
16	1	2	137	403	467
16	6	4	138	617	658
16	12	5	139	916	969
16	5	7	140	977	1025
16	9	8	141	1131	1159
16	7	6	142	1205	1236
16	10	1	143	1236	1339
17	11	1	144	177	249
17	9	11	145	256	270
17	4	0	146	472	497
17	14	11	147	689	756
17	14	11	148	980	1037
17	9	5	149	1067	1122
18	13	3	150	135	183
18	3	2	151	265	301
18	13	0	152	302	332
18	0	2	153	494	564
18	4	0	154	689	728
18	11	1	155	741	786
18	8	3	156	989	1028
18	7	9	157	1090	1115
18	0	5	158	1122	1158
19	6	0	159	39	83
19	1	5	160	95	128
19	7	7	161	237	293
19	10	4	162	479	549
19	12	3	163	709	775
19	0	11	164	789	834
19	2	2	165	947	1011
19	4	11	166	1116	1200
19	0	4	167	1261	1288
20	4	10	168	237	315
20	10	9	169	339	364
20	14	5	170	797	852
20	3	0	171	865	902
20	6	10	172	926	937
20	2	1	173	1033	1114
21	12	1	174	360	443
21	9	5	175	454	514
21	8	4	176	549	617
21	11	5	177	676	741
21	1	0	178	902	1001
21	7	6	179	1005	1090
21	3	1	180	1150	1188
22	5	3	181	0	25
22	3	6	182	154	217
22	14	11	183	277	344
22	9	2	184	606	684
22	6	4	185	708	819
22	8	3	186	881	940
22	13	7	187	950	977
22	10	2	188	1184	1201
23	2	9	189	240	339
23	11	2	190	467	494
23	2	6	191	530	560
23	4	2	192	564	606
23	4	0	193	611	689
23	7	9	194	830	898
23	11	2	195	898	947
24	10	10	196	24	77
24	12	5	197	151	159
24	6	4	198	246	316
24	14	11	199	344	353
24	11	7	200	392	457
24	6	4	201	658	708
24	0	8	202	1064	1075
24	14	9	203	1270	1338
25	6	8	204	83	162
25	0	10	205	412	475
25	14	11	206	616	689
25	7	11	207	756	765
25	5	7	208	790	861
26	1	2	209	240	265
26	8	3	210	940	989
26	6	0	211	1001	1064
26	13	8	212	1075	1101
26	8	5	213	1187	1202
27	3	6	214	0	88
27	11	7	215	107	142
27	9	10	216	775	852
27	12	9	217	969	1045
27	11	10	218	1050	1064
27	1	7	219	1257	1327
28	8	8	220	0	16
28	4	2	221	114	217
28	8	5	222	256	312
28	3	6	223	657	694
28	5	8	224	729	737
28	13	7	225	861	950
28	0	7	226	1075	1106
28	9	5	227	1159	1187
28	12	4	228	1288	1315
29	14	9	229	198	240
29	13	0	230	246	283
29	10	1	231	283	333
29	4	0	232	430	472
29	8	2	233	734	760
29	9	10	234	1200	1246
30	11	1	235	142	177
30	5	3	236	183	287
30	5	9	237	412	485
30	9	1	238	520	602
30	2	1	239	630	656
30	0	11	240	834	850
30	8	3	241	1028	1061
30	6	4	242	1077	1111
30	7	6	243	1287	1317
31	7	7	244	44	107
31	13	0	245	332	430
31	13	3	246	473	504
31	13	3	247	535	558
31	11	0	248	1064	1092
31	11	1	249	1188	1225
32	10	11	250	364	426
32	13	5	251	431	440
32	13	3	252	504	535
32	10	9	253	649	720
32	1	0	254	1187	1257
32	3	6	255	1257	1287
32	13	5	256	1288	1315
33	4	8	257	16	53
33	9	11	258	55	88
33	11	8	259	335	386
33	14	11	260	765	789
33	9	5	261	852	916
33	0	2	262	1016	1054
34	1	10	263	144	237
34	4	6	264	318	354
34	5	0	265	552	611
34	1	3	266	777	881
34	9	1	267	990	1033
35	7	7	268	9	44
35	8	4	269	144	193
35	8	4	270	193	240
35	5	9	271	485	550
35	7	1	272	786	830
35	2	1	273	830	855
35	4	11	274	1064	1088
35	3	6	275	1090	1126
35	11	7	276	1136	1177
36	8	5	277	312	341
36	11	5	278	514	577
36	11	5	279	577	643
36	9	2	280	684	734
36	3	6	281	734	805
37	14	1	282	43	81
37	9	9	283	103	198
37	0	8	284	235	274
37	1	7	285	302	392
37	10	1	286	443	478
37	10	0	287	728	796
37	9	1	288	946	990
37	8	5	289	1202	1265
37	6	0	290	1265	1309
38	12	5	291	159	208
38	2	2	292	217	240
38	6	4	293	316	393
38	5	7	294	755	790
38	5	9	295	898	968
38	8	10	296	1064	1119
38	7	8	297	1271	1283
39	11	5	298	13	34
39	1	5	299	34	95
39	4	0	300	497	552
39	2	6	301	560	630
39	5	8	302	718	729
39	13	9	303	729	755
39	8	8	304	767	853
39	4	11	305	1088	1116
39	6	7	306	1177	1243


Solution History:
