This is the output of Heuristic Solver for Dual resource constrained flexible job shop Scheduling Problem.
Input file is: wfjsp13_5.txt
Method: FaFM
Seed: 4
Number of Jobs: 25
Number of Operations: 244
Number of Machines: 15
Number of Operators: 15
CPU Time: 51.3334
obj: 835
Best found lower bound:0
Solver gap (best found lower bound and upper bound difference): Not known


Final Solution:
Job	Machine	Operator	Operation	Start Time	Finish Time
0	12	1	0	0	14
0	6	14	1	118	160
0	8	11	2	254	342
0	0	9	3	349	417
0	12	0	4	467	534
0	3	12	5	534	571
0	1	0	6	601	671
0	6	8	7	680	725
1	13	0	8	0	44
1	6	14	9	81	118
1	12	1	10	175	204
1	10	3	11	204	272
1	11	7	12	325	346
1	7	14	13	368	382
1	14	7	14	489	558
1	2	1	15	558	622
1	9	13	16	630	644
1	14	6	17	760	806
2	14	7	18	45	112
2	11	6	19	215	256
2	0	13	20	259	290
2	13	0	21	335	378
2	10	12	22	379	408
2	10	3	23	434	464
2	7	10	24	489	586
2	12	8	25	606	650
2	9	13	26	718	758
2	3	11	27	758	781
3	7	5	28	0	9
3	5	3	29	9	54
3	3	12	30	80	164
3	10	3	31	304	360
3	11	6	32	385	451
3	0	5	33	451	537
3	2	4	34	622	702
3	5	12	35	702	741
3	5	1	36	741	755
4	7	5	37	9	55
4	12	0	38	94	175
4	7	10	39	194	263
4	4	5	40	300	368
4	9	4	41	369	398
4	5	14	42	418	480
4	9	14	43	480	521
4	14	7	44	558	575
4	3	7	45	575	642
5	8	10	46	26	108
5	7	10	47	108	194
5	6	4	48	253	298
5	14	13	49	309	390
5	1	1	50	431	509
5	6	2	51	519	528
5	6	2	52	540	574
5	9	13	53	644	718
5	12	5	54	744	777
6	3	12	55	0	80
6	0	8	56	192	212
6	13	11	57	214	251
6	7	10	58	263	349
6	13	14	59	382	395
6	8	9	60	427	456
6	2	4	61	476	546
6	1	12	62	573	590
6	0	9	63	594	638
6	10	7	64	674	707
6	10	7	65	707	794
7	9	4	66	42	120
7	13	11	67	169	214
7	0	8	68	214	259
7	5	8	69	259	277
7	12	1	70	288	375
7	14	10	71	390	476
7	6	2	72	476	519
7	9	14	73	545	587
7	4	0	74	587	601
7	8	5	75	628	712
7	6	8	76	725	755
7	7	8	77	767	815
8	4	6	78	0	67
8	5	3	79	67	149
8	10	3	80	164	189
8	13	0	81	268	335
8	12	0	82	418	467
8	10	3	83	467	476
8	8	9	84	534	559
8	10	8	85	559	568
8	13	6	86	580	591
8	13	11	87	592	670
8	14	6	88	675	760
9	2	9	89	93	139
9	4	5	90	205	233
9	6	2	91	301	389
9	3	8	92	389	434
9	0	5	93	434	443
9	4	0	94	534	582
9	5	12	95	590	665
9	3	11	96	781	826
10	0	9	97	17	65
10	11	13	98	92	114
10	14	7	99	114	159
10	9	14	100	230	293
10	4	5	101	368	380
10	7	7	102	385	451
10	10	3	103	494	558
10	4	6	104	605	675
10	13	14	105	680	732
10	2	10	106	732	819
11	4	5	107	67	149
11	11	6	108	184	215
11	14	7	109	215	309
11	0	8	110	309	348
11	1	8	111	349	382
11	13	6	112	525	562
11	1	8	113	590	599
11	4	11	114	675	756
11	4	12	115	756	786
11	4	5	116	786	809
12	11	10	117	9	24
12	9	4	118	150	214
12	3	9	119	228	263
12	2	2	120	268	301
12	3	14	121	301	333
12	7	10	122	349	368
12	8	9	123	456	534
12	14	11	124	575	592
13	9	4	125	120	150
13	14	7	126	173	194
13	4	5	127	233	300
13	6	2	128	389	472
13	10	3	129	476	484
13	3	9	130	642	661
13	2	4	131	702	732
13	0	13	132	763	820
14	11	3	133	0	9
14	11	13	134	24	92
14	5	3	135	149	164
14	14	7	136	164	173
14	1	0	137	175	224
14	1	0	138	224	265
14	1	9	139	265	349
14	13	6	140	562	580
14	10	3	141	645	653
14	10	8	142	653	673
15	6	14	143	0	81
15	11	6	144	114	184
15	6	12	145	184	253
15	9	12	146	293	312
15	4	5	147	380	405
15	9	12	148	408	477
15	11	13	149	477	555
15	6	2	150	574	645
15	7	7	151	646	674
15	8	5	152	712	744
15	9	9	153	758	827
16	2	2	154	0	26
16	12	2	155	26	94
16	4	5	156	149	205
16	12	1	157	205	288
16	0	13	158	290	305
16	14	10	159	476	489
16	5	11	160	489	570
16	10	3	161	573	645
16	3	10	162	661	730
16	11	3	163	738	803
16	11	3	164	803	835
17	0	9	165	0	17
17	13	0	166	44	92
17	0	13	167	114	192
17	9	4	168	214	230
17	13	2	169	251	268
17	11	7	170	346	385
17	2	13	171	390	450
17	3	8	172	450	531
17	7	14	173	587	646
17	0	2	174	646	716
17	1	0	175	734	797
18	13	11	176	92	169
18	3	14	177	169	228
18	3	12	178	263	285
18	5	8	179	285	307
18	5	12	180	312	379
18	1	0	181	382	418
18	10	3	182	418	434
18	7	7	183	451	487
18	4	12	184	487	530
18	11	13	185	555	630
18	7	9	186	674	754
18	5	2	187	763	828
19	14	7	188	0	45
19	0	6	189	67	113
19	11	6	190	256	325
19	9	6	191	325	356
19	13	4	192	398	450
19	12	8	193	534	558
19	1	3	194	558	573
19	5	12	195	665	702
19	7	8	196	755	767
20	9	4	197	0	42
20	10	8	198	44	93
20	1	1	199	93	159
20	8	13	200	192	254
20	10	3	201	272	290
20	13	6	202	451	525
20	12	4	203	558	606
20	14	10	204	606	655
20	11	3	205	655	738
21	1	11	206	0	89
21	2	9	207	139	182
21	2	9	208	182	228
21	10	3	209	290	304
21	12	1	210	375	414
21	0	9	211	417	427
21	4	11	212	430	467
21	9	14	213	521	534
21	0	9	214	559	594
21	12	1	215	650	741
21	3	12	216	741	756
21	6	1	217	756	795
22	8	8	218	0	26
22	10	8	219	26	44
22	8	11	220	342	420
22	1	1	221	420	431
22	2	4	222	450	476
22	10	3	223	484	494
22	9	14	224	534	545
22	9	6	225	591	605
22	0	2	226	716	763
23	8	8	227	108	184
23	2	4	228	301	369
23	4	5	229	405	430
23	6	2	230	528	540
23	0	5	231	540	558
23	5	8	232	570	589
23	6	14	233	646	680
23	13	14	234	732	793
24	2	1	235	26	93
24	10	2	236	94	164
24	5	2	237	164	248
24	5	3	238	379	395
24	5	3	239	395	418
24	1	1	240	509	550
24	8	5	241	559	628
24	1	0	242	671	734
24	8	4	243	744	834


Solution History:
