This is the output of Heuristic Solver for Dual resource constrained flexible job shop Scheduling Problem.
Input file is: wfjsp12_4.txt
Method: FaFM
Seed: 3
Number of Jobs: 25
Number of Operations: 198
Number of Machines: 10
Number of Operators: 10
CPU Time: 13.0202
obj: 1049
Best found lower bound:0
Solver gap (best found lower bound and upper bound difference): Not known


Final Solution:
Job	Machine	Operator	Operation	Start Time	Finish Time
0	6	4	0	74	161
0	8	5	1	163	224
0	6	0	2	230	298
0	2	1	3	397	459
0	0	8	4	579	674
0	3	6	5	705	736
0	7	2	6	736	775
0	4	7	7	946	959
0	6	8	8	1002	1049
1	8	6	9	0	20
1	6	9	10	40	55
1	4	3	11	123	162
1	0	2	12	206	273
1	6	0	13	379	401
1	8	4	14	481	555
1	5	3	15	566	661
1	9	0	16	798	862
1	6	3	17	877	928
2	5	9	18	0	35
2	5	9	19	126	141
2	8	5	20	224	271
2	5	2	21	468	542
2	7	2	22	714	725
2	5	4	23	744	809
2	0	9	24	892	962
3	3	8	25	33	45
3	2	1	26	115	187
3	3	8	27	338	428
3	7	3	28	465	555
3	0	9	29	823	871
3	1	6	30	911	1004
4	1	6	31	65	132
4	0	9	32	327	395
4	7	3	33	397	444
4	2	1	34	580	595
4	3	6	35	639	705
4	5	4	36	890	916
4	4	7	37	959	981
5	9	7	38	63	127
5	4	4	39	162	212
5	6	0	40	401	460
5	3	8	41	515	545
5	7	5	42	775	827
5	7	5	43	827	913
6	0	9	44	55	126
6	9	9	45	260	326
6	7	5	46	331	365
6	1	6	47	379	404
6	8	5	48	555	618
6	2	1	49	648	677
6	1	6	50	861	911
6	7	5	51	1012	1041
7	1	7	52	132	224
7	7	3	53	268	307
7	6	0	54	365	379
7	6	9	55	494	523
7	1	6	56	532	607
7	0	8	57	674	687
7	0	9	58	690	760
7	5	4	59	935	979
7	2	1	60	988	1049
8	5	3	61	40	80
8	3	8	62	134	163
8	4	0	63	214	227
8	1	4	64	302	329
8	1	6	65	329	379
8	9	0	66	638	697
8	6	4	67	697	744
8	9	0	68	862	896
9	0	7	69	0	53
9	3	8	70	163	226
9	7	3	71	230	268
9	9	0	72	494	544
9	3	4	73	555	636
9	2	1	74	677	724
9	4	7	75	748	758
9	8	8	76	801	880
9	8	0	77	978	1029
10	2	1	78	27	53
10	0	6	79	132	206
10	2	1	80	289	350
10	5	2	81	408	468
10	1	4	82	639	693
10	1	0	83	697	725
10	6	3	84	744	841
10	0	9	85	871	892
10	3	2	86	996	1027
11	6	3	87	0	40
11	4	7	88	294	361
11	5	2	89	361	408
11	7	3	90	444	465
11	8	5	91	618	646
11	8	8	92	725	801
11	1	6	93	801	861
11	7	5	94	960	1012
12	7	2	95	0	41
12	6	3	96	162	230
12	4	7	97	361	429
12	4	6	98	430	475
12	2	1	99	566	580
12	2	1	100	595	648
12	9	6	101	769	798
12	4	7	102	851	878
12	7	5	103	913	960
12	8	0	104	1029	1046
13	3	8	105	45	134
13	9	0	106	134	214
13	3	8	107	292	338
13	2	1	108	350	397
13	3	8	109	449	515
13	6	9	110	523	588
13	8	5	111	646	693
13	0	9	112	760	823
13	4	7	113	878	946
13	5	2	114	979	989
14	7	2	115	102	199
14	5	6	116	210	259
14	0	5	117	479	552
14	9	5	118	697	731
14	2	1	119	731	782
14	4	4	120	981	1012
14	4	7	121	1012	1044
15	3	8	122	0	33
15	2	1	123	53	115
15	2	1	124	187	230
15	9	3	125	326	397
15	1	4	126	404	481
15	7	2	127	665	714
15	4	7	128	721	748
15	4	7	129	758	851
15	0	9	130	962	1027
16	4	0	131	74	123
16	9	9	132	214	260
16	5	6	133	260	279
16	1	6	134	481	532
16	6	9	135	655	690
16	9	5	136	731	769
16	3	2	137	921	974
17	8	5	138	27	76
17	5	3	139	80	96
17	5	3	140	96	122
17	4	7	141	476	522
17	9	0	142	544	638
17	5	3	143	703	744
17	3	2	144	775	840
17	3	2	145	840	921
18	2	5	146	0	27
18	5	9	147	141	210
18	2	1	148	277	289
18	0	6	149	289	327
18	8	4	150	331	382
18	2	1	151	535	566
18	1	6	152	607	639
18	4	7	153	655	721
18	8	8	154	880	972
19	8	5	155	76	163
19	1	4	156	224	302
19	7	5	157	365	387
19	9	7	158	430	465
19	9	9	159	465	494
19	6	9	160	588	655
19	2	1	161	866	917
19	2	1	162	917	988
20	3	8	163	226	292
20	9	6	164	404	430
20	0	7	165	465	476
20	0	8	166	552	579
20	6	3	167	841	877
21	1	0	168	0	65
21	4	7	169	227	294
21	6	0	170	298	365
21	8	5	171	387	479
21	5	2	172	542	566
21	7	2	173	566	665
21	5	4	174	809	890
21	9	0	175	896	978
21	1	6	176	1004	1031
21	0	2	177	1031	1043
22	9	6	178	20	63
22	2	1	179	230	277
22	3	8	180	428	449
22	2	1	181	459	535
22	8	8	182	693	725
22	6	3	183	928	1002
23	4	4	184	0	74
23	5	2	185	279	347
23	0	9	186	395	459
23	6	0	187	460	492
23	4	7	188	522	590
23	5	3	189	661	703
23	1	0	190	725	788
23	2	1	191	788	866
24	7	2	192	41	102
24	8	5	193	271	331
24	4	7	194	590	655
24	3	6	195	736	767
24	5	4	196	916	935
24	3	8	197	974	996


Solution History:
