This is the output of Heuristic Solver for Dual resource constrained flexible job shop Scheduling Problem.
Input file is: wfjsp17_6.txt
Method: FaFM
Seed: 5
Number of Jobs: 15
Number of Operations: 134
Number of Machines: 5
Number of Operators: 4
CPU Time: 24.1251
obj: 1732
Best found lower bound:0
Solver gap (best found lower bound and upper bound difference): Not known


Final Solution:
Job	Machine	Operator	Operation	Start Time	Finish Time
0	4	3	0	0	61
0	2	1	1	86	126
0	3	2	2	516	582
0	3	2	3	618	659
0	2	1	4	775	863
0	2	0	5	1387	1476
0	2	0	6	1476	1506
0	3	1	7	1540	1566
0	3	2	8	1604	1689
1	0	1	9	51	65
1	0	2	10	199	288
1	0	2	11	427	505
1	4	3	12	855	887
1	0	3	13	887	923
1	4	3	14	1105	1161
1	3	2	15	1258	1347
1	0	1	16	1362	1442
2	2	1	17	126	210
2	2	3	18	227	254
2	1	0	19	307	356
2	0	1	20	662	717
2	3	2	21	756	797
2	2	1	22	1117	1199
2	4	3	23	1299	1370
2	0	3	24	1674	1730
3	0	1	25	11	51
3	1	2	26	52	87
3	1	2	27	171	180
3	3	0	28	242	307
3	4	0	29	500	585
3	4	0	30	585	633
3	4	3	31	841	855
3	0	2	32	1170	1258
3	0	1	33	1282	1362
3	1	3	34	1637	1674
4	3	0	35	69	150
4	4	1	36	227	266
4	4	3	37	701	725
4	4	3	38	750	841
4	2	1	39	967	1003
4	3	0	40	1157	1207
4	1	3	41	1254	1299
4	4	3	42	1484	1549
5	3	1	43	310	395
5	2	1	44	529	617
5	2	1	45	717	765
5	0	3	46	923	1014
5	3	2	47	1048	1079
5	2	0	48	1286	1331
5	3	1	49	1442	1458
5	3	1	50	1458	1540
5	1	3	51	1549	1578
5	3	2	52	1721	1732
6	2	0	53	0	48
6	3	1	54	395	482
6	3	2	55	505	516
6	1	0	56	633	722
6	1	0	57	722	788
6	1	0	58	788	851
6	3	2	59	959	1006
6	0	3	60	1014	1105
6	4	1	61	1593	1607
6	4	1	62	1607	1694
7	3	2	63	0	52
7	2	1	64	65	86
7	2	3	65	353	379
7	2	3	66	379	463
7	1	0	67	851	892
7	1	0	68	1065	1157
7	4	0	69	1207	1273
7	4	0	70	1273	1286
7	0	2	71	1442	1477
7	2	0	72	1694	1731
8	0	2	73	288	377
8	0	3	74	558	596
8	0	1	75	617	662
8	0	1	76	765	775
8	2	1	77	863	886
8	2	1	78	886	967
8	1	3	79	1161	1254
8	1	3	80	1601	1612
8	0	3	81	1612	1637
9	0	1	82	0	11
9	4	0	83	356	446
9	0	3	84	596	614
9	0	2	85	797	872
9	3	2	86	872	959
9	2	0	87	1506	1558
9	1	3	88	1578	1601
9	3	2	89	1689	1721
10	0	2	90	87	171
10	0	2	91	180	199
10	4	3	92	337	353
10	2	1	93	482	518
10	3	2	94	707	756
10	4	0	95	892	937
10	2	1	96	1003	1091
10	3	2	97	1347	1442
10	4	1	98	1566	1593
11	2	3	99	254	328
11	4	0	100	446	500
11	0	1	101	518	529
11	1	2	102	582	618
11	3	2	103	659	707
11	0	2	104	1153	1170
11	2	0	105	1331	1365
11	2	0	106	1365	1387
11	3	2	107	1566	1604
12	4	3	108	105	194
12	4	3	109	194	227
12	1	2	110	377	405
12	2	3	111	617	701
12	4	3	112	725	750
12	4	0	113	1013	1065
12	3	2	114	1079	1153
12	0	2	115	1477	1565
12	2	0	116	1609	1694
12	4	1	117	1694	1728
13	3	0	118	52	69
13	2	1	119	210	224
13	1	2	120	405	427
13	1	3	121	463	558
13	3	2	122	1031	1048
13	2	1	123	1091	1117
13	2	1	124	1199	1282
13	4	3	125	1370	1433
14	4	3	126	61	105
14	3	0	127	150	242
14	4	1	128	266	310
14	2	3	129	328	337
14	4	0	130	937	1013
14	3	2	131	1013	1031
14	4	3	132	1433	1484
14	2	0	133	1558	1609


Solution History:
