This is the output of Heuristic Solver for Dual resource constrained flexible job shop Scheduling Problem.
Input file is: wfjsp8_2.txt
Method: FaFM
Seed: 5
Number of Jobs: 15
Number of Operations: 123
Number of Machines: 5
Number of Operators: 5
CPU Time: 11.897
obj: 1271
Best found lower bound:0
Solver gap (best found lower bound and upper bound difference): Not known


Final Solution:
Job	Machine	Operator	Operation	Start Time	Finish Time
0	2	4	0	264	348
0	2	0	1	372	440
0	4	1	2	726	748
0	0	2	3	1074	1109
0	4	1	4	1110	1127
1	1	0	5	0	20
1	3	3	6	111	183
1	0	2	7	183	191
1	3	3	8	403	480
1	4	1	9	623	666
1	0	4	10	676	735
1	1	0	11	829	844
1	1	0	12	844	913
1	0	2	13	1109	1176
2	4	1	14	112	168
2	1	0	15	181	250
2	0	2	16	311	341
2	4	1	17	353	400
2	0	2	18	508	525
2	0	2	19	525	582
2	1	0	20	669	749
2	3	3	21	910	991
2	1	4	22	1052	1110
2	3	3	23	1129	1201
3	2	4	24	16	81
3	3	3	25	92	111
3	0	2	26	170	181
3	1	4	27	430	520
3	4	1	28	666	692
3	1	0	29	749	829
3	3	3	30	991	1080
3	1	4	31	1110	1128
3	0	2	32	1202	1270
4	1	0	33	100	181
4	4	1	34	246	298
4	3	3	35	375	403
4	0	2	36	454	508
4	1	0	37	635	669
4	0	2	38	815	887
4	4	1	39	975	1055
4	0	2	40	1055	1074
4	2	0	41	1123	1138
4	0	2	42	1176	1202
5	3	3	43	0	17
5	0	2	44	202	244
5	4	1	45	438	517
5	4	1	46	580	623
5	2	2	47	645	732
5	2	4	48	823	912
6	4	1	49	0	57
6	2	4	50	142	176
6	1	0	51	301	368
6	4	1	52	400	438
6	4	1	53	517	547
6	1	0	54	602	635
6	0	2	55	887	934
6	0	2	56	1004	1023
6	2	4	57	1206	1270
7	2	4	58	81	142
7	0	2	59	191	202
7	4	1	60	547	580
7	3	3	61	645	698
7	3	3	62	751	829
7	4	1	63	867	922
7	2	0	64	1049	1123
8	3	3	65	17	69
8	3	3	66	69	92
8	3	3	67	183	271
8	3	3	68	360	375
8	3	3	69	567	645
8	0	2	70	735	748
8	2	0	71	926	982
8	4	1	72	1055	1110
8	1	0	73	1220	1271
9	0	2	74	35	103
9	2	4	75	176	264
9	0	2	76	341	398
9	0	2	77	398	454
9	0	4	78	583	676
9	2	0	79	913	926
9	4	1	80	926	975
9	1	4	81	1003	1052
9	4	1	82	1127	1181
9	1	3	83	1202	1220
10	4	1	84	168	246
10	2	4	85	348	372
10	1	4	86	410	430
10	3	3	87	480	516
10	2	2	88	583	618
10	2	4	89	735	823
10	0	2	90	934	1004
11	1	0	91	20	100
11	0	2	92	244	311
11	1	4	93	372	385
11	1	4	94	385	410
11	2	0	95	440	520
11	2	4	96	520	583
11	4	1	97	748	797
11	1	4	98	913	1003
11	4	1	99	1181	1268
12	0	2	100	0	17
12	0	2	101	103	170
12	4	1	102	298	353
12	3	3	103	516	567
12	0	2	104	748	815
12	3	3	105	829	910
12	0	2	106	1023	1054
12	3	3	107	1080	1129
12	1	4	108	1129	1202
13	4	1	109	57	112
13	1	0	110	250	301
13	2	2	111	618	645
13	3	3	112	698	751
13	4	1	113	797	867
13	2	0	114	982	1049
13	3	0	115	1206	1219
14	2	4	116	0	16
14	0	2	117	17	35
14	3	3	118	271	360
14	1	0	119	520	602
14	4	1	120	692	726
14	2	0	121	1138	1206
14	3	3	122	1220	1269


Solution History:
