This is the output of Heuristic Solver for Dual resource constrained flexible job shop Scheduling Problem.
Input file is: wfjsp13_8.txt
Method: FaFM
Seed: 3
Number of Jobs: 25
Number of Operations: 249
Number of Machines: 15
Number of Operators: 15
CPU Time: 20.9822
obj: 935
Best found lower bound:0
Solver gap (best found lower bound and upper bound difference): Not known


Final Solution:
Job	Machine	Operator	Operation	Start Time	Finish Time
0	0	13	0	57	88
0	5	8	1	109	184
0	13	10	2	194	223
0	1	12	3	363	428
0	2	3	4	437	504
0	1	12	5	524	577
0	10	1	6	712	773
0	9	6	7	849	861
0	4	12	8	886	932
1	4	12	9	0	50
1	1	2	10	60	87
1	0	9	11	179	262
1	8	3	12	278	288
1	11	8	13	388	493
1	12	7	14	493	515
1	12	2	15	667	728
1	3	11	16	808	876
2	2	3	17	0	28
2	8	6	18	60	122
2	8	6	19	122	164
2	10	0	20	194	240
2	14	0	21	260	302
2	1	14	22	305	363
2	9	1	23	380	435
2	4	2	24	476	534
2	0	9	25	562	645
2	8	4	26	656	744
2	4	2	27	747	809
2	8	8	28	866	931
3	2	4	29	29	104
3	4	12	30	120	192
3	5	1	31	199	259
3	4	2	32	366	422
3	7	4	33	527	567
3	0	9	34	656	741
3	11	12	35	774	869
3	1	7	36	886	911
3	1	7	37	911	935
4	4	12	38	224	297
4	7	7	39	297	308
4	6	10	40	402	470
4	2	3	41	504	532
4	12	1	42	566	574
4	4	2	43	608	657
4	13	14	44	660	694
4	10	1	45	785	846
5	6	10	46	62	155
5	10	10	47	155	194
5	12	6	48	199	242
5	0	13	49	262	314
5	8	13	50	346	427
5	0	9	51	483	497
5	8	13	52	533	550
5	9	5	53	647	684
5	6	0	54	700	754
5	13	11	55	772	787
5	1	14	56	788	857
5	7	5	57	866	925
6	11	14	58	157	227
6	14	13	59	227	260
6	3	5	60	318	428
6	10	1	61	437	498
6	3	14	62	498	524
6	12	1	63	574	593
6	10	4	64	593	634
6	10	1	65	638	712
6	5	3	66	712	726
6	14	12	67	748	769
6	10	4	68	846	883
6	0	13	69	883	930
7	11	14	70	0	54
7	13	14	71	88	105
7	11	14	72	227	303
7	9	7	73	308	356
7	7	7	74	356	386
7	5	14	75	386	416
7	8	13	76	427	453
7	10	1	77	498	562
7	3	14	78	617	660
7	7	8	79	757	784
7	5	3	80	787	861
8	10	0	81	0	25
8	7	8	82	32	103
8	14	13	83	117	187
8	6	0	84	302	379
8	9	4	85	435	527
8	12	6	86	527	566
8	13	11	87	566	631
8	2	10	88	703	754
8	6	10	89	856	932
9	9	7	90	53	103
9	3	11	91	151	220
9	5	1	92	259	337
9	2	10	93	337	401
9	4	2	94	458	476
9	5	3	95	532	599
9	2	10	96	626	679
9	1	6	97	693	788
9	14	6	98	788	849
10	1	1	99	0	60
10	10	1	100	60	125
10	1	2	101	149	236
10	1	12	102	428	524
10	6	0	103	537	606
10	4	12	104	657	747
10	8	13	105	748	777
10	8	13	106	777	796
10	8	13	107	796	864
11	0	4	108	0	29
11	10	2	109	29	50
11	2	4	110	139	190
11	1	2	111	236	305
11	13	3	112	367	399
11	6	5	113	470	537
11	14	5	114	545	609
11	5	3	115	609	699
11	12	7	116	768	811
11	14	0	117	849	927
12	6	10	118	0	13
12	12	9	119	13	70
12	6	1	120	155	170
12	9	7	121	180	246
12	13	11	122	291	358
12	4	2	123	422	458
12	9	7	124	527	617
12	6	9	125	754	805
12	6	9	126	805	856
12	9	6	127	861	910
12	9	2	128	910	926
13	14	13	129	0	27
13	3	11	130	27	78
13	7	7	131	103	166
13	4	2	132	307	366
13	7	0	133	463	525
13	2	10	134	559	626
13	11	8	135	678	705
13	3	8	136	705	748
13	12	4	137	748	768
13	4	7	138	845	886
14	0	13	139	29	57
14	12	9	140	70	137
14	6	5	141	213	234
14	9	7	142	246	280
14	8	3	143	288	346
14	12	11	144	358	389
14	10	3	145	399	437
14	4	2	146	552	608
14	11	14	147	869	933
15	14	0	148	27	89
15	4	12	149	297	307
15	11	8	150	307	388
15	14	6	151	399	425
15	5	6	152	425	494
15	14	12	153	609	655
15	6	0	154	686	700
15	2	10	155	754	819
15	13	2	156	885	897
16	13	5	157	35	87
16	1	2	158	87	149
16	2	4	159	190	242
16	0	9	160	314	398
16	5	6	161	494	522
16	4	2	162	534	552
16	11	8	163	600	678
16	3	11	164	678	698
16	0	5	165	741	828
16	2	10	166	828	853
17	9	7	167	0	53
17	2	4	168	104	117
17	0	0	169	117	179
17	8	3	170	180	242
17	8	3	171	242	278
17	3	14	172	428	479
17	0	9	173	497	562
17	3	14	174	569	617
17	6	0	175	617	686
17	10	1	176	773	785
17	7	8	177	792	866
17	2	9	178	866	919
18	13	5	179	105	169
18	3	5	180	234	318
18	6	4	181	389	402
18	8	13	182	453	487
18	2	11	183	532	559
18	11	8	184	570	600
18	12	11	185	638	667
18	14	13	186	700	748
18	7	8	187	784	792
19	7	8	188	0	32
19	11	14	189	54	88
19	14	13	190	89	117
19	0	9	191	398	483
19	12	1	192	593	638
19	2	10	193	679	703
19	5	3	194	726	771
19	0	5	195	828	863
20	8	6	196	0	60
20	2	4	197	117	139
20	6	1	198	170	198
20	10	4	199	242	282
20	14	6	200	315	399
20	13	11	201	399	452
20	14	13	202	655	700
20	11	14	203	705	774
20	12	7	204	811	845
21	3	11	205	0	27
21	5	3	206	28	109
21	11	14	207	109	157
21	5	6	208	184	199
21	2	6	209	242	315
21	5	1	210	337	380
21	12	7	211	389	474
21	14	10	212	474	545
21	7	7	213	626	689
21	13	11	214	719	772
21	9	4	215	772	843
21	5	3	216	861	933
22	12	2	217	0	8
22	4	12	218	50	120
22	7	5	219	169	213
22	7	8	220	213	286
22	12	4	221	286	352
22	10	4	222	352	389
22	8	13	223	487	533
22	9	5	224	617	647
22	0	4	225	647	656
22	3	0	226	754	808
22	3	11	227	876	930
23	13	5	228	0	35
23	9	3	229	109	180
23	13	11	230	223	291
23	13	11	231	452	517
23	3	14	232	524	569
23	8	13	233	569	647
23	13	5	234	694	719
23	5	3	235	771	787
23	12	1	236	846	923
24	6	10	237	13	62
24	3	11	238	78	151
24	4	12	239	192	224
24	6	10	240	234	301
24	13	3	241	358	367
24	7	0	242	386	463
24	11	8	243	493	570
24	7	6	244	570	626
24	1	6	245	626	693
24	7	7	246	693	757
24	13	2	247	809	885
24	10	4	248	885	911


Solution History:
