This is the output of Heuristic Solver for Dual resource constrained flexible job shop Scheduling Problem.
Input file is: wfjsp13_5.txt
Method: FaFM
Seed: 1
Number of Jobs: 25
Number of Operations: 244
Number of Machines: 15
Number of Operators: 15
CPU Time: 46.7437
obj: 830
Best found lower bound:0
Solver gap (best found lower bound and upper bound difference): Not known


Final Solution:
Job	Machine	Operator	Operation	Start Time	Finish Time
0	12	8	0	97	114
0	13	2	1	130	172
0	8	0	2	275	370
0	12	11	3	471	535
0	12	11	4	535	604
0	3	9	5	604	643
0	1	11	6	675	746
0	6	1	7	746	785
1	11	0	8	14	58
1	14	6	9	65	106
1	8	13	10	106	140
1	10	3	11	246	314
1	11	6	12	314	335
1	3	6	13	341	356
1	1	9	14	356	425
1	4	12	15	583	643
1	2	4	16	727	736
1	2	4	17	736	781
2	14	6	18	0	65
2	10	8	19	156	201
2	0	9	20	225	255
2	4	12	21	287	328
2	8	4	22	438	466
2	10	3	23	466	496
2	0	5	24	547	638
2	13	7	25	653	699
2	4	12	26	702	743
2	4	7	27	808	829
3	12	0	28	0	8
3	5	3	29	98	143
3	7	5	30	180	268
3	6	14	31	268	324
3	11	3	32	353	417
3	6	8	33	487	579
3	2	10	34	584	659
3	11	0	35	685	725
3	0	5	36	812	826
4	7	5	37	0	46
4	10	4	38	46	131
4	4	0	39	182	251
4	0	9	40	255	321
4	9	9	41	321	352
4	5	2	42	432	502
4	3	10	43	547	581
4	3	9	44	581	599
4	14	13	45	599	670
5	8	11	46	0	77
5	7	7	47	94	180
5	6	9	48	180	225
5	7	5	49	345	426
5	0	5	50	426	504
5	8	4	51	534	545
5	8	4	52	545	579
5	9	6	53	635	714
5	12	8	54	741	779
6	3	12	55	0	80
6	0	12	56	80	101
6	3	12	57	156	193
6	14	12	58	193	285
6	2	4	59	331	344
6	5	2	60	407	432
6	3	10	61	449	516
6	5	2	62	587	602
6	0	5	63	654	694
6	2	4	64	694	727
6	10	3	65	727	810
7	4	9	66	0	86
7	13	2	67	86	130
7	0	6	68	179	220
7	2	4	69	230	246
7	13	11	70	246	325
7	5	11	71	325	407
7	6	1	72	410	451
7	9	9	73	513	555
7	4	12	74	569	583
7	8	4	75	583	667
7	6	8	76	711	741
7	8	13	77	778	825
8	6	9	78	86	155
8	1	1	79	186	271
8	7	7	80	317	345
8	13	14	81	356	417
8	12	6	82	424	471
8	10	3	83	496	505
8	8	4	84	509	534
8	5	7	85	576	587
8	12	1	86	611	620
8	6	8	87	628	711
8	14	10	88	721	810
9	5	7	89	0	47
9	4	0	90	152	182
9	9	13	91	216	296
9	3	8	92	296	341
9	11	3	93	345	353
9	8	4	94	466	509
9	1	1	95	509	592
9	9	6	96	592	635
10	0	8	97	0	47
10	8	5	98	77	100
10	12	8	99	114	156
10	12	4	100	156	225
10	8	10	101	230	244
10	4	12	102	353	417
10	7	7	103	466	535
10	5	2	104	602	670
10	8	10	105	675	721
10	3	14	106	724	807
11	2	10	107	80	166
11	11	14	108	216	249
11	14	10	109	295	383
11	10	4	110	383	422
11	4	12	111	455	488
11	13	6	112	545	582
11	13	6	113	582	590
11	10	3	114	621	699
11	4	12	115	755	785
11	4	7	116	785	808
12	11	3	117	0	14
12	9	13	118	43	106
12	3	7	119	193	224
12	4	12	120	417	455
12	3	10	121	516	547
12	1	1	122	592	611
12	13	7	123	699	781
12	3	8	124	807	822
13	10	3	125	15	46
13	11	0	126	58	81
13	4	11	127	86	152
13	6	2	128	324	407
13	2	13	129	435	443
13	1	1	130	486	502
13	7	7	131	535	563
13	4	12	132	643	702
14	14	6	133	106	116
14	11	13	134	148	216
14	4	0	135	251	265
14	8	0	136	265	275
14	13	14	137	417	463
14	2	13	138	463	504
14	14	13	139	504	599
14	13	7	140	635	653
14	8	4	141	667	675
14	10	3	142	699	716
15	6	14	143	0	81
15	3	14	144	81	144
15	13	2	145	172	239
15	9	7	146	296	315
15	12	5	147	317	342
15	3	6	148	356	424
15	9	9	149	425	513
15	2	2	150	513	584
15	12	1	151	620	646
15	9	6	152	714	749
15	9	6	153	749	817
16	1	1	154	0	27
16	12	1	155	27	97
16	9	12	156	106	156
16	12	6	157	225	308
16	0	13	158	384	399
16	14	7	159	399	411
16	14	8	160	411	487
16	11	0	161	497	572
16	3	14	162	652	713
16	8	13	163	721	778
16	13	4	164	781	812
17	10	4	165	0	15
17	1	3	166	46	98
17	0	5	167	101	179
17	5	8	168	216	235
17	6	8	169	235	253
17	11	10	170	253	295
17	12	8	171	342	409
17	10	3	172	505	586
17	7	0	173	586	651
17	0	5	174	694	761
17	1	11	175	761	825
18	13	2	176	0	82
18	2	10	177	166	230
18	4	5	178	268	287
18	7	5	179	287	307
18	0	13	180	321	384
18	7	7	181	426	466
18	1	1	182	466	486
18	4	12	183	488	526
18	4	12	184	526	569
18	11	14	185	572	652
18	7	9	186	652	732
18	5	2	187	752	817
19	7	8	188	47	94
19	14	6	189	116	170
19	3	7	190	224	295
19	13	14	191	325	356
19	2	1	192	356	410
19	3	10	193	424	449
19	6	14	194	463	481
19	13	7	195	590	635
19	3	14	196	713	724
20	9	13	197	0	43
20	5	7	198	47	94
20	1	1	199	271	337
20	8	0	200	370	438
20	11	3	201	438	456
20	13	6	202	471	545
20	6	8	203	579	628
20	14	13	204	670	717
20	7	9	205	732	827
21	1	1	206	98	186
21	2	4	207	246	285
21	2	4	208	285	331
21	10	3	209	331	345
21	10	11	210	422	459
21	0	5	211	504	513
21	0	5	212	513	547
21	7	7	213	563	576
21	10	3	214	586	621
21	12	1	215	646	737
21	4	12	216	743	755
21	2	1	217	785	824
22	0	5	218	47	77
22	10	4	219	131	149
22	8	11	220	152	230
22	7	5	221	307	317
22	4	12	222	328	353
22	10	7	223	353	364
22	14	7	224	383	394
22	9	9	225	555	570
22	0	5	226	761	812
23	2	10	227	0	80
23	9	14	228	156	215
23	10	3	229	216	246
23	10	3	230	314	326
23	0	10	231	399	417
23	0	5	232	638	654
23	11	0	233	654	685
23	5	2	234	685	752
24	11	0	235	81	148
24	5	3	236	148	216
24	5	2	237	239	323
24	9	4	238	352	368
24	2	13	239	410	435
24	11	0	240	456	497
24	5	14	241	502	566
24	1	11	242	611	675
24	11	0	243	725	830


Solution History:
