This is the output of Heuristic Solver for Dual resource constrained flexible job shop Scheduling Problem.
Input file is: wfjsp18_10.txt
Method: FaFM
Seed: 4
Number of Jobs: 20
Number of Operations: 148
Number of Machines: 10
Number of Operators: 8
CPU Time: 10.0107
obj: 1048
Best found lower bound:0
Solver gap (best found lower bound and upper bound difference): Not known


Final Solution:
Job	Machine	Operator	Operation	Start Time	Finish Time
0	7	1	0	38	118
0	5	3	1	232	314
0	9	0	2	350	413
0	8	1	3	511	598
0	3	1	4	598	651
0	1	2	5	882	913
0	8	4	6	918	954
0	4	6	7	997	1046
1	6	3	8	144	232
1	9	5	9	245	270
1	3	7	10	275	317
1	5	3	11	317	351
1	2	6	12	371	458
1	8	6	13	707	789
1	8	6	14	789	851
1	7	7	15	959	1048
2	8	6	16	237	318
2	3	7	17	330	342
2	9	6	18	342	350
2	6	2	19	412	468
2	2	5	20	468	534
2	1	4	21	542	627
2	2	1	22	860	910
2	2	3	23	925	998
3	4	2	24	250	291
3	4	4	25	338	358
3	0	7	26	442	490
3	1	4	27	524	542
3	3	1	28	651	741
4	6	2	29	83	115
4	9	5	30	173	245
4	5	3	31	433	520
4	6	0	32	562	626
4	5	3	33	839	881
4	4	6	34	926	977
5	3	4	35	64	146
5	3	7	36	181	194
5	0	0	37	194	218
5	6	4	38	232	251
5	6	5	39	270	319
5	4	0	40	413	447
5	4	2	41	684	772
5	4	2	42	772	835
6	4	2	43	164	250
6	2	1	44	250	265
6	3	7	45	317	330
6	1	6	46	458	524
6	0	7	47	576	624
6	2	3	48	910	925
7	2	5	49	67	159
7	7	4	50	251	338
7	5	6	51	539	566
7	0	0	52	718	787
7	4	4	53	842	851
8	1	7	54	0	75
8	0	0	55	218	298
8	4	6	56	318	337
8	2	5	57	534	598
8	7	5	58	614	655
8	5	3	59	754	763
8	2	1	60	769	860
8	7	1	61	910	959
8	6	0	62	959	1041
9	2	5	63	0	67
9	0	7	64	352	442
9	4	4	65	447	519
9	4	3	66	520	572
9	8	6	67	659	707
9	0	7	68	824	840
9	8	3	69	881	907
9	8	6	70	977	997
9	2	2	71	1021	1045
10	4	2	72	115	164
10	0	0	73	298	346
10	2	6	74	350	371
10	9	0	75	447	519
10	5	3	76	705	754
11	3	2	77	0	43
11	9	2	78	43	83
11	1	7	79	194	275
11	0	2	80	500	537
11	7	2	81	537	574
11	9	2	82	574	601
11	5	5	83	601	614
11	1	7	84	627	717
11	1	4	85	717	753
12	7	1	86	0	38
12	7	1	87	118	183
12	5	3	88	763	839
12	1	2	89	839	855
12	0	7	90	865	952
13	4	4	91	0	64
13	0	7	92	75	105
13	8	0	93	157	175
13	6	5	94	319	408
13	7	5	95	408	457
13	3	7	96	490	576
13	0	4	97	627	714
13	1	7	98	758	824
13	6	0	99	850	943
13	3	1	100	959	1041
14	8	6	101	0	77
14	8	1	102	423	511
14	4	6	103	572	659
14	7	5	104	769	816
14	6	0	105	818	850
14	3	4	106	865	918
14	9	2	107	940	1021
14	0	4	108	1027	1043
15	5	3	109	58	144
15	9	5	110	159	173
15	2	1	111	183	250
15	1	2	112	291	358
15	3	2	113	358	412
15	5	3	114	617	705
15	4	6	115	851	926
16	6	0	116	0	82
16	0	7	117	105	181
16	2	1	118	265	334
16	5	3	119	351	433
16	6	2	120	468	500
16	6	0	121	519	562
16	3	4	122	753	842
16	5	2	123	913	940
17	5	4	124	146	223
17	2	3	125	598	617
17	8	0	126	626	651
17	7	7	127	717	758
17	0	0	128	787	818
17	1	2	129	855	882
17	3	5	130	918	957
18	5	3	131	0	58
18	4	6	132	77	97
18	1	6	133	97	186
18	3	7	134	342	352
18	1	4	135	358	446
18	5	6	136	524	539
18	2	2	137	617	684
18	2	5	138	684	769
18	3	7	139	842	865
18	5	4	140	954	1027
19	8	0	141	82	157
19	8	6	142	186	237
19	8	1	143	334	423
19	9	0	144	651	718
19	7	5	145	816	883
19	9	5	146	883	897
19	1	5	147	957	1046


Solution History:
