This is the output of Heuristic Solver for Dual resource constrained flexible job shop Scheduling Problem.
Input file is: wfjsp6_6.txt
Method: FaFM
Seed: 4
Number of Jobs: 12
Number of Operations: 72
Number of Machines: 5
Number of Operators: 5
CPU Time: 7.329
obj: 820
Best found lower bound:0
Solver gap (best found lower bound and upper bound difference): Not known


Final Solution:
Job	Machine	Operator	Operation	Start Time	Finish Time
0	3	3	0	93	163
0	3	3	1	163	204
0	1	4	2	222	283
0	2	2	3	283	324
0	3	3	4	365	454
0	0	1	5	465	557
0	4	2	6	574	602
0	0	1	7	637	665
0	2	0	8	696	782
1	0	1	9	285	299
1	2	2	10	371	460
2	0	4	11	0	73
2	4	1	12	214	247
2	0	1	13	247	285
2	1	4	14	294	353
2	4	0	15	365	461
2	1	4	16	504	580
2	2	0	17	604	696
2	3	3	18	762	790
3	2	0	19	176	225
3	2	2	20	225	278
3	4	2	21	533	574
3	0	4	22	668	763
4	3	3	23	12	93
4	2	0	24	110	176
4	0	1	25	299	339
4	0	1	26	339	373
4	4	2	27	461	469
4	4	2	28	469	533
4	3	3	29	554	638
4	1	1	30	766	817
5	2	2	31	0	15
5	2	0	32	15	110
5	4	0	33	247	328
5	4	0	34	328	365
5	0	1	35	557	637
5	3	3	36	638	678
5	0	4	37	763	788
6	4	1	38	0	85
6	1	2	39	85	126
6	1	2	40	126	176
6	1	2	41	176	222
6	1	4	42	353	419
6	1	4	43	419	504
6	2	0	44	514	604
6	4	2	45	623	671
6	3	3	46	678	762
6	2	0	47	782	817
7	1	2	48	15	60
7	1	2	49	60	75
7	4	1	50	85	173
7	3	3	51	204	233
7	1	4	52	283	294
7	3	3	53	319	365
7	3	3	54	454	541
7	3	3	55	541	554
7	1	2	56	671	752
7	4	2	57	752	816
8	0	4	58	158	220
8	2	2	59	324	371
8	0	1	60	373	465
9	3	3	61	0	12
9	1	4	62	580	668
10	2	0	63	461	514
10	4	2	64	602	623
10	3	3	65	790	816
11	0	4	66	73	158
11	4	1	67	173	214
11	3	3	68	233	319
11	4	1	69	671	744
11	1	1	70	752	766
11	0	4	71	788	820


Solution History:
