This is the output of Heuristic Solver for Dual resource constrained flexible job shop Scheduling Problem.
Input file is: wfjsp12_3.txt
Method: FaFM
Seed: 3
Number of Jobs: 25
Number of Operations: 204
Number of Machines: 10
Number of Operators: 10
CPU Time: 26.6119
obj: 1129
Best found lower bound:0
Solver gap (best found lower bound and upper bound difference): Not known


Final Solution:
Job	Machine	Operator	Operation	Start Time	Finish Time
0	5	6	0	0	67
0	5	6	1	67	80
0	8	6	2	80	94
0	1	6	3	188	271
0	6	2	4	380	457
0	8	3	5	495	559
0	8	0	6	568	649
0	0	2	7	958	996
0	0	2	8	996	1092
1	8	8	9	0	13
1	8	8	10	13	77
1	2	4	11	214	313
1	9	2	12	362	380
1	6	2	13	457	557
1	1	1	14	713	805
1	1	7	15	845	875
1	8	3	16	937	989
2	3	9	17	0	15
2	7	5	18	159	242
2	5	9	19	304	316
2	2	5	20	316	343
2	2	1	21	373	432
2	0	0	22	476	568
2	0	2	23	568	636
2	4	7	24	679	708
2	3	6	25	764	834
2	9	4	26	937	1038
3	4	9	27	25	34
3	5	8	28	80	114
3	5	9	29	206	304
3	0	2	30	321	362
3	6	3	31	559	588
3	2	5	32	602	664
3	4	7	33	708	765
3	6	3	34	807	866
4	4	9	35	34	122
4	5	4	36	316	413
4	2	4	37	584	601
4	1	1	38	609	637
4	0	2	39	637	711
4	4	7	40	765	778
4	7	5	41	826	851
4	9	9	42	874	926
4	4	7	43	944	977
4	3	6	44	1020	1068
5	5	9	45	122	206
5	8	6	46	376	439
5	2	1	47	439	522
5	9	8	48	586	601
5	5	6	49	638	651
5	9	5	50	719	769
5	9	5	51	769	826
5	3	6	52	843	876
5	5	6	53	958	980
5	7	1	54	1055	1120
6	4	4	55	0	25
6	9	4	56	25	54
6	7	5	57	95	159
6	1	3	58	328	407
6	3	9	59	531	625
6	8	3	60	700	804
6	3	6	61	834	843
6	0	1	62	845	906
6	6	9	63	926	1023
7	7	4	64	54	92
7	8	6	65	156	183
7	1	6	66	271	328
7	6	3	67	646	694
7	2	8	68	825	907
7	4	7	69	1010	1019
7	4	8	70	1027	1129
8	3	0	71	196	261
8	7	8	72	261	290
8	3	9	73	354	425
8	7	8	74	441	468
8	3	0	75	876	943
8	5	2	76	943	957
9	7	2	77	21	53
9	4	7	78	125	137
9	4	7	79	137	207
9	4	7	80	264	360
9	8	6	81	651	700
9	5	9	82	753	768
9	8	6	83	876	908
9	1	6	84	944	958
10	6	3	85	32	115
10	0	8	86	204	242
10	5	6	87	555	590
10	5	6	88	615	638
10	7	8	89	646	676
10	9	9	90	826	874
10	0	1	91	906	958
10	7	7	92	1027	1055
10	0	2	93	1092	1124
11	6	3	94	0	32
11	1	7	95	41	125
11	2	4	96	125	162
11	3	0	97	261	353
11	5	4	98	424	522
11	4	7	99	533	610
11	2	5	100	664	719
11	3	6	101	729	764
11	7	5	102	851	961
11	6	9	103	1023	1095
12	2	5	104	0	34
12	3	0	105	40	54
12	8	6	106	94	156
12	2	4	107	162	214
12	8	3	108	255	327
12	4	7	109	360	473
12	7	8	110	729	825
12	4	4	111	825	935
12	2	3	112	989	1036
12	8	0	113	1036	1075
13	3	0	114	15	40
13	8	6	115	328	376
13	7	8	116	407	441
13	9	3	117	926	937
13	7	8	118	961	1027
13	5	4	119	1038	1113
14	2	5	120	34	49
14	4	7	121	207	264
14	9	8	122	481	526
14	5	6	123	526	555
14	9	4	124	601	674
14	5	2	125	818	865
14	1	7	126	875	944
15	0	1	127	0	62
15	3	0	128	118	196
15	6	8	129	294	377
15	9	5	130	455	481
15	6	3	131	588	646
15	5	1	132	1009	1033
15	3	6	133	1068	1126
16	9	2	134	54	96
16	2	4	135	96	125
16	8	3	136	188	255
16	0	2	137	255	321
16	3	9	138	425	458
16	7	8	139	602	646
16	5	9	140	768	818
16	1	1	141	818	845
16	8	6	142	908	937
16	1	5	143	961	1062
17	9	5	144	242	312
17	9	5	145	440	455
17	5	6	146	590	615
17	6	2	147	740	807
17	6	3	148	866	918
17	2	3	149	1058	1118
18	0	1	150	62	114
18	9	9	151	316	354
18	0	0	152	439	476
18	7	5	153	481	537
18	9	8	154	537	586
18	4	7	155	778	820
18	4	7	156	977	1010
18	2	3	157	1036	1058
18	8	0	158	1075	1119
19	1	7	159	0	41
19	2	5	160	49	95
19	1	3	161	125	188
19	0	0	162	362	439
19	4	7	163	473	533
19	3	9	164	625	663
19	7	8	165	676	729
19	0	0	166	729	807
19	5	6	167	980	1009
20	0	8	168	114	193
20	2	5	169	343	367
20	8	3	170	439	495
20	9	4	171	674	716
20	0	2	172	716	728
20	5	2	173	865	937
21	9	2	174	155	236
21	9	5	175	380	440
21	1	6	176	440	510
21	7	5	177	537	602
21	5	9	178	663	753
21	3	0	179	943	1020
21	1	7	180	1079	1126
22	7	2	181	0	21
22	3	0	182	54	118
22	6	1	183	223	294
22	4	7	184	610	679
22	2	4	185	719	818
22	2	8	186	907	958
22	2	1	187	958	986
22	1	7	188	1062	1079
23	6	1	189	115	223
23	7	8	190	377	407
23	3	9	191	458	487
23	3	9	192	487	531
23	1	1	193	531	609
23	1	1	194	637	713
23	9	5	195	1062	1107
24	9	2	196	96	155
24	0	8	197	193	204
24	7	1	198	294	373
24	5	4	199	413	424
24	2	4	200	522	584
24	3	0	201	663	729
24	6	2	202	729	740
24	8	0	203	807	875


Solution History:
