This is the output of Heuristic Solver for Dual resource constrained flexible job shop Scheduling Problem.
Input file is: wfjsp10_8.txt
Method: FaFM
Seed: 4
Number of Jobs: 20
Number of Operations: 151
Number of Machines: 10
Number of Operators: 10
CPU Time: 30.7997
obj: 824
Best found lower bound:0
Solver gap (best found lower bound and upper bound difference): Not known


Final Solution:
Job	Machine	Operator	Operation	Start Time	Finish Time
0	6	1	0	53	85
0	5	0	1	149	211
0	0	1	2	238	265
0	1	7	3	463	526
0	3	6	4	708	776
1	2	2	5	65	126
1	6	9	6	126	192
1	9	9	7	246	258
1	1	6	8	416	463
1	5	6	9	557	614
1	9	0	10	644	675
1	4	9	11	731	814
1	6	3	12	814	823
2	4	9	13	0	84
2	8	8	14	151	170
2	1	6	15	362	416
2	3	1	16	431	508
2	1	7	17	526	555
2	9	0	18	589	644
2	3	6	19	776	819
3	9	8	20	0	42
3	1	7	21	46	85
3	7	4	22	85	136
3	4	4	23	136	195
3	4	4	24	195	264
3	9	1	25	265	368
3	2	2	26	461	530
3	7	3	27	546	613
3	8	4	28	628	690
3	8	4	29	690	766
4	0	5	30	44	111
4	3	1	31	141	211
4	1	6	32	308	362
4	5	3	33	415	454
4	2	2	34	530	620
4	0	5	35	659	753
4	2	1	36	798	821
5	5	0	37	72	94
5	1	3	38	119	186
5	0	5	39	228	238
5	6	0	40	247	318
5	8	8	41	449	479
5	4	4	42	479	488
5	4	8	43	687	731
5	9	8	44	731	769
6	7	4	45	21	69
6	8	8	46	284	378
6	4	5	47	378	420
6	5	6	48	463	516
6	7	9	49	659	718
6	5	0	50	746	821
7	6	1	51	0	12
7	9	6	52	188	207
7	3	6	53	211	253
7	5	3	54	312	364
7	9	9	55	454	473
7	6	0	56	517	589
8	9	6	57	42	95
8	7	2	58	136	209
8	9	9	59	210	246
8	2	7	60	310	399
8	6	0	61	399	456
8	2	2	62	620	645
8	4	8	63	670	687
8	9	8	64	769	811
9	2	2	65	0	65
9	8	8	66	69	83
9	6	9	67	192	210
9	8	8	68	241	284
9	5	3	69	364	415
9	0	4	70	424	476
9	9	9	71	476	494
9	3	1	72	508	577
9	7	9	73	615	659
10	1	7	74	85	115
10	6	1	75	211	238
10	2	7	76	283	310
10	2	7	77	399	461
10	5	6	78	516	557
10	0	5	79	631	659
10	1	7	80	667	738
11	1	6	81	0	24
11	3	1	82	87	141
11	7	2	83	209	267
11	0	4	84	267	353
11	7	3	85	459	546
11	3	9	86	577	615
11	5	1	87	621	686
11	5	3	88	686	746
12	5	0	89	0	72
12	5	0	90	94	149
12	3	5	91	290	365
12	9	9	92	373	454
12	0	5	93	495	561
12	6	1	94	589	611
12	6	1	95	686	755
12	7	2	96	755	813
13	2	7	97	126	211
13	1	6	98	253	308
13	4	9	99	308	373
13	3	1	100	373	431
13	9	8	101	494	586
13	4	8	102	586	670
13	0	5	103	753	824
14	3	3	104	0	87
14	6	3	105	87	119
14	0	5	106	152	168
14	6	0	107	318	394
14	7	2	108	427	459
14	0	5	109	476	495
14	8	4	110	495	550
14	0	5	111	561	631
15	6	1	112	12	53
15	8	8	113	170	241
15	5	3	114	251	312
15	7	2	115	336	427
15	4	5	116	427	476
15	8	4	117	550	628
15	3	6	118	628	639
15	9	0	119	675	729
15	2	2	120	732	748
16	8	8	121	83	151
16	1	3	122	186	251
16	3	5	123	253	290
16	4	9	124	494	576
16	1	7	125	623	667
16	2	3	126	748	798
17	0	5	127	0	44
17	8	8	128	46	69
17	9	6	129	95	128
17	9	6	130	128	188
17	7	2	131	267	336
17	0	4	132	353	424
17	1	7	133	555	623
17	3	6	134	639	708
17	1	7	135	738	767
17	8	7	136	767	818
18	7	4	137	0	21
18	4	9	138	84	123
18	0	5	139	123	152
18	0	5	140	168	228
18	5	0	141	228	247
18	4	9	142	264	300
18	6	3	143	621	685
18	6	1	144	755	786
19	8	7	145	0	46
19	2	7	146	211	283
19	8	8	147	378	449
19	6	0	148	456	517
19	6	1	149	611	621
19	2	2	150	645	732


Solution History:
