This is the output of Heuristic Solver for Dual resource constrained flexible job shop Scheduling Problem.
Input file is: wfjsp13_2.txt
Method: FaFM
Seed: 3
Number of Jobs: 25
Number of Operations: 271
Number of Machines: 15
Number of Operators: 15
CPU Time: 44.5613
obj: 1007
Best found lower bound:0
Solver gap (best found lower bound and upper bound difference): Not known


Final Solution:
Job	Machine	Operator	Operation	Start Time	Finish Time
0	9	2	0	0	80
0	7	11	1	110	185
0	14	11	2	185	206
0	4	6	3	284	318
0	5	3	4	322	336
0	6	10	5	434	459
0	9	7	6	516	585
0	9	12	7	671	683
0	12	1	8	718	791
0	0	7	9	822	860
0	14	12	10	860	916
0	8	10	11	918	933
1	0	14	12	0	62
1	8	5	13	64	129
1	2	3	14	151	212
1	2	0	15	229	298
1	3	1	16	314	348
1	4	8	17	392	438
1	8	1	18	438	458
1	13	2	19	508	563
1	9	7	20	585	663
1	13	8	21	770	851
1	6	11	22	852	911
1	6	11	23	911	978
2	4	6	24	38	108
2	11	0	25	128	146
2	1	7	26	191	201
2	1	13	27	245	342
2	10	0	28	439	461
2	10	0	29	461	535
2	3	14	30	535	626
2	14	1	31	627	646
2	0	7	32	693	760
2	3	0	33	923	1004
3	1	4	34	40	96
3	6	13	35	108	135
3	3	14	36	191	241
3	5	5	37	268	305
3	12	9	38	305	373
3	14	10	39	528	612
3	9	12	40	683	709
3	14	11	41	771	786
3	14	1	42	801	831
3	14	12	43	916	935
4	1	6	44	0	38
4	7	9	45	190	260
4	8	9	46	260	302
4	7	9	47	383	468
4	11	6	48	531	618
4	4	8	49	621	687
4	3	0	50	692	723
4	11	12	51	774	837
4	11	3	52	839	878
4	0	14	53	878	901
4	9	2	54	935	972
5	3	8	55	0	45
5	0	7	56	62	85
5	3	8	57	122	191
5	13	14	58	257	315
5	13	8	59	315	326
5	11	6	60	395	425
5	2	8	61	481	533
5	1	5	62	533	613
5	1	10	63	648	704
5	10	14	64	707	785
5	10	3	65	932	989
6	5	0	66	0	19
6	14	12	67	19	97
6	1	4	68	97	110
6	11	3	69	238	322
6	9	2	70	364	379
6	3	0	71	379	437
6	14	14	72	437	491
6	10	0	73	535	591
6	8	12	74	591	653
6	5	3	75	653	739
6	9	2	76	795	848
6	3	0	77	859	923
7	5	0	78	19	105
7	3	0	79	105	117
7	1	14	80	119	168
7	1	7	81	201	245
7	8	12	82	302	364
7	0	7	83	401	416
7	11	6	84	425	503
7	14	14	85	503	528
7	5	3	86	528	548
7	1	10	87	613	648
7	0	7	88	663	693
7	5	4	89	830	914
8	13	7	90	0	62
8	9	7	91	85	158
8	11	13	92	158	238
8	8	5	93	245	257
8	12	12	94	261	287
8	10	5	95	366	439
8	4	5	96	439	513
8	4	1	97	513	562
8	12	2	98	617	717
8	5	3	99	739	822
8	10	3	100	822	839
8	4	6	101	919	989
9	6	13	102	0	53
9	12	1	103	53	104
9	8	5	104	129	206
9	0	4	105	255	331
9	9	2	106	331	364
9	5	3	107	382	437
9	9	3	108	437	516
9	7	13	109	640	698
9	7	13	110	698	749
9	7	9	111	774	802
9	6	11	112	802	852
9	14	12	113	935	999
10	7	11	114	11	81
10	7	9	115	373	383
10	5	1	116	458	474
10	1	13	117	474	500
10	11	6	118	618	702
10	9	2	119	717	795
10	3	0	120	830	859
10	8	5	121	933	994
11	14	12	122	97	159
11	10	2	123	159	185
11	11	6	124	365	395
11	12	12	125	437	459
11	5	1	126	474	485
11	8	12	127	541	563
11	14	1	128	612	627
11	3	0	129	684	692
11	6	10	130	704	781
11	6	11	131	786	798
12	4	9	132	0	34
12	13	14	133	62	119
12	0	4	134	157	206
12	5	1	135	217	268
12	2	0	136	298	330
12	7	0	137	337	372
12	6	11	138	372	434
12	12	11	139	459	544
12	10	0	140	591	653
12	11	9	141	702	771
12	7	13	142	815	867
12	4	6	143	885	919
13	11	3	144	0	62
13	5	1	145	144	175
13	9	8	146	191	235
13	14	1	147	356	429
13	3	8	148	438	467
13	0	13	149	513	568
13	7	13	150	568	605
13	0	5	151	614	662
13	8	5	152	696	761
13	3	0	153	761	830
13	14	12	154	837	851
13	9	2	155	851	935
14	12	1	156	0	53
14	0	2	157	85	157
14	13	10	158	220	257
14	8	10	159	364	419
14	5	1	160	485	509
14	3	14	161	626	684
14	1	10	162	781	808
14	7	13	163	867	894
15	8	5	164	0	64
15	12	9	165	104	190
15	0	4	166	206	255
15	0	7	167	331	401
15	8	10	168	419	433
15	11	6	169	503	531
15	6	8	170	533	621
15	14	1	171	646	718
15	4	13	172	749	815
15	1	14	173	815	873
15	2	8	174	907	985
16	7	11	175	0	11
16	2	8	176	45	122
16	1	14	177	168	190
16	10	2	178	190	274
16	14	10	179	274	356
16	9	12	180	379	437
16	6	10	181	459	488
16	4	1	182	562	611
16	6	11	183	621	702
16	8	5	184	761	845
16	10	5	185	845	932
16	7	10	186	953	1000
17	7	11	187	81	110
17	5	1	188	110	144
17	6	0	189	146	213
17	3	8	190	241	313
17	5	3	191	336	382
17	0	2	192	568	614
17	1	6	193	704	780
17	13	8	194	891	905
18	2	4	195	0	40
18	6	13	196	53	108
18	10	5	197	314	366
18	1	13	198	407	473
18	7	9	199	473	557
18	5	3	200	557	630
18	13	8	201	687	770
18	0	7	202	770	798
18	4	6	203	815	885
18	7	13	204	894	953
18	5	13	205	953	970
18	12	9	206	981	993
19	10	10	207	0	36
19	10	3	208	64	148
19	4	6	209	201	284
19	4	14	210	318	376
19	13	2	211	434	508
19	12	11	212	544	617
19	13	12	213	653	671
19	14	11	214	718	771
19	13	8	215	851	891
19	11	3	216	891	908
19	11	1	217	908	987
19	4	6	218	989	1003
20	10	10	219	36	64
20	2	4	220	122	151
20	9	7	221	158	191
20	4	6	222	191	201
20	9	2	223	275	323
20	1	13	224	342	407
20	6	10	225	488	509
20	2	4	226	617	693
20	0	14	227	901	948
21	12	12	228	190	261
21	13	8	229	326	392
21	0	7	230	416	513
21	7	13	231	605	640
21	3	0	232	723	754
21	14	14	233	786	801
21	0	9	234	802	822
21	1	4	235	950	1001
22	3	9	236	45	103
22	4	6	237	108	177
22	5	1	238	177	217
22	2	0	239	217	229
22	10	1	240	274	288
22	10	1	241	288	314
22	2	4	242	331	373
22	12	14	243	376	436
22	8	12	244	459	541
22	4	14	245	687	707
22	8	10	246	845	918
22	1	4	247	918	950
23	11	10	248	64	128
23	13	10	249	128	206
23	13	10	250	206	220
23	9	7	251	245	275
23	6	7	252	275	320
23	13	2	253	392	434
23	1	4	254	500	532
23	2	4	255	533	617
23	8	9	256	653	696
23	7	12	257	749	774
23	2	1	258	831	907
23	13	7	259	907	998
24	8	5	260	206	245
24	7	11	261	260	337
24	11	6	262	337	365
24	2	4	263	373	412
24	2	4	264	412	481
24	13	9	265	563	652
24	2	4	266	693	752
24	2	4	267	752	830
24	12	9	268	830	898
24	12	9	269	898	981
24	0	2	270	981	1007


Solution History:
