This is the output of Heuristic Solver for Dual resource constrained flexible job shop Scheduling Problem.
Input file is: wfjsp8_6.txt
Method: FaFM
Seed: 1
Number of Jobs: 15
Number of Operations: 122
Number of Machines: 5
Number of Operators: 5
CPU Time: 8.9396
obj: 1290
Best found lower bound:0
Solver gap (best found lower bound and upper bound difference): Not known


Final Solution:
Job	Machine	Operator	Operation	Start Time	Finish Time
0	1	4	0	0	62
0	2	2	1	223	263
0	3	3	2	322	388
0	2	0	3	527	570
0	1	2	4	584	672
0	3	3	5	777	868
0	2	2	6	1001	1030
0	3	3	7	1071	1097
0	4	0	8	1133	1219
1	0	1	9	0	14
1	0	1	10	54	150
1	3	4	11	256	322
1	4	1	12	599	632
1	2	0	13	655	691
1	4	0	14	857	914
1	3	3	15	988	1071
1	0	4	16	1130	1206
2	2	2	17	24	108
2	2	2	18	196	223
2	4	0	19	301	352
2	0	4	20	534	588
2	2	0	21	691	734
2	2	2	22	754	836
2	4	0	23	914	989
2	0	4	24	1234	1290
3	0	1	25	14	54
3	3	3	26	112	148
3	4	0	27	154	163
3	1	1	28	187	253
3	2	0	29	441	527
3	4	1	30	552	599
3	2	0	31	734	748
3	2	2	32	920	1001
3	2	2	33	1119	1201
3	1	1	34	1243	1282
4	4	0	35	163	239
4	4	0	36	239	279
4	0	4	37	415	440
4	4	1	38	467	552
4	3	3	39	605	644
4	3	3	40	728	777
4	3	3	41	868	913
4	4	0	42	1219	1285
5	0	3	43	150	235
5	2	0	44	352	441
5	3	3	45	557	605
5	3	3	46	644	728
5	3	3	47	954	988
5	1	1	48	1010	1056
5	0	4	49	1206	1219
6	1	4	50	62	157
6	1	1	51	157	187
6	3	4	52	245	256
6	2	2	53	263	310
6	3	3	54	470	557
6	1	2	55	563	575
6	1	2	56	672	754
6	1	1	57	944	1010
6	4	0	58	1048	1122
6	2	2	59	1201	1246
7	0	3	60	235	320
7	1	1	61	338	350
7	1	2	62	475	563
7	0	4	63	790	843
7	0	4	64	843	865
7	0	4	65	909	936
7	0	4	66	1045	1130
8	1	2	67	350	390
8	1	2	68	390	475
8	4	0	69	791	857
8	1	1	70	877	891
8	0	4	71	975	1007
8	1	1	72	1152	1194
9	3	4	73	157	245
9	2	2	74	310	346
9	3	3	75	388	431
9	1	2	76	575	584
9	1	1	77	758	782
9	1	1	78	782	877
9	2	2	79	1030	1119
9	4	0	80	1122	1133
10	4	2	81	0	24
10	3	3	82	24	33
10	4	0	83	64	154
10	4	0	84	279	301
10	0	4	85	617	702
10	0	4	86	702	790
10	1	1	87	891	944
10	0	4	88	951	975
10	3	3	89	1194	1229
11	1	1	90	253	338
11	0	4	91	865	882
11	0	4	92	882	899
11	3	3	93	913	954
11	3	3	94	1145	1194
11	1	1	95	1194	1243
12	2	2	96	108	196
12	4	1	97	352	440
12	4	1	98	440	467
12	4	1	99	632	705
12	4	1	100	705	758
12	0	4	101	899	909
12	0	4	102	1007	1045
12	3	3	103	1097	1145
12	0	4	104	1219	1234
12	2	2	105	1246	1281
13	2	3	106	0	21
13	4	0	107	24	64
13	0	4	108	322	415
13	3	3	109	431	470
13	0	4	110	588	617
13	2	2	111	836	920
13	4	0	112	989	1015
13	3	3	113	1229	1281
14	3	3	114	33	112
14	0	4	115	440	534
14	2	0	116	570	655
14	4	0	117	758	791
14	0	4	118	936	951
14	4	0	119	1015	1026
14	4	0	120	1026	1048
14	1	1	121	1056	1152


Solution History:
