This is the output of Heuristic Solver for Dual resource constrained flexible job shop Scheduling Problem.
Input file is: wfjsp16_10.txt
Method: FaFM
Seed: 1
Number of Jobs: 40
Number of Operations: 310
Number of Machines: 15
Number of Operators: 15
CPU Time: 17.8908
obj: 1167
Best found lower bound:0
Solver gap (best found lower bound and upper bound difference): Not known


Final Solution:
Job	Machine	Operator	Operation	Start Time	Finish Time
0	3	6	0	46	122
0	3	6	1	217	299
0	13	9	2	320	383
0	11	14	3	578	658
0	13	8	4	772	833
0	8	9	5	882	911
0	13	10	6	972	1003
0	14	3	7	1119	1164
1	6	9	8	77	171
1	2	0	9	211	239
1	7	11	10	260	297
1	11	11	11	297	329
1	10	1	12	423	509
1	6	10	13	677	753
1	6	6	14	847	908
1	2	14	15	954	1038
2	3	11	16	127	211
2	10	14	17	221	233
2	1	11	18	251	259
2	4	12	19	367	421
2	9	11	20	427	491
2	4	12	21	678	754
2	10	7	22	819	867
2	6	13	23	1037	1113
3	1	0	24	75	120
3	11	1	25	189	212
3	0	13	26	378	423
3	10	0	27	584	602
3	1	5	28	799	885
4	12	8	29	29	57
4	12	5	30	219	300
4	2	14	31	496	568
4	14	6	32	623	691
4	11	5	33	899	933
4	3	0	34	999	1052
5	9	1	35	109	188
5	8	9	36	275	288
5	10	1	37	292	316
5	12	4	38	316	335
5	12	4	39	423	480
5	3	7	40	548	578
5	6	10	41	753	847
5	0	4	42	947	1012
6	7	3	43	52	140
6	6	3	44	359	376
6	12	3	45	500	515
6	12	8	46	606	670
6	11	5	47	1006	1055
6	10	8	48	1055	1069
7	8	9	49	182	275
7	12	3	50	515	606
7	8	9	51	700	727
7	1	3	52	887	955
7	3	0	53	967	976
8	9	11	54	37	109
8	11	1	55	212	292
8	9	7	56	292	310
8	3	8	57	371	442
8	0	1	58	575	611
8	6	9	59	624	632
8	14	6	60	691	780
8	13	11	61	915	960
8	14	1	62	1035	1117
9	7	3	63	140	212
9	1	14	64	393	480
9	5	10	65	556	633
9	11	14	66	658	703
9	13	10	67	871	915
9	14	1	68	996	1012
9	6	13	69	1014	1037
9	8	12	70	1122	1141
9	0	9	71	1141	1163
10	11	5	72	107	157
10	5	10	73	320	366
10	12	3	74	480	500
10	7	3	75	643	711
10	2	2	76	1043	1092
11	13	11	77	0	37
11	8	1	78	60	98
11	8	5	79	390	477
11	7	12	80	518	551
11	1	5	81	600	633
11	13	10	82	847	871
11	11	5	83	887	899
11	9	13	84	934	1014
11	6	13	85	1113	1150
12	14	9	86	0	32
12	8	5	87	317	390
12	3	8	88	475	546
12	1	5	89	784	799
12	3	8	90	833	914
13	2	5	91	0	64
13	10	13	92	77	110
13	5	11	93	110	127
13	1	14	94	259	347
13	14	6	95	367	417
13	9	13	96	501	574
13	8	11	97	594	667
13	0	0	98	743	809
13	4	2	99	861	954
13	12	4	100	1083	1165
14	4	7	101	0	72
14	14	3	102	260	354
14	6	9	103	536	624
14	10	8	104	690	732
14	14	6	105	811	843
14	7	6	106	908	961
14	4	11	107	961	1040
14	1	3	108	1043	1059
15	10	14	109	110	186
15	6	8	110	186	198
15	5	2	111	251	318
15	13	9	112	383	449
15	4	12	113	622	678
15	12	4	114	783	871
15	13	10	115	1003	1074
16	6	13	116	0	77
16	13	10	117	243	320
16	14	6	118	417	486
16	13	4	119	577	668
16	8	1	120	743	778
16	14	12	121	856	893
16	8	12	122	911	989
16	0	4	123	1012	1036
17	5	13	124	149	218
17	6	6	125	340	359
17	12	4	126	670	695
17	0	1	127	700	743
17	14	6	128	780	811
17	12	4	129	871	902
17	8	11	130	1088	1122
18	7	3	131	0	52
18	2	5	132	64	83
18	4	12	133	268	353
18	9	7	134	406	419
18	7	13	135	427	501
18	14	6	136	560	575
18	1	5	137	633	696
18	9	1	138	778	860
18	14	1	139	1012	1035
18	10	8	140	1083	1153
19	14	12	141	34	109
19	12	6	142	170	217
19	9	7	143	310	406
19	10	0	144	602	665
19	9	7	145	867	934
19	13	10	146	960	972
19	8	12	147	1008	1088
20	10	10	148	0	65
20	6	8	149	198	288
20	6	13	150	288	332
20	14	12	151	354	367
20	2	2	152	578	612
20	2	2	153	699	786
20	4	2	154	786	861
20	2	14	155	870	954
20	10	8	156	967	1054
21	12	8	157	85	170
21	1	11	158	219	251
21	10	1	159	316	347
21	10	0	160	509	584
21	5	14	161	703	779
21	6	10	162	915	944
21	1	3	163	1059	1119
22	0	10	164	69	156
22	7	3	165	212	260
22	3	8	166	299	371
22	4	10	167	421	488
22	11	2	168	540	578
22	14	6	169	578	623
22	6	10	170	633	677
22	10	13	171	738	819
22	7	11	172	821	902
22	3	0	173	1052	1114
23	9	8	174	0	29
23	14	2	175	109	203
23	0	13	176	332	378
23	5	7	177	459	548
23	13	4	178	562	577
23	5	9	179	633	699
23	14	12	180	893	905
23	10	0	181	905	967
23	8	12	182	989	1008
23	0	4	183	1036	1083
24	11	14	184	34	106
24	8	12	185	109	182
24	12	4	186	335	423
24	8	11	187	491	570
24	13	0	188	668	729
24	13	9	189	729	772
24	8	1	190	860	882
24	14	1	191	905	996
24	5	9	192	1013	1059
24	13	10	193	1088	1144
25	13	4	194	37	109
25	11	5	195	157	189
25	6	3	196	376	465
25	0	1	197	518	575
25	3	7	198	578	606
25	0	0	199	809	897
25	6	9	200	980	1013
25	13	10	201	1074	1088
25	9	12	202	1088	1112
26	11	12	203	0	34
26	2	5	204	83	107
26	10	14	205	186	221
26	11	2	206	411	452
26	0	12	207	466	518
26	3	7	208	606	690
26	3	8	209	914	943
26	4	11	210	1040	1083
27	13	4	211	109	195
27	2	0	212	342	408
27	5	7	213	420	446
27	13	4	214	480	562
27	10	8	215	670	690
27	5	14	216	779	857
27	12	6	217	966	990
27	5	9	218	1059	1126
28	12	4	219	0	19
28	5	2	220	54	86
28	2	0	221	239	328
28	4	10	222	488	556
28	8	11	223	570	594
28	7	3	224	622	643
28	8	11	225	667	700
28	7	3	226	711	786
28	11	5	227	1055	1136
29	1	0	228	0	75
29	13	10	229	201	243
29	1	14	230	347	393
29	0	12	231	423	466
29	9	13	232	574	651
29	2	9	233	786	870
29	1	2	234	955	1043
30	5	2	235	0	54
30	4	7	236	208	268
30	10	13	237	268	276
30	2	0	238	328	342
30	5	10	239	366	420
30	3	8	240	442	475
30	9	13	241	651	660
30	9	13	242	660	738
30	11	11	243	767	817
30	12	6	244	990	1083
31	0	1	245	0	9
31	0	4	246	19	32
31	1	13	247	120	149
31	0	4	248	251	315
31	7	12	249	551	622
31	11	11	250	703	750
31	9	7	251	1014	1062
31	9	6	252	1112	1167
32	9	12	253	188	266
32	1	5	254	480	527
32	1	5	255	696	711
32	11	11	256	750	767
32	2	2	257	1092	1165
33	7	11	258	340	427
33	0	1	259	611	700
33	0	4	260	902	947
33	3	0	261	976	999
33	13	10	262	1144	1154
34	0	10	263	156	201
34	8	9	264	288	317
34	14	6	265	486	560
34	7	3	266	786	821
34	5	13	267	857	932
35	3	6	268	0	46
35	12	8	269	57	85
35	0	4	270	201	251
35	11	2	271	329	411
35	13	9	272	449	470
35	1	5	273	527	600
35	12	4	274	695	783
35	11	5	275	933	1006
35	7	14	276	1043	1126
36	0	9	277	32	69
36	5	6	278	127	148
36	14	2	279	203	251
36	6	9	280	470	536
36	1	5	281	711	784
36	4	7	282	1083	1148
37	2	0	283	120	211
37	2	0	284	408	496
37	9	8	285	738	772
37	11	3	286	821	887
37	12	9	287	911	966
37	6	9	288	966	980
37	1	14	289	1135	1157
38	8	1	290	9	60
38	4	7	291	159	208
38	10	14	292	233	259
38	10	1	293	347	423
38	5	7	294	446	459
38	2	2	295	612	699
38	3	7	296	699	767
38	3	7	297	767	814
38	7	3	298	961	1043
38	10	8	299	1069	1083
39	4	7	300	72	159
39	1	5	301	189	219
39	5	13	302	219	251
39	7	6	303	299	340
39	11	2	304	452	540
39	4	8	305	556	603
39	8	12	306	778	856
39	5	7	307	934	1006
39	1	0	308	1119	1135
39	11	1	309	1136	1154


Solution History:
