This is the output of Heuristic Solver for Dual resource constrained flexible job shop Scheduling Problem.
Input file is: wfjsp23_1.txt
Method: FaFM
Seed: 5
Number of Jobs: 30
Number of Operations: 365
Number of Machines: 15
Number of Operators: 12
CPU Time: 22.919
obj: 1555
Best found lower bound:0
Solver gap (best found lower bound and upper bound difference): Not known


Final Solution:
Job	Machine	Operator	Operation	Start Time	Finish Time
0	11	7	0	0	69
0	10	0	1	161	183
0	11	11	2	248	301
0	6	6	3	570	657
0	6	2	4	700	777
0	5	0	5	796	851
0	10	6	6	1093	1163
0	14	10	7	1182	1210
0	10	7	8	1310	1346
0	5	10	9	1503	1542
1	0	4	10	0	8
1	10	3	11	8	24
1	10	3	12	24	36
1	11	4	13	82	132
1	14	1	14	145	202
1	0	7	15	423	464
1	0	4	16	519	542
1	0	0	17	637	646
1	10	0	18	646	699
1	2	8	19	699	740
1	10	6	20	955	1038
1	6	9	21	1039	1126
1	7	4	22	1165	1206
1	6	6	23	1368	1444
2	7	2	24	0	12
2	10	4	25	48	82
2	14	4	26	209	232
2	12	7	27	237	261
2	12	10	28	273	335
2	11	4	29	423	498
2	4	6	30	657	696
2	12	6	31	696	756
2	7	10	32	918	1013
2	11	11	33	1123	1173
2	0	2	34	1232	1247
2	4	5	35	1496	1541
3	14	1	36	0	24
3	10	3	37	82	112
3	3	9	38	246	324
3	5	11	39	468	527
3	10	2	40	529	565
3	10	6	41	831	917
3	1	4	42	1004	1029
3	8	0	43	1039	1097
3	8	3	44	1224	1235
3	4	6	45	1340	1350
3	12	8	46	1369	1445
4	6	3	47	0	8
4	0	2	48	12	21
4	14	7	49	69	106
4	6	6	50	326	398
4	14	1	51	398	413
4	0	4	52	560	616
4	14	9	53	616	676
4	0	7	54	708	748
4	1	8	55	944	985
4	8	0	56	1097	1187
4	3	11	57	1193	1241
4	11	7	58	1346	1438
5	8	0	59	0	55
5	3	5	60	207	229
5	3	5	61	324	380
5	11	7	62	405	423
5	13	5	63	468	509
5	3	1	64	587	682
5	12	8	65	839	871
5	1	11	66	985	1004
5	10	6	67	1038	1093
5	2	1	68	1093	1147
5	9	5	69	1267	1337
5	8	11	70	1343	1387
5	5	10	71	1478	1503
5	14	7	72	1521	1555
6	4	6	73	0	37
6	9	8	74	57	95
6	2	4	75	145	198
6	7	0	76	249	327
6	4	7	77	511	590
6	9	5	78	669	740
6	5	4	79	874	965
6	9	5	80	976	1044
6	7	1	81	1044	1085
6	12	3	82	1248	1261
6	14	11	83	1263	1281
6	4	6	84	1329	1340
6	6	2	85	1461	1538
7	0	9	86	126	164
7	7	8	87	167	197
7	1	4	88	273	290
7	2	4	89	389	421
7	1	8	90	602	659
7	11	4	91	725	738
7	0	9	92	832	887
7	4	2	93	1074	1155
7	10	6	94	1350	1368
7	14	3	95	1497	1520
8	0	10	96	57	111
8	2	4	97	198	209
8	3	10	98	389	478
8	6	6	99	500	570
8	7	0	100	583	637
8	8	4	101	791	834
8	4	2	102	990	1074
8	9	5	103	1192	1267
8	3	9	104	1335	1371
8	7	3	105	1371	1427
8	1	0	106	1470	1491
9	3	5	107	81	128
9	2	4	108	132	145
9	9	2	109	145	221
9	8	3	110	441	501
9	11	3	111	501	577
9	13	5	112	626	648
9	4	10	113	760	782
9	1	8	114	871	944
9	3	11	115	949	968
9	2	8	116	1149	1231
9	7	9	117	1247	1335
9	2	3	118	1427	1441
9	12	11	119	1464	1487
9	7	1	120	1513	1532
10	4	10	121	111	195
10	5	11	122	195	248
10	5	11	123	527	612
10	4	10	124	702	760
10	10	2	125	777	821
10	7	1	126	821	861
10	14	1	127	981	1008
10	5	0	128	1008	1032
10	9	3	129	1110	1192
10	8	6	130	1247	1272
10	11	11	131	1438	1461
10	1	4	132	1491	1528
11	12	8	133	0	17
11	1	8	134	17	57
11	5	2	135	65	143
11	0	6	136	266	326
11	7	1	137	327	367
11	10	8	138	409	510
11	1	8	139	659	695
11	2	1	140	740	816
11	12	3	141	871	947
11	12	3	142	1021	1069
11	6	1	143	1283	1364
11	14	9	144	1371	1438
12	2	0	145	55	101
12	13	6	146	144	185
12	13	8	147	197	266
12	12	7	148	335	404
12	8	11	149	664	749
12	9	6	150	756	797
12	14	11	151	797	853
12	6	1	152	861	914
12	12	10	153	1088	1143
12	12	7	154	1143	1201
12	9	5	155	1347	1383
12	4	11	156	1387	1426
12	7	9	157	1438	1513
13	14	2	158	24	65
13	7	1	159	87	145
13	2	2	160	221	295
13	9	2	161	453	529
13	6	2	162	671	700
13	13	4	163	708	725
13	7	4	164	738	782
13	6	3	165	783	797
13	11	8	166	823	839
13	0	0	167	912	967
13	3	0	168	968	1003
13	9	5	169	1066	1092
13	0	2	170	1155	1232
13	0	4	171	1412	1490
14	3	9	172	0	19
14	3	1	173	24	67
14	10	2	174	330	409
14	1	9	175	409	487
14	2	2	176	565	600
14	5	10	177	664	702
14	3	2	178	831	869
14	2	2	179	874	912
14	10	0	180	1187	1267
14	3	0	181	1267	1315
14	13	0	182	1315	1395
14	1	4	183	1528	1554
15	13	6	184	57	144
15	14	4	185	290	377
15	9	3	186	405	441
15	8	4	187	501	519
15	7	0	188	525	583
15	11	4	189	672	708
15	4	7	190	787	880
15	10	6	191	917	955
15	6	9	192	973	996
15	8	9	193	996	1039
15	2	8	194	1231	1291
15	1	10	195	1311	1401
15	0	2	196	1401	1410
15	11	8	197	1461	1537
16	12	11	198	27	84
16	8	0	199	101	161
16	14	4	200	232	273
16	0	9	201	326	401
16	4	7	202	590	651
16	10	0	203	699	751
16	11	0	204	751	776
16	12	3	205	947	1021
16	1	4	206	1029	1055
16	13	4	207	1055	1110
16	11	11	208	1173	1193
16	1	6	209	1194	1247
16	12	6	210	1445	1464
16	8	6	211	1464	1537
16	13	6	212	1537	1555
17	6	3	213	144	220
17	0	0	214	230	249
17	11	3	215	323	405
17	2	2	216	600	618
17	2	2	217	618	671
17	8	11	218	749	791
17	4	2	219	912	990
17	12	7	220	1201	1248
17	11	7	221	1248	1289
17	0	4	222	1304	1382
18	9	5	223	0	32
18	7	3	224	36	82
18	10	3	225	220	323
18	8	1	226	367	392
18	13	5	227	392	468
18	7	1	228	471	525
18	13	3	229	652	707
18	12	8	230	799	823
18	11	10	231	842	918
18	14	1	232	1008	1035
18	1	11	233	1067	1123
18	8	3	234	1192	1224
18	5	4	235	1224	1304
18	12	3	236	1332	1369
18	8	11	237	1537	1555
19	13	10	238	0	56
19	4	1	239	240	324
19	1	8	240	510	602
19	13	10	241	602	611
19	12	10	242	611	656
19	12	0	243	776	796
19	2	1	244	914	940
19	6	9	245	1126	1209
19	6	1	246	1263	1283
19	11	11	247	1289	1343
19	1	4	248	1401	1412
19	13	0	249	1418	1470
20	3	5	250	128	207
20	1	6	251	210	266
20	0	7	252	464	511
20	1	9	253	695	773
20	0	9	254	787	832
20	0	8	255	1048	1127
20	5	10	256	1143	1182
20	9	5	257	1337	1347
20	1	2	258	1412	1461
20	4	5	259	1469	1496
21	9	5	260	229	302
21	3	9	261	487	548
21	13	5	262	612	626
21	9	3	263	797	871
21	3	11	264	887	949
21	0	8	265	1127	1149
21	13	6	266	1163	1194
21	3	11	267	1241	1260
21	4	6	268	1311	1329
21	12	11	269	1487	1514
22	11	7	270	150	237
22	6	2	271	295	319
22	14	2	272	413	453
22	9	5	273	529	554
22	3	9	274	554	587
22	11	4	275	616	672
22	13	5	276	831	911
22	11	3	277	1069	1110
22	5	2	278	1304	1400
22	2	0	279	1400	1418
23	6	9	280	64	126
23	4	10	281	195	233
23	5	0	282	381	433
23	12	0	283	433	499
23	5	11	284	612	664
23	7	0	285	861	912
23	5	4	286	965	991
23	3	11	287	1004	1013
23	6	9	288	1209	1247
23	2	8	289	1291	1369
23	10	4	290	1382	1401
24	2	4	291	8	48
24	9	3	292	112	144
24	8	8	293	266	346
24	9	8	294	346	402
24	8	11	295	402	419
24	4	6	296	439	500
24	0	7	297	651	708
24	13	8	298	740	799
24	9	9	299	887	973
24	3	5	300	1092	1183
24	0	2	301	1247	1301
24	3	1	302	1371	1421
24	2	7	303	1441	1521
25	4	5	304	37	81
25	10	7	305	112	150
25	10	6	306	185	210
25	6	10	307	233	273
25	5	0	308	327	381
25	8	1	309	525	575
25	9	5	310	648	669
25	14	1	311	682	736
25	1	10	312	782	842
25	11	11	313	1013	1067
25	14	7	314	1067	1104
25	7	4	315	1110	1165
25	3	1	316	1421	1500
25	12	11	317	1514	1532
26	5	11	318	0	27
26	0	6	319	37	57
26	8	1	320	67	87
26	1	11	321	301	363
26	4	6	322	402	439
26	2	10	323	478	563
26	5	3	324	707	783
26	13	6	325	799	831
26	14	1	326	940	981
26	4	1	327	1155	1205
26	14	1	328	1210	1263
26	14	3	329	1441	1497
27	8	9	330	164	246
27	2	2	331	319	330
27	4	11	332	363	402
27	2	1	333	421	471
27	9	5	334	554	612
27	11	7	335	918	1005
27	0	7	336	1005	1048
27	9	5	337	1048	1066
27	5	7	338	1104	1140
27	10	6	339	1272	1310
27	3	0	340	1500	1545
28	1	11	341	84	174
28	0	0	342	183	230
28	5	7	343	261	297
28	13	7	344	297	334
28	0	4	345	542	560
28	3	5	346	740	831
28	14	11	347	853	887
28	3	10	348	1013	1088
28	4	10	349	1210	1311
28	5	10	350	1401	1478
29	6	9	351	19	64
29	12	8	352	95	167
29	7	1	353	202	240
29	2	10	354	335	389
29	5	11	355	433	468
29	13	0	356	509	522
29	8	3	357	577	652
29	0	7	358	748	787
29	2	4	359	834	874
29	14	7	360	887	917
29	13	5	361	917	976
29	13	8	362	985	1047
29	12	3	363	1261	1332
29	9	5	364	1383	1469


Solution History:
