This is the output of Heuristic Solver for Dual resource constrained flexible job shop Scheduling Problem.
Input file is: wfjsp17_10.txt
Method: FaFM
Seed: 1
Number of Jobs: 15
Number of Operations: 127
Number of Machines: 5
Number of Operators: 4
CPU Time: 10.8931
obj: 1764
Best found lower bound:0
Solver gap (best found lower bound and upper bound difference): Not known


Final Solution:
Job	Machine	Operator	Operation	Start Time	Finish Time
0	2	1	0	34	113
0	0	2	1	508	590
0	2	1	2	741	804
0	3	3	3	873	959
0	3	0	4	1277	1330
0	1	2	5	1333	1366
0	2	2	6	1413	1446
0	1	0	7	1598	1649
1	3	2	8	0	88
1	0	3	9	142	170
1	1	0	10	283	319
1	4	3	11	462	498
1	3	2	12	667	753
1	2	2	13	1143	1225
1	0	3	14	1435	1501
1	2	1	15	1679	1761
2	0	2	16	257	339
2	2	1	17	409	422
2	1	0	18	435	444
2	1	0	19	631	680
2	1	0	20	819	890
2	4	2	21	952	1037
2	2	2	22	1480	1528
2	0	1	23	1610	1679
3	1	0	24	0	45
3	1	0	25	319	342
3	3	2	26	462	508
3	2	1	27	561	579
3	1	0	28	890	978
3	1	0	29	978	1010
3	2	3	30	1272	1352
3	3	2	31	1656	1737
4	2	1	32	113	177
4	3	3	33	332	370
4	0	3	34	741	800
4	0	3	35	959	1040
4	3	0	36	1070	1085
4	0	1	37	1134	1158
4	1	2	38	1311	1333
4	0	1	39	1362	1412
4	2	2	40	1446	1480
5	2	1	41	177	267
5	0	1	42	675	741
5	2	1	43	944	1032
5	0	1	44	1412	1427
5	1	1	45	1427	1441
5	0	1	46	1508	1575
5	3	2	47	1610	1656
5	2	3	48	1662	1677
6	0	3	49	38	133
6	0	2	50	339	426
6	2	1	51	579	608
6	0	3	52	800	873
6	2	1	53	935	944
6	0	1	54	1056	1134
6	4	3	55	1352	1435
6	1	0	56	1508	1529
6	1	0	57	1649	1714
7	0	3	58	0	38
7	0	3	59	133	142
7	1	0	60	342	435
7	2	1	61	804	853
7	2	1	62	853	935
7	2	3	63	1040	1116
7	0	1	64	1190	1282
7	0	1	65	1282	1362
8	3	2	66	88	136
8	1	0	67	444	495
8	1	0	68	495	512
8	3	0	69	512	538
8	1	0	70	570	592
8	1	1	71	1032	1056
8	1	1	72	1459	1508
8	4	3	73	1582	1635
8	1	0	74	1714	1737
9	3	0	75	136	204
9	2	1	76	267	316
9	3	2	77	626	667
9	4	2	78	916	952
9	1	0	79	1085	1167
9	1	0	80	1167	1204
9	0	1	81	1575	1610
9	2	3	82	1635	1662
9	0	2	83	1752	1764
10	1	2	84	149	238
10	0	2	85	426	462
10	3	2	86	590	626
10	2	3	87	668	737
10	4	2	88	839	916
10	1	0	89	1010	1026
10	4	2	90	1225	1311
10	0	3	91	1679	1748
11	4	1	92	0	34
11	1	2	93	238	257
11	2	1	94	316	409
11	2	1	95	422	473
11	2	1	96	473	561
11	4	3	97	587	668
11	3	3	98	1202	1272
11	3	0	99	1410	1503
11	3	2	100	1528	1610
12	3	0	101	204	283
12	3	3	102	370	462
12	4	3	103	498	587
12	3	0	104	1026	1070
12	0	1	105	1158	1190
12	2	2	106	1366	1413
12	4	3	107	1501	1582
12	4	2	108	1737	1752
13	1	0	109	45	133
13	4	2	110	136	149
13	4	3	111	257	332
13	0	1	112	608	675
13	1	0	113	680	727
13	1	0	114	727	819
13	4	2	115	1037	1116
13	3	3	116	1116	1202
13	3	0	117	1330	1410
13	1	0	118	1529	1598
14	0	3	119	170	257
14	3	0	120	538	570
14	1	0	121	592	631
14	3	2	122	753	839
14	4	2	123	1116	1143
14	1	0	124	1204	1277
14	1	1	125	1441	1459
14	3	0	126	1737	1762


Solution History:
