This is the output of Heuristic Solver for Dual resource constrained flexible job shop Scheduling Problem.
Input file is: wfjsp24_7.txt
Method: FaFM
Seed: 3
Number of Jobs: 40
Number of Operations: 313
Number of Machines: 15
Number of Operators: 12
CPU Time: 17.4768
obj: 1339
Best found lower bound:0
Solver gap (best found lower bound and upper bound difference): Not known


Final Solution:
Job	Machine	Operator	Operation	Start Time	Finish Time
0	5	4	0	101	176
0	7	4	1	332	346
0	6	8	2	457	496
0	2	10	3	675	777
0	0	6	4	865	885
0	10	7	5	1020	1060
0	3	3	6	1180	1220
0	7	11	7	1279	1328
1	13	0	8	0	9
1	10	9	9	104	138
1	2	5	10	219	294
1	0	11	11	322	391
1	1	5	12	606	680
1	14	7	13	721	774
1	7	7	14	818	852
1	12	7	15	852	871
1	8	2	16	886	970
1	9	2	17	1117	1190
2	8	2	18	0	58
2	11	9	19	314	395
2	14	9	20	395	462
2	0	7	21	556	588
2	14	5	22	709	721
2	0	5	23	721	808
2	3	8	24	903	914
2	6	9	25	963	1025
2	10	1	26	1070	1082
2	1	5	27	1190	1264
3	6	8	28	177	233
3	13	1	29	233	263
3	12	10	30	548	619
3	4	4	31	777	850
3	9	10	32	1261	1327
4	2	10	33	75	84
4	10	7	34	147	227
4	0	11	35	391	483
4	8	8	36	535	559
4	1	4	37	567	592
4	9	7	38	592	625
4	3	3	39	681	744
4	10	10	40	788	867
4	13	9	41	1038	1122
4	8	8	42	1162	1247
5	3	4	43	0	35
5	2	10	44	150	176
5	14	9	45	462	497
5	10	1	46	521	603
5	2	7	47	966	1020
5	6	2	48	1266	1336
6	5	4	49	35	101
6	7	8	50	116	136
6	12	1	51	379	411
6	4	6	52	510	574
6	9	9	53	631	667
6	5	10	54	777	788
6	0	6	55	824	865
6	10	4	56	933	1012
6	3	8	57	1012	1053
7	4	6	58	0	37
7	6	8	59	79	104
7	3	10	60	344	370
7	3	8	61	421	457
7	3	11	62	483	544
7	5	2	63	688	761
7	7	4	64	1012	1092
7	1	7	65	1273	1328
8	11	5	66	0	79
8	14	1	67	85	175
8	3	3	68	546	604
8	2	1	69	604	661
8	13	6	70	805	824
8	11	1	71	886	941
8	1	3	72	957	1016
8	0	3	73	1102	1180
9	9	9	74	62	104
9	11	10	75	285	309
9	3	3	76	604	646
9	8	9	77	695	766
9	2	2	78	1220	1254
10	6	8	79	233	265
10	11	2	80	531	605
10	3	8	81	891	903
10	0	3	82	941	957
10	2	11	83	1038	1095
11	10	7	84	0	23
11	9	11	85	35	62
11	7	7	86	272	326
11	12	7	87	326	379
11	7	10	88	619	675
11	6	8	89	679	689
11	11	5	90	808	885
11	11	7	91	1097	1126
11	14	3	92	1257	1296
11	5	5	93	1301	1318
12	12	1	94	0	29
12	6	8	95	265	336
12	10	1	96	350	363
12	3	6	97	372	421
12	1	3	98	421	442
12	0	10	99	483	548
12	14	3	100	778	857
12	6	9	101	864	892
12	14	2	102	970	1055
12	12	7	103	1126	1179
13	7	10	104	0	33
13	4	4	105	279	332
13	13	4	106	359	412
13	2	1	107	412	440
13	7	0	108	743	799
13	0	0	109	895	923
13	6	0	110	923	963
13	5	11	111	1099	1113
13	5	11	112	1113	1141
13	1	0	113	1141	1183
14	1	5	114	146	219
14	8	0	115	318	373
14	12	11	116	638	714
14	6	8	117	1053	1066
14	13	6	118	1162	1214
15	6	8	119	136	177
15	3	6	120	177	203
15	5	0	121	203	299
15	5	10	122	370	409
15	6	8	123	595	679
15	1	4	124	850	933
15	6	8	125	1066	1150
15	0	0	126	1291	1333
16	13	1	127	175	211
16	8	4	128	263	279
16	14	3	129	296	329
16	6	0	130	544	583
16	4	1	131	941	954
16	10	4	132	1092	1143
17	12	7	133	35	119
17	8	4	134	254	263
17	2	7	135	445	488
17	13	7	136	488	556
17	13	1	137	824	886
17	14	9	138	892	959
17	4	11	139	1141	1154
17	5	1	140	1251	1286
17	10	1	141	1286	1332
18	2	9	142	0	62
18	11	10	143	177	243
18	5	4	144	488	567
18	14	4	145	592	658
18	8	9	146	667	695
18	5	0	147	799	895
18	2	5	148	1112	1190
18	4	5	149	1264	1301
19	2	10	150	84	150
19	9	11	151	167	254
19	8	0	152	455	473
19	6	0	153	510	544
19	8	9	154	559	590
19	13	1	155	709	735
19	2	5	156	886	960
19	4	6	157	994	1036
19	12	5	158	1038	1112
19	4	10	159	1230	1261
20	1	3	160	75	132
20	6	0	161	373	455
20	1	3	162	455	546
20	6	8	163	689	757
20	3	8	164	914	1010
20	13	6	165	1214	1233
20	12	7	166	1237	1273
20	4	5	167	1322	1332
21	12	11	168	254	322
21	10	2	169	605	688
21	13	9	170	1122	1141
21	5	4	171	1192	1228
21	2	2	172	1254	1266
22	5	11	173	0	27
22	8	9	174	138	169
22	5	5	175	318	370
22	9	5	176	370	390
22	2	7	177	794	818
22	10	7	178	871	908
22	1	6	179	1036	1090
22	9	3	180	1220	1246
23	0	3	181	0	12
23	1	10	182	33	75
23	8	9	183	169	240
23	8	5	184	294	318
23	9	1	185	467	521
23	5	0	186	583	625
23	3	3	187	744	753
23	9	2	188	761	846
23	7	10	189	1099	1172
23	8	8	190	1247	1333
24	12	3	191	132	212
24	3	10	192	309	344
24	7	8	193	346	420
24	7	5	194	545	606
24	0	3	195	646	681
24	0	6	196	957	994
24	0	3	197	1016	1102
24	11	9	198	1141	1186
24	7	11	199	1266	1279
25	13	6	200	280	359
25	4	11	201	578	638
25	3	3	202	753	778
25	3	8	203	836	891
25	9	2	204	1055	1117
26	3	6	205	37	73
26	9	5	206	390	467
26	8	0	207	473	510
26	2	9	208	1025	1038
26	5	4	209	1143	1192
27	6	8	210	0	9
27	9	7	211	23	35
27	7	0	212	48	109
27	2	2	213	294	323
27	5	10	214	409	480
27	14	4	215	658	698
27	13	1	216	735	766
27	13	7	217	774	794
27	5	10	218	899	987
27	11	6	219	1233	1320
28	6	8	220	9	79
28	11	6	221	103	177
28	11	7	222	395	445
28	11	2	223	450	531
28	0	9	224	590	631
28	1	0	225	683	743
28	13	6	226	886	950
28	8	6	227	1090	1162
28	10	1	228	1168	1251
28	0	0	229	1253	1291
29	4	4	230	176	254
29	8	2	231	373	450
29	4	6	232	656	769
29	8	9	233	769	864
29	8	10	234	987	1063
29	6	7	235	1179	1198
30	4	11	236	62	128
30	14	2	237	207	291
30	3	8	238	778	836
30	4	0	239	1036	1131
30	3	8	240	1150	1158
30	11	2	241	1190	1220
30	4	3	242	1309	1322
31	9	7	243	119	147
31	10	9	244	240	314
31	4	3	245	332	413
31	10	6	246	421	510
31	9	1	247	667	707
31	11	6	248	769	805
31	9	11	249	907	963
31	14	9	250	1186	1257
31	3	9	251	1283	1339
32	13	0	252	9	48
32	8	8	253	104	116
32	4	11	254	128	167
32	1	10	255	243	285
32	2	2	256	323	359
32	6	8	257	583	595
32	11	7	258	625	719
32	14	1	259	1082	1168
32	0	7	260	1198	1237
33	8	6	261	73	103
33	0	0	262	109	193
33	12	5	263	467	545
33	2	11	264	563	578
33	11	11	265	729	757
33	12	1	266	766	810
33	7	10	267	867	899
33	11	5	268	960	1038
33	6	0	269	1198	1253
34	10	1	270	29	85
34	9	1	271	263	350
34	1	4	272	350	359
34	2	9	273	497	559
34	4	3	274	857	941
34	12	1	275	954	1012
34	7	11	276	1175	1198
34	13	4	277	1233	1274
35	13	2	278	58	139
35	4	4	279	413	488
35	7	8	280	496	535
35	9	11	281	846	907
35	7	7	282	908	966
35	13	4	283	1274	1322
36	7	2	284	139	207
36	12	1	285	440	465
36	10	4	286	698	777
36	5	10	287	1070	1099
36	4	10	288	1172	1230
37	3	5	289	79	146
37	0	3	290	212	296
37	1	3	291	442	453
37	13	6	292	574	656
37	1	11	293	757	846
37	9	11	294	963	1030
37	3	11	295	1158	1175
37	7	11	296	1198	1266
38	3	6	297	203	280
38	1	0	298	299	317
38	6	6	299	359	372
38	5	0	300	625	683
38	13	0	301	963	1020
38	11	7	302	1060	1097
38	14	3	303	1296	1309
39	14	3	304	12	67
39	7	7	305	227	272
39	9	11	306	544	563
39	13	5	307	680	709
39	7	11	308	714	729
39	2	2	309	846	886
39	5	1	310	1012	1070
39	9	3	311	1246	1255
39	3	9	312	1257	1283


Solution History:
