This is the output of Heuristic Solver for Dual resource constrained flexible job shop Scheduling Problem.
Input file is: wfjsp22_3.txt
Method: FaFM
Seed: 1
Number of Jobs: 30
Number of Operations: 235
Number of Machines: 15
Number of Operators: 12
CPU Time: 37.6649
obj: 1049
Best found lower bound:0
Solver gap (best found lower bound and upper bound difference): Not known


Final Solution:
Job	Machine	Operator	Operation	Start Time	Finish Time
0	10	4	0	88	149
0	9	8	1	173	186
0	1	2	2	334	352
0	7	1	3	352	430
0	8	5	4	430	500
0	1	10	5	514	587
0	6	8	6	677	758
0	4	5	7	898	931
0	1	7	8	957	1039
1	3	3	9	0	14
1	11	8	10	16	72
1	8	2	11	116	210
1	3	6	12	269	286
1	1	0	13	407	502
1	11	0	14	502	599
1	5	2	15	614	643
1	3	8	16	772	833
2	5	7	17	0	16
2	3	3	18	16	81
2	11	0	19	155	167
2	12	10	20	254	279
2	10	2	21	415	476
2	7	1	22	500	597
2	10	4	23	715	772
2	4	2	24	775	804
2	13	0	25	806	889
2	13	3	26	936	1033
3	10	1	27	0	9
3	14	11	28	9	37
3	1	7	29	76	164
3	7	8	30	186	220
3	11	7	31	339	367
3	2	9	32	555	620
3	10	11	33	620	682
3	2	10	34	692	759
4	3	6	35	81	179
4	14	9	36	391	479
4	6	7	37	520	533
4	3	6	38	628	655
4	3	2	39	668	742
4	8	8	40	758	772
4	10	4	41	772	795
4	5	3	42	795	853
4	12	9	43	951	987
4	3	6	44	987	1037
5	9	9	45	0	84
5	7	11	46	110	179
5	0	2	47	251	334
5	4	4	48	418	434
5	13	3	49	444	459
5	4	2	50	476	526
5	3	6	51	562	628
5	5	11	52	713	747
5	1	7	53	846	870
5	11	1	54	885	938
6	12	10	55	0	24
6	8	4	56	27	57
6	13	1	57	114	190
6	5	3	58	358	444
6	0	4	59	508	604
6	6	10	60	759	854
6	3	3	61	854	863
6	6	4	62	863	916
6	10	2	63	935	1036
7	2	5	64	57	92
7	4	6	65	179	208
7	1	5	66	239	296
7	7	1	67	296	338
7	12	6	68	479	562
7	7	1	69	597	609
7	1	7	70	760	846
8	5	7	71	16	72
8	4	2	72	210	238
8	6	4	73	279	351
8	13	7	74	493	520
8	8	9	75	620	677
8	11	5	76	938	948
9	6	4	77	0	27
9	9	9	78	150	160
9	14	9	79	160	226
9	5	3	80	262	358
9	1	2	81	358	407
9	14	1	82	480	498
9	13	0	83	744	778
9	2	10	84	986	1000
10	0	3	85	81	160
10	11	7	86	295	339
10	0	8	87	377	413
10	8	10	88	591	612
10	2	4	89	642	675
10	13	9	90	683	729
10	14	3	91	742	795
10	3	3	92	885	909
10	7	6	93	939	969
11	2	5	94	0	36
11	14	11	95	37	110
11	8	8	96	220	264
11	2	9	97	479	555
11	6	5	98	563	659
11	12	6	99	659	755
11	2	5	100	770	821
11	5	10	101	854	893
11	0	8	102	893	975
11	14	11	103	983	1049
12	5	2	104	78	116
12	11	0	105	116	128
12	12	5	106	149	206
12	8	8	107	264	306
12	4	11	108	306	372
12	12	6	109	376	479
12	10	11	110	523	616
12	7	9	111	729	819
12	7	6	112	887	939
12	0	8	113	975	1011
13	12	4	114	57	82
13	9	1	115	190	233
13	14	9	116	353	391
13	9	11	117	693	702
13	10	4	118	795	860
13	12	9	119	872	951
14	4	8	120	0	16
14	2	5	121	92	149
14	12	4	122	206	251
14	9	11	123	251	279
14	0	8	124	604	677
14	7	8	125	833	887
14	4	5	126	948	1005
15	13	1	127	60	114
15	0	11	128	179	250
15	0	8	129	413	486
15	8	3	130	567	591
15	1	5	131	659	715
15	3	1	132	742	764
15	11	1	133	764	828
16	10	1	134	9	60
16	5	0	135	128	155
16	11	1	136	233	295
16	10	9	137	300	353
16	5	3	138	467	508
16	1	0	139	599	658
16	5	0	140	658	713
16	8	3	141	715	742
16	4	2	142	742	775
16	1	7	143	870	957
17	11	7	144	167	233
17	9	11	145	279	293
17	9	11	146	500	523
17	14	3	147	591	663
17	14	3	148	663	715
17	9	5	149	715	770
18	13	0	150	0	43
18	9	9	151	112	150
18	6	4	152	251	279
18	10	4	153	353	415
18	9	10	154	440	486
18	7	1	155	609	646
18	8	4	156	677	715
18	8	9	157	849	872
18	10	0	158	889	929
19	6	0	159	43	87
19	1	5	160	206	239
19	7	11	161	430	491
19	14	5	162	500	563
19	7	1	163	646	716
19	0	11	164	760	805
19	9	2	165	805	864
19	6	0	166	929	1012
19	0	8	167	1012	1039
20	0	2	168	0	78
20	8	9	169	86	112
20	14	10	170	279	337
20	3	0	171	337	374
20	7	1	172	716	729
20	2	5	173	821	898
21	13	6	174	293	375
21	9	10	175	377	440
21	6	4	176	440	508
21	0	7	177	683	760
21	14	11	178	805	914
21	2	4	179	916	986
21	5	9	180	987	1030
22	12	5	181	36	57
22	6	0	182	167	233
22	10	0	183	233	300
22	12	8	184	306	376
22	2	7	185	376	461
22	8	3	186	508	567
22	12	6	187	755	783
22	3	1	188	863	885
23	2	10	189	159	254
23	3	0	190	300	336
23	10	10	191	486	514
23	4	4	192	604	642
23	4	6	193	804	883
23	9	1	194	938	1008
23	8	5	195	1008	1044
24	4	10	196	24	77
24	8	10	197	77	86
24	6	10	198	87	159
24	6	2	199	238	251
24	11	5	200	367	426
24	3	1	201	430	480
24	10	11	202	682	693
24	14	11	203	914	983
25	1	6	204	0	76
25	10	4	205	149	204
25	13	9	206	226	293
25	7	11	207	491	500
25	5	10	208	893	978
26	1	5	209	296	321
26	0	10	210	337	377
26	13	7	211	533	594
26	13	3	212	909	936
26	7	6	213	969	986
27	5	3	214	160	262
27	8	5	215	321	355
27	9	2	216	526	614
27	9	10	217	614	692
27	11	1	218	828	844
27	9	2	219	864	935
28	10	8	220	72	88
28	4	8	221	88	173
28	3	6	222	208	269
28	4	11	223	372	418
28	5	3	224	459	467
28	13	7	225	594	683
28	1	0	226	715	744
28	13	0	227	778	806
28	8	9	228	819	849
29	14	7	229	233	279
29	13	7	230	461	493
29	3	8	231	493	548
29	4	8	232	548	591
29	4	2	233	643	668
29	6	4	234	1012	1048


Solution History:
