This is the output of Heuristic Solver for Dual resource constrained flexible job shop Scheduling Problem.
Input file is: wfjsp6_8.txt
Method: FaFM
Seed: 4
Number of Jobs: 12
Number of Operations: 77
Number of Machines: 5
Number of Operators: 5
CPU Time: 4.26387
obj: 780
Best found lower bound:0
Solver gap (best found lower bound and upper bound difference): Not known


Final Solution:
Job	Machine	Operator	Operation	Start Time	Finish Time
0	1	0	0	156	183
0	0	0	1	325	387
1	0	0	2	0	24
1	3	1	3	217	276
1	3	2	4	473	549
1	2	3	5	596	657
1	1	0	6	669	731
2	4	2	7	0	10
2	0	0	8	24	75
2	4	2	9	86	147
2	3	1	10	192	217
2	1	0	11	232	321
2	4	2	12	370	378
2	3	2	13	385	473
2	1	0	14	547	566
2	0	4	15	589	643
2	3	2	16	707	779
3	1	4	17	47	79
3	0	0	18	97	152
3	1	0	19	183	232
3	2	3	20	261	307
3	4	4	21	378	420
3	4	4	22	420	471
3	2	3	23	471	533
3	2	3	24	533	596
3	3	2	25	620	707
3	2	3	26	707	776
4	2	3	27	0	67
4	3	1	28	73	135
4	4	2	29	147	224
4	0	4	30	252	325
4	3	1	31	325	385
4	1	1	32	385	446
4	1	1	33	512	547
4	4	1	34	572	662
4	4	1	35	662	750
4	4	1	36	750	776
5	0	0	37	75	97
5	0	4	38	156	230
5	2	3	39	250	261
5	1	1	40	446	512
5	3	2	41	591	620
6	4	2	42	10	19
6	3	1	43	276	325
6	3	2	44	549	591
7	2	3	45	67	126
7	2	3	46	382	470
7	0	4	47	643	684
8	1	4	48	0	47
8	2	3	49	141	201
8	4	2	50	292	370
8	2	3	51	370	382
8	0	0	52	468	485
8	1	0	53	566	613
8	1	0	54	613	669
8	2	3	55	674	689
9	4	2	56	19	86
9	3	1	57	135	192
9	4	2	58	224	292
9	2	3	59	307	349
9	0	0	60	387	468
9	4	4	61	471	532
9	4	1	62	547	572
9	2	3	63	657	674
9	1	0	64	731	780
10	3	1	65	0	73
10	2	3	66	126	141
10	0	4	67	230	252
10	1	4	68	325	371
10	0	0	69	485	537
10	0	4	70	537	589
10	2	3	71	689	705
11	1	4	72	79	156
11	2	3	73	201	250
11	0	4	74	684	717
11	0	4	75	717	751
11	0	4	76	751	775


Solution History:
