This is the output of Heuristic Solver for Dual resource constrained flexible job shop Scheduling Problem.
Input file is: wfjsp22_6.txt
Method: FaFM
Seed: 2
Number of Jobs: 30
Number of Operations: 238
Number of Machines: 15
Number of Operators: 12
CPU Time: 30.8171
obj: 1134
Best found lower bound:0
Solver gap (best found lower bound and upper bound difference): Not known


Final Solution:
Job	Machine	Operator	Operation	Start Time	Finish Time
0	9	7	0	0	57
0	4	9	1	128	172
0	12	9	2	206	271
0	4	3	3	407	446
0	7	5	4	469	559
0	10	5	5	733	820
0	5	5	6	820	850
0	4	10	7	921	946
0	9	3	8	960	1045
1	1	5	9	21	36
1	3	11	10	126	214
1	6	7	11	214	294
1	7	0	12	294	329
1	0	10	13	419	453
1	6	2	14	512	578
1	7	8	15	876	964
1	8	5	16	985	1063
2	0	4	17	16	107
2	1	4	18	107	135
2	9	7	19	294	346
2	14	0	20	479	539
2	9	11	21	564	604
2	11	3	22	628	712
2	7	9	23	775	841
2	14	4	24	911	967
3	2	10	25	0	36
3	12	9	26	44	75
3	1	9	27	75	83
3	14	6	28	236	304
3	13	6	29	304	396
3	11	5	30	396	443
3	10	9	31	631	644
3	8	8	32	693	782
3	11	9	33	901	968
3	6	8	34	980	1015
4	10	9	35	271	338
4	8	7	36	346	387
4	11	5	37	443	467
4	10	6	38	540	631
4	6	6	39	667	704
4	13	9	40	841	901
4	10	5	41	937	980
4	2	7	42	996	1058
5	13	2	43	61	145
5	5	8	44	208	293
5	7	0	45	329	378
5	13	1	46	563	648
5	10	11	47	820	854
5	4	10	48	1003	1047
5	13	2	49	1085	1100
6	9	3	50	81	176
6	7	8	51	178	208
6	14	11	52	214	224
6	3	5	53	229	275
6	12	1	54	350	436
6	7	0	55	459	469
6	0	7	56	634	717
6	5	11	57	741	802
6	0	8	58	1016	1074
6	1	9	59	1074	1119
7	4	1	60	0	85
7	13	2	61	145	159
7	10	9	62	338	429
7	6	2	63	460	512
7	3	9	64	538	558
7	5	8	65	851	876
7	2	2	66	892	977
8	6	7	67	166	207
8	2	2	68	248	340
8	10	4	69	648	715
8	9	4	70	752	768
8	0	3	71	925	960
8	11	9	72	1035	1068
9	6	7	73	81	166
9	4	1	74	223	262
9	1	4	75	266	316
9	8	5	76	387	396
9	5	4	77	625	648
9	9	4	78	768	851
9	13	2	79	996	1085
9	5	6	80	1085	1098
10	9	7	81	57	81
10	3	9	82	83	95
10	2	10	83	128	231
10	2	10	84	231	248
10	14	4	85	316	396
10	2	8	86	455	544
10	3	0	87	838	891
10	3	0	88	891	915
10	10	4	89	1047	1079
11	5	8	90	93	178
11	11	10	91	248	266
11	0	10	92	266	282
11	11	9	93	473	507
11	4	10	94	537	586
11	3	11	95	604	646
12	14	5	96	53	140
12	5	8	97	305	398
12	2	8	98	428	455
12	5	2	99	662	741
12	2	0	100	783	838
12	7	6	101	864	876
12	14	10	102	876	911
12	0	4	103	967	1016
12	10	4	104	1032	1047
12	5	8	105	1098	1133
13	1	5	106	0	21
13	12	9	107	172	206
13	8	7	108	396	488
13	8	3	109	517	553
13	2	1	110	648	677
13	7	1	111	677	761
13	6	2	112	834	859
13	10	4	113	1079	1130
14	11	10	114	61	128
14	10	5	115	140	229
14	2	0	116	544	629
14	1	9	117	644	675
14	4	1	118	818	836
14	6	2	119	859	871
14	9	2	120	871	892
14	8	11	121	897	985
15	0	4	122	0	16
15	8	3	123	17	43
15	14	4	124	396	479
15	13	7	125	488	547
15	3	1	126	770	818
15	4	1	127	836	921
15	1	1	128	977	1022
16	8	3	129	43	54
16	10	6	130	61	134
16	11	6	131	134	153
16	1	1	132	169	221
16	12	1	133	513	563
16	14	5	134	563	579
16	7	6	135	631	667
16	1	10	136	787	858
16	10	11	137	985	1032
17	7	11	138	0	52
17	14	0	139	148	201
17	9	0	140	201	288
17	13	6	141	396	482
17	14	10	142	586	675
17	13	10	143	675	703
17	8	8	144	782	851
17	6	10	145	1047	1134
18	6	6	146	0	61
18	10	4	147	230	266
18	3	5	148	275	362
18	12	5	149	662	733
18	11	7	150	820	898
19	13	3	151	0	17
19	4	9	152	95	128
19	13	2	153	159	248
19	10	9	154	429	473
19	1	4	155	479	537
19	0	8	156	544	600
19	11	3	157	712	800
19	5	6	158	876	971
19	9	11	159	1045	1132
20	13	10	160	36	61
20	11	6	161	153	236
20	12	10	162	282	346
20	6	10	163	346	419
20	0	7	164	618	634
20	8	0	165	634	691
20	1	0	166	691	783
20	0	3	167	840	925
20	1	1	168	925	977
20	12	6	169	1106	1133
21	11	2	170	0	53
21	8	3	171	54	81
21	1	3	172	319	358
21	7	9	173	559	629
21	9	11	174	646	714
21	13	7	175	901	996
22	2	11	176	52	126
22	8	4	177	135	230
22	11	3	178	266	319
22	2	2	179	340	428
22	8	3	180	502	517
22	3	9	181	517	538
22	5	4	182	538	625
22	0	2	183	741	834
22	2	4	184	851	892
22	2	7	185	1058	1119
23	3	0	186	0	13
23	12	1	187	85	169
23	3	5	188	362	386
23	3	11	189	418	504
23	7	0	190	964	1008
23	7	0	191	1008	1100
24	1	3	192	223	265
24	0	11	193	286	371
24	10	6	194	482	540
24	4	8	195	600	693
24	3	6	196	704	770
24	12	6	197	770	864
24	3	0	198	915	964
24	6	8	199	964	980
24	12	2	200	980	995
25	12	9	201	0	44
25	4	10	202	453	537
25	11	7	203	547	618
25	8	11	204	854	897
25	3	5	205	1063	1129
26	7	0	206	53	148
26	7	11	207	224	256
26	7	11	208	256	286
26	5	8	209	293	305
26	6	2	210	428	460
26	0	11	211	717	739
26	2	7	212	739	776
26	6	7	213	776	820
26	11	9	214	968	1035
27	5	8	215	0	93
27	4	3	216	176	223
27	7	0	217	378	459
27	9	3	218	459	502
27	12	2	219	578	662
27	14	9	220	675	753
27	3	6	221	971	1061
28	0	11	222	371	418
28	9	11	223	504	564
28	6	5	224	579	662
28	9	4	225	715	752
28	14	9	226	753	775
28	4	10	227	946	1003
28	12	1	228	1022	1106
29	14	0	229	13	53
29	4	1	230	262	350
29	4	3	231	358	407
29	12	1	232	436	513
29	8	3	233	553	628
29	4	10	234	703	787
29	13	3	235	800	840
29	10	5	236	854	937
29	4	3	237	1047	1094


Solution History:
