This is the output of Heuristic Solver for Dual resource constrained flexible job shop Scheduling Problem.
Input file is: wfjsp9_6.txt
Method: FaFM
Seed: 2
Number of Jobs: 15
Number of Operations: 134
Number of Machines: 5
Number of Operators: 5
CPU Time: 26.5013
obj: 1409
Best found lower bound:0
Solver gap (best found lower bound and upper bound difference): Not known


Final Solution:
Job	Machine	Operator	Operation	Start Time	Finish Time
0	1	4	0	0	62
0	2	0	1	169	210
0	0	4	2	338	399
0	2	2	3	719	761
0	0	1	4	776	872
0	3	3	5	1008	1099
0	3	3	6	1099	1127
0	3	3	7	1127	1153
0	3	3	8	1323	1408
1	0	1	9	0	14
1	0	3	10	226	315
1	0	4	11	399	472
1	4	0	12	560	593
1	0	1	13	687	725
1	0	1	14	872	932
1	3	3	15	1153	1236
1	0	4	16	1325	1401
2	2	0	17	78	169
2	3	4	18	311	338
2	4	1	19	430	475
2	3	4	20	520	573
2	2	3	21	589	631
2	1	4	22	697	792
2	4	0	23	881	956
2	0	4	24	1269	1325
3	0	1	25	14	54
3	1	4	26	62	94
3	1	4	27	94	103
3	2	0	28	210	287
3	4	0	29	475	560
3	4	0	30	696	744
3	2	2	31	980	995
3	2	2	32	1039	1120
3	0	4	33	1136	1212
3	1	1	34	1370	1409
4	1	1	35	130	210
4	4	1	36	391	430
4	4	0	37	593	618
4	3	3	38	631	716
4	1	1	39	1136	1176
4	1	1	40	1176	1227
4	1	1	41	1227	1273
4	1	1	42	1273	1340
5	0	4	43	108	193
5	1	1	44	295	391
5	3	4	45	472	520
5	2	2	46	635	719
5	3	3	47	719	753
5	2	2	48	761	805
5	4	0	49	868	881
5	1	1	50	1028	1124
5	1	1	51	1340	1370
5	4	2	52	1396	1408
6	4	2	53	0	46
6	3	4	54	197	290
6	3	3	55	423	436
6	1	2	56	480	562
6	1	2	57	562	635
6	1	4	58	635	697
6	2	2	59	935	980
6	0	4	60	1028	1119
6	1	1	61	1124	1136
6	4	0	62	1175	1263
7	0	1	63	54	108
7	1	1	64	108	130
7	4	2	65	234	260
7	2	0	66	287	372
7	0	1	67	583	625
7	1	4	68	792	883
7	4	0	69	990	1056
7	4	0	70	1056	1069
7	0	4	71	1237	1269
7	2	3	72	1288	1323
8	3	3	73	27	115
8	0	1	74	475	515
8	3	4	75	573	616
8	0	4	76	625	634
8	0	1	77	662	687
8	2	2	78	854	935
8	1	4	79	935	1028
8	4	0	80	1069	1080
8	0	4	81	1212	1237
9	3	3	82	0	9
9	4	2	83	145	234
9	0	3	84	315	335
9	2	0	85	372	460
9	3	3	86	753	840
9	1	4	87	883	935
9	2	2	88	1016	1039
9	3	2	89	1288	1322
10	1	1	90	210	295
10	3	4	91	295	311
10	4	2	92	334	350
10	4	2	93	350	388
10	0	1	94	532	583
10	4	0	95	744	789
10	3	3	96	840	927
10	4	0	97	1080	1175
10	2	0	98	1378	1407
11	2	0	99	0	78
11	4	2	100	260	313
11	3	3	101	436	449
11	0	1	102	725	765
11	2	2	103	805	854
11	0	1	104	932	948
11	4	0	105	956	990
11	2	2	106	995	1016
11	4	2	107	1327	1365
12	4	2	108	56	145
12	3	3	109	158	197
12	0	3	110	197	226
12	2	3	111	505	589
12	4	0	112	618	644
12	4	0	113	644	696
12	4	0	114	789	868
12	3	3	115	927	1008
12	2	2	116	1203	1287
12	4	2	117	1365	1396
13	3	3	118	9	27
13	4	2	119	46	56
13	4	2	120	313	334
13	1	2	121	391	480
13	0	1	122	515	532
13	0	1	123	634	662
13	2	2	124	1120	1203
13	4	0	125	1263	1327
14	3	3	126	115	158
14	3	3	127	338	423
14	2	3	128	460	505
14	0	1	129	765	776
14	0	1	130	948	1028
14	0	4	131	1119	1136
14	3	3	132	1236	1288
14	2	0	133	1327	1378


Solution History:
