This is the output of Heuristic Solver for Dual resource constrained flexible job shop Scheduling Problem.
Input file is: wfjsp23_2.txt
Method: FaFM
Seed: 5
Number of Jobs: 30
Number of Operations: 375
Number of Machines: 15
Number of Operators: 12
CPU Time: 40.9467
obj: 1629
Best found lower bound:0
Solver gap (best found lower bound and upper bound difference): Not known


Final Solution:
Job	Machine	Operator	Operation	Start Time	Finish Time
0	4	2	0	138	218
0	13	8	1	464	534
0	4	0	2	560	579
0	10	0	3	581	623
0	8	8	4	815	832
0	6	5	5	888	917
0	8	7	6	929	998
0	13	5	7	1120	1129
0	9	6	8	1242	1314
0	1	9	9	1586	1626
1	14	11	10	0	55
1	1	6	11	55	71
1	0	11	12	183	245
1	4	6	13	325	389
1	8	6	14	389	452
1	8	5	15	560	633
1	0	2	16	656	688
1	12	4	17	783	828
1	14	11	18	828	849
1	10	11	19	849	903
1	3	9	20	1031	1108
1	10	1	21	1153	1232
1	1	8	22	1473	1534
1	4	0	23	1561	1629
2	10	3	24	0	59
2	10	10	25	65	85
2	3	3	26	227	240
2	5	4	27	309	400
2	1	9	28	448	470
2	2	9	29	470	557
2	4	5	30	676	759
2	12	0	31	764	783
2	11	3	32	840	901
2	1	4	33	915	994
2	9	9	34	1108	1163
2	4	0	35	1233	1257
2	7	3	36	1357	1414
2	5	4	37	1447	1480
2	4	11	38	1499	1561
3	5	7	39	28	108
3	14	11	40	157	183
3	11	2	41	218	234
3	11	1	42	278	308
3	11	8	43	405	421
3	13	0	44	638	680
3	0	11	45	700	780
3	2	1	46	824	864
3	3	8	47	872	971
3	6	3	48	979	1068
3	11	11	49	1136	1191
3	1	2	50	1311	1343
3	9	6	51	1447	1512
3	10	1	52	1516	1551
4	3	1	53	0	21
4	6	4	54	21	59
4	13	7	55	322	366
4	1	0	56	373	392
4	3	5	57	491	560
4	6	9	58	577	641
4	4	2	59	643	656
4	6	8	60	678	705
4	1	1	61	719	770
4	0	4	62	828	915
4	4	5	63	948	1011
4	0	2	64	1088	1162
4	10	1	65	1290	1342
4	8	10	66	1413	1436
4	0	7	67	1537	1626
5	1	4	68	0	13
5	5	4	69	231	309
5	11	7	70	309	322
5	9	3	71	395	449
5	12	11	72	460	513
5	8	9	73	641	698
5	8	8	74	1003	1068
5	12	8	75	1068	1153
5	9	0	76	1178	1233
5	1	9	77	1344	1396
5	13	5	78	1417	1496
6	6	5	79	0	12
6	2	0	80	44	97
6	1	6	81	274	319
6	9	0	82	504	560
6	9	9	83	560	577
6	2	3	84	602	682
6	7	0	85	702	721
6	2	0	86	721	742
6	4	5	87	759	790
6	14	1	88	790	824
6	7	3	89	1068	1159
6	0	8	90	1162	1231
6	13	2	91	1231	1311
6	2	3	92	1536	1602
7	4	0	93	0	12
7	7	0	94	12	37
7	5	7	95	108	187
7	14	8	96	187	260
7	10	1	97	526	581
7	1	1	98	632	719
7	12	0	99	834	919
7	13	8	100	987	1003
7	5	0	101	1018	1085
7	14	2	102	1176	1231
7	5	6	103	1393	1447
7	11	1	104	1551	1623
8	10	1	105	85	166
8	9	9	106	240	271
8	8	9	107	271	318
8	14	10	108	318	385
8	6	4	109	400	463
8	0	11	110	780	827
8	14	1	111	864	893
8	14	6	112	899	942
8	9	7	113	1036	1107
8	12	10	114	1181	1244
8	12	9	115	1315	1328
8	3	9	116	1328	1344
8	7	0	117	1414	1436
8	8	6	118	1516	1610
9	6	6	119	178	262
9	9	11	120	338	374
9	7	1	121	418	486
9	11	11	122	513	567
9	2	0	123	682	702
9	13	2	124	767	801
9	6	10	125	866	888
9	9	10	126	888	898
9	2	2	127	1068	1088
9	4	5	128	1098	1110
9	8	5	129	1110	1120
9	13	5	130	1129	1207
9	5	1	131	1232	1241
9	2	0	132	1377	1412
9	14	11	133	1412	1465
10	12	9	134	0	52
10	8	9	135	161	213
10	11	11	136	245	278
10	0	1	137	311	346
10	1	4	138	470	532
10	11	2	139	942	1024
10	11	11	140	1082	1136
10	12	9	141	1244	1315
10	0	11	142	1315	1369
10	8	9	143	1436	1471
10	12	0	144	1502	1561
10	13	5	145	1580	1608
11	2	6	146	0	44
11	12	4	147	59	124
11	8	11	148	124	157
11	0	10	149	245	300
11	5	7	150	416	456
11	4	11	151	595	643
11	12	11	152	643	700
11	11	10	153	702	767
11	0	10	154	920	933
11	7	1	155	974	1056
11	10	1	156	1241	1290
11	6	3	157	1290	1357
11	10	11	158	1369	1410
11	14	9	159	1471	1531
12	5	7	160	0	28
12	11	11	161	55	117
12	3	3	162	130	160
12	2	7	163	187	211
12	6	10	164	463	517
12	7	6	165	517	604
12	2	10	166	767	816
12	7	1	167	900	974
12	5	0	168	974	988
12	5	0	169	988	1018
12	13	5	170	1018	1098
12	3	11	171	1191	1280
12	4	10	172	1280	1346
12	6	10	173	1445	1503
13	13	8	174	0	76
13	5	4	175	221	231
13	7	8	176	311	384
13	7	8	177	384	405
13	3	5	178	418	491
13	8	7	179	726	809
13	7	9	180	834	900
13	2	10	181	933	960
13	9	9	182	979	1031
13	7	9	183	1163	1239
13	8	7	184	1273	1346
13	12	7	185	1430	1502
14	14	2	186	55	108
14	4	2	187	108	138
14	1	1	188	166	200
14	2	3	189	278	349
14	14	8	190	534	615
14	3	5	191	633	676
14	3	9	192	698	744
14	9	3	193	901	979
14	1	1	194	1136	1153
14	1	0	195	1257	1299
14	3	1	196	1344	1413
14	4	1	197	1413	1459
15	11	2	198	0	55
15	4	2	199	234	325
15	3	1	200	346	418
15	8	7	201	456	558
15	0	7	202	570	597
15	13	2	203	688	767
15	13	7	204	809	874
15	1	7	205	885	901
15	11	11	206	903	920
15	10	0	207	920	954
15	4	7	208	1110	1194
15	2	0	209	1299	1377
15	6	4	210	1384	1445
15	14	8	211	1534	1615
16	6	3	212	59	130
16	10	5	213	267	284
16	0	11	214	374	424
16	13	8	215	424	464
16	7	0	216	623	638
16	14	6	217	645	719
16	7	6	218	721	738
16	14	9	219	744	769
16	2	3	220	1178	1210
16	11	2	221	1400	1436
16	2	3	222	1484	1493
16	2	3	223	1493	1536
17	0	10	224	0	65
17	9	9	225	65	91
17	2	0	226	97	172
17	14	2	227	401	454
17	1	4	228	543	611
17	2	2	229	866	929
17	6	10	230	1082	1181
17	9	9	231	1396	1428
17	7	0	232	1465	1495
17	8	10	233	1503	1516
17	1	9	234	1565	1586
18	3	1	235	21	78
18	13	10	236	85	132
18	3	3	237	160	227
18	2	3	238	240	278
18	1	4	239	532	543
18	2	7	240	558	570
18	11	11	241	570	595
18	0	10	242	601	645
18	11	9	243	769	834
18	12	10	244	962	1059
18	0	11	245	1280	1300
18	1	8	246	1396	1473
18	0	7	247	1502	1537
18	5	4	248	1558	1620
19	1	0	249	200	274
19	6	0	250	280	296
19	13	5	251	380	410
19	9	0	252	462	504
19	12	10	253	517	559
19	14	6	254	615	645
19	6	8	255	705	797
19	12	11	256	920	962
19	2	0	257	1153	1178
19	1	4	258	1178	1256
19	12	7	259	1346	1430
20	0	6	260	71	111
20	7	5	261	111	184
20	13	5	262	284	312
20	1	0	263	332	373
20	4	0	264	392	462
20	13	2	265	546	636
20	10	6	266	738	802
20	13	9	267	900	976
20	14	8	268	1231	1299
20	14	8	269	1299	1383
20	7	0	270	1436	1465
20	0	11	271	1465	1499
20	13	2	272	1515	1579
21	10	5	273	184	267
21	0	8	274	300	311
21	14	3	275	454	519
21	5	3	276	519	602
21	7	10	277	645	702
21	1	1	278	770	786
21	8	8	279	832	872
21	10	11	280	962	1020
21	1	4	281	1036	1102
21	5	0	282	1127	1153
21	5	4	283	1480	1558
22	6	8	284	161	178
22	12	7	285	221	305
22	10	5	286	312	380
22	2	7	287	380	416
22	11	11	288	424	460
22	5	4	289	611	639
22	6	10	290	816	866
22	1	7	291	998	1036
22	2	6	292	1098	1138
22	7	5	293	1250	1334
22	11	2	294	1343	1400
22	1	9	295	1546	1565
22	3	11	296	1565	1627
23	12	4	297	124	217
23	10	10	298	385	461
23	5	4	299	709	779
23	7	8	300	797	815
23	13	7	301	874	885
23	8	7	302	901	929
23	11	2	303	929	942
23	0	11	304	1020	1082
23	10	0	305	1085	1127
23	9	6	306	1314	1393
23	4	1	307	1459	1485
24	1	8	308	76	156
24	6	8	309	262	280
24	6	0	310	296	332
24	5	6	311	456	498
24	4	5	312	790	888
24	14	6	313	1138	1176
24	8	6	314	1176	1196
24	0	4	315	1256	1279
24	5	4	316	1299	1384
24	11	9	317	1531	1546
25	0	6	318	111	177
25	13	0	319	177	196
25	9	9	320	213	240
25	13	7	321	366	379
25	9	3	322	379	395
25	12	10	323	559	601
25	11	8	324	615	678
25	4	10	325	898	908
25	4	5	326	917	948
25	0	6	327	948	1004
25	11	7	328	1194	1273
25	5	4	329	1279	1299
25	9	10	330	1516	1601
26	13	1	331	200	278
26	7	8	332	280	293
26	1	9	333	403	448
26	3	1	334	581	632
26	9	3	335	682	765
26	9	0	336	783	834
26	3	8	337	971	987
26	14	6	338	1004	1034
26	4	6	339	1034	1098
26	6	6	340	1196	1242
26	2	3	341	1414	1484
26	3	1	342	1485	1516
27	8	5	343	12	97
27	6	9	344	143	161
27	8	10	345	215	244
27	12	9	346	318	403
27	4	2	347	462	546
27	5	6	348	802	899
27	14	1	349	1056	1136
27	8	5	350	1207	1250
27	13	5	351	1334	1417
27	11	2	352	1436	1515
28	11	10	353	132	215
28	9	11	354	278	338
28	2	3	355	349	360
28	9	7	356	597	674
28	10	7	357	674	726
28	12	0	358	742	764
28	3	3	359	765	840
28	3	4	360	994	1024
28	2	2	361	1024	1068
28	3	4	362	1108	1171
28	6	10	363	1244	1271
28	8	10	364	1346	1413
29	14	9	365	108	143
29	5	7	366	211	221
29	11	2	367	325	401
29	10	1	368	486	526
29	5	4	369	639	709
29	1	2	370	801	866
29	10	10	371	908	920
29	11	10	372	1059	1082
29	2	3	373	1210	1280
29	7	5	374	1496	1580


Solution History:
