This is the output of Heuristic Solver for Dual resource constrained flexible job shop Scheduling Problem.
Input file is: wfjsp7_7.txt
Method: FaFM
Seed: 2
Number of Jobs: 12
Number of Operations: 94
Number of Machines: 5
Number of Operators: 5
CPU Time: 10.7486
obj: 952
Best found lower bound:0
Solver gap (best found lower bound and upper bound difference): Not known


Final Solution:
Job	Machine	Operator	Operation	Start Time	Finish Time
0	1	1	0	0	80
0	3	0	1	235	247
0	2	4	2	249	291
0	0	0	3	434	529
0	2	2	4	594	621
0	2	2	5	734	776
0	2	2	6	806	840
0	0	3	7	910	951
1	0	3	8	14	26
1	1	1	9	80	115
1	0	3	10	139	219
1	2	1	11	377	440
1	1	3	12	461	540
1	4	0	13	543	603
1	3	4	14	612	649
1	0	3	15	667	685
1	1	0	16	727	809
1	2	2	17	883	949
2	2	4	18	102	170
2	2	4	19	170	249
2	3	0	20	249	309
2	3	4	21	309	339
2	2	2	22	493	504
2	3	4	23	534	612
2	4	0	24	658	673
2	1	0	25	673	727
2	3	4	26	804	815
2	1	1	27	868	947
3	4	2	28	0	51
3	2	1	29	291	319
3	4	1	30	440	512
3	0	3	31	543	621
3	3	4	32	725	804
4	0	3	33	0	14
4	2	4	34	27	102
4	1	1	35	202	288
4	0	0	36	309	333
4	0	0	37	354	377
4	2	2	38	504	536
4	1	1	39	540	605
4	1	1	40	605	673
4	4	1	41	743	816
4	4	0	42	868	952
5	3	0	43	39	81
5	1	1	44	115	142
5	1	1	45	166	202
5	4	2	46	225	311
5	2	2	47	536	594
5	3	4	48	649	725
6	4	2	49	51	119
6	1	1	50	142	166
6	0	3	51	246	287
6	3	4	52	339	407
6	3	4	53	488	521
6	3	4	54	521	534
6	0	3	55	621	667
6	4	1	56	673	743
6	2	2	57	840	883
7	3	0	58	0	39
7	4	2	59	119	145
7	0	3	60	219	246
7	1	3	61	288	321
7	4	2	62	321	375
7	1	3	63	388	461
7	0	3	64	768	857
7	0	3	65	857	910
8	0	3	66	57	139
8	4	2	67	145	225
8	2	1	68	319	377
8	0	0	69	377	434
8	2	2	70	476	493
8	4	0	71	603	658
8	1	0	72	809	866
8	3	4	73	871	951
9	3	0	74	123	179
9	0	0	75	333	354
9	2	2	76	440	476
9	0	3	77	685	768
9	4	1	78	816	852
10	3	0	79	81	123
10	3	4	80	407	488
10	4	1	81	512	525
10	4	1	82	525	540
10	3	4	83	815	871
11	2	4	84	0	27
11	0	3	85	27	57
11	3	0	86	179	235
11	1	3	87	321	388
11	4	2	88	388	439
11	0	0	89	529	543
11	2	2	90	621	703
11	2	2	91	703	734
11	2	2	92	776	806
11	4	1	93	852	868


Solution History:
