This is the output of Heuristic Solver for Dual resource constrained flexible job shop Scheduling Problem.
Input file is: wfjsp12_10.txt
Method: FaFM
Seed: 3
Number of Jobs: 25
Number of Operations: 194
Number of Machines: 10
Number of Operators: 10
CPU Time: 39.4107
obj: 1121
Best found lower bound:0
Solver gap (best found lower bound and upper bound difference): Not known


Final Solution:
Job	Machine	Operator	Operation	Start Time	Finish Time
0	5	5	0	133	210
0	9	4	1	227	309
0	5	5	2	472	539
0	2	2	3	591	683
0	0	8	4	697	748
0	8	6	5	885	914
0	9	6	6	914	945
0	2	8	7	1023	1074
1	6	4	8	68	154
1	8	6	9	309	335
1	8	6	10	372	406
1	9	4	11	462	496
1	9	4	12	496	581
1	0	8	13	748	829
1	2	7	14	837	899
1	1	0	15	1031	1113
2	2	2	16	63	145
2	2	2	17	145	158
2	2	2	18	158	167
2	2	8	19	168	213
2	1	0	20	426	493
2	6	2	21	690	775
2	3	3	22	797	848
2	2	8	23	910	976
3	4	1	24	197	238
3	2	7	25	396	417
3	7	7	26	570	616
3	1	0	27	1011	1031
3	4	6	28	1032	1118
4	2	2	29	31	63
4	1	0	30	147	224
4	1	0	31	242	335
4	0	8	32	377	441
4	7	9	33	882	914
4	5	5	34	1024	1075
5	0	9	35	0	70
5	1	0	36	133	147
5	4	1	37	155	179
5	2	7	38	214	234
5	5	5	39	345	394
5	6	0	40	654	690
5	4	1	41	800	888
5	0	7	42	1053	1118
6	0	8	43	214	302
6	4	1	44	327	343
6	8	6	45	358	372
6	9	4	46	396	462
6	0	1	47	536	586
6	7	7	48	651	665
7	9	6	49	0	91
7	5	5	50	539	620
7	1	8	51	660	687
7	5	5	52	815	884
7	3	9	53	1003	1011
8	3	8	54	0	76
8	4	1	55	76	155
8	8	6	56	290	309
8	0	8	57	312	377
8	5	5	58	394	428
8	0	1	59	441	450
8	3	9	60	468	555
8	8	6	61	840	885
8	6	0	62	924	1006
9	1	0	63	65	133
9	7	7	64	482	570
9	3	6	65	570	642
9	5	5	66	711	759
9	9	0	67	772	823
9	8	6	68	823	840
9	3	3	69	895	921
9	4	3	70	1005	1024
9	2	8	71	1074	1098
10	0	9	72	70	117
10	2	7	73	285	331
10	0	1	74	586	609
10	3	4	75	724	797
10	2	8	76	976	1023
11	8	3	77	0	41
11	3	8	78	76	112
11	5	5	79	210	296
11	4	9	80	435	468
11	4	6	81	504	540
11	4	9	82	636	663
11	5	5	83	699	711
11	4	1	84	711	800
11	8	2	85	921	959
12	3	8	86	112	148
12	2	7	87	331	396
12	9	4	88	625	698
12	3	4	89	708	724
12	2	7	90	750	837
13	1	0	91	0	65
13	7	7	92	86	116
13	1	0	93	224	242
13	3	9	94	280	369
13	7	7	95	432	482
13	1	8	96	493	579
13	8	3	97	600	687
13	2	3	98	687	750
13	1	4	99	924	1011
13	6	4	100	1011	1092
14	8	3	101	41	121
14	0	7	102	121	214
14	4	1	103	238	327
14	6	0	104	493	537
14	4	6	105	540	570
14	6	0	106	605	654
14	9	6	107	945	1032
14	6	4	108	1092	1106
15	5	5	109	0	83
15	9	3	110	210	225
15	3	6	111	642	708
15	8	6	112	708	776
15	3	3	113	848	895
15	4	1	114	895	983
15	3	9	115	1043	1113
16	3	9	116	186	280
16	7	2	117	352	432
16	2	2	118	432	501
16	1	8	119	579	660
16	4	9	120	663	691
16	6	6	121	776	815
16	1	2	122	832	921
16	5	5	123	999	1024
17	4	1	124	0	75
17	4	1	125	179	197
17	8	6	126	335	358
17	9	4	127	581	625
17	5	5	128	625	654
17	7	9	129	914	941
17	3	9	130	1011	1043
18	5	5	131	83	133
18	3	8	132	148	168
18	7	2	133	186	276
18	0	8	134	302	312
18	6	3	135	319	404
18	8	3	136	442	458
18	0	1	137	458	521
18	0	1	138	609	697
18	5	3	139	759	784
18	0	8	140	829	898
19	7	9	141	117	186
19	2	7	142	234	285
19	1	0	143	335	426
19	8	3	144	458	524
19	6	0	145	537	605
19	2	8	146	899	910
19	0	7	147	961	1053
20	9	6	148	139	207
20	6	3	149	227	319
20	5	5	150	428	472
20	4	6	151	492	504
20	7	7	152	616	651
20	7	7	153	665	744
20	7	9	154	814	882
20	3	3	155	921	1003
20	8	3	156	1024	1110
21	9	4	157	309	396
21	8	3	158	406	442
21	3	8	159	442	467
21	8	3	160	524	600
21	1	9	161	691	775
21	5	2	162	784	815
21	8	2	163	959	1024
22	7	7	164	0	86
22	9	6	165	91	139
22	6	4	166	154	227
22	7	2	167	276	352
22	3	9	168	369	409
22	5	5	169	654	699
22	7	5	170	759	814
22	9	0	171	823	913
22	5	5	172	913	999
22	7	1	173	1005	1071
23	2	2	174	0	31
23	8	3	175	121	210
23	5	5	176	296	345
23	4	1	177	345	435
23	0	1	178	521	536
23	4	9	179	570	636
23	9	0	180	757	772
23	0	7	181	899	961
23	4	1	182	983	1005
23	7	1	183	1071	1121
24	6	4	184	0	68
24	8	6	185	210	290
24	6	6	186	406	492
24	2	2	187	501	591
24	9	0	188	698	757
24	1	9	189	775	807
24	1	4	190	807	832
24	6	4	191	832	924
24	7	9	192	941	996
24	9	2	193	1032	1085


Solution History:
