This is the output of Heuristic Solver for Dual resource constrained flexible job shop Scheduling Problem.
Input file is: wfjsp13_2.txt
Method: FaFM
Seed: 1
Number of Jobs: 25
Number of Operations: 271
Number of Machines: 15
Number of Operators: 15
CPU Time: 31.6109
obj: 1000
Best found lower bound:0
Solver gap (best found lower bound and upper bound difference): Not known


Final Solution:
Job	Machine	Operator	Operation	Start Time	Finish Time
0	9	2	0	0	80
0	7	10	1	80	158
0	5	4	2	192	216
0	14	1	3	247	284
0	14	10	4	370	385
0	10	5	5	476	502
0	8	5	6	515	578
0	3	0	7	584	593
0	0	4	8	593	672
0	10	4	9	672	713
0	6	0	10	814	868
0	8	14	11	868	885
1	0	14	12	0	62
1	8	12	13	62	130
1	1	7	14	133	199
1	2	6	15	310	385
1	13	2	16	399	428
1	4	8	17	428	474
1	8	10	18	494	515
1	10	1	19	518	573
1	9	7	20	588	666
1	0	7	21	716	804
1	6	13	22	868	919
1	6	13	23	919	980
2	12	5	24	0	59
2	8	12	25	130	149
2	8	12	26	149	163
2	5	4	27	216	320
2	10	5	28	320	343
2	9	7	29	380	460
2	1	13	30	461	564
2	5	1	31	603	621
2	4	6	32	621	688
2	3	8	33	844	923
3	1	4	34	0	56
3	10	0	35	85	109
3	3	13	36	222	280
3	13	2	37	301	338
3	9	10	38	520	588
3	14	9	39	604	687
3	4	6	40	758	785
3	14	11	41	785	800
3	14	11	42	800	831
3	14	7	43	921	939
4	7	11	44	24	64
4	10	4	45	109	186
4	4	6	46	186	224
4	7	11	47	288	374
4	11	6	48	406	493
4	12	14	49	493	550
4	10	1	50	573	603
4	11	10	51	680	746
4	4	6	52	807	840
4	0	2	53	917	938
4	13	4	54	958	996
5	11	6	55	0	43
5	0	9	56	75	95
5	11	0	57	110	178
5	6	8	58	322	388
5	13	8	59	388	399
5	6	8	60	399	428
5	13	2	61	428	479
5	4	8	62	479	558
5	7	13	63	588	642
5	5	1	64	669	747
5	2	12	65	875	927
6	3	0	66	0	19
6	6	11	67	64	148
6	4	6	68	155	168
6	11	0	69	249	329
6	0	7	70	338	350
6	3	13	71	356	418
6	14	9	72	432	494
6	10	14	73	605	657
6	2	12	74	680	738
6	5	1	75	747	835
6	1	5	76	881	936
6	2	12	77	936	986
7	2	1	78	0	81
7	4	5	79	105	119
7	1	5	80	199	250
7	1	9	81	359	404
7	9	7	82	460	520
7	0	7	83	520	535
7	11	6	84	535	613
7	14	11	85	748	772
7	13	14	86	777	800
7	13	10	87	800	836
7	0	7	88	864	894
7	10	0	89	899	985
8	13	7	90	0	62
8	9	1	91	81	155
8	11	0	92	178	249
8	13	2	93	289	301
8	12	1	94	311	336
8	10	5	95	343	416
8	12	14	96	432	490
8	2	12	97	494	543
8	12	2	98	654	754
8	9	9	99	754	840
8	10	3	100	882	899
8	3	10	101	923	993
9	8	12	102	0	61
9	12	14	103	62	109
9	8	1	104	163	234
9	8	3	105	237	316
9	9	7	106	350	380
9	5	3	107	540	595
9	11	12	108	613	680
9	1	13	109	680	746
9	7	13	110	803	854
9	1	5	111	854	881
9	9	9	112	881	924
9	14	14	113	939	997
10	14	10	114	0	68
10	4	5	115	75	89
10	1	5	116	89	105
10	1	14	117	109	133
10	10	10	118	186	269
10	7	4	119	508	588
10	12	2	120	624	654
10	2	12	121	817	875
11	5	3	122	0	57
11	14	4	123	68	92
11	0	7	124	216	244
11	12	1	125	290	311
11	2	4	126	399	409
11	10	5	127	416	439
11	11	6	128	518	530
11	6	11	129	661	671
11	6	8	130	741	814
11	0	2	131	978	987
12	4	9	132	0	34
12	14	9	133	95	156
12	0	2	134	165	216
12	1	5	135	250	299
12	12	9	136	404	432
12	7	11	137	467	503
12	6	11	138	503	565
12	8	5	139	578	674
12	9	3	140	678	735
12	7	13	141	746	803
12	11	3	142	819	877
12	9	9	143	924	956
13	11	6	144	43	110
13	7	11	145	158	191
13	9	12	146	191	236
13	2	6	147	237	310
13	4	9	148	310	343
13	0	4	149	350	399
13	10	5	150	439	476
13	0	7	151	535	578
13	13	14	152	716	777
13	0	14	153	804	864
13	5	3	154	899	909
13	5	3	155	909	1000
14	12	14	156	199	248
14	9	12	157	271	350
14	13	2	158	350	386
14	8	12	159	436	494
14	11	0	160	494	518
14	11	12	161	746	813
14	1	7	162	813	843
14	11	1	163	970	1000
15	13	7	164	62	119
15	13	8	165	122	206
15	0	7	166	244	299
15	5	3	167	358	432
15	2	0	168	478	491
15	14	9	169	494	523
15	14	9	170	523	604
15	3	0	171	665	746
15	3	0	172	746	814
15	10	4	173	819	882
15	8	8	174	923	995
16	0	5	175	62	73
16	0	2	176	95	165
16	7	11	177	191	216
16	7	11	178	216	288
16	14	10	179	288	370
16	8	12	180	370	436
16	6	10	181	449	478
16	4	14	182	558	605
16	6	8	183	671	741
16	10	3	184	741	819
16	7	11	185	854	929
16	7	11	186	946	993
17	6	13	187	0	27
17	5	3	188	57	88
17	6	8	189	216	282
17	2	0	190	409	478
17	5	1	191	621	669
17	0	7	192	672	716
17	8	5	193	763	843
17	7	11	194	929	946
18	2	8	195	81	122
18	5	14	196	133	192
18	12	9	197	248	290
18	1	14	198	299	359
18	7	11	199	374	467
18	5	3	200	467	540
18	13	8	201	558	641
18	13	8	202	641	669
18	4	6	203	688	758
18	5	2	204	835	899
18	8	14	205	899	917
18	12	1	206	952	965
19	5	3	207	88	121
19	14	9	208	156	239
19	3	13	209	280	356
19	4	14	210	359	417
19	13	2	211	479	553
19	12	2	212	553	624
19	7	11	213	677	695
19	14	11	214	695	748
19	13	9	215	840	881
19	11	6	216	881	896
19	11	6	217	896	970
19	4	6	218	970	984
20	7	11	219	0	24
20	6	13	220	27	64
20	4	6	221	119	155
20	14	1	222	239	247
20	4	14	223	248	293
20	12	1	224	336	403
20	6	10	225	428	449
20	2	3	226	595	678
20	1	10	227	746	800
21	3	13	228	143	222
21	13	2	229	222	289
21	0	4	230	409	508
21	7	13	231	642	677
21	3	8	232	814	844
21	12	1	233	844	856
21	0	7	234	894	917
21	1	5	235	936	989
22	3	8	236	19	76
22	3	13	237	76	143
22	5	3	238	320	358
22	2	6	239	385	398
22	5	3	240	432	443
22	3	0	241	518	540
22	3	0	242	540	584
22	3	0	243	593	665
22	8	5	244	674	763
22	4	6	245	785	807
22	13	4	246	882	958
22	12	9	247	965	999
23	10	0	248	19	85
23	12	5	249	119	199
23	6	7	250	199	216
23	9	12	251	236	271
23	6	8	252	282	322
23	14	10	253	385	424
23	1	13	254	424	461
23	6	11	255	565	661
23	13	14	256	669	716
23	7	4	257	716	741
23	2	4	258	741	817
23	14	10	259	836	921
24	4	9	260	34	75
24	2	3	261	122	202
24	2	3	262	202	237
24	0	7	263	299	338
24	11	0	264	338	406
24	3	1	265	418	518
24	2	12	266	543	594
24	1	10	267	594	680
24	12	2	268	754	827
24	12	1	269	856	952
24	0	2	270	952	978


Solution History:
