This is the output of Heuristic Solver for Dual resource constrained flexible job shop Scheduling Problem.
Input file is: wfjsp14_9.txt
Method: FaFM
Seed: 2
Number of Jobs: 30
Number of Operations: 219
Number of Machines: 15
Number of Operators: 15
CPU Time: 11.6736
obj: 821
Best found lower bound:0
Solver gap (best found lower bound and upper bound difference): Not known


Final Solution:
Job	Machine	Operator	Operation	Start Time	Finish Time
0	9	11	0	112	198
0	13	2	1	285	332
0	1	13	2	435	506
0	2	3	3	512	568
0	10	5	4	763	798
1	1	3	5	31	119
1	3	14	6	128	189
1	12	0	7	204	223
1	0	9	8	268	323
1	10	7	9	359	422
1	12	9	10	508	592
1	12	1	11	592	676
1	13	4	12	730	811
2	7	5	13	22	62
2	8	5	14	62	86
2	6	10	15	274	330
2	0	6	16	396	412
2	10	5	17	468	556
2	9	4	18	586	609
2	4	12	19	676	700
2	12	3	20	774	808
3	12	14	21	24	79
3	2	7	22	172	185
3	7	5	23	195	218
3	11	1	24	274	297
3	11	9	25	323	379
3	5	12	26	460	515
4	7	12	27	62	144
4	11	10	28	189	274
4	9	8	29	429	523
4	11	6	30	524	579
4	0	2	31	653	715
5	6	4	32	0	60
5	0	9	33	197	268
5	3	6	34	286	300
5	14	4	35	417	513
5	4	1	36	540	569
5	13	4	37	708	730
5	0	2	38	748	761
5	9	2	39	761	819
6	11	6	40	32	101
6	14	6	41	168	270
6	14	0	42	270	291
6	2	4	43	363	383
6	6	14	44	383	404
6	8	14	45	404	453
6	4	1	46	491	540
6	14	9	47	615	687
6	9	11	48	705	743
6	0	14	49	761	784
7	10	9	50	54	138
7	3	4	51	189	224
7	9	3	52	240	303
7	14	0	53	316	341
7	2	4	54	383	414
7	9	4	55	523	586
7	4	12	56	592	676
7	2	1	57	746	760
7	6	9	58	785	818
8	14	0	59	0	78
8	10	9	60	138	194
8	12	0	61	223	267
8	5	12	62	371	460
8	8	7	63	465	534
8	13	4	64	644	708
8	3	12	65	732	804
8	5	11	66	804	818
9	0	12	67	52	61
9	13	14	68	236	270
9	4	12	69	288	359
9	0	2	70	629	653
9	0	2	71	715	748
10	1	2	72	0	31
10	13	13	73	74	137
10	7	13	74	230	313
10	6	10	75	330	381
10	10	7	76	422	452
10	6	0	77	472	548
10	10	5	78	588	642
10	11	6	79	644	697
10	4	12	80	700	730
10	1	10	81	779	820
11	8	3	82	0	30
11	11	6	83	101	115
11	2	4	84	310	363
11	1	13	85	517	558
11	9	11	86	615	705
12	0	1	87	0	52
12	6	14	88	189	212
12	13	14	89	215	236
12	11	5	90	379	468
12	2	3	91	468	512
12	14	0	92	689	765
13	9	11	93	29	112
13	7	12	94	144	195
13	1	3	95	224	238
13	3	6	96	300	336
13	6	0	97	417	472
13	14	12	98	515	592
13	12	10	99	676	774
14	3	2	100	100	128
14	6	10	101	128	186
14	9	11	102	198	240
14	11	1	103	297	322
14	3	10	104	387	475
14	6	14	105	548	606
14	3	14	106	668	732
15	0	4	107	61	142
15	7	13	108	218	230
15	7	5	109	313	372
15	9	8	110	373	429
15	5	8	111	523	538
15	1	13	112	558	640
15	8	7	113	714	809
16	7	8	114	0	22
16	4	7	115	24	54
16	4	3	116	121	182
16	6	2	117	212	272
16	13	6	118	336	392
16	3	9	119	475	508
16	14	9	120	592	615
16	6	0	121	629	689
16	1	13	122	720	779
17	13	13	123	0	74
17	8	2	124	128	206
17	3	4	125	224	286
17	2	4	126	287	310
17	1	3	127	310	349
17	9	11	128	349	373
17	12	1	129	402	491
17	13	11	130	546	615
17	8	7	131	615	714
17	5	11	132	743	801
18	2	9	133	0	54
18	8	14	134	86	122
18	2	7	135	149	172
18	0	1	136	179	197
18	12	14	137	270	328
18	14	0	138	341	417
18	0	6	139	417	440
18	11	6	140	468	524
18	2	3	141	654	746
19	14	5	142	86	168
19	1	3	143	182	224
19	0	13	144	323	396
19	5	8	145	538	628
19	3	10	146	628	668
19	6	9	147	756	785
20	11	6	148	0	32
20	5	8	149	32	108
20	5	8	150	180	239
20	10	7	151	288	359
20	3	2	152	359	387
20	12	1	153	391	402
20	13	14	154	469	545
20	13	4	155	615	644
20	10	5	156	676	763
20	10	5	157	798	821
21	5	11	158	0	29
21	3	12	159	29	41
21	13	13	160	137	215
21	4	7	161	232	288
21	5	8	162	300	356
21	10	7	163	452	465
21	0	2	164	469	534
21	7	8	165	628	700
21	2	1	166	760	818
22	2	7	167	54	149
22	8	5	168	218	307
22	1	3	169	349	435
22	7	11	170	460	546
22	3	10	171	546	627
22	7	8	172	754	808
23	4	1	173	54	121
23	0	4	174	142	179
23	5	11	175	240	300
23	9	11	176	303	339
23	2	3	177	568	625
24	10	10	178	0	54
24	5	8	179	108	121
24	12	0	180	151	204
24	2	12	181	204	287
24	5	8	182	356	371
24	4	9	183	379	472
24	7	0	184	548	623
24	1	13	185	640	651
24	5	1	186	676	740
24	11	6	187	750	805
25	5	8	188	121	180
25	11	5	189	180	189
25	1	8	190	239	296
25	14	0	191	296	316
25	8	2	192	332	352
25	10	5	193	556	588
25	11	6	194	588	644
26	9	12	195	0	29
26	10	1	196	197	273
26	10	5	197	642	676
26	6	9	198	689	756
26	14	0	199	765	805
27	3	14	200	0	16
27	3	2	201	41	100
27	1	1	202	121	174
27	7	11	203	373	460
27	8	7	204	534	615
27	1	13	205	651	720
28	12	0	206	79	151
28	4	7	207	185	232
28	12	1	208	328	391
28	1	13	209	506	517
28	0	2	210	534	629
28	2	3	211	629	654
28	7	8	212	700	754
29	12	7	213	0	24
29	11	6	214	115	160
29	13	6	215	270	285
29	13	2	216	392	469
29	6	14	217	606	629
29	11	6	218	697	750


Solution History:
