This is the output of Heuristic Solver for Dual resource constrained flexible job shop Scheduling Problem.
Input file is: wfjsp17_9.txt
Method: FaFM
Seed: 3
Number of Jobs: 15
Number of Operations: 131
Number of Machines: 5
Number of Operators: 4
CPU Time: 15.4667
obj: 1635
Best found lower bound:0
Solver gap (best found lower bound and upper bound difference): Not known


Final Solution:
Job	Machine	Operator	Operation	Start Time	Finish Time
0	3	0	0	140	220
0	2	3	1	291	330
0	1	1	2	493	560
0	4	2	3	680	745
0	3	1	4	940	969
0	2	1	5	1024	1111
0	4	1	6	1435	1498
0	2	1	7	1534	1556
1	2	1	8	19	77
1	2	1	9	373	434
1	2	3	10	601	685
1	1	0	11	839	918
1	1	0	12	1014	1089
1	4	2	13	1160	1196
1	3	0	14	1201	1222
1	2	0	15	1577	1630
2	4	2	16	0	13
2	0	2	17	215	303
2	1	3	18	330	352
2	1	0	19	663	682
2	1	0	20	980	1014
2	0	2	21	1361	1403
2	2	0	22	1446	1458
2	0	1	23	1512	1534
3	0	0	24	19	38
3	3	0	25	38	94
3	4	1	26	319	373
3	3	0	27	427	504
3	3	0	28	565	663
3	3	1	29	848	940
3	2	0	30	1390	1446
3	2	0	31	1458	1517
3	3	3	32	1575	1635
4	1	3	33	144	221
4	2	3	34	221	234
4	4	2	35	515	599
4	2	0	36	752	785
4	2	3	37	965	987
4	2	3	38	1137	1150
4	1	3	39	1399	1457
4	4	1	40	1577	1635
5	4	1	41	244	319
5	0	0	42	406	427
5	4	2	43	498	515
5	3	0	44	526	546
5	0	1	45	736	781
5	2	3	46	1239	1280
5	4	1	47	1371	1435
5	3	3	48	1526	1575
6	2	0	49	0	19
6	2	1	50	77	174
6	0	2	51	338	373
6	1	3	52	685	746
6	4	2	53	838	866
6	4	3	54	937	965
6	4	3	55	1074	1137
6	0	1	56	1181	1252
6	1	1	57	1498	1512
6	1	0	58	1517	1548
7	1	3	59	58	144
7	1	3	60	438	482
7	1	1	61	560	596
7	4	2	62	745	838
7	4	1	63	969	1024
7	3	0	64	1143	1201
7	4	2	65	1288	1361
7	4	2	66	1555	1568
7	2	1	67	1569	1577
8	4	2	68	13	43
8	3	0	69	321	382
8	3	0	70	382	406
8	3	1	71	680	709
8	2	1	72	709	736
8	2	3	73	834	895
8	0	2	74	989	1075
8	4	2	75	1498	1555
9	0	2	76	303	338
9	0	2	77	599	678
9	0	0	78	682	727
9	3	0	79	1089	1143
9	2	3	80	1150	1178
9	3	0	81	1233	1269
9	3	3	82	1280	1315
9	2	1	83	1556	1569
10	1	3	84	0	58
10	4	2	85	102	135
10	1	3	86	352	438
10	0	1	87	438	493
10	0	0	88	546	565
10	4	1	89	660	680
10	3	3	90	752	834
10	4	3	91	895	937
10	4	2	92	1196	1288
10	2	0	93	1294	1390
11	3	0	94	94	140
11	2	1	95	234	244
11	4	2	96	373	403
11	2	3	97	543	601
11	0	1	98	781	848
11	3	3	99	987	1074
11	1	0	100	1269	1294
11	0	2	101	1568	1630
12	0	2	102	43	80
12	0	2	103	80	102
12	3	0	104	220	321
12	1	0	105	785	839
12	0	2	106	866	927
12	1	1	107	1111	1181
12	3	0	108	1222	1233
12	1	1	109	1310	1371
12	0	2	110	1403	1459
13	3	1	111	0	16
13	0	2	112	135	215
13	4	2	113	403	498
13	0	0	114	504	526
13	3	0	115	727	752
13	1	0	116	918	980
13	2	3	117	1178	1239
13	0	1	118	1252	1310
13	0	2	119	1459	1495
13	1	0	120	1548	1570
14	4	1	121	174	234
14	1	3	122	234	291
14	2	3	123	482	543
14	1	1	124	596	660
14	0	2	125	927	989
14	0	2	126	1075	1100
14	0	2	127	1100	1139
14	0	2	128	1139	1160
14	3	3	129	1315	1399
14	3	3	130	1457	1526


Solution History:
