This is the output of Heuristic Solver for Dual resource constrained flexible job shop Scheduling Problem.
Input file is: wfjsp16_3.txt
Method: FaFM
Seed: 3
Number of Jobs: 40
Number of Operations: 307
Number of Machines: 15
Number of Operators: 15
CPU Time: 30.3863
obj: 1112
Best found lower bound:0
Solver gap (best found lower bound and upper bound difference): Not known


Final Solution:
Job	Machine	Operator	Operation	Start Time	Finish Time
0	11	4	0	35	106
0	13	2	1	160	174
0	1	13	2	230	249
0	7	12	3	281	372
0	1	8	4	453	537
0	1	8	5	537	608
0	0	5	6	680	759
0	4	6	7	934	967
0	13	7	8	975	1076
1	3	8	9	0	14
1	3	3	10	56	122
1	12	7	11	143	244
1	11	10	12	305	320
1	14	9	13	481	575
1	7	12	14	743	826
1	8	2	15	944	973
1	14	1	16	973	1032
2	12	11	17	104	118
2	9	6	18	139	222
2	11	10	19	232	241
2	12	2	20	244	270
2	4	2	21	270	322
2	7	12	22	381	469
2	5	12	23	490	554
2	4	14	24	554	582
2	5	14	25	647	719
2	6	11	26	984	1080
3	0	9	27	37	48
3	10	10	28	78	110
3	5	5	29	112	210
3	4	6	30	413	448
3	11	6	31	448	475
3	2	3	32	540	608
3	14	9	33	630	692
3	13	3	34	826	885
4	1	1	35	127	224
4	14	1	36	224	321
4	2	4	37	368	384
4	8	3	38	493	522
4	7	7	39	550	637
4	9	0	40	752	768
4	10	2	41	841	864
4	5	4	42	918	968
4	12	3	43	984	1016
4	2	4	44	1026	1081
5	13	7	45	14	108
5	10	5	46	262	330
5	4	7	47	448	533
5	3	13	48	635	651
5	1	8	49	693	708
5	5	14	50	719	779
5	3	8	51	865	930
5	14	8	52	930	963
5	12	3	53	1016	1041
5	12	1	54	1041	1106
6	12	14	55	0	24
6	3	8	56	24	53
6	7	12	57	53	125
6	5	8	58	325	409
6	0	5	59	580	680
6	8	10	60	700	798
6	3	11	61	799	808
6	1	14	62	808	870
6	10	10	63	905	1002
7	2	4	64	0	35
7	5	14	65	79	107
7	8	14	66	160	215
7	1	11	67	325	363
7	12	2	68	561	654
7	7	12	69	826	835
7	9	0	70	900	991
8	6	5	71	0	58
8	4	7	72	322	352
8	8	5	73	391	461
8	5	14	74	779	807
8	13	3	75	885	936
8	10	10	76	1002	1011
9	11	14	77	107	134
9	14	7	78	358	368
9	0	9	79	401	481
9	5	12	80	554	647
9	0	5	81	759	815
9	6	9	82	930	946
9	13	5	83	946	974
9	2	4	84	1081	1095
10	0	8	85	53	125
10	10	10	86	330	366
10	11	7	87	381	417
10	8	5	88	461	483
10	1	8	89	708	740
10	13	11	90	753	799
10	6	9	91	854	909
10	0	13	92	1012	1036
10	7	12	93	1036	1064
11	12	11	94	66	104
11	14	4	95	106	182
11	14	4	96	182	219
11	3	3	97	268	360
11	6	1	98	496	587
11	8	10	99	627	700
11	2	1	100	786	837
11	11	6	101	837	866
11	0	13	102	923	1012
11	10	5	103	1012	1081
12	12	14	104	24	56
12	9	6	105	65	75
12	9	6	106	222	284
12	1	8	107	284	325
12	4	6	108	352	413
12	8	10	109	540	627
12	10	3	110	680	780
12	7	12	111	835	925
12	7	12	112	925	973
12	13	7	113	1076	1106
13	12	7	114	118	143
13	3	4	115	219	268
13	14	1	116	321	358
13	9	0	117	600	612
13	6	2	118	706	780
13	12	13	119	818	897
14	10	10	120	0	15
14	2	0	121	175	239
14	2	4	122	268	304
14	9	10	123	417	445
14	3	13	124	474	544
14	2	4	125	973	1026
14	4	6	126	1050	1107
15	6	9	127	112	173
15	0	8	128	208	277
15	0	5	129	483	555
15	0	5	130	555	580
15	4	14	131	582	645
15	8	3	132	798	819
15	11	6	133	866	926
16	0	0	134	0	37
16	1	11	135	37	66
16	9	6	136	75	139
16	7	12	137	220	281
16	5	11	138	453	490
16	1	11	139	608	662
16	9	0	140	662	725
16	9	0	141	725	752
16	4	6	142	802	831
16	1	14	143	944	1038
17	13	2	144	322	400
17	5	8	145	409	425
17	5	8	146	425	451
17	12	11	147	493	561
17	12	13	148	654	712
17	9	0	149	768	830
18	10	5	150	210	262
18	5	11	151	283	325
18	6	7	152	417	448
18	2	10	153	448	511
18	9	0	154	522	566
18	10	2	155	864	900
18	8	5	156	974	1009
18	8	10	157	1011	1035
18	0	0	158	1061	1101
19	14	1	159	0	40
19	1	9	160	66	102
19	11	10	161	241	305
19	12	14	162	412	482
19	7	14	163	482	550
19	6	1	164	664	706
19	2	1	165	837	901
19	4	6	166	967	1050
19	14	9	167	1050	1084
20	0	8	168	125	208
20	2	0	169	239	264
20	10	1	170	366	429
20	3	13	171	429	474
20	6	3	172	780	792
20	2	1	173	901	973
21	4	13	174	55	131
21	13	2	175	174	243
21	8	13	176	254	324
21	11	6	177	596	661
21	14	9	178	718	821
21	8	5	179	874	944
21	3	8	180	963	997
22	2	13	181	35	55
22	6	5	182	58	112
22	6	9	183	173	240
22	12	14	184	341	412
22	2	8	185	608	693
22	2	1	186	730	786
22	13	7	187	799	826
22	3	8	188	843	865
23	2	0	189	78	175
23	11	10	190	205	232
23	2	10	191	511	540
23	13	4	192	600	633
23	4	7	193	646	725
23	9	0	194	830	900
23	8	2	195	1072	1112
24	4	2	196	0	52
24	14	1	197	78	88
24	6	9	198	240	311
24	12	3	199	482	493
24	11	6	200	661	720
24	11	4	201	758	819
24	4	11	202	854	864
24	1	14	203	870	944
25	12	14	204	270	341
25	8	5	205	341	391
25	13	4	206	443	513
25	1	8	207	794	804
25	14	10	208	831	905
26	5	14	209	56	79
26	0	0	210	277	315
26	3	13	211	360	421
26	0	13	212	1036	1061
26	7	12	213	1064	1080
27	3	3	214	122	219
27	8	14	215	219	254
27	9	0	216	445	522
27	12	7	217	898	975
27	11	2	218	1005	1021
27	1	14	219	1038	1109
28	13	7	220	0	14
28	7	12	221	125	220
28	10	1	222	429	487
28	10	11	223	561	604
28	7	7	224	637	646
28	3	11	225	662	746
28	1	8	226	766	794
28	9	0	227	991	1020
28	9	0	228	1020	1049
29	1	11	229	0	37
29	0	10	230	366	401
29	11	6	231	475	530
29	4	6	232	755	802
29	0	13	233	898	923
29	6	3	234	946	984
30	11	6	235	0	31
30	6	9	236	311	398
30	14	3	237	398	464
30	13	4	238	513	600
30	1	8	239	740	766
30	0	10	240	815	831
30	5	4	241	883	918
30	11	11	242	934	978
30	7	12	243	1080	1108
31	9	0	244	353	417
31	3	13	245	544	635
31	11	4	246	724	758
31	6	2	247	909	930
31	11	2	248	978	1005
31	11	10	249	1072	1106
32	10	10	250	15	78
32	13	7	251	244	253
32	5	11	252	253	283
32	6	1	253	587	664
32	5	4	254	819	883
32	3	8	255	997	1026
32	10	5	256	1081	1110
33	9	6	257	31	65
33	13	11	258	118	151
33	11	11	259	151	202
33	14	9	260	692	718
33	4	11	261	864	934
33	8	10	262	1035	1072
34	4	13	263	131	230
34	4	3	264	230	266
34	2	4	265	384	440
34	7	12	266	647	743
34	12	13	267	773	818
35	7	12	268	0	36
35	8	2	269	52	96
35	6	2	270	448	496
35	10	2	271	496	558
35	14	9	272	575	630
35	2	1	273	706	730
35	4	6	274	730	755
35	3	8	275	808	843
35	11	2	276	1021	1070
36	9	13	277	0	31
36	9	6	278	284	349
36	11	6	279	530	596
36	8	5	280	819	874
36	3	8	281	1026	1096
37	14	1	282	40	78
37	10	10	283	110	205
37	0	0	284	315	353
37	1	11	285	363	453
37	9	0	286	612	652
37	12	13	287	712	773
37	6	11	288	808	854
37	5	9	289	968	1042
37	5	3	290	1042	1086
38	5	3	291	0	56
38	1	1	292	102	127
38	13	7	293	253	322
38	13	2	294	400	443
38	10	3	295	608	680
38	0	7	296	831	898
38	7	12	297	973	984
39	2	0	298	55	78
39	8	2	299	96	160
39	5	11	300	210	253
39	2	4	301	304	368
39	7	7	302	372	381
39	9	0	303	566	600
39	13	4	304	633	724
39	13	7	305	725	753
39	10	2	306	780	841


Solution History:
