This is the output of Heuristic Solver for Dual resource constrained flexible job shop Scheduling Problem.
Input file is: wfjsp6_3.txt
Method: FaFM
Seed: 5
Number of Jobs: 12
Number of Operations: 65
Number of Machines: 5
Number of Operators: 5
CPU Time: 8.28855
obj: 750
Best found lower bound:0
Solver gap (best found lower bound and upper bound difference): Not known


Final Solution:
Job	Machine	Operator	Operation	Start Time	Finish Time
0	4	4	0	83	155
0	0	0	1	156	173
0	2	2	2	176	191
0	3	0	3	276	354
0	3	1	4	537	616
0	2	2	5	676	745
1	1	2	6	0	84
1	0	1	7	173	212
1	1	4	8	229	325
1	4	3	9	327	343
1	3	1	10	370	430
1	1	4	11	497	596
1	4	3	12	623	641
1	4	3	13	641	747
2	0	0	14	0	92
2	1	2	15	146	176
2	3	1	16	485	537
2	3	1	17	616	634
3	4	3	18	396	468
3	1	4	19	657	670
4	4	4	20	44	72
4	2	1	21	72	124
4	3	0	22	184	276
4	0	1	23	282	354
4	3	1	24	430	462
4	4	3	25	468	545
4	0	0	26	616	712
5	4	4	27	0	10
5	4	4	28	10	44
5	3	3	29	44	146
5	3	3	30	146	184
5	1	3	31	184	216
5	0	1	32	216	282
5	2	2	33	326	392
5	0	0	34	450	519
5	0	0	35	519	616
5	3	1	36	634	735
6	2	1	37	124	142
6	2	1	38	142	171
6	2	2	39	252	326
6	3	1	40	354	370
6	3	1	41	462	485
6	1	4	42	596	657
7	3	3	43	0	35
7	1	2	44	84	146
7	1	4	45	325	423
7	1	4	46	423	497
7	4	3	47	545	623
7	2	2	48	660	676
7	3	1	49	735	750
8	2	2	50	191	252
8	2	2	51	392	462
8	1	4	52	670	708
9	4	3	53	306	327
9	4	3	54	343	396
10	2	1	55	0	26
10	2	1	56	26	57
10	4	4	57	155	229
10	4	3	58	229	306
10	2	2	59	462	558
10	2	2	60	558	660
11	4	4	61	72	83
11	0	0	62	92	156
11	0	0	63	354	450
11	0	4	64	712	750


Solution History:
