This is the output of Heuristic Solver for Dual resource constrained flexible job shop Scheduling Problem.
Input file is: wfjsp14_2.txt
Method: FaFM
Seed: 4
Number of Jobs: 30
Number of Operations: 225
Number of Machines: 15
Number of Operators: 15
CPU Time: 44.0624
obj: 819
Best found lower bound:0
Solver gap (best found lower bound and upper bound difference): Not known


Final Solution:
Job	Machine	Operator	Operation	Start Time	Finish Time
0	4	6	0	245	318
0	7	11	1	373	448
0	14	1	2	564	586
0	4	0	3	586	621
0	5	5	4	689	704
1	4	0	5	0	20
1	8	5	6	77	140
1	1	7	7	168	176
1	0	5	8	186	267
1	10	3	9	389	429
1	14	1	10	512	564
1	8	3	11	564	580
1	0	5	12	590	655
1	6	13	13	683	740
2	5	14	14	0	54
2	2	4	15	54	122
2	5	0	16	170	203
2	13	8	17	206	246
2	11	0	18	282	301
2	13	8	19	319	378
2	9	7	20	385	463
2	0	7	21	479	567
2	6	0	22	624	679
2	10	0	23	680	748
3	12	5	24	0	59
3	8	5	25	59	77
3	14	11	26	94	104
3	1	7	27	176	261
3	9	2	28	301	326
3	2	0	29	454	534
3	1	7	30	578	669
3	14	14	31	670	691
3	4	1	32	695	767
4	10	3	33	80	157
4	2	12	34	237	287
4	1	5	35	291	319
4	9	2	36	326	376
4	13	12	37	454	496
4	9	12	38	496	558
4	14	10	39	586	670
4	12	2	40	672	700
4	7	11	41	752	767
4	12	1	42	771	796
5	12	12	43	59	76
5	11	12	44	178	220
5	7	11	45	234	308
5	13	8	46	413	449
5	7	11	47	488	574
5	12	9	48	588	671
6	7	13	49	116	175
6	3	9	50	241	275
6	1	7	51	319	385
6	11	1	52	474	512
6	11	13	53	512	539
6	2	0	54	539	572
6	3	14	55	623	670
6	4	9	56	671	695
6	3	8	57	707	776
7	6	13	58	0	58
7	2	4	59	195	205
7	3	9	60	214	241
7	4	14	61	326	375
7	10	5	62	503	590
7	5	1	63	590	641
7	10	0	64	748	817
8	2	12	65	0	52
8	6	11	66	58	80
8	3	9	67	125	214
8	4	6	68	232	245
8	13	8	69	246	319
8	0	7	70	467	479
8	3	8	71	516	578
8	14	14	72	691	745
8	6	10	73	767	814
9	8	3	74	0	56
9	1	7	75	85	168
9	9	2	76	208	261
9	3	9	77	275	336
9	2	12	78	363	454
9	4	1	79	454	468
9	1	14	80	529	578
9	9	12	81	606	652
9	9	12	82	661	713
9	13	4	83	713	729
10	11	1	84	0	78
10	11	10	85	80	100
10	5	0	86	148	170
10	13	2	87	378	413
10	10	3	88	429	461
10	5	4	89	482	566
10	14	4	90	745	818
11	10	10	91	0	80
11	11	10	92	100	174
11	8	5	93	174	186
11	5	0	94	203	227
11	8	10	95	234	307
11	12	11	96	308	373
11	4	14	97	375	422
11	6	10	98	493	579
11	9	12	99	713	810
12	1	7	100	0	16
12	3	0	101	58	125
12	6	13	102	175	228
12	11	13	103	228	279
12	8	3	104	307	382
12	0	4	105	391	467
12	13	2	106	497	531
12	9	12	107	558	606
12	11	13	108	606	683
13	7	13	109	58	116
13	14	11	110	157	209
13	2	4	111	209	237
13	5	3	112	256	300
13	14	1	113	354	422
13	2	6	114	664	737
13	1	7	115	799	810
14	13	4	116	38	52
14	0	2	117	103	121
14	8	3	118	466	553
14	7	4	119	574	654
14	3	10	120	670	700
14	11	10	121	700	765
14	7	11	122	767	819
15	5	3	123	56	73
15	8	5	124	140	173
15	5	3	125	231	256
15	5	0	126	354	364
15	8	8	127	382	402
15	11	6	128	407	419
15	6	10	129	420	430
15	8	8	130	580	651
15	9	8	131	652	661
16	4	0	132	20	53
16	13	14	133	81	138
16	0	14	134	138	185
16	5	0	135	301	354
16	1	10	136	385	416
16	13	2	137	531	568
16	4	14	138	767	819
17	12	1	139	78	164
17	6	0	140	228	282
17	7	10	141	308	372
17	11	13	142	419	474
17	1	14	143	493	529
17	11	13	144	539	598
18	7	11	145	18	51
18	12	1	146	164	209
18	2	12	147	287	363
18	3	0	148	364	394
18	3	0	149	394	449
18	10	5	150	466	503
18	6	11	151	579	624
18	1	7	152	669	735
18	8	3	153	740	813
19	14	9	154	83	94
19	9	2	155	124	208
19	12	14	156	209	258
19	0	5	157	326	391
19	13	8	158	672	707
19	11	13	159	767	815
20	13	2	160	0	25
20	0	2	161	25	93
20	9	9	162	94	124
20	5	0	163	125	148
20	8	5	164	402	466
20	12	9	165	502	588
20	0	4	166	655	704
20	5	5	167	704	782
21	13	4	168	25	38
21	13	14	169	54	81
21	6	8	170	81	169
21	14	1	171	282	354
21	3	8	172	449	516
21	10	3	173	590	654
22	9	8	174	0	80
22	0	2	175	93	103
22	2	4	176	122	195
22	1	5	177	267	291
22	10	4	178	313	389
22	12	2	179	417	497
22	13	2	180	600	672
22	0	9	181	704	733
23	3	6	182	0	58
23	10	3	183	157	231
23	10	4	184	237	313
23	6	9	185	340	420
23	7	11	186	654	701
23	6	13	187	740	767
24	13	12	188	138	178
24	1	6	189	419	493
24	4	6	190	498	572
24	5	1	191	641	689
24	0	9	192	733	778
25	1	7	193	16	85
25	7	10	194	175	193
25	7	10	195	193	234
25	0	14	196	267	326
25	12	13	197	373	417
25	5	14	198	422	482
25	2	6	199	572	664
25	8	3	200	664	740
26	4	6	201	58	149
26	13	8	202	178	206
26	14	1	203	209	282
26	6	10	204	430	493
26	13	2	205	584	600
26	7	11	206	701	716
26	7	11	207	716	752
27	14	9	208	0	83
27	4	6	209	149	232
27	6	13	210	282	340
27	14	9	211	422	502
27	12	2	212	700	771
28	7	11	213	0	18
28	14	11	214	104	157
28	9	7	215	261	301
28	11	6	216	318	333
28	11	6	217	333	407
28	13	2	218	568	584
28	10	5	219	655	680
29	12	2	220	261	296
29	7	11	221	448	488
29	4	13	222	488	498
29	3	14	223	578	623
29	1	6	224	737	799


Solution History:
