This is the output of Heuristic Solver for Dual resource constrained flexible job shop Scheduling Problem.
Input file is: wfjsp21_7.txt
Method: FaFM
Seed: 4
Number of Jobs: 25
Number of Operations: 242
Number of Machines: 15
Number of Operators: 12
CPU Time: 18.029
obj: 1069
Best found lower bound:0
Solver gap (best found lower bound and upper bound difference): Not known


Final Solution:
Job	Machine	Operator	Operation	Start Time	Finish Time
0	1	3	0	88	168
0	9	2	1	177	186
0	6	8	2	273	312
0	12	0	3	439	538
0	12	10	4	700	726
0	3	10	5	726	765
0	8	6	6	900	929
0	8	10	7	931	973
0	3	4	8	1042	1051
1	7	5	9	0	37
1	10	5	10	61	135
1	9	2	11	186	245
1	1	5	12	292	366
1	14	3	13	429	480
1	7	2	14	487	520
1	1	4	15	520	538
1	13	4	16	626	698
1	10	4	17	698	772
1	1	0	18	881	935
1	12	0	19	935	1013
2	11	1	20	0	60
2	0	6	21	121	157
2	13	9	22	189	202
2	10	9	23	447	536
2	3	11	24	586	599
2	4	0	25	599	653
2	12	1	26	726	737
2	1	4	27	802	881
3	6	6	28	70	121
3	7	8	29	172	198
3	1	5	30	214	292
3	8	2	31	349	429
3	9	10	32	500	566
3	1	7	33	608	623
3	0	6	34	647	723
3	9	9	35	888	973
4	8	8	36	0	24
4	3	8	37	24	51
4	3	3	38	51	88
4	11	10	39	140	212
4	10	2	40	281	349
4	13	5	41	366	441
4	8	5	42	572	650
4	3	8	43	665	701
4	2	11	44	805	830
4	5	11	45	830	872
4	6	7	46	971	1058
5	4	10	47	73	138
5	0	3	48	168	226
5	5	0	49	307	361
5	2	10	50	365	388
5	12	3	51	538	574
5	12	1	52	633	700
5	14	9	53	728	758
5	5	9	54	758	772
5	0	5	55	985	1031
6	4	0	56	0	62
6	3	8	57	98	139
6	14	7	58	212	251
6	6	7	59	251	273
6	7	10	60	337	365
6	3	6	61	420	460
6	14	3	62	480	534
6	12	1	63	737	796
6	7	8	64	854	936
6	1	4	65	948	1001
7	2	2	66	108	177
7	6	8	67	369	455
7	2	11	68	468	530
7	2	2	69	530	589
7	13	9	70	591	612
7	11	9	71	612	679
7	1	3	72	709	768
7	0	3	73	768	846
7	9	9	74	846	888
7	5	11	75	901	922
7	6	1	76	922	961
7	13	1	77	961	1028
8	6	6	78	0	37
8	6	6	79	37	70
8	11	6	80	234	317
8	0	9	81	317	334
8	3	4	82	341	354
8	2	10	83	401	459
8	11	6	84	460	478
8	1	4	85	772	802
8	10	2	86	868	935
9	12	3	87	0	51
9	6	6	88	157	214
9	5	10	89	214	225
9	11	1	90	323	410
9	7	0	91	410	439
9	0	7	92	439	476
9	12	3	93	574	591
9	12	3	94	591	624
9	2	5	95	651	729
9	7	2	96	936	948
9	4	3	97	949	1005
9	11	6	98	1005	1023
10	0	11	99	0	62
10	14	7	100	128	212
10	13	0	101	214	239
10	10	7	102	351	433
10	8	5	103	487	537
10	11	10	104	566	596
10	4	0	105	748	810
10	13	2	106	810	868
11	2	10	107	12	42
11	7	8	108	198	266
11	5	9	109	274	307
11	7	10	110	309	337
11	13	7	111	337	351
11	5	1	112	461	491
11	9	7	113	571	608
11	2	5	114	729	792
11	8	10	115	973	1028
12	12	11	116	62	138
12	6	8	117	139	152
12	14	1	118	281	323
12	6	8	119	455	496
12	3	8	120	496	527
12	14	4	121	538	626
12	5	11	122	641	687
12	7	11	123	687	775
12	14	7	124	783	867
12	3	8	125	949	1042
13	1	10	126	42	73
13	11	1	127	100	140
13	8	9	128	175	189
13	14	2	129	251	281
13	6	8	130	336	369
13	4	5	131	472	486
13	3	11	132	530	586
13	12	6	133	798	892
13	8	6	134	892	900
13	0	6	135	1031	1069
14	13	4	136	50	128
14	13	4	137	128	179
14	8	9	138	202	274
14	1	10	139	388	401
14	5	1	140	426	461
14	11	6	141	478	518
14	11	6	142	518	566
14	6	8	143	783	854
14	4	4	144	881	948
14	4	3	145	1005	1059
15	8	5	146	37	61
15	5	9	147	65	147
15	2	11	148	258	351
15	8	5	149	537	572
15	0	6	150	572	647
15	9	2	151	651	728
15	0	3	152	846	867
15	14	5	153	870	899
15	14	5	154	899	928
16	3	11	155	139	166
16	2	4	156	179	258
16	4	3	157	299	345
16	4	11	158	351	431
16	4	11	159	431	468
16	1	0	160	538	593
16	2	1	161	830	917
16	2	11	162	922	998
16	2	11	163	998	1061
17	12	10	164	225	309
17	8	8	165	312	336
17	12	6	166	389	420
17	7	2	167	520	529
17	6	1	168	571	633
17	10	9	169	772	846
17	12	3	170	892	910
17	5	4	171	1001	1037
18	2	2	172	0	12
18	13	2	173	12	44
18	8	8	174	61	98
18	5	9	175	372	426
18	9	9	176	426	447
18	10	9	177	536	553
18	10	9	178	553	591
18	4	0	179	810	879
18	3	11	180	879	901
18	5	10	181	922	931
19	1	7	182	0	41
19	14	7	183	41	128
19	8	9	184	147	175
19	10	1	185	223	279
19	8	2	186	429	487
19	9	10	187	491	500
19	1	3	188	624	709
19	7	10	189	775	848
19	11	10	190	848	918
19	7	2	191	948	1028
19	5	1	192	1037	1066
20	7	2	193	44	108
20	7	0	194	116	172
20	4	0	195	172	214
20	0	9	196	334	372
20	7	8	197	529	610
20	7	8	198	610	665
20	14	9	199	719	728
20	13	2	200	728	805
21	10	4	201	0	50
21	3	11	202	166	191
21	3	11	203	191	250
21	12	6	204	317	389
21	3	10	205	460	491
21	4	1	206	491	571
21	3	11	207	599	641
21	2	11	208	792	805
21	5	5	209	931	985
21	7	2	210	1028	1037
22	9	10	211	0	11
22	9	9	212	11	65
22	2	1	213	65	100
22	3	4	214	258	341
22	7	0	215	365	404
22	13	5	216	441	472
22	13	7	217	476	496
22	6	7	218	496	571
22	14	7	219	626	719
22	6	7	220	719	783
22	11	6	221	929	1003
23	0	0	222	62	116
23	12	1	223	140	223
23	0	3	224	226	269
23	13	7	225	273	330
23	3	4	226	354	411
23	1	4	227	411	504
23	10	10	228	596	678
23	11	9	229	679	716
23	11	6	230	723	798
23	8	5	231	798	870
23	0	7	232	870	971
23	9	9	233	973	1055
24	10	5	234	135	214
24	11	6	235	214	234
24	4	0	236	239	299
24	14	3	237	345	429
24	2	2	238	589	651
24	4	0	239	653	748
24	11	1	240	798	811
24	3	3	241	910	949


Solution History:
