This is the output of Heuristic Solver for Dual resource constrained flexible job shop Scheduling Problem.
Input file is: wfjsp11_9.txt
Method: FaFM
Seed: 5
Number of Jobs: 20
Number of Operations: 214
Number of Machines: 10
Number of Operators: 10
CPU Time: 33.9271
obj: 1183
Best found lower bound:0
Solver gap (best found lower bound and upper bound difference): Not known


Final Solution:
Job	Machine	Operator	Operation	Start Time	Finish Time
0	4	1	0	0	80
0	6	0	1	121	163
0	8	3	2	193	254
0	7	4	3	287	363
0	9	1	4	363	389
0	2	6	5	389	480
0	6	5	6	528	602
0	7	5	7	602	620
0	5	7	8	685	741
0	8	3	9	805	869
0	7	1	10	869	971
0	1	9	11	979	1064
0	7	1	12	1091	1166
1	7	4	13	0	44
1	6	0	14	81	102
1	2	8	15	212	268
1	2	8	16	268	284
1	9	1	17	593	689
1	8	3	18	711	733
1	7	1	19	787	806
1	4	8	20	847	879
1	5	7	21	999	1038
1	2	8	22	1132	1145
2	6	0	23	0	19
2	2	8	24	104	126
2	5	2	25	270	327
2	5	4	26	435	489
2	9	1	27	516	593
2	9	1	28	689	787
2	3	0	29	799	901
2	7	2	30	1003	1064
2	8	3	31	1079	1136
3	3	5	32	398	454
3	1	7	33	470	541
3	9	5	34	996	1008
3	2	8	35	1039	1132
3	4	3	36	1139	1168
4	8	7	37	84	106
4	6	0	38	106	121
4	2	8	39	126	181
4	5	4	40	489	558
4	9	5	41	908	996
5	1	9	42	0	21
5	1	2	43	32	54
5	8	3	44	106	128
5	5	2	45	327	365
5	1	7	46	425	470
5	4	8	47	621	696
5	8	3	48	869	922
5	3	0	49	1080	1099
6	8	7	50	0	84
6	1	7	51	317	349
6	4	8	52	403	467
6	3	0	53	467	493
6	6	5	54	656	685
6	4	8	55	696	760
6	5	9	56	811	896
6	7	2	57	1064	1078
7	9	2	58	0	32
7	0	6	59	104	190
7	5	7	60	202	246
7	7	4	61	246	287
7	1	7	62	349	425
7	6	5	63	464	528
7	5	4	64	558	627
7	8	3	65	649	711
7	1	9	66	797	811
7	1	7	67	823	831
7	4	8	68	879	910
7	4	8	69	910	982
7	7	1	70	982	1003
7	4	1	71	1058	1091
7	9	5	72	1149	1183
8	6	0	73	19	81
8	3	5	74	136	222
8	0	9	75	289	340
8	5	4	76	385	416
8	8	3	77	441	536
8	2	2	78	536	581
8	3	0	79	611	665
8	7	5	80	691	717
8	1	7	81	888	928
8	6	7	82	943	975
8	6	7	83	975	991
8	0	4	84	1059	1114
8	9	5	85	1114	1149
9	7	4	86	44	138
9	8	3	87	138	193
9	2	8	88	193	212
9	8	9	89	343	362
9	6	0	90	390	464
9	2	6	91	480	520
9	0	6	92	520	609
9	2	4	93	691	779
9	2	2	94	810	862
9	3	6	95	901	912
9	0	4	96	913	947
9	3	0	97	1022	1080
9	5	2	98	1106	1181
10	3	3	99	0	95
10	7	4	100	138	166
10	7	4	101	166	235
10	3	5	102	235	272
10	2	8	103	284	306
10	9	1	104	436	516
10	2	2	105	581	632
10	7	4	106	636	691
10	3	0	107	721	799
10	1	7	108	811	823
10	2	2	109	862	920
10	3	0	110	969	1022
10	2	8	111	1022	1039
10	0	4	112	1114	1183
11	9	2	113	121	216
11	5	2	114	248	270
11	8	3	115	296	321
11	8	3	116	362	441
11	0	9	117	461	519
11	7	9	118	522	579
11	0	6	119	609	645
11	2	6	120	787	810
11	6	6	121	810	869
11	6	6	122	1078	1135
12	0	8	123	17	90
12	1	9	124	121	199
12	6	0	125	260	318
12	8	3	126	321	343
12	0	6	127	343	382
12	7	2	128	434	458
12	4	8	129	467	539
12	1	7	130	541	617
12	1	2	131	699	795
12	9	5	132	795	851
12	4	1	133	1003	1058
12	1	9	134	1064	1099
12	1	9	135	1099	1122
13	0	8	136	0	17
13	4	1	137	157	213
13	5	7	138	627	685
13	0	4	139	779	804
13	5	7	140	1038	1094
14	4	1	141	80	157
14	1	6	142	199	275
14	1	6	143	275	317
14	7	2	144	365	434
14	3	0	145	493	571
14	3	0	146	571	611
14	2	2	147	632	667
14	1	2	148	667	699
14	8	3	149	733	805
14	7	1	150	806	865
14	3	6	151	912	969
14	0	6	152	969	1002
14	5	2	153	1094	1106
15	2	6	154	0	73
15	2	6	155	73	104
15	9	1	156	248	348
15	5	9	157	365	385
15	9	1	158	389	425
15	9	1	159	425	436
15	4	8	160	539	621
15	3	0	161	665	721
15	6	9	162	741	797
15	0	4	163	899	913
15	5	2	164	920	999
15	8	3	165	999	1079
15	1	9	166	1122	1174
16	5	9	167	21	113
16	6	0	168	163	260
16	3	5	169	272	358
16	0	9	170	385	461
16	8	3	171	536	593
16	6	9	172	602	656
16	0	6	173	711	769
16	5	7	174	769	808
16	9	5	175	851	908
16	6	0	176	908	943
16	2	4	177	947	1004
16	9	5	178	1008	1067
16	7	2	179	1078	1090
16	4	7	180	1094	1139
17	9	5	181	32	118
17	3	5	182	118	136
17	0	9	183	199	289
17	4	8	184	315	403
17	5	4	185	416	426
17	7	2	186	458	522
17	8	3	187	593	649
17	0	6	188	649	711
17	2	6	189	779	787
17	1	7	190	831	888
17	5	9	191	896	915
17	4	8	192	982	1002
17	0	4	193	1004	1033
17	3	0	194	1099	1154
17	6	7	195	1154	1183
18	5	7	196	113	202
18	9	2	197	216	248
18	4	7	198	248	315
18	3	5	199	358	398
18	7	5	200	620	636
18	6	9	201	685	741
18	7	5	202	741	786
18	0	4	203	804	899
18	8	3	204	922	997
18	6	6	205	1002	1078
19	1	2	206	54	121
19	8	3	207	254	296
19	6	0	208	318	390
19	5	4	209	426	435
19	4	8	210	760	847
19	6	6	211	869	897
19	1	9	212	928	979
19	0	4	213	1033	1059


Solution History:
