This is the output of Heuristic Solver for Dual resource constrained flexible job shop Scheduling Problem.
Input file is: wfjsp7_5.txt
Method: FaFM
Seed: 2
Number of Jobs: 12
Number of Operations: 80
Number of Machines: 5
Number of Operators: 5
CPU Time: 11.0172
obj: 811
Best found lower bound:0
Solver gap (best found lower bound and upper bound difference): Not known


Final Solution:
Job	Machine	Operator	Operation	Start Time	Finish Time
0	0	1	0	28	43
0	1	3	1	71	111
0	1	3	2	164	251
0	3	0	3	321	389
0	0	1	4	466	531
0	0	1	5	620	654
0	3	2	6	746	810
1	1	3	7	32	71
1	4	4	8	202	248
1	2	2	9	286	328
1	0	1	10	332	363
1	4	3	11	645	713
2	1	3	12	141	164
2	3	2	13	170	183
2	2	2	14	328	393
2	4	4	15	476	540
2	3	2	16	737	746
3	4	4	17	248	297
3	3	0	18	389	457
3	1	4	19	659	698
3	2	0	20	737	765
3	2	0	21	765	802
4	0	1	22	0	28
4	4	4	23	141	170
4	1	3	24	326	409
4	3	0	25	548	589
4	4	4	26	606	645
5	3	2	27	0	23
5	4	4	28	297	305
5	0	1	29	377	422
5	1	3	30	443	526
5	1	4	31	748	811
6	3	2	32	23	87
6	3	2	33	87	170
6	3	0	34	457	548
6	1	3	35	607	645
6	1	4	36	645	659
6	4	3	37	713	759
7	0	1	38	128	213
7	1	3	39	251	326
7	4	4	40	540	606
7	2	2	41	624	652
7	0	1	42	654	724
8	1	3	43	0	32
8	0	1	44	43	61
8	0	1	45	61	128
8	0	1	46	213	298
8	4	4	47	305	398
8	0	1	48	422	466
8	1	3	49	526	607
8	2	2	50	652	730
8	1	4	51	739	748
8	4	3	52	774	808
9	2	0	53	0	89
9	1	3	54	111	141
9	2	2	55	183	268
9	2	2	56	268	286
9	1	3	57	409	443
9	0	1	58	531	620
9	3	0	59	627	641
9	3	0	60	641	667
9	3	0	61	667	737
10	4	4	62	84	99
10	4	4	63	99	141
10	4	4	64	170	202
10	3	0	65	224	321
10	4	4	66	398	476
10	3	0	67	589	627
10	1	4	68	698	739
10	4	3	69	759	774
11	4	4	70	0	84
11	2	0	71	89	182
11	3	0	72	183	224
11	0	1	73	298	332
11	0	1	74	363	377
11	2	2	75	393	477
11	2	2	76	477	505
11	2	2	77	505	559
11	2	2	78	559	624
11	0	1	79	724	809


Solution History:
