This is the output of Heuristic Solver for Dual resource constrained flexible job shop Scheduling Problem.
Input file is: wfjsp22_2.txt
Method: FaFM
Seed: 5
Number of Jobs: 30
Number of Operations: 225
Number of Machines: 15
Number of Operators: 12
CPU Time: 20.5407
obj: 986
Best found lower bound:0
Solver gap (best found lower bound and upper bound difference): Not known


Final Solution:
Job	Machine	Operator	Operation	Start Time	Finish Time
0	9	7	0	168	249
0	4	0	1	320	388
0	7	3	2	566	586
0	4	10	3	622	662
0	14	11	4	760	776
1	4	0	5	0	20
1	8	8	6	25	92
1	1	2	7	146	155
1	0	8	8	168	246
1	10	1	9	313	353
1	6	10	10	478	528
1	9	5	11	557	574
1	0	8	12	779	850
1	13	9	13	884	951
2	1	9	14	0	58
2	0	4	15	100	165
2	1	4	16	165	194
2	3	8	17	395	438
2	11	1	18	486	505
2	13	1	19	505	558
2	8	1	20	558	637
2	13	5	21	669	750
2	6	5	22	791	850
2	6	8	23	850	920
3	12	0	24	20	86
3	8	8	25	117	135
3	8	8	26	135	148
3	1	4	27	262	347
3	3	8	28	438	459
3	10	3	29	486	566
3	3	8	30	635	721
3	14	6	31	727	750
3	0	6	32	850	917
4	3	5	33	316	395
4	2	0	34	402	456
4	10	3	35	457	486
4	9	5	36	500	557
4	3	3	37	586	622
4	12	3	38	622	695
4	1	6	39	750	838
4	4	5	40	881	908
4	14	3	41	909	925
4	14	6	42	925	954
5	11	7	43	0	15
5	7	5	44	17	57
5	7	9	45	122	203
5	4	10	46	280	320
5	7	1	47	693	780
5	10	3	48	820	909
6	10	11	49	20	75
6	10	7	50	139	168
6	11	10	51	175	238
6	13	0	52	280	317
6	3	9	53	472	501
6	2	6	54	570	606
6	11	8	55	721	765
6	4	2	56	766	794
6	11	2	57	794	866
7	13	2	58	167	228
7	2	2	59	228	240
7	3	11	60	289	316
7	8	7	61	322	377
7	4	1	62	408	486
7	5	11	63	538	587
7	5	4	64	727	800
8	10	11	65	75	129
8	3	8	66	148	168
8	6	3	67	269	353
8	4	0	68	388	402
8	11	9	69	505	578
8	0	8	70	766	779
8	3	11	71	779	833
8	2	10	72	835	892
8	6	3	73	925	973
9	2	3	74	119	185
9	6	3	75	185	269
9	9	11	76	375	426
9	11	11	77	426	480
9	2	0	78	480	563
9	3	4	79	563	576
9	4	7	80	662	714
9	9	10	81	789	835
9	9	10	82	895	955
9	13	1	83	955	971
10	11	7	84	61	139
10	14	11	85	162	187
10	5	5	86	208	229
10	1	4	87	229	262
10	10	5	88	574	606
10	10	7	89	714	807
10	13	9	90	819	884
11	9	6	91	0	73
11	11	2	92	240	315
11	14	9	93	365	375
11	0	2	94	375	399
11	8	9	95	399	472
11	12	11	96	480	538
11	4	0	97	563	614
11	6	0	98	694	791
11	5	4	99	800	883
12	10	5	100	0	17
12	4	0	101	205	276
12	6	3	102	353	408
12	12	3	103	408	457
12	7	8	104	484	554
12	0	6	105	606	682
12	13	5	106	750	783
12	9	0	107	847	895
12	12	0	108	895	968
13	7	9	109	58	122
13	5	6	110	154	208
13	7	8	111	298	327
13	5	6	112	375	420
13	14	10	113	662	726
13	9	10	114	726	789
13	10	7	115	807	820
14	14	1	116	0	15
14	0	1	117	15	33
14	10	11	118	196	289
14	1	7	119	414	502
14	3	4	120	530	562
14	10	11	121	644	698
14	7	1	122	780	829
15	8	8	123	92	117
15	11	10	124	139	175
15	0	2	125	315	334
15	7	10	126	450	459
15	8	5	127	478	500
15	14	6	128	500	514
15	6	10	129	528	539
15	6	10	130	539	622
15	0	2	131	917	927
16	4	1	132	82	117
16	7	8	133	327	391
16	0	2	134	399	448
16	1	6	135	514	570
16	12	7	136	579	607
16	7	0	137	614	649
16	4	11	138	911	963
17	12	0	139	86	172
17	10	1	140	353	408
17	5	4	141	464	530
17	11	11	142	587	642
17	2	3	143	695	728
17	11	8	144	920	986
18	5	4	145	0	28
18	9	3	146	74	119
18	9	6	147	305	375
18	11	7	148	377	409
18	0	2	149	448	497
18	10	7	150	607	644
18	6	0	151	649	694
18	8	11	152	698	760
18	3	11	153	833	911
19	5	7	154	48	61
19	5	5	155	61	153
19	7	8	156	246	298
19	0	2	157	699	766
19	8	9	158	784	819
19	11	2	159	866	916
20	6	8	160	0	25
20	3	4	161	28	89
20	9	11	162	129	162
20	10	5	163	168	196
20	8	6	164	208	272
20	14	9	165	279	365
20	4	0	166	794	847
20	5	4	167	883	957
21	8	10	168	0	16
21	13	10	169	16	43
21	14	6	170	73	154
21	2	7	171	249	322
21	12	10	172	322	386
21	9	9	173	625	684
22	2	3	174	0	74
22	0	4	175	89	100
22	5	5	176	229	305
22	7	8	177	459	484
22	1	4	178	576	649
22	12	9	179	695	784
22	8	7	180	820	888
22	14	9	181	954	983
23	4	1	182	33	82
23	6	5	183	408	478
23	13	8	184	558	635
23	7	1	185	829	905
23	7	1	186	905	953
23	7	6	187	954	981
24	11	7	188	15	48
24	1	4	189	347	414
24	9	6	190	426	493
24	5	5	191	622	669
24	5	6	192	682	727
25	1	2	193	70	146
25	13	5	194	153	167
25	7	1	195	203	245
25	5	11	196	316	375
25	5	4	197	420	464
25	1	4	198	649	717
25	2	3	199	728	819
25	8	7	200	888	959
26	13	10	201	43	138
26	1	4	202	194	222
26	0	1	203	246	313
26	7	10	204	391	450
26	5	5	205	606	622
26	7	1	206	654	670
26	4	5	207	850	881
27	4	1	208	117	202
27	3	9	209	203	279
27	4	2	210	497	558
27	14	2	211	558	638
27	10	5	212	909	977
28	12	11	213	0	20
28	14	2	214	20	70
28	13	10	215	238	280
28	12	0	216	457	474
28	0	7	217	502	579
28	13	1	218	637	654
28	2	1	219	670	693
29	12	0	220	172	205
29	9	6	221	272	305
29	8	5	222	305	316
29	9	9	223	578	625
29	11	2	224	642	699


Solution History:
