This is the output of Heuristic Solver for Dual resource constrained flexible job shop Scheduling Problem.
Input file is: wfjsp22_6.txt
Method: FaFM
Seed: 5
Number of Jobs: 30
Number of Operations: 238
Number of Machines: 15
Number of Operators: 12
CPU Time: 25.8479
obj: 1135
Best found lower bound:0
Solver gap (best found lower bound and upper bound difference): Not known


Final Solution:
Job	Machine	Operator	Operation	Start Time	Finish Time
0	9	7	0	0	57
0	6	10	1	95	134
0	13	3	2	145	205
0	4	8	3	451	491
0	7	5	4	605	695
0	13	9	5	695	784
0	1	0	6	981	1011
0	1	5	7	1011	1037
0	10	1	8	1037	1123
1	1	9	9	0	12
1	7	8	10	16	103
1	10	2	11	106	172
1	7	0	12	189	224
1	0	4	13	405	441
1	11	5	14	478	538
1	5	6	15	757	852
1	8	3	16	1026	1103
2	8	5	17	52	142
2	1	5	18	142	169
2	6	7	19	190	235
2	5	1	20	341	395
2	9	0	21	508	550
2	11	9	22	550	642
2	11	8	23	646	724
2	4	7	24	808	869
3	13	10	25	0	34
3	5	4	26	94	126
3	0	3	27	136	145
3	11	7	28	370	444
3	8	2	29	453	538
3	9	4	30	550	595
3	10	9	31	679	692
3	8	0	32	803	891
3	4	10	33	1011	1085
3	6	6	34	1085	1123
4	3	11	35	0	73
4	9	4	36	190	227
4	11	7	37	235	259
4	10	6	38	387	478
4	6	10	39	534	569
4	13	1	40	582	638
4	12	1	41	657	702
4	2	4	42	879	947
5	4	1	43	0	85
5	5	1	44	256	341
5	7	1	45	534	582
5	12	2	46	757	842
5	10	9	47	898	931
5	6	0	48	936	981
5	13	9	49	990	1005
6	12	3	50	0	84
6	11	3	51	84	113
6	14	9	52	141	153
6	0	9	53	153	201
6	7	0	54	224	312
6	1	3	55	327	339
6	0	4	56	441	528
6	1	10	57	902	964
6	7	0	58	1014	1088
6	1	9	59	1088	1133
7	4	9	60	201	294
7	11	2	61	299	311
7	6	1	62	438	526
7	5	2	63	538	591
7	0	4	64	636	658
7	8	4	65	658	688
7	7	9	66	810	898
8	6	8	67	387	431
8	2	7	68	511	603
8	14	0	69	635	697
8	2	1	70	712	727
8	6	8	71	817	848
8	11	5	72	918	953
9	2	8	73	103	192
9	12	3	74	290	327
9	1	3	75	339	381
9	8	11	76	648	656
9	1	4	77	712	735
9	2	4	78	776	866
9	7	1	79	911	1014
9	7	0	80	1088	1099
10	9	11	81	93	116
10	3	1	82	130	142
10	14	5	83	317	406
10	2	8	84	431	451
10	0	3	85	534	609
10	9	11	86	656	742
10	5	6	87	852	909
10	2	4	88	1028	1053
10	12	0	89	1099	1132
11	5	6	90	131	221
11	14	5	91	300	317
11	3	7	92	351	370
11	10	6	93	580	619
11	9	7	94	747	808
11	8	0	95	891	936
12	12	3	96	205	290
12	5	11	97	398	485
12	2	2	98	603	631
12	1	10	99	647	710
12	8	11	100	745	797
12	7	1	101	898	911
12	9	2	102	918	957
12	4	10	103	964	1011
12	13	1	104	1014	1031
12	9	4	105	1095	1130
13	9	11	106	73	93
13	11	2	107	172	212
13	10	8	108	297	387
13	13	6	109	478	515
13	10	8	110	619	646
13	7	3	111	695	779
13	6	8	112	848	875
13	10	9	113	931	990
14	2	10	114	264	334
14	9	0	115	405	493
14	14	0	116	550	635
14	10	9	117	646	679
14	4	0	118	786	803
14	2	4	119	866	879
14	3	7	120	879	901
14	13	11	121	902	990
15	8	8	122	0	16
15	14	6	123	103	131
15	14	5	124	169	258
15	2	7	125	451	511
15	3	7	126	605	659
15	6	8	127	724	817
15	9	4	128	1053	1095
16	10	2	129	0	9
16	6	2	130	9	86
16	13	2	131	86	106
16	1	10	132	169	220
16	1	9	133	473	532
16	2	1	134	638	657
16	3	10	135	799	831
16	1	10	136	831	902
16	11	5	137	953	1009
17	9	4	138	126	190
17	10	8	139	192	256
17	6	6	140	292	385
17	4	8	141	491	581
17	14	10	142	710	799
17	13	11	143	799	828
17	9	2	144	842	918
17	3	6	145	1000	1084
18	14	6	146	37	103
18	2	10	147	220	264
18	3	7	148	264	351
18	12	10	149	580	647
18	9	2	150	957	1040
19	1	10	151	34	52
19	0	7	152	57	96
19	12	0	153	99	189
19	10	8	154	256	297
19	1	10	155	398	457
19	3	5	156	538	605
19	4	0	157	697	786
19	14	6	158	909	1000
19	0	8	159	1011	1106
20	13	3	160	113	136
20	9	4	161	227	307
20	12	10	162	334	398
20	14	5	163	406	478
20	14	11	164	485	500
20	12	6	165	515	580
20	5	2	166	666	750
20	11	5	167	833	918
20	14	9	168	1005	1061
20	0	3	169	1106	1135
21	11	5	170	0	52
21	6	1	171	142	169
21	14	5	172	258	300
21	12	9	173	402	473
21	8	8	174	940	1011
21	13	11	175	1037	1125
22	10	9	176	12	106
22	8	11	177	142	228
22	11	2	178	311	365
22	13	2	179	365	453
22	12	0	180	493	508
22	14	4	181	528	548
22	8	11	182	551	648
22	0	7	183	659	747
22	2	4	184	987	1028
22	11	7	185	1040	1102
23	7	0	186	0	13
23	2	0	187	13	99
23	11	10	188	134	159
23	3	1	189	169	256
23	2	4	190	735	776
23	0	3	191	779	865
24	1	10	192	52	95
24	8	0	193	312	398
24	10	11	194	500	551
24	6	6	195	630	717
24	3	1	196	727	799
24	10	1	197	799	896
24	10	11	198	990	1037
24	6	2	199	1040	1057
24	3	5	200	1099	1116
25	7	9	201	106	141
25	0	2	202	212	299
25	9	4	203	307	371
25	8	5	204	695	745
25	2	2	205	1057	1131
26	8	11	206	228	311
26	9	4	207	371	405
26	6	8	208	581	613
26	5	6	209	619	630
26	5	2	210	631	666
26	2	4	211	688	712
26	2	4	212	947	987
26	6	7	213	996	1040
26	12	5	214	1040	1099
27	5	4	215	0	94
27	4	9	216	351	402
27	7	3	217	457	534
27	9	4	218	595	636
27	11	5	219	745	833
27	14	11	220	833	902
27	3	7	221	902	996
28	3	1	222	85	130
28	6	6	223	235	292
28	0	11	224	311	398
28	4	1	225	402	438
28	7	9	226	784	810
28	4	8	227	875	940
28	12	3	228	940	1026
29	14	6	229	0	37
29	4	7	230	96	190
29	4	9	231	294	351
29	7	3	232	381	457
29	3	10	233	457	534
29	4	3	234	609	694
29	12	6	235	717	757
29	0	3	236	865	940
29	4	10	237	1085	1131


Solution History:
