This is the output of Heuristic Solver for Dual resource constrained flexible job shop Scheduling Problem.
Input file is: wfjsp7_10.txt
Method: FaFM
Seed: 5
Number of Jobs: 12
Number of Operations: 86
Number of Machines: 5
Number of Operators: 5
CPU Time: 10.4789
obj: 925
Best found lower bound:0
Solver gap (best found lower bound and upper bound difference): Not known


Final Solution:
Job	Machine	Operator	Operation	Start Time	Finish Time
0	0	2	0	0	79
0	0	4	1	126	213
0	2	4	2	362	429
0	0	2	3	437	524
0	3	0	4	546	599
0	1	1	5	772	803
0	2	2	6	803	836
0	1	0	7	870	921
1	3	1	8	0	88
1	4	3	9	112	140
1	2	2	10	233	269
1	4	3	11	314	348
1	0	2	12	348	437
1	2	4	13	471	558
1	0	4	14	664	730
1	0	2	15	836	923
2	1	0	16	45	139
2	3	1	17	146	159
2	4	3	18	200	209
2	4	3	19	209	265
2	0	2	20	274	345
2	4	3	21	482	567
2	3	0	22	783	834
2	4	1	23	852	925
3	1	0	24	0	45
3	3	1	25	268	291
3	3	0	26	385	433
3	2	4	27	452	471
3	4	3	28	567	657
4	4	3	29	80	112
4	2	2	30	157	233
4	1	1	31	385	472
4	2	2	32	586	650
4	3	0	33	747	783
4	1	3	34	804	870
5	2	2	35	79	157
5	3	1	36	159	174
5	4	3	37	176	200
5	0	4	38	213	235
5	4	3	39	348	405
5	3	0	40	433	467
5	2	2	41	650	740
5	0	4	42	740	810
6	1	0	43	139	229
6	0	4	44	235	251
6	3	1	45	253	268
6	3	0	46	599	670
6	3	0	47	699	747
6	2	2	48	789	803
7	1	0	49	229	320
7	1	1	50	472	554
7	3	0	51	670	699
7	4	3	52	730	804
7	3	3	53	870	879
8	4	3	54	0	80
8	3	1	55	174	253
8	0	4	56	253	274
8	1	0	57	320	385
8	4	3	58	444	482
8	1	1	59	554	563
8	1	1	60	563	654
8	2	2	61	740	789
8	2	4	62	836	923
9	2	4	63	0	76
9	3	1	64	291	379
9	3	0	65	467	546
9	0	4	66	559	612
9	0	4	67	612	664
9	1	1	68	755	772
9	0	4	69	810	836
9	3	3	70	879	901
9	3	3	71	901	925
10	3	1	72	88	146
10	4	3	73	265	314
10	2	4	74	429	452
10	4	3	75	657	730
10	4	1	76	804	852
11	0	4	77	79	126
11	4	3	78	140	176
11	2	4	79	274	362
11	4	3	80	405	444
11	0	2	81	524	559
11	2	2	82	559	586
11	1	1	83	654	666
11	1	1	84	666	755
11	3	0	85	834	870


Solution History:
