This is the output of Heuristic Solver for Dual resource constrained flexible job shop Scheduling Problem.
Input file is: wfjsp6_9.txt
Method: FaFM
Seed: 4
Number of Jobs: 12
Number of Operations: 66
Number of Machines: 5
Number of Operators: 5
CPU Time: 7.73927
obj: 698
Best found lower bound:0
Solver gap (best found lower bound and upper bound difference): Not known


Final Solution:
Job	Machine	Operator	Operation	Start Time	Finish Time
0	4	0	0	271	359
0	4	0	1	646	688
1	1	1	2	334	410
1	1	4	3	457	513
2	1	2	4	0	29
2	4	0	5	39	140
2	2	1	6	140	197
2	1	1	7	276	295
2	3	4	8	299	357
2	4	0	9	415	473
2	3	1	10	473	549
2	3	1	11	549	628
3	1	2	12	29	96
3	0	4	13	123	162
3	1	1	14	295	313
3	3	4	15	357	416
3	2	2	16	439	454
3	2	2	17	512	603
4	0	1	18	0	19
4	2	1	19	19	41
4	0	4	20	206	245
4	3	4	21	245	287
4	3	4	22	287	299
4	4	0	23	359	378
4	4	0	24	378	400
4	3	1	25	416	472
5	2	1	26	41	92
5	1	2	27	96	194
5	4	0	28	194	271
5	2	2	29	276	368
5	0	3	30	435	496
5	1	4	31	513	575
5	4	0	32	575	630
5	0	3	33	630	696
6	4	0	34	0	13
6	0	3	35	19	115
6	1	2	36	194	227
6	3	3	37	227	244
6	4	0	38	400	415
6	2	2	39	454	512
6	2	2	40	603	672
7	3	3	41	123	219
7	1	1	42	313	334
7	1	2	43	672	694
8	2	3	44	0	19
8	2	1	45	92	132
8	4	0	46	140	193
8	2	1	47	197	276
8	0	3	48	386	435
8	1	4	49	435	457
8	4	0	50	473	575
8	1	1	51	636	670
9	1	4	52	575	636
9	2	1	53	672	698
10	4	0	54	13	39
10	0	3	55	245	315
10	0	3	56	315	386
10	4	0	57	630	646
11	3	4	58	0	37
11	3	4	59	37	123
11	0	4	60	162	206
11	1	2	61	227	276
11	2	2	62	368	439
11	0	3	63	496	563
11	0	3	64	563	627
11	3	4	65	636	697


Solution History:
