This is the output of Heuristic Solver for Dual resource constrained flexible job shop Scheduling Problem.
Input file is: wfjsp6_8.txt
Method: FaFM
Seed: 1
Number of Jobs: 12
Number of Operations: 77
Number of Machines: 5
Number of Operators: 5
CPU Time: 4.19679
obj: 784
Best found lower bound:0
Solver gap (best found lower bound and upper bound difference): Not known


Final Solution:
Job	Machine	Operator	Operation	Start Time	Finish Time
0	1	4	0	170	203
0	0	0	1	429	491
1	0	0	2	0	24
1	3	1	3	74	133
1	3	2	4	445	521
1	2	3	5	606	667
1	1	0	6	667	729
2	4	2	7	0	10
2	0	0	8	24	75
2	1	4	9	119	170
2	4	2	10	177	205
2	1	1	11	209	297
2	4	2	12	302	310
2	3	2	13	357	445
2	1	0	14	497	516
2	0	4	15	629	683
2	3	1	16	701	778
3	4	2	17	10	39
3	0	0	18	75	130
3	4	2	19	130	177
3	2	3	20	254	300
3	4	2	21	310	353
3	4	4	22	353	404
3	2	3	23	437	499
3	2	3	24	511	574
3	3	1	25	613	701
3	2	3	26	715	784
4	2	3	27	0	67
4	4	2	28	67	128
4	3	1	29	133	209
4	0	0	30	224	295
4	3	1	31	297	357
4	1	4	32	404	458
4	1	4	33	458	497
4	4	2	34	579	668
4	4	2	35	668	755
4	4	2	36	755	784
5	0	0	37	130	152
5	0	0	38	152	224
5	0	4	39	497	509
5	1	0	40	516	587
5	3	1	41	587	613
6	4	2	42	39	48
6	3	2	43	223	271
6	3	1	44	534	577
7	0	0	45	295	348
7	2	3	46	349	437
7	0	4	47	741	782
8	1	4	48	0	47
8	2	3	49	194	254
8	4	1	50	404	479
8	2	3	51	499	511
8	0	4	52	511	529
8	4	2	53	534	579
8	1	0	54	609	665
8	2	3	55	684	699
9	3	1	56	0	74
9	2	3	57	137	194
9	4	4	58	205	280
9	1	4	59	302	344
9	0	0	60	348	429
9	4	1	61	479	534
9	1	0	62	587	609
9	2	3	63	667	684
9	1	0	64	729	778
10	1	4	65	47	119
10	3	2	66	209	223
10	4	4	67	280	302
10	1	1	68	357	404
10	0	4	69	529	577
10	0	4	70	577	629
10	2	3	71	699	715
11	2	3	72	67	137
11	2	3	73	300	349
11	2	3	74	574	606
11	0	4	75	683	717
11	0	4	76	717	741


Solution History:
