This is the output of Heuristic Solver for Dual resource constrained flexible job shop Scheduling Problem.
Input file is: wfjsp6_3.txt
Method: FaFM
Seed: 4
Number of Jobs: 12
Number of Operations: 65
Number of Machines: 5
Number of Operators: 5
CPU Time: 5.30748
obj: 748
Best found lower bound:0
Solver gap (best found lower bound and upper bound difference): Not known


Final Solution:
Job	Machine	Operator	Operation	Start Time	Finish Time
0	4	4	0	0	72
0	0	0	1	92	109
0	1	4	2	278	294
0	3	0	3	294	372
0	4	3	4	372	449
0	2	2	5	577	646
1	1	3	6	0	79
1	1	3	7	79	116
1	1	2	8	116	207
1	4	3	9	223	239
1	0	1	10	344	407
1	1	4	11	529	628
1	3	1	12	628	647
1	4	4	13	647	747
2	0	0	14	0	92
2	3	1	15	417	445
2	3	1	16	445	497
2	1	3	17	644	663
3	4	3	18	292	364
3	1	4	19	628	641
4	3	1	20	36	63
4	3	1	21	63	116
4	3	3	22	126	223
4	3	0	23	223	293
4	3	0	24	389	417
4	4	3	25	449	526
4	0	0	26	583	679
5	2	2	27	0	11
5	4	4	28	72	106
5	2	0	29	110	207
5	1	4	30	210	251
5	1	4	31	251	278
5	0	1	32	278	344
5	2	2	33	345	411
5	0	0	34	417	486
5	0	0	35	486	583
5	3	1	36	647	748
6	2	2	37	69	86
6	4	4	38	180	210
6	2	2	39	210	284
6	3	0	40	372	389
6	3	1	41	497	520
6	1	3	42	681	740
7	3	1	43	0	36
7	1	4	44	294	357
7	1	4	45	357	455
7	1	4	46	455	529
7	4	3	47	529	607
7	1	3	48	663	681
7	0	0	49	681	699
8	2	2	50	284	345
8	2	2	51	411	481
8	4	3	52	607	644
9	2	2	53	86	110
9	4	3	54	239	292
10	2	2	55	11	39
10	2	2	56	39	69
10	4	4	57	106	180
10	0	1	58	187	277
10	2	2	59	481	577
10	2	2	60	646	748
11	3	3	61	116	126
11	0	1	62	126	187
11	3	1	63	520	627
11	0	0	64	699	740


Solution History:
