This is the output of Heuristic Solver for Dual resource constrained flexible job shop Scheduling Problem.
Input file is: wfjsp20_3.txt
Method: FaFM
Seed: 1
Number of Jobs: 25
Number of Operations: 204
Number of Machines: 10
Number of Operators: 8
CPU Time: 13.7666
obj: 1365
Best found lower bound:0
Solver gap (best found lower bound and upper bound difference): Not known


Final Solution:
Job	Machine	Operator	Operation	Start Time	Finish Time
0	5	4	0	53	120
0	5	6	1	308	321
0	9	6	2	321	335
0	6	5	3	341	440
0	8	6	4	548	619
0	4	6	5	679	746
0	3	5	6	951	1023
0	6	0	7	1030	1068
0	8	7	8	1078	1172
1	5	2	9	38	53
1	8	3	10	64	128
1	7	5	11	230	341
1	1	3	12	448	466
1	2	0	13	729	824
1	1	2	14	845	942
1	8	1	15	1201	1233
1	7	1	16	1233	1297
2	3	5	17	0	15
2	6	3	18	128	198
2	8	7	19	198	209
2	4	4	20	274	300
2	3	4	21	386	434
2	0	3	22	466	563
2	2	0	23	824	892
2	4	1	24	907	936
2	3	5	25	1136	1206
2	9	7	26	1253	1350
3	4	4	27	0	9
3	6	7	28	33	64
3	6	3	29	198	296
3	8	1	30	505	543
3	0	0	31	701	729
3	6	5	32	846	913
3	4	1	33	936	997
3	6	2	34	1112	1175
4	9	6	35	77	177
4	5	6	36	427	510
4	4	3	37	563	579
4	1	3	38	579	607
4	0	3	39	729	803
4	1	3	40	803	818
4	4	1	41	884	907
4	9	2	42	995	1045
4	9	7	43	1048	1078
4	2	2	44	1273	1336
5	5	6	45	224	308
5	2	1	46	320	396
5	6	0	47	521	605
5	5	6	48	619	634
5	5	6	49	666	679
5	9	2	50	719	769
5	8	3	51	1001	1069
5	9	7	52	1220	1253
5	8	3	53	1276	1299
5	1	0	54	1301	1365
6	5	1	55	0	27
6	8	1	56	27	59
6	7	2	57	152	223
6	1	0	58	354	438
6	2	7	59	633	715
6	8	3	60	819	917
6	5	0	61	930	939
6	7	2	62	942	995
6	1	6	63	1094	1195
7	7	5	64	36	71
7	2	5	65	71	100
7	6	5	66	440	498
7	6	5	67	707	763
7	0	1	68	812	884
7	4	0	69	1164	1176
7	4	3	70	1176	1276
8	3	2	71	301	366
8	7	3	72	381	412
8	3	4	73	503	578
8	0	0	74	900	930
8	3	2	75	1045	1112
8	5	1	76	1124	1138
9	9	6	77	47	77
9	5	4	78	135	146
9	9	7	79	209	275
9	3	3	80	607	679
9	8	3	81	917	974
9	1	3	82	974	990
9	8	6	83	1233	1268
9	7	6	84	1332	1345
10	4	1	85	59	138
10	0	1	86	246	285
10	9	5	87	498	527
10	0	7	88	571	595
10	7	6	89	634	666
10	3	7	90	755	803
10	0	4	91	968	1020
10	7	3	92	1143	1171
10	6	2	93	1175	1206
11	6	7	94	0	33
11	0	7	95	101	172
11	3	2	96	262	301
11	4	0	97	438	521
11	9	5	98	527	639
11	6	5	99	763	846
11	5	4	100	865	916
11	3	5	101	916	951
11	2	4	102	1056	1152
11	6	4	103	1235	1306
12	3	4	104	15	50
12	0	7	105	64	76
12	7	2	106	80	152
12	1	0	107	241	277
12	8	0	108	277	354
12	0	0	109	605	701
12	3	7	110	803	889
12	4	5	111	1030	1136
12	9	7	112	1172	1220
12	8	4	113	1306	1339
13	6	7	114	76	101
13	1	6	115	181	224
13	7	3	116	412	448
13	2	7	117	622	633
13	8	6	118	746	819
13	9	6	119	882	962
14	2	4	120	120	135
14	0	1	121	182	246
14	9	2	122	430	479
14	4	6	123	521	548
14	9	5	124	639	707
14	6	0	125	968	1030
14	5	1	126	1301	1357
15	0	3	127	0	64
15	1	7	128	277	347
15	2	7	129	498	571
15	2	7	130	595	622
15	9	6	131	819	882
15	0	1	132	1030	1052
15	2	2	133	1206	1273
16	9	6	134	0	47
16	3	2	135	53	80
16	8	4	136	211	274
16	0	1	137	396	460
16	8	1	138	460	505
16	7	3	139	679	727
16	5	1	140	727	775
16	0	0	141	939	967
16	4	1	142	997	1030
16	0	0	143	1068	1164
17	5	4	144	146	211
17	2	5	145	213	230
17	5	2	146	692	719
17	5	2	147	775	845
17	6	4	148	916	968
17	1	0	149	1195	1261
18	4	0	150	9	52
18	3	2	151	223	262
18	9	1	152	285	320
18	6	2	153	626	692
18	3	7	154	715	755
18	2	4	155	1020	1056
18	1	6	156	1056	1094
18	7	6	157	1195	1221
18	4	3	158	1299	1337
19	1	2	159	0	38
19	1	1	160	144	181
19	4	4	161	300	356
19	8	7	162	356	427
19	4	4	163	579	639
19	8	4	164	695	743
19	7	7	165	995	1048
19	5	4	166	1152	1235
19	4	3	167	1337	1364
20	0	3	168	296	381
20	4	6	169	402	427
20	8	4	170	639	695
20	9	1	171	775	812
20	8	3	172	990	1001
20	5	1	173	1052	1124
21	1	0	174	52	144
21	9	2	175	366	430
21	1	2	176	479	554
21	7	2	177	554	626
21	5	6	178	962	1052
21	3	5	179	1206	1271
21	0	6	180	1295	1332
22	7	5	181	15	36
22	3	5	182	156	213
22	5	6	183	335	402
22	4	4	184	796	865
22	2	7	185	900	995
22	2	1	186	1152	1201
22	1	6	187	1268	1295
22	8	4	188	1339	1355
23	4	0	189	144	241
23	4	4	190	356	386
23	3	4	191	434	465
23	3	4	192	465	503
23	1	1	193	607	696
23	7	3	194	1069	1143
23	5	0	195	1261	1301
24	3	5	196	100	156
24	0	7	197	172	182
24	2	7	198	427	498
24	5	6	199	510	520
24	5	1	200	543	605
24	4	4	201	746	796
24	0	7	202	889	900
24	3	5	203	1271	1338


Solution History:
