This is the output of Heuristic Solver for Dual resource constrained flexible job shop Scheduling Problem.
Input file is: wfjsp22_8.txt
Method: FaFM
Seed: 3
Number of Jobs: 30
Number of Operations: 223
Number of Machines: 15
Number of Operators: 12
CPU Time: 21.5702
obj: 970
Best found lower bound:0
Solver gap (best found lower bound and upper bound difference): Not known


Final Solution:
Job	Machine	Operator	Operation	Start Time	Finish Time
0	6	2	0	0	24
0	11	0	1	88	145
0	13	0	2	145	171
0	1	2	3	344	403
0	2	10	4	695	762
1	1	9	5	0	53
1	6	4	6	115	182
1	9	7	7	187	197
1	4	8	8	400	446
1	10	5	9	482	538
1	8	5	10	538	565
1	8	5	11	565	647
1	1	3	12	840	849
2	9	2	13	99	187
2	7	1	14	187	206
2	12	0	15	414	470
2	3	4	16	693	763
2	14	7	17	763	793
2	4	5	18	793	857
2	6	8	19	905	946
3	10	5	20	19	60
3	3	5	21	60	98
3	1	11	22	110	168
3	9	10	23	258	308
3	5	5	24	340	412
3	1	2	25	412	499
3	13	7	26	502	580
3	14	7	27	673	747
3	8	3	28	764	826
3	3	8	29	835	905
4	4	3	30	0	66
4	5	4	31	212	277
4	2	9	32	344	397
4	10	5	33	442	482
4	1	7	34	586	670
4	11	8	35	730	835
4	7	10	36	880	907
5	2	0	37	0	25
5	11	1	38	25	88
5	7	3	39	229	240
5	3	0	40	337	408
5	10	5	41	412	442
5	11	6	42	697	706
5	6	7	43	856	898
5	12	6	44	898	934
6	7	6	45	0	44
6	10	5	46	175	269
6	2	2	47	303	344
6	12	7	48	372	414
6	5	6	49	560	625
6	2	0	50	835	916
7	0	2	51	34	46
7	1	4	52	182	198
7	9	7	53	198	236
7	11	1	54	314	374
7	10	8	55	611	626
7	1	9	56	772	840
8	4	7	57	261	312
8	11	11	58	390	460
8	14	10	59	464	497
8	1	4	60	502	586
8	6	10	61	591	657
8	0	8	62	702	727
8	12	1	63	782	804
8	10	6	64	816	857
9	4	8	65	68	135
9	5	4	66	198	212
9	14	7	67	236	261
9	13	6	68	273	309
9	4	9	69	546	596
9	11	8	70	626	682
9	11	11	71	682	697
9	1	11	72	697	765
9	9	11	73	765	807
10	7	10	74	53	83
10	5	10	75	83	113
10	8	10	76	232	258
10	9	1	77	407	465
10	13	4	78	465	502
10	7	1	79	756	782
10	9	11	80	807	884
11	9	1	81	0	22
11	2	0	82	25	84
11	14	3	83	269	334
11	6	10	84	358	436
11	12	0	85	659	736
11	12	0	86	736	780
11	12	1	87	804	876
11	2	9	88	916	967
12	0	1	89	208	280
12	9	10	90	308	358
12	3	8	91	446	515
12	3	8	92	515	589
12	4	2	93	694	754
12	4	5	94	754	771
12	5	2	95	816	878
12	14	11	96	888	960
13	0	6	97	46	131
13	14	3	98	143	198
13	11	6	99	208	273
13	0	6	100	355	423
13	14	2	101	499	579
13	0	2	102	579	663
13	6	4	103	779	843
14	3	0	104	249	337
14	8	3	105	366	399
14	9	1	106	465	484
14	11	1	107	484	548
14	6	10	108	564	591
14	10	8	109	591	611
14	2	0	110	780	835
14	8	10	111	907	970
15	13	9	112	53	85
15	10	8	113	269	332
15	7	11	114	332	390
15	5	7	115	414	499
15	12	11	116	524	570
15	14	11	117	594	673
15	2	10	118	683	695
15	8	3	119	704	764
15	6	4	120	764	779
16	0	6	121	131	208
16	1	11	122	208	273
16	14	1	123	374	407
16	9	5	124	647	742
16	5	6	125	772	816
16	7	10	126	826	880
17	5	7	127	0	42
17	9	7	128	42	58
17	14	3	129	198	229
17	8	3	130	399	460
17	7	11	131	460	524
17	4	6	132	625	694
17	7	1	133	694	756
17	13	10	134	762	826
17	11	9	135	840	866
17	3	4	136	907	951
18	10	8	137	0	19
18	14	11	138	20	55
18	12	9	139	198	225
18	12	9	140	225	290
18	7	4	141	295	315
18	6	6	142	315	355
18	8	3	143	460	524
18	14	3	144	856	888
19	14	7	145	58	95
19	4	8	146	135	202
19	5	5	147	277	340
19	6	10	148	497	564
19	13	3	149	826	840
19	11	1	150	876	962
20	7	1	151	88	110
20	3	0	152	175	249
20	12	7	153	312	372
20	14	11	154	579	594
20	5	9	155	637	705
21	8	4	156	0	9
21	2	9	157	85	131
21	1	11	158	273	327
21	2	9	159	397	448
21	12	0	160	570	659
21	0	2	161	663	693
21	11	6	162	706	730
21	10	3	163	894	961
22	3	11	164	0	20
22	6	4	165	34	115
22	2	3	166	240	269
22	0	9	167	290	340
22	9	8	168	386	400
22	0	6	169	423	485
22	5	9	170	705	772
22	8	4	171	873	907
23	10	10	172	113	160
23	8	10	173	160	232
23	7	4	174	393	445
23	10	1	175	632	690
23	10	8	176	690	702
24	7	1	177	110	183
24	2	2	178	187	239
24	6	2	179	239	294
24	4	9	180	448	546
24	3	4	181	589	603
24	13	9	182	603	637
24	8	10	183	657	683
24	8	4	184	843	873
24	0	9	185	873	904
25	12	8	186	19	68
25	8	11	187	101	110
25	14	3	188	110	143
25	11	1	189	280	314
25	14	3	190	334	366
25	2	0	191	470	560
25	0	6	192	730	766
26	0	4	193	9	34
26	10	3	194	66	110
26	11	11	195	168	200
26	4	8	196	202	253
26	2	4	197	277	295
26	6	10	198	436	464
26	5	6	199	516	560
26	4	5	200	873	969
27	13	10	201	0	53
27	8	11	202	55	101
27	5	9	203	131	198
27	12	6	204	485	516
27	11	1	205	548	575
27	3	4	206	603	693
27	3	2	207	763	816
27	4	5	208	857	873
27	1	2	209	878	947
28	9	2	210	58	99
28	12	7	211	99	184
28	10	8	212	332	386
28	7	3	213	573	637
28	14	7	214	793	856
28	9	7	215	898	969
29	3	5	216	98	175
29	12	2	217	294	303
29	4	4	218	315	393
29	7	3	219	524	573
29	9	1	220	575	632
29	13	3	221	637	704
29	10	6	222	857	894


Solution History:
