This is the output of Heuristic Solver for Dual resource constrained flexible job shop Scheduling Problem.
Input file is: wfjsp17_4.txt
Method: FaFM
Seed: 2
Number of Jobs: 15
Number of Operations: 137
Number of Machines: 5
Number of Operators: 4
CPU Time: 15.4984
obj: 1701
Best found lower bound:0
Solver gap (best found lower bound and upper bound difference): Not known


Final Solution:
Job	Machine	Operator	Operation	Start Time	Finish Time
0	1	2	0	0	75
0	4	1	1	149	210
0	2	0	2	251	318
0	4	3	3	603	665
0	0	1	4	826	921
0	4	1	5	974	1005
0	4	1	6	1438	1481
0	4	1	7	1481	1494
0	1	0	8	1652	1701
1	4	2	9	75	98
1	1	3	10	292	307
1	1	0	11	450	485
1	1	0	12	566	633
1	3	2	13	643	666
1	4	1	14	753	826
1	3	2	15	1448	1529
1	2	3	16	1547	1606
1	4	3	17	1606	1653
2	3	1	18	49	83
2	4	1	19	210	227
2	0	2	20	351	398
2	0	2	21	555	629
2	0	2	22	629	640
2	0	2	23	755	818
2	1	3	24	931	1012
2	3	2	25	1054	1067
2	0	0	26	1083	1155
2	3	0	27	1358	1430
3	3	0	28	96	179
3	4	3	29	307	356
3	2	0	30	633	733
3	2	0	31	801	865
3	3	0	32	931	1000
3	4	2	33	1007	1054
3	3	0	34	1067	1083
3	2	2	35	1238	1306
3	0	2	36	1642	1670
4	4	3	37	0	21
4	0	0	38	26	88
4	2	3	39	193	241
4	0	2	40	264	320
4	2	3	41	388	424
4	3	0	42	513	566
4	2	3	43	1057	1135
4	2	2	44	1373	1448
4	0	2	45	1529	1592
4	3	1	46	1626	1658
5	0	2	47	126	152
5	1	0	48	387	450
5	3	0	49	1000	1030
5	3	2	50	1150	1201
5	1	0	51	1227	1257
5	0	1	52	1299	1395
5	3	1	53	1571	1611
5	3	1	54	1611	1626
5	0	2	55	1670	1698
6	3	1	56	283	357
6	1	3	57	485	498
6	4	1	58	531	602
6	4	1	59	709	753
6	4	3	60	1179	1240
6	1	3	61	1425	1473
6	0	0	62	1473	1503
6	0	0	63	1503	1514
7	3	2	64	196	221
7	4	3	65	241	292
7	2	3	66	424	483
7	3	2	67	666	709
7	1	2	68	1067	1099
7	4	3	69	1240	1296
7	1	0	70	1296	1358
7	0	0	71	1438	1471
7	2	3	72	1653	1701
8	2	3	73	117	193
8	1	2	74	221	264
8	3	2	75	473	485
8	0	1	76	1005	1075
8	1	2	77	1099	1150
8	0	0	78	1257	1283
8	2	3	79	1473	1547
8	1	0	80	1591	1652
9	4	3	81	21	74
9	3	1	82	227	283
9	3	0	83	485	513
9	1	3	84	721	816
9	3	2	85	818	840
9	2	2	86	974	1007
9	1	0	87	1030	1066
9	2	2	88	1306	1373
9	3	1	89	1658	1701
10	0	0	90	0	26
10	0	2	91	98	126
10	1	0	92	318	387
10	1	3	93	498	554
10	0	2	94	709	755
10	2	3	95	1012	1057
10	0	1	96	1162	1229
10	3	1	97	1229	1299
10	0	1	98	1395	1438
11	3	1	99	83	96
11	1	2	100	152	196
11	4	1	101	472	503
11	4	1	102	503	531
11	2	3	103	555	603
11	1	3	104	702	721
11	4	2	105	840	935
11	1	0	106	1514	1591
12	3	1	107	0	49
12	2	3	108	74	117
12	0	1	109	643	709
12	2	0	110	733	801
12	1	3	111	816	865
12	1	0	112	865	931
12	4	1	113	1091	1162
12	1	0	114	1283	1293
12	4	3	115	1296	1387
12	0	2	116	1592	1642
13	0	0	117	179	251
13	2	2	118	320	351
13	4	1	119	357	406
13	3	1	120	406	438
13	3	1	121	438	472
13	1	3	122	665	702
13	2	3	123	865	925
13	4	2	124	935	974
13	1	0	125	1155	1227
13	4	1	126	1494	1571
14	4	1	127	98	149
14	2	3	128	356	388
14	0	2	129	398	473
14	2	2	130	485	555
14	3	1	131	602	643
14	0	1	132	921	972
14	4	1	133	1075	1091
14	2	3	134	1135	1179
14	2	2	135	1201	1238
14	4	3	136	1387	1425


Solution History:
