This is the output of Heuristic Solver for Dual resource constrained flexible job shop Scheduling Problem.
Input file is: wfjsp7_9.txt
Method: FaFM
Seed: 4
Number of Jobs: 12
Number of Operations: 87
Number of Machines: 5
Number of Operators: 5
CPU Time: 10.7142
obj: 863
Best found lower bound:0
Solver gap (best found lower bound and upper bound difference): Not known


Final Solution:
Job	Machine	Operator	Operation	Start Time	Finish Time
0	1	2	0	145	232
0	2	1	1	274	316
0	3	3	2	442	511
0	1	4	3	703	759
0	3	1	4	765	791
1	2	2	5	8	95
1	4	0	6	191	254
1	3	4	7	336	355
1	3	4	8	355	411
1	2	1	9	422	480
1	2	2	10	501	593
1	4	0	11	669	747
1	0	3	12	765	832
2	4	0	13	0	36
2	0	1	14	100	118
2	3	1	15	118	174
2	4	0	16	307	322
2	1	2	17	380	471
2	3	3	18	511	536
2	1	4	19	620	642
2	4	0	20	819	858
3	0	1	21	55	100
3	1	2	22	133	145
3	0	1	23	330	349
3	4	0	24	366	388
3	0	1	25	534	591
3	2	2	26	809	863
4	3	3	27	30	116
4	2	3	28	183	273
4	3	3	29	536	628
4	1	4	30	642	703
4	4	0	31	747	804
5	0	1	32	0	55
5	3	1	33	174	248
5	2	1	34	316	329
5	4	0	35	413	488
5	2	2	36	593	622
5	2	2	37	622	644
5	2	2	38	677	688
5	1	4	39	800	858
6	4	0	40	36	94
6	0	4	41	133	221
6	0	3	42	306	330
6	0	1	43	349	368
6	3	4	44	411	434
6	0	4	45	442	479
6	4	0	46	488	541
6	4	0	47	541	605
6	1	4	48	759	800
6	3	1	49	805	824
7	4	0	50	94	191
7	0	3	51	276	306
7	1	2	52	319	380
7	4	0	53	388	413
7	1	2	54	471	500
7	4	0	55	605	669
7	2	2	56	688	781
7	3	1	57	791	805
7	0	3	58	832	863
8	1	4	59	47	133
8	4	0	60	254	307
8	4	0	61	322	366
8	0	3	62	371	442
8	0	4	63	479	534
8	3	3	64	628	697
8	3	3	65	697	765
8	4	0	66	804	819
9	2	2	67	0	8
9	3	1	68	248	274
9	3	4	69	276	336
9	2	1	70	480	501
9	2	2	71	644	677
10	2	2	72	95	122
10	2	3	73	122	183
10	1	2	74	232	319
10	2	1	75	371	422
10	1	1	76	501	530
10	0	1	77	591	668
10	0	1	78	668	713
10	0	1	79	713	764
10	2	2	80	781	809
10	3	1	81	824	860
11	3	3	82	0	30
11	1	4	83	30	47
11	0	4	84	221	276
11	2	3	85	330	371
11	1	4	86	534	620


Solution History:
