This is the output of Heuristic Solver for Dual resource constrained flexible job shop Scheduling Problem.
Input file is: wfjsp8_4.txt
Method: FaFM
Seed: 3
Number of Jobs: 15
Number of Operations: 122
Number of Machines: 5
Number of Operators: 5
CPU Time: 16.4514
obj: 1214
Best found lower bound:0
Solver gap (best found lower bound and upper bound difference): Not known


Final Solution:
Job	Machine	Operator	Operation	Start Time	Finish Time
0	2	1	0	10	107
0	4	2	1	348	411
0	4	2	2	446	521
0	4	0	3	663	725
0	2	4	4	759	849
0	4	0	5	857	888
0	4	0	6	888	931
0	4	0	7	931	944
0	3	2	8	989	1036
1	4	4	9	0	21
1	2	1	10	199	213
1	0	2	11	213	252
1	1	3	12	427	495
1	3	2	13	563	586
1	4	0	14	590	663
1	0	1	15	689	765
1	3	2	16	928	989
1	4	0	17	1059	1108
2	3	0	18	0	33
2	2	1	19	183	199
2	0	2	20	264	313
2	0	4	21	348	422
2	0	1	22	530	539
2	0	1	23	539	602
2	0	1	24	833	906
3	2	1	25	0	10
3	4	4	26	126	203
3	3	0	27	353	425
3	3	2	28	685	766
3	3	2	29	766	815
3	2	4	30	849	939
4	0	2	31	66	134
4	3	0	32	425	494
4	1	3	33	495	538
4	3	2	34	545	563
4	2	4	35	589	655
4	0	4	36	1041	1069
4	4	2	37	1179	1202
5	3	0	38	33	97
5	1	3	39	274	320
5	2	4	40	530	589
5	4	0	41	794	829
5	1	3	42	963	1018
5	2	1	43	1112	1183
6	3	0	44	97	194
6	2	1	45	332	395
6	4	2	46	411	446
6	3	0	47	494	520
6	1	3	48	748	813
6	2	1	49	1041	1070
6	3	2	50	1079	1130
6	2	1	51	1183	1214
7	1	3	52	118	210
7	2	1	53	279	319
7	2	1	54	319	332
7	0	4	55	422	450
7	1	3	56	577	651
7	1	3	57	907	919
7	4	0	58	944	1015
7	4	0	59	1015	1059
7	0	4	60	1100	1159
8	1	3	61	0	44
8	3	0	62	194	225
8	0	2	63	252	264
8	2	1	64	501	530
8	1	3	65	919	963
8	2	4	66	970	1029
8	3	2	67	1036	1079
8	1	3	68	1156	1188
9	4	4	69	70	126
9	1	3	70	210	274
9	0	2	71	313	347
9	3	2	72	586	634
9	2	4	73	655	731
9	1	3	74	864	907
9	2	4	75	1029	1040
9	1	3	76	1085	1156
9	0	4	77	1159	1208
10	0	2	78	0	26
10	2	1	79	107	183
10	2	1	80	395	458
10	4	0	81	521	576
10	0	1	82	602	658
10	0	1	83	658	689
10	3	2	84	815	906
10	3	2	85	906	928
10	2	4	86	939	970
11	0	2	87	26	66
11	2	1	88	213	279
11	1	3	89	320	359
11	3	2	90	521	545
11	1	3	91	718	748
11	0	1	92	765	833
11	0	1	93	906	962
11	2	1	94	1070	1112
12	4	4	95	21	70
12	0	2	96	134	201
12	1	3	97	359	427
12	1	3	98	538	577
12	4	0	99	577	590
12	3	2	100	634	685
12	2	4	101	731	759
12	4	0	102	829	857
12	3	2	103	1130	1178
12	1	3	104	1188	1208
13	1	3	105	44	118
13	3	0	106	225	301
13	4	4	107	301	348
13	2	1	108	458	501
13	1	3	109	651	718
13	4	0	110	725	794
13	1	3	111	813	864
13	1	3	112	1018	1085
13	4	0	113	1108	1179
13	4	2	114	1202	1212
14	4	4	115	203	294
14	3	0	116	301	353
14	0	4	117	450	529
14	0	1	118	962	990
14	0	1	119	990	1041
14	0	4	120	1069	1100
14	3	0	121	1179	1212


Solution History:
