This is the output of Heuristic Solver for Dual resource constrained flexible job shop Scheduling Problem.
Input file is: wfjsp16_2.txt
Method: FaFM
Seed: 2
Number of Jobs: 40
Number of Operations: 288
Number of Machines: 15
Number of Operators: 15
CPU Time: 34.1832
obj: 1023
Best found lower bound:0
Solver gap (best found lower bound and upper bound difference): Not known


Final Solution:
Job	Machine	Operator	Operation	Start Time	Finish Time
0	4	0	0	264	338
0	13	8	1	433	499
0	4	1	2	641	664
0	14	12	3	764	806
0	10	4	4	915	932
1	4	0	5	0	20
1	3	6	6	34	108
1	3	0	7	220	229
1	0	2	8	273	348
1	0	2	9	348	388
1	6	13	10	652	702
1	8	3	11	764	780
1	1	10	12	789	861
1	8	3	13	922	994
2	14	14	14	0	56
2	0	2	15	112	184
2	13	10	16	193	223
2	3	9	17	229	272
2	3	1	18	370	388
2	10	14	19	388	441
2	9	2	20	678	758
2	0	7	21	787	875
2	6	10	22	875	931
2	10	2	23	932	1006
3	12	14	24	56	112
3	11	0	25	117	135
3	1	13	26	140	153
3	1	5	27	238	325
3	3	0	28	388	410
3	10	5	29	622	699
3	7	11	30	761	847
3	14	12	31	910	933
3	4	6	32	953	1020
4	10	1	33	0	77
4	2	12	34	162	212
4	6	11	35	234	263
4	3	13	36	312	370
4	5	3	37	385	420
4	12	2	38	527	600
4	14	12	39	681	764
4	12	1	40	842	866
4	7	11	41	916	931
4	12	1	42	963	988
5	11	9	43	85	102
5	7	4	44	215	255
5	9	7	45	298	372
5	13	8	46	397	433
5	7	11	47	489	575
5	11	6	48	650	737
6	7	13	49	59	118
6	5	14	50	329	365
6	11	13	51	370	427
6	4	6	52	428	461
6	9	12	53	511	539
6	2	1	54	572	607
6	11	6	55	737	780
6	4	6	56	926	953
6	3	14	57	953	1014
7	6	9	58	18	83
7	13	4	59	86	99
7	3	9	60	193	220
7	2	12	61	310	357
7	4	6	62	541	619
7	5	14	63	737	786
7	0	7	64	945	1014
8	9	10	65	73	133
8	3	10	66	173	193
8	6	11	67	263	347
8	1	4	68	441	454
8	13	8	69	652	725
8	0	8	70	725	739
8	3	0	71	779	837
8	11	0	72	914	971
8	6	10	73	971	1018
9	8	3	74	0	56
9	1	5	75	153	238
9	9	12	76	372	423
9	2	1	77	439	491
9	2	1	78	491	572
9	4	6	79	619	631
9	1	10	80	690	744
9	1	10	81	744	789
9	9	12	82	933	985
9	13	9	83	999	1015
10	11	0	84	135	215
10	11	6	85	323	346
10	5	3	86	365	385
10	4	6	87	394	428
10	0	7	88	617	647
10	9	2	89	836	924
10	14	4	90	933	1006
11	9	7	91	0	73
11	11	6	92	253	323
11	14	9	93	353	362
11	0	2	94	388	408
11	10	5	95	476	549
11	9	12	96	618	678
11	4	14	97	690	737
11	6	8	98	739	824
11	14	9	99	826	910
12	10	1	100	77	96
12	5	1	101	96	173
12	6	11	102	173	234
12	2	12	103	263	310
12	7	11	104	419	489
12	10	5	105	549	622
12	12	1	106	668	701
12	5	3	107	786	841
12	12	1	108	866	939
13	11	13	109	0	57
13	14	14	110	112	159
13	3	13	111	278	312
13	5	14	112	527	573
13	7	11	113	575	646
13	2	12	114	806	882
13	4	6	115	914	926
14	0	2	116	0	14
14	0	2	117	94	112
14	10	1	118	173	256
14	9	12	119	423	511
14	11	3	120	534	569
14	8	9	121	599	664
14	7	11	122	960	1012
15	10	0	123	96	117
15	8	10	124	138	169
15	12	13	125	169	194
15	7	4	126	273	282
15	10	5	127	441	464
15	14	4	128	523	539
15	6	8	129	642	652
15	8	3	130	846	922
15	9	12	131	985	994
16	4	0	132	20	53
16	14	14	133	159	212
16	2	1	134	388	439
16	1	4	135	454	505
16	1	14	136	656	690
16	7	0	137	715	750
16	4	0	138	857	913
17	12	13	139	194	278
17	6	13	140	465	515
17	5	13	141	573	650
17	13	7	142	725	784
17	4	1	143	805	842
17	11	6	144	847	914
18	5	0	145	65	94
18	12	11	146	112	156
18	9	7	147	228	298
18	6	11	148	347	385
18	0	2	149	408	459
18	8	8	150	565	599
18	6	8	151	599	642
18	5	5	152	841	907
18	2	8	153	909	979
19	5	0	154	54	65
19	5	3	155	173	264
19	13	10	156	341	397
19	9	12	157	539	618
19	13	9	158	787	826
19	11	0	159	971	1023
20	5	5	160	0	21
20	1	7	161	73	140
20	1	5	162	325	355
20	7	6	163	364	394
20	8	10	164	470	540
20	14	10	165	595	681
20	4	1	166	754	805
20	0	7	167	875	945
21	2	4	168	0	12
21	12	12	169	12	43
21	14	9	170	272	353
21	14	9	171	445	516
21	12	2	172	600	668
21	1	13	173	875	939
22	2	4	174	12	86
22	7	4	175	118	130
22	12	1	176	282	362
22	7	11	177	394	419
22	1	14	178	573	656
22	8	9	179	664	747
22	8	14	180	786	846
22	6	13	181	846	873
23	7	11	182	0	59
23	10	3	183	282	356
23	8	10	184	397	470
23	6	9	185	516	596
23	7	11	186	869	916
23	12	1	187	939	963
24	5	5	188	21	54
24	13	10	189	223	300
24	3	0	190	479	552
24	14	10	191	552	595
24	5	5	192	942	987
25	1	10	193	0	73
25	6	8	194	83	99
25	2	12	195	120	162
25	5	14	196	270	329
25	5	3	197	420	464
25	5	2	198	464	527
25	2	4	199	643	734
25	9	2	200	758	836
26	13	8	201	0	83
26	13	9	202	166	193
26	14	4	203	364	441
26	7	11	204	646	714
26	8	3	205	747	764
26	1	10	206	861	875
26	5	5	207	907	942
27	4	5	208	54	142
27	8	8	209	242	318
27	6	7	210	385	446
27	13	4	211	565	643
27	10	5	212	742	811
28	6	9	213	0	18
28	14	11	214	59	112
28	13	10	215	300	341
28	11	6	216	346	361
28	11	3	217	569	650
28	4	0	218	842	857
28	2	12	219	882	903
29	6	8	220	139	171
29	4	6	221	173	209
29	14	14	222	261	270
29	3	0	223	552	597
29	12	13	224	779	842
30	11	12	225	57	85
30	9	7	226	140	214
30	14	14	227	214	261
30	3	0	228	410	479
30	13	8	229	499	565
30	5	3	230	650	734
30	12	11	231	734	761
31	3	6	232	0	34
31	12	12	233	43	55
31	0	2	234	254	273
31	1	13	235	523	573
31	3	14	236	903	952
32	3	6	237	108	173
32	11	6	238	215	253
32	2	12	239	357	371
32	10	3	240	464	476
32	1	4	241	505	523
32	3	0	242	671	715
32	10	4	243	852	915
33	8	3	244	56	138
33	10	1	245	256	282
33	8	8	246	318	396
33	11	13	247	427	465
33	11	3	248	476	534
33	3	0	249	597	671
33	4	1	250	737	754
33	0	9	251	754	787
33	10	4	252	811	852
34	6	8	253	99	139
34	10	3	254	139	173
34	0	7	255	459	550
34	10	5	256	699	742
34	7	11	257	847	869
35	0	2	258	14	94
35	7	4	259	130	215
35	4	0	260	338	380
35	4	6	261	461	541
35	2	1	262	607	641
35	0	7	263	647	686
35	11	6	264	780	847
35	13	9	265	910	999
36	2	12	266	212	263
36	1	5	267	355	432
36	12	14	268	445	523
36	13	8	269	826	909
36	2	8	270	979	1009
37	2	12	271	86	120
37	0	2	272	184	254
37	12	9	273	362	445
37	6	7	274	446	459
37	0	7	275	550	617
37	1	13	276	939	1017
38	13	9	277	102	166
38	9	7	278	214	228
38	4	0	279	229	264
38	3	13	280	715	779
38	3	14	281	846	903
38	7	11	282	931	960
39	8	8	283	171	242
39	7	4	284	255	273
39	7	4	285	282	364
39	2	4	286	734	801
39	6	10	287	931	967


Solution History:
