This is the output of Heuristic Solver for Dual resource constrained flexible job shop Scheduling Problem.
Input file is: wfjsp23_5.txt
Method: FaFM
Seed: 1
Number of Jobs: 30
Number of Operations: 360
Number of Machines: 15
Number of Operators: 12
CPU Time: 44.769
obj: 1500
Best found lower bound:0
Solver gap (best found lower bound and upper bound difference): Not known


Final Solution:
Job	Machine	Operator	Operation	Start Time	Finish Time
0	6	1	0	0	14
0	8	0	1	28	66
0	5	0	2	173	270
0	12	11	3	284	344
0	11	2	4	385	451
0	1	0	5	644	680
0	10	6	6	707	776
0	7	4	7	934	975
0	10	4	8	1070	1116
0	6	1	9	1116	1150
0	0	0	10	1150	1183
0	5	11	11	1413	1476
1	3	3	12	0	21
1	14	9	13	146	161
1	4	1	14	259	324
1	2	11	15	520	580
1	4	0	16	608	619
1	11	2	17	796	842
1	7	4	18	859	934
1	5	1	19	1064	1105
1	10	2	20	1321	1348
1	0	2	21	1348	1387
2	12	0	22	0	28
2	7	7	23	96	127
2	13	6	24	282	378
2	4	11	25	405	450
2	11	2	26	480	519
2	0	0	27	619	644
2	7	8	28	734	743
2	0	3	29	913	958
2	0	10	30	960	1041
2	1	0	31	1077	1140
3	4	8	32	162	236
3	0	10	33	294	375
3	7	4	34	558	638
3	11	7	35	659	701
3	0	5	36	713	729
3	1	5	37	729	774
3	12	5	38	1046	1122
3	3	9	39	1167	1237
3	14	9	40	1316	1374
3	9	5	41	1409	1445
4	10	11	42	0	62
4	7	11	43	148	185
4	11	4	44	192	211
4	13	4	45	489	558
4	3	7	46	570	659
4	14	1	47	675	760
4	6	10	48	864	915
4	3	11	49	1016	1097
4	7	7	50	1300	1378
4	3	4	51	1403	1412
5	2	1	52	225	259
5	5	3	53	369	448
5	13	3	54	448	479
5	10	0	55	492	584
5	9	3	56	713	731
5	12	9	57	880	917
5	2	1	58	978	1064
5	2	7	59	1064	1078
5	9	5	60	1128	1152
5	2	0	61	1390	1460
6	6	4	62	37	52
6	4	10	63	84	127
6	8	10	64	127	161
6	3	9	65	311	399
6	3	4	66	411	489
6	5	3	67	578	618
6	1	9	68	680	725
6	4	3	69	781	798
6	14	6	70	811	898
6	6	0	71	942	1037
6	7	1	72	1384	1427
7	3	9	73	27	64
7	13	3	74	96	110
7	13	10	75	162	252
7	9	3	76	272	301
7	11	7	77	336	385
7	4	11	78	450	520
7	5	5	79	844	932
7	10	11	80	938	969
7	7	7	81	1229	1300
7	6	5	82	1360	1409
8	8	2	83	0	9
8	9	1	84	14	40
8	10	11	85	62	70
8	7	4	86	78	87
8	3	7	87	221	311
8	8	8	88	314	400
8	8	8	89	432	482
8	5	3	90	547	578
8	4	10	91	619	699
8	0	5	92	799	844
8	1	10	93	1041	1053
8	13	10	94	1053	1097
8	14	6	95	1213	1293
8	3	4	96	1316	1357
8	4	3	97	1374	1421
9	1	5	98	0	21
9	0	3	99	42	81
9	5	0	100	104	173
9	3	4	101	399	411
9	7	0	102	425	492
9	13	6	103	617	695
9	13	7	104	747	818
9	12	9	105	836	880
9	11	9	106	917	1006
9	8	2	107	1031	1113
9	0	2	108	1183	1215
9	8	8	109	1228	1313
9	2	10	110	1353	1390
9	1	2	111	1459	1491
10	14	2	112	18	57
10	2	1	113	216	225
10	11	9	114	226	299
10	14	2	115	347	379
10	8	9	116	729	753
10	2	2	117	782	796
10	10	4	118	796	859
10	1	6	119	949	982
10	9	6	120	996	1033
10	7	4	121	1042	1070
10	14	5	122	1293	1312
10	11	1	123	1315	1384
10	5	10	124	1390	1407
11	13	7	125	63	96
11	7	8	126	127	148
11	1	0	127	360	425
11	0	10	128	444	536
11	6	0	129	584	592
11	13	6	130	598	617
11	12	11	131	617	649
11	0	11	132	730	787
11	9	11	133	796	805
11	1	0	134	872	942
11	9	6	135	982	996
11	6	0	136	1037	1047
11	7	9	137	1075	1120
11	4	0	138	1325	1362
11	12	8	139	1416	1500
12	11	4	140	0	18
12	8	9	141	18	27
12	5	7	142	45	63
12	9	3	143	193	272
12	14	2	144	281	347
12	14	1	145	514	578
12	13	6	146	579	598
12	3	8	147	670	695
12	2	11	148	805	877
12	10	8	149	971	1056
12	9	0	150	1223	1297
12	13	7	151	1392	1418
12	2	9	152	1460	1499
13	3	3	153	126	193
13	5	0	154	270	299
13	5	3	155	301	369
13	7	6	156	378	424
13	2	7	157	424	507
13	6	7	158	507	521
13	4	0	159	595	608
13	9	5	160	637	713
13	7	1	161	760	832
13	10	11	162	877	938
13	12	11	163	1126	1183
13	11	7	164	1195	1229
13	13	3	165	1295	1310
13	1	5	166	1312	1360
13	3	4	167	1412	1490
14	0	6	168	17	36
14	13	6	169	36	55
14	3	9	170	64	101
14	9	5	171	120	190
14	10	4	172	264	345
14	0	10	173	536	602
14	13	7	174	818	888
14	14	8	175	908	971
14	13	3	176	1130	1213
14	6	10	177	1213	1270
14	5	5	178	1270	1289
14	12	8	179	1315	1335
14	0	2	180	1387	1458
15	12	0	181	66	104
15	3	3	182	110	126
15	7	11	183	185	223
15	6	0	184	317	356
15	6	9	185	405	489
15	6	1	186	595	675
15	6	0	187	680	747
15	0	3	188	859	913
15	8	2	189	1113	1163
15	8	1	190	1163	1228
15	3	9	191	1281	1316
15	10	4	192	1357	1403
16	11	8	193	48	71
16	5	11	194	71	87
16	1	2	195	147	189
16	2	1	196	205	216
16	10	4	197	345	390
16	6	7	198	521	570
16	0	3	199	644	712
16	4	10	200	712	781
16	14	5	201	781	799
16	2	2	202	882	965
16	5	11	203	969	1016
16	10	4	204	1116	1160
16	9	6	205	1297	1401
17	1	5	206	258	360
17	6	5	207	360	405
17	8	8	208	482	528
17	5	3	209	618	632
17	8	2	210	690	729
17	10	11	211	787	796
17	4	3	212	820	859
17	1	0	213	1053	1067
17	3	3	214	1097	1130
17	12	1	215	1228	1315
17	4	0	216	1362	1374
17	6	1	217	1427	1468
18	11	7	218	19	45
18	8	10	219	66	84
18	8	2	220	607	690
18	13	6	221	695	707
18	13	7	222	707	736
18	5	7	223	736	747
18	11	1	224	897	906
18	12	5	225	1030	1046
18	11	7	226	1078	1128
18	2	11	227	1264	1349
19	2	10	228	0	66
19	10	4	229	87	112
19	0	6	230	216	230
19	11	0	231	299	317
19	11	7	232	317	336
19	14	7	233	385	421
19	7	9	234	492	558
19	1	9	235	558	631
19	10	4	236	638	704
19	2	10	237	1097	1182
19	4	8	238	1186	1205
19	7	8	239	1205	1228
19	3	9	240	1237	1281
19	12	11	241	1349	1413
19	14	7	242	1418	1468
20	1	6	243	55	147
20	10	4	244	147	192
20	8	6	245	230	249
20	10	2	246	451	480
20	14	1	247	578	595
20	3	9	248	766	836
20	8	2	249	965	979
20	0	3	250	1057	1090
20	6	10	251	1270	1353
20	13	3	252	1353	1363
20	11	10	253	1407	1415
21	0	6	254	0	17
21	4	4	255	52	78
21	13	1	256	120	162
21	7	11	257	223	257
21	8	1	258	405	432
21	9	1	259	432	473
21	12	5	260	501	590
21	1	2	261	982	1031
21	4	8	262	1057	1138
21	2	11	263	1183	1264
22	11	8	264	71	118
22	6	7	265	127	221
22	2	11	266	259	284
22	1	6	267	425	511
22	11	4	268	704	796
22	8	3	269	798	820
22	9	1	270	832	897
22	11	9	271	1006	1075
22	11	7	272	1128	1195
22	11	10	273	1415	1498
23	5	7	274	0	19
23	5	3	275	21	42
23	14	2	276	57	140
23	10	4	277	211	264
23	4	1	278	324	405
23	11	2	279	519	586
23	3	3	280	734	766
23	11	2	281	842	882
23	3	6	282	898	949
23	9	6	283	1050	1128
23	14	6	284	1128	1213
23	4	2	285	1215	1282
23	0	2	286	1282	1321
23	13	3	287	1421	1491
24	1	5	288	21	40
24	12	5	289	40	59
24	1	5	290	190	258
24	0	10	291	375	444
24	1	0	292	833	872
24	13	7	293	888	980
24	3	7	294	980	995
24	5	7	295	1038	1062
24	13	3	296	1213	1295
24	7	0	297	1460	1468
24	5	1	298	1476	1492
25	14	9	299	0	18
25	6	5	300	59	111
25	12	1	301	162	205
25	6	8	302	236	314
25	10	5	303	590	637
25	1	6	304	776	811
25	12	5	305	932	1030
25	9	6	306	1033	1050
25	1	0	307	1067	1077
25	9	5	308	1152	1223
25	13	3	309	1310	1353
26	7	8	310	0	25
26	4	8	311	25	48
26	0	11	312	87	146
26	14	2	313	189	238
26	12	2	314	238	281
26	5	3	315	479	547
26	9	11	316	580	612
26	2	9	317	631	678
26	5	0	318	747	833
26	8	10	319	915	960
26	4	3	320	960	1057
26	10	4	321	1160	1231
26	1	5	322	1231	1263
26	1	9	323	1374	1459
27	9	1	324	40	120
27	0	6	325	147	216
27	12	11	326	344	367
27	4	8	327	528	595
27	8	2	328	595	607
27	7	11	329	649	730
27	12	8	330	743	827
27	8	8	331	827	908
27	13	7	332	995	1038
27	12	0	333	1183	1221
27	10	4	334	1231	1310
27	8	8	335	1335	1416
28	10	4	336	112	141
28	8	6	337	249	282
28	12	11	338	367	403
28	10	8	339	403	430
28	14	1	340	473	514
28	14	8	341	595	670
28	9	1	342	906	978
28	3	9	343	1130	1167
28	4	0	344	1297	1325
28	13	7	345	1378	1392
29	6	4	346	18	37
29	12	9	347	104	146
29	4	8	348	148	162
29	8	9	349	162	226
29	0	10	350	252	294
29	12	5	351	405	501
29	9	6	352	511	579
29	3	8	353	695	734
29	2	2	354	734	782
29	6	10	355	782	864
29	7	4	356	975	1042
29	13	11	357	1097	1126
29	4	8	358	1138	1186
29	10	6	359	1403	1486


Solution History:
