This is the output of Heuristic Solver for Dual resource constrained flexible job shop Scheduling Problem.
Input file is: wfjsp8_10.txt
Method: FaFM
Seed: 4
Number of Jobs: 15
Number of Operations: 109
Number of Machines: 5
Number of Operators: 5
CPU Time: 14.5356
obj: 1214
Best found lower bound:0
Solver gap (best found lower bound and upper bound difference): Not known


Final Solution:
Job	Machine	Operator	Operation	Start Time	Finish Time
0	2	2	0	0	79
0	0	2	1	167	249
0	3	1	2	306	377
0	3	1	3	584	670
0	3	1	4	799	858
0	1	0	5	926	957
0	0	2	6	1043	1076
0	1	0	7	1158	1209
1	3	3	8	103	191
1	4	4	9	302	330
1	0	2	10	339	381
1	2	3	11	402	436
1	0	2	12	447	536
1	4	4	13	705	789
1	1	0	14	957	1023
1	2	3	15	1039	1121
2	1	0	16	253	347
2	2	3	17	389	402
2	1	0	18	429	438
2	1	0	19	438	487
2	1	0	20	487	558
2	4	4	21	789	874
2	2	3	22	991	1039
2	4	4	23	1135	1212
3	1	0	24	100	145
3	1	0	25	182	205
3	3	1	26	377	423
3	0	2	27	429	447
3	0	2	28	807	895
4	1	0	29	0	32
4	4	1	30	113	190
4	3	1	31	503	584
4	2	3	32	778	846
4	3	1	33	945	981
4	1	0	34	1072	1134
5	0	4	35	69	150
5	0	0	36	150	164
5	4	3	37	191	215
5	3	1	38	284	306
5	0	2	39	381	429
5	2	3	40	436	470
5	2	3	41	643	731
5	2	3	42	846	909
6	2	2	43	79	167
6	4	4	44	330	347
6	2	3	45	629	643
6	0	2	46	736	807
6	1	0	47	876	926
6	3	1	48	981	995
7	3	1	49	191	284
7	1	0	50	558	640
7	2	3	51	909	938
7	0	2	52	970	1043
7	3	1	53	1082	1091
8	4	1	54	0	79
8	4	4	55	370	453
8	4	4	56	453	474
8	4	4	57	474	547
8	0	2	58	624	660
8	3	1	59	670	679
8	1	0	60	783	876
8	3	1	61	900	945
8	2	3	62	1121	1203
9	1	0	63	32	100
9	0	2	64	249	339
9	3	1	65	423	503
9	3	1	66	679	727
9	1	0	67	732	783
9	0	2	68	895	912
9	0	2	69	944	970
9	1	0	70	1050	1072
9	1	0	71	1134	1158
10	3	3	72	45	103
10	1	0	73	205	253
10	4	4	74	347	370
10	4	4	75	547	623
10	2	3	76	731	778
11	3	3	77	0	45
11	2	3	78	302	340
11	1	0	79	347	429
11	3	1	80	727	764
11	3	1	81	764	799
11	1	0	82	1023	1050
11	0	2	83	1076	1088
11	0	2	84	1088	1178
11	0	2	85	1178	1214
12	2	4	86	167	207
12	2	3	87	470	539
12	0	2	88	660	736
12	4	4	89	874	892
12	4	4	90	964	1054
13	0	4	91	0	69
13	4	1	92	79	113
13	1	0	93	164	182
13	2	4	94	207	302
13	2	3	95	340	389
13	0	2	96	536	624
13	4	4	97	624	705
13	4	4	98	892	964
13	3	1	99	995	1082
13	3	1	100	1091	1173
14	4	3	101	215	301
14	2	3	102	539	629
14	1	0	103	640	732
14	3	1	104	858	900
14	0	2	105	912	944
14	2	3	106	944	991
14	4	4	107	1054	1135
14	3	1	108	1173	1188


Solution History:
