This is the output of Heuristic Solver for Dual resource constrained flexible job shop Scheduling Problem.
Input file is: wfjsp12_5.txt
Method: FaFM
Seed: 4
Number of Jobs: 25
Number of Operations: 174
Number of Machines: 10
Number of Operators: 10
CPU Time: 30.0144
obj: 884
Best found lower bound:0
Solver gap (best found lower bound and upper bound difference): Not known


Final Solution:
Job	Machine	Operator	Operation	Start Time	Finish Time
0	6	3	0	34	50
0	3	9	1	53	97
0	0	2	2	152	239
0	5	4	3	479	547
0	5	4	4	547	612
0	8	3	5	693	735
0	4	7	6	735	802
1	1	1	7	0	37
1	6	3	8	139	185
1	2	6	9	492	533
1	5	4	10	762	791
1	4	7	11	802	873
2	2	1	12	222	245
2	2	0	13	392	406
2	7	1	14	416	481
2	7	0	15	481	549
2	8	3	16	820	829
3	7	0	17	0	44
3	8	3	18	189	254
3	2	1	19	672	711
3	3	2	20	723	751
3	0	0	21	779	816
4	9	9	22	171	203
4	5	7	23	275	307
4	5	4	24	396	479
4	0	0	25	693	736
4	9	6	26	803	842
5	0	2	27	120	143
5	0	2	28	143	152
5	7	0	29	152	202
5	2	6	30	406	492
5	9	5	31	621	690
6	3	9	32	97	171
6	7	0	33	202	293
6	8	9	34	325	405
6	0	2	35	585	620
6	1	7	36	720	734
6	2	3	37	829	874
7	9	5	38	0	83
7	1	4	39	242	311
7	0	2	40	368	434
7	2	1	41	580	609
7	6	7	42	644	716
8	6	3	43	0	34
8	5	2	44	68	88
8	5	6	45	93	161
8	7	1	46	334	416
8	0	2	47	434	520
8	2	6	48	533	578
8	8	4	49	612	693
8	6	9	50	756	834
8	7	1	51	834	843
8	7	1	52	843	882
9	4	7	53	0	79
9	8	3	54	254	284
9	5	4	55	311	396
9	9	5	56	396	414
9	1	7	57	414	450
9	1	7	58	450	543
9	3	8	59	564	577
9	4	6	60	603	629
9	9	6	61	699	769
10	8	8	62	104	120
10	9	8	63	223	269
10	6	9	64	275	314
10	4	3	65	396	483
10	6	3	66	483	561
10	8	5	67	568	612
10	2	1	68	629	672
10	2	1	69	711	727
11	8	8	70	0	104
11	1	4	71	131	213
11	7	0	72	293	334
11	0	2	73	334	368
11	6	7	74	400	414
11	8	9	75	475	559
11	1	3	76	609	639
11	0	3	77	639	693
11	5	4	78	697	762
11	3	2	79	762	844
12	5	2	80	0	28
12	2	4	81	47	119
12	4	6	82	275	324
12	2	0	83	334	344
12	6	9	84	449	475
12	8	9	85	559	568
12	9	5	86	690	699
12	7	5	87	699	782
13	6	3	88	50	139
13	5	6	89	161	211
13	1	4	90	213	242
13	2	1	91	245	330
13	3	8	92	420	471
13	3	8	93	556	564
13	1	3	94	564	609
13	3	2	95	620	703
13	7	5	96	782	823
13	6	9	97	834	884
14	2	4	98	8	29
14	5	2	99	29	68
14	8	8	100	120	189
14	9	8	101	203	215
14	3	5	102	266	340
14	8	0	103	406	473
14	9	5	104	494	562
14	0	0	105	736	779
15	7	0	106	44	140
15	2	1	107	140	222
15	5	6	108	239	271
15	3	8	109	471	556
15	3	8	110	577	619
15	9	6	111	769	803
15	8	5	112	829	872
16	2	4	113	0	8
16	4	7	114	79	165
16	5	6	115	211	239
16	4	6	116	580	603
16	5	8	117	619	634
16	5	6	118	634	697
16	2	1	119	794	827
16	3	2	120	844	879
17	3	9	121	19	53
17	3	5	122	171	190
17	1	7	123	311	389
17	9	5	124	453	469
17	7	0	125	549	581
17	4	9	126	629	650
17	4	9	127	650	721
18	9	5	128	83	166
18	9	8	129	215	223
18	6	7	130	256	275
18	6	9	131	414	449
18	0	0	132	816	879
19	4	7	133	178	187
19	0	2	134	239	311
19	6	2	135	314	330
19	3	5	136	340	351
19	9	5	137	351	395
19	9	5	138	414	453
19	7	0	139	581	676
19	3	2	140	703	723
19	8	3	141	799	807
19	9	6	142	842	859
20	0	6	143	0	93
20	6	7	144	187	256
20	4	1	145	483	548
20	2	1	146	609	629
20	6	9	147	721	756
20	1	8	148	782	851
21	1	1	149	37	131
21	4	3	150	325	396
21	9	5	151	469	494
21	4	1	152	548	580
21	8	3	153	735	799
22	0	2	154	93	120
22	4	9	155	203	275
22	2	0	156	344	392
22	6	7	157	561	644
22	8	3	158	807	820
23	4	7	159	165	178
23	3	5	160	190	266
23	9	8	161	269	344
23	3	8	162	351	420
23	0	2	163	520	585
23	9	9	164	585	621
23	7	0	165	676	692
23	1	8	166	734	782
23	5	4	167	791	873
24	3	9	168	0	19
24	2	4	169	29	47
24	8	3	170	284	325
24	6	6	171	330	400
24	1	8	172	639	720
24	2	1	173	727	794


Solution History:
