This is the output of Heuristic Solver for Dual resource constrained flexible job shop Scheduling Problem.
Input file is: wfjsp23_4.txt
Method: FaFM
Seed: 3
Number of Jobs: 30
Number of Operations: 381
Number of Machines: 15
Number of Operators: 12
CPU Time: 36.4788
obj: 1608
Best found lower bound:0
Solver gap (best found lower bound and upper bound difference): Not known


Final Solution:
Job	Machine	Operator	Operation	Start Time	Finish Time
0	7	0	0	97	169
0	1	1	1	226	285
0	1	8	2	524	589
0	9	8	3	752	816
0	9	6	4	816	909
0	1	6	5	909	938
0	8	3	6	1032	1082
0	8	10	7	1082	1094
0	5	3	8	1094	1140
0	6	11	9	1160	1182
0	3	10	10	1287	1300
0	4	6	11	1300	1338
0	8	7	12	1476	1540
0	14	1	13	1581	1604
1	8	11	14	30	111
1	6	4	15	154	246
1	7	8	16	290	349
1	0	5	17	349	397
1	3	10	18	640	673
1	7	11	19	673	690
1	14	8	20	701	752
1	2	3	21	833	907
1	2	8	22	908	917
1	0	1	23	980	1043
1	3	10	24	1140	1210
1	4	8	25	1210	1221
1	12	8	26	1283	1359
1	5	7	27	1394	1476
2	10	7	28	34	127
2	10	6	29	248	295
2	9	6	30	295	385
2	10	7	31	711	779
2	3	9	32	787	856
2	6	2	33	1043	1086
2	4	2	34	1124	1139
2	2	0	35	1160	1225
2	5	11	36	1250	1277
2	1	3	37	1333	1358
2	12	4	38	1393	1457
2	9	6	39	1504	1552
3	6	3	40	0	56
3	13	6	41	113	149
3	3	7	42	237	290
3	11	11	43	460	533
3	5	0	44	533	607
3	6	9	45	856	920
3	5	9	46	1048	1077
3	1	5	47	1077	1103
3	11	9	48	1273	1337
3	11	6	49	1386	1422
3	7	9	50	1541	1591
4	13	7	51	0	29
4	8	2	52	217	311
4	14	0	53	354	398
4	4	8	54	423	438
4	5	0	55	456	486
4	9	9	56	508	578
4	9	3	57	909	922
4	13	0	58	934	1010
4	3	10	59	1210	1258
4	0	1	60	1258	1317
4	6	0	61	1515	1559
4	1	8	62	1570	1599
5	11	2	63	0	13
5	3	6	64	20	46
5	11	9	65	220	269
5	5	1	66	336	393
5	8	3	67	530	580
5	13	6	68	590	628
5	0	1	69	914	970
5	9	6	70	1012	1076
5	3	5	71	1103	1140
5	1	8	72	1159	1206
5	10	2	73	1341	1432
6	1	8	74	36	90
6	9	11	75	111	120
6	12	3	76	130	205
6	5	1	77	285	336
6	10	7	78	456	476
6	14	5	79	622	693
6	5	7	80	781	842
6	10	7	81	890	950
6	10	7	82	1073	1126
6	1	1	83	1126	1157
6	13	6	84	1200	1294
6	5	0	85	1490	1514
6	8	7	86	1580	1605
7	0	9	87	34	81
7	9	11	88	120	184
7	12	3	89	205	251
7	7	6	90	385	408
7	10	0	91	426	456
7	4	8	92	456	522
7	4	4	93	732	788
7	12	7	94	950	1000
7	5	7	95	1000	1047
7	11	9	96	1077	1148
7	5	11	97	1186	1250
7	8	1	98	1421	1460
7	6	9	99	1502	1515
7	1	5	100	1519	1570
8	5	8	101	0	27
8	3	5	102	56	87
8	2	1	103	150	200
8	7	5	104	207	226
8	6	0	105	281	354
8	12	4	106	512	590
8	8	3	107	728	774
8	7	2	108	781	824
8	4	2	109	914	979
8	12	8	110	1093	1159
8	12	9	111	1219	1273
8	5	11	112	1322	1387
8	4	8	113	1393	1463
9	12	8	114	27	36
9	8	7	115	127	214
9	12	7	116	319	367
9	12	1	117	393	463
9	9	5	118	476	507
9	0	5	119	574	622
9	4	2	120	622	653
9	0	9	121	692	720
9	8	0	122	840	874
9	14	0	123	874	934
9	5	3	124	1140	1186
9	0	1	125	1349	1421
9	11	9	126	1426	1502
9	4	2	127	1551	1600
10	2	0	128	52	80
10	10	9	129	146	220
10	4	11	130	251	323
10	13	6	131	410	457
10	10	7	132	665	711
10	5	3	133	711	728
10	4	3	134	788	832
10	12	7	135	842	890
10	4	3	136	997	1032
10	4	8	137	1032	1093
10	7	5	138	1220	1267
10	13	9	139	1348	1363
10	3	10	140	1479	1507
10	6	4	141	1561	1607
11	0	10	142	225	327
11	1	10	143	379	418
11	6	9	144	418	484
11	8	0	145	656	727
11	2	0	146	727	757
11	13	0	147	757	827
11	8	0	148	827	840
11	8	1	149	874	914
11	6	4	150	971	1023
11	8	10	151	1094	1121
11	6	0	152	1124	1157
11	10	2	153	1228	1304
11	14	4	154	1457	1561
12	4	4	155	0	93
12	2	11	156	323	393
12	10	3	157	393	413
12	7	10	158	418	448
12	14	2	159	473	508
12	1	8	160	589	655
12	12	4	161	675	722
12	6	10	162	780	849
12	11	4	163	890	971
12	10	7	164	1126	1150
12	2	11	165	1150	1160
12	3	10	166	1258	1287
12	5	11	167	1287	1322
12	9	5	168	1338	1409
12	10	3	169	1500	1575
13	5	1	170	82	150
13	3	4	171	296	394
13	8	3	172	413	434
13	8	3	173	434	530
13	14	1	174	541	611
13	6	10	175	699	780
13	1	8	176	816	843
13	3	4	177	864	877
13	8	11	178	914	959
13	8	11	179	959	1002
13	14	4	180	1125	1147
13	7	9	181	1148	1219
13	0	1	182	1317	1349
13	1	3	183	1358	1432
13	1	3	184	1432	1500
14	1	8	185	90	154
14	3	8	186	154	219
14	13	9	187	269	300
14	3	4	188	394	466
14	1	7	189	476	524
14	7	5	190	693	756
14	9	6	191	938	1012
14	13	6	192	1076	1135
14	13	6	193	1135	1200
14	0	11	194	1431	1498
14	8	7	195	1540	1566
14	13	0	196	1566	1585
15	12	6	197	0	20
15	12	3	198	56	130
15	7	5	199	169	207
15	0	10	200	327	337
15	11	3	201	358	389
15	11	11	202	533	600
15	4	2	203	653	732
15	11	4	204	848	864
15	0	1	205	1043	1115
15	13	0	206	1294	1322
15	2	5	207	1417	1492
15	7	5	208	1492	1519
15	8	7	209	1566	1580
15	9	3	210	1580	1608
16	11	2	211	114	181
16	13	11	212	184	251
16	3	4	213	466	509
16	0	1	214	512	541
16	6	10	215	553	587
16	11	6	216	628	661
16	0	1	217	671	684
16	11	11	218	690	720
16	0	11	219	720	767
16	3	5	220	880	961
16	7	10	221	1367	1443
16	13	1	222	1460	1535
17	7	5	223	0	56
17	0	9	224	81	146
17	2	1	225	200	226
17	5	0	226	398	426
17	7	10	227	448	553
17	0	11	228	622	671
17	5	2	229	732	781
17	1	10	230	849	905
17	1	8	231	941	1021
17	9	11	232	1098	1146
17	6	4	233	1259	1326
17	8	7	234	1326	1394
17	9	6	235	1422	1504
18	3	9	236	0	9
18	2	0	237	22	52
18	2	8	238	226	290
18	4	8	239	349	376
18	11	7	240	389	452
18	5	0	241	486	529
18	10	1	242	797	871
18	7	10	243	905	972
18	1	1	244	1208	1253
18	2	11	245	1387	1417
18	0	11	246	1421	1431
18	3	10	247	1443	1479
18	3	10	248	1507	1539
18	3	6	249	1552	1602
19	5	1	250	30	82
19	14	5	251	87	157
19	11	4	252	269	296
19	10	9	253	300	329
19	4	8	254	376	423
19	7	9	255	599	665
19	4	8	256	843	908
19	10	9	257	971	1048
19	10	7	258	1048	1073
19	10	7	259	1150	1181
19	2	0	260	1225	1291
19	11	6	261	1338	1386
19	6	0	262	1431	1490
20	1	3	263	296	358
20	2	11	264	393	460
20	9	3	265	580	653
20	9	6	266	661	735
20	13	5	267	833	880
20	0	2	268	880	914
20	12	8	269	917	941
20	12	8	270	1359	1393
20	2	11	271	1498	1568
20	7	0	272	1591	1607
21	9	10	273	0	83
21	4	6	274	149	248
21	12	1	275	463	512
21	10	2	276	512	600
21	2	0	277	607	656
21	13	9	278	665	692
21	12	1	279	747	777
21	7	2	280	824	865
21	5	11	281	865	912
21	6	9	282	920	971
21	11	2	283	979	1043
21	4	2	284	1139	1149
21	12	1	285	1159	1208
21	1	3	286	1259	1333
21	12	8	287	1463	1556
22	13	6	288	46	65
22	2	10	289	83	147
22	13	9	290	329	410
22	3	7	291	524	631
22	11	9	292	720	787
22	7	10	293	972	1002
22	6	2	294	1086	1124
22	9	5	295	1146	1220
22	4	8	296	1221	1283
22	6	0	297	1326	1366
22	10	2	298	1432	1479
23	13	6	299	65	113
23	10	7	300	220	237
23	5	8	301	438	454
23	13	6	302	504	590
23	8	10	303	590	640
23	3	10	304	673	699
23	8	11	305	774	802
23	0	11	306	802	832
23	0	1	307	970	980
23	13	5	308	1028	1076
23	11	4	309	1148	1200
23	10	2	310	1304	1341
23	6	9	311	1366	1426
24	5	0	312	212	281
24	14	5	313	281	344
24	7	10	314	349	379
24	14	2	315	398	473
24	2	5	316	507	574
24	11	2	317	865	875
24	14	5	318	961	1028
24	2	10	319	1300	1367
24	14	0	320	1367	1431
24	0	9	321	1515	1541
24	0	10	322	1541	1607
25	11	2	323	13	48
25	14	2	324	48	67
25	11	2	325	181	217
25	1	10	326	217	225
25	13	7	327	300	319
25	13	6	328	457	504
25	6	4	329	590	675
25	2	5	330	757	817
25	2	3	331	922	971
25	2	0	332	1010	1115
25	14	1	333	1561	1581
26	1	1	334	0	30
26	11	2	335	67	114
26	7	5	336	226	276
26	12	7	337	367	389
26	0	5	338	397	476
26	10	9	339	484	508
26	10	7	340	631	665
26	1	6	341	737	816
26	2	5	342	817	833
26	2	3	343	971	997
26	12	10	344	1002	1070
26	11	4	345	1200	1259
26	7	5	346	1312	1338
26	3	4	347	1338	1385
26	2	5	348	1570	1599
27	0	11	349	0	30
27	7	0	350	80	97
27	5	0	351	169	212
27	8	2	352	311	390
27	11	2	353	600	610
27	2	8	354	656	701
27	0	11	355	832	865
27	7	11	356	1002	1098
27	6	3	357	1186	1259
27	4	2	358	1479	1540
28	8	0	359	0	22
28	4	4	360	93	128
28	6	4	361	128	154
28	12	1	362	611	661
28	1	1	363	684	737
28	12	1	364	737	747
28	11	4	365	788	848
28	14	4	366	1028	1077
28	14	2	367	1149	1223
28	7	5	368	1267	1312
29	10	9	369	9	34
29	0	10	370	147	216
29	12	3	371	251	296
29	7	9	372	578	599
29	5	3	373	653	706
29	10	1	374	779	797
29	11	4	375	877	890
29	14	4	376	1077	1125
29	10	7	377	1181	1228
29	9	7	378	1228	1318
29	13	9	379	1337	1348
29	4	2	380	1540	1551


Solution History:
