This is the output of Heuristic Solver for Dual resource constrained flexible job shop Scheduling Problem.
Input file is: wfjsp14_8.txt
Method: FaFM
Seed: 5
Number of Jobs: 30
Number of Operations: 223
Number of Machines: 15
Number of Operators: 15
CPU Time: 27.2123
obj: 795
Best found lower bound:0
Solver gap (best found lower bound and upper bound difference): Not known


Final Solution:
Job	Machine	Operator	Operation	Start Time	Finish Time
0	14	13	0	214	241
0	11	3	1	259	316
0	9	4	2	316	346
0	11	12	3	499	569
0	3	5	4	672	743
1	1	12	5	150	203
1	10	4	6	203	269
1	3	14	7	289	300
1	11	3	8	377	425
1	4	9	9	464	516
1	8	3	10	593	618
1	0	4	11	683	771
1	1	1	12	781	789
2	14	13	13	59	139
2	12	10	14	194	215
2	12	10	15	223	290
2	3	11	16	365	433
2	12	1	17	437	463
2	8	3	18	463	519
2	4	8	19	681	723
3	10	4	20	0	40
3	7	5	21	40	77
3	4	2	22	99	153
3	2	9	23	153	209
3	1	2	24	209	272
3	0	0	25	294	383
3	13	14	26	417	493
3	4	3	27	519	586
3	12	10	28	597	666
3	10	10	29	666	741
4	2	10	30	0	65
4	5	10	31	110	181
4	11	3	32	199	259
4	7	5	33	347	386
4	1	7	34	481	565
4	5	7	35	599	681
4	8	13	36	751	777
5	10	4	37	40	66
5	11	4	38	66	129
5	2	9	39	262	274
5	3	11	40	300	365
5	10	9	41	365	394
5	14	4	42	403	414
5	5	6	43	426	469
5	12	9	44	521	561
6	1	12	45	99	150
6	6	5	46	153	237
6	10	4	47	269	305
6	13	14	48	307	358
6	12	2	49	373	437
6	6	11	50	531	607
7	3	1	51	64	75
7	4	7	52	180	195
7	3	14	53	245	289
7	5	8	54	469	522
7	13	6	55	546	561
7	1	12	56	713	781
8	4	12	57	50	99
8	11	4	58	129	199
8	14	13	59	241	274
8	1	2	60	274	358
8	6	0	61	383	438
8	0	0	62	450	472
8	12	9	63	561	583
8	9	2	64	706	753
9	1	2	65	29	94
9	7	5	66	108	126
9	14	13	67	139	160
9	13	7	68	208	244
9	4	12	69	329	379
9	11	12	70	430	484
9	11	12	71	484	499
9	11	11	72	617	689
9	13	7	73	751	789
10	1	2	74	0	29
10	7	5	75	77	108
10	4	7	76	153	180
10	10	9	77	394	464
10	6	0	78	472	517
10	3	5	79	537	565
10	9	2	80	627	706
11	9	1	81	0	22
11	0	9	82	85	149
11	8	14	83	179	244
11	2	9	84	274	355
11	8	10	85	379	460
11	14	13	86	460	500
11	7	8	87	599	664
11	6	9	88	672	740
12	6	0	89	0	75
12	10	3	90	131	191
12	7	8	91	208	283
12	2	8	92	355	435
12	2	10	93	460	524
12	5	10	94	524	544
12	0	13	95	617	683
12	8	13	96	683	751
13	0	9	97	0	85
13	14	13	98	160	214
13	0	0	99	239	294
13	0	13	100	383	450
13	10	4	101	469	556
13	1	12	102	617	713
13	7	1	103	715	778
14	9	1	104	153	243
14	8	6	105	247	280
14	6	10	106	295	311
14	8	13	107	311	379
14	1	7	108	379	409
14	3	0	109	518	537
14	5	10	110	544	597
14	8	14	111	618	682
15	12	11	112	0	33
15	10	3	113	66	131
15	7	8	114	150	208
15	9	1	115	346	436
15	7	5	116	442	486
15	14	13	117	528	607
15	6	0	118	607	621
15	2	3	119	716	776
15	2	3	120	776	792
16	9	7	121	59	125
16	11	3	122	316	377
16	4	3	123	430	463
16	9	2	124	465	551
16	6	9	125	621	672
16	6	11	126	741	790
17	3	8	127	0	43
17	9	7	128	43	59
17	9	1	129	126	153
17	3	11	130	194	245
17	7	8	131	283	347
17	1	7	132	409	481
17	7	0	133	537	599
17	13	6	134	655	720
17	13	7	135	720	751
17	3	5	136	751	795
18	11	3	137	0	21
18	8	3	138	21	65
18	0	14	139	151	179
18	6	11	140	245	295
18	7	5	141	422	442
18	0	14	142	546	587
18	14	0	143	637	696
18	12	11	144	696	727
19	14	6	145	0	36
19	13	14	146	79	151
19	5	6	147	181	247
19	6	10	148	311	378
19	13	14	149	405	417
19	3	5	150	579	672
20	7	7	151	126	149
20	5	6	152	287	356
20	14	4	153	356	403
20	3	5	154	565	579
20	5	6	155	720	790
21	8	13	156	0	9
21	12	11	157	33	78
21	8	6	158	110	174
21	2	9	159	209	262
21	12	7	160	290	373
21	0	14	161	587	617
21	11	14	162	689	709
21	11	14	163	709	779
22	3	8	164	43	64
22	6	0	165	75	153
22	3	0	166	153	184
22	0	0	167	184	239
22	14	13	168	289	299
22	12	1	169	463	521
22	8	8	170	522	593
22	4	9	171	755	794
23	3	11	172	78	129
23	12	11	173	129	194
23	13	14	174	358	405
23	10	2	175	556	620
23	12	11	176	727	741
24	13	14	177	0	79
24	13	2	178	153	208
24	4	12	179	208	259
24	3	11	180	433	518
24	6	11	181	518	531
24	1	7	182	565	599
24	13	6	183	626	655
24	4	8	184	723	755
24	9	2	185	755	787
25	12	1	186	78	126
25	8	13	187	280	289
25	7	5	188	386	422
25	6	4	189	438	469
25	14	13	190	500	528
25	2	1	191	548	638
25	5	3	192	681	716
26	14	13	193	36	59
26	5	7	194	247	287
26	10	1	195	305	334
26	4	12	196	379	430
26	2	8	197	435	453
26	2	1	198	524	548
26	10	3	199	620	661
26	14	0	200	696	786
27	4	12	201	0	50
27	8	10	202	65	108
27	9	1	203	243	305
27	14	5	204	307	342
27	9	2	205	437	465
27	0	6	206	472	545
27	11	12	207	569	617
27	14	0	208	621	637
27	2	1	209	638	715
28	5	7	210	0	37
28	2	8	211	65	150
28	13	5	212	244	307
28	5	6	213	356	426
28	13	14	214	493	546
28	9	4	215	556	627
29	5	6	216	37	110
29	12	10	217	215	223
29	4	12	218	259	329
29	7	5	219	486	530
29	13	6	220	561	626
29	4	4	221	627	681
29	10	10	222	741	781


Solution History:
