This is the output of Heuristic Solver for Dual resource constrained flexible job shop Scheduling Problem.
Input file is: wfjsp24_9.txt
Method: FaFM
Seed: 4
Number of Jobs: 40
Number of Operations: 284
Number of Machines: 15
Number of Operators: 12
CPU Time: 63.3697
obj: 1288
Best found lower bound:0
Solver gap (best found lower bound and upper bound difference): Not known


Final Solution:
Job	Machine	Operator	Operation	Start Time	Finish Time
0	4	9	0	316	397
0	12	9	1	397	436
0	6	5	2	480	540
0	2	5	3	540	596
0	8	5	4	1246	1273
1	13	9	5	63	142
1	3	8	6	153	215
1	3	10	7	337	360
1	6	9	8	708	770
1	2	2	9	862	923
1	12	9	10	1010	1094
1	12	10	11	1094	1174
1	4	11	12	1194	1277
2	1	2	13	0	39
2	12	11	14	50	72
2	1	0	15	293	346
2	2	8	16	367	383
2	10	9	17	575	663
2	9	4	18	687	709
2	4	6	19	1000	1019
2	4	11	20	1062	1104
3	8	8	21	238	277
3	12	8	22	277	290
3	5	5	23	337	357
3	3	5	24	752	775
3	2	6	25	923	981
3	10	4	26	1078	1135
4	2	5	27	171	256
4	11	4	28	294	379
4	10	4	29	379	471
4	0	3	30	1168	1229
4	5	8	31	1229	1287
5	2	5	32	115	171
5	0	3	33	430	496
5	7	7	34	554	566
5	5	6	35	674	762
5	4	3	36	776	807
5	13	5	37	870	892
5	4	1	38	892	903
5	13	4	39	1018	1076
6	11	3	40	0	64
6	14	4	41	93	184
6	14	3	42	198	220
6	11	6	43	405	423
6	9	10	44	557	582
6	6	7	45	582	619
6	4	3	46	807	856
6	9	2	47	1134	1197
6	3	7	48	1206	1254
6	0	9	49	1265	1287
7	4	7	50	0	89
7	4	6	51	168	197
7	4	6	52	197	255
7	9	4	53	269	294
7	3	0	54	415	440
7	8	7	55	799	874
7	0	3	56	1042	1113
7	3	7	57	1191	1206
7	6	2	58	1252	1283
8	14	4	59	9	93
8	6	1	60	94	141
8	4	7	61	273	315
8	9	2	62	315	398
8	10	6	63	817	876
8	14	1	64	904	973
8	9	10	65	1000	1063
8	5	8	66	1124	1140
9	0	10	67	81	89
9	7	7	68	372	404
9	5	5	69	606	666
9	0	5	70	666	690
9	0	3	71	1009	1042
10	9	1	72	0	32
10	13	11	73	154	224
10	13	1	74	239	321
10	6	5	75	428	480
10	7	9	76	480	510
10	5	8	77	512	595
10	12	4	78	606	653
10	10	6	79	762	817
10	0	0	80	977	1009
10	0	3	81	1229	1265
11	8	7	82	89	121
11	1	10	83	360	376
11	14	11	84	406	463
11	1	4	85	709	749
11	10	0	86	1135	1208
12	0	9	87	205	260
12	12	8	88	348	367
12	13	2	89	729	748
12	11	1	90	783	857
12	13	5	91	892	933
12	14	11	92	1108	1194
13	1	8	93	65	153
13	13	0	94	513	565
13	1	1	95	629	641
13	11	1	96	749	783
13	6	2	97	797	855
13	0	3	98	871	938
13	5	8	99	942	1036
14	9	1	100	32	61
14	6	1	101	167	225
14	2	8	102	383	420
14	11	1	103	606	628
14	8	7	104	713	799
14	8	2	105	1075	1130
14	3	5	106	1134	1189
15	5	2	107	191	275
15	7	3	108	284	293
15	7	3	109	293	354
15	14	3	110	528	585
15	2	2	111	713	729
15	0	10	112	729	802
15	12	9	113	896	983
16	8	0	114	0	25
16	12	0	115	25	50
16	3	1	116	523	591
16	8	2	117	591	651
16	13	2	118	651	707
16	9	1	119	717	749
16	14	11	120	979	1006
16	6	7	121	1085	1146
16	1	1	122	1146	1215
17	7	9	123	142	205
17	1	0	124	221	293
17	5	0	125	357	415
17	2	6	126	423	446
17	7	9	127	510	554
17	0	9	128	554	575
17	12	10	129	802	887
17	13	5	130	933	1002
17	11	4	131	1135	1221
17	13	4	132	1221	1285
18	7	8	133	0	59
18	5	1	134	61	94
18	6	1	135	141	167
18	0	3	136	496	512
18	1	0	137	576	629
18	14	4	138	752	824
18	11	1	139	857	880
18	11	4	140	962	1018
18	2	10	141	1174	1261
19	9	10	142	191	269
19	1	10	143	445	486
19	12	6	144	490	573
19	4	11	145	573	661
19	6	9	146	663	708
19	4	9	147	1104	1137
20	5	2	148	275	308
20	14	11	149	324	406
20	3	0	150	696	751
20	5	9	151	770	829
20	13	4	152	829	860
20	4	3	153	860	871
20	8	2	154	1007	1075
20	13	0	155	1108	1134
20	12	6	156	1174	1268
20	3	3	157	1268	1287
21	0	10	158	89	122
21	3	6	159	255	267
21	13	0	160	440	513
21	11	4	161	528	589
21	7	8	162	595	651
21	9	11	163	661	678
21	4	0	164	904	977
21	14	0	165	1009	1108
21	0	3	166	1113	1168
22	6	6	167	267	359
22	11	1	168	641	717
22	12	8	169	717	796
22	7	8	170	796	872
22	3	8	171	872	942
22	3	1	172	973	1027
23	2	0	173	50	109
23	9	2	174	139	181
23	12	8	175	290	348
23	10	7	176	999	1030
23	2	6	177	1114	1171
24	8	10	178	25	79
24	5	10	179	176	191
24	0	9	180	260	316
24	1	2	181	500	576
24	11	4	182	589	606
24	4	3	183	675	776
24	14	0	184	824	904
24	1	7	185	919	930
24	10	7	186	930	999
24	8	5	187	1191	1246
25	5	8	188	450	512
25	11	3	189	512	520
25	14	5	190	690	752
25	6	2	191	775	797
25	8	10	192	887	912
25	4	6	193	1019	1045
25	11	1	194	1221	1276
26	2	6	195	0	33
26	3	3	196	591	675
26	2	2	197	748	775
26	6	5	198	1002	1069
26	8	7	199	1146	1191
27	3	5	200	0	14
27	11	7	201	121	183
27	3	6	202	360	405
27	10	11	203	471	560
27	14	6	204	589	674
27	5	8	205	1036	1124
28	12	11	206	72	154
28	4	2	207	458	500
28	1	0	208	641	696
28	13	4	209	860	870
28	11	4	210	880	962
28	2	9	211	983	1010
28	7	7	212	1030	1085
29	1	2	213	39	65
29	11	5	214	70	115
29	13	1	215	225	239
29	10	11	216	678	761
29	6	6	217	981	1000
29	1	11	218	1007	1062
30	0	11	219	25	46
30	0	6	220	48	81
30	3	6	221	81	128
30	0	3	222	132	198
30	3	8	223	215	238
30	0	7	224	316	372
30	7	3	225	938	1008
30	2	6	226	1045	1114
31	11	7	227	183	273
31	8	10	228	277	335
31	5	8	229	420	450
31	2	5	230	775	862
31	10	10	231	1063	1078
32	1	10	232	376	445
32	14	4	233	471	528
32	7	10	234	656	729
32	13	0	235	751	824
32	6	9	236	1146	1252
33	7	3	237	64	132
33	5	6	238	132	168
33	6	5	239	359	428
33	8	7	240	430	476
33	5	1	241	595	606
33	2	7	242	619	713
33	9	11	243	844	931
33	6	11	244	931	979
33	12	7	245	1268	1288
34	4	0	246	109	166
34	10	0	247	166	181
34	10	4	248	184	252
34	13	1	249	321	415
34	9	10	250	486	557
34	5	9	251	829	896
35	0	7	252	404	430
35	3	6	253	446	490
35	9	10	254	582	656
35	8	10	255	912	1000
35	9	5	256	1069	1134
35	7	8	257	1140	1209
36	14	4	258	0	9
36	3	5	259	14	70
36	14	11	260	224	324
36	3	1	261	490	523
36	9	2	262	1197	1252
37	13	9	263	0	63
37	9	2	264	65	139
37	3	5	265	267	337
37	4	2	266	398	458
37	12	6	267	573	589
37	12	4	268	653	687
37	7	6	269	876	919
37	1	2	270	930	1007
37	11	1	271	1027	1131
37	10	0	272	1208	1286
38	0	11	273	0	25
38	2	6	274	33	48
38	8	10	275	122	176
38	8	0	276	181	221
38	9	1	277	415	481
39	7	3	278	220	284
39	8	3	279	354	415
39	8	7	280	476	547
39	8	8	281	651	708
39	9	11	282	761	844
39	10	7	283	876	919


Solution History:
