This is the output of Heuristic Solver for Dual resource constrained flexible job shop Scheduling Problem.
Input file is: wfjsp24_3.txt
Method: FaFM
Seed: 1
Number of Jobs: 40
Number of Operations: 307
Number of Machines: 15
Number of Operators: 12
CPU Time: 29.124
obj: 1345
Best found lower bound:0
Solver gap (best found lower bound and upper bound difference): Not known


Final Solution:
Job	Machine	Operator	Operation	Start Time	Finish Time
0	5	9	0	37	105
0	8	4	1	124	138
0	5	7	2	176	191
0	7	1	3	199	277
0	8	3	4	587	664
0	13	9	5	664	732
0	14	3	6	917	989
0	0	5	7	1048	1083
0	1	7	8	1164	1246
1	3	3	9	0	14
1	4	11	10	115	176
1	8	2	11	424	518
1	11	6	12	545	561
1	3	6	13	561	657
1	7	1	14	692	784
1	8	3	15	1048	1076
1	3	6	16	1193	1255
2	4	5	17	0	17
2	9	1	18	37	115
2	7	9	19	124	134
2	5	11	20	191	217
2	10	11	21	582	640
2	3	5	22	685	782
2	5	10	23	847	911
2	7	10	24	978	1012
2	13	0	25	1022	1105
2	13	9	26	1213	1315
3	10	1	27	0	9
3	10	2	28	37	71
3	5	11	29	217	320
3	7	7	30	437	468
3	4	4	31	483	514
3	14	5	32	626	685
3	14	5	33	782	841
3	13	3	34	856	917
4	3	3	35	301	415
4	7	10	36	481	575
4	2	7	37	609	625
4	3	6	38	851	878
4	3	6	39	878	948
4	9	9	40	965	978
4	3	1	41	984	1008
4	7	10	42	1012	1070
4	12	6	43	1073	1105
4	10	4	44	1172	1220
5	9	1	45	277	370
5	7	7	46	370	437
5	0	5	47	459	530
5	7	1	48	625	642
5	13	7	49	807	821
5	4	11	50	945	1000
5	7	11	51	1125	1192
5	5	11	52	1192	1226
5	12	10	53	1235	1257
5	11	5	54	1276	1329
6	8	10	55	0	25
6	11	5	56	173	201
6	13	3	57	226	300
6	12	8	58	447	520
6	0	5	59	530	626
6	6	4	60	716	818
6	13	1	61	917	926
6	6	4	62	1022	1075
6	12	8	63	1108	1201
7	2	6	64	38	76
7	4	11	65	89	115
7	1	7	66	262	325
7	8	2	67	518	560
7	1	6	68	657	742
7	7	1	69	784	796
7	1	7	70	1008	1094
8	6	2	71	71	133
8	4	11	72	330	357
8	14	5	73	388	459
8	13	1	74	459	491
8	14	3	75	989	1044
8	6	10	76	1224	1235
9	11	10	77	112	139
9	2	10	78	228	239
9	2	10	79	239	313
9	0	8	80	823	896
9	10	4	81	896	950
9	14	4	82	1220	1236
9	5	0	83	1236	1274
9	12	6	84	1305	1317
10	6	0	85	161	242
10	10	9	86	265	301
10	11	10	87	575	609
10	8	3	88	664	686
10	2	7	89	710	741
10	13	1	90	1108	1155
10	14	9	91	1155	1210
10	7	5	92	1219	1245
10	7	5	93	1245	1276
11	12	8	94	0	38
11	14	7	95	60	137
11	14	5	96	139	173
11	2	1	97	382	458
11	6	0	98	613	704
11	12	1	99	824	915
11	2	2	100	919	970
11	3	6	101	1135	1169
11	0	3	102	1169	1269
11	10	11	103	1269	1340
12	12	4	104	55	89
12	6	3	105	138	150
12	12	3	106	165	226
12	11	0	107	242	283
12	2	10	108	313	382
12	8	8	109	700	787
12	10	9	110	789	875
12	7	9	111	875	965
12	2	2	112	1073	1127
12	4	11	113	1226	1260
13	5	11	114	0	23
13	1	7	115	137	176
13	11	0	116	283	324
13	4	11	117	357	368
13	6	4	118	416	483
13	11	6	119	989	1073
14	10	9	120	22	37
14	12	8	121	226	291
14	12	8	122	520	561
14	2	2	123	561	593
14	3	6	124	782	851
14	2	2	125	872	919
14	8	5	126	919	978
15	6	4	127	0	55
15	2	1	128	117	199
15	1	10	129	382	471
15	8	10	130	824	847
15	1	7	131	946	1008
15	3	6	132	1169	1193
15	11	8	133	1201	1264
16	0	2	134	0	37
16	2	4	135	89	117
16	9	5	136	210	274
16	4	5	137	274	330
16	5	0	138	361	397
16	1	2	139	593	645
16	5	2	140	645	693
16	9	9	141	732	760
16	4	11	142	905	935
16	6	7	143	1246	1343
17	11	10	144	45	112
17	12	3	145	150	165
17	9	9	146	621	647
17	14	3	147	686	758
17	12	9	148	978	1036
17	0	3	149	1269	1332
18	13	6	150	76	124
18	13	0	151	124	161
18	5	7	152	325	354
18	0	2	153	354	424
18	4	4	154	623	667
18	10	0	155	704	742
18	8	8	156	787	823
18	9	2	157	1277	1301
18	8	2	158	1301	1345
19	0	5	159	60	96
19	9	10	160	171	210
19	11	5	161	330	388
19	12	8	162	561	630
19	9	11	163	647	712
19	0	8	164	997	1035
19	9	4	165	1075	1136
19	4	10	166	1140	1223
19	14	9	167	1315	1343
20	3	6	168	124	213
20	8	4	169	228	255
20	14	3	170	490	549
20	1	3	171	549	587
20	11	1	172	1099	1108
20	2	1	173	1264	1345
21	8	8	174	143	226
21	9	1	175	545	612
21	12	8	176	630	700
21	0	11	177	712	798
21	1	7	178	821	911
21	8	5	179	978	1048
21	7	10	180	1287	1327
22	2	9	181	0	22
22	3	3	182	22	79
22	10	4	183	143	203
22	12	6	184	301	376
22	2	7	185	625	710
22	7	11	186	1071	1125
22	13	1	187	1155	1180
22	2	1	188	1180	1199
23	14	4	189	286	384
23	8	4	190	384	416
23	9	8	191	416	447
23	6	0	192	495	535
23	4	0	193	535	613
23	14	5	194	841	909
23	11	0	195	909	953
24	10	8	196	83	143
24	14	10	197	471	481
24	6	7	198	538	609
24	7	1	199	612	625
24	11	10	200	669	733
24	6	4	201	845	895
24	4	11	202	935	945
24	14	4	203	1236	1308
25	1	7	204	191	262
25	8	2	205	275	332
25	13	7	206	741	807
25	9	8	207	986	997
25	6	3	208	1076	1167
26	1	0	209	0	26
26	0	5	210	96	139
26	6	8	211	291	348
26	1	6	212	514	541
26	8	5	213	1128	1143
27	3	6	214	213	301
27	4	6	215	376	414
27	12	10	216	733	824
27	4	0	217	824	905
27	5	0	218	953	972
27	1	7	219	1094	1164
28	8	9	220	105	124
28	14	9	221	175	265
28	3	6	222	453	514
28	10	1	223	642	692
28	2	6	224	754	765
28	11	2	225	774	872
28	14	10	226	1070	1101
28	9	5	227	1191	1219
28	9	4	228	1308	1338
29	1	0	229	325	361
29	10	9	230	371	404
29	11	10	231	609	669
29	4	4	232	669	716
29	6	4	233	818	845
29	9	2	234	1224	1277
30	11	10	235	139	171
30	9	9	236	447	534
30	14	4	237	555	623
30	1	0	238	742	818
30	13	1	239	957	984
30	0	5	240	1083	1099
30	8	5	241	1099	1128
30	6	2	242	1186	1224
30	1	10	243	1257	1287
31	4	11	244	23	89
31	11	0	245	397	495
31	13	7	246	509	538
31	13	9	247	538	558
31	11	2	248	745	774
31	11	6	249	953	989
32	13	7	250	0	56
32	9	9	251	134	145
32	5	9	252	145	175
32	10	11	253	510	582
32	5	9	254	1036	1102
32	3	6	255	1105	1135
32	13	0	256	1180	1213
33	9	11	257	370	405
33	12	9	258	405	441
33	11	1	259	495	545
33	13	3	260	827	856
33	4	11	261	1000	1071
33	0	10	262	1101	1140
34	1	0	263	26	121
34	6	4	264	255	286
34	5	2	265	693	745
34	0	8	266	896	986
34	12	6	267	1257	1305
35	7	6	268	0	38
35	8	8	269	38	83
35	1	7	270	471	509
35	5	3	271	758	827
35	5	2	272	972	1025
35	2	2	273	1025	1049
35	9	2	274	1049	1073
35	5	9	275	1102	1146
35	11	5	276	1146	1191
36	9	1	277	9	37
36	5	3	278	415	490
36	10	4	279	950	1021
36	9	2	280	1136	1186
36	3	8	281	1264	1336
37	14	5	282	17	60
37	0	2	283	139	237
37	0	2	284	237	275
37	10	11	285	405	510
37	2	4	286	514	555
37	12	10	287	915	978
37	6	0	288	978	1022
37	3	1	289	1022	1099
37	1	0	290	1287	1326
38	12	3	291	89	138
38	2	4	292	203	228
38	13	9	293	301	371
38	5	7	294	911	946
38	10	8	295	1035	1108
38	2	1	296	1199	1264
38	13	6	297	1317	1328
39	11	10	298	25	45
39	6	8	299	348	414
39	3	6	300	415	453
39	13	9	301	558	621
39	4	6	302	742	754
39	9	9	303	760	789
39	9	11	304	798	887
39	13	1	305	926	957
39	10	0	306	1108	1172


Solution History:
