This is the output of Heuristic Solver for Dual resource constrained flexible job shop Scheduling Problem.
Input file is: wfjsp11_1.txt
Method: FaFM
Seed: 2
Number of Jobs: 20
Number of Operations: 190
Number of Machines: 10
Number of Operators: 10
CPU Time: 31.2022
obj: 1004
Best found lower bound:0
Solver gap (best found lower bound and upper bound difference): Not known


Final Solution:
Job	Machine	Operator	Operation	Start Time	Finish Time
0	6	8	0	91	165
0	4	3	1	222	248
0	1	7	2	282	322
0	7	7	3	322	414
0	2	1	4	453	532
0	4	3	5	595	651
0	4	3	6	651	733
0	3	4	7	755	791
0	2	2	8	870	908
0	0	8	9	926	961
1	6	0	10	0	9
1	2	2	11	24	40
1	3	8	12	45	59
1	1	1	13	103	153
1	5	2	14	161	222
1	7	5	15	222	278
1	6	6	16	356	382
1	6	6	17	382	392
1	4	3	18	392	449
1	6	4	19	466	512
1	9	9	20	558	650
1	1	1	21	702	796
1	9	9	22	863	904
1	7	6	23	922	998
2	1	4	24	0	14
2	8	0	25	14	49
2	7	7	26	75	99
2	5	2	27	246	267
2	5	2	28	267	316
2	5	2	29	357	438
2	9	9	30	447	486
2	9	9	31	486	547
2	6	0	32	593	682
2	2	0	33	689	735
2	7	5	34	771	784
2	0	8	35	961	1001
3	2	2	36	0	24
3	0	2	37	121	158
3	4	3	38	248	327
3	3	8	39	349	404
3	7	7	40	414	446
3	3	8	41	446	528
3	5	5	42	552	580
3	5	2	43	684	742
3	3	4	44	742	755
3	2	4	45	814	828
3	7	7	46	828	900
3	2	2	47	908	919
3	9	9	48	931	941
4	2	6	49	91	127
4	9	9	50	144	216
4	4	1	51	327	344
4	2	1	52	395	453
4	4	3	53	453	512
4	1	1	54	796	838
4	6	4	55	845	883
5	2	6	56	127	219
5	6	1	57	219	257
5	5	2	58	438	529
5	4	3	59	792	847
5	9	9	60	904	931
6	1	1	61	27	103
6	0	0	62	273	291
6	5	5	63	316	357
6	2	1	64	554	649
6	3	8	65	649	683
7	9	9	66	27	44
7	2	6	67	47	91
7	3	4	68	91	145
7	0	8	69	212	273
7	8	4	70	289	329
7	6	6	71	329	356
7	8	4	72	405	443
7	1	4	73	512	550
7	0	2	74	554	595
7	3	8	75	595	637
7	9	9	76	650	723
7	2	0	77	735	814
7	3	5	78	829	904
7	6	0	79	914	1004
8	7	7	80	136	208
8	3	8	81	273	310
8	2	2	82	326	341
8	4	3	83	344	365
8	4	3	84	383	392
8	1	4	85	625	702
8	3	4	86	702	740
8	9	9	87	793	824
8	2	0	88	838	857
8	6	4	89	883	913
8	9	1	90	941	999
9	5	3	91	66	83
9	2	1	92	276	326
9	9	9	93	378	447
9	5	5	94	663	684
9	8	0	95	819	838
9	1	4	96	940	1000
10	4	5	97	37	48
10	8	0	98	76	166
10	1	7	99	210	282
10	3	8	100	528	585
10	2	1	101	649	689
10	0	5	102	689	771
11	6	4	103	14	91
11	7	7	104	99	136
11	2	6	105	219	276
11	0	5	106	438	457
11	0	5	107	457	505
11	9	9	108	547	558
11	0	2	109	595	675
11	0	8	110	870	926
11	4	5	111	927	1003
12	3	3	112	0	20
12	6	0	113	166	187
12	0	5	114	361	438
12	6	4	115	443	466
12	7	7	116	650	739
12	5	6	117	747	839
12	7	7	118	900	912
13	3	3	119	20	45
13	5	3	120	47	66
13	3	4	121	145	229
13	2	1	122	344	395
13	1	4	123	550	625
13	4	3	124	733	792
13	9	9	125	824	863
13	4	1	126	887	927
14	9	1	127	0	27
14	8	0	128	49	76
14	4	5	129	108	200
14	4	3	130	200	222
14	5	2	131	222	246
14	3	8	132	310	349
14	4	0	133	365	383
14	3	8	134	404	444
14	4	3	135	512	595
14	8	6	136	627	686
14	8	6	137	686	729
14	0	2	138	771	870
14	1	0	139	870	914
14	2	2	140	919	997
15	7	7	141	0	75
15	5	3	142	83	137
15	8	0	143	187	268
15	9	9	144	306	378
15	1	0	145	383	429
15	8	6	146	471	510
15	8	0	147	510	576
15	5	5	148	580	663
15	9	9	149	723	793
16	4	5	150	0	37
16	4	5	151	48	108
16	1	1	152	153	210
16	9	9	153	216	276
16	6	6	154	276	325
16	7	7	155	446	482
16	0	5	156	505	552
16	6	8	157	718	804
16	6	8	158	804	845
16	5	3	159	847	904
16	8	7	160	922	998
17	9	9	161	44	117
17	9	9	162	117	144
17	5	3	163	144	161
17	3	4	164	229	271
17	8	4	165	271	289
17	9	5	166	289	306
17	0	0	167	306	361
17	6	6	168	392	430
17	2	2	169	532	554
17	8	7	170	747	819
17	8	6	171	839	922
17	1	4	172	922	940
18	5	6	173	0	47
18	1	0	174	429	510
18	6	6	175	512	593
18	8	6	176	593	627
18	3	5	177	791	829
18	4	1	178	847	887
19	0	8	179	0	41
19	0	2	180	41	121
19	0	8	181	165	212
19	8	4	182	329	405
19	8	6	183	443	471
19	7	7	184	482	558
19	7	7	185	558	650
19	6	8	186	683	718
19	8	6	187	729	747
19	3	3	188	904	957
19	5	3	189	957	995


Solution History:
