This is the output of Heuristic Solver for Dual resource constrained flexible job shop Scheduling Problem.
Input file is: wfjsp20_4.txt
Method: FaFM
Seed: 4
Number of Jobs: 25
Number of Operations: 198
Number of Machines: 10
Number of Operators: 8
CPU Time: 17.3335
obj: 1286
Best found lower bound:0
Solver gap (best found lower bound and upper bound difference): Not known


Final Solution:
Job	Machine	Operator	Operation	Start Time	Finish Time
0	9	6	0	0	69
0	7	7	1	89	149
0	6	3	2	236	311
0	2	4	3	412	474
0	6	7	4	685	778
0	5	2	5	995	1026
0	7	7	6	1070	1116
0	8	3	7	1193	1209
0	6	3	8	1209	1256
1	8	5	9	0	20
1	2	6	10	100	113
1	6	6	11	113	152
1	3	7	12	162	227
1	6	2	13	355	377
1	8	5	14	801	879
1	9	6	15	887	958
1	4	5	16	958	1022
1	0	2	17	1194	1243
2	2	6	18	69	100
2	5	0	19	143	158
2	8	7	20	278	324
2	5	1	21	328	403
2	3	2	22	687	697
2	3	6	23	796	859
2	7	1	24	1192	1264
3	2	0	25	224	235
3	9	2	26	448	522
3	3	3	27	587	674
3	7	0	28	695	795
3	0	0	29	859	910
3	1	4	30	931	1024
4	1	1	31	40	104
4	9	2	32	377	448
4	6	2	33	616	663
4	2	1	34	851	867
4	2	3	35	879	949
4	2	4	36	1132	1160
4	0	5	37	1244	1267
5	5	0	38	45	107
5	9	2	39	170	214
5	5	1	40	506	563
5	3	2	41	963	995
5	7	0	42	1120	1175
5	8	7	43	1209	1275
6	0	6	44	227	298
6	6	6	45	524	587
6	7	1	46	629	661
6	5	2	47	663	687
6	3	1	48	899	962
6	9	1	49	962	995
6	6	4	50	1084	1132
6	3	5	51	1217	1244
7	1	5	52	154	246
7	7	0	53	363	398
7	4	1	54	403	416
7	6	7	55	495	524
7	1	5	56	592	664
7	0	6	57	771	782
7	1	3	58	798	879
7	3	1	59	995	1043
7	1	3	60	1134	1193
8	5	1	61	0	40
8	3	3	62	53	87
8	7	7	63	149	162
8	9	4	64	232	256
8	1	4	65	328	378
8	3	2	66	697	754
8	7	2	67	1026	1069
8	9	2	68	1245	1280
9	2	3	69	0	53
9	3	3	70	87	149
9	6	7	71	389	422
9	6	7	72	422	469
9	3	3	73	511	587
9	0	6	74	648	702
9	0	6	75	782	791
9	4	2	76	798	868
9	8	3	77	997	1046
10	3	7	78	0	23
10	0	2	79	96	170
10	2	4	80	256	317
10	8	5	81	431	482
10	5	1	82	695	752
10	8	5	83	879	912
10	0	6	84	958	1056
10	5	3	85	1056	1077
10	9	3	86	1077	1103
11	8	5	87	68	107
11	6	4	88	161	232
11	4	7	89	232	278
11	7	3	90	402	422
11	9	6	91	593	620
11	9	4	92	620	698
11	1	4	93	1024	1084
11	4	7	94	1116	1161
12	7	0	95	0	45
12	3	5	96	246	317
12	0	5	97	317	383
12	4	1	98	416	459
12	2	4	99	698	714
12	6	4	100	778	828
12	3	6	101	859	887
12	1	3	102	1103	1134
12	4	7	103	1161	1208
12	5	0	104	1244	1263
13	0	4	105	0	78
13	9	4	106	78	161
13	7	2	107	214	261
13	5	6	108	460	506
13	0	1	109	563	629
13	7	7	110	841	907
13	8	5	111	912	958
13	0	6	112	1126	1189
13	2	6	113	1206	1276
13	4	5	114	1276	1286
14	9	2	115	261	355
14	2	4	116	474	524
14	0	6	117	702	771
14	8	1	118	771	800
14	2	1	119	800	851
14	4	1	120	868	899
14	2	0	121	1013	1043
15	1	2	122	0	34
15	4	2	123	34	96
15	0	1	124	174	217
15	9	2	125	522	593
15	1	3	126	674	751
15	7	7	127	795	841
15	4	7	128	907	934
15	2	0	129	1043	1120
15	5	0	130	1175	1244
16	4	6	131	298	349
16	5	6	132	412	460
16	1	1	133	460	476
16	1	2	134	754	798
16	6	7	135	934	969
16	9	5	136	1022	1060
16	3	5	137	1165	1217
17	8	5	138	20	68
17	4	1	139	217	231
17	1	1	140	300	328
17	4	3	141	355	402
17	8	5	142	482	582
17	2	0	143	586	631
17	2	0	144	631	695
17	0	6	145	1056	1126
18	2	0	146	113	143
18	5	6	147	158	227
18	8	0	148	236	249
18	6	3	149	311	355
18	8	5	150	383	431
18	6	4	151	587	616
18	7	1	152	661	695
18	0	0	153	795	859
18	5	2	154	868	963
19	8	3	155	149	236
19	1	7	156	524	592
19	7	2	157	593	612
19	5	6	158	620	648
19	4	7	159	658	685
19	6	4	160	828	899
19	2	3	161	949	997
19	5	2	162	1077	1158
20	0	0	163	398	469
20	4	7	164	469	495
20	5	1	165	752	763
20	6	4	166	899	931
20	6	2	167	1158	1194
21	6	7	168	23	89
21	4	1	169	104	174
21	2	6	170	349	412
21	0	0	171	469	563
21	7	0	172	563	586
21	7	0	173	910	1013
21	3	5	174	1060	1136
21	9	4	175	1160	1245
21	1	4	176	1245	1272
21	1	1	177	1272	1285
22	1	5	178	107	154
22	7	0	179	320	363
22	1	4	180	378	401
22	3	3	181	422	511
22	6	7	182	969	1000
22	6	7	183	1000	1070
23	2	0	184	158	224
23	5	1	185	231	300
23	3	7	186	324	389
23	1	1	187	476	504
23	8	7	188	592	658
23	3	3	189	754	796
23	4	1	190	1043	1104
23	8	1	191	1104	1192
24	7	0	192	261	320
24	8	5	193	664	729
24	9	5	194	729	801
24	3	5	195	1136	1165
24	2	6	196	1189	1206
24	3	3	197	1256	1279


Solution History:
