This is the output of Heuristic Solver for Dual resource constrained flexible job shop Scheduling Problem.
Input file is: wfjsp12_7.txt
Method: FaFM
Seed: 2
Number of Jobs: 25
Number of Operations: 200
Number of Machines: 10
Number of Operators: 10
CPU Time: 25.0261
obj: 1029
Best found lower bound:0
Solver gap (best found lower bound and upper bound difference): Not known


Final Solution:
Job	Machine	Operator	Operation	Start Time	Finish Time
0	3	4	0	10	90
0	1	0	1	172	184
0	9	0	2	246	288
0	0	0	3	356	451
0	0	0	4	451	474
0	3	3	5	501	542
0	3	5	6	643	676
0	0	1	7	765	804
1	3	3	8	0	10
1	4	6	9	37	77
1	2	3	10	229	309
1	9	4	11	309	371
1	9	4	12	393	466
1	7	1	13	505	565
1	0	9	14	565	603
1	1	2	15	721	739
1	6	2	16	875	952
1	5	8	17	955	1023
2	1	0	18	0	54
2	8	3	19	85	165
2	3	3	20	165	227
2	4	6	21	258	283
2	4	6	22	283	292
2	8	2	23	302	374
2	6	5	24	510	525
2	7	1	25	589	645
2	1	1	26	709	721
2	4	6	27	940	1016
3	6	5	28	0	46
3	3	4	29	125	155
3	9	1	30	177	244
3	5	7	31	799	874
3	0	1	32	886	969
4	7	2	33	0	9
4	8	3	34	10	85
4	6	5	35	165	239
4	5	2	36	271	299
4	9	4	37	371	393
4	9	4	38	466	502
4	1	3	39	544	612
4	9	7	40	626	696
4	4	6	41	764	846
4	8	4	42	931	1009
5	4	6	43	0	37
5	4	6	44	77	101
5	9	1	45	120	159
5	1	7	46	457	544
5	2	0	47	642	696
5	3	5	48	935	998
6	9	7	49	0	54
6	0	9	50	80	100
6	4	6	51	217	258
6	5	8	52	359	433
6	0	9	53	628	654
6	6	6	54	656	671
6	0	9	55	671	713
6	8	4	56	786	853
6	8	4	57	889	931
7	7	1	58	9	48
7	7	1	59	48	72
7	3	5	60	239	263
7	8	4	61	263	302
7	2	3	62	309	376
7	5	0	63	559	621
7	9	8	64	696	778
7	1	0	65	814	874
8	7	7	66	159	231
8	4	6	67	292	376
8	2	2	68	376	434
8	7	1	69	443	505
8	5	0	70	621	642
8	8	4	71	704	753
8	1	0	72	757	814
8	9	8	73	830	914
9	5	2	74	227	271
9	7	8	75	334	359
9	6	5	76	525	563
9	5	7	77	721	799
9	7	2	78	952	988
10	1	0	79	69	106
10	4	6	80	376	456
10	4	8	81	566	578
10	1	2	82	739	757
10	4	6	83	846	907
11	0	9	84	59	80
11	1	0	85	106	134
11	0	9	86	141	203
11	5	0	87	299	354
11	6	1	88	400	443
11	8	2	89	465	476
11	2	2	90	560	640
11	1	0	91	874	903
11	9	8	92	914	955
11	8	3	93	1009	1027
12	5	8	94	0	30
12	6	5	95	84	165
12	9	1	96	165	177
12	0	9	97	300	356
12	3	5	98	408	426
12	3	3	99	432	501
12	6	6	100	566	656
12	8	4	101	671	704
12	3	9	102	713	795
12	2	3	103	847	902
13	9	7	104	54	87
13	1	0	105	184	246
13	3	5	106	281	332
13	8	2	107	434	465
13	0	2	108	494	556
13	7	1	109	645	673
13	8	4	110	753	786
13	2	2	111	823	834
13	4	6	112	907	940
13	2	9	113	964	1002
14	6	7	114	316	400
14	1	7	115	400	457
14	7	3	116	674	747
14	7	3	117	747	762
14	9	8	118	778	830
15	6	5	119	46	84
15	1	0	120	134	172
15	1	1	121	246	328
15	3	5	122	370	408
15	5	0	123	476	559
15	3	5	124	563	643
15	7	3	125	762	847
15	6	1	126	969	1006
16	9	1	127	87	120
16	6	7	128	297	316
16	1	1	129	355	387
16	5	9	130	433	476
16	0	2	131	476	494
16	1	3	132	903	944
17	2	2	133	66	149
17	8	4	134	237	249
17	3	5	135	332	370
17	9	7	136	555	626
17	2	0	137	696	751
17	2	2	138	757	823
17	2	2	139	834	847
17	8	4	140	853	889
17	5	9	141	889	946
18	0	9	142	0	59
18	2	8	143	155	229
18	7	8	144	231	305
18	8	3	145	376	432
18	4	6	146	456	482
18	8	4	147	502	582
18	6	5	148	786	867
18	9	7	149	955	986
19	7	7	150	87	159
19	8	4	151	165	237
19	3	5	152	263	281
19	7	8	153	305	334
19	2	8	154	434	468
19	0	9	155	603	628
19	5	2	156	642	721
19	0	1	157	721	765
19	0	1	158	804	886
19	3	5	159	899	935
20	2	2	160	9	66
20	0	9	161	203	300
20	2	9	162	476	560
20	1	3	163	612	674
20	4	6	164	685	764
20	7	2	165	847	875
20	7	2	166	988	1018
20	2	0	167	1018	1027
21	4	6	168	101	183
21	4	6	169	482	566
21	3	5	170	881	899
21	0	0	171	969	1007
21	6	1	172	1007	1022
22	5	8	173	30	63
22	3	4	174	90	125
22	6	7	175	239	297
22	8	8	176	476	500
22	7	1	177	565	589
22	4	8	178	646	685
22	6	5	179	685	747
22	3	5	180	998	1019
23	1	0	181	54	69
23	0	9	182	100	141
23	5	2	183	155	227
23	1	1	184	328	355
23	7	9	185	359	411
23	9	8	186	502	555
23	8	4	187	582	591
23	8	4	188	591	671
23	3	9	189	795	881
23	2	0	190	903	964
24	5	8	191	63	155
24	4	6	192	183	217
24	6	5	193	443	510
24	4	8	194	578	646
24	1	1	195	674	709
24	6	5	196	747	786
24	7	7	197	875	949
24	1	3	198	949	1001
24	4	2	199	1018	1029


Solution History:
