This is the output of Heuristic Solver for Dual resource constrained flexible job shop Scheduling Problem.
Input file is: wfjsp9_5.txt
Method: FaFM
Seed: 1
Number of Jobs: 15
Number of Operations: 130
Number of Machines: 5
Number of Operators: 5
CPU Time: 20.8177
obj: 1259
Best found lower bound:0
Solver gap (best found lower bound and upper bound difference): Not known


Final Solution:
Job	Machine	Operator	Operation	Start Time	Finish Time
0	0	1	0	0	15
0	1	4	1	15	55
0	1	4	2	125	222
0	0	1	3	251	319
0	0	1	4	508	573
0	0	1	5	596	630
0	3	2	6	685	749
0	1	3	7	891	930
0	4	4	8	1106	1152
0	1	3	9	1225	1259
1	0	1	10	123	154
1	2	0	11	177	248
1	1	3	12	353	376
1	3	2	13	607	620
1	2	0	14	823	891
1	4	4	15	891	955
1	2	0	16	978	988
1	1	3	17	1059	1110
2	4	3	18	103	178
2	1	4	19	222	261
2	1	3	20	309	337
2	2	0	21	352	389
2	1	3	22	563	593
2	0	1	23	700	730
2	0	1	24	1004	1095
2	3	2	25	1100	1143
3	4	3	26	0	39
3	4	3	27	82	103
3	4	4	28	327	335
3	0	1	29	423	468
3	2	0	30	531	627
3	2	0	31	756	823
3	3	2	32	857	921
3	3	2	33	1017	1100
4	3	2	34	138	221
4	2	0	35	248	284
4	3	2	36	301	314
4	4	4	37	617	663
4	2	0	38	675	756
4	1	3	39	816	891
4	4	4	40	955	1021
4	2	2	41	1227	1255
5	0	1	42	53	123
5	1	3	43	261	293
5	0	1	44	319	337
5	1	3	45	417	481
5	1	3	46	593	675
5	4	4	47	794	887
5	0	1	48	1095	1139
5	1	3	49	1144	1225
6	2	0	50	48	134
6	0	1	51	232	242
6	3	2	52	400	432
6	4	4	53	433	512
6	4	4	54	730	762
6	0	1	55	764	852
6	2	0	56	891	911
6	1	3	57	1110	1144
6	0	1	58	1169	1258
7	3	2	59	0	13
7	3	2	60	13	37
7	4	4	61	261	327
7	1	3	62	337	353
7	0	1	63	468	508
7	4	4	64	762	794
7	0	1	65	852	939
7	4	4	66	1177	1255
8	0	1	67	15	53
8	3	2	68	76	119
8	1	3	69	293	309
8	4	4	70	335	419
8	3	2	71	459	541
8	0	1	72	655	700
8	0	1	73	730	764
8	3	2	74	1004	1017
8	2	0	75	1017	1109
8	0	1	76	1139	1169
9	2	0	77	0	48
9	2	0	78	284	352
9	1	3	79	481	563
9	0	1	80	630	655
9	4	4	81	663	730
9	0	1	82	939	994
9	0	1	83	994	1004
9	4	4	84	1152	1177
9	3	2	85	1217	1226
10	1	4	86	0	9
10	4	3	87	178	261
10	2	0	88	389	483
10	2	0	89	627	675
10	2	0	90	988	1016
10	4	4	91	1021	1106
10	2	0	92	1109	1160
10	3	2	93	1182	1190
11	4	3	94	39	82
11	3	2	95	221	301
11	1	3	96	376	417
11	2	0	97	483	531
11	0	1	98	573	596
11	1	3	99	675	714
11	1	3	100	714	785
11	3	2	101	846	857
11	2	0	102	911	978
11	2	0	103	1160	1227
12	1	4	104	55	125
12	2	0	105	134	177
12	3	2	106	314	400
12	4	4	107	535	617
12	3	2	108	749	779
12	1	3	109	930	1015
12	3	2	110	1143	1182
12	3	0	111	1227	1258
13	3	2	112	37	76
13	0	1	113	242	251
13	0	1	114	337	423
13	3	2	115	432	459
13	4	4	116	512	535
13	3	2	117	592	607
13	3	2	118	620	685
13	1	3	119	785	816
13	1	3	120	1015	1050
13	3	2	121	1190	1217
14	3	2	122	119	138
14	0	1	123	154	232
14	4	4	124	419	433
14	3	2	125	541	571
14	3	2	126	571	592
14	3	2	127	779	846
14	3	2	128	921	1004
14	1	3	129	1050	1059


Solution History:
