This is the output of Heuristic Solver for Dual resource constrained flexible job shop Scheduling Problem.
Input file is: wfjsp23_1.txt
Method: FaFM
Seed: 2
Number of Jobs: 30
Number of Operations: 365
Number of Machines: 15
Number of Operators: 12
CPU Time: 38.3553
obj: 1558
Best found lower bound:0
Solver gap (best found lower bound and upper bound difference): Not known


Final Solution:
Job	Machine	Operator	Operation	Start Time	Finish Time
0	11	7	0	0	69
0	4	5	1	278	300
0	11	11	2	390	443
0	14	11	3	443	533
0	6	5	4	616	696
0	5	7	5	1056	1113
0	1	9	6	1185	1271
0	14	2	7	1303	1333
0	4	5	8	1387	1430
0	12	8	9	1514	1550
1	0	4	10	0	8
1	1	4	11	8	24
1	10	3	12	26	38
1	11	6	13	146	195
1	10	4	14	233	295
1	1	8	15	360	407
1	5	4	16	422	448
1	13	4	17	448	458
1	4	1	18	525	576
1	11	0	19	850	896
1	10	0	20	1146	1237
1	6	9	21	1271	1358
1	12	10	22	1360	1405
1	10	2	23	1456	1537
2	3	2	24	26	40
2	10	6	25	44	74
2	13	10	26	74	95
2	6	3	27	144	171
2	3	11	28	251	306
2	13	7	29	362	444
2	12	8	30	462	500
2	14	10	31	559	615
2	6	6	32	1121	1206
2	1	0	33	1271	1317
2	4	5	34	1372	1387
2	7	1	35	1424	1475
3	14	1	36	0	24
3	13	5	37	138	166
3	7	10	38	174	243
3	10	4	39	295	350
3	10	10	40	382	419
3	10	8	41	900	987
3	1	9	42	1158	1185
3	8	11	43	1230	1288
3	8	11	44	1311	1324
3	4	11	45	1360	1372
3	10	2	46	1375	1456
4	10	0	47	0	9
4	6	3	48	16	26
4	14	3	49	38	76
4	7	8	50	281	360
4	1	8	51	407	422
4	7	0	52	551	610
4	14	1	53	625	675
4	9	5	54	707	744
4	3	0	55	808	850
4	3	11	56	850	942
4	10	10	57	1041	1087
4	6	9	58	1358	1442
5	7	9	59	45	106
5	3	8	60	143	166
5	13	5	61	207	265
5	11	11	62	370	390
5	9	6	63	545	588
5	4	6	64	588	675
5	12	10	65	790	824
5	5	0	66	896	917
5	11	8	67	1026	1087
5	6	5	68	1206	1266
5	10	10	69	1273	1334
5	5	2	70	1334	1375
5	8	11	71	1451	1474
5	6	5	72	1510	1553
6	9	5	73	32	70
6	8	9	74	124	164
6	9	1	75	164	213
6	2	4	76	350	422
6	11	10	77	445	521
6	9	2	78	629	707
6	10	3	79	722	803
6	14	10	80	824	903
6	10	8	81	987	1026
6	0	6	82	1280	1297
6	12	6	83	1303	1322
6	14	1	84	1415	1424
6	1	10	85	1480	1558
7	0	8	86	8	49
7	9	5	87	70	101
7	3	0	88	124	143
7	12	0	89	244	271
7	11	11	90	533	587
7	11	3	91	984	999
7	0	2	92	1030	1080
7	14	2	93	1135	1205
7	8	11	94	1324	1342
7	13	0	95	1394	1417
8	0	0	96	143	197
8	11	7	97	216	227
8	3	1	98	324	413
8	3	9	99	419	498
8	5	7	100	514	574
8	6	9	101	715	755
8	4	3	102	1032	1114
8	9	1	103	1251	1335
8	13	6	104	1335	1368
8	8	11	105	1372	1451
8	1	4	106	1456	1475
9	13	5	107	166	207
9	10	3	108	207	218
9	2	2	109	235	311
9	8	4	110	584	639
9	11	8	111	652	725
9	13	10	112	728	749
9	0	9	113	849	868
9	1	9	114	868	945
9	3	1	115	960	980
9	6	9	116	982	1072
9	14	7	117	1205	1301
9	7	1	118	1401	1415
9	5	7	119	1500	1527
9	14	7	120	1527	1542
10	1	4	121	70	152
10	5	10	122	243	299
10	9	5	123	391	463
10	6	5	124	498	553
10	8	6	125	730	773
10	7	4	126	778	814
10	6	2	127	838	873
10	5	10	128	923	950
10	5	7	129	960	1056
10	8	11	130	1288	1311
10	13	6	131	1368	1394
10	9	5	132	1474	1510
11	12	3	133	0	16
11	1	4	134	24	70
11	5	4	135	152	233
11	0	0	136	271	324
11	7	2	137	478	516
11	5	11	138	587	680
11	2	4	139	737	778
11	2	8	140	786	861
11	13	7	141	881	960
11	12	2	142	986	1030
11	4	3	143	1114	1193
11	14	1	144	1335	1401
12	12	11	145	92	148
12	14	9	146	164	200
12	14	9	147	200	269
12	12	7	148	283	352
12	7	3	149	390	478
12	9	2	150	590	629
12	14	2	151	707	761
12	9	5	152	1002	1066
12	8	6	153	1066	1121
12	7	1	154	1149	1200
12	9	5	155	1335	1371
12	13	5	156	1430	1474
12	7	1	157	1475	1551
13	5	10	158	0	42
13	5	3	159	76	144
13	2	2	160	161	235
13	3	2	161	516	590
13	10	3	162	632	657
13	14	11	163	680	697
13	4	10	164	749	790
13	12	6	165	824	840
13	4	1	166	840	859
13	0	6	167	868	924
13	6	9	168	945	982
13	2	1	169	1125	1149
13	2	4	170	1161	1233
13	14	3	171	1424	1495
14	8	11	172	0	18
14	6	1	173	26	74
14	10	6	174	74	146
14	6	2	175	400	478
14	9	6	176	513	545
14	9	1	177	788	830
14	9	5	178	875	914
14	8	6	179	924	961
14	11	4	180	1087	1161
14	3	8	181	1171	1227
14	12	2	182	1227	1303
14	8	6	183	1495	1524
15	11	7	184	69	143
15	14	10	185	299	382
15	9	5	186	463	498
15	0	4	187	514	531
15	6	5	188	553	616
15	11	7	189	727	762
15	0	9	190	762	849
15	10	8	191	861	900
15	6	10	192	903	923
15	4	3	193	940	984
15	2	1	194	1056	1125
15	0	7	195	1301	1386
15	9	8	196	1386	1395
15	11	10	197	1405	1480
16	12	0	198	16	73
16	9	1	199	213	269
16	12	0	200	362	403
16	0	0	201	403	481
16	12	0	202	502	551
16	10	8	203	570	631
16	13	5	204	763	790
16	1	11	205	945	1033
16	7	4	206	1054	1083
16	14	2	207	1083	1135
16	11	7	208	1161	1183
16	1	0	209	1317	1367
16	11	0	210	1367	1387
16	9	6	211	1395	1467
16	8	11	212	1474	1494
17	6	5	213	300	381
17	12	6	214	403	425
17	10	6	215	425	513
17	7	10	216	521	539
17	2	1	217	576	625
17	8	6	218	773	809
17	5	3	219	809	883
17	14	2	220	940	986
17	11	3	221	1275	1318
17	7	3	222	1318	1400
18	9	5	223	0	32
18	7	2	224	114	161
18	1	8	225	166	249
18	2	10	226	422	445
18	13	3	227	478	554
18	7	10	228	615	671
18	13	10	229	671	728
18	3	5	230	744	763
18	11	4	231	898	973
18	4	3	232	999	1032
18	12	0	233	1032	1087
18	10	10	234	1107	1146
18	13	10	235	1146	1234
18	11	4	236	1318	1360
18	0	8	237	1395	1414
19	8	0	238	73	124
19	4	2	239	311	400
19	12	7	240	574	668
19	2	4	241	726	737
19	12	0	242	737	789
19	3	0	243	789	808
19	12	6	244	840	865
19	2	0	245	917	999
19	9	6	246	1206	1223
19	3	8	247	1340	1381
19	1	4	248	1445	1456
19	4	11	249	1495	1555
20	3	2	250	40	114
20	11	7	251	227	283
20	0	9	252	330	375
20	1	9	253	502	580
20	0	7	254	668	715
20	0	9	255	1080	1158
20	3	8	256	1227	1268
20	5	3	257	1404	1416
20	2	0	258	1417	1466
20	4	6	259	1467	1495
21	3	11	260	166	251
21	11	6	261	300	360
21	0	7	262	715	727
21	6	2	263	761	838
21	0	10	264	950	1009
21	6	10	265	1087	1107
21	1	11	266	1107	1148
21	4	10	267	1334	1360
21	5	7	268	1386	1404
21	11	3	269	1495	1531
22	4	6	270	195	278
22	6	6	271	278	300
22	5	9	272	375	419
22	1	0	273	481	502
22	3	0	274	610	646
22	5	11	275	697	755
22	7	4	276	814	898
22	13	4	277	973	1016
22	5	7	278	1416	1500
22	13	0	279	1526	1546
23	6	1	280	74	135
23	7	8	281	249	281
23	5	11	282	312	370
23	13	3	283	554	632
23	4	5	284	790	838
23	2	1	285	861	910
23	11	0	286	999	1022
23	14	10	287	1029	1041
23	9	5	288	1066	1099
23	11	3	289	1193	1275
23	10	3	290	1537	1557
24	4	6	291	0	44
24	5	10	292	44	72
24	8	3	293	312	390
24	4	1	294	413	463
24	8	1	295	463	480
24	2	8	296	501	570
24	0	9	297	580	636
24	7	1	298	675	743
24	9	5	299	914	1002
24	9	5	300	1099	1203
24	0	6	301	1223	1280
24	4	5	302	1280	1334
24	2	4	303	1475	1551
25	4	11	304	47	92
25	13	5	305	101	138
25	14	1	306	138	162
25	6	3	307	171	207
25	5	4	308	458	513
25	8	4	309	531	584
25	13	8	310	632	652
25	10	3	311	657	722
25	1	8	312	725	786
25	8	6	313	961	1018
25	2	4	314	1018	1054
25	7	1	315	1200	1251
25	3	8	316	1268	1340
25	9	6	317	1524	1547
26	3	2	318	0	26
26	8	11	319	26	47
26	12	3	320	218	235
26	1	9	321	269	330
26	4	1	322	480	525
26	2	4	323	639	726
26	11	11	324	762	846
26	9	5	325	846	875
26	14	3	326	903	940
26	13	6	327	1018	1061
26	6	9	328	1442	1499
26	3	9	329	1499	1555
27	4	10	330	95	174
27	5	3	331	301	312
27	13	0	332	324	362
27	2	7	333	445	501
27	4	6	334	675	730
27	13	7	335	791	881
27	4	2	336	881	931
27	0	10	337	1009	1029
27	5	7	338	1113	1149
27	2	10	339	1234	1273
27	13	0	340	1474	1526
28	0	8	341	49	139
28	0	0	342	197	244
28	8	3	343	267	301
28	1	8	344	422	462
28	0	10	345	539	559
28	3	0	346	646	736
28	14	7	347	762	791
28	3	1	348	980	1056
28	12	8	349	1087	1171
28	1	4	350	1367	1445
29	7	9	351	0	45
29	12	7	352	148	216
29	8	3	353	235	267
29	9	1	354	269	324
29	9	6	355	360	391
29	0	7	356	501	514
29	8	9	357	639	715
29	9	1	358	744	788
29	7	1	359	910	960
29	1	11	360	1033	1073
29	7	0	361	1087	1140
29	8	11	362	1148	1230
29	5	4	363	1233	1316
29	12	8	364	1414	1514


Solution History:
