This is the output of Heuristic Solver for Dual resource constrained flexible job shop Scheduling Problem.
Input file is: wfjsp8_1.txt
Method: FaFM
Seed: 5
Number of Jobs: 15
Number of Operations: 109
Number of Machines: 5
Number of Operators: 5
CPU Time: 7.16627
obj: 1071
Best found lower bound:0
Solver gap (best found lower bound and upper bound difference): Not known


Final Solution:
Job	Machine	Operator	Operation	Start Time	Finish Time
0	2	2	0	105	181
0	4	4	1	228	253
0	2	2	2	372	422
0	2	2	3	486	594
0	4	4	4	912	989
1	1	0	5	75	130
1	3	1	6	242	319
1	4	4	7	581	614
1	4	0	8	659	701
1	3	1	9	706	744
1	4	0	10	748	757
1	1	0	11	922	940
1	2	2	12	981	993
1	1	4	13	1024	1071
2	0	1	14	0	55
2	0	3	15	192	239
2	4	4	16	278	305
2	3	1	17	475	485
2	3	1	18	530	596
2	1	0	19	608	656
2	1	0	20	760	855
3	2	2	21	193	295
3	3	1	22	395	438
3	4	4	23	510	581
3	4	4	24	898	912
3	1	4	25	989	1024
3	4	0	26	1034	1056
4	2	0	27	0	21
4	0	1	28	55	100
4	2	2	29	295	372
4	4	4	30	614	659
4	0	3	31	737	793
4	4	4	32	793	898
4	1	0	33	940	989
5	4	4	34	0	13
5	2	0	35	21	69
5	1	0	36	286	308
5	3	1	37	359	395
5	1	0	38	527	608
5	3	1	39	637	706
5	4	4	40	760	793
5	2	1	41	843	941
5	4	0	42	1007	1034
6	3	2	43	0	68
6	2	2	44	94	105
6	2	2	45	181	193
6	4	4	46	347	421
6	0	3	47	488	496
6	0	3	48	612	620
6	2	1	49	746	790
6	0	3	50	793	868
7	0	3	51	177	192
7	1	0	52	220	286
7	0	3	53	431	488
7	3	1	54	488	530
7	2	1	55	941	981
8	1	0	56	130	220
8	4	4	57	305	347
8	0	3	58	513	612
8	0	3	59	620	680
8	1	4	60	733	760
8	3	2	61	852	923
9	1	4	62	13	33
9	1	4	63	33	75
9	0	3	64	239	338
9	3	1	65	438	475
9	4	4	66	493	510
9	4	0	67	701	748
9	1	0	68	872	922
9	0	3	69	944	1009
9	0	3	70	1009	1055
10	3	2	71	68	94
10	4	4	72	94	129
10	3	1	73	201	242
10	3	1	74	319	359
10	2	2	75	433	486
10	2	2	76	671	746
10	2	2	77	993	1070
11	0	3	78	100	177
11	1	0	79	353	443
11	1	4	80	659	733
11	3	2	81	776	814
11	1	0	82	855	872
11	4	0	83	989	1007
11	3	1	84	1039	1049
12	3	1	85	100	177
12	1	0	86	308	353
12	0	3	87	398	431
12	0	3	88	496	513
12	3	2	89	746	776
12	2	1	90	790	843
12	0	3	91	868	883
12	3	2	92	923	979
13	4	3	93	13	89
13	3	1	94	177	201
13	4	4	95	253	278
13	0	3	96	338	398
13	2	2	97	422	433
13	1	0	98	443	527
13	2	2	99	594	671
13	0	3	100	680	737
13	3	2	101	814	852
14	4	4	102	129	228
14	4	4	103	421	493
14	3	1	104	596	637
14	0	3	105	883	944
14	3	1	106	981	1001
14	3	1	107	1001	1039
14	4	0	108	1056	1069


Solution History:
