This is the output of Heuristic Solver for Dual resource constrained flexible job shop Scheduling Problem.
Input file is: wfjsp24_8.txt
Method: FaFM
Seed: 3
Number of Jobs: 40
Number of Operations: 295
Number of Machines: 15
Number of Operators: 12
CPU Time: 25.7017
obj: 1292
Best found lower bound:0
Solver gap (best found lower bound and upper bound difference): Not known


Final Solution:
Job	Machine	Operator	Operation	Start Time	Finish Time
0	6	6	0	68	94
0	11	5	1	159	222
0	9	10	2	374	403
0	1	9	3	764	829
0	6	11	4	1093	1167
1	1	8	5	60	115
1	10	6	6	304	370
1	3	7	7	424	437
1	11	5	8	649	695
1	9	9	9	709	764
1	1	11	10	959	986
1	8	5	11	1098	1180
1	1	2	12	1209	1217
2	14	11	13	169	249
2	12	0	14	323	343
2	4	9	15	656	709
2	3	0	16	722	796
2	2	2	17	861	893
2	8	1	18	893	949
2	4	9	19	1071	1116
3	10	6	20	0	40
3	14	8	21	133	169
3	1	7	22	204	266
3	11	5	23	522	582
3	4	5	24	582	649
3	0	1	25	658	747
3	6	10	26	881	952
3	3	1	27	961	1028
3	14	10	28	1088	1154
3	3	4	29	1163	1235
4	5	6	30	94	163
4	5	8	31	169	242
4	4	3	32	283	344
4	2	10	33	577	609
4	0	3	34	803	902
4	5	7	35	1163	1245
4	7	10	36	1248	1275
5	10	6	37	40	66
5	4	4	38	68	136
5	3	4	39	333	342
5	3	7	40	437	513
5	10	6	41	615	648
5	5	5	42	743	752
5	6	9	43	829	879
5	6	8	44	967	1004
6	1	4	45	136	197
6	6	2	46	204	294
6	2	3	47	420	458
6	8	5	48	465	521
6	0	3	49	750	803
6	0	8	50	1093	1168
7	3	8	51	49	60
7	1	8	52	115	133
7	9	7	53	271	309
7	11	0	54	582	637
7	13	0	55	637	653
7	5	9	56	903	969
8	7	3	57	30	90
8	3	1	58	361	424
8	14	10	59	455	488
8	1	1	60	577	658
8	10	6	61	716	782
8	3	0	62	811	836
8	12	0	63	1231	1250
8	10	5	64	1250	1292
9	12	0	65	106	186
9	5	6	66	290	304
9	14	10	67	405	426
9	13	4	68	426	463
9	0	11	69	495	542
9	12	0	70	836	888
9	11	9	71	888	903
9	11	9	72	1000	1067
9	9	1	73	1168	1213
10	7	3	74	0	30
10	7	3	75	256	283
10	12	0	76	343	367
10	10	8	77	476	546
10	13	6	78	579	615
10	7	8	79	675	704
10	5	5	80	979	1054
11	9	1	81	0	22
11	2	3	82	90	158
11	14	2	83	341	405
11	2	0	84	497	575
11	12	1	85	753	833
11	12	0	86	888	932
11	7	10	87	952	1016
11	6	8	88	1028	1093
12	11	9	89	222	298
12	12	0	90	367	421
12	7	3	91	517	591
12	3	8	92	600	674
12	2	2	93	681	753
12	4	5	94	1054	1071
12	5	2	95	1085	1147
12	4	2	96	1153	1209
13	3	11	97	65	164
13	4	9	98	410	459
13	4	4	99	463	530
13	8	11	100	542	611
13	2	4	101	761	842
13	0	4	102	991	1075
13	7	5	103	1181	1248
14	9	7	104	112	204
14	11	5	105	298	326
14	8	5	106	381	401
14	14	10	107	817	881
14	2	3	108	991	1022
14	10	10	109	1022	1042
14	8	10	110	1042	1088
14	8	10	111	1181	1244
15	6	2	112	105	147
15	6	2	113	147	204
15	8	5	114	326	381
15	9	2	115	405	494
15	12	7	116	642	685
15	14	8	117	881	967
15	4	6	118	998	1011
15	12	6	119	1127	1187
15	14	7	120	1252	1269
16	2	9	121	0	66
16	7	10	122	185	256
16	4	8	123	739	772
16	9	8	124	772	853
16	5	7	125	853	896
16	7	6	126	1016	1077
17	3	5	127	0	43
17	9	5	128	43	61
17	9	1	129	244	271
17	8	1	130	271	326
17	11	7	131	338	417
17	1	11	132	700	764
17	0	3	133	902	976
17	2	3	134	1022	1091
17	11	9	135	1157	1183
17	3	11	136	1240	1286
18	4	8	137	0	17
18	9	5	138	61	105
18	12	6	139	497	528
18	6	6	140	528	579
18	7	11	141	913	932
18	13	0	142	945	981
18	14	7	143	1008	1076
18	12	0	144	1250	1284
19	10	5	145	112	150
19	4	3	146	158	219
19	11	1	147	424	488
19	4	4	148	862	929
19	13	0	149	932	945
19	11	7	150	1076	1157
20	10	7	151	88	112
20	3	1	152	175	244
20	14	3	153	703	750
20	14	11	154	986	1001
20	6	11	155	1167	1240
21	13	4	156	0	11
21	6	4	157	11	68
21	1	11	158	269	323
21	7	8	159	323	379
21	12	7	160	559	642
21	12	9	161	969	1000
21	4	8	162	1011	1028
21	11	9	163	1214	1283
22	1	2	164	0	16
22	10	6	165	163	249
22	2	3	166	458	487
22	9	2	167	559	620
22	6	4	168	639	649
22	12	7	169	685	753
22	11	5	170	903	979
22	4	9	171	1116	1153
23	10	10	172	256	303
23	5	6	173	374	443
23	13	10	174	530	577
23	10	6	175	868	936
23	10	4	176	1075	1089
24	7	1	177	102	175
24	2	0	178	267	323
24	4	4	179	530	582
24	14	3	180	591	703
24	3	0	181	796	811
24	8	11	182	816	850
24	12	11	183	932	959
24	7	10	184	1154	1181
24	0	9	185	1183	1214
25	14	10	186	0	48
25	0	3	187	241	250
25	14	10	188	426	455
25	11	1	189	488	522
25	14	7	190	530	559
25	2	0	191	1125	1215
25	5	8	192	1252	1292
26	0	3	193	219	241
26	5	6	194	249	290
26	0	9	195	298	329
26	8	5	196	401	465
26	2	9	197	609	631
26	2	9	198	631	656
26	5	7	199	753	796
26	14	8	200	1168	1252
27	4	5	201	222	282
27	14	2	202	294	341
27	4	3	203	344	410
27	14	10	204	496	530
27	1	11	205	675	700
27	10	6	206	782	868
27	4	6	207	936	998
27	12	11	208	1001	1018
27	2	3	209	1215	1288
28	12	0	210	0	36
28	0	9	211	134	213
28	10	8	212	546	600
28	7	11	213	611	675
28	13	7	214	796	851
28	9	1	215	1106	1168
29	3	4	216	263	333
29	12	9	217	528	536
29	5	9	218	536	609
29	6	4	219	649	696
29	13	4	220	696	761
29	7	5	221	761	827
29	8	2	222	954	997
30	11	11	223	0	34
30	9	7	224	309	338
30	14	10	225	488	496
30	9	2	226	496	559
30	5	5	227	695	743
30	13	0	228	981	1015
31	13	1	229	37	102
31	6	11	230	390	443
31	13	9	231	463	528
31	3	0	232	674	722
31	6	10	233	744	817
31	7	4	234	1089	1111
31	5	4	235	1147	1163
32	12	8	236	242	322
32	6	4	237	582	639
32	12	1	238	1028	1106
32	7	4	239	1111	1144
32	9	1	240	1213	1287
33	1	2	241	16	24
33	0	2	242	24	105
33	6	11	243	323	390
33	6	6	244	443	495
33	5	2	245	620	681
33	7	5	246	827	893
33	9	11	247	1018	1093
33	2	0	248	1103	1125
33	13	3	249	1125	1136
33	13	3	250	1136	1214
34	1	8	251	24	49
34	11	9	252	66	134
34	10	8	253	379	476
34	7	3	254	487	517
34	1	1	255	522	577
34	10	6	256	648	716
34	9	7	257	913	1008
34	13	0	258	1015	1103
34	1	2	259	1217	1288
35	14	10	260	48	114
35	14	11	261	249	269
35	5	10	262	304	374
35	8	10	263	611	674
35	3	5	264	1071	1098
35	6	6	265	1240	1292
36	8	4	266	197	263
36	12	0	267	421	497
36	4	2	268	772	861
36	9	11	269	861	913
36	2	4	270	929	991
36	1	3	271	1091	1124
37	5	7	272	0	88
37	0	9	273	329	398
37	8	10	274	674	744
37	13	4	275	851	862
37	10	1	276	949	961
37	1	2	277	997	1085
38	12	0	278	36	62
38	12	0	279	62	106
38	8	10	280	114	185
38	2	0	281	186	267
38	9	1	282	338	361
38	6	8	283	704	739
38	14	11	284	764	816
38	1	1	285	833	887
38	1	2	286	893	954
38	10	6	287	1089	1127
39	13	1	288	22	37
39	8	11	289	37	65
39	11	5	290	150	159
39	2	4	291	342	420
39	0	11	292	443	495
39	12	6	293	1187	1231
39	4	4	294	1235	1287


Solution History:
