This is the output of Heuristic Solver for Dual resource constrained flexible job shop Scheduling Problem.
Input file is: wfjsp10_8.txt
Method: FaFM
Seed: 2
Number of Jobs: 20
Number of Operations: 151
Number of Machines: 10
Number of Operators: 10
CPU Time: 15.3201
obj: 848
Best found lower bound:0
Solver gap (best found lower bound and upper bound difference): Not known


Final Solution:
Job	Machine	Operator	Operation	Start Time	Finish Time
0	6	9	0	41	71
0	5	0	1	162	224
0	0	5	2	238	267
0	9	6	3	539	605
0	7	2	4	619	692
1	2	3	5	0	54
1	6	9	6	107	173
1	9	6	7	178	190
1	1	1	8	229	280
1	6	7	9	332	395
1	3	3	10	461	488
1	4	8	11	644	738
1	6	0	12	839	847
2	4	8	13	59	154
2	8	9	14	264	282
2	1	1	15	338	396
2	3	3	16	488	560
2	6	0	17	633	659
2	9	6	18	659	720
2	3	3	19	764	811
3	9	9	20	0	41
3	1	7	21	61	100
3	7	7	22	100	160
3	4	4	23	160	219
3	4	5	24	284	347
3	3	3	25	373	461
3	2	2	26	461	530
3	4	8	27	539	607
3	8	4	28	609	671
3	8	4	29	671	747
4	0	5	30	111	178
4	3	3	31	178	243
4	1	1	32	280	338
4	6	7	33	436	476
4	2	7	34	535	620
4	9	9	35	729	811
4	2	3	36	815	840
5	6	1	37	12	40
5	0	5	38	43	111
5	6	7	39	254	265
5	6	7	40	265	332
5	3	6	41	332	361
5	4	6	42	523	534
5	4	8	43	738	782
5	9	9	44	811	848
6	7	2	45	19	69
6	2	7	46	160	244
6	4	5	47	347	389
6	6	7	48	476	535
6	7	2	49	562	619
6	1	9	50	619	699
7	6	1	51	0	12
7	9	1	52	41	58
7	3	6	53	250	292
7	5	4	54	470	531
7	5	0	55	556	572
7	6	0	56	678	750
8	9	6	57	59	112
8	7	2	58	218	291
8	8	9	59	324	361
8	2	2	60	373	457
8	9	6	61	462	523
8	5	0	62	531	556
8	4	8	63	607	624
8	7	7	64	742	785
9	2	2	65	86	151
9	8	8	66	154	168
9	8	8	67	239	264
9	8	9	68	282	324
9	5	4	69	344	404
9	1	1	70	404	463
9	9	8	71	523	539
9	0	5	72	605	674
9	7	2	73	692	742
10	1	7	74	0	30
10	1	7	75	30	61
10	2	1	76	61	86
10	2	3	77	244	305
10	6	7	78	395	436
10	0	5	79	686	714
10	1	6	80	729	806
11	8	4	81	0	24
11	3	3	82	59	118
11	7	2	83	160	218
11	0	0	84	279	357
11	7	9	85	446	528
11	6	9	86	535	572
11	5	1	87	676	741
11	5	1	88	741	800
12	5	0	89	0	72
12	5	0	90	224	279
12	9	8	91	279	372
12	9	8	92	372	462
12	0	5	93	520	586
12	6	0	94	659	678
12	3	3	95	697	764
12	7	7	96	785	848
13	5	0	97	72	162
13	1	1	98	170	229
13	4	4	99	229	284
13	5	4	100	404	470
13	1	1	101	481	569
13	5	1	102	572	676
13	4	8	103	782	848
14	6	9	104	173	254
14	8	6	105	361	390
14	0	0	106	429	446
14	0	0	107	446	520
14	7	2	108	530	562
14	0	5	109	586	605
14	9	6	110	605	659
14	0	5	111	778	848
15	6	9	112	71	107
15	8	8	113	168	239
15	5	4	114	284	344
15	7	9	115	361	446
15	4	8	116	476	521
15	8	4	117	531	609
15	0	5	118	674	686
15	0	5	119	714	778
15	2	2	120	799	815
16	8	4	121	24	96
16	1	1	122	100	170
16	3	6	123	292	326
16	4	5	124	389	476
16	1	9	125	572	615
16	2	2	126	742	799
17	0	6	127	0	43
17	3	6	128	43	59
17	9	6	129	145	178
17	9	6	130	190	250
17	7	2	131	291	360
17	0	0	132	360	429
17	3	3	133	560	629
17	3	3	134	629	697
17	1	9	135	699	729
17	8	4	136	747	802
18	7	2	137	0	19
18	4	8	138	19	59
18	9	6	139	112	145
18	0	5	140	178	238
18	1	1	141	463	481
18	2	7	142	620	658
18	6	0	143	750	808
18	6	1	144	808	839
19	8	4	145	96	144
19	2	3	146	305	373
19	8	6	147	390	457
19	6	0	148	572	633
19	4	8	149	633	644
19	2	7	150	658	740


Solution History:
