This is the output of Heuristic Solver for Dual resource constrained flexible job shop Scheduling Problem.
Input file is: wfjsp19_7.txt
Method: FaFM
Seed: 4
Number of Jobs: 20
Number of Operations: 199
Number of Machines: 10
Number of Operators: 8
CPU Time: 43.1841
obj: 1254
Best found lower bound:0
Solver gap (best found lower bound and upper bound difference): Not known


Final Solution:
Job	Machine	Operator	Operation	Start Time	Finish Time
0	3	4	0	322	402
0	0	7	1	446	459
0	1	1	2	472	514
0	0	1	3	514	609
0	1	2	4	637	662
0	7	3	5	955	995
1	1	2	6	0	28
1	3	4	7	38	79
1	9	1	8	158	167
1	0	2	9	305	340
1	9	3	10	340	424
1	6	0	11	590	652
1	8	5	12	673	749
1	2	0	13	770	825
1	2	5	14	829	866
1	3	1	15	953	972
1	9	1	16	972	1049
1	6	6	17	1101	1169
1	5	3	18	1182	1240
2	8	5	19	44	119
2	1	4	20	159	239
2	7	7	21	262	292
2	8	7	22	377	388
2	4	4	23	460	538
2	4	2	24	563	575
2	3	2	25	575	632
2	4	7	26	719	729
2	3	5	27	755	829
2	8	5	28	878	924
2	3	1	29	925	953
2	7	5	30	1084	1163
2	9	0	31	1163	1253
3	2	7	32	111	185
3	4	7	33	185	195
3	8	2	34	237	305
3	7	5	35	305	384
3	5	6	36	384	407
3	0	2	37	461	486
3	1	4	38	538	579
3	8	7	39	579	652
3	5	3	40	684	752
3	9	0	41	856	941
3	1	2	42	968	1057
3	0	2	43	1198	1233
4	0	6	44	0	22
4	9	6	45	22	60
4	4	2	46	68	153
4	1	2	47	340	397
4	2	4	48	402	460
4	1	7	49	662	719
4	7	3	50	752	776
4	1	1	51	859	897
4	5	5	52	924	992
4	5	0	53	996	1024
4	3	2	54	1057	1068
4	0	1	55	1087	1129
5	3	1	56	79	141
5	6	0	57	141	182
5	5	3	58	194	237
5	0	1	59	340	362
5	3	5	60	447	469
5	2	0	61	493	528
5	2	6	62	528	581
5	3	1	63	632	695
5	9	1	64	695	775
5	0	6	65	837	885
5	3	6	66	972	1043
6	6	0	67	28	113
6	0	5	68	237	305
6	6	0	69	331	388
6	0	2	70	486	503
6	1	4	71	579	637
6	6	0	72	652	711
6	1	4	73	721	801
6	0	6	74	925	966
6	4	7	75	1105	1128
6	2	7	76	1143	1180
6	2	7	77	1180	1254
7	4	7	78	0	35
7	2	7	79	460	493
7	4	7	80	905	981
7	9	0	81	1053	1069
7	5	0	82	1069	1085
8	2	6	83	60	111
8	2	0	84	185	208
8	0	6	85	208	233
8	6	0	86	388	442
8	8	5	87	469	520
8	8	7	88	520	571
8	4	6	89	684	698
8	6	4	90	879	959
8	4	7	91	1074	1105
9	8	4	92	0	38
9	7	7	93	38	55
9	8	5	94	119	153
9	2	7	95	293	367
9	2	7	96	367	377
9	0	5	97	384	438
9	7	7	98	493	509
9	0	2	99	719	777
9	6	4	100	801	879
9	3	1	101	897	925
9	2	4	102	1033	1124
10	9	7	103	60	111
10	5	3	104	237	267
10	7	7	105	388	446
10	0	1	106	777	837
10	7	3	107	898	926
10	1	4	108	1139	1201
11	6	0	109	0	28
11	5	3	110	79	107
11	7	7	111	250	262
11	3	1	112	270	298
11	6	0	113	442	480
11	4	6	114	581	644
11	3	6	115	698	755
11	8	7	116	805	873
11	8	4	117	1124	1139
11	3	4	118	1201	1251
12	2	5	119	0	44
12	5	3	120	164	194
12	4	6	121	233	312
12	4	6	122	312	352
12	5	3	123	424	502
12	5	3	124	599	684
12	5	6	125	755	837
12	5	7	126	873	905
12	5	3	127	1085	1119
12	2	7	128	1128	1143
13	3	1	129	0	29
13	1	4	130	96	138
13	3	4	131	141	159
13	0	6	132	159	200
13	1	4	133	239	322
13	9	1	134	424	433
13	1	1	135	433	472
13	5	5	136	520	599
13	0	2	137	662	719
13	4	2	138	834	900
13	6	1	139	1077	1087
13	4	6	140	1169	1205
13	1	6	141	1205	1253
14	5	3	142	107	164
14	9	1	143	198	270
14	6	0	144	528	590
14	8	7	145	749	805
14	7	3	146	926	955
14	4	7	147	981	1074
14	6	1	148	1169	1252
15	5	3	149	267	303
15	9	6	150	447	523
15	7	4	151	637	721
15	5	0	152	837	856
15	1	2	153	900	928
15	6	0	154	959	996
15	0	6	155	1043	1067
16	5	3	156	0	79
16	9	6	157	111	158
16	3	2	158	159	228
16	6	1	159	298	329
16	4	1	160	362	419
16	7	3	161	509	596
16	2	5	162	599	673
16	6	0	163	711	770
16	7	3	164	776	872
16	7	3	165	872	898
16	5	0	166	1024	1053
16	0	1	167	1067	1076
16	3	2	168	1076	1138
16	7	5	169	1163	1237
16	8	2	170	1237	1253
17	1	2	171	28	68
17	1	4	172	79	96
17	6	0	173	113	141
17	9	1	174	167	198
17	7	7	175	198	250
17	5	0	176	303	331
17	5	6	177	352	373
17	3	6	178	407	447
17	4	2	179	777	834
17	3	1	180	837	859
17	3	5	181	866	878
17	0	6	182	885	925
17	6	5	183	996	1077
17	9	6	184	1077	1101
17	9	0	185	1101	1157
18	0	1	186	29	71
18	0	1	187	141	150
18	8	5	188	153	237
18	2	4	189	959	1033
18	5	3	190	1119	1182
19	2	0	191	208	293
19	9	3	192	303	336
19	8	2	193	397	461
19	3	2	194	503	563
19	4	6	195	644	684
19	1	2	196	928	968
19	7	3	197	995	1084
19	8	2	198	1139	1198


Solution History:
