This is the output of Heuristic Solver for Dual resource constrained flexible job shop Scheduling Problem.
Input file is: wfjsp7_10.txt
Method: FaFM
Seed: 3
Number of Jobs: 12
Number of Operations: 86
Number of Machines: 5
Number of Operators: 5
CPU Time: 7.11777
obj: 934
Best found lower bound:0
Solver gap (best found lower bound and upper bound difference): Not known


Final Solution:
Job	Machine	Operator	Operation	Start Time	Finish Time
0	0	0	0	82	162
0	0	2	1	196	278
0	2	4	2	336	403
0	0	4	3	440	531
0	3	0	4	610	663
0	0	2	5	664	695
0	0	2	6	743	776
0	2	4	7	879	934
1	3	3	8	80	168
1	0	2	9	168	196
1	2	3	10	220	256
1	4	3	11	280	314
1	1	1	12	375	462
1	2	2	13	469	551
1	4	3	14	607	677
1	4	3	15	841	930
2	0	0	16	0	82
2	2	2	17	150	163
2	4	4	18	191	200
2	4	4	19	200	256
2	0	2	20	369	440
2	4	3	21	449	534
2	3	0	22	663	714
2	3	0	23	855	928
3	1	1	24	73	116
3	3	0	25	248	271
3	3	0	26	448	496
3	2	2	27	551	569
3	4	3	28	677	767
4	1	1	29	0	32
4	2	4	30	256	336
4	3	0	31	361	448
4	2	2	32	569	633
4	3	0	33	805	841
4	1	1	34	842	908
5	2	2	35	72	150
5	2	3	36	168	182
5	4	3	37	256	280
5	0	2	38	299	321
5	0	2	39	321	369
5	2	4	40	403	439
5	2	4	41	691	783
5	0	2	42	861	931
6	1	1	43	205	293
6	2	2	44	440	455
6	2	2	45	455	469
6	0	4	46	540	611
6	1	1	47	671	719
6	3	0	48	841	855
7	1	1	49	116	205
7	1	1	50	498	580
7	2	2	51	633	662
7	4	3	52	767	841
7	2	4	53	870	879
8	4	3	54	0	80
8	3	0	55	168	248
8	0	2	56	278	299
8	4	3	57	314	387
8	1	1	58	462	498
8	0	4	59	531	540
8	1	1	60	580	671
8	3	0	61	714	761
8	2	4	62	783	870
9	2	2	63	0	72
9	3	0	64	271	361
9	3	0	65	531	610
9	0	4	66	611	664
9	0	2	67	695	743
9	3	0	68	761	779
9	3	0	69	779	805
9	1	1	70	820	842
9	1	1	71	908	932
10	4	4	72	80	138
10	4	4	73	138	191
10	4	3	74	426	449
10	4	3	75	534	607
10	0	2	76	776	825
11	3	1	77	32	73
11	2	3	78	182	220
11	1	1	79	293	375
11	4	3	80	387	426
11	3	0	81	496	531
11	2	4	82	664	691
11	1	1	83	719	731
11	1	1	84	731	820
11	0	2	85	825	861


Solution History:
