This is the output of Heuristic Solver for Dual resource constrained flexible job shop Scheduling Problem.
Input file is: wfjsp13_3.txt
Method: FaFM
Seed: 5
Number of Jobs: 25
Number of Operations: 243
Number of Machines: 15
Number of Operators: 15
CPU Time: 34.5035
obj: 918
Best found lower bound:0
Solver gap (best found lower bound and upper bound difference): Not known


Final Solution:
Job	Machine	Operator	Operation	Start Time	Finish Time
0	9	14	0	22	89
0	13	4	1	89	101
0	5	9	2	130	146
0	7	7	3	146	229
0	8	10	4	506	577
0	13	5	5	585	651
0	8	13	6	711	790
0	4	11	7	871	905
1	4	11	8	0	94
1	4	14	9	260	273
1	4	14	10	273	334
1	8	3	11	334	437
1	6	5	12	455	471
1	3	3	13	480	593
1	11	14	14	616	711
1	5	8	15	711	740
1	3	12	16	740	799
1	4	2	17	811	830
1	3	13	18	839	906
1	3	11	19	906	917
2	5	4	20	103	130
2	4	1	21	138	181
2	5	12	22	191	287
2	7	7	23	292	355
2	7	7	24	427	454
2	5	11	25	506	577
2	5	11	26	771	868
2	10	1	27	876	886
3	8	5	28	0	33
3	3	11	29	107	205
3	2	0	30	282	318
3	4	14	31	334	362
3	2	8	32	390	458
3	4	6	33	492	552
3	13	5	34	737	792
3	1	8	35	813	915
4	7	12	36	0	83
4	5	9	37	146	161
4	8	2	38	161	191
4	3	10	39	293	368
4	1	11	40	404	419
4	3	4	41	603	627
4	7	7	42	660	715
4	12	4	43	809	838
5	10	2	44	56	104
5	9	14	45	116	207
5	9	0	46	436	506
5	14	9	47	506	586
5	2	4	48	586	603
5	13	5	49	651	665
5	4	6	50	675	725
5	7	7	51	725	787
5	14	4	52	841	876
6	9	14	53	0	22
6	6	9	54	22	77
6	13	4	55	142	171
6	8	10	56	257	285
6	5	12	57	310	388
6	5	12	58	388	467
6	0	13	59	478	567
6	14	3	60	665	769
6	3	13	61	830	839
6	6	5	62	865	918
7	12	13	63	0	96
7	13	7	64	102	142
7	5	12	65	161	191
7	1	8	66	197	254
7	1	11	67	293	331
7	1	11	68	331	404
7	0	13	69	567	577
7	9	0	70	608	699
7	2	0	71	699	765
7	14	1	72	813	841
7	9	6	73	841	906
8	5	4	74	0	29
8	8	10	75	33	91
8	0	10	76	133	145
8	2	4	77	171	201
8	0	13	78	234	246
8	14	8	79	254	320
8	0	13	80	328	407
8	4	6	81	438	492
8	14	3	82	648	665
8	1	5	83	674	712
8	6	1	84	750	766
9	11	6	85	55	139
9	10	5	86	163	198
9	0	13	87	198	234
9	8	2	88	234	257
9	1	7	89	257	292
9	10	2	90	327	382
9	6	5	91	402	455
9	3	3	92	455	480
9	2	4	93	512	541
9	2	4	94	541	577
9	1	9	95	737	813
9	14	4	96	876	913
10	2	0	97	89	165
10	6	9	98	165	247
10	12	14	99	370	459
10	2	8	100	459	512
10	1	8	101	512	547
10	7	7	102	548	660
10	2	10	103	767	845
10	12	3	104	848	882
10	9	6	105	906	916
11	13	8	106	0	65
11	8	10	107	91	133
11	12	4	108	201	267
11	14	9	109	402	498
11	10	10	110	585	671
11	10	10	111	671	767
11	7	14	112	789	835
11	4	7	113	835	871
11	12	1	114	886	910
12	1	7	115	59	102
12	0	10	116	145	179
12	10	5	117	198	208
12	6	9	118	334	402
12	11	1	119	533	616
12	4	2	120	731	749
12	12	4	121	750	809
12	2	10	122	845	885
13	2	3	123	0	27
13	0	5	124	55	127
13	14	3	125	127	182
13	9	6	126	207	263
13	13	3	127	273	327
13	0	13	128	407	478
13	6	12	129	518	610
13	8	2	130	634	659
13	4	2	131	749	811
13	8	7	132	871	894
14	5	3	133	29	94
14	8	2	134	191	233
14	11	14	135	233	260
14	10	2	136	260	327
14	4	2	137	382	438
14	5	12	138	467	505
14	4	6	139	552	600
14	14	3	140	600	648
14	8	2	141	659	687
15	0	10	142	0	32
15	12	13	143	96	192
15	11	1	144	301	378
15	9	6	145	398	412
15	9	6	146	412	436
15	12	14	147	459	528
15	12	14	148	528	588
15	0	8	149	629	688
15	13	2	150	688	731
15	13	7	151	792	830
15	13	2	152	830	860
16	2	4	153	29	89
16	4	1	154	99	138
16	7	3	155	229	266
16	8	5	156	285	320
16	9	0	157	506	531
16	0	8	158	577	613
16	6	12	159	682	734
16	13	2	160	860	897
17	7	12	161	83	145
17	14	10	162	182	253
17	7	7	163	355	418
17	6	5	164	471	518
17	8	13	165	577	634
17	0	11	166	688	766
17	6	1	167	766	796
17	0	0	168	804	882
17	5	3	169	882	906
18	10	2	170	0	56
18	3	8	171	65	107
18	9	14	172	107	116
18	2	0	173	201	282
18	12	4	174	282	370
18	13	4	175	370	438
18	8	4	176	438	506
18	13	2	177	506	584
18	1	11	178	584	674
18	8	5	179	792	862
18	7	12	180	865	904
19	0	5	181	33	55
19	11	6	182	139	195
19	9	6	183	263	327
19	9	6	184	327	398
19	10	10	185	409	499
19	7	7	186	499	548
19	12	14	187	588	613
19	2	8	188	613	629
19	3	4	189	629	737
19	3	13	190	799	830
19	10	1	191	848	876
20	6	9	192	77	112
20	4	1	193	181	259
20	2	8	194	320	390
20	11	1	195	489	533
20	10	5	196	533	585
20	4	6	197	600	610
20	6	12	198	610	682
20	8	13	199	699	711
20	11	14	200	725	789
21	11	6	201	0	55
21	5	11	202	94	103
21	1	8	203	107	179
21	13	5	204	214	273
21	0	13	205	273	328
21	14	5	206	328	399
21	7	7	207	418	427
21	5	9	208	617	694
21	1	5	209	712	737
21	0	0	210	766	804
21	6	12	211	804	865
21	2	0	212	885	913
22	1	8	213	179	197
22	3	11	214	205	293
22	3	10	215	368	409
22	9	0	216	531	608
22	12	1	217	616	692
22	11	14	218	711	725
22	9	6	219	725	789
22	8	10	220	894	910
23	14	1	221	0	99
23	10	2	222	104	155
23	11	1	223	260	301
23	5	12	224	301	310
23	11	1	225	378	489
23	1	8	226	547	575
23	5	9	227	586	617
23	12	1	228	722	750
23	14	8	229	771	813
23	10	3	230	813	848
23	11	14	231	848	908
24	1	7	232	0	59
24	14	3	233	99	126
24	6	5	234	127	163
24	13	3	235	182	214
24	6	9	236	247	334
24	13	11	237	438	506
24	4	6	238	610	675
24	2	13	239	675	699
24	12	1	240	699	722
24	5	8	241	740	771
24	11	6	242	789	836


Solution History:
