This is the output of Heuristic Solver for Dual resource constrained flexible job shop Scheduling Problem.
Input file is: wfjsp13_5.txt
Method: FaFM
Seed: 2
Number of Jobs: 25
Number of Operations: 244
Number of Machines: 15
Number of Operators: 15
CPU Time: 31.9605
obj: 838
Best found lower bound:0
Solver gap (best found lower bound and upper bound difference): Not known


Final Solution:
Job	Machine	Operator	Operation	Start Time	Finish Time
0	12	1	0	0	14
0	6	2	1	95	135
0	8	4	2	165	252
0	12	0	3	363	433
0	8	13	4	433	497
0	3	7	5	503	545
0	4	9	6	545	612
0	6	2	7	628	669
1	11	13	8	18	65
1	14	1	9	66	105
1	8	4	10	125	156
1	0	12	11	371	441
1	11	3	12	461	482
1	3	7	13	489	503
1	1	0	14	606	674
1	12	8	15	699	766
1	1	8	16	772	783
1	2	6	17	783	828
2	10	2	18	0	68
2	9	0	19	105	142
2	0	6	20	146	175
2	4	0	21	257	294
2	10	4	22	371	399
2	11	3	23	433	461
2	14	8	24	461	557
2	0	12	25	715	761
2	4	12	26	761	802
2	4	10	27	802	823
3	7	9	28	43	52
3	5	14	29	81	128
3	14	12	30	187	273
3	10	12	31	273	329
3	11	3	32	369	433
3	6	2	33	435	523
3	1	1	34	523	606
3	5	1	35	662	698
3	0	9	36	699	714
4	1	3	37	0	45
4	12	4	38	45	121
4	7	9	39	186	255
4	0	6	40	287	351
4	9	4	41	416	445
4	12	0	42	472	542
4	3	7	43	575	607
4	14	13	44	641	659
4	14	7	45	661	729
5	4	5	46	0	85
5	7	9	47	100	186
5	4	0	48	321	363
5	7	9	49	459	540
5	13	4	50	545	616
5	6	2	51	669	678
5	6	2	52	678	712
5	9	4	53	712	791
5	12	4	54	791	826
6	3	7	55	9	94
6	4	5	56	94	112
6	13	11	57	156	193
6	6	2	58	305	394
6	2	10	59	435	451
6	8	13	60	497	527
6	2	10	61	529	600
6	5	2	62	600	615
6	5	7	63	615	661
6	10	8	64	661	699
6	6	2	65	725	814
7	13	11	66	0	79
7	1	3	67	143	181
7	0	13	68	181	224
7	3	11	69	245	263
7	12	1	70	263	350
7	5	11	71	350	432
7	9	12	72	445	491
7	9	4	73	503	545
7	3	7	74	562	575
7	8	11	75	591	670
7	8	0	76	752	783
7	8	8	77	783	832
8	2	6	78	0	69
8	5	8	79	163	245
8	6	2	80	280	305
8	13	14	81	360	421
8	4	7	82	436	489
8	10	3	83	508	517
8	8	13	84	527	552
8	10	3	85	552	560
8	6	2	86	619	628
8	3	12	87	628	715
8	7	11	88	756	837
9	3	6	89	94	146
9	14	1	90	153	185
9	6	2	91	192	280
9	9	6	92	351	400
9	6	1	93	400	408
9	3	6	94	418	461
9	9	13	95	552	633
9	10	5	96	699	746
10	7	0	97	0	43
10	8	8	98	102	125
10	6	2	99	135	174
10	9	6	100	175	244
10	4	0	101	244	257
10	7	5	102	260	324
10	7	5	103	324	391
10	5	1	104	446	517
10	9	9	105	651	698
10	3	7	106	747	830
11	2	7	107	95	184
11	11	6	108	248	279
11	11	3	109	279	369
11	4	7	110	393	436
11	1	0	111	439	472
11	13	14	112	497	535
11	13	4	113	616	624
11	4	6	114	624	710
11	3	14	115	715	747
11	1	1	116	747	772
12	0	9	117	0	16
12	9	0	118	43	105
12	3	10	119	146	179
12	2	1	120	222	257
12	8	9	121	324	353
12	1	3	122	482	501
12	13	4	123	624	706
12	14	6	124	761	775
13	10	7	125	187	220
13	10	7	126	220	241
13	8	9	127	353	422
13	0	5	128	484	575
13	0	5	129	575	584
13	12	1	130	645	662
13	14	6	131	730	761
13	14	1	132	775	838
14	3	7	133	0	9
14	11	13	134	65	133
14	4	0	135	142	156
14	8	4	136	156	165
14	1	3	137	181	228
14	1	3	138	228	270
14	1	11	139	270	349
14	4	6	140	710	730
14	5	3	141	739	748
14	10	5	142	748	767
15	6	14	143	0	81
15	11	14	144	133	206
15	13	14	145	206	265
15	9	14	146	265	287
15	4	0	147	294	321
15	3	10	148	350	418
15	2	10	149	451	529
15	6	12	150	534	619
15	12	1	151	619	645
15	0	5	152	667	699
15	0	9	153	761	831
16	2	2	154	69	95
16	12	5	155	121	191
16	3	11	156	199	245
16	2	10	157	257	344
16	0	8	158	351	367
16	14	8	159	368	382
16	14	8	160	382	458
16	10	3	161	560	632
16	8	13	162	670	733
16	11	13	163	733	797
16	9	13	164	797	833
17	11	10	165	0	18
17	14	1	166	18	66
17	0	10	167	66	144
17	5	8	168	144	163
17	6	2	169	174	192
17	11	10	170	206	248
17	2	13	171	350	410
17	10	11	172	432	508
17	7	14	173	540	599
17	0	5	174	600	667
17	1	0	175	674	737
18	13	11	176	79	156
18	4	0	177	156	219
18	4	0	178	219	240
18	9	7	179	244	264
18	14	13	180	287	350
18	1	1	181	350	388
18	9	4	182	400	416
18	7	9	183	422	459
18	4	12	184	491	534
18	11	6	185	534	614
18	7	11	186	681	756
18	5	3	187	762	829
19	7	9	188	52	100
19	14	1	189	105	153
19	8	9	190	255	324
19	13	4	191	331	360
19	1	5	192	391	439
19	12	4	193	446	469
19	0	5	194	584	600
19	5	1	195	698	739
19	8	0	196	739	752
20	9	4	197	0	42
20	10	12	198	76	123
20	12	5	199	191	260
20	13	4	200	265	331
20	14	7	201	350	368
20	13	14	202	421	497
20	12	0	203	542	592
20	14	8	204	592	641
20	11	3	205	641	724
21	1	3	206	45	143
21	2	1	207	185	222
21	0	13	208	224	271
21	0	13	209	271	287
21	10	12	210	329	371
21	0	5	211	441	450
21	0	5	212	450	484
21	9	4	213	491	503
21	10	3	214	517	552
21	7	14	215	599	681
21	6	2	216	712	725
21	10	5	217	767	816
22	8	8	218	0	26
22	3	10	219	179	199
22	3	7	220	264	350
22	8	11	221	552	565
22	8	8	222	565	591
22	10	8	223	641	654
22	11	3	224	724	733
22	5	3	225	748	762
22	1	0	226	783	834
23	8	8	227	26	102
23	9	14	228	287	346
23	4	7	229	368	393
23	12	1	230	433	446
23	3	7	231	545	562
23	9	9	232	633	651
23	4	9	233	730	760
23	13	14	234	760	821
24	5	12	235	0	76
24	10	12	236	123	187
24	5	8	237	245	333
24	5	8	238	333	350
24	2	2	239	410	435
24	11	6	240	482	525
24	5	2	241	525	597
24	2	10	242	600	668
24	2	10	243	668	757


Solution History:
