This is the output of Heuristic Solver for Dual resource constrained flexible job shop Scheduling Problem.
Input file is: wfjsp11_9.txt
Method: FaFM
Seed: 2
Number of Jobs: 20
Number of Operations: 214
Number of Machines: 10
Number of Operators: 10
CPU Time: 27.8948
obj: 1190
Best found lower bound:0
Solver gap (best found lower bound and upper bound difference): Not known


Final Solution:
Job	Machine	Operator	Operation	Start Time	Finish Time
0	1	9	0	19	91
0	6	6	1	172	211
0	8	7	2	213	273
0	2	3	3	346	414
0	6	0	4	420	453
0	8	9	5	465	555
0	6	0	6	591	654
0	7	5	7	654	672
0	5	9	8	674	731
0	8	7	9	785	848
0	8	7	10	848	932
0	8	8	11	932	1023
0	4	8	12	1103	1175
1	9	1	13	22	58
1	6	0	14	399	420
1	1	6	15	428	484
1	4	3	16	484	497
1	5	4	17	511	607
1	8	5	18	710	735
1	7	5	19	832	852
1	1	7	20	1016	1052
1	2	8	21	1056	1103
1	2	6	22	1169	1182
2	9	1	23	0	22
2	0	4	24	31	53
2	6	6	25	211	273
2	5	8	26	283	335
2	9	2	27	373	459
2	9	7	28	548	638
2	5	7	29	932	1016
2	9	5	30	1060	1115
2	7	9	31	1124	1183
3	5	9	32	91	152
3	1	2	33	221	287
3	9	1	34	692	705
3	2	2	35	790	891
3	1	2	36	902	935
4	1	9	37	0	19
4	7	2	38	87	98
4	2	3	39	98	156
4	5	8	40	746	803
4	9	1	41	847	922
5	6	0	42	0	24
5	1	2	43	98	120
5	9	1	44	131	151
5	0	1	45	204	244
5	1	9	46	324	369
5	6	0	47	527	591
5	8	5	48	735	785
5	5	8	49	803	823
6	8	5	50	74	166
6	1	9	51	292	324
6	0	6	52	341	402
6	3	5	53	466	495
6	7	9	54	621	646
6	4	3	55	655	730
6	3	3	56	778	849
6	2	6	57	891	904
7	0	4	58	0	31
7	9	1	59	58	131
7	9	1	60	151	204
7	7	2	61	288	337
7	7	4	62	337	422
7	0	6	63	484	539
7	3	6	64	580	649
7	8	7	65	649	710
7	1	6	66	740	755
7	9	1	67	781	790
7	4	8	68	823	854
7	4	8	69	854	926
7	7	1	70	926	947
7	3	3	71	976	1009
7	9	5	72	1026	1060
8	6	0	73	24	86
8	3	7	74	90	181
8	0	1	75	244	295
8	5	2	76	337	372
8	4	7	77	408	481
8	2	8	78	484	531
8	2	3	79	601	655
8	7	5	80	672	698
8	2	2	81	746	790
8	6	0	82	1005	1039
8	6	0	83	1039	1056
8	6	0	84	1056	1111
8	2	6	85	1120	1169
9	7	2	86	0	87
9	4	8	87	175	227
9	2	3	88	228	250
9	8	9	89	273	292
9	6	0	90	453	527
9	0	6	91	539	578
9	0	4	92	638	735
9	4	4	93	738	821
9	1	6	94	821	864
9	1	6	95	864	878
9	2	6	96	904	936
9	0	9	97	1018	1073
9	5	2	98	1114	1189
10	4	8	99	83	175
10	7	5	100	175	201
10	9	5	101	204	263
10	3	5	102	283	320
10	2	3	103	321	346
10	9	2	104	459	548
10	2	8	105	550	601
10	7	9	106	731	787
10	0	9	107	787	862
10	1	2	108	891	902
10	2	2	109	936	994
10	7	1	110	998	1054
10	2	6	111	1103	1120
10	0	4	112	1120	1189
11	5	9	113	152	247
11	5	9	114	247	269
11	8	7	115	298	326
11	4	8	116	335	408
11	8	9	117	408	465
11	7	1	118	535	592
11	0	1	119	592	627
11	2	8	120	674	696
11	0	4	121	862	928
11	9	5	122	928	999
12	3	5	123	0	61
12	0	4	124	69	133
12	2	3	125	156	228
12	9	7	126	273	298
12	0	6	127	302	341
12	5	9	128	384	402
12	5	4	129	422	511
12	3	5	130	511	580
12	1	2	131	644	740
12	9	1	132	790	847
12	7	5	133	852	920
12	6	0	134	944	982
12	1	6	135	990	1016
13	0	4	136	53	69
13	4	8	137	227	283
13	8	7	138	326	404
13	6	0	139	777	802
13	3	7	140	1075	1134
14	4	8	141	0	83
14	1	2	142	120	185
14	1	2	143	185	221
14	7	1	144	440	518
14	1	2	145	548	644
14	2	8	146	696	746
14	6	0	147	746	777
14	1	6	148	777	814
14	6	0	149	872	944
14	4	4	150	944	1018
14	3	6	151	1018	1075
14	0	9	152	1075	1105
14	4	7	153	1175	1188
15	0	4	154	133	199
15	6	6	155	273	302
15	3	5	156	361	466
15	2	8	157	531	550
15	7	5	158	592	621
15	0	4	159	627	638
15	3	6	160	649	722
15	3	7	161	722	778
15	6	0	162	802	858
15	6	0	163	858	872
15	3	3	164	911	976
15	8	3	165	1055	1135
15	8	3	166	1135	1190
16	5	7	167	0	87
16	3	0	168	181	283
16	6	0	169	302	399
16	0	8	170	408	484
16	8	9	171	555	612
16	9	1	172	638	692
16	9	1	173	705	781
16	5	4	174	823	857
16	5	9	175	862	921
16	7	1	176	967	998
16	2	2	177	998	1056
16	7	1	178	1056	1111
16	7	9	179	1111	1124
16	3	0	180	1134	1187
17	8	3	181	0	74
17	3	3	182	74	90
17	7	4	183	201	288
17	9	1	184	298	373
17	5	9	185	373	384
17	2	3	186	414	478
17	1	7	187	484	540
17	5	8	188	607	674
17	4	3	189	730	738
17	3	3	190	849	911
17	7	1	191	947	967
17	6	0	192	982	1005
17	8	8	193	1023	1055
17	5	2	194	1056	1114
17	6	5	195	1115	1142
18	6	6	196	88	172
18	8	7	197	181	213
18	2	3	198	250	321
18	3	5	199	321	361
18	7	1	200	518	535
18	6	0	201	679	735
18	7	5	202	787	832
18	0	9	203	928	1018
18	4	4	204	1018	1101
18	9	1	205	1115	1188
19	2	6	206	0	88
19	4	4	207	288	330
19	1	1	208	373	428
19	7	1	209	428	440
19	4	3	210	497	587
19	6	0	211	654	679
19	1	6	212	936	990
19	9	5	213	999	1026


Solution History:
