This is the output of Heuristic Solver for Dual resource constrained flexible job shop Scheduling Problem.
Input file is: wfjsp5_7.txt
Method: FaFM
Seed: 4
Number of Jobs: 10
Number of Operations: 70
Number of Machines: 5
Number of Operators: 5
CPU Time: 5.57952
obj: 764
Best found lower bound:0
Solver gap (best found lower bound and upper bound difference): Not known


Final Solution:
Job	Machine	Operator	Operation	Start Time	Finish Time
0	1	3	0	77	166
0	0	3	1	279	293
0	4	1	2	298	340
0	4	1	3	340	453
0	0	0	4	478	501
0	1	3	5	501	542
0	1	3	6	542	574
0	2	1	7	606	643
1	3	1	8	0	10
1	0	1	9	10	45
1	2	2	10	58	138
1	0	0	11	215	278
1	3	4	12	335	416
1	4	2	13	606	662
1	0	0	14	715	753
2	3	4	15	10	28
2	3	4	16	57	143
2	2	2	17	254	320
2	0	3	18	355	417
2	3	4	19	573	646
2	3	4	20	646	726
2	2	4	21	728	763
3	2	2	22	415	426
3	4	2	23	662	740
4	1	3	24	0	15
4	1	3	25	15	77
4	4	0	26	102	117
4	0	0	27	126	215
4	1	3	28	224	279
4	2	2	29	320	350
4	3	4	30	416	495
4	3	4	31	495	573
4	1	3	32	574	657
4	1	3	33	657	671
5	0	1	34	45	126
5	2	2	35	138	224
5	3	4	36	224	250
5	1	0	37	279	302
5	1	0	38	302	339
5	2	2	39	350	415
5	4	1	40	453	534
5	0	0	41	577	671
5	1	3	42	671	757
6	4	0	43	0	38
6	4	0	44	38	63
6	4	1	45	198	234
6	3	4	46	250	335
6	0	0	47	424	478
6	2	2	48	485	543
6	2	2	49	543	606
6	0	0	50	693	715
6	3	1	51	728	764
7	4	1	52	126	198
7	2	2	53	224	254
7	0	3	54	293	309
7	0	3	55	309	355
7	1	3	56	424	498
7	0	0	57	501	540
7	0	0	58	540	577
7	0	0	59	671	693
8	3	4	60	28	57
8	4	0	61	63	102
8	1	3	62	166	224
8	4	1	63	234	298
8	1	0	64	339	424
8	2	2	65	426	485
8	4	1	66	534	603
8	2	1	67	643	728
9	2	2	68	0	58
9	3	4	69	143	220


Solution History:
