This is the output of Heuristic Solver for Dual resource constrained flexible job shop Scheduling Problem.
Input file is: wfjsp5_8.txt
Method: FaFM
Seed: 5
Number of Jobs: 10
Number of Operations: 65
Number of Machines: 5
Number of Operators: 5
CPU Time: 4.09661
obj: 698
Best found lower bound:0
Solver gap (best found lower bound and upper bound difference): Not known


Final Solution:
Job	Machine	Operator	Operation	Start Time	Finish Time
0	1	0	0	0	27
0	0	0	1	218	280
1	4	2	2	67	96
1	3	1	3	233	292
1	3	1	4	401	474
1	2	3	5	486	547
1	2	3	6	564	625
2	4	2	7	0	10
2	0	4	8	10	57
2	1	4	9	58	109
2	3	1	10	131	156
2	1	4	11	160	257
2	4	2	12	335	343
2	0	0	13	406	496
2	1	0	14	496	515
2	0	4	15	542	596
2	3	2	16	623	695
3	1	0	17	27	58
3	0	0	18	58	113
3	1	4	19	113	160
3	2	3	20	186	232
3	4	2	21	234	277
3	4	2	22	277	335
3	2	3	23	349	411
3	2	3	24	423	486
3	3	2	25	490	577
3	2	3	26	625	694
4	2	3	27	0	67
4	4	2	28	96	157
4	3	1	29	157	233
4	1	4	30	257	324
4	3	1	31	341	401
4	1	4	32	401	455
4	1	4	33	455	494
4	4	1	34	494	584
4	4	1	35	584	672
4	4	1	36	672	698
5	0	0	37	113	135
5	0	0	38	135	207
5	0	0	39	207	218
5	1	4	40	324	397
5	4	2	41	449	478
6	4	2	42	225	234
6	3	1	43	292	341
6	0	0	44	361	406
7	2	3	45	127	186
7	1	0	46	515	605
7	0	0	47	605	648
8	4	2	48	10	67
8	2	3	49	67	127
8	2	3	50	274	349
8	2	3	51	411	423
8	3	1	52	474	490
8	0	4	53	496	542
8	1	4	54	605	657
8	0	0	55	657	674
9	3	1	56	0	74
9	3	1	57	74	131
9	4	2	58	157	225
9	2	3	59	232	274
9	0	0	60	280	361
9	4	2	61	361	421
9	4	2	62	421	449
9	2	3	63	547	564
9	3	2	64	577	623


Solution History:
