This is the output of Heuristic Solver for Dual resource constrained flexible job shop Scheduling Problem.
Input file is: wfjsp6_8.txt
Method: FaFM
Seed: 5
Number of Jobs: 12
Number of Operations: 77
Number of Machines: 5
Number of Operators: 5
CPU Time: 6.97544
obj: 770
Best found lower bound:0
Solver gap (best found lower bound and upper bound difference): Not known


Final Solution:
Job	Machine	Operator	Operation	Start Time	Finish Time
0	1	4	0	354	387
0	0	0	1	445	507
1	0	0	2	62	86
1	1	1	3	134	193
1	3	3	4	264	345
1	2	3	5	366	427
1	2	3	6	501	562
2	1	1	7	0	11
2	0	0	8	11	62
2	1	4	9	83	134
2	3	3	10	190	217
2	1	1	11	261	349
2	4	2	12	439	447
2	3	2	13	452	540
2	1	4	14	560	582
2	0	0	15	594	652
2	3	2	16	652	724
3	4	4	17	50	83
3	0	0	18	86	141
3	4	2	19	145	192
3	2	4	20	207	252
3	4	2	21	338	381
3	4	2	22	381	439
3	2	3	23	439	501
3	4	1	24	507	565
3	3	2	25	565	652
3	2	3	26	667	736
4	2	3	27	0	67
4	3	2	28	69	136
4	1	1	29	193	261
4	0	0	30	261	332
4	3	1	31	349	409
4	1	4	32	433	487
4	0	0	33	507	542
4	4	1	34	565	655
4	4	1	35	655	743
4	4	1	36	743	769
5	0	0	37	141	163
5	0	0	38	163	235
5	2	4	39	252	265
5	1	4	40	487	560
5	1	0	41	738	769
6	4	2	42	136	145
6	3	3	43	217	264
6	3	1	44	409	452
7	4	1	45	83	133
7	2	3	46	562	650
7	0	4	47	728	769
8	4	4	48	0	50
8	2	4	49	154	207
8	4	2	50	260	338
8	2	3	51	354	366
8	3	2	52	540	555
8	1	4	53	606	651
8	1	0	54	682	738
8	2	3	55	752	767
9	3	2	56	0	69
9	3	3	57	137	190
9	4	2	58	192	260
9	2	4	59	265	306
9	0	0	60	332	413
9	4	1	61	452	507
9	1	4	62	582	606
9	2	3	63	650	667
9	3	2	64	724	770
10	1	1	65	11	76
10	2	4	66	137	154
10	0	0	67	235	254
10	1	4	68	387	433
10	0	0	69	542	594
10	0	4	70	652	704
10	2	3	71	736	752
11	2	3	72	67	137
11	2	4	73	306	354
11	0	0	74	413	445
11	1	0	75	652	682
11	0	4	76	704	728


Solution History:
