This is the output of Heuristic Solver for Dual resource constrained flexible job shop Scheduling Problem.
Input file is: wfjsp19_5.txt
Method: FaFM
Seed: 2
Number of Jobs: 20
Number of Operations: 241
Number of Machines: 10
Number of Operators: 8
CPU Time: 20.47
obj: 1486
Best found lower bound:0
Solver gap (best found lower bound and upper bound difference): Not known


Final Solution:
Job	Machine	Operator	Operation	Start Time	Finish Time
0	0	0	0	314	330
0	6	7	1	389	435
0	3	0	2	463	558
0	0	1	3	596	664
0	7	5	4	674	748
0	5	7	5	829	865
0	3	7	6	1068	1140
0	1	3	7	1226	1265
1	6	7	8	43	93
1	1	3	9	134	168
1	6	1	10	206	235
1	4	2	11	279	347
1	2	5	12	559	580
1	1	3	13	580	594
1	2	4	14	628	703
1	2	1	15	718	782
1	9	6	16	796	807
1	7	4	17	830	879
1	6	0	18	1005	1073
1	8	4	19	1110	1155
1	8	1	20	1191	1218
1	4	0	21	1328	1365
2	6	1	22	14	42
2	7	7	23	93	123
2	3	7	24	123	218
2	0	0	25	271	314
2	9	2	26	347	384
2	1	3	27	469	492
2	7	5	28	521	530
2	3	5	29	626	674
2	0	2	30	760	846
2	4	7	31	865	930
2	8	2	32	998	1064
2	6	0	33	1073	1169
2	7	5	34	1176	1262
2	9	4	35	1310	1348
3	6	1	36	0	14
3	3	2	37	33	84
3	9	6	38	528	604
3	8	0	39	782	850
3	2	5	40	1074	1142
3	0	1	41	1157	1187
3	3	2	42	1297	1369
4	0	2	43	0	33
4	2	1	44	42	62
4	5	1	45	62	129
4	9	5	46	439	521
4	1	3	47	594	680
4	7	4	48	879	924
4	1	3	49	1280	1364
4	6	1	50	1390	1472
5	1	3	51	0	10
5	4	0	52	10	44
5	4	2	53	148	239
5	7	3	54	240	271
5	1	3	55	492	580
5	1	4	56	810	830
5	1	1	57	1083	1119
5	6	7	58	1219	1305
5	2	6	59	1305	1319
5	0	4	60	1367	1393
6	4	2	61	84	148
6	7	7	62	218	234
6	4	2	63	239	279
6	8	5	64	338	370
6	4	7	65	453	544
6	8	4	66	544	628
6	1	7	67	757	799
6	2	6	68	889	934
6	1	7	69	934	951
6	5	3	70	966	1050
6	4	2	71	1064	1151
6	9	4	72	1267	1310
6	8	5	73	1338	1380
6	9	6	74	1428	1443
7	6	4	75	97	198
7	8	4	76	198	230
7	7	1	77	302	352
7	3	0	78	358	426
7	0	1	79	426	511
7	9	6	80	604	636
7	2	5	81	782	853
7	2	5	82	1025	1074
7	5	3	83	1119	1129
7	7	3	84	1129	1159
7	2	6	85	1207	1217
7	1	3	86	1217	1226
7	0	1	87	1260	1346
7	3	7	88	1395	1481
8	2	6	89	112	164
8	9	2	90	384	413
8	4	2	91	544	629
8	6	4	92	703	752
8	4	5	93	752	761
8	9	6	94	807	854
8	7	4	95	924	1004
8	7	3	96	1062	1105
8	7	3	97	1367	1412
9	8	4	98	0	21
9	2	6	99	69	112
9	8	0	100	112	180
9	5	1	101	194	206
9	2	6	102	242	314
9	8	5	103	370	439
9	8	2	104	439	509
9	2	5	105	580	626
9	6	1	106	865	948
9	3	7	107	986	1068
9	9	6	108	1091	1125
9	3	0	109	1169	1262
9	7	7	110	1305	1347
9	5	1	111	1347	1380
9	9	6	112	1443	1486
10	7	7	113	0	8
10	2	6	114	164	242
10	5	4	115	242	274
10	3	7	116	587	612
10	5	3	117	680	695
10	9	6	118	725	796
10	2	6	119	854	889
10	1	7	120	951	986
10	7	4	121	1032	1062
10	8	4	122	1155	1174
10	9	4	123	1174	1252
10	8	5	124	1262	1277
10	7	3	125	1412	1443
10	4	3	126	1443	1464
11	7	1	127	129	194
11	6	7	128	302	389
11	8	5	129	532	540
11	7	5	130	540	559
11	3	7	131	679	708
11	4	3	132	763	828
11	4	2	133	846	855
11	0	1	134	968	1040
11	3	7	135	1140	1154
11	3	3	136	1159	1169
11	5	3	137	1169	1216
11	6	7	138	1347	1390
12	9	5	139	152	251
12	7	3	140	271	291
12	8	0	141	330	338
12	0	0	142	338	358
12	4	3	143	374	453
12	2	6	144	461	528
12	5	3	145	695	763
12	8	5	146	763	782
12	7	7	147	799	829
12	3	3	148	829	896
12	4	5	149	936	1025
12	2	6	150	1229	1303
12	9	6	151	1403	1428
12	7	4	152	1446	1478
13	1	4	153	274	343
13	1	4	154	343	371
13	4	2	155	629	697
13	9	2	156	950	998
13	9	6	157	1002	1091
13	5	3	158	1105	1119
13	3	5	159	1380	1395
14	8	4	160	21	97
14	1	3	161	168	240
14	9	5	162	269	338
14	7	4	163	422	487
14	5	2	164	509	537
14	4	2	165	697	712
14	0	2	166	712	760
14	9	5	167	854	936
14	0	1	168	948	968
14	8	2	169	1174	1191
14	8	1	170	1218	1260
14	4	0	171	1262	1328
14	8	5	172	1395	1476
15	0	0	173	44	109
15	8	1	174	235	302
15	2	6	175	396	461
15	0	1	176	511	596
15	5	7	177	612	679
15	6	1	178	679	698
15	8	1	179	698	718
15	2	6	180	934	1002
15	0	1	181	1119	1157
15	1	5	182	1157	1176
15	5	2	183	1405	1438
16	5	3	184	10	51
16	1	3	185	51	134
16	0	0	186	180	271
16	7	1	187	352	422
16	5	4	188	763	810
16	8	0	189	850	898
16	8	0	190	898	966
16	1	4	191	1004	1032
16	0	4	192	1062	1110
16	2	6	193	1158	1183
16	9	4	194	1252	1267
16	8	5	195	1277	1319
16	7	4	196	1348	1358
16	9	6	197	1358	1403
16	0	0	198	1412	1460
17	9	6	199	0	69
17	9	5	200	84	152
17	3	5	201	251	269
17	5	3	202	291	374
17	0	0	203	664	707
17	1	7	204	708	757
17	6	1	205	782	865
17	5	2	206	865	950
17	6	0	207	966	1005
17	1	1	208	1040	1083
17	2	6	209	1142	1158
17	4	7	210	1158	1200
17	7	4	211	1358	1367
17	5	2	212	1438	1472
17	6	1	213	1472	1485
18	1	7	214	10	43
18	2	6	215	314	396
18	1	4	216	406	418
18	3	0	217	426	463
18	7	4	218	487	512
18	8	4	219	512	532
18	9	6	220	636	725
18	9	6	221	1125	1137
18	2	6	222	1183	1207
18	6	7	223	1207	1219
18	2	6	224	1219	1229
18	3	3	225	1265	1280
18	4	0	226	1365	1412
19	7	5	227	8	84
19	6	7	228	235	302
19	5	4	229	374	406
19	9	2	230	413	426
19	1	7	231	435	453
19	5	3	232	453	469
19	3	0	233	558	587
19	6	0	234	587	654
19	3	0	235	708	777
19	3	3	236	896	966
19	5	2	237	1216	1297
19	8	5	238	1319	1338
19	5	2	239	1380	1405
19	2	4	240	1405	1446


Solution History:
