This is the output of Heuristic Solver for Dual resource constrained flexible job shop Scheduling Problem.
Input file is: wfjsp21_1.txt
Method: FaFM
Seed: 3
Number of Jobs: 25
Number of Operations: 248
Number of Machines: 15
Number of Operators: 12
CPU Time: 28.3527
obj: 1069
Best found lower bound:0
Solver gap (best found lower bound and upper bound difference): Not known


Final Solution:
Job	Machine	Operator	Operation	Start Time	Finish Time
0	7	9	0	104	180
0	4	1	1	187	208
0	6	1	2	208	256
0	8	0	3	294	384
0	8	4	4	479	561
0	5	4	5	602	658
0	1	8	6	690	762
0	10	4	7	910	938
0	5	11	8	950	989
0	7	2	9	989	1021
0	6	1	10	1039	1048
1	2	2	11	0	16
1	9	5	12	69	81
1	1	6	13	135	188
1	10	0	14	212	273
1	6	9	15	395	440
1	1	2	16	452	477
1	12	7	17	500	511
1	9	4	18	658	715
1	8	11	19	737	783
1	3	11	20	783	872
2	12	7	21	0	89
2	10	4	22	104	150
2	1	6	23	188	271
2	12	3	24	313	327
2	11	7	25	327	356
2	8	4	26	561	584
2	0	6	27	694	716
2	14	1	28	720	769
2	13	5	29	853	935
3	7	4	30	196	234
3	11	6	31	271	326
3	4	6	32	326	411
3	14	2	33	411	452
3	12	0	34	513	528
3	6	6	35	716	760
3	6	5	36	826	853
3	11	8	37	967	1001
4	7	0	38	0	66
4	5	11	39	145	214
4	14	7	40	286	318
4	0	9	41	530	613
4	1	0	42	613	640
4	10	0	43	640	698
4	10	0	44	698	707
4	2	4	45	880	892
5	5	2	46	63	144
5	14	10	47	181	193
5	13	10	48	194	203
5	8	1	49	256	294
5	9	5	50	416	488
5	14	11	51	520	537
5	4	11	52	553	612
5	11	8	53	621	685
5	12	7	54	747	784
5	10	7	55	784	824
5	3	0	56	880	970
5	14	10	57	1032	1069
6	14	7	58	194	286
6	8	6	59	423	479
6	3	2	60	530	553
6	7	10	61	553	608
6	6	5	62	690	708
6	2	8	63	762	799
6	7	8	64	799	889
6	14	1	65	994	1032
6	9	3	66	1032	1051
7	3	11	67	40	90
7	8	11	68	90	145
7	3	5	69	264	324
7	9	5	70	378	416
7	13	3	71	438	466
7	3	5	72	635	678
7	13	6	73	760	795
7	10	6	74	942	978
7	0	8	75	1001	1047
8	3	8	76	92	164
8	4	2	77	220	297
8	1	10	78	297	379
8	10	0	79	384	493
8	0	6	80	613	694
8	6	1	81	769	811
8	4	6	82	836	851
8	5	11	83	923	941
8	5	11	84	941	950
8	8	9	85	979	1058
9	14	10	86	0	37
9	9	4	87	277	312
9	13	8	88	320	337
9	3	11	89	378	416
9	0	8	90	430	489
9	6	1	91	603	620
9	12	2	92	690	747
9	11	8	93	889	967
10	5	3	94	0	18
10	3	11	95	21	40
10	10	4	96	47	104
10	10	0	97	203	212
10	3	9	98	440	530
10	3	2	99	553	630
10	11	0	100	831	880
10	4	2	101	942	985
11	4	6	102	0	83
11	6	2	103	310	392
11	13	8	104	392	430
11	1	6	105	479	535
11	4	6	106	535	553
11	14	7	107	553	592
11	5	3	108	682	693
11	11	10	109	693	770
11	11	0	110	776	831
12	9	5	111	0	69
12	12	6	112	108	133
12	3	5	113	246	264
12	10	3	114	500	578
12	5	4	115	584	602
12	2	4	116	799	880
12	14	1	117	888	994
12	4	11	118	994	1008
12	2	10	119	1010	1031
13	9	3	120	181	198
13	13	10	121	203	295
13	3	5	122	324	378
13	6	1	123	442	523
13	2	8	124	528	587
13	2	7	125	592	637
13	6	1	126	643	690
13	8	1	127	690	720
13	9	1	128	826	853
13	0	7	129	904	991
14	1	11	130	0	21
14	1	4	131	23	47
14	14	1	132	47	92
14	13	6	133	92	108
14	0	10	134	131	177
14	12	3	135	327	403
14	11	11	136	424	482
14	13	8	137	489	528
14	2	7	138	637	738
14	5	3	139	769	807
14	10	7	140	824	904
14	1	4	141	967	1043
15	5	3	142	18	63
15	6	3	143	63	138
15	2	2	144	144	220
15	12	11	145	251	313
15	12	3	146	403	438
15	7	10	147	491	553
15	14	3	148	601	682
15	7	9	149	700	777
15	5	3	150	807	850
15	5	10	151	861	920
15	8	9	152	924	979
15	10	6	153	979	1034
16	14	1	154	92	139
16	14	3	155	139	181
16	5	4	156	234	277
16	5	10	157	379	454
16	4	2	158	477	527
16	9	5	159	574	635
16	4	11	160	651	737
16	0	2	161	824	902
17	0	4	162	0	23
17	4	7	163	89	107
17	6	1	164	139	187
17	1	0	165	273	291
17	7	1	166	294	313
17	5	11	167	322	378
17	11	11	168	482	520
17	10	3	169	578	601
17	9	5	170	754	826
17	9	3	171	871	949
17	1	4	172	949	967
18	2	2	173	16	63
18	13	7	174	108	194
18	9	3	175	198	274
18	6	3	176	274	305
18	14	9	177	322	357
18	14	9	178	357	395
18	14	10	179	454	491
18	12	10	180	784	861
18	8	9	181	867	924
18	6	5	182	958	1039
18	10	6	183	1039	1065
19	9	5	184	81	155
19	2	8	185	232	320
19	8	1	186	384	423
19	4	1	187	423	442
19	9	5	188	488	549
19	13	6	189	553	594
19	7	9	190	613	700
19	13	5	191	708	754
19	3	0	192	756	776
19	13	6	193	795	836
19	4	11	194	1008	1067
20	11	8	195	0	92
20	7	9	196	92	104
20	3	5	197	164	246
20	9	1	198	313	374
20	12	7	199	438	500
20	5	7	200	511	547
20	13	10	201	608	692
20	10	0	202	707	756
20	12	6	203	861	916
20	4	6	204	916	942
20	9	3	205	949	1024
20	7	0	206	1024	1051
21	6	1	207	0	47
21	1	0	208	66	85
21	12	0	209	135	183
21	11	0	210	183	203
21	11	7	211	356	424
21	0	0	212	493	513
21	6	1	213	523	603
21	4	1	214	620	643
21	5	3	215	693	769
21	9	3	216	853	871
21	1	11	217	872	923
21	12	10	218	923	960
22	8	9	219	0	77
22	10	4	220	150	196
22	5	9	221	277	322
22	7	4	222	397	473
22	11	8	223	587	621
22	1	2	224	640	690
22	8	9	225	783	867
22	14	1	226	867	888
22	5	7	227	991	1067
23	1	0	228	85	135
23	8	8	229	164	232
23	8	11	230	232	251
23	7	4	231	313	397
23	5	3	232	466	500
23	11	0	233	528	587
23	12	11	234	612	651
23	4	2	235	747	824
23	7	2	236	902	939
23	6	5	237	939	958
23	2	10	238	960	1010
24	0	10	239	37	131
24	0	9	240	180	268
24	4	2	241	297	310
24	2	8	242	337	391
24	9	5	243	549	574
24	12	0	244	587	611
24	0	4	245	716	794
24	2	4	246	892	910
24	3	0	247	970	1020


Solution History:
