This is the output of Heuristic Solver for Dual resource constrained flexible job shop Scheduling Problem.
Input file is: wfjsp11_6.txt
Method: FaFM
Seed: 5
Number of Jobs: 20
Number of Operations: 169
Number of Machines: 10
Number of Operators: 10
CPU Time: 14.8021
obj: 985
Best found lower bound:0
Solver gap (best found lower bound and upper bound difference): Not known


Final Solution:
Job	Machine	Operator	Operation	Start Time	Finish Time
0	4	9	0	0	57
0	4	6	1	57	98
0	2	2	2	180	242
0	1	2	3	242	284
0	5	8	4	294	388
0	2	2	5	431	523
0	6	2	6	523	551
0	7	9	7	562	588
0	5	0	8	704	790
0	8	9	9	865	880
0	9	6	10	880	968
1	6	1	11	140	219
1	0	4	12	363	394
1	5	8	13	394	432
1	8	0	14	433	490
1	7	8	15	702	787
2	1	2	16	284	365
2	9	5	17	433	517
2	5	0	18	588	616
2	8	3	19	681	726
2	6	1	20	739	807
2	8	7	21	944	983
3	4	6	22	223	318
3	4	6	23	318	394
3	0	4	24	436	492
3	8	0	25	492	535
3	8	9	26	588	622
3	2	2	27	684	694
3	1	9	28	698	759
4	0	3	29	27	112
4	5	0	30	120	168
4	1	3	31	228	241
4	6	1	32	241	322
4	1	3	33	365	441
4	6	1	34	441	481
4	7	9	35	489	562
4	4	6	36	619	659
4	4	2	37	659	684
4	2	2	38	708	794
4	0	4	39	837	875
4	0	3	40	875	925
5	8	0	41	74	120
5	3	7	42	125	193
5	3	7	43	371	464
5	4	6	44	502	591
5	2	3	45	926	975
6	8	0	46	209	300
6	8	5	47	357	388
6	8	5	48	388	432
6	4	6	49	432	446
6	1	8	50	525	616
7	0	7	51	0	27
7	3	6	52	27	38
7	6	5	53	42	87
7	2	2	54	92	180
7	5	8	55	180	191
7	7	9	56	233	310
7	7	9	57	310	370
7	7	9	58	370	428
7	8	5	59	627	674
7	3	5	60	674	762
7	8	3	61	764	778
7	8	3	62	778	865
7	4	2	63	865	918
7	8	5	64	922	943
7	4	0	65	958	985
8	3	7	66	38	125
8	8	0	67	168	209
8	3	7	68	283	371
8	7	9	69	428	489
8	0	4	70	492	505
8	6	2	71	551	583
8	8	3	72	726	764
8	7	8	73	787	878
8	4	0	74	918	958
9	2	5	75	0	42
9	9	5	76	93	102
9	0	4	77	394	418
9	2	3	78	525	606
9	7	7	79	606	695
9	2	2	80	695	708
9	2	7	81	901	926
9	7	9	82	940	949
10	0	4	83	112	205
10	0	4	84	418	436
10	2	3	85	606	681
10	4	6	86	702	790
10	6	1	87	807	858
11	3	6	88	0	23
11	1	3	89	196	228
11	1	3	90	441	525
11	1	8	91	616	635
11	5	0	92	685	704
11	1	9	93	759	798
11	5	0	94	841	891
12	2	2	95	48	92
12	7	9	96	140	233
12	6	1	97	351	440
12	4	6	98	591	619
12	5	0	99	619	685
12	6	1	100	685	739
12	8	7	101	889	901
12	7	9	102	903	940
13	1	2	103	0	48
13	1	9	104	57	73
13	1	9	105	73	106
13	6	5	106	106	130
13	8	5	107	130	168
13	9	5	108	168	257
13	5	8	109	257	294
13	3	7	110	549	579
13	6	1	111	587	671
13	9	6	112	671	696
13	3	5	113	762	814
13	2	7	114	814	889
13	6	8	115	889	983
14	1	3	116	112	196
14	8	5	117	301	332
14	8	5	118	332	348
14	2	3	119	348	361
14	9	5	120	517	538
14	9	5	121	538	627
14	4	8	122	684	702
14	3	5	123	814	840
14	3	5	124	840	922
15	7	1	125	0	64
15	5	4	126	64	107
15	4	6	127	131	223
15	9	5	128	257	301
15	8	5	129	348	357
15	9	0	130	357	433
15	6	8	131	481	500
15	8	0	132	535	588
15	5	0	133	790	841
15	0	7	134	926	944
15	7	9	135	949	984
16	8	0	136	0	74
16	9	0	137	301	350
16	3	2	138	583	637
16	1	9	139	637	698
16	9	6	140	790	876
16	5	4	141	891	982
17	9	8	142	0	93
17	4	6	143	98	131
17	0	4	144	205	268
17	0	4	145	268	363
17	2	2	146	365	431
17	5	8	147	432	474
17	0	4	148	505	592
17	0	4	149	592	654
17	0	4	150	654	742
17	4	2	151	794	814
17	4	2	152	814	854
17	1	1	153	858	943
17	1	1	154	943	985
18	5	4	155	0	62
18	9	8	156	102	157
18	3	7	157	193	283
18	3	7	158	464	549
18	0	4	159	742	837
18	7	9	160	880	903
19	7	1	161	64	140
19	5	8	162	191	252
19	2	3	163	252	334
19	6	1	164	334	351
19	4	6	165	446	502
19	5	1	166	502	587
19	9	7	167	696	782
19	3	2	168	922	975


Solution History:
