This is the output of Heuristic Solver for Dual resource constrained flexible job shop Scheduling Problem.
Input file is: wfjsp20_7.txt
Method: FaFM
Seed: 4
Number of Jobs: 25
Number of Operations: 200
Number of Machines: 10
Number of Operators: 8
CPU Time: 14.0336
obj: 1264
Best found lower bound:0
Solver gap (best found lower bound and upper bound difference): Not known


Final Solution:
Job	Machine	Operator	Operation	Start Time	Finish Time
0	1	5	0	259	343
0	1	5	1	343	355
0	1	6	2	355	399
0	1	6	3	553	656
0	7	5	4	656	674
0	5	7	5	1009	1047
0	3	0	6	1059	1093
0	0	2	7	1160	1199
1	3	1	8	0	10
1	6	5	9	54	90
1	6	2	10	240	322
1	9	0	11	327	384
1	9	3	12	523	601
1	3	4	13	623	685
1	0	1	14	805	843
1	7	1	15	843	858
1	7	1	16	1094	1171
1	5	3	17	1175	1241
2	1	0	18	0	54
2	9	3	19	139	213
2	3	6	20	399	471
2	2	7	21	484	521
2	3	0	22	718	732
2	2	7	23	902	982
2	0	2	24	1013	1026
2	7	6	25	1026	1094
2	1	6	26	1094	1107
2	6	6	27	1132	1227
3	9	4	28	57	99
3	4	0	29	281	309
3	6	2	30	566	638
3	5	3	31	908	988
3	7	1	32	1171	1243
4	7	6	33	0	10
4	8	2	34	34	102
4	5	7	35	300	381
4	2	7	36	381	403
4	9	4	37	601	623
4	1	6	38	713	746
4	1	7	39	747	822
4	9	6	40	895	975
4	4	3	41	988	1061
4	8	4	42	1179	1257
5	8	2	43	0	34
5	4	7	44	39	64
5	9	3	45	231	272
5	2	5	46	699	780
5	5	3	47	850	908
5	3	0	48	1001	1059
6	9	5	49	0	54
6	3	4	50	319	340
6	4	3	51	340	376
6	3	6	52	471	535
6	0	5	53	627	652
6	9	1	54	724	735
6	0	1	55	735	777
6	8	4	56	805	872
6	4	0	57	876	917
7	7	6	58	10	51
7	9	4	59	99	120
7	0	4	60	120	147
7	0	2	61	160	195
7	6	7	62	428	484
7	0	2	63	484	549
7	9	4	64	1033	1108
7	0	5	65	1215	1263
8	3	1	66	96	165
8	4	0	67	196	281
8	2	2	68	403	461
8	1	0	69	472	529
8	2	6	70	535	553
8	8	3	71	659	713
8	4	0	72	817	876
8	8	4	73	923	998
9	8	2	74	102	160
9	9	3	75	213	231
9	2	7	76	263	300
9	9	6	77	746	830
9	7	0	78	959	1001
10	1	0	79	54	91
10	7	6	80	110	186
10	6	2	81	716	729
10	6	2	82	729	744
10	2	7	83	1179	1237
11	7	6	84	51	78
11	3	1	85	165	195
11	9	1	86	384	445
11	5	3	87	466	523
11	5	6	88	659	710
11	7	3	89	713	725
11	1	7	90	822	902
11	1	7	91	982	1009
11	3	5	92	1126	1163
11	7	1	93	1243	1257
12	5	3	94	0	29
12	6	5	95	90	171
12	5	1	96	279	291
12	6	5	97	487	538
12	3	2	98	549	566
12	0	5	99	566	627
12	6	2	100	638	716
12	8	1	101	777	805
12	7	1	102	858	943
12	2	5	103	1076	1126
13	4	6	104	78	110
13	1	5	105	206	259
13	3	4	106	268	319
13	4	0	107	384	423
13	5	3	108	601	659
13	2	5	109	674	699
13	8	7	110	713	747
13	2	5	111	1062	1076
13	4	0	112	1140	1168
13	3	2	113	1199	1243
14	2	7	114	65	129
14	3	4	115	340	392
14	9	1	116	651	724
14	7	0	117	943	959
14	0	2	118	1026	1086
15	6	7	119	0	39
15	6	5	120	171	206
15	8	4	121	392	468
15	7	0	122	596	639
15	5	4	123	718	805
15	3	2	124	827	912
15	6	1	125	1009	1094
15	5	7	126	1126	1169
16	2	7	127	223	263
16	5	3	128	381	395
16	6	5	129	538	564
16	5	3	130	809	850
16	0	2	131	997	1013
16	1	0	132	1222	1264
17	7	1	133	195	279
17	5	3	134	395	403
17	4	3	135	423	466
17	7	1	136	517	596
17	2	1	137	596	651
17	6	2	138	744	827
17	8	4	139	872	887
17	8	4	140	887	923
17	2	4	141	1126	1179
18	0	4	142	0	57
18	5	6	143	194	268
18	0	6	144	268	350
18	8	4	145	468	519
18	4	7	146	648	675
18	7	0	147	732	817
18	3	2	148	912	997
18	9	4	149	998	1033
19	1	0	150	106	196
19	8	4	151	196	268
19	4	0	152	309	327
19	1	0	153	423	452
19	3	4	154	685	718
19	9	6	155	830	857
19	6	5	156	867	941
19	0	1	157	943	985
19	5	7	158	1047	1126
19	8	3	159	1140	1175
20	2	1	160	10	65
20	2	7	161	129	223
20	5	4	162	523	597
20	1	0	163	656	713
20	4	3	164	725	809
20	1	0	165	917	941
20	3	0	166	1093	1122
20	6	6	167	1122	1132
21	8	1	168	291	351
21	0	5	169	355	442
21	1	0	170	452	472
21	6	6	171	975	1009
21	6	6	172	1227	1240
22	5	3	173	29	59
22	3	1	174	65	96
22	7	3	175	279	337
22	8	1	176	351	377
22	8	7	177	521	543
22	4	7	178	675	712
22	4	0	179	1168	1222
22	5	3	180	1241	1258
23	1	0	181	91	106
23	5	4	182	147	194
23	6	2	183	322	394
23	7	7	184	403	428
23	7	5	185	442	487
23	4	7	186	585	639
23	8	7	187	639	648
23	2	5	188	780	867
23	2	5	189	982	1062
23	0	2	190	1086	1160
24	5	3	191	59	139
24	6	2	192	206	240
24	9	1	193	445	517
24	4	0	194	529	585
24	9	6	195	857	895
24	1	5	196	941	978
24	4	3	197	1061	1140
24	1	5	198	1163	1215
24	4	7	199	1237	1251


Solution History:
