This is the output of Heuristic Solver for Dual resource constrained flexible job shop Scheduling Problem.
Input file is: wfjsp14_7.txt
Method: FaFM
Seed: 1
Number of Jobs: 30
Number of Operations: 236
Number of Machines: 15
Number of Operators: 15
CPU Time: 42.7182
obj: 849
Best found lower bound:0
Solver gap (best found lower bound and upper bound difference): Not known


Final Solution:
Job	Machine	Operator	Operation	Start Time	Finish Time
0	5	2	0	9	89
0	7	2	1	152	164
0	6	13	2	256	295
0	1	0	3	330	425
0	12	10	4	511	534
0	3	6	5	569	606
0	3	7	6	684	719
0	7	13	7	721	763
1	3	7	8	57	67
1	10	8	9	133	167
1	9	14	10	167	261
1	9	0	11	266	323
1	7	8	12	324	405
1	14	8	13	405	456
1	7	9	14	519	557
1	4	9	15	581	599
1	13	3	16	607	684
1	2	10	17	754	819
2	14	1	18	52	119
2	12	11	19	119	184
2	14	12	20	184	251
2	4	3	21	252	282
2	14	12	22	350	361
2	11	5	23	361	433
2	6	7	24	443	458
2	6	3	25	459	517
2	10	0	26	674	686
2	5	2	27	687	768
3	4	6	28	0	50
3	7	9	29	238	263
3	12	11	30	306	377
3	4	14	31	493	581
3	3	6	32	606	684
4	1	1	33	0	12
4	8	14	34	12	88
4	3	10	35	134	224
4	8	14	36	266	292
4	2	4	37	316	338
4	9	13	38	353	385
4	3	2	39	400	465
4	9	7	40	465	541
4	13	9	41	684	756
4	5	7	42	768	849
5	3	10	43	68	103
5	14	1	44	119	143
5	14	8	45	252	288
5	13	6	46	394	471
5	6	13	47	529	595
5	0	0	48	737	793
6	3	3	49	0	57
6	7	11	50	82	102
6	11	5	51	123	162
6	12	11	52	184	250
6	9	13	53	323	353
6	5	1	54	372	386
6	2	4	55	536	583
6	12	10	56	630	694
6	4	11	57	720	762
7	10	4	58	0	40
7	1	3	59	57	76
7	12	5	60	93	117
7	10	10	61	224	263
7	3	2	62	343	400
7	5	13	63	400	465
7	10	2	64	600	674
7	13	1	65	757	813
8	2	10	66	0	68
8	6	7	67	68	152
8	6	14	68	376	443
8	2	4	69	474	536
8	13	3	70	584	607
8	11	5	71	625	682
8	9	1	72	687	757
8	8	4	73	757	834
9	14	7	74	0	47
9	11	14	75	100	123
9	6	13	76	218	256
9	13	3	77	517	584
9	6	3	78	793	829
10	6	13	79	186	218
10	11	5	80	551	625
10	3	7	81	719	731
10	3	6	82	736	752
10	3	6	83	788	839
11	10	4	84	40	62
11	9	14	85	124	151
11	8	0	86	183	239
11	12	11	87	250	306
11	14	12	88	306	350
11	10	2	89	532	543
11	9	0	90	543	635
11	7	8	91	672	703
11	6	13	92	763	793
11	1	0	93	793	813
12	12	5	94	0	29
12	11	12	95	34	100
12	7	11	96	102	117
12	4	0	97	117	177
12	1	1	98	309	330
12	0	9	99	358	423
12	14	8	100	456	530
12	6	7	101	598	623
12	10	3	102	686	779
12	12	5	103	779	836
13	7	2	104	119	152
13	10	2	105	167	224
13	13	6	106	252	305
13	0	9	107	325	358
13	10	2	108	465	532
13	5	8	109	532	565
13	7	8	110	565	597
13	5	2	111	676	687
13	12	10	112	694	717
13	6	12	113	721	759
14	1	1	114	149	227
14	0	5	115	270	325
14	12	11	116	377	451
14	2	14	117	583	602
14	14	0	118	695	737
15	6	1	119	12	52
15	5	2	120	89	119
15	1	1	121	227	309
15	2	4	122	338	378
15	7	9	123	446	519
15	1	1	124	519	602
15	6	13	125	637	721
15	1	10	126	721	752
16	11	12	127	0	34
16	11	5	128	232	248
16	14	12	129	361	391
16	11	5	130	433	472
16	4	11	131	480	493
16	9	12	132	781	835
17	13	9	133	0	91
17	8	14	134	91	100
17	0	6	135	134	172
17	13	3	136	181	250
17	4	3	137	282	349
17	8	12	138	398	470
17	4	11	139	470	480
17	12	10	140	592	630
17	10	2	141	779	832
18	0	8	142	0	59
18	10	8	143	62	133
18	5	4	144	234	311
18	4	3	145	405	459
18	8	11	146	530	555
18	5	4	147	583	676
18	2	4	148	676	754
18	4	11	149	762	798
19	0	6	150	59	134
19	5	7	151	153	234
19	0	5	152	252	270
19	6	13	153	295	323
19	11	5	154	325	357
19	10	4	155	404	430
19	11	5	156	472	551
19	4	14	157	602	652
19	4	11	158	652	720
19	3	6	159	752	788
20	4	0	160	53	110
20	2	4	161	144	230
20	2	7	162	234	316
20	13	6	163	316	383
20	3	6	164	490	569
20	8	0	165	641	667
20	12	7	166	731	766
20	0	11	167	798	807
21	12	5	168	29	93
21	10	10	169	328	404
21	8	14	170	470	491
21	5	13	171	491	529
21	6	13	172	623	637
22	13	3	173	153	181
22	8	8	174	292	324
22	6	14	175	324	376
22	10	4	176	430	455
22	2	4	177	455	474
22	2	7	178	623	663
22	0	6	179	684	736
22	9	12	180	759	781
23	5	2	181	0	9
23	1	0	182	12	53
23	9	13	183	53	124
23	8	0	184	239	266
23	10	10	185	266	328
23	5	1	186	330	372
23	13	4	187	383	394
23	1	1	188	426	511
23	1	1	189	602	687
23	11	14	190	773	840
24	7	11	191	0	82
24	5	13	192	124	153
24	11	5	193	162	232
24	7	9	194	263	324
24	2	1	195	386	426
24	8	11	196	493	530
24	0	9	197	599	684
24	7	9	198	763	811
24	2	1	199	819	830
25	8	12	200	100	183
25	4	3	201	349	405
25	3	13	202	465	490
25	10	2	203	543	600
25	11	5	204	682	750
26	3	10	205	103	134
26	4	6	206	177	252
26	3	2	207	307	343
26	13	6	208	471	485
26	12	10	209	534	592
27	6	13	210	0	9
27	9	13	211	9	20
27	13	9	212	91	153
27	6	13	213	153	186
27	3	2	214	224	307
27	7	10	215	405	446
27	13	12	216	485	514
27	0	0	217	520	539
27	14	12	218	539	611
27	14	12	219	611	695
28	1	3	220	76	149
28	7	9	221	164	238
28	11	12	222	251	306
28	8	7	223	324	398
28	9	7	224	398	437
28	12	10	225	451	511
28	0	7	226	541	598
28	7	8	227	598	672
28	14	8	228	737	805
28	0	8	229	807	845
29	2	4	230	68	144
29	0	8	231	172	252
29	0	0	232	425	520
29	8	11	233	555	641
29	8	14	234	667	743
29	11	14	235	750	773


Solution History:
