This is the output of Heuristic Solver for Dual resource constrained flexible job shop Scheduling Problem.
Input file is: wfjsp23_7.txt
Method: FaFM
Seed: 1
Number of Jobs: 30
Number of Operations: 386
Number of Machines: 15
Number of Operators: 12
CPU Time: 55.9707
obj: 1655
Best found lower bound:0
Solver gap (best found lower bound and upper bound difference): Not known


Final Solution:
Job	Machine	Operator	Operation	Start Time	Finish Time
0	6	8	0	26	117
0	7	8	1	155	169
0	6	0	2	195	235
0	12	6	3	440	549
0	12	5	4	562	584
0	10	7	5	650	688
0	3	4	6	688	716
0	7	7	7	716	757
0	3	8	8	763	771
0	2	2	9	1187	1222
0	14	2	10	1222	1306
0	3	8	11	1403	1471
0	7	2	12	1540	1618
1	7	0	13	52	112
1	8	8	14	169	208
1	12	3	15	208	227
1	14	5	16	287	360
1	8	9	17	392	457
1	2	7	18	596	650
1	14	2	19	728	796
1	11	7	20	989	1064
1	11	7	21	1064	1094
1	7	11	22	1199	1208
1	4	4	23	1210	1283
1	0	3	24	1336	1349
1	7	0	25	1381	1437
1	6	4	26	1460	1474
1	10	5	27	1488	1561
2	5	4	28	0	52
2	5	2	29	147	177
2	5	10	30	177	248
2	13	4	31	248	320
2	6	6	32	585	659
2	3	6	33	659	674
2	12	11	34	694	770
2	10	6	35	839	914
2	7	0	36	927	953
2	8	8	37	1011	1034
2	12	5	38	1042	1080
2	3	3	39	1253	1316
2	3	8	40	1333	1403
2	9	7	41	1490	1565
2	8	8	42	1565	1650
3	14	4	43	59	95
3	9	2	44	118	147
3	14	3	45	227	270
3	6	0	46	491	573
3	10	1	47	573	632
3	9	3	48	962	1032
3	5	9	49	1224	1283
3	2	9	50	1283	1303
3	12	10	51	1378	1411
3	10	9	52	1564	1637
4	6	7	53	0	26
4	5	4	54	95	112
4	2	9	55	120	162
4	0	7	56	221	303
4	3	8	57	349	390
4	5	9	58	480	517
4	13	6	59	549	569
4	4	11	60	579	604
4	9	3	61	614	648
4	12	0	62	648	694
4	8	8	63	694	763
4	11	9	64	901	983
4	12	5	65	994	1042
4	1	3	66	1349	1418
4	13	6	67	1514	1596
5	1	3	68	270	328
5	2	1	69	409	466
5	6	7	70	472	491
5	13	2	71	675	728
5	11	6	72	775	839
5	0	0	73	839	927
5	1	0	74	1078	1134
5	1	5	75	1166	1184
5	6	8	76	1249	1289
5	13	6	77	1289	1368
5	6	8	78	1504	1540
6	6	8	79	117	149
6	3	6	80	269	349
6	0	6	81	349	366
6	10	9	82	376	392
6	1	7	83	506	561
6	13	7	84	570	596
6	12	0	85	613	638
6	7	10	86	774	840
6	7	8	87	953	1011
6	9	7	88	1206	1257
6	8	10	89	1257	1269
6	9	5	90	1336	1411
6	5	4	91	1434	1460
6	6	8	92	1474	1504
7	4	1	93	0	17
7	5	2	94	52	89
7	1	4	95	112	191
7	4	1	96	191	203
7	6	9	97	236	294
7	14	2	98	389	405
7	9	9	99	517	587
7	13	0	100	731	815
7	3	11	101	957	984
7	0	5	102	1080	1164
7	13	4	103	1164	1210
7	10	6	104	1369	1402
7	1	11	105	1478	1540
8	13	0	106	112	156
8	7	2	107	208	239
8	2	2	108	239	297
8	11	9	109	457	480
8	8	2	110	535	563
8	8	6	111	569	583
8	2	5	112	669	694
8	6	4	113	760	799
8	3	3	114	810	879
8	1	11	115	898	957
8	2	2	116	1012	1078
8	7	0	117	1137	1153
8	14	2	118	1424	1468
9	3	10	119	125	168
9	2	2	120	177	208
9	2	1	121	317	409
9	3	10	122	409	451
9	6	7	123	881	974
9	1	4	124	974	1057
9	0	9	125	1409	1491
9	12	1	126	1496	1532
9	0	0	127	1547	1587
9	13	7	128	1596	1613
10	0	3	129	0	32
10	8	6	130	125	159
10	4	0	131	159	175
10	5	10	132	355	398
10	11	1	133	480	572
10	6	1	134	668	677
10	2	1	135	755	794
10	4	1	136	1125	1204
10	4	1	137	1532	1589
10	4	1	138	1589	1655
11	2	2	139	0	13
11	0	3	140	32	67
11	0	6	141	77	125
11	1	4	142	191	248
11	8	2	143	297	369
11	3	10	144	451	525
11	11	6	145	686	737
11	4	10	146	744	774
11	12	1	147	794	879
11	14	4	148	894	971
11	8	9	149	1039	1069
11	11	6	150	1118	1190
11	2	10	151	1411	1494
11	3	5	152	1562	1580
11	0	11	153	1604	1633
12	9	11	154	0	27
12	7	11	155	126	155
12	3	6	156	195	269
12	13	5	157	360	411
12	2	5	158	485	562
12	5	1	159	637	668
12	6	8	160	799	866
12	12	3	161	879	962
12	3	11	162	984	1060
12	5	10	163	1068	1137
12	1	6	164	1190	1283
12	2	9	165	1386	1408
12	10	6	166	1432	1464
12	9	7	167	1565	1575
12	12	0	168	1587	1647
13	13	9	169	0	76
13	8	2	170	89	105
13	9	1	171	150	187
13	0	7	172	385	401
13	12	11	173	401	439
13	9	7	174	439	472
13	0	3	175	512	574
13	5	4	176	808	831
13	14	5	177	832	850
13	8	0	178	953	990
13	3	3	179	1199	1253
13	4	0	180	1298	1322
13	0	5	181	1322	1336
13	7	0	182	1336	1381
13	7	2	183	1468	1540
14	3	6	184	0	24
14	10	7	185	26	83
14	10	1	186	262	317
14	1	7	187	561	570
14	9	3	188	694	783
14	8	9	189	786	859
14	2	2	190	949	1012
14	0	10	191	1166	1252
14	8	10	192	1269	1304
14	13	1	193	1416	1487
15	0	3	194	144	202
15	5	10	195	316	355
15	7	0	196	359	397
15	1	5	197	411	485
15	14	4	198	535	583
15	11	10	199	586	596
15	1	10	200	596	679
15	11	9	201	859	901
15	6	1	202	1006	1035
15	3	6	203	1066	1118
15	12	3	204	1118	1193
15	1	4	205	1540	1570
15	6	4	206	1570	1645
16	7	5	207	0	38
16	8	2	208	105	118
16	14	5	209	156	206
16	7	2	210	405	414
16	0	7	211	491	506
16	4	11	212	515	579
16	0	3	213	579	614
16	13	7	214	815	881
16	6	8	215	1035	1077
16	14	2	216	1078	1109
16	14	2	217	1403	1424
17	4	1	218	79	150
17	8	5	219	208	287
17	11	9	220	294	358
17	13	2	221	596	675
17	4	10	222	679	744
17	10	5	223	754	832
17	2	5	224	850	890
17	4	1	225	942	1006
17	4	1	226	1035	1092
17	13	7	227	1094	1163
17	9	1	228	1262	1325
17	14	7	229	1357	1394
17	3	3	230	1471	1562
17	1	3	231	1570	1648
18	12	0	232	235	334
18	4	4	233	342	418
18	4	11	234	439	515
18	14	2	235	515	531
18	0	9	236	614	699
18	0	9	237	699	786
18	3	11	238	1137	1199
18	12	0	239	1199	1298
18	10	5	240	1313	1322
18	10	1	241	1325	1353
18	10	1	242	1353	1369
18	10	6	243	1402	1432
18	5	10	244	1568	1635
19	9	11	245	27	112
19	7	8	246	239	318
19	10	7	247	401	438
19	2	2	248	563	596
19	5	4	249	596	637
19	6	1	250	677	755
19	1	7	251	757	813
19	13	6	252	914	953
19	12	7	253	974	989
19	4	1	254	1092	1125
19	7	0	255	1153	1196
19	13	5	256	1227	1261
19	8	2	257	1306	1320
19	6	2	258	1320	1403
19	8	9	259	1491	1564
20	1	0	260	0	37
20	7	11	261	169	204
20	11	6	262	366	440
20	13	4	263	440	522
20	6	0	264	573	585
20	12	0	265	585	613
20	9	3	266	648	694
20	5	0	267	694	731
20	0	6	268	992	1066
20	1	11	269	1287	1348
20	0	11	270	1349	1409
20	11	5	271	1411	1488
20	13	1	272	1488	1496
21	14	3	273	95	144
21	6	7	274	303	385
21	14	3	275	409	464
21	9	9	276	587	613
21	11	6	277	737	775
21	8	8	278	866	952
21	2	2	279	1109	1187
21	5	9	280	1187	1224
21	7	11	281	1224	1287
21	4	3	282	1418	1470
22	12	10	283	79	125
22	10	9	284	162	236
22	13	0	285	334	359
22	0	0	286	401	485
22	9	3	287	485	512
22	7	8	288	616	678
22	2	5	289	694	754
22	7	10	290	840	912
22	4	1	291	932	942
22	6	4	292	1077	1159
22	2	9	293	1303	1386
22	5	4	294	1474	1540
22	6	8	295	1540	1551
23	10	5	296	89	156
23	5	10	297	248	316
23	14	9	298	360	376
23	14	2	299	376	389
23	8	5	300	584	636
23	14	4	301	637	688
23	5	4	302	831	868
23	6	9	303	983	996
23	9	3	304	1032	1087
23	8	8	305	1115	1160
23	3	3	306	1316	1333
23	14	7	307	1333	1357
23	4	1	308	1369	1381
23	4	1	309	1381	1414
23	0	0	310	1491	1547
24	8	8	311	0	9
24	13	9	312	76	99
24	6	6	313	159	195
24	9	1	314	203	262
24	4	4	315	320	342
24	11	11	316	604	686
24	3	4	317	716	760
24	5	11	318	770	808
24	9	2	319	865	949
24	1	10	320	1137	1166
24	9	7	321	1166	1206
24	11	1	322	1206	1262
24	12	0	323	1437	1483
24	9	5	324	1580	1653
25	1	5	325	38	89
25	3	9	326	99	120
25	4	11	327	204	266
25	9	11	328	266	321
25	1	11	329	813	898
25	3	10	330	912	938
25	10	10	331	938	999
25	11	7	332	1262	1330
25	5	4	333	1358	1434
25	11	11	334	1540	1604
26	4	6	335	24	77
26	5	4	336	418	439
26	8	2	337	457	514
26	8	4	338	522	535
26	14	7	339	688	712
26	2	5	340	890	938
26	0	6	341	953	992
26	5	9	342	996	1039
26	6	8	343	1160	1249
26	5	4	344	1283	1358
27	14	10	345	0	59
27	1	3	346	328	409
27	6	8	347	409	438
27	6	8	348	438	450
27	7	8	349	450	533
27	4	3	350	783	810
27	10	9	351	1069	1179
27	12	10	352	1304	1378
27	13	7	353	1394	1416
27	1	11	354	1418	1478
27	8	6	355	1478	1490
27	4	6	356	1490	1514
27	5	10	357	1540	1568
27	3	6	358	1596	1617
27	0	6	359	1633	1651
28	12	1	360	17	79
28	11	7	361	83	159
28	12	11	362	334	396
28	7	2	363	414	444
28	5	1	364	466	478
28	7	8	365	533	616
28	8	5	366	636	669
28	9	2	367	796	865
28	5	1	368	879	932
28	10	10	369	999	1068
28	7	11	370	1068	1137
28	10	5	371	1184	1227
28	8	8	372	1320	1329
28	9	7	373	1416	1490
28	11	10	374	1494	1537
29	11	2	375	13	39
29	7	2	376	39	52
29	5	11	377	112	126
29	13	7	378	159	221
29	3	10	379	525	586
29	7	8	380	678	694
29	14	4	381	868	894
29	5	5	382	938	994
29	13	0	383	994	1078
29	8	8	384	1078	1115
29	10	5	385	1261	1313


Solution History:
