This is the output of Heuristic Solver for Dual resource constrained flexible job shop Scheduling Problem.
Input file is: wfjsp10_3.txt
Method: FaFM
Seed: 3
Number of Jobs: 20
Number of Operations: 168
Number of Machines: 10
Number of Operators: 10
CPU Time: 24.6708
obj: 949
Best found lower bound:0
Solver gap (best found lower bound and upper bound difference): Not known


Final Solution:
Job	Machine	Operator	Operation	Start Time	Finish Time
0	9	8	0	0	67
0	5	6	1	87	101
0	2	7	2	178	193
0	8	3	3	217	300
0	3	1	4	431	510
0	5	6	5	552	618
0	6	8	6	680	752
0	5	6	7	777	810
0	1	1	8	854	945
1	4	9	9	0	15
1	8	3	10	85	141
1	0	2	11	159	258
1	6	9	12	416	434
1	0	5	13	484	584
1	4	0	14	604	696
1	4	0	15	696	726
1	8	2	16	763	826
2	8	2	17	0	18
2	9	8	18	67	132
2	6	7	19	137	149
2	6	7	20	149	178
2	4	0	21	354	414
2	2	7	22	440	537
2	1	8	23	550	611
2	8	2	24	633	660
2	8	3	25	666	736
2	9	7	26	768	869
3	5	6	27	0	9
3	7	6	28	9	40
3	7	4	29	80	182
3	8	3	30	182	217
3	1	3	31	405	437
3	6	8	32	752	811
3	8	3	33	826	883
3	8	3	34	883	945
4	2	1	35	62	159
4	4	0	36	262	354
4	5	6	37	422	437
4	9	9	38	523	553
4	0	5	39	594	663
4	9	8	40	666	680
4	3	1	41	699	723
4	5	6	42	723	777
4	4	9	43	806	844
4	3	4	44	844	907
5	4	0	45	15	108
5	5	6	46	166	235
5	5	6	47	235	306
5	1	8	48	334	350
5	8	1	49	416	431
5	9	8	50	469	523
5	6	1	51	552	621
5	5	4	52	621	658
5	9	5	53	680	701
5	2	1	54	768	832
6	1	3	55	0	26
6	7	2	56	49	80
6	4	0	57	108	186
6	2	7	58	193	265
6	6	1	59	325	416
6	8	2	60	431	529
6	4	0	61	726	736
6	1	9	62	736	805
6	4	9	63	844	947
7	8	3	64	50	85
7	7	4	65	182	211
7	8	3	66	300	357
7	3	5	67	387	429
7	1	3	68	437	509
7	0	5	69	584	594
7	0	2	70	663	763
8	9	8	71	132	190
8	2	7	72	265	293
8	7	4	73	357	432
8	6	9	74	434	464
8	2	7	75	604	664
8	1	9	76	718	731
9	8	2	77	18	49
9	2	7	78	49	61
9	6	7	79	62	137
9	9	9	80	326	409
9	4	0	81	510	566
9	7	4	82	566	583
9	7	4	83	583	620
9	8	1	84	736	752
10	1	9	85	179	257
10	8	3	86	357	405
10	2	7	87	405	440
10	3	3	88	510	531
10	4	0	89	566	604
10	9	8	90	611	666
10	5	4	91	666	718
10	1	8	92	811	836
10	2	6	93	917	949
11	0	9	94	15	56
11	3	5	95	56	126
11	8	3	96	141	174
11	3	5	97	216	313
11	0	2	98	329	425
11	7	4	99	468	564
11	6	6	100	621	680
11	1	6	101	680	718
11	7	4	102	718	814
11	2	6	103	832	917
12	1	6	104	50	87
12	1	9	105	87	100
12	6	1	106	178	255
12	2	7	107	293	334
12	2	7	108	334	401
12	4	0	109	414	510
12	8	2	110	529	633
12	2	7	111	664	768
12	7	2	112	854	909
12	5	2	113	909	948
13	1	3	114	26	50
13	1	9	115	136	179
13	7	4	116	432	468
13	6	6	117	514	526
13	3	3	118	587	666
13	5	5	119	810	885
14	5	4	120	55	72
14	9	9	121	257	326
14	3	5	122	326	362
14	1	8	123	362	390
14	5	6	124	437	514
14	4	3	125	759	806
14	6	8	126	836	893
15	6	1	127	0	62
15	0	2	128	85	159
15	1	8	129	257	334
15	3	5	130	362	387
15	9	5	131	701	763
15	7	1	132	832	854
15	9	7	133	869	933
16	5	4	134	9	55
16	0	9	135	56	85
16	4	0	136	186	262
16	6	1	137	262	325
16	5	6	138	325	370
16	5	6	139	370	422
16	0	5	140	429	484
16	6	6	141	526	552
16	3	5	142	763	794
16	0	0	143	794	890
17	5	6	144	101	166
17	3	5	145	200	216
17	0	2	146	302	329
17	2	7	147	537	604
17	1	9	148	611	679
17	0	5	149	890	949
18	3	5	150	0	52
18	1	9	151	100	136
18	3	5	152	136	167
18	9	8	153	190	252
18	0	2	154	258	302
18	1	1	155	510	550
18	9	9	156	553	591
18	4	3	157	736	759
18	6	8	158	893	929
19	2	7	159	0	36
19	3	5	160	167	200
19	7	4	161	211	273
19	7	4	162	273	357
19	9	8	163	409	469
19	6	9	164	469	511
19	3	3	165	531	587
19	7	1	166	621	699
19	3	4	167	814	841


Solution History:
