This is the output of Heuristic Solver for Dual resource constrained flexible job shop Scheduling Problem.
Input file is: wfjsp11_3.txt
Method: FaFM
Seed: 4
Number of Jobs: 20
Number of Operations: 209
Number of Machines: 10
Number of Operators: 10
CPU Time: 75.1475
obj: 1197
Best found lower bound:0
Solver gap (best found lower bound and upper bound difference): Not known


Final Solution:
Job	Machine	Operator	Operation	Start Time	Finish Time
0	0	5	0	0	72
0	1	8	1	93	107
0	8	3	2	113	128
0	6	9	3	152	231
0	1	9	4	231	311
0	6	9	5	311	388
0	1	6	6	477	554
0	8	3	7	563	596
0	4	0	8	607	698
0	6	7	9	740	754
0	6	8	10	756	812
0	3	8	11	893	994
0	9	8	12	997	1013
0	8	2	13	1063	1163
1	4	0	14	150	242
1	2	7	15	563	592
1	8	2	16	646	706
1	8	2	17	706	723
1	6	8	18	812	893
1	6	9	19	1000	1012
1	4	0	20	1091	1118
2	8	3	21	60	113
2	8	3	22	128	230
2	8	3	23	244	305
2	8	3	24	331	358
2	1	6	25	375	450
2	7	4	26	616	713
2	8	2	27	723	733
2	8	3	28	856	887
2	4	6	29	891	993
2	4	0	30	993	1034
2	9	4	31	1085	1115
2	7	6	32	1124	1183
3	9	8	33	0	57
3	3	5	34	124	183
3	5	8	35	266	368
3	4	0	36	412	504
3	3	1	37	504	523
3	6	1	38	523	553
3	1	6	39	566	640
3	1	8	40	742	756
3	8	3	41	756	781
3	9	9	42	787	845
3	2	7	43	856	891
3	5	5	44	891	947
3	2	7	45	980	1078
4	4	6	46	0	74
4	4	6	47	74	150
4	5	6	48	167	183
4	8	3	49	230	244
4	2	7	50	339	389
4	8	3	51	470	535
4	6	1	52	553	592
4	0	1	53	600	622
4	2	7	54	622	675
4	7	4	55	762	790
4	8	3	56	829	856
4	1	1	57	856	934
4	9	8	58	1013	1085
4	0	9	59	1085	1181
5	9	9	60	391	491
5	2	7	61	553	563
5	5	2	62	577	641
5	1	1	63	646	742
5	8	3	64	781	829
5	6	7	65	893	924
5	3	5	66	997	1054
5	4	0	67	1054	1091
6	2	7	68	32	109
6	5	6	69	183	193
6	9	4	70	202	293
6	9	4	71	328	391
6	8	3	72	535	563
6	9	9	73	567	643
6	2	7	74	711	740
6	3	5	75	754	810
6	5	6	76	875	886
6	8	3	77	936	964
6	1	1	78	1091	1106
7	7	4	79	0	75
7	0	5	80	285	362
7	3	1	81	441	497
7	3	8	82	523	541
7	5	6	83	742	773
7	0	2	84	983	998
8	6	9	85	0	81
8	9	4	86	81	124
8	7	1	87	124	163
8	1	8	88	199	221
8	3	5	89	242	274
8	1	6	90	323	375
8	2	7	91	428	476
8	4	0	92	504	529
8	2	7	93	592	621
8	2	7	94	675	711
8	7	4	95	790	876
8	5	4	96	947	985
8	1	1	97	1015	1091
8	1	1	98	1106	1197
9	2	7	99	109	186
9	6	7	100	231	290
9	9	7	101	293	328
9	7	4	102	392	492
9	9	9	103	492	567
9	4	0	104	567	607
9	3	5	105	878	889
9	5	4	106	1007	1079
9	4	0	107	1118	1154
10	6	9	108	81	152
10	0	2	109	184	285
10	8	3	110	358	470
10	7	4	111	492	596
10	4	0	112	698	752
10	9	9	113	752	787
10	0	0	114	930	955
10	8	3	115	964	1012
10	7	6	116	1091	1124
10	4	8	117	1154	1165
11	5	2	118	0	84
11	5	2	119	84	167
11	0	2	120	167	184
11	7	6	121	266	323
11	3	1	122	401	441
11	1	6	123	450	477
11	5	2	124	499	577
11	3	3	125	613	660
11	0	5	126	694	754
11	2	7	127	798	856
11	0	2	128	856	930
11	1	1	129	934	1015
11	7	6	130	1067	1091
12	3	5	131	183	242
12	5	8	132	368	391
12	9	9	133	643	715
12	5	6	134	773	815
12	3	5	135	852	878
12	7	4	136	878	947
12	6	8	137	1085	1140
13	2	7	138	0	32
13	3	5	139	72	124
13	7	1	140	163	226
13	8	3	141	305	331
13	2	7	142	389	418
13	0	5	143	418	519
13	0	5	144	519	600
13	7	4	145	600	616
13	8	1	146	622	646
13	5	6	147	675	742
13	4	0	148	752	814
13	2	7	149	924	980
13	8	3	150	1012	1060
13	2	7	151	1078	1111
13	8	2	152	1163	1194
14	8	3	153	0	60
14	7	1	154	75	114
14	1	8	155	163	199
14	7	8	156	226	264
14	0	5	157	362	385
14	7	4	158	713	762
14	2	7	159	762	798
14	3	5	160	810	852
14	0	2	161	998	1063
14	9	4	162	1115	1195
15	3	1	163	0	70
15	4	0	164	242	279
15	6	8	165	684	740
15	9	9	166	845	926
15	0	0	167	955	983
16	0	0	168	72	150
16	2	7	169	196	221
16	4	0	170	279	346
16	7	2	171	346	392
16	2	7	172	418	428
16	2	7	173	476	553
16	3	3	174	660	747
16	5	6	175	815	875
16	6	9	176	926	1000
17	9	4	177	124	202
17	2	1	178	226	325
17	3	1	179	325	401
17	5	2	180	401	443
17	5	2	181	443	465
17	6	8	182	467	521
17	3	8	183	541	613
17	6	8	184	613	684
17	0	2	185	754	853
17	8	3	186	887	936
17	7	2	187	947	972
17	5	4	188	985	1007
17	3	3	189	1060	1168
18	0	5	190	385	417
18	5	2	191	465	499
18	5	6	192	641	675
18	1	1	193	756	834
18	2	7	194	1111	1178
19	1	8	195	57	93
19	1	8	196	107	163
19	2	7	197	186	196
19	5	6	198	196	266
19	2	7	199	328	339
19	4	0	200	346	412
19	6	8	201	412	467
19	1	6	202	554	566
19	0	5	203	622	694
19	4	0	204	814	891
19	9	5	205	947	997
19	7	6	206	997	1067
19	6	9	207	1067	1077
19	5	5	208	1079	1170


Solution History:
