This is the output of Heuristic Solver for Dual resource constrained flexible job shop Scheduling Problem.
Input file is: wfjsp12_9.txt
Method: FaFM
Seed: 1
Number of Jobs: 25
Number of Operations: 188
Number of Machines: 10
Number of Operators: 10
CPU Time: 26.9455
obj: 1003
Best found lower bound:0
Solver gap (best found lower bound and upper bound difference): Not known


Final Solution:
Job	Machine	Operator	Operation	Start Time	Finish Time
0	9	8	0	29	115
0	1	2	1	275	322
0	1	2	2	322	389
0	8	0	3	493	567
0	2	6	4	702	733
1	1	4	5	45	133
1	4	6	6	134	196
1	7	6	7	296	314
1	5	8	8	314	369
1	3	3	9	376	437
1	7	2	10	464	540
1	8	0	11	643	721
1	9	8	12	828	911
2	2	0	13	183	225
2	5	8	14	268	287
2	3	3	15	320	376
2	7	2	16	389	404
2	2	4	17	407	490
2	2	6	18	733	752
2	9	1	19	802	824
2	2	3	20	940	970
3	9	5	21	268	307
3	9	1	22	373	387
3	5	8	23	462	481
3	3	3	24	649	674
3	5	5	25	691	749
3	2	0	26	889	940
4	8	5	27	86	178
4	7	6	28	213	296
4	8	0	29	567	643
4	8	6	30	861	916
4	7	6	31	916	973
5	2	0	32	0	55
5	0	7	33	55	126
5	7	2	34	404	417
5	6	7	35	464	545
5	3	2	36	810	839
5	8	6	37	843	861
5	1	2	38	905	916
5	5	5	39	944	1003
6	7	3	40	0	66
6	3	3	41	213	301
6	4	5	42	310	334
6	9	9	43	351	373
6	0	6	44	472	491
6	7	2	45	540	585
6	4	7	46	604	649
6	7	9	47	671	736
6	4	0	48	776	829
6	5	1	49	829	848
7	7	3	50	94	186
7	6	1	51	275	310
7	0	1	52	310	368
7	5	9	53	432	461
7	2	5	54	490	517
7	2	6	55	638	702
7	0	8	56	752	828
7	8	5	57	828	843
7	9	8	58	911	942
8	8	5	59	0	86
8	9	1	60	387	440
8	9	1	61	476	520
8	0	4	62	520	591
8	0	8	63	591	647
8	9	1	64	647	705
8	3	4	65	706	767
8	4	6	66	829	843
9	5	4	67	32	41
9	7	3	68	186	213
9	2	4	69	225	285
9	2	5	70	517	542
9	6	3	71	970	999
10	9	7	72	0	29
10	9	8	73	184	246
10	0	6	74	386	472
10	4	7	75	550	604
10	5	4	76	604	632
10	1	2	77	643	711
10	8	7	78	721	765
10	6	1	79	856	910
10	1	2	80	916	944
10	0	7	81	948	988
11	1	2	82	0	34
11	1	8	83	389	403
11	4	5	84	432	490
11	5	8	85	555	590
11	7	9	86	736	824
12	2	0	87	55	110
12	9	8	88	246	265
12	3	3	89	301	320
12	2	4	90	320	407
12	7	2	91	417	464
12	9	1	92	705	802
13	5	2	93	45	141
13	3	2	94	144	199
13	5	2	95	258	268
13	9	1	96	440	476
13	4	6	97	491	550
13	4	7	98	649	721
13	0	9	99	828	921
14	7	3	100	66	94
14	8	0	101	226	284
14	3	3	102	437	479
14	1	9	103	501	523
14	1	2	104	711	807
14	2	0	105	838	889
14	5	5	106	889	944
15	6	9	107	87	171
15	4	6	108	196	208
15	1	1	109	217	275
15	4	5	110	376	432
15	3	4	111	691	706
15	6	7	112	773	856
15	4	7	113	856	948
16	0	7	114	32	55
16	3	1	115	112	144
16	6	7	116	389	464
16	1	9	117	523	584
16	1	2	118	585	643
16	3	3	119	773	810
16	2	3	120	813	838
16	1	2	121	839	905
16	6	4	122	911	967
17	4	6	123	0	61
17	2	0	124	110	183
17	0	7	125	198	258
17	2	4	126	285	310
17	1	9	127	462	501
17	6	1	128	545	566
17	2	6	129	566	638
17	5	5	130	749	816
17	3	3	131	839	925
17	3	1	132	925	984
18	3	1	133	57	112
18	6	5	134	178	209
18	0	7	135	258	282
18	5	8	136	287	304
18	8	0	137	361	417
18	8	0	138	417	493
18	9	1	139	520	543
18	6	1	140	566	623
18	0	8	141	647	721
19	1	1	142	144	217
19	9	9	143	310	351
19	5	8	144	481	555
19	6	3	145	686	773
19	2	4	146	773	813
19	7	6	147	973	1002
20	0	4	148	0	32
20	9	8	149	115	184
20	6	5	150	209	268
20	5	9	151	373	432
20	0	4	152	491	519
20	2	6	153	550	563
20	5	4	154	632	691
20	0	8	155	721	752
20	7	4	156	824	911
20	4	0	157	948	968
21	5	8	158	0	29
21	1	2	159	34	45
21	4	6	160	61	134
21	0	7	161	141	198
21	5	2	162	199	258
21	0	7	163	282	297
21	7	6	164	314	384
21	7	9	165	585	671
21	4	0	166	721	776
22	6	9	167	0	87
22	4	9	168	226	310
22	6	7	169	310	389
22	9	5	170	543	626
22	6	5	171	626	683
22	1	2	172	944	998
23	5	4	173	141	199
23	4	5	174	334	376
23	1	8	175	403	462
23	5	5	176	848	882
23	8	9	177	921	1002
24	3	1	178	0	57
24	0	7	179	126	141
24	8	9	180	178	226
24	8	0	181	284	361
24	0	8	182	369	386
24	3	3	183	479	566
24	3	3	184	566	649
24	3	3	185	674	686
24	8	6	186	765	828
24	9	8	187	942	998


Solution History:
