This is the output of Heuristic Solver for Dual resource constrained flexible job shop Scheduling Problem.
Input file is: wfjsp22_1.txt
Method: FaFM
Seed: 5
Number of Jobs: 30
Number of Operations: 215
Number of Machines: 15
Number of Operators: 12
CPU Time: 24.6616
obj: 919
Best found lower bound:0
Solver gap (best found lower bound and upper bound difference): Not known


Final Solution:
Job	Machine	Operator	Operation	Start Time	Finish Time
0	3	9	0	115	195
0	7	3	1	225	248
0	7	3	2	381	430
0	3	11	3	545	634
0	8	3	4	666	743
1	13	10	5	24	80
1	2	8	6	225	307
1	10	0	7	524	551
1	11	6	8	597	638
1	7	9	9	781	816
1	1	4	10	816	824
1	2	4	11	824	840
1	4	3	12	840	854
1	4	6	13	878	919
2	8	0	14	0	55
2	8	1	15	93	145
2	1	8	16	181	204
2	8	6	17	340	351
2	13	8	18	635	696
2	10	8	19	696	741
2	12	10	20	741	820
3	2	10	21	477	565
3	10	4	22	580	626
3	7	10	23	659	738
3	12	8	24	832	847
3	11	8	25	847	878
3	14	9	26	878	903
4	0	7	27	122	145
4	14	1	28	145	194
4	13	7	29	324	403
4	12	2	30	415	455
4	0	6	31	480	541
4	13	8	32	558	635
4	9	9	33	700	754
5	12	3	34	0	13
5	2	8	35	13	54
5	6	10	36	94	120
5	11	10	37	198	234
5	0	4	38	305	381
5	4	7	39	403	464
5	14	7	40	464	496
5	5	7	41	585	671
5	11	0	42	755	780
6	3	1	43	0	57
6	10	0	44	57	66
6	5	10	45	80	94
6	4	2	46	255	338
6	5	9	47	338	347
6	3	9	48	347	357
6	1	8	49	358	400
6	10	6	50	760	835
7	14	1	51	57	74
7	4	6	52	79	140
7	13	3	53	504	558
7	12	11	54	634	676
7	11	3	55	878	919
8	0	7	56	36	122
8	6	6	57	140	182
8	9	8	58	400	484
8	8	11	59	491	545
8	3	5	60	789	811
8	10	0	61	840	918
9	1	11	62	0	18
9	14	2	63	213	255
9	7	0	64	256	362
9	10	0	65	374	412
9	1	9	66	509	531
9	9	9	67	531	584
9	1	0	68	600	650
9	3	5	69	729	789
9	9	2	70	793	833
10	7	10	71	0	24
10	8	8	72	145	181
10	5	11	73	187	233
10	10	3	74	324	361
10	13	10	75	422	477
10	3	1	76	650	729
10	0	4	77	731	808
11	1	11	78	18	103
11	5	11	79	233	323
11	10	3	80	430	504
11	9	9	81	656	700
11	10	3	82	743	758
11	8	11	83	788	807
11	5	7	84	899	910
12	7	9	85	27	115
12	14	1	86	304	348
12	9	6	87	351	384
12	1	4	88	409	426
12	11	4	89	426	459
12	0	0	90	551	600
12	2	2	91	626	641
12	5	7	92	802	860
13	11	8	93	54	132
13	9	5	94	155	177
13	3	8	95	204	225
13	9	9	96	278	333
13	10	0	97	412	421
13	11	4	98	459	580
13	14	9	99	584	656
13	14	7	100	671	727
13	4	11	101	740	787
14	7	4	102	115	202
14	8	6	103	265	340
14	0	6	104	437	480
14	4	1	105	480	541
14	2	10	106	565	584
14	1	0	107	650	700
14	1	9	108	824	838
15	12	3	109	13	87
15	11	11	110	132	187
15	0	9	111	195	278
15	12	8	112	307	335
15	14	3	113	361	381
15	5	7	114	496	567
15	5	7	115	567	585
15	14	1	116	729	825
15	0	10	117	825	918
16	6	6	118	0	12
16	11	6	119	12	38
16	8	1	120	74	93
16	6	6	121	182	265
16	3	10	122	273	329
16	6	5	123	354	433
16	1	6	124	541	597
16	6	6	125	721	760
16	8	11	126	807	848
16	8	9	127	848	876
17	9	5	128	177	206
17	10	7	129	231	324
17	1	8	130	335	358
17	7	9	131	754	781
17	3	1	132	872	912
18	13	4	133	0	16
18	9	4	134	16	70
18	10	3	135	87	165
18	2	3	136	165	225
18	13	10	137	234	273
18	2	10	138	329	422
18	5	11	139	452	491
18	4	10	140	584	659
18	5	7	141	727	802
18	5	7	142	860	899
19	2	2	143	76	155
19	4	7	144	155	231
19	0	6	145	384	437
19	7	2	146	455	491
19	7	2	147	491	547
19	12	2	148	547	626
19	7	4	149	840	910
20	10	2	150	175	213
20	9	5	151	213	273
20	4	1	152	348	401
20	12	0	153	470	524
20	14	1	154	825	872
21	14	7	155	0	36
21	6	6	156	38	77
21	5	9	157	357	433
21	8	8	158	743	788
21	12	11	159	848	910
22	5	2	160	0	76
22	1	9	161	433	509
22	5	4	162	687	713
22	4	2	163	721	740
22	6	6	164	836	876
23	1	11	165	103	121
23	3	1	166	246	265
23	0	4	167	626	687
23	11	0	168	780	818
23	7	0	169	818	840
23	9	2	170	840	919
24	9	5	171	79	155
24	1	2	172	155	175
24	13	3	173	273	324
24	12	2	174	338	415
24	6	2	175	641	721
24	11	0	176	721	755
24	2	2	177	755	793
24	13	8	178	793	832
25	14	4	179	74	111
25	12	0	180	114	194
25	8	1	181	194	246
25	6	5	182	273	354
25	14	4	183	381	409
25	6	5	184	433	516
25	8	3	185	558	666
25	3	5	186	811	851
25	2	3	187	854	873
26	12	0	188	194	256
26	14	1	189	265	304
26	11	11	190	323	413
26	14	11	191	413	452
26	6	5	192	516	537
26	6	5	193	537	584
26	4	5	194	659	719
27	1	4	195	204	305
27	7	0	196	362	374
27	3	1	197	401	480
27	9	5	198	584	647
27	12	11	199	676	736
27	6	5	200	878	918
28	4	5	201	0	79
28	2	0	202	422	470
28	3	8	203	484	544
28	4	1	204	544	568
28	7	1	205	568	650
29	0	9	206	0	27
29	3	0	207	66	114
29	13	10	208	120	140
29	13	10	209	140	198
29	11	3	210	248	272
29	11	6	211	638	713
29	0	4	212	713	731
29	6	3	213	760	836
29	4	5	214	854	878


Solution History:
