This is the output of Heuristic Solver for Dual resource constrained flexible job shop Scheduling Problem.
Input file is: wfjsp15_5.txt
Method: FaFM
Seed: 3
Number of Jobs: 30
Number of Operations: 360
Number of Machines: 15
Number of Operators: 15
CPU Time: 26.8454
obj: 1252
Best found lower bound:0
Solver gap (best found lower bound and upper bound difference): Not known


Final Solution:
Job	Machine	Operator	Operation	Start Time	Finish Time
0	6	2	0	0	14
0	12	0	1	177	217
0	2	4	2	271	355
0	12	5	3	364	432
0	9	14	4	433	497
0	1	1	5	557	591
0	4	9	6	610	682
0	7	0	7	816	855
0	14	6	8	855	910
0	10	4	9	913	955
0	0	2	10	955	988
0	11	0	11	1098	1168
1	11	7	12	16	37
1	14	7	13	37	51
1	4	9	14	204	272
1	14	6	15	349	417
1	4	7	16	417	429
1	5	11	17	565	610
1	7	9	18	703	772
1	0	2	19	988	1025
1	9	13	20	1025	1054
1	11	0	21	1168	1207
2	0	5	22	72	100
2	12	0	23	102	136
2	13	7	24	213	323
2	3	8	25	351	397
2	11	13	26	496	536
2	0	13	27	632	655
2	12	5	28	707	715
2	0	5	29	715	760
2	2	10	30	855	939
2	1	12	31	1149	1206
3	11	10	32	82	151
3	0	2	33	235	329
3	1	1	34	377	460
3	10	3	35	460	498
3	7	10	36	498	514
3	9	14	37	593	641
3	12	1	38	791	872
3	3	7	39	872	943
3	14	7	40	1098	1162
3	7	9	41	1202	1232
4	10	11	42	46	115
4	7	5	43	137	171
4	11	6	44	177	194
4	13	2	45	329	396
4	3	7	46	494	579
4	9	13	47	655	744
4	6	9	48	827	872
4	13	11	49	872	957
4	7	9	50	1124	1202
4	2	2	51	1232	1242
5	2	4	52	0	35
5	10	3	53	145	224
5	4	9	54	272	304
5	6	2	55	485	575
5	13	4	56	575	593
5	13	2	57	810	851
5	5	3	58	887	982
5	2	4	59	982	995
5	5	3	60	1049	1075
5	3	7	61	1163	1227
6	3	7	62	0	15
6	3	6	63	16	54
6	0	6	64	135	168
6	8	0	65	253	350
6	14	6	66	417	495
6	7	10	67	514	562
6	7	10	68	562	612
6	12	11	69	775	791
6	9	13	70	843	933
6	6	1	71	1007	1102
6	6	3	72	1160	1206
7	9	13	73	19	56
7	13	6	74	56	71
7	14	10	75	177	281
7	3	8	76	281	312
7	11	0	77	399	442
7	8	8	78	646	715
7	5	14	79	715	797
7	9	13	80	817	843
7	8	9	81	1055	1124
7	13	11	82	1191	1245
8	8	5	83	0	9
8	10	3	84	18	46
8	9	13	85	56	65
8	12	6	86	85	94
8	3	12	87	140	227
8	9	13	88	339	431
8	11	13	89	442	496
8	4	12	90	498	528
8	13	0	91	593	698
8	0	5	92	760	811
8	4	5	93	811	819
8	1	0	94	871	914
8	14	6	95	953	1033
8	3	14	96	1088	1131
8	10	5	97	1170	1219
9	1	1	98	0	21
9	2	4	99	35	76
9	2	4	100	111	180
9	9	6	101	195	206
9	1	12	102	227	291
9	5	3	103	342	410
9	9	14	104	497	560
9	2	4	105	612	657
9	11	3	106	684	772
9	1	11	107	794	871
9	7	5	108	939	970
9	11	7	109	971	1064
9	2	10	110	1080	1117
9	12	0	111	1213	1246
10	0	5	112	34	72
10	14	6	113	168	177
10	11	13	114	247	320
10	4	0	115	353	383
10	8	5	116	434	457
10	13	11	117	467	485
10	14	6	118	522	586
10	0	2	119	668	703
10	4	5	120	819	852
10	5	3	121	857	887
10	14	6	122	933	953
10	10	11	123	957	1034
10	5	2	124	1145	1159
11	6	2	125	14	46
11	4	11	126	161	185
11	10	11	127	224	290
11	0	12	128	339	431
11	4	12	129	431	439
11	2	4	130	452	472
11	12	0	131	507	538
11	1	1	132	591	658
11	0	2	133	658	668
11	2	4	134	705	772
11	13	2	135	796	810
11	13	2	136	851	861
11	7	5	137	970	1014
11	4	12	138	1014	1055
11	12	8	139	1134	1213
12	10	3	140	0	18
12	8	0	141	18	26
12	5	12	142	41	60
12	9	6	143	206	285
12	14	6	144	285	349
12	4	12	145	439	498
12	12	4	146	593	612
12	12	11	147	612	637
12	12	5	148	637	707
12	11	3	149	772	855
12	10	4	150	1034	1115
12	2	4	151	1117	1142
12	2	4	152	1142	1175
13	5	3	153	60	128
13	9	14	154	128	157
13	5	14	155	157	219
13	7	5	156	245	297
13	2	4	157	355	438
13	6	3	158	446	459
13	2	4	159	472	485
13	11	3	160	536	617
13	7	10	161	617	703
13	14	6	162	757	832
13	12	0	163	1000	1063
13	11	0	164	1064	1098
13	6	1	165	1102	1119
13	10	5	166	1124	1170
13	9	14	167	1170	1252
14	11	6	168	0	16
14	0	5	169	16	34
14	2	4	170	76	111
14	2	4	171	180	246
14	8	9	172	353	434
14	12	0	173	442	507
14	8	8	174	575	646
14	8	8	175	715	782
14	7	14	176	857	939
14	14	6	177	1033	1098
14	5	3	178	1098	1117
14	3	14	179	1143	1163
14	0	13	180	1163	1226
15	12	8	181	44	85
15	9	0	182	85	102
15	7	5	183	102	137
15	7	5	184	171	214
15	7	10	185	297	377
15	5	11	186	485	565
15	1	1	187	713	778
15	8	8	188	782	831
15	8	8	189	847	897
15	8	9	190	987	1055
15	5	3	191	1117	1145
15	2	4	192	1175	1223
16	13	11	193	19	43
16	8	13	194	72	88
16	0	6	195	100	135
16	10	3	196	135	145
16	11	13	197	204	247
16	9	12	198	291	339
16	5	2	199	410	485
16	6	2	200	587	651
16	11	3	201	666	684
16	2	4	202	772	855
16	10	4	203	865	913
16	13	0	204	957	1000
16	9	13	205	1054	1153
17	1	1	206	55	143
17	6	1	207	143	182
17	4	9	208	304	353
17	2	4	209	438	452
17	2	13	210	570	612
17	5	11	211	637	649
17	6	12	212	713	750
17	1	9	213	778	794
17	3	10	214	803	838
17	12	1	215	872	959
17	13	4	216	1000	1011
17	8	10	217	1124	1169
18	14	7	218	51	80
18	8	11	219	204	223
18	6	14	220	335	433
18	14	6	221	495	505
18	10	3	222	505	530
18	6	2	223	575	587
18	11	3	224	657	666
18	13	0	225	698	713
18	7	0	226	772	816
18	8	10	227	1169	1250
19	7	14	228	25	86
19	13	14	229	86	115
19	1	8	230	143	156
19	11	10	231	156	174
19	4	11	232	185	204
19	8	0	233	223	253
19	12	5	234	297	364
19	1	1	235	486	557
19	6	14	236	651	713
19	3	10	237	722	803
19	14	6	238	832	848
19	14	6	239	910	933
19	2	10	240	939	981
19	12	2	241	1063	1133
19	14	1	242	1198	1250
20	3	12	243	60	140
20	10	11	244	290	336
20	0	8	245	431	452
20	1	1	246	460	486
20	14	6	247	505	522
20	10	12	248	642	705
20	8	8	249	831	847
20	0	8	250	912	948
20	7	5	251	1036	1124
20	3	14	252	1131	1143
20	2	4	253	1223	1232
21	13	0	254	0	18
21	4	9	255	48	74
21	13	11	256	115	160
21	7	5	257	214	245
21	5	14	258	245	274
21	3	8	259	312	351
21	3	7	260	579	665
21	12	0	261	715	770
21	8	9	262	897	987
21	2	10	263	995	1080
22	12	8	264	0	44
22	6	2	265	46	136
22	2	4	266	246	271
22	1	1	267	291	377
22	0	5	268	541	632
22	1	1	269	691	713
22	10	7	270	722	795
22	5	14	271	797	857
22	4	12	272	935	1007
22	0	12	273	1062	1149
23	5	11	274	0	19
23	5	12	275	19	41
23	14	7	276	80	163
23	6	1	277	182	233
23	11	7	278	323	399
23	8	8	279	457	528
23	2	13	280	536	570
23	11	3	281	617	657
23	3	7	282	665	722
23	9	13	283	744	817
23	0	12	284	827	912
23	6	14	285	944	1007
23	0	2	286	1025	1062
23	4	6	287	1183	1251
24	4	9	288	0	17
24	10	8	289	115	135
24	1	8	290	156	222
24	7	10	291	377	451
24	8	8	292	528	575
24	14	6	293	666	757
24	3	10	294	838	853
24	7	5	295	1014	1036
24	13	11	296	1036	1113
24	14	1	297	1162	1170
24	0	8	298	1226	1245
25	14	10	299	0	18
25	8	10	300	26	72
25	12	0	301	136	177
25	3	7	302	429	494
25	12	0	303	538	593
25	1	1	304	658	691
25	4	11	305	695	775
25	0	9	306	811	827
25	1	8	307	951	961
25	5	3	308	982	1049
25	5	2	309	1185	1230
26	7	14	310	0	25
26	4	9	311	25	48
26	8	13	312	88	147
26	13	7	313	163	213
26	6	3	314	233	272
26	5	3	315	274	342
26	7	9	316	451	481
26	2	9	317	485	532
26	4	9	318	532	610
26	5	11	319	649	695
26	4	5	320	852	935
26	9	13	321	935	1012
26	1	8	322	1019	1049
26	1	8	323	1049	1134
27	4	9	324	74	161
27	0	2	325	168	235
27	12	1	326	235	258
27	6	14	327	274	335
27	6	3	328	433	446
27	0	5	329	457	541
27	10	12	330	541	642
27	13	2	331	713	796
27	1	0	332	914	951
27	12	1	333	959	999
27	3	14	334	1007	1088
27	4	6	335	1098	1183
28	11	0	336	37	68
28	9	9	337	161	195
28	12	1	338	258	291
28	3	8	339	397	425
28	13	11	340	425	467
28	14	6	341	586	666
28	10	7	342	795	865
28	6	1	343	1119	1160
28	5	2	344	1160	1185
28	14	1	345	1185	1198
29	9	12	346	0	19
29	1	1	347	21	55
29	11	0	348	68	82
29	8	13	349	147	204
29	3	8	350	227	270
29	10	11	351	336	422
29	13	4	352	485	557
29	9	14	353	560	593
29	2	4	354	657	705
29	6	12	355	750	827
29	6	2	356	872	944
29	3	7	357	944	971
29	1	8	358	971	1019
29	13	11	359	1113	1191


Solution History:
