This is the output of Heuristic Solver for Dual resource constrained flexible job shop Scheduling Problem.
Input file is: wfjsp16_7.txt
Method: FaFM
Seed: 5
Number of Jobs: 40
Number of Operations: 313
Number of Machines: 15
Number of Operators: 15
CPU Time: 70.8988
obj: 1112
Best found lower bound:0
Solver gap (best found lower bound and upper bound difference): Not known


Final Solution:
Job	Machine	Operator	Operation	Start Time	Finish Time
0	8	12	0	29	117
0	9	7	1	168	180
0	11	5	2	232	268
0	10	2	3	457	546
0	12	4	4	769	794
0	12	11	5	797	833
0	8	12	6	895	923
0	8	4	7	1070	1111
1	3	2	8	35	44
1	6	14	9	44	86
1	9	7	10	89	168
1	0	9	11	293	365
1	7	9	12	438	514
1	7	10	13	633	689
1	7	10	14	689	723
1	3	10	15	734	749
1	8	12	16	812	895
1	9	13	17	895	967
2	14	8	18	55	124
2	12	11	19	200	265
2	14	12	20	318	385
2	4	6	21	626	651
2	4	6	22	688	697
2	11	7	23	697	778
2	3	10	24	792	802
2	6	3	25	854	912
2	12	6	26	917	930
2	1	2	27	934	1013
3	5	13	28	22	84
3	7	9	29	144	169
3	1	3	30	417	495
3	8	4	31	495	575
3	9	13	32	967	1033
4	1	1	33	0	12
4	10	4	34	40	113
4	6	3	35	220	299
4	12	11	36	306	328
4	3	9	37	365	388
4	3	0	38	446	483
4	0	8	39	519	598
4	14	14	40	617	693
4	13	9	41	735	807
4	5	13	42	807	890
5	3	2	43	0	35
5	14	8	44	209	233
5	5	2	45	337	373
5	10	8	46	700	783
5	10	8	47	783	851
5	0	5	48	907	975
6	5	14	49	86	149
6	3	13	50	158	182
6	12	11	51	274	306
6	4	6	52	352	415
6	5	7	53	450	475
6	7	9	54	514	530
6	12	5	55	712	769
6	10	8	56	925	996
6	7	9	57	1072	1109
7	10	4	58	0	40
7	9	0	59	69	89
7	3	13	60	182	207
7	8	12	61	238	267
7	7	14	62	298	356
7	9	0	63	677	739
7	1	3	64	779	854
7	13	4	65	925	993
8	3	2	66	44	121
8	14	10	67	236	318
8	3	0	68	388	446
8	2	1	69	567	626
8	3	2	70	679	696
8	11	5	71	778	835
8	6	3	72	912	982
8	8	4	73	993	1070
9	9	7	74	180	221
9	11	5	75	405	430
9	3	2	76	696	732
9	13	9	77	807	873
9	2	0	78	1063	1103
10	6	3	79	0	32
10	9	7	80	370	450
10	0	8	81	598	615
10	3	2	82	666	679
10	5	12	83	936	1004
11	5	7	84	0	22
11	13	12	85	201	228
11	10	8	86	236	302
11	12	13	87	450	505
11	7	10	88	582	633
11	7	10	89	723	734
11	6	7	90	778	853
11	11	7	91	853	886
11	6	12	92	1042	1078
11	3	6	93	1078	1095
12	12	6	94	102	135
12	6	8	95	135	209
12	6	13	96	209	220
12	3	6	97	303	352
12	1	3	98	390	408
12	1	3	99	495	558
12	5	12	100	558	638
12	14	14	101	693	720
12	14	0	102	897	980
12	13	1	103	993	1036
13	11	14	104	0	27
13	12	11	105	135	200
13	1	3	106	299	350
13	3	0	107	483	520
13	3	0	108	520	574
13	5	1	109	638	666
13	6	13	110	740	774
13	5	13	111	780	791
13	8	14	112	957	984
13	1	3	113	1013	1049
14	1	3	114	106	179
14	0	6	115	467	517
14	12	11	116	833	907
14	6	3	117	982	995
14	0	5	118	995	1049
15	11	10	119	111	153
15	1	3	120	179	216
15	13	4	121	342	423
15	0	1	122	426	467
15	6	1	123	482	565
15	14	14	124	720	812
15	3	10	125	812	901
15	14	8	126	1063	1096
16	13	1	127	159	201
16	8	7	128	221	238
16	9	7	129	238	274
16	6	8	130	302	336
16	1	10	131	558	574
16	9	4	132	800	852
17	13	1	133	69	159
17	12	11	134	265	274
17	2	10	135	387	429
17	13	8	136	438	519
17	4	6	137	566	626
17	10	8	138	626	700
17	1	8	139	909	925
17	12	11	140	1004	1043
17	10	2	141	1044	1097
18	0	5	142	94	151
18	10	10	143	153	236
18	5	13	144	268	337
18	4	6	145	415	464
18	14	10	146	511	538
18	7	2	147	766	851
18	7	9	148	992	1072
18	13	1	149	1072	1112
19	2	3	150	32	106
19	5	14	151	149	239
19	8	1	152	298	313
19	6	13	153	337	365
19	8	14	154	390	427
19	3	13	155	582	609
19	2	4	156	683	757
19	4	6	157	876	917
19	12	7	158	930	1004
19	4	2	159	1013	1044
20	4	0	160	0	57
20	2	0	161	240	327
20	11	5	162	500	583
20	2	1	163	837	896
20	3	6	164	930	1009
20	13	1	165	1050	1071
20	12	11	166	1071	1101
20	0	5	167	1101	1110
21	3	6	168	221	303
21	2	14	169	444	541
21	13	9	170	719	735
21	5	2	171	895	934
21	0	5	172	975	992
22	13	9	173	0	28
22	8	12	174	267	298
22	2	0	175	327	387
22	0	9	176	388	415
22	5	12	177	427	449
22	10	2	178	546	585
22	0	5	179	850	907
22	3	6	180	1058	1077
23	0	5	181	0	14
23	13	9	182	28	69
23	14	2	183	124	209
23	0	9	184	267	293
23	10	10	185	318	380
23	5	12	186	385	427
23	3	10	187	574	582
23	9	0	188	582	677
23	2	1	189	896	970
23	11	14	190	1037	1104
24	7	9	191	69	144
24	5	13	192	239	268
24	11	5	193	430	500
24	12	13	194	505	569
24	0	7	195	617	653
24	0	7	196	653	693
24	0	6	197	697	780
24	11	7	198	886	930
24	12	11	199	1043	1054
25	8	12	200	117	200
25	1	3	201	730	779
25	3	10	202	901	927
25	4	9	203	930	987
25	9	13	204	1033	1102
26	3	13	205	121	158
26	9	7	206	274	351
26	14	10	207	470	511
26	13	1	208	1036	1050
26	5	7	209	1056	1105
27	7	13	210	0	9
27	9	13	211	9	20
27	9	7	212	22	69
27	6	13	213	86	119
27	4	6	214	135	216
27	14	10	215	429	470
27	7	9	216	530	567
27	11	5	217	583	600
27	12	5	218	641	712
27	14	0	219	980	1063
28	1	6	220	12	102
28	11	5	221	153	232
28	11	5	222	268	324
28	11	5	223	324	405
28	9	12	224	450	490
28	13	6	225	519	566
28	3	2	226	609	666
28	6	13	227	666	740
28	8	12	228	740	812
28	0	0	229	812	850
29	11	10	230	29	111
29	8	1	231	313	390
29	4	11	232	464	566
29	6	3	233	566	648
29	8	12	234	662	736
29	6	12	235	1023	1042
30	0	5	236	14	94
30	14	7	237	538	617
30	2	4	238	632	683
30	4	11	239	697	797
30	3	10	240	802	810
30	11	14	241	930	957
30	10	8	242	996	1010
31	10	0	243	113	141
31	2	4	244	164	240
31	4	2	245	254	328
31	10	2	246	380	457
31	9	12	247	490	530
31	11	5	248	600	641
31	3	10	249	749	792
31	10	4	250	852	925
31	3	6	251	1009	1058
32	2	10	252	0	29
32	3	2	253	209	221
32	4	2	254	221	254
32	1	3	255	350	390
32	14	1	256	390	426
32	6	1	257	467	482
32	8	11	258	575	662
32	14	14	259	812	897
32	0	5	260	1049	1090
33	8	12	261	0	29
33	0	0	262	151	235
33	12	11	263	328	422
33	2	14	264	429	444
33	2	14	265	541	567
33	4	6	266	651	688
33	7	2	267	734	766
33	11	10	268	957	1037
33	4	10	269	1044	1104
34	2	4	270	113	164
34	13	4	271	240	329
34	1	3	272	408	417
34	8	4	273	427	480
34	4	6	274	797	876
34	7	11	275	909	971
34	6	14	276	995	1023
34	2	8	277	1023	1063
35	4	11	278	69	135
35	7	8	279	356	433
35	5	7	280	475	516
35	12	4	281	575	632
35	7	8	282	851	909
35	1	3	283	1049	1101
36	12	11	284	0	69
36	12	7	285	69	89
36	6	13	286	365	450
36	13	9	287	689	719
36	13	9	288	873	919
37	7	1	289	12	69
37	1	1	290	216	289
37	13	4	291	329	342
37	13	9	292	567	656
37	1	3	293	656	730
37	9	0	294	739	800
37	8	12	295	923	936
37	5	7	296	1004	1056
38	7	9	297	169	247
38	0	9	298	247	267
38	13	9	299	423	438
38	5	1	300	666	724
38	2	1	301	780	837
38	1	2	302	854	895
38	2	1	303	970	980
39	14	8	304	0	55
39	7	14	305	247	298
39	9	7	306	351	370
39	12	11	307	422	450
39	7	13	308	569	581
39	13	9	309	656	689
39	5	1	310	724	780
39	4	9	311	919	930
39	7	11	312	971	992


Solution History:
