This is the output of Heuristic Solver for Dual resource constrained flexible job shop Scheduling Problem.
Input file is: wfjsp21_5.txt
Method: FaFM
Seed: 4
Number of Jobs: 25
Number of Operations: 244
Number of Machines: 15
Number of Operators: 12
CPU Time: 18.1717
obj: 1011
Best found lower bound:0
Solver gap (best found lower bound and upper bound difference): Not known


Final Solution:
Job	Machine	Operator	Operation	Start Time	Finish Time
0	6	7	0	133	148
0	6	7	1	148	192
0	9	6	2	192	276
0	2	11	3	280	342
0	8	3	4	419	493
0	9	0	5	499	538
0	4	2	6	746	812
0	2	0	7	924	961
1	11	4	8	45	95
1	9	6	9	149	191
1	12	0	10	302	333
1	9	1	11	378	446
1	9	5	12	468	489
1	6	5	13	489	504
1	1	5	14	519	588
1	4	11	15	686	746
1	2	2	16	812	821
1	2	2	17	821	866
2	10	0	18	0	68
2	10	0	19	68	107
2	5	0	20	198	226
2	13	4	21	386	431
2	8	6	22	493	523
2	10	4	23	573	604
2	0	6	24	604	699
2	0	0	25	732	775
2	9	11	26	779	820
2	8	9	27	846	868
3	11	1	28	0	8
3	5	3	29	9	54
3	14	1	30	72	157
3	10	7	31	192	242
3	11	2	32	453	519
3	6	1	33	533	621
3	2	9	34	717	797
3	4	3	35	840	879
3	5	11	36	971	985
4	7	11	37	45	93
4	11	8	38	104	185
4	7	7	39	269	338
4	4	2	40	519	585
4	9	5	41	588	621
4	5	11	42	624	686
4	6	4	43	686	721
4	14	8	44	899	919
4	10	4	45	922	988
5	8	9	46	0	77
5	7	4	47	178	264
5	6	5	48	271	316
5	10	6	49	348	429
5	13	6	50	523	599
5	8	2	51	599	610
5	3	3	52	630	662
5	9	10	53	874	948
5	14	2	54	959	992
6	3	3	55	140	225
6	0	3	56	225	245
6	0	3	57	245	280
6	14	2	58	280	381
6	13	7	59	504	517
6	8	10	60	523	553
6	12	8	61	568	642
6	8	2	62	719	736
6	0	6	63	792	836
6	4	1	64	879	909
6	0	5	65	909	1010
7	9	10	66	0	73
7	1	1	67	157	195
7	4	0	68	258	299
7	3	4	69	371	386
7	12	1	70	446	533
7	14	7	71	557	643
7	9	5	72	643	689
7	9	5	73	689	728
7	3	8	74	728	744
7	8	10	75	758	842
7	3	3	76	896	926
7	8	10	77	959	1006
8	6	5	78	0	69
8	5	0	79	108	198
8	7	0	80	348	376
8	13	4	81	431	498
8	3	3	82	558	613
8	10	2	83	685	694
8	8	2	84	694	719
8	5	1	85	737	746
8	13	7	86	824	835
8	13	7	87	835	918
8	7	8	88	922	1008
9	5	3	89	54	108
9	7	11	90	149	178
9	13	11	91	178	280
9	3	6	92	429	474
9	6	5	93	504	513
9	3	0	94	672	715
9	3	7	95	744	824
9	9	1	96	831	874
10	7	4	97	0	45
10	13	7	98	82	103
10	6	9	99	192	232
10	9	6	100	276	347
10	8	10	101	390	402
10	4	10	102	402	473
10	10	4	103	507	573
10	8	2	104	610	680
10	5	5	105	852	901
10	3	3	106	926	1009
11	2	10	107	73	159
11	5	5	108	235	271
11	11	9	109	305	396
11	4	0	110	585	622
11	1	0	111	622	655
11	13	3	112	662	697
11	13	3	113	730	738
11	10	8	114	788	861
11	14	8	115	861	899
11	7	4	116	899	922
12	11	8	117	8	25
12	9	11	118	93	149
12	3	4	119	269	301
12	2	11	120	342	378
12	3	3	121	390	419
12	1	10	122	499	519
12	13	3	123	738	820
12	5	11	124	820	835
13	13	3	125	108	140
13	14	9	126	165	186
13	8	10	127	233	294
13	6	9	128	396	480
13	10	4	129	499	507
13	1	0	130	655	672
13	7	4	131	732	760
13	14	0	132	775	838
14	3	3	133	0	9
14	3	4	134	301	371
14	0	0	135	376	391
14	14	2	136	391	400
14	1	2	137	400	447
14	14	8	138	502	546
14	14	8	139	643	727
14	4	3	140	820	840
14	5	10	141	842	852
14	11	10	142	852	870
15	12	8	143	25	104
15	1	1	144	195	259
15	6	5	145	316	388
15	7	8	146	404	423
15	11	7	147	423	453
15	3	3	148	493	558
15	2	10	149	558	636
15	2	7	150	643	717
15	12	7	151	717	743
15	1	11	152	746	779
15	4	1	153	920	984
16	3	7	154	103	133
16	12	2	155	140	208
16	4	2	156	208	258
16	12	7	157	338	421
16	0	6	158	474	489
16	14	9	159	489	502
16	7	9	160	504	582
16	10	6	161	699	774
16	3	11	162	835	896
16	8	2	163	896	959
16	9	0	164	961	992
17	12	2	165	0	16
17	14	2	166	16	62
17	1	2	167	62	140
17	13	4	168	160	176
17	12	8	169	423	443
17	14	8	170	443	480
17	5	11	171	498	560
17	10	4	172	604	685
17	11	4	173	760	831
17	7	4	174	831	897
17	1	6	175	937	1002
18	13	7	176	0	82
18	4	4	177	95	160
18	3	7	178	248	269
18	5	1	179	271	293
18	0	0	180	391	460
18	7	7	181	460	504
18	9	8	182	549	568
18	7	9	183	582	624
18	4	10	184	636	678
18	11	10	185	678	758
18	12	5	186	760	846
18	5	11	187	901	971
19	7	6	188	100	147
19	14	5	189	188	235
19	11	9	190	235	305
19	9	3	191	347	378
19	2	11	192	440	498
19	12	1	193	642	665
19	0	0	194	715	732
19	5	8	195	746	788
19	8	2	196	868	880
20	6	5	197	69	114
20	8	8	198	185	233
20	12	8	199	233	302
20	4	8	200	302	376
20	10	8	201	480	499
20	7	9	202	624	702
20	6	0	203	838	881
20	2	0	204	881	924
20	11	7	205	924	1011
21	3	6	206	9	100
21	2	10	207	159	199
21	0	3	208	280	325
21	10	0	209	333	348
21	10	5	210	429	468
21	9	0	211	538	549
21	0	0	212	549	585
21	9	1	213	621	633
21	13	3	214	697	730
21	6	1	215	746	831
21	4	1	216	909	920
21	6	9	217	961	1003
22	0	11	218	0	29
22	3	0	219	226	248
22	8	1	220	294	377
22	8	3	221	378	390
22	2	7	222	517	543
22	7	4	223	721	732
22	9	5	224	732	744
22	9	5	225	744	760
22	1	9	226	797	846
23	8	9	227	77	165
23	2	11	228	378	440
23	4	10	229	473	499
23	12	7	230	543	557
23	3	3	231	613	630
23	0	6	232	775	792
23	0	6	233	836	867
23	1	6	234	867	937
24	2	1	235	8	72
24	10	5	236	114	188
24	13	10	237	294	385
24	5	8	238	385	404
24	5	5	239	404	427
24	1	0	240	460	499
24	5	11	241	560	624
24	1	1	242	672	737
24	6	9	243	881	961


Solution History:
