This is the output of Heuristic Solver for Dual resource constrained flexible job shop Scheduling Problem.
Input file is: wfjsp18_2.txt
Method: FaFM
Seed: 4
Number of Jobs: 20
Number of Operations: 160
Number of Machines: 10
Number of Operators: 8
CPU Time: 20.5239
obj: 1043
Best found lower bound:0
Solver gap (best found lower bound and upper bound difference): Not known


Final Solution:
Job	Machine	Operator	Operation	Start Time	Finish Time
0	4	0	0	159	239
0	4	2	1	418	492
0	2	1	2	606	629
0	4	0	3	710	745
0	2	6	4	922	939
1	0	1	5	0	20
1	4	2	6	90	154
1	9	6	7	189	198
1	5	7	8	292	371
1	0	2	9	376	416
1	8	5	10	552	615
1	2	5	11	710	724
1	1	3	12	761	826
1	1	6	13	939	1005
2	1	3	14	0	61
2	3	4	15	72	142
2	0	4	16	290	319
2	3	4	17	407	449
2	1	6	18	470	493
2	9	2	19	493	548
2	4	5	20	615	693
2	9	7	21	728	810
2	5	7	22	813	875
2	0	3	23	952	1016
3	3	2	24	0	65
3	5	2	25	65	83
3	8	5	26	84	95
3	1	1	27	171	258
3	8	6	28	436	462
3	1	7	29	639	715
3	2	4	30	817	911
3	8	1	31	944	962
3	3	4	32	963	1030
4	5	7	33	190	268
4	8	1	34	280	334
4	6	1	35	387	407
4	1	1	36	418	470
4	6	4	37	523	558
4	7	2	38	558	627
4	6	6	39	773	861
4	3	0	40	944	963
4	2	5	41	963	976
4	1	6	42	1005	1035
5	4	4	43	0	15
5	6	4	44	142	182
5	4	2	45	240	321
5	2	0	46	345	385
5	5	3	47	465	563
5	3	0	48	745	842
6	7	7	49	16	82
6	3	4	50	182	210
6	0	4	51	210	276
6	1	0	52	308	342
6	7	7	53	400	426
6	6	2	54	627	662
6	5	3	55	683	728
6	1	3	56	737	761
6	8	0	57	874	944
7	9	6	58	81	143
7	2	0	59	147	159
7	0	3	60	159	189
7	2	5	61	290	345
7	8	5	62	345	425
7	9	6	63	634	691
7	7	6	64	691	769
8	2	0	65	0	54
8	5	7	66	268	292
8	3	4	67	319	407
8	2	5	68	525	537
8	1	7	69	563	639
8	5	3	70	639	652
8	2	0	71	652	710
8	6	2	72	718	773
8	7	2	73	927	983
9	0	3	74	61	122
9	9	6	75	198	284
9	6	2	76	321	376
9	6	4	77	465	523
9	3	1	78	525	606
9	1	7	79	715	728
9	9	2	80	813	871
9	6	2	81	871	917
9	6	1	82	963	1021
9	8	1	83	1021	1038
10	5	7	84	109	190
10	2	5	85	255	278
10	4	0	86	387	408
10	5	7	87	426	461
10	3	0	88	614	645
10	3	4	89	661	744
10	4	5	90	889	956
11	6	6	91	0	81
11	8	5	92	95	167
11	2	4	93	278	290
11	5	7	94	371	400
11	3	5	95	449	525
11	0	4	96	558	625
11	6	2	97	662	718
11	8	5	98	724	809
11	5	7	99	875	961
12	2	5	100	167	184
12	6	3	101	189	262
12	9	6	102	284	349
12	7	3	103	349	398
12	1	6	104	493	563
12	0	1	105	629	707
12	4	1	106	765	798
12	6	4	107	917	963
12	2	0	108	976	1043
13	4	1	109	20	90
13	1	1	110	122	171
13	3	0	111	239	262
13	1	0	112	262	308
13	5	3	113	563	631
13	0	1	114	798	865
13	3	4	115	1030	1041
14	7	7	116	0	16
14	9	4	117	16	42
14	2	0	118	54	147
14	7	3	119	262	342
14	7	4	120	627	661
14	3	1	121	874	942
14	4	5	122	976	1034
15	0	4	123	42	59
15	1	7	124	82	109
15	6	1	125	262	280
15	4	1	126	408	418
15	4	0	127	492	513
15	0	5	128	537	552
15	1	3	129	728	737
15	4	5	130	809	889
15	7	2	131	917	927
16	0	3	132	122	158
16	4	1	133	334	387
16	6	3	134	407	465
16	8	1	135	470	519
16	5	3	136	652	683
16	5	2	137	773	813
16	1	3	138	826	889
17	8	5	139	0	84
17	4	0	140	513	569
17	9	6	141	569	634
17	0	1	142	707	765
17	3	0	143	842	874
17	5	7	144	961	1027
18	6	1	145	90	122
18	9	6	146	143	189
18	2	5	147	189	255
18	9	6	148	404	436
18	7	7	149	461	517
18	7	7	150	517	556
18	4	0	151	569	614
18	2	4	152	744	817
18	0	3	153	889	952
19	9	4	154	59	72
19	7	2	155	154	240
19	9	6	156	349	404
19	2	0	157	408	480
19	1	6	158	889	922
19	7	2	159	983	1035


Solution History:
