This is the output of Heuristic Solver for Dual resource constrained flexible job shop Scheduling Problem.
Input file is: wfjsp15_4.txt
Method: FaFM
Seed: 1
Number of Jobs: 30
Number of Operations: 381
Number of Machines: 15
Number of Operators: 15
CPU Time: 66.3689
obj: 1346
Best found lower bound:0
Solver gap (best found lower bound and upper bound difference): Not known


Final Solution:
Job	Machine	Operator	Operation	Start Time	Finish Time
0	1	0	0	143	217
0	12	14	1	243	309
0	13	4	2	370	444
0	14	7	3	444	519
0	9	3	4	565	661
0	1	0	5	739	770
0	8	2	6	828	871
0	12	0	7	872	886
0	9	1	8	972	1018
0	6	3	9	1036	1058
0	7	5	10	1058	1075
0	7	2	11	1117	1160
0	10	14	12	1160	1233
0	10	14	13	1310	1332
1	6	14	14	30	102
1	6	4	15	102	191
1	10	5	16	210	269
1	0	11	17	296	344
1	10	12	18	542	576
1	7	8	19	600	617
1	14	1	20	646	692
1	7	8	21	704	775
1	2	8	22	801	812
1	3	3	23	812	875
1	12	6	24	903	977
1	7	6	25	977	991
1	14	0	26	1059	1141
1	5	7	27	1208	1287
2	10	5	28	56	146
2	9	3	29	262	310
2	12	12	30	402	488
2	2	1	31	573	641
2	14	1	32	726	794
2	0	4	33	801	848
2	12	0	34	886	903
2	4	0	35	903	969
2	3	4	36	969	994
2	1	8	37	1059	1082
2	12	14	38	1093	1159
2	11	2	39	1266	1313
3	14	6	40	68	128
3	14	6	41	128	162
3	3	1	42	169	224
3	11	13	43	373	445
3	8	0	44	516	588
3	6	4	45	671	734
3	5	14	46	781	811
3	12	0	47	847	872
3	10	5	48	933	996
3	14	0	49	1027	1059
3	5	10	50	1129	1179
4	13	11	51	110	139
4	1	1	52	225	317
4	14	2	53	351	395
4	7	2	54	395	410
4	2	1	55	540	573
4	3	5	56	629	701
4	9	7	57	798	811
4	1	10	58	847	918
4	8	11	59	987	1041
4	0	13	60	1053	1114
4	0	1	61	1114	1162
4	1	1	62	1238	1269
5	5	0	63	0	13
5	3	3	64	13	40
5	14	11	65	162	215
5	5	10	66	300	360
5	5	5	67	423	462
5	4	14	68	498	530
5	7	2	69	647	703
5	12	6	70	781	843
5	7	5	71	852	890
5	1	8	72	962	1010
5	2	2	73	1190	1266
6	11	12	74	16	64
6	12	11	75	149	161
6	12	14	76	170	243
6	3	5	77	289	338
6	5	5	78	360	384
6	2	9	79	423	502
6	5	5	80	539	602
6	2	4	81	749	801
6	13	7	82	1022	1082
6	7	8	83	1082	1112
6	13	4	84	1121	1217
6	9	4	85	1217	1237
6	8	8	86	1266	1291
7	5	0	87	43	79
7	9	0	88	79	143
7	0	13	89	149	196
7	13	2	90	196	220
7	12	12	91	377	402
7	4	14	92	402	470
7	3	7	93	519	580
7	4	6	94	615	653
7	9	3	95	692	738
7	14	1	96	856	928
7	12	13	97	977	1044
7	8	11	98	1070	1116
7	2	12	99	1285	1297
7	2	12	100	1297	1345
8	5	0	101	13	43
8	7	10	102	56	83
8	2	1	103	119	169
8	6	4	104	252	271
8	9	14	105	310	391
8	3	3	106	438	513
8	9	4	107	513	565
8	8	7	108	671	714
8	13	2	109	714	781
8	11	2	110	985	1053
8	5	10	111	1081	1129
8	6	3	112	1132	1200
8	12	12	113	1206	1285
9	4	8	114	52	63
9	11	12	115	114	213
9	9	3	116	213	262
9	4	7	117	318	397
9	4	14	118	470	498
9	14	3	119	519	565
9	7	8	120	617	647
9	14	1	121	692	726
9	12	6	122	727	767
9	14	1	123	794	856
9	11	2	124	935	985
9	2	9	125	1022	1089
9	11	13	126	1182	1258
9	1	1	127	1269	1320
10	10	10	128	0	27
10	3	3	129	40	130
10	0	13	130	196	263
10	9	1	131	438	483
10	10	12	132	488	542
10	7	8	133	583	600
10	4	8	134	653	704
10	4	10	135	716	751
10	4	14	136	867	901
10	8	11	137	935	987
10	1	8	138	1010	1059
10	2	12	139	1089	1103
10	13	8	140	1239	1262
10	8	8	141	1291	1337
11	0	9	142	52	147
11	8	7	143	157	205
11	4	7	144	253	318
11	8	0	145	389	460
11	6	13	146	513	540
11	13	11	147	635	702
11	4	14	148	704	716
11	9	3	149	738	776
11	3	4	150	886	936
11	14	3	151	1001	1027
11	3	7	152	1082	1111
11	11	13	153	1117	1182
11	14	6	154	1246	1341
12	4	8	155	63	159
12	5	6	156	219	300
12	10	3	157	310	333
12	7	3	158	333	365
12	14	7	159	397	427
12	1	2	160	486	551
12	8	0	161	588	639
12	10	6	162	653	727
12	11	12	163	752	823
12	10	6	164	877	901
12	4	0	165	979	990
12	10	0	166	996	1025
12	5	10	167	1047	1081
12	9	12	168	1138	1206
12	10	14	169	1233	1310
13	14	6	170	0	68
13	14	11	171	215	296
13	8	0	172	296	320
13	2	9	173	324	423
13	0	11	174	447	515
13	14	2	175	565	646
13	9	3	176	661	692
13	12	13	177	767	781
13	6	13	178	781	820
13	9	14	179	820	867
13	14	3	180	928	949
13	0	12	181	978	1053
13	10	12	182	1053	1087
13	1	9	183	1089	1165
13	4	0	184	1224	1288
14	9	4	185	0	72
14	1	2	186	74	137
14	6	10	187	360	388
14	6	10	188	444	510
14	13	11	189	584	635
14	11	9	190	691	752
14	2	9	191	812	893
14	6	13	192	893	957
14	7	5	193	996	1056
14	3	7	194	1111	1178
14	5	7	195	1179	1208
14	13	8	196	1217	1239
15	2	9	197	0	22
15	5	10	198	83	152
15	9	3	199	152	203
15	2	12	200	239	250
15	11	13	201	344	373
15	13	4	202	444	511
15	4	10	203	533	615
15	6	4	204	734	749
15	0	12	205	848	918
15	3	4	206	936	963
15	5	10	207	964	1047
15	8	8	208	1116	1140
15	8	11	209	1190	1204
15	9	0	210	1303	1331
16	8	7	211	35	100
16	7	8	212	236	303
16	14	2	213	303	351
16	3	6	214	355	384
16	6	10	215	388	422
16	0	9	216	515	546
16	1	0	217	649	663
16	5	10	218	685	712
16	1	10	219	918	962
16	3	4	220	994	1081
16	7	5	221	1160	1235
16	13	11	222	1275	1346
17	7	5	223	0	56
17	5	10	224	152	218
17	1	1	225	364	390
17	0	11	226	415	447
17	7	8	227	486	583
17	0	4	228	583	628
17	5	10	229	628	676
17	2	12	230	695	746
17	1	0	231	770	847
17	9	1	232	928	972
17	6	14	233	972	1036
17	3	9	234	1178	1246
17	7	5	235	1247	1342
18	3	7	236	0	9
18	2	9	237	22	51
18	2	8	238	169	232
18	11	10	239	239	270
18	13	8	240	307	370
18	5	5	241	384	423
18	12	6	242	537	611
18	11	13	243	621	691
18	13	2	244	781	828
18	5	14	245	933	964
18	4	6	246	1054	1064
18	0	1	247	1162	1206
18	1	1	248	1206	1238
18	3	9	249	1293	1346
19	1	2	250	0	52
19	7	14	251	102	170
19	11	12	252	213	239
19	10	10	253	270	299
19	9	3	254	391	438
19	11	13	255	445	513
19	0	9	256	628	691
19	10	5	257	776	852
19	10	6	258	852	877
19	10	14	259	901	933
19	6	3	260	1058	1132
19	8	8	261	1140	1190
19	9	4	262	1237	1299
20	4	8	263	0	52
20	8	0	264	320	389
20	7	2	265	410	486
20	1	9	266	551	621
20	0	13	267	691	743
20	0	12	268	918	950
20	0	12	269	950	978
20	13	4	270	1082	1121
20	2	11	271	1121	1190
20	5	0	272	1288	1303
21	13	11	273	0	91
21	4	9	274	159	253
21	13	12	275	253	307
21	10	6	276	387	478
21	12	6	277	488	537
21	11	14	278	537	567
21	12	14	279	611	641
21	12	14	280	641	690
21	10	14	281	727	776
21	5	7	282	811	863
21	11	2	283	871	935
21	4	0	284	969	979
21	12	14	285	1044	1093
21	14	0	286	1141	1224
21	6	3	287	1243	1342
22	11	12	288	0	16
22	2	1	289	52	119
22	11	13	290	270	344
22	1	8	291	390	484
22	10	12	292	576	640
22	6	7	293	640	671
22	3	9	294	765	811
22	13	7	295	876	956
22	11	2	296	1053	1117
22	6	3	297	1200	1243
22	12	10	298	1285	1337
23	0	1	299	0	52
23	8	7	300	100	119
23	7	10	301	219	236
23	12	12	302	309	377
23	3	1	303	390	437
23	11	10	304	513	533
23	8	12	305	640	667
23	2	12	306	667	695
23	7	8	307	775	784
23	13	8	308	828	876
23	9	3	309	876	928
23	8	11	310	1041	1070
23	8	10	311	1204	1266
24	12	13	312	52	116
24	10	5	313	146	210
24	6	4	314	218	252
24	2	9	315	253	324
24	13	11	316	515	584
24	1	0	317	639	649
24	8	11	318	740	821
24	7	8	319	890	960
24	13	7	320	960	1022
24	9	12	321	1111	1138
24	0	11	322	1206	1271
25	6	13	323	0	30
25	13	11	324	91	110
25	8	7	325	119	157
25	1	0	326	217	225
25	13	7	327	225	245
25	5	5	328	462	503
25	6	13	329	540	621
25	5	7	330	714	781
25	2	9	331	893	941
25	4	6	332	1064	1161
25	14	6	333	1224	1246
26	10	10	334	27	56
26	11	12	335	64	114
26	7	6	336	170	219
26	7	6	337	303	326
26	0	11	338	344	415
26	6	10	339	422	444
26	5	5	340	503	539
26	1	0	341	663	739
26	0	13	342	743	756
26	9	3	343	776	798
26	6	13	344	820	889
26	4	6	345	991	1054
26	10	5	346	1135	1159
26	3	9	347	1246	1293
26	0	7	348	1293	1321
27	12	14	349	0	29
27	12	13	350	30	52
27	13	2	351	139	185
27	6	4	352	271	345
27	3	4	353	345	355
27	2	1	354	502	540
27	8	11	355	714	740
27	4	10	356	751	846
27	8	11	357	871	935
27	4	6	358	1161	1224
28	1	2	359	52	74
28	12	13	360	116	149
28	6	4	361	191	218
28	8	2	362	220	273
28	3	7	363	580	629
28	5	10	364	676	685
28	3	5	365	701	765
28	11	11	366	823	870
28	2	9	367	941	1022
28	10	5	368	1087	1135
29	8	7	369	9	35
29	3	0	370	225	289
29	1	1	371	317	364
29	10	3	372	365	387
29	8	0	373	460	516
29	7	8	374	784	801
29	3	4	375	875	886
29	5	5	376	890	926
29	14	3	377	949	1001
29	9	1	378	1018	1111
29	7	5	379	1235	1247
29	13	13	380	1262	1275


Solution History:
