This is the output of Heuristic Solver for Dual resource constrained flexible job shop Scheduling Problem.
Input file is: wfjsp23_4.txt
Method: FaFM
Seed: 4
Number of Jobs: 30
Number of Operations: 381
Number of Machines: 15
Number of Operators: 12
CPU Time: 37.1033
obj: 1619
Best found lower bound:0
Solver gap (best found lower bound and upper bound difference): Not known


Final Solution:
Job	Machine	Operator	Operation	Start Time	Finish Time
0	1	11	0	297	370
0	8	3	1	370	434
0	13	1	2	448	522
0	9	11	3	665	731
0	9	7	4	780	876
0	2	5	5	876	902
0	0	10	6	919	967
0	11	8	7	1091	1105
0	5	1	8	1114	1163
0	3	4	9	1269	1292
0	6	10	10	1292	1306
0	4	7	11	1336	1375
0	9	10	12	1394	1460
0	7	0	13	1524	1547
1	8	6	14	75	158
1	14	5	15	260	342
1	10	7	16	480	540
1	0	10	17	550	606
1	2	1	18	634	667
1	2	8	19	731	746
1	14	4	20	874	926
1	7	11	21	945	1018
1	11	9	22	1080	1091
1	1	7	23	1132	1197
1	3	4	24	1197	1269
1	7	10	25	1306	1318
1	12	7	26	1446	1518
1	5	1	27	1539	1614
2	14	2	28	0	81
2	10	0	29	101	150
2	12	4	30	435	516
2	2	1	31	522	590
2	13	9	32	748	816
2	9	11	33	1027	1074
2	8	3	34	1074	1093
2	2	10	35	1108	1176
2	2	8	36	1176	1203
2	1	5	37	1273	1296
2	11	2	38	1330	1392
2	3	5	39	1417	1467
3	6	3	40	0	56
3	13	0	41	215	247
3	3	0	42	247	302
3	11	11	43	584	657
3	8	11	44	804	875
3	6	9	45	939	1003
3	5	3	46	1038	1071
3	1	7	47	1082	1108
3	9	6	48	1132	1197
3	3	4	49	1292	1322
3	7	6	50	1459	1509
4	2	10	51	72	101
4	1	10	52	182	281
4	14	2	53	350	394
4	2	3	54	434	450
4	5	11	55	465	495
4	3	5	56	687	770
4	3	8	57	892	904
4	13	3	58	904	978
4	3	5	59	1108	1156
4	0	5	60	1156	1220
4	6	11	61	1374	1418
4	7	6	62	1425	1459
5	11	8	63	0	13
5	3	10	64	31	60
5	11	4	65	172	220
5	6	0	66	302	361
5	5	1	67	361	400
5	3	0	68	481	512
5	13	6	69	532	586
5	12	4	70	942	1004
5	13	11	71	1106	1149
5	4	3	72	1174	1221
5	2	0	73	1446	1524
6	11	11	74	30	81
6	14	4	75	93	106
6	12	8	76	153	224
6	10	1	77	226	275
6	10	2	78	329	350
6	14	8	79	503	575
6	5	3	80	575	641
6	2	0	81	987	1042
6	7	9	82	1091	1151
6	1	5	83	1242	1273
6	3	5	84	1467	1562
6	9	11	85	1570	1592
6	8	3	86	1592	1617
7	0	1	87	0	44
7	9	7	88	71	138
7	4	7	89	138	183
7	13	7	90	327	348
7	12	7	91	401	427
7	8	0	92	713	786
7	5	8	93	789	842
7	12	10	94	843	891
7	7	2	95	898	943
7	11	2	96	943	1016
7	1	7	97	1016	1082
7	5	8	98	1236	1286
7	6	0	99	1547	1560
7	1	5	100	1562	1613
8	8	1	101	44	75
8	7	9	102	75	102
8	2	8	103	106	153
8	7	2	104	205	223
8	6	2	105	223	297
8	3	0	106	512	589
8	2	1	107	667	716
8	12	1	108	734	781
8	4	6	109	786	856
8	12	8	110	1105	1171
8	7	9	111	1246	1292
8	13	11	112	1304	1374
8	11	8	113	1500	1568
9	0	1	114	151	161
9	8	10	115	281	364
9	9	9	116	367	416
9	4	8	117	434	503
9	10	11	118	556	584
9	14	9	119	584	633
9	4	6	120	856	885
9	0	10	121	891	919
9	5	1	122	928	962
9	14	1	123	962	1024
9	10	1	124	1024	1067
9	2	0	125	1260	1330
9	7	6	126	1330	1425
9	4	2	127	1495	1544
10	5	3	128	56	87
10	1	10	129	106	182
10	2	8	130	226	292
10	13	1	131	401	448
10	6	2	132	538	589
10	7	9	133	633	650
10	12	1	134	781	829
10	12	9	135	892	939
10	13	5	136	1060	1103
10	8	3	137	1122	1174
10	1	1	138	1296	1347
10	14	5	139	1375	1391
10	3	5	140	1391	1417
10	6	11	141	1418	1467
11	0	6	142	161	256
11	0	6	143	256	303
11	0	6	144	303	367
11	1	8	145	575	645
11	12	9	146	650	679
11	13	9	147	680	748
11	14	4	148	926	942
11	3	0	149	947	987
11	7	8	150	1038	1087
11	8	3	151	1093	1122
11	9	11	152	1197	1229
11	0	10	153	1318	1385
11	14	3	154	1483	1578
12	4	4	155	0	93
12	9	3	156	231	305
12	8	11	157	442	465
12	8	2	158	469	505
12	0	2	159	505	538
12	9	6	160	599	665
12	0	6	161	665	714
12	10	0	162	795	864
12	5	8	163	970	1038
12	10	7	164	1108	1132
12	0	5	165	1220	1231
12	10	0	166	1231	1260
12	1	1	167	1347	1387
12	5	8	168	1404	1468
12	6	10	169	1468	1536
13	5	9	170	196	261
13	3	5	171	389	481
13	8	6	172	510	532
13	8	7	173	540	636
13	5	8	174	645	731
13	6	3	175	760	840
13	1	8	176	842	869
13	11	8	177	869	883
13	1	1	178	883	928
13	5	1	179	1071	1114
13	14	9	180	1151	1175
13	7	9	181	1175	1246
13	5	8	182	1369	1404
13	1	1	183	1432	1508
13	10	9	184	1508	1577
14	1	8	185	42	106
14	3	4	186	106	172
14	11	2	187	298	329
14	6	4	188	361	435
14	1	6	189	461	510
14	13	0	190	614	680
14	9	6	191	885	959
14	6	3	192	1307	1368
14	12	4	193	1368	1428
14	0	4	194	1428	1503
14	8	6	195	1509	1536
14	14	9	196	1597	1614
15	9	6	197	48	71
15	12	1	198	75	151
15	6	2	199	164	205
15	3	8	200	327	339
15	9	9	201	339	367
15	10	0	202	367	431
15	4	4	203	563	640
15	11	2	204	789	803
15	8	7	205	876	943
15	11	6	206	1105	1132
15	5	8	207	1286	1369
15	8	3	208	1369	1393
15	5	8	209	1468	1481
15	9	10	210	1592	1619
16	8	7	211	183	249
16	13	9	212	261	327
16	3	5	213	342	389
16	10	0	214	680	713
16	6	3	215	721	760
16	11	8	216	760	789
16	0	5	217	799	814
16	5	0	218	864	894
16	9	3	219	978	1027
16	3	10	220	1027	1108
16	0	11	221	1231	1304
16	13	7	222	1375	1446
17	7	5	223	0	56
17	12	4	224	247	327
17	2	1	225	331	357
17	0	10	226	439	466
17	7	5	227	481	575
17	0	5	228	611	663
17	9	7	229	734	780
17	14	4	230	780	827
17	1	5	231	935	1010
17	12	6	232	1054	1104
17	11	4	233	1137	1197
17	2	0	234	1381	1446
17	12	7	235	1518	1618
18	3	9	236	0	9
18	2	8	237	13	42
18	2	1	238	161	226
18	12	6	239	369	396
18	7	6	240	396	461
18	12	4	241	516	563
18	10	6	242	714	786
18	7	2	243	804	874
18	4	2	244	1071	1111
18	2	8	245	1203	1232
18	12	7	246	1242	1254
18	10	3	247	1260	1307
18	1	1	248	1508	1539
18	3	8	249	1568	1618
19	5	7	250	0	50
19	14	5	251	127	197
19	11	4	252	220	247
19	10	7	253	298	327
19	13	7	254	348	401
19	11	9	255	416	484
19	4	4	256	640	704
19	4	4	257	704	778
19	0	5	258	814	843
19	10	11	259	1074	1106
19	13	6	260	1197	1279
19	8	6	261	1279	1330
19	6	0	262	1560	1619
20	4	3	263	305	360
20	2	8	264	369	434
20	9	10	265	479	550
20	1	10	266	683	754
20	13	1	267	829	879
20	0	10	268	967	999
20	12	4	269	1004	1029
20	13	11	270	1149	1192
20	11	3	271	1393	1483
20	11	8	272	1483	1500
21	7	9	273	102	196
21	4	11	274	203	297
21	10	0	275	431	480
21	10	2	276	589	677
21	11	2	277	677	727
21	0	2	278	727	756
21	2	5	279	770	799
21	14	4	280	827	874
21	10	0	281	898	947
21	14	4	282	1029	1090
21	11	2	283	1256	1320
21	4	2	284	1320	1330
21	2	0	285	1330	1381
21	14	2	286	1392	1473
21	9	11	287	1473	1570
22	13	7	288	50	67
22	13	11	289	81	151
22	9	3	290	161	231
22	11	9	291	484	584
22	6	3	292	840	903
22	6	5	293	903	935
22	6	0	294	1104	1146
22	5	1	295	1163	1236
22	12	7	296	1254	1313
22	3	4	297	1322	1363
22	8	10	298	1536	1586
23	13	6	299	0	48
23	8	0	300	158	177
23	5	1	301	275	292
23	1	11	302	370	442
23	3	10	303	606	653
23	3	5	304	663	687
23	12	7	305	699	734
23	2	5	306	843	868
23	6	10	307	1003	1012
23	13	5	308	1012	1060
23	4	2	309	1111	1171
23	8	10	310	1176	1205
23	8	10	311	1205	1270
24	5	3	312	87	161
24	14	5	313	197	260
24	7	8	314	292	327
24	14	2	315	394	469
24	8	7	316	636	699
24	8	0	317	786	795
24	3	9	318	825	892
24	2	8	319	904	970
24	2	0	320	1042	1104
24	9	3	321	1229	1257
24	0	4	322	1503	1578
25	9	10	323	0	31
25	2	0	324	48	72
25	11	2	325	128	164
25	6	0	326	205	215
25	12	8	327	349	369
25	9	7	328	427	479
25	6	3	329	641	721
25	4	11	330	885	945
25	14	4	331	1090	1137
25	4	9	332	1382	1484
25	14	9	333	1578	1597
26	1	11	334	0	30
26	11	2	335	81	128
26	13	11	336	151	203
26	12	4	337	327	349
26	0	10	338	367	439
26	6	0	339	589	614
26	1	10	340	653	683
26	1	10	341	754	829
26	2	10	342	829	843
26	10	2	343	874	898
26	6	9	344	1012	1080
26	11	2	345	1197	1256
26	10	7	346	1313	1336
26	2	6	347	1536	1584
26	0	4	348	1584	1612
27	12	9	349	9	37
27	5	0	350	177	196
27	5	1	351	292	331
27	6	3	352	450	524
27	7	6	353	586	596
27	2	1	354	596	634
27	0	2	355	756	789
27	4	6	356	959	1054
27	6	0	357	1146	1212
27	4	2	358	1544	1605
28	8	0	359	0	22
28	12	9	360	37	70
28	6	0	361	72	101
28	11	7	362	249	298
28	4	11	363	503	556
28	7	5	364	599	611
28	10	7	365	947	1000
28	11	2	366	1016	1071
28	14	5	367	1296	1375
28	1	1	368	1387	1432
29	10	0	369	22	48
29	0	5	370	56	127
29	1	3	371	524	571
29	9	5	372	575	599
29	5	11	373	731	787
29	7	11	374	787	804
29	3	9	375	816	825
29	1	7	376	1197	1242
29	14	1	377	1242	1289
29	9	9	378	1292	1382
29	0	10	379	1385	1394
29	4	2	380	1484	1495


Solution History:
