This is the output of Heuristic Solver for Dual resource constrained flexible job shop Scheduling Problem.
Input file is: Dauzere_02a.txt
Method: TS_1000_2_5
Seed: 1
Number of Jobs: 10
Number of Operations: 196
Number of Machines: 5
Number of Operators: 4
CPU Time: 14.7705
obj: 2946
Best found lower bound:0
Solver gap (best found lower bound and upper bound difference): Not known


Final Solution:
Job	Machine	Operator	Operation	Start Time	Finish Time
0	2	2	0	85	128
0	2	0	1	311	373
0	4	3	2	428	454
0	1	1	3	481	500
0	2	2	4	501	599
0	4	0	5	721	745
0	4	0	6	745	811
0	2	2	7	814	844
0	1	3	8	844	931
0	2	2	9	1138	1165
0	4	0	10	1397	1463
0	1	3	11	1567	1600
0	4	0	12	1908	1919
0	1	1	13	2625	2687
0	4	0	14	2847	2941
1	4	3	15	181	223
1	1	1	16	391	481
1	0	3	17	632	696
1	4	0	18	811	863
1	1	3	19	931	1026
1	0	3	20	1304	1380
1	4	0	21	1463	1494
1	3	1	22	1517	1614
1	1	3	23	1856	1868
1	4	3	24	1868	1891
1	1	3	25	1891	1983
1	1	1	26	2022	2046
1	3	2	27	2147	2229
1	1	3	28	2324	2367
1	2	0	29	2465	2536
1	4	3	30	2536	2590
1	3	2	31	2594	2652
1	0	3	32	2684	2726
1	0	3	33	2780	2832
1	0	3	34	2858	2931
2	4	3	35	0	77
2	1	1	36	103	183
2	4	0	37	225	311
2	1	3	38	526	571
2	2	2	39	599	700
2	3	1	40	816	890
2	0	0	41	1070	1094
2	3	1	42	1168	1264
2	2	2	43	1466	1540
2	2	2	44	1540	1587
2	0	0	45	1775	1839
2	3	1	46	1931	1987
2	3	1	47	1987	2022
2	0	3	48	2051	2147
2	3	1	49	2238	2277
2	2	2	50	2316	2381
2	2	2	51	2381	2455
2	3	2	52	2455	2519
2	0	0	53	2536	2592
2	3	2	54	2652	2683
2	3	1	55	2687	2712
2	2	2	56	2749	2787
2	3	2	57	2787	2864
3	0	3	58	225	306
3	4	3	59	454	526
3	3	1	60	527	592
3	3	1	61	635	679
3	3	1	62	760	816
3	3	1	63	890	956
3	0	0	64	998	1070
3	0	0	65	1094	1191
3	1	1	66	1266	1297
3	2	0	67	1317	1380
3	0	0	68	1380	1397
3	1	1	69	1424	1485
3	3	2	70	1631	1668
3	4	0	71	1678	1774
3	2	2	72	2067	2102
3	2	2	73	2231	2316
3	0	0	74	2425	2465
3	2	2	75	2683	2749
4	0	0	76	0	95
4	3	2	77	269	338
4	0	0	78	464	558
4	3	1	79	592	635
4	2	2	80	700	738
4	2	2	81	924	981
4	2	2	82	1165	1263
4	1	1	83	1297	1344
4	0	3	84	1397	1482
4	0	0	85	1556	1594
4	1	1	86	1614	1711
4	0	3	87	1711	1775
4	2	2	88	1775	1875
4	0	3	89	2003	2051
4	0	3	90	2147	2179
4	4	3	91	2179	2244
4	3	1	92	2277	2380
4	4	3	93	2393	2463
4	4	3	94	2463	2530
4	4	0	95	2746	2847
4	2	2	96	2864	2908
5	1	1	97	0	103
5	0	0	98	103	177
5	3	1	99	183	269
5	1	1	100	322	391
5	1	3	101	609	632
5	3	1	102	734	760
5	3	1	103	1485	1517
5	3	2	104	1741	1765
5	3	1	105	1831	1931
5	4	0	106	2017	2107
5	2	0	107	2107	2180
5	0	0	108	2231	2247
5	1	1	109	2380	2469
5	4	3	110	2590	2628
5	4	0	111	2673	2746
6	4	3	112	138	181
6	3	2	113	338	442
6	3	1	114	501	527
6	4	0	115	682	721
6	0	3	116	744	840
6	2	2	117	844	924
6	4	3	118	1026	1118
6	4	3	119	1118	1171
6	3	2	120	1264	1299
6	3	2	121	1299	1349
6	4	0	122	1494	1556
6	0	3	123	1645	1708
6	4	0	124	1919	2017
6	3	2	125	2519	2594
6	0	0	126	2594	2673
6	0	3	127	2673	2684
6	2	2	128	2908	2944
7	4	3	129	77	138
7	1	1	130	269	322
7	2	0	131	373	392
7	3	2	132	442	501
7	4	0	133	588	682
7	1	1	134	682	734
7	2	2	135	738	814
7	0	0	136	863	893
7	0	0	137	893	941
7	4	0	138	941	998
7	3	2	139	1044	1082
7	3	2	140	1349	1427
7	0	0	141	1594	1636
7	2	2	142	1668	1741
7	0	0	143	1839	1908
7	3	2	144	2102	2147
7	2	0	145	2180	2203
7	1	1	146	2208	2238
7	4	0	147	2247	2292
7	1	1	148	2469	2563
7	1	1	149	2563	2625
7	4	3	150	2628	2667
7	1	1	151	2712	2783
7	1	1	152	2783	2804
7	0	3	153	2832	2858
8	2	2	154	128	197
8	2	2	155	197	257
8	2	0	156	392	464
8	0	3	157	571	609
8	0	3	158	696	744
8	3	1	159	956	1038
8	1	1	160	1038	1086
8	1	1	161	1086	1168
8	4	0	162	1191	1242
8	4	0	163	1242	1317
8	2	2	164	1427	1466
8	1	3	165	1485	1567
8	2	2	166	1587	1631
8	4	3	167	1775	1856
8	2	2	168	1875	1919
8	1	3	169	1983	2003
8	1	1	170	2046	2109
8	1	1	171	2109	2208
8	2	0	172	2208	2231
8	4	0	173	2292	2326
8	0	0	174	2326	2425
8	1	1	175	2804	2897
8	3	1	176	2897	2946
9	3	2	177	0	85
9	0	0	178	177	225
9	0	3	179	306	368
9	4	3	180	368	428
9	4	0	181	558	588
9	2	2	182	981	1044
9	2	2	183	1082	1138
9	1	3	184	1171	1266
9	0	3	185	1266	1304
9	1	1	186	1344	1424
9	4	3	187	1600	1645
9	4	0	188	1645	1678
9	1	1	189	1711	1751
9	1	1	190	1751	1831
9	2	2	191	1919	1997
9	2	2	192	1997	2067
9	1	3	193	2244	2324
9	4	3	194	2367	2393
9	0	3	195	2726	2780


Solution History:
