This is the output of Heuristic Solver for Dual resource constrained flexible job shop Scheduling Problem.
Input file is: Mk10.txt
Method: TS_1000_2_5
Seed: 1
Number of Jobs: 20
Number of Operations: 240
Number of Machines: 15
Number of Operators: 8
CPU Time: 28.7048
obj: 322
Best found lower bound:0
Solver gap (best found lower bound and upper bound difference): Not known


Final Solution:
Job	Machine	Operator	Operation	Start Time	Finish Time
0	1	3	0	59	65
0	6	1	1	65	76
0	1	3	2	82	91
0	8	3	3	108	118
0	0	0	4	129	139
0	0	0	5	148	156
0	1	1	6	163	172
0	2	7	7	182	191
0	3	6	8	191	206
0	9	0	9	230	235
0	6	4	10	263	269
0	9	7	11	270	279
1	6	1	12	22	33
1	9	0	13	36	45
1	1	1	14	47	52
1	0	0	15	87	96
1	2	2	16	102	114
1	3	6	17	114	126
1	12	3	18	127	145
1	2	7	19	154	166
1	7	4	20	170	181
1	8	3	21	193	200
1	2	2	22	219	225
1	9	0	23	225	230
1	1	1	24	305	316
2	4	5	25	0	8
2	0	0	26	45	57
2	0	0	27	57	64
2	5	4	28	72	83
2	9	7	29	101	109
2	9	7	30	109	117
2	2	2	31	122	133
2	7	4	32	136	150
2	9	0	33	183	192
2	2	2	34	192	204
2	1	3	35	245	254
3	3	2	36	25	36
3	2	2	37	55	66
3	4	5	38	120	142
3	1	1	39	172	180
3	9	0	40	200	208
3	6	1	41	208	219
3	4	5	42	233	251
3	5	4	43	251	263
3	1	3	44	272	280
3	7	0	45	289	300
3	3	6	46	305	317
4	5	2	47	0	11
4	9	7	48	21	28
4	6	1	49	33	47
4	9	7	50	54	70
4	2	2	51	74	87
4	0	0	52	96	106
4	2	2	53	114	122
4	1	1	54	133	138
4	9	7	55	139	151
4	8	3	56	168	177
4	9	7	57	236	245
4	0	0	58	264	276
4	4	5	59	276	289
4	8	3	60	296	309
5	0	0	61	0	15
5	0	0	62	15	22
5	8	3	63	39	52
5	1	1	64	92	100
5	6	4	65	126	136
5	0	0	66	156	165
5	5	2	67	178	189
5	1	1	68	193	198
5	6	1	69	203	208
5	4	5	70	218	223
5	4	5	71	261	276
6	1	3	72	19	28
6	5	2	73	36	47
6	0	0	74	64	73
6	9	7	75	95	101
6	8	3	76	101	108
6	8	3	77	118	127
6	6	4	78	150	158
6	9	0	79	174	183
6	0	7	80	191	203
6	4	5	81	203	218
6	3	6	82	227	241
6	2	2	83	246	261
6	2	2	84	285	291
6	0	0	85	300	307
7	7	4	86	36	49
7	5	4	87	60	72
7	6	1	88	84	92
7	1	1	89	100	109
7	1	1	90	109	125
7	8	6	91	127	142
7	0	7	92	166	182
7	3	6	93	219	227
7	3	6	94	265	279
7	0	7	95	279	288
7	5	4	96	289	296
7	4	5	97	297	311
7	9	7	98	311	322
8	6	4	99	0	14
8	6	1	100	60	65
8	8	3	101	154	168
8	9	0	102	208	213
8	9	0	103	213	225
8	7	4	104	225	237
8	6	1	105	237	250
8	9	7	106	260	270
8	3	6	107	279	290
8	1	1	108	300	305
8	0	0	109	307	319
9	9	7	110	0	6
9	4	5	111	8	23
9	1	3	112	52	59
9	8	6	113	64	77
9	3	6	114	77	91
9	0	0	115	106	118
9	9	7	116	118	129
9	2	2	117	141	154
9	1	3	118	200	207
9	2	2	119	207	219
9	4	5	120	251	261
9	8	3	121	261	268
10	2	7	122	28	41
10	6	1	123	52	60
10	3	2	124	66	74
10	9	7	125	89	95
10	4	5	126	105	120
10	0	0	127	139	148
10	7	4	128	158	170
10	1	3	129	207	218
10	8	3	130	254	261
10	2	2	131	279	285
11	9	7	132	6	21
11	4	5	133	23	44
11	9	7	134	70	77
11	0	0	135	118	129
11	2	2	136	133	141
11	1	1	137	143	149
11	3	6	138	163	176
11	1	3	139	187	193
11	0	0	140	236	242
11	7	0	141	242	264
11	0	7	142	288	297
12	6	1	143	14	22
12	1	3	144	28	39
12	3	6	145	53	64
12	6	1	146	76	84
12	8	6	147	142	154
12	2	2	148	166	172
12	1	3	149	237	245
12	5	4	150	269	283
12	2	2	151	291	302
12	8	3	152	309	316
12	1	1	153	316	322
13	1	1	154	0	11
13	8	6	155	11	20
13	0	0	156	22	36
13	5	2	157	47	55
13	4	5	158	91	96
13	4	5	159	183	198
13	9	7	160	245	252
13	2	2	161	261	267
13	7	0	162	276	284
13	2	2	163	310	322
14	8	3	164	0	7
14	4	5	165	70	91
14	8	3	166	91	100
14	3	6	167	102	114
14	9	7	168	129	139
14	3	6	169	154	163
14	6	1	170	198	203
14	5	4	171	237	249
14	9	7	172	252	260
14	2	2	173	267	279
14	5	4	174	283	289
14	4	5	175	311	322
15	5	4	176	14	27
15	4	5	177	49	70
15	1	3	178	71	82
15	3	6	179	91	102
15	1	1	180	125	133
15	4	5	181	178	183
15	7	0	182	192	200
15	0	7	183	203	222
15	4	5	184	223	233
15	1	1	185	255	267
15	9	0	186	284	289
15	1	1	187	289	300
15	2	2	188	302	310
15	5	4	189	310	322
16	3	2	190	17	25
16	3	6	191	36	53
16	7	4	192	83	97
16	6	4	193	97	111
16	5	2	194	154	165
16	9	0	195	165	174
16	7	4	196	181	192
16	4	5	197	198	203
16	5	4	198	203	212
16	6	1	199	219	235
16	2	2	200	237	246
16	1	1	201	267	272
16	8	3	202	280	296
17	3	6	203	0	11
17	9	7	204	45	54
17	4	5	205	96	105
17	5	4	206	111	126
17	1	1	207	138	143
17	1	1	208	149	163
17	3	6	209	176	190
17	5	4	210	192	203
17	8	6	211	206	219
17	1	3	212	226	237
17	3	6	213	290	305
18	1	3	214	11	19
18	5	4	215	27	36
18	7	4	216	49	60
18	0	0	217	73	87
18	2	2	218	87	102
18	4	5	219	142	160
18	2	2	220	172	178
18	8	3	221	178	187
18	5	4	222	212	224
18	0	7	223	224	236
18	6	1	224	250	255
18	4	5	225	289	297
18	9	7	226	297	309
19	2	2	227	11	17
19	8	6	228	20	33
19	4	5	229	44	49
19	1	3	230	65	71
19	9	7	231	77	89
19	4	5	232	160	178
19	6	1	233	180	188
19	8	3	234	219	226
19	5	2	235	226	237
19	3	6	236	241	251
19	3	6	237	251	265
19	6	1	238	272	287
19	6	4	239	296	309


Solution History:
