This is the output of Heuristic Solver for Dual resource constrained flexible job shop Scheduling Problem.
Input file is: wfjsp24_2.txt
Method: TS_1000_2_5
Seed: 1
Number of Jobs: 40
Number of Operations: 288
Number of Machines: 15
Number of Operators: 12
CPU Time: 120.025
obj: 1227
Best found lower bound:0
Solver gap (best found lower bound and upper bound difference): Not known


Final Solution:
Job	Machine	Operator	Operation	Start Time	Finish Time
0	4	5	0	260	333
0	7	8	1	880	955
0	5	5	2	978	1002
0	14	2	3	1108	1147
0	13	0	4	1199	1215
1	6	3	5	29	57
1	8	9	6	190	259
1	1	9	7	259	268
1	12	7	8	268	340
1	9	3	9	382	421
1	14	8	10	481	538
1	8	1	11	582	597
1	0	2	12	893	965
1	5	4	13	1088	1154
2	1	8	14	0	64
2	0	4	15	256	321
2	13	0	16	323	352
2	13	8	17	356	397
2	3	6	18	403	421
2	10	0	19	421	478
2	8	7	20	495	572
2	13	9	21	601	682
2	6	0	22	880	935
2	6	10	23	1116	1177
3	12	4	24	0	59
3	11	9	25	102	120
3	14	2	26	126	137
3	5	7	27	340	443
3	10	6	28	558	585
3	9	10	29	643	723
3	7	1	30	788	875
3	5	1	31	875	893
3	4	10	32	1017	1095
4	3	9	33	268	347
4	2	0	34	364	418
4	1	4	35	461	489
4	9	11	36	489	537
4	3	3	37	816	852
4	9	3	38	853	925
4	13	9	39	962	1042
4	2	10	40	1095	1116
4	2	9	41	1116	1132
4	12	0	42	1174	1199
5	11	8	43	64	81
5	7	8	44	81	121
5	7	8	45	202	276
5	2	10	46	525	565
5	7	5	47	635	720
5	12	7	48	810	893
6	4	11	49	84	143
6	2	10	50	167	200
6	11	11	51	228	285
6	11	2	52	346	384
6	0	8	53	730	752
6	13	5	54	927	962
6	3	5	55	1002	1047
6	0	8	56	1088	1108
6	3	8	57	1108	1178
7	13	10	58	0	58
7	13	0	59	114	126
7	11	11	60	200	228
7	13	0	61	479	530
7	4	10	62	565	643
7	7	10	63	723	777
7	0	2	64	1147	1221
8	5	1	65	11	63
8	5	1	66	63	86
8	14	8	67	538	617
8	1	0	68	751	764
8	11	10	69	921	1008
8	0	1	70	1011	1024
8	10	1	71	1027	1081
8	12	11	72	1092	1147
8	6	8	73	1178	1225
9	2	10	74	200	258
9	1	4	75	321	404
9	1	2	76	489	551
9	0	11	77	595	647
9	2	3	78	649	730
9	3	3	79	803	816
9	4	11	80	818	865
9	1	4	81	883	927
9	9	3	82	1027	1081
9	10	6	83	1104	1122
10	11	8	84	121	200
10	11	2	85	323	346
10	5	3	86	472	492
10	10	6	87	585	619
10	10	7	88	929	963
10	5	4	89	1005	1088
10	4	7	90	1124	1193
11	9	6	91	34	107
11	9	9	92	120	190
11	12	3	93	255	268
11	0	11	94	329	351
11	8	5	95	415	495
11	12	11	96	537	595
11	4	11	97	706	753
11	6	6	98	1018	1104
11	9	3	99	1137	1224
12	1	4	100	64	80
12	4	5	101	190	260
12	6	10	102	327	380
12	2	7	103	443	495
12	7	3	104	495	568
12	1	0	105	803	878
12	13	9	106	888	927
12	9	0	107	935	983
12	11	11	108	1147	1224
13	7	1	109	134	202
13	14	2	110	229	278
13	2	3	111	334	362
13	9	9	112	421	464
13	13	9	113	535	601
13	9	6	114	788	853
13	4	5	115	1199	1211
14	0	2	116	0	15
14	2	10	117	142	167
14	10	1	118	331	414
14	8	1	119	633	718
14	12	11	120	765	792
14	13	9	121	827	888
14	7	8	122	1030	1082
15	10	7	123	0	22
15	0	2	124	22	52
15	0	2	125	52	71
15	6	0	126	71	81
15	8	9	127	81	102
15	2	1	128	118	134
15	3	11	129	190	199
15	8	9	130	752	827
15	9	10	131	1008	1017
16	9	6	132	0	34
16	14	2	133	71	126
16	10	6	134	142	202
16	5	0	135	222	275
16	7	5	136	571	603
16	13	0	137	682	719
16	3	11	138	865	919
17	12	3	139	59	143
17	6	10	140	277	327
17	7	9	141	347	410
17	11	10	142	464	525
17	1	0	143	719	751
17	0	11	144	1029	1088
18	7	0	145	28	60
18	12	3	146	210	255
18	2	3	147	268	334
18	11	2	148	384	419
18	3	6	149	421	481
18	7	5	150	603	635
18	0	6	151	687	730
18	5	1	152	893	960
18	7	9	153	1157	1222
19	5	0	154	0	11
19	9	6	155	276	360
19	13	2	156	419	479
19	0	2	157	752	819
19	8	9	158	927	962
19	8	11	159	979	1029
20	11	11	160	0	26
20	3	11	161	26	84
20	1	4	162	565	595
20	5	6	163	619	643
20	11	9	164	682	752
20	14	8	165	752	838
20	4	1	166	960	1011
20	13	5	167	1130	1199
21	8	9	168	62	76
21	13	5	169	83	112
21	14	2	170	137	218
21	14	8	171	278	356
21	4	11	172	356	416
21	9	3	173	1081	1137
22	8	5	174	112	189
22	0	2	175	218	229
22	0	4	176	489	565
22	1	8	177	617	641
22	10	6	178	853	929
22	14	2	179	965	1046
22	8	7	180	1056	1124
22	14	6	181	1197	1225
23	4	11	182	143	190
23	6	6	183	481	558
23	10	7	184	645	718
23	7	8	185	955	1030
23	7	1	186	1082	1130
23	10	7	187	1197	1223
24	5	6	188	107	140
24	6	8	189	411	481
24	9	0	190	537	605
24	6	8	191	838	880
24	0	6	192	965	1009
25	1	4	193	187	256
25	6	10	194	258	277
25	7	0	195	277	319
25	6	4	196	595	659
25	6	4	197	659	708
25	5	1	198	718	788
25	2	7	199	964	1056
25	5	4	200	1154	1227
26	13	7	201	184	268
26	0	6	202	375	403
26	0	1	203	414	481
26	6	4	204	769	826
26	8	5	205	901	918
26	5	5	206	962	978
26	10	6	207	1122	1156
27	10	10	208	58	142
27	3	5	209	495	571
27	6	4	210	708	769
27	14	10	211	841	921
27	10	3	212	964	1027
28	6	0	213	11	28
28	2	7	214	29	84
28	13	2	215	278	323
28	12	3	216	364	382
28	11	2	217	551	630
28	13	0	218	764	780
28	10	11	219	792	818
29	6	0	220	81	114
29	4	11	221	436	477
29	8	1	222	572	582
29	4	6	223	643	687
29	1	2	224	1046	1108
30	11	9	225	37	62
30	9	6	226	202	276
30	1	4	227	404	461
30	12	9	228	464	535
30	12	0	229	605	675
30	5	5	230	788	873
30	3	6	231	929	961
31	2	1	232	86	118
31	12	0	233	352	364
31	13	0	234	780	803
31	0	4	235	826	883
31	2	10	236	1177	1224
32	3	4	237	84	149
32	5	4	238	149	187
32	2	3	239	421	432
32	5	3	240	568	581
32	11	2	241	630	657
32	3	6	242	730	773
32	12	11	243	919	979
33	8	5	244	333	415
33	4	11	245	416	436
33	2	7	246	572	645
33	12	7	247	718	752
33	4	7	248	753	810
33	12	0	249	1018	1092
33	4	0	250	1095	1111
33	1	0	251	1111	1145
33	10	6	252	1156	1197
34	14	9	253	0	37
34	1	7	254	84	117
34	6	0	255	126	222
34	10	11	256	285	329
34	7	9	257	1132	1157
35	4	5	258	0	83
35	14	10	259	380	464
35	8	1	260	597	633
35	2	3	261	730	803
35	11	7	262	893	921
35	2	3	263	925	964
35	11	9	264	1042	1113
35	8	1	265	1130	1227
36	3	1	266	202	255
36	1	8	267	641	718
36	9	5	268	723	788
36	13	5	269	1047	1130
36	2	0	270	1145	1174
37	2	3	271	0	29
37	0	7	272	117	184
37	14	2	273	657	745
37	10	11	274	753	765
37	11	10	275	777	841
37	1	4	276	927	1005
38	12	3	277	143	210
38	6	8	278	397	411
38	7	3	279	432	472
38	3	3	280	581	649
38	3	11	281	649	706
38	4	5	282	873	901
39	8	1	283	259	331
39	0	6	284	360	375
39	4	1	285	481	565
39	2	2	286	819	893
39	6	0	287	983	1018


Solution History:
