This is the output of Heuristic Solver for Dual resource constrained flexible job shop Scheduling Problem.
Input file is: wfjsp24_7.txt
Method: TS_1000_2_5
Seed: 1
Number of Jobs: 40
Number of Operations: 313
Number of Machines: 15
Number of Operators: 12
CPU Time: 110.093
obj: 1307
Best found lower bound:0
Solver gap (best found lower bound and upper bound difference): Not known


Final Solution:
Job	Machine	Operator	Operation	Start Time	Finish Time
0	0	9	0	439	534
0	9	10	1	657	666
0	0	6	2	683	719
0	10	1	3	978	1065
0	0	6	4	1065	1085
0	14	3	5	1096	1138
0	3	8	6	1206	1241
0	7	0	7	1264	1305
1	0	3	8	8	18
1	2	11	9	259	300
1	10	7	10	387	468
1	9	5	11	561	623
1	1	11	12	731	820
1	14	10	13	855	910
1	7	10	14	942	975
1	14	9	15	1006	1022
1	8	10	16	1028	1118
1	2	4	17	1234	1307
2	1	4	18	0	62
2	12	1	19	242	308
2	14	9	20	358	425
2	4	6	21	439	465
2	1	3	22	465	476
2	11	2	23	482	554
2	6	1	24	699	711
2	6	1	25	920	978
2	10	2	26	1160	1169
2	1	10	27	1180	1270
3	10	9	28	109	153
3	9	3	29	302	335
3	3	8	30	465	539
3	4	1	31	609	687
3	9	2	32	1169	1236
4	2	9	33	33	45
4	7	2	34	64	132
4	0	0	35	223	307
4	4	6	36	398	420
4	4	6	37	420	439
4	3	4	38	653	692
4	0	3	39	844	921
4	14	3	40	921	995
4	13	7	41	1004	1076
4	8	8	42	1118	1203
5	3	8	43	61	97
5	14	3	44	606	630
5	8	8	45	658	695
5	13	2	46	695	777
5	11	7	47	781	850
5	0	3	48	1138	1196
6	5	0	49	0	54
6	7	4	50	132	151
6	12	0	51	185	223
6	8	2	52	322	394
6	5	11	53	484	512
6	7	11	54	512	528
6	0	9	55	534	576
6	12	1	56	796	867
6	6	1	57	875	920
7	6	4	58	62	100
7	6	4	59	100	121
7	3	8	60	175	202
7	8	6	61	242	272
7	11	11	62	351	396
7	12	1	63	467	526
7	1	3	64	526	606
7	2	11	65	910	970
8	14	1	66	0	83
8	14	2	67	242	322
8	3	4	68	324	384
8	2	5	69	427	489
8	3	10	70	539	556
8	0	6	71	790	843
8	1	3	72	1037	1096
8	1	7	73	1096	1178
9	14	3	74	92	144
9	5	10	75	245	267
9	3	8	76	275	312
9	8	6	77	465	539
9	6	0	78	570	612
10	6	8	79	143	175
10	9	3	80	759	844
10	5	9	81	896	913
10	5	2	82	998	1015
10	2	5	83	1084	1132
11	10	10	84	34	59
11	1	11	85	62	90
11	8	10	86	90	152
11	6	8	87	312	373
11	14	3	88	476	523
11	5	4	89	524	538
11	4	4	90	692	765
11	7	8	91	797	824
11	0	11	92	970	1012
11	3	8	93	1273	1288
12	12	10	94	59	88
12	6	7	95	179	263
12	4	3	96	291	302
12	3	8	97	384	438
12	11	1	98	582	600
12	0	11	99	600	662
12	14	10	100	745	828
12	14	10	101	828	855
12	10	2	102	1069	1160
12	13	0	103	1162	1205
13	7	7	104	0	34
13	4	3	105	34	92
13	1	11	106	199	259
13	2	1	107	526	554
13	7	0	108	658	714
13	0	5	109	935	965
13	7	10	110	991	1019
13	13	7	111	1076	1090
13	5	4	112	1209	1234
13	9	10	113	1270	1306
14	2	9	114	45	109
14	10	6	115	302	347
14	8	0	116	714	792
14	2	10	117	975	991
14	14	7	118	1232	1274
15	6	8	119	0	41
15	1	10	120	267	299
15	13	4	121	448	524
15	6	0	122	612	653
15	6	1	123	711	796
15	1	4	124	875	958
15	6	4	125	1127	1209
15	1	5	126	1270	1306
16	11	10	127	0	34
16	8	9	128	425	439
16	14	1	129	554	582
16	8	9	130	595	638
16	4	6	131	774	790
16	3	6	132	924	971
17	9	5	133	45	126
17	12	11	134	168	180
17	2	1	135	201	242
17	13	7	136	263	331
17	13	2	137	554	610
17	14	10	138	666	745
17	4	1	139	1065	1075
17	5	1	140	1075	1110
17	11	10	141	1118	1160
18	2	2	142	132	189
18	10	9	143	227	298
18	5	1	144	397	467
18	4	6	145	539	595
18	14	7	146	630	657
18	5	9	147	667	749
18	2	5	148	815	893
18	4	5	149	1132	1169
19	0	0	150	95	185
19	9	5	151	489	561
19	0	9	152	576	595
19	11	9	153	749	773
19	3	4	154	774	807
19	3	11	155	820	847
19	11	6	156	850	924
19	4	0	157	1075	1117
19	4	1	158	1180	1249
19	4	6	159	1262	1299
20	1	3	160	397	454
20	10	2	161	612	695
20	13	7	162	935	1004
20	2	11	163	1012	1075
20	3	6	164	1127	1206
20	13	6	165	1206	1225
20	9	5	166	1244	1270
20	0	7	167	1274	1282
21	6	0	168	473	533
21	10	4	169	538	612
21	12	5	170	773	792
21	6	6	171	978	1017
21	6	8	172	1028	1042
22	2	2	173	0	33
22	8	2	174	33	64
22	5	2	175	189	241
22	0	0	176	307	333
22	2	1	177	375	397
22	2	11	178	662	708
22	1	0	179	963	1017
22	3	9	180	1241	1261
23	0	3	181	18	30
23	13	7	182	34	75
23	11	5	183	199	273
23	8	6	184	273	302
23	9	3	185	335	397
23	5	4	186	612	653
23	3	8	187	695	703
23	5	2	188	777	866
23	12	1	189	1110	1179
23	11	2	190	1244	1307
24	12	1	191	88	168
24	3	8	192	202	238
24	11	5	193	273	350
24	7	0	194	417	473
24	1	3	195	630	671
24	0	6	196	737	774
24	7	8	197	824	905
24	11	6	198	1017	1061
24	3	8	199	1262	1273
25	13	6	200	148	227
25	1	7	201	331	387
25	3	8	202	438	465
25	10	7	203	468	535
25	11	5	204	1169	1244
26	10	7	205	75	101
26	9	3	206	144	226
26	3	8	207	238	275
26	13	5	208	350	362
26	5	2	209	1015	1069
27	0	3	210	0	8
27	9	3	211	226	239
27	9	3	212	239	291
27	13	5	213	396	427
27	4	10	214	467	538
27	7	8	215	539	578
27	13	9	216	638	667
27	0	6	217	719	737
27	6	4	218	807	875
27	11	9	219	924	1006
28	1	5	220	126	199
28	7	4	221	245	324
28	6	4	222	398	448
28	12	7	223	535	620
28	9	7	224	683	725
28	13	9	225	777	833
28	3	11	226	847	910
28	9	2	227	913	998
28	14	9	228	1022	1087
28	0	6	229	1087	1124
29	11	6	230	34	109
29	7	10	231	152	245
29	9	5	232	998	1084
29	9	9	233	1087	1169
29	10	9	234	1169	1238
29	6	7	235	1282	1301
30	4	11	236	92	158
30	14	4	237	163	242
30	2	7	238	725	781
30	4	0	239	868	963
30	4	10	240	1171	1180
30	13	6	241	1225	1262
30	3	8	242	1288	1303
31	9	9	243	0	24
31	10	9	244	153	227
31	12	10	245	308	381
31	10	5	246	701	773
31	4	0	247	792	830
31	13	5	248	896	935
31	3	3	249	995	1037
31	2	11	250	1137	1228
31	12	3	251	1244	1306
32	13	6	252	109	148
32	3	4	253	151	163
32	4	1	254	168	201
32	5	11	255	300	351
32	10	6	256	351	385
32	6	6	257	385	398
32	11	2	258	398	482
32	3	4	259	1042	1127
32	0	3	260	1196	1235
33	8	6	261	0	30
33	0	0	262	333	417
33	12	5	263	623	701
33	3	4	264	765	774
33	2	5	265	792	815
33	4	0	266	830	868
33	7	10	267	910	942
33	8	8	268	945	1028
33	6	0	269	1209	1264
34	2	9	270	300	358
34	9	11	271	397	484
34	5	1	272	600	609
34	9	2	273	866	913
34	4	4	274	963	1042
34	7	7	275	1178	1232
34	7	8	276	1241	1262
34	13	9	277	1262	1304
35	4	1	278	308	375
35	12	10	279	381	467
35	6	0	280	533	570
35	12	0	281	1017	1074
35	7	11	282	1075	1137
35	10	1	283	1249	1303
36	7	8	284	578	658
36	12	11	285	708	731
36	10	7	286	850	931
36	5	5	287	965	995
36	13	0	288	1117	1162
37	3	11	289	0	61
37	11	7	290	109	179
37	1	3	291	454	465
37	11	6	292	600	679
37	7	8	293	714	797
37	6	8	294	1042	1115
37	7	10	295	1160	1171
37	5	11	296	1244	1305
38	3	10	297	556	649
38	0	7	298	662	683
38	6	1	299	687	699
38	3	3	300	703	759
38	13	9	301	833	896
38	8	8	302	905	945
38	12	11	303	1228	1244
39	12	5	304	0	45
39	5	0	305	54	95
39	3	8	306	97	112
39	3	8	307	112	143
39	8	6	308	227	242
39	13	5	309	362	396
39	5	11	310	538	600
39	9	10	311	649	657
39	1	3	312	671	699


Solution History:
