This is the output of Heuristic Solver for Dual resource constrained flexible job shop Scheduling Problem.
Input file is: wfjsp9_2.txt
Method: TS_1000_2_5
Seed: 1
Number of Jobs: 15
Number of Operations: 141
Number of Machines: 5
Number of Operators: 5
CPU Time: 16.0906
obj: 1435
Best found lower bound:0
Solver gap (best found lower bound and upper bound difference): Not known


Final Solution:
Job	Machine	Operator	Operation	Start Time	Finish Time
0	4	1	0	13	91
0	4	1	1	91	169
0	4	1	2	169	191
0	0	2	3	246	281
0	3	3	4	466	483
0	1	0	5	539	559
0	0	3	6	748	819
0	3	3	7	1265	1275
1	3	0	8	301	374
1	4	1	9	374	417
1	2	2	10	544	594
1	3	4	11	638	655
1	1	4	12	655	730
1	4	1	13	770	837
1	4	1	14	969	1025
1	0	2	15	1255	1327
1	0	2	16	1327	1357
2	2	4	17	135	182
2	2	0	18	183	202
2	3	3	19	483	536
2	1	0	20	568	648
2	0	4	21	907	1000
2	4	1	22	1025	1078
2	1	4	23	1106	1170
2	2	4	24	1266	1331
2	3	0	25	1400	1418
2	3	0	26	1418	1430
3	1	3	27	243	330
3	0	3	28	558	580
3	2	2	29	662	740
3	3	3	30	879	968
3	1	4	31	1088	1106
3	4	1	32	1167	1239
3	4	1	33	1239	1316
3	4	1	34	1316	1368
3	2	4	35	1408	1433
4	3	4	36	243	300
4	1	3	37	330	366
4	3	3	38	393	466
4	4	1	39	466	546
4	0	3	40	580	603
4	2	2	41	777	793
4	0	4	42	876	907
4	3	0	43	976	992
4	0	4	44	1000	1038
4	2	4	45	1331	1408
5	3	3	46	203	243
5	2	2	47	408	495
5	4	1	48	633	722
5	3	4	49	750	812
5	1	4	50	844	876
5	2	2	51	910	981
5	0	2	52	1081	1115
5	3	0	53	1164	1189
5	1	3	54	1400	1435
6	1	0	55	0	47
6	0	2	56	176	195
6	2	4	57	344	408
6	2	2	58	594	662
6	0	3	59	736	748
6	2	2	60	793	825
6	2	2	61	825	876
6	4	1	62	1078	1167
6	1	0	63	1345	1400
7	3	3	64	123	203
7	4	1	65	258	322
7	3	0	66	374	393
7	0	4	67	446	539
7	3	3	68	539	554
7	3	4	69	558	638
7	0	3	70	722	736
7	1	0	71	750	808
7	3	0	72	812	879
7	1	3	73	1216	1265
8	0	4	74	0	61
8	1	0	75	67	163
8	0	2	76	281	338
8	0	3	77	635	689
8	3	0	78	992	1075
8	1	0	79	1076	1088
8	0	2	80	1115	1168
8	1	3	81	1170	1216
8	4	1	82	1368	1422
9	3	3	83	0	18
9	0	2	84	61	143
9	2	0	85	202	221
9	1	3	86	366	388
9	2	2	87	876	910
9	0	4	88	1038	1072
9	3	3	89	1076	1164
9	0	2	90	1185	1255
9	1	0	91	1265	1345
9	0	2	92	1357	1424
10	4	1	93	0	13
10	1	0	94	47	67
10	2	0	95	221	301
10	0	2	96	338	406
10	4	1	97	417	466
10	1	0	98	879	976
10	1	3	99	976	1076
10	0	2	100	1168	1185
10	3	0	101	1189	1262
10	3	3	102	1327	1394
11	0	2	103	195	246
11	1	0	104	393	464
11	1	0	105	464	539
11	0	3	106	689	722
11	4	1	107	722	770
11	4	1	108	837	914
11	4	1	109	914	969
11	2	2	110	981	1032
11	2	2	111	1048	1075
12	2	2	112	11	57
12	2	4	113	61	135
12	4	1	114	191	258
12	2	4	115	301	314
12	0	4	116	408	423
12	0	4	117	423	446
12	4	1	118	546	633
12	3	0	119	655	740
12	1	4	120	812	844
13	3	3	121	18	74
13	3	3	122	74	123
13	1	0	123	163	183
13	2	4	124	314	344
13	0	4	125	539	558
13	1	0	126	559	568
13	1	4	127	730	750
13	2	2	128	1032	1048
13	0	4	129	1072	1081
13	2	0	130	1088	1162
14	2	2	131	0	11
14	0	2	132	143	176
14	1	4	133	183	243
14	4	1	134	322	373
14	2	2	135	495	544
14	0	3	136	603	635
14	2	2	137	740	777
14	0	3	138	819	875
14	2	4	139	1170	1266
14	3	3	140	1275	1327


Solution History:
