This is the output of Heuristic Solver for Dual resource constrained flexible job shop Scheduling Problem.
Input file is: wfjsp20_5.txt
Method: TS_1000_2_5
Seed: 1
Number of Jobs: 25
Number of Operations: 174
Number of Machines: 10
Number of Operators: 8
CPU Time: 38.7186
obj: 1069
Best found lower bound:0
Solver gap (best found lower bound and upper bound difference): Not known


Final Solution:
Job	Machine	Operator	Operation	Start Time	Finish Time
0	2	5	0	297	312
0	3	2	1	419	459
0	7	1	2	465	557
0	7	1	3	557	625
0	5	5	4	633	701
0	3	4	5	703	739
0	4	5	6	751	818
1	1	0	7	54	91
1	6	6	8	717	767
1	2	2	9	779	813
1	5	0	10	863	894
1	1	0	11	931	1000
2	5	5	12	170	191
2	2	3	13	312	325
2	1	0	14	433	501
2	4	0	15	609	675
2	8	1	16	1020	1029
3	2	4	17	353	398
3	8	3	18	541	613
3	6	7	19	626	671
3	3	4	20	673	703
3	0	0	21	738	775
4	5	2	22	70	99
4	9	7	23	181	217
4	0	1	24	217	308
4	4	0	25	501	542
4	9	6	26	841	884
5	4	5	27	19	40
5	6	4	28	59	67
5	5	6	29	221	269
5	7	2	30	625	708
5	9	6	31	772	841
6	3	2	32	0	70
6	8	4	33	70	162
6	6	4	34	231	311
6	0	0	35	366	403
6	1	3	36	522	535
6	2	7	37	1018	1063
7	7	2	38	255	336
7	7	7	39	717	786
7	0	7	40	896	964
7	2	2	41	971	1000
7	4	0	42	1000	1068
8	5	0	43	0	34
8	5	0	44	34	54
8	4	1	45	314	378
8	7	5	46	383	465
8	0	7	47	540	626
8	2	4	48	628	673
8	1	1	49	711	792
8	2	2	50	813	891
8	3	1	51	948	958
8	1	1	52	1029	1063
9	2	3	53	84	163
9	5	5	54	501	535
9	5	5	55	535	620
9	8	3	56	767	785
9	1	1	57	792	826
9	1	1	58	826	915
9	1	1	59	915	927
9	4	7	60	971	997
9	9	6	61	997	1069
10	6	4	62	0	15
10	8	4	63	15	59
10	9	7	64	126	163
10	8	0	65	274	366
10	5	6	66	389	467
10	8	4	67	497	541
10	8	3	68	658	705
10	8	1	69	1005	1020
11	2	3	70	0	84
11	1	6	71	113	195
11	7	2	72	201	244
11	0	3	73	403	441
11	4	3	74	441	454
11	9	6	75	623	716
11	2	3	76	738	767
11	8	5	77	853	902
11	4	5	78	902	971
11	3	3	79	976	1064
12	4	5	80	40	65
12	3	0	81	168	235
12	4	7	82	265	314
12	2	3	83	325	334
12	4	4	84	472	497
12	3	2	85	771	779
12	8	3	86	818	829
12	7	4	87	976	1065
13	6	5	88	67	170
13	5	6	89	269	319
13	1	0	90	403	433
13	2	7	91	455	540
13	3	3	92	613	658
13	3	1	93	658	666
13	1	1	94	666	711
13	5	0	95	775	863
13	7	3	96	935	976
13	6	5	97	976	1023
14	9	6	98	0	21
14	4	7	99	83	126
14	8	4	100	162	231
14	7	2	101	244	255
14	6	5	102	312	383
14	9	3	103	454	522
14	9	2	104	552	620
14	6	7	105	671	717
15	7	1	106	103	199
15	2	5	107	215	297
15	4	5	108	719	751
15	3	7	109	786	871
15	7	3	110	896	935
15	9	6	111	951	986
15	6	5	112	1023	1065
16	9	6	113	21	29
16	9	6	114	29	113
16	0	2	115	146	176
16	0	2	116	176	201
16	5	1	117	201	215
16	5	2	118	708	771
16	7	3	119	786	818
16	3	0	120	894	931
17	3	2	121	99	127
17	3	2	122	127	146
17	3	7	123	314	392
17	4	7	124	392	409
17	5	5	125	467	501
17	1	1	126	633	656
17	9	6	127	884	951
18	9	2	128	336	419
18	5	1	129	625	633
18	3	1	130	958	974
18	8	1	131	974	1005
18	0	2	132	1005	1068
19	1	0	133	91	101
19	5	0	134	101	168
19	2	5	135	191	205
19	2	5	136	205	215
19	9	7	137	217	265
19	0	4	138	311	353
19	8	1	139	378	462
19	4	5	140	701	719
19	8	1	141	927	935
19	2	7	142	1000	1018
20	0	1	143	12	103
20	1	3	144	334	400
20	0	2	145	459	527
20	7	5	146	834	853
20	0	7	147	871	896
20	5	4	148	896	965
21	7	7	149	0	83
21	4	3	150	163	236
21	9	2	151	527	552
21	2	3	152	705	738
21	6	4	153	772	841
22	1	6	154	195	221
22	5	6	155	319	389
22	2	7	156	409	455
22	6	6	157	540	623
22	8	1	158	935	948
23	4	1	159	0	12
23	3	3	160	236	312
23	6	4	161	398	472
23	3	0	162	542	609
23	0	0	163	675	738
23	9	4	164	739	772
23	7	5	165	818	834
23	6	4	166	841	893
23	2	2	167	893	971
24	1	5	168	0	19
24	2	7	169	163	181
24	8	0	170	235	274
24	6	6	171	472	540
24	1	4	172	541	628
24	4	3	173	829	896


Solution History:
