This is the output of Heuristic Solver for Dual resource constrained flexible job shop Scheduling Problem.
Input file is: wfjsp22_4.txt
Method: TS_1000_2_5
Seed: 1
Number of Jobs: 30
Number of Operations: 231
Number of Machines: 15
Number of Operators: 12
CPU Time: 72.5526
obj: 977
Best found lower bound:0
Solver gap (best found lower bound and upper bound difference): Not known


Final Solution:
Job	Machine	Operator	Operation	Start Time	Finish Time
0	7	2	0	97	190
0	8	0	1	240	301
0	1	10	2	431	496
0	2	3	3	575	637
0	10	2	4	716	806
0	10	9	5	816	843
0	6	0	6	863	910
0	0	1	7	910	922
0	9	3	8	922	972
1	9	6	9	54	75
1	9	6	10	75	92
1	6	11	11	166	209
1	6	10	12	225	291
1	4	8	13	401	423
1	13	0	14	432	505
1	10	11	15	521	594
1	0	1	16	725	784
1	6	0	17	910	961
2	14	5	18	0	35
2	10	0	19	107	123
2	14	3	20	207	253
2	7	6	21	333	415
2	3	9	22	589	599
2	3	8	23	655	719
2	12	4	24	809	887
3	10	9	25	0	12
3	0	9	26	83	152
3	2	8	27	317	386
3	12	7	28	702	803
3	5	2	29	806	855
3	12	4	30	887	977
4	12	1	31	117	181
4	5	0	32	301	372
4	14	1	33	385	436
4	2	3	34	533	550
4	2	10	35	655	723
4	2	5	36	736	763
4	14	5	37	807	827
5	0	10	38	160	225
5	8	1	39	436	482
5	4	8	40	494	554
5	0	9	41	689	719
5	5	3	42	750	800
5	1	11	43	810	880
6	11	8	44	0	71
6	9	6	45	92	155
6	9	9	46	155	188
6	13	5	47	212	234
6	0	5	48	291	359
6	8	11	49	395	425
6	8	7	50	497	547
6	4	4	51	639	670
7	13	5	52	118	212
7	1	10	53	291	330
7	9	10	54	352	366
7	11	2	55	371	402
7	11	2	56	431	509
7	3	9	57	599	610
7	7	11	58	610	680
7	13	0	59	819	863
7	1	11	60	880	941
8	1	1	61	0	44
8	0	10	62	54	83
8	2	10	63	83	95
8	8	7	64	95	118
8	9	7	65	188	235
8	3	5	66	235	291
8	7	0	67	565	608
8	1	11	68	779	810
9	0	6	69	0	54
9	2	10	70	95	160
9	11	11	71	252	288
9	6	2	72	291	341
9	10	7	73	418	497
9	11	2	74	509	556
9	2	0	75	556	565
9	3	10	76	819	887
9	14	5	77	929	975
10	9	11	78	0	23
10	1	5	79	44	118
10	8	7	80	118	180
10	14	3	81	253	304
10	10	7	82	315	368
10	6	2	83	402	431
10	12	6	84	492	589
10	13	9	85	725	748
10	13	9	86	940	967
11	4	3	87	0	37
11	10	0	88	37	107
11	14	9	89	315	364
11	12	6	90	469	492
11	3	4	91	535	565
11	0	10	92	589	655
11	2	8	93	767	820
11	13	3	94	875	921
12	10	6	95	214	261
12	7	6	96	261	333
12	1	5	97	359	425
12	9	5	98	474	520
12	9	3	99	520	533
12	4	2	100	591	639
12	14	3	101	639	668
12	8	11	102	751	779
12	0	1	103	784	834
12	9	3	104	856	875
13	14	3	105	37	124
13	12	4	106	181	269
13	9	9	107	269	315
13	10	7	108	368	418
13	3	4	109	469	535
13	6	4	110	565	639
13	9	9	111	641	689
13	4	8	112	820	883
13	11	6	113	888	964
13	1	10	114	968	977
14	7	2	115	0	97
14	8	2	116	190	240
14	5	1	117	482	555
14	14	5	118	778	807
14	9	3	119	807	856
14	7	9	120	910	940
14	8	11	121	941	974
15	5	0	122	0	33
15	3	8	123	137	198
15	4	11	124	209	252
15	9	5	125	570	641
15	5	2	126	641	716
15	11	8	127	719	767
15	3	10	128	791	819
15	7	5	129	827	902
15	4	8	130	904	969
16	12	10	131	0	49
16	10	7	132	261	315
16	2	8	133	386	401
16	3	6	134	415	462
16	5	1	135	555	592
16	3	8	136	623	655
16	7	5	137	680	736
17	5	0	138	171	220
17	5	0	139	220	234
17	13	7	140	235	257
17	0	4	141	389	436
17	1	10	142	496	586
17	1	5	143	641	679
17	4	4	144	679	743
17	7	9	145	748	816
18	3	4	146	101	131
18	7	9	147	190	257
18	0	9	148	257	269
18	12	4	149	269	308
18	13	1	150	342	385
18	13	7	151	570	595
18	5	0	152	608	637
18	6	0	153	639	704
18	9	6	154	707	796
19	3	7	155	0	92
19	11	3	156	137	207
19	9	10	157	330	352
19	6	11	158	359	388
19	13	0	159	402	432
19	11	8	160	556	623
19	8	7	161	803	851
19	8	7	162	851	922
20	6	4	163	0	74
20	4	4	164	74	101
20	2	8	165	308	317
20	12	4	166	436	469
20	1	11	167	680	723
21	13	9	168	12	80
21	4	11	169	288	359
21	9	10	170	366	431
21	6	3	171	436	517
21	9	7	172	547	570
21	8	7	173	612	702
21	3	10	174	723	791
21	11	6	175	796	888
21	14	5	176	902	929
21	5	2	177	946	962
22	9	5	178	431	474
22	13	0	179	505	554
22	8	3	180	554	575
22	14	3	181	668	750
22	13	0	182	783	819
22	0	1	183	834	910
23	8	11	184	23	87
23	6	11	185	87	153
23	2	1	186	181	246
23	2	11	187	425	453
23	2	11	188	453	521
23	10	6	189	594	642
23	13	1	190	662	725
23	5	2	191	855	946
24	10	6	192	155	214
24	2	1	193	246	308
24	5	9	194	372	438
24	14	5	195	520	546
24	8	7	196	595	612
24	9	8	197	883	904
25	5	1	198	44	117
25	14	0	199	124	171
25	11	8	200	290	301
25	3	0	201	372	402
25	13	1	202	595	662
25	6	0	203	704	783
26	5	11	204	153	166
26	1	8	205	221	290
26	11	2	206	341	371
26	7	9	207	487	563
26	0	9	208	563	589
26	1	11	209	594	607
26	12	9	210	610	641
26	10	6	211	642	707
26	4	4	212	743	809
26	2	1	213	922	965
27	13	1	214	308	342
27	4	2	215	556	591
27	8	11	216	723	751
27	1	5	217	763	778
27	3	10	218	887	917
28	4	4	219	131	174
28	12	4	220	308	389
28	4	8	221	423	494
28	10	9	222	843	910
28	10	7	223	922	975
29	11	8	224	71	137
29	1	8	225	198	221
29	5	2	226	240	271
29	8	3	227	304	395
29	12	3	228	395	436
29	14	9	229	438	487
29	3	10	230	917	968


Solution History:
