This is the output of Heuristic Solver for Dual resource constrained flexible job shop Scheduling Problem.
Input file is: wfjsp17_1.txt
Method: TS_1000_2_5
Seed: 1
Number of Jobs: 15
Number of Operations: 136
Number of Machines: 5
Number of Operators: 4
CPU Time: 31.4774
obj: 1619
Best found lower bound:0
Solver gap (best found lower bound and upper bound difference): Not known


Final Solution:
Job	Machine	Operator	Operation	Start Time	Finish Time
0	3	2	0	76	152
0	0	1	1	152	173
0	1	2	2	390	432
0	0	2	3	824	919
0	4	0	4	1169	1250
0	1	1	5	1319	1374
0	3	3	6	1436	1508
0	0	3	7	1508	1541
1	4	2	8	713	751
1	3	3	9	787	822
1	3	3	10	822	830
1	1	3	11	941	957
1	2	3	12	1037	1049
1	1	2	13	1185	1228
1	4	0	14	1250	1311
1	4	0	15	1311	1359
1	4	0	16	1359	1384
2	1	3	17	47	55
2	0	1	18	69	120
2	1	2	19	331	373
2	0	2	20	432	527
2	3	1	21	609	699
2	0	1	22	699	745
2	4	2	23	919	990
2	4	2	24	990	1004
2	3	2	25	1058	1092
2	2	0	26	1411	1431
3	2	0	27	37	58
3	0	1	28	173	218
3	2	2	29	252	331
3	2	0	30	355	397
3	3	1	31	835	894
3	2	0	32	918	1011
3	1	1	33	1086	1135
3	0	3	34	1161	1174
3	2	2	35	1348	1390
4	1	3	36	55	79
4	2	0	37	107	145
4	2	0	38	145	211
4	0	2	39	527	585
4	1	3	40	590	624
4	2	0	41	713	807
4	3	3	42	915	940
4	2	0	43	1431	1484
4	4	0	44	1484	1493
4	2	0	45	1493	1507
5	3	3	46	238	314
5	0	1	47	359	368
5	2	0	48	397	406
5	2	2	49	669	713
5	0	3	50	1086	1161
5	0	3	51	1348	1363
5	1	1	52	1374	1440
5	2	0	53	1507	1565
5	3	3	54	1573	1619
6	0	3	55	0	47
6	1	1	56	745	835
6	4	0	57	874	918
6	0	1	58	941	1032
6	0	1	59	1032	1086
6	1	1	60	1239	1264
6	1	1	61	1264	1319
6	3	3	62	1541	1560
7	0	1	63	218	268
7	0	1	64	268	359
7	4	0	65	616	651
7	1	3	66	957	976
7	1	3	67	976	1026
7	1	1	68	1135	1185
7	3	3	69	1363	1436
7	2	0	70	1565	1611
8	0	1	71	47	69
8	4	1	72	417	455
8	4	1	73	455	495
8	3	3	74	527	564
8	2	0	75	571	616
8	1	3	76	647	724
8	4	0	77	1011	1090
8	2	3	78	1273	1348
8	0	2	79	1390	1488
9	1	3	80	79	153
9	4	0	81	235	281
9	1	2	82	373	390
9	2	0	83	406	426
9	3	3	84	441	452
9	3	3	85	452	527
9	3	2	86	1004	1042
9	2	3	87	1049	1081
9	3	2	88	1164	1183
10	2	0	89	0	37
10	2	0	90	58	107
10	3	3	91	153	166
10	3	3	92	314	370
10	2	0	93	447	532
10	3	3	94	564	586
10	3	1	95	590	609
10	4	0	96	651	711
10	2	3	97	1026	1037
10	1	1	98	1534	1618
11	3	3	99	166	238
11	0	1	100	368	417
11	3	3	101	749	787
11	2	3	102	833	915
11	4	2	103	1092	1164
11	0	3	104	1174	1212
11	0	3	105	1212	1273
11	2	0	106	1390	1411
11	4	1	107	1440	1482
11	3	3	108	1560	1573
12	4	2	109	0	76
12	4	0	110	295	355
12	3	3	111	370	441
12	2	0	112	551	571
12	2	3	113	624	647
12	4	2	114	751	824
12	2	2	115	1228	1248
12	3	2	116	1248	1345
13	1	2	117	153	252
13	4	0	118	281	295
13	2	0	119	426	447
13	4	0	120	532	551
13	0	2	121	585	669
13	1	1	122	894	941
13	2	0	123	1090	1169
13	3	1	124	1185	1239
13	4	1	125	1493	1534
14	1	1	126	0	47
14	4	1	127	120	150
14	2	0	128	211	235
14	1	1	129	495	590
14	3	3	130	724	749
14	2	0	131	807	833
14	4	0	132	833	874
14	3	2	133	1042	1058
14	1	2	134	1488	1534
14	4	2	135	1534	1610


Solution History:
