This is the output of Heuristic Solver for Dual resource constrained flexible job shop Scheduling Problem.
Input file is: wfjsp10_3.txt
Method: TS_1000_2_5
Seed: 1
Number of Jobs: 20
Number of Operations: 168
Number of Machines: 10
Number of Operators: 10
CPU Time: 18.9344
obj: 951
Best found lower bound:0
Solver gap (best found lower bound and upper bound difference): Not known


Final Solution:
Job	Machine	Operator	Operation	Start Time	Finish Time
0	9	9	0	0	73
0	5	6	1	89	103
0	2	7	2	116	131
0	8	8	3	168	247
0	3	5	4	253	337
0	7	8	5	436	506
0	6	8	6	719	791
0	5	4	7	791	828
0	1	9	8	844	940
1	4	0	9	171	188
1	8	2	10	288	350
1	3	4	11	459	558
1	6	6	12	582	601
1	0	0	13	604	699
1	4	0	14	699	791
1	6	8	15	791	819
1	8	3	16	819	876
2	8	3	17	0	17
2	1	1	18	112	188
2	6	1	19	271	285
2	6	1	20	285	313
2	3	5	21	337	385
2	2	1	22	410	502
2	8	3	23	510	573
2	8	3	24	645	673
2	8	3	25	673	743
2	9	7	26	834	935
3	5	6	27	0	9
3	7	2	28	9	44
3	7	2	29	75	183
3	8	3	30	253	288
3	1	3	31	288	320
3	0	9	32	377	451
3	5	6	33	509	569
3	8	1	34	752	818
4	9	9	35	142	246
4	4	0	36	246	338
4	5	6	37	359	374
4	3	5	38	421	450
4	0	5	39	463	532
4	2	7	40	550	565
4	3	5	41	682	705
4	5	4	42	731	790
4	9	7	43	799	834
4	3	1	44	853	915
5	4	0	45	0	93
5	5	6	46	103	172
5	5	6	47	236	307
5	6	7	48	412	428
5	5	6	49	446	461
5	9	9	50	461	519
5	6	8	51	520	582
5	5	8	52	582	618
5	2	1	53	729	752
5	2	5	54	886	947
6	6	1	55	0	28
6	7	2	56	44	75
6	4	0	57	93	171
6	1	1	58	188	267
6	6	7	59	316	412
6	8	2	60	412	510
6	1	9	61	519	529
6	1	9	62	591	660
6	4	6	63	850	951
7	8	3	64	93	128
7	7	2	65	510	537
7	8	1	66	573	634
7	3	1	67	645	682
7	1	6	68	682	765
7	0	1	69	837	849
7	0	0	70	849	944
8	0	5	71	0	59
8	2	7	72	131	159
8	7	2	73	183	260
8	6	7	74	428	458
8	2	7	75	565	625
8	1	6	76	661	674
9	8	3	77	65	93
9	2	1	78	316	331
9	5	6	79	374	446
9	3	3	80	573	645
9	4	8	81	645	694
9	7	2	82	710	728
9	7	8	83	891	928
9	9	8	84	935	948
10	9	8	85	271	357
10	8	2	86	357	405
10	2	1	87	502	543
10	1	9	88	567	591
10	5	4	89	625	659
10	9	9	90	664	727
10	7	2	91	750	802
10	1	8	92	819	844
10	2	5	93	853	886
11	2	7	94	0	34
11	3	4	95	60	135
11	8	3	96	135	168
11	2	7	97	168	249
11	0	9	98	281	377
11	9	4	99	377	459
11	6	7	100	459	520
11	1	9	101	529	567
11	7	2	102	589	689
11	2	6	103	765	850
12	1	8	104	0	34
12	1	1	105	59	74
12	6	8	106	89	154
12	4	0	107	188	242
12	2	7	108	249	316
12	4	0	109	395	491
12	4	0	110	491	604
12	2	7	111	625	729
12	1	3	112	765	819
12	5	4	113	905	942
13	1	1	114	34	59
13	1	1	115	74	112
13	7	4	116	260	296
13	0	5	117	451	463
13	9	7	118	729	799
13	5	4	119	828	905
14	5	6	120	9	24
14	9	9	121	73	142
14	3	5	122	385	421
14	9	7	123	520	550
14	5	4	124	659	731
14	4	0	125	791	845
14	8	3	126	876	935
15	6	8	127	34	89
15	0	5	128	161	230
15	1	3	129	320	392
15	7	2	130	565	589
15	6	6	131	601	661
15	7	2	132	689	710
15	3	5	133	792	853
16	8	3	134	17	65
16	0	5	135	65	92
16	0	5	136	92	161
16	6	6	137	172	228
16	0	9	138	246	281
16	5	6	139	307	359
16	5	6	140	461	509
16	7	2	141	537	565
16	3	5	142	705	736
16	0	9	143	736	837
17	5	6	144	24	89
17	3	4	145	135	152
17	6	8	146	247	271
17	2	1	147	331	410
17	1	3	148	437	497
17	0	5	149	532	591
18	3	4	150	0	60
18	2	7	151	70	116
18	3	4	152	152	186
18	3	3	153	186	253
18	4	0	154	338	395
18	1	3	155	395	437
18	9	5	156	625	664
18	7	2	157	728	750
18	6	8	158	844	880
19	2	7	159	34	70
19	5	4	160	186	236
19	7	4	161	296	358
19	7	8	162	358	436
19	9	4	163	558	625
19	6	1	164	682	719
19	3	5	165	736	792
19	7	2	166	802	891
19	3	1	167	915	943


Solution History:
