This is the output of Heuristic Solver for Dual resource constrained flexible job shop Scheduling Problem.
Input file is: wfjsp8_4.txt
Method: TS_1000_2_5
Seed: 1
Number of Jobs: 15
Number of Operations: 122
Number of Machines: 5
Number of Operators: 5
CPU Time: 14.864
obj: 1238
Best found lower bound:0
Solver gap (best found lower bound and upper bound difference): Not known


Final Solution:
Job	Machine	Operator	Operation	Start Time	Finish Time
0	1	2	0	80	154
0	1	2	1	154	213
0	2	3	2	218	286
0	3	2	3	675	739
0	1	2	4	829	923
0	2	3	5	937	970
0	4	0	6	1005	1048
0	0	2	7	1131	1144
0	3	0	8	1156	1205
1	4	4	9	180	201
1	2	3	10	203	218
1	1	3	11	550	586
1	4	0	12	694	762
1	3	1	13	896	921
1	4	0	14	932	1005
1	0	4	15	1057	1131
1	4	4	16	1132	1191
1	4	4	17	1191	1238
2	3	0	18	0	33
2	0	1	19	199	214
2	0	1	20	335	384
2	3	0	21	520	594
2	0	2	22	739	749
2	3	1	23	829	896
2	0	2	24	972	1046
3	4	2	25	0	13
3	4	0	26	285	355
3	0	1	27	384	458
3	3	2	28	594	675
3	3	2	29	780	829
3	0	4	30	878	972
4	2	3	31	0	70
4	3	0	32	205	274
4	1	3	33	288	331
4	3	2	34	357	375
4	2	4	35	378	444
4	0	4	36	470	498
4	1	3	37	651	676
5	4	4	38	80	142
5	2	1	39	286	334
5	0	4	40	498	554
5	4	2	41	558	594
5	0	4	42	685	738
5	2	1	43	746	817
6	3	0	44	108	205
6	0	1	45	214	277
6	4	0	46	355	389
6	2	4	47	444	470
6	1	3	48	586	651
6	2	3	49	907	937
6	2	3	50	970	1023
6	1	3	51	1023	1053
7	1	3	52	370	462
7	3	0	53	462	506
7	3	0	54	506	520
7	0	4	55	554	582
7	1	3	56	676	750
7	1	3	57	750	762
7	4	0	58	817	888
7	4	0	59	888	932
7	0	2	60	1174	1235
8	3	0	61	33	77
8	3	0	62	77	108
8	0	1	63	159	170
8	0	1	64	170	199
8	1	3	65	506	550
8	2	1	66	687	746
8	3	1	67	1017	1056
8	1	3	68	1073	1105
9	4	2	69	13	70
9	2	3	70	70	136
9	4	4	71	142	180
9	3	2	72	413	461
9	2	1	73	470	548
9	1	2	74	923	970
9	3	1	75	1006	1017
9	1	3	76	1105	1176
9	1	3	77	1176	1227
10	3	2	78	335	357
10	2	1	79	548	624
10	2	1	80	624	687
10	4	0	81	762	817
10	3	1	82	921	977
10	3	1	83	977	1006
10	4	0	84	1048	1132
10	3	0	85	1132	1156
10	3	0	86	1205	1236
11	0	1	87	49	93
11	2	3	88	136	203
11	0	4	89	288	335
11	3	2	90	375	399
11	0	4	91	582	610
11	0	4	92	610	685
11	1	3	93	762	819
11	2	3	94	819	857
12	0	1	95	0	49
12	0	1	96	93	159
12	4	2	97	213	285
12	1	3	98	331	370
12	3	2	99	399	413
12	1	3	100	462	506
12	4	0	101	663	694
12	3	2	102	749	780
12	2	3	103	857	907
12	1	3	104	1053	1073
13	1	4	105	0	80
13	1	4	106	213	288
13	3	2	107	288	335
13	2	4	108	335	378
13	4	0	109	389	458
13	4	0	110	594	663
13	1	4	111	972	1021
13	3	2	112	1056	1130
13	2	1	113	1136	1209
13	1	3	114	1227	1237
14	4	2	115	461	558
14	0	4	116	749	799
14	0	4	117	799	878
14	2	4	118	1023	1057
14	2	1	119	1057	1108
14	2	1	120	1108	1136
14	0	2	121	1144	1174


Solution History:
