This is the output of Heuristic Solver for Dual resource constrained flexible job shop Scheduling Problem.
Input file is: wfjsp18_1.txt
Method: TS_1000_2_5
Seed: 1
Number of Jobs: 20
Number of Operations: 150
Number of Machines: 10
Number of Operators: 8
CPU Time: 12.936
obj: 955
Best found lower bound:0
Solver gap (best found lower bound and upper bound difference): Not known


Final Solution:
Job	Machine	Operator	Operation	Start Time	Finish Time
0	8	4	0	98	176
0	2	7	1	192	215
0	0	7	2	306	346
0	1	2	3	358	453
0	7	2	4	869	944
1	1	6	5	184	240
1	4	0	6	259	344
1	4	0	7	392	429
1	8	5	8	547	588
1	8	1	9	593	632
1	4	7	10	668	679
1	0	4	11	683	699
1	5	3	12	761	775
1	6	4	13	811	858
2	3	6	14	0	69
2	5	1	15	150	204
2	8	1	16	242	265
2	1	2	17	338	347
2	7	5	18	367	425
2	0	4	19	699	745
2	1	7	20	867	950
3	6	0	21	169	259
3	6	6	22	358	411
3	7	5	23	425	499
3	0	4	24	669	683
3	4	0	25	726	764
3	4	1	26	904	928
4	5	1	27	26	51
4	1	5	28	59	112
4	3	3	29	123	202
4	3	2	30	240	280
4	9	6	31	492	552
4	8	1	32	725	818
4	7	2	33	822	869
5	5	5	34	13	26
5	5	1	35	51	97
5	5	1	36	120	150
5	8	4	37	176	206
5	9	4	38	206	276
5	8	1	39	307	366
5	2	0	40	521	559
5	7	5	41	593	675
5	8	4	42	858	885
6	2	0	43	101	154
6	2	0	44	154	167
6	0	6	45	170	184
6	5	5	46	204	280
6	6	4	47	493	501
6	5	4	48	501	511
6	5	5	49	511	547
6	3	3	50	674	758
7	5	5	51	0	13
7	3	2	52	280	338
7	1	6	53	634	690
7	7	2	54	731	769
7	3	6	55	913	954
8	0	2	56	28	122
8	6	7	57	270	306
8	0	2	58	567	658
8	9	6	59	690	751
8	0	6	60	769	791
8	9	6	61	791	853
9	8	1	62	265	283
9	4	0	63	344	392
9	2	0	64	430	521
9	1	6	65	552	590
9	6	4	66	605	624
9	4	1	67	679	725
9	2	4	68	753	811
9	0	6	69	853	913
9	8	4	70	913	951
10	7	2	71	0	28
10	9	3	72	81	123
10	0	3	73	202	244
10	0	3	74	244	285
10	0	7	75	346	388
10	9	6	76	412	492
10	7	1	77	514	593
11	9	5	78	123	200
11	2	0	79	559	649
11	2	7	80	679	753
11	6	7	81	771	811
11	2	7	82	811	826
11	8	4	83	885	905
11	5	1	84	932	942
12	6	0	85	0	81
12	4	1	86	204	242
12	6	6	87	323	358
12	0	7	88	388	405
12	4	1	89	429	465
12	3	1	90	465	514
12	9	4	91	588	605
12	1	0	92	819	865
13	2	7	93	0	74
13	2	0	94	81	101
13	3	1	95	101	120
13	7	2	96	170	240
13	7	2	97	347	358
13	5	4	98	412	493
13	6	4	99	511	588
13	3	2	100	769	822
13	2	7	101	826	867
14	4	4	102	0	98
14	9	4	103	276	355
14	4	3	104	471	506
14	6	0	105	671	726
14	0	6	106	751	769
14	7	0	107	769	819
14	2	5	108	932	947
15	6	6	109	86	169
15	2	3	110	366	430
15	0	2	111	459	544
15	9	3	112	552	576
15	5	3	113	576	599
15	5	3	114	599	674
15	1	7	115	753	771
15	5	5	116	775	860
15	9	3	117	860	955
16	9	5	118	26	36
16	1	5	119	36	59
16	3	6	120	69	86
16	4	7	121	98	192
16	2	7	122	215	270
16	5	5	123	280	367
16	8	1	124	367	425
16	6	3	125	430	471
16	1	6	126	590	634
16	3	1	127	634	671
17	8	1	128	283	307
17	1	7	129	459	546
17	0	2	130	546	567
17	2	0	131	649	671
17	6	0	132	865	906
18	8	7	133	81	97
18	0	2	134	122	170
18	1	6	135	240	323
18	9	4	136	355	412
18	8	3	137	506	545
18	4	7	138	546	633
18	8	4	139	633	669
18	5	5	140	675	761
18	3	1	141	822	904
18	6	0	142	906	953
19	8	3	143	0	81
19	2	3	144	285	366
19	0	7	145	405	459
19	6	7	146	633	668
19	7	2	147	675	731
19	4	3	148	775	853
19	5	5	149	860	932


Solution History:
