This is the output of Heuristic Solver for Dual resource constrained flexible job shop Scheduling Problem.
Input file is: wfjsp12_4.txt
Method: TS_1000_2_5
Seed: 1
Number of Jobs: 25
Number of Operations: 198
Number of Machines: 10
Number of Operators: 10
CPU Time: 52.1996
obj: 1057
Best found lower bound:0
Solver gap (best found lower bound and upper bound difference): Not known


Final Solution:
Job	Machine	Operator	Operation	Start Time	Finish Time
0	9	6	0	21	98
0	9	9	1	293	353
0	9	9	2	453	522
0	2	1	3	522	584
0	6	9	4	618	711
0	9	9	5	711	737
0	1	7	6	761	810
0	0	2	7	962	974
0	1	9	8	974	1020
1	4	3	9	70	95
1	2	1	10	100	113
1	6	9	11	114	148
1	3	8	12	262	327
1	3	8	13	489	511
1	8	5	14	563	643
1	5	3	15	688	783
1	4	0	16	788	847
1	6	0	17	875	926
2	5	9	18	0	35
2	6	4	19	35	53
2	7	5	20	75	121
2	6	9	21	148	230
2	7	0	22	233	243
2	5	6	23	404	474
2	7	7	24	524	592
3	0	2	25	75	85
3	8	8	26	327	394
3	0	9	27	547	618
3	2	4	28	618	712
3	7	0	29	739	788
3	1	4	30	878	968
4	1	7	31	203	274
4	0	2	32	275	346
4	7	2	33	428	471
4	2	1	34	496	511
4	3	8	35	511	578
4	2	1	36	584	614
4	0	8	37	974	997
5	5	6	38	104	171
5	2	1	39	171	221
5	5	4	40	221	277
5	3	1	41	428	460
5	7	7	42	873	925
5	8	5	43	969	1045
6	0	5	44	0	75
6	9	7	45	134	199
6	3	8	46	460	489
6	1	9	47	522	547
6	7	3	48	788	853
6	2	1	49	859	888
6	6	3	50	926	977
6	3	2	51	1016	1044
7	1	4	52	354	454
7	7	0	53	471	506
7	7	0	54	506	521
7	6	3	55	563	594
7	8	8	56	643	713
7	8	0	57	713	725
7	2	1	58	788	859
7	5	2	59	859	903
7	5	2	60	903	962
8	5	6	61	171	218
8	3	1	62	397	428
8	1	0	63	454	465
8	1	6	64	489	515
8	4	7	65	686	737
8	3	2	66	739	795
8	7	7	67	925	971
8	4	0	68	1025	1057
9	1	7	69	43	107
9	8	5	70	181	245
9	6	0	71	293	327
9	2	3	72	368	418
9	4	7	73	592	686
9	0	5	74	686	733
9	0	5	75	733	743
9	9	9	76	791	862
9	9	6	77	1008	1056
10	9	6	78	0	21
10	1	4	79	114	203
10	8	5	80	245	308
10	7	5	81	356	408
10	1	6	82	600	653
10	0	5	83	653	686
10	6	4	84	712	803
10	7	3	85	853	873
10	3	2	86	985	1016
11	8	0	87	84	120
11	6	9	88	230	293
11	4	6	89	356	401
11	7	5	90	408	428
11	9	6	91	522	549
11	3	8	92	578	643
11	0	5	93	743	799
11	4	3	94	878	916
12	7	0	95	121	166
12	3	8	96	199	262
12	3	1	97	327	397
12	0	5	98	428	471
12	1	6	99	474	489
12	2	1	100	735	788
12	3	8	101	795	822
12	4	0	102	926	954
12	7	7	103	971	1018
12	0	8	104	1035	1054
13	0	2	105	85	158
13	0	2	106	158	235
13	7	0	107	243	292
13	5	4	108	310	353
13	0	2	109	361	425
13	7	3	110	594	670
13	7	2	111	688	739
13	0	5	112	799	866
13	4	0	113	954	1025
13	8	4	114	1045	1055
14	8	0	115	0	84
14	5	7	116	354	404
14	5	4	117	487	569
14	9	0	118	600	630
14	5	2	119	637	688
14	4	6	120	847	878
14	7	7	121	1018	1049
15	7	7	122	0	43
15	4	3	123	140	202
15	2	3	124	329	368
15	0	2	125	471	543
15	1	6	126	653	735
15	9	9	127	737	791
15	6	0	128	847	875
15	2	9	129	888	968
15	5	4	130	968	1044
16	4	3	131	95	140
16	2	1	132	233	284
16	0	2	133	346	361
16	1	2	134	547	591
16	9	0	135	630	677
16	9	0	136	677	711
16	5	6	137	786	837
17	2	1	138	113	164
17	4	3	139	271	286
17	5	4	140	286	310
17	4	5	141	310	356
17	9	0	142	358	452
17	9	6	143	549	600
17	8	8	144	725	789
17	3	1	145	890	985
18	6	4	146	0	31
18	5	9	147	35	104
18	2	1	148	221	233
18	0	2	149	235	275
18	2	3	150	418	465
18	2	1	151	465	496
18	6	3	152	496	527
18	4	0	153	527	592
18	0	5	154	866	960
19	2	1	155	0	100
19	9	6	156	218	292
19	7	6	157	321	342
19	4	7	158	404	431
19	4	7	159	431	458
19	4	7	160	458	524
19	4	6	161	737	786
19	2	1	162	985	1056
20	3	8	163	0	66
20	9	7	164	107	134
20	8	6	165	308	321
20	6	4	166	454	487
20	6	3	167	527	563
21	7	0	168	166	233
21	1	7	169	274	354
21	6	9	170	389	453
21	8	5	171	471	563
21	5	4	172	569	591
21	3	1	173	643	735
21	3	8	174	822	890
21	9	6	175	923	1008
21	0	8	176	1008	1035
21	1	9	177	1035	1048
22	1	2	178	0	41
22	2	3	179	286	329
22	1	7	180	737	761
22	8	4	181	803	878
22	9	6	182	884	923
22	6	3	183	977	1051
23	4	3	184	0	70
23	3	8	185	70	134
23	3	8	186	134	199
23	6	9	187	358	389
23	8	8	188	394	460
23	5	2	189	591	637
23	1	7	190	810	873
23	8	8	191	890	969
24	6	4	192	53	114
24	8	5	193	121	181
24	4	3	194	202	271
24	6	0	195	327	358
24	5	2	196	837	856
24	9	9	197	862	884


Solution History:
