This is the output of Heuristic Solver for Dual resource constrained flexible job shop Scheduling Problem.
Input file is: wfjsp21_4.txt
Method: TS_1000_2_5
Seed: 1
Number of Jobs: 25
Number of Operations: 255
Number of Machines: 15
Number of Operators: 12
CPU Time: 65.2054
obj: 1101
Best found lower bound:0
Solver gap (best found lower bound and upper bound difference): Not known


Final Solution:
Job	Machine	Operator	Operation	Start Time	Finish Time
0	1	5	0	0	81
0	8	1	1	100	163
0	1	10	2	325	390
0	2	10	3	632	697
0	9	9	4	757	866
0	10	7	5	916	948
0	8	0	6	970	1013
0	0	11	7	1034	1046
0	0	5	8	1049	1095
1	11	4	9	0	20
1	1	11	10	99	112
1	0	2	11	196	235
1	6	9	12	241	306
1	4	6	13	426	448
1	13	0	14	534	607
1	10	9	15	607	679
1	0	1	16	695	754
1	6	11	17	904	955
1	5	2	18	1012	1049
2	10	7	19	10	26
2	9	9	20	99	145
2	0	1	21	318	394
2	10	1	22	394	406
2	14	0	23	410	476
2	12	3	24	556	628
2	7	6	25	674	687
2	3	0	26	777	861
2	2	10	27	936	1006
3	3	0	28	0	83
3	5	3	29	123	171
3	12	4	30	171	261
3	12	10	31	390	454
3	6	5	32	531	608
3	5	1	33	617	664
3	14	5	34	664	681
3	10	7	35	681	748
3	2	8	36	763	790
3	14	3	37	793	813
3	0	9	38	866	929
3	13	11	39	955	1003
4	2	10	40	0	63
4	2	6	41	121	157
4	11	3	42	195	248
4	1	11	43	390	460
4	11	8	44	492	563
4	7	2	45	595	662
4	5	1	46	664	695
4	11	3	47	713	739
4	0	1	48	754	817
4	7	2	49	982	1012
4	8	0	50	1013	1066
5	12	8	51	0	28
5	13	7	52	28	122
5	1	10	53	127	166
5	9	3	54	438	452
5	7	2	55	565	595
5	4	4	56	675	758
5	3	0	57	766	777
5	14	1	58	817	912
5	13	1	59	912	952
5	10	9	60	956	1018
5	1	1	61	1027	1071
5	6	9	62	1071	1101
6	4	4	63	106	121
6	5	3	64	171	195
6	3	8	65	195	246
6	3	10	66	265	325
6	7	2	67	442	481
6	14	0	68	502	534
6	8	0	69	617	673
6	2	8	70	700	763
6	5	1	71	952	987
6	10	2	72	1049	1099
7	1	1	73	166	244
7	11	3	74	337	380
7	4	11	75	380	390
7	10	7	76	406	473
7	14	5	77	681	727
7	6	5	78	727	751
7	1	10	79	787	862
7	12	6	80	862	930
7	14	8	81	977	1036
8	7	6	82	61	121
8	9	9	83	145	175
8	8	2	84	323	411
8	13	5	85	411	432
8	2	5	86	432	461
8	13	11	87	461	508
8	8	1	88	544	617
8	12	4	89	628	675
8	12	8	90	677	700
8	10	3	91	768	793
8	2	8	92	793	859
8	2	8	93	859	912
9	7	11	94	125	167
9	8	10	95	167	217
9	10	1	96	244	318
9	1	5	97	461	527
9	1	11	98	527	574
9	9	8	99	612	627
9	13	11	100	708	758
9	14	5	101	758	790
9	0	6	102	828	859
9	5	0	103	889	939
9	13	7	104	1030	1049
10	14	3	105	0	87
10	4	7	106	122	194
10	9	9	107	195	241
10	7	9	108	306	352
10	3	8	109	360	425
10	4	6	110	448	521
10	9	8	111	563	612
10	7	10	112	865	936
10	11	6	113	956	1032
11	12	4	114	121	132
11	13	3	115	255	337
11	14	5	116	360	406
11	5	9	117	420	490
11	11	3	118	739	768
11	4	4	119	859	906
11	7	9	120	1018	1048
11	8	7	121	1066	1098
12	5	3	122	87	123
12	14	8	123	124	192
12	2	10	124	217	265
12	9	5	125	285	356
12	5	2	126	490	565
12	11	2	127	662	713
12	3	0	128	738	766
12	7	5	129	790	865
12	4	8	130	912	977
12	11	6	131	1032	1080
13	12	4	132	28	75
13	2	0	133	83	98
13	3	0	134	124	168
13	5	7	135	195	235
13	14	0	136	237	277
13	4	6	137	325	377
13	2	6	138	377	426
13	8	10	139	454	469
13	14	0	140	476	502
13	0	10	141	531	585
13	1	10	142	697	787
13	1	1	143	987	1027
14	4	2	144	39	103
14	1	7	145	244	325
14	3	7	146	325	353
14	7	9	147	353	420
14	2	8	148	468	481
14	0	6	149	633	674
14	13	11	150	758	805
14	13	0	151	861	889
14	7	2	152	951	982
14	4	4	153	1004	1068
15	9	11	154	0	99
15	3	7	155	473	565
15	11	7	156	565	642
15	12	4	157	758	777
15	1	3	158	894	923
15	14	0	159	939	970
15	6	3	160	970	1035
15	14	3	161	1036	1082
16	0	5	162	81	157
16	6	0	163	168	237
16	4	11	164	244	273
16	2	6	165	273	284
16	2	6	166	284	311
16	6	11	167	320	364
16	2	3	168	492	556
16	4	11	169	574	645
16	9	9	170	679	743
16	6	3	171	813	894
16	9	6	172	930	954
16	3	5	173	956	1049
17	0	1	174	0	71
17	10	2	175	103	196
17	9	5	176	255	285
17	2	6	177	311	325
17	9	3	178	452	492
17	10	9	179	557	605
17	4	7	180	645	667
17	8	7	181	748	819
17	13	7	182	819	854
17	8	2	183	863	951
17	12	7	184	951	1030
17	12	10	185	1030	1101
18	6	10	186	63	127
18	5	8	187	246	274
18	0	1	188	406	477
18	0	10	189	585	632
18	13	11	190	645	708
18	5	2	191	713	804
18	10	2	192	804	863
18	2	8	193	1036	1097
19	5	9	194	0	66
19	10	9	195	66	93
19	3	8	196	107	124
19	9	9	197	175	195
19	14	8	198	277	360
19	3	8	199	425	468
19	11	8	200	481	492
19	9	6	201	521	558
19	3	6	202	565	633
19	6	3	203	633	710
19	9	9	204	743	757
19	12	4	205	777	859
20	11	4	206	78	106
20	7	11	207	167	244
20	0	6	208	244	271
20	10	11	209	364	378
20	11	2	210	411	442
20	10	1	211	477	544
20	3	0	212	673	738
20	1	3	213	923	970
20	13	0	214	1066	1099
21	6	2	215	0	39
21	8	1	216	71	100
21	1	11	217	112	125
21	11	4	218	132	166
21	4	6	219	194	240
21	12	4	220	261	342
21	6	4	221	387	477
21	12	4	222	477	554
21	10	7	223	863	916
21	0	4	224	929	1004
21	1	1	225	1071	1097
22	13	5	226	157	190
22	8	2	227	235	323
22	12	4	228	342	387
22	9	3	229	387	438
22	6	10	230	477	531
22	14	4	231	554	626
22	9	8	232	627	677
22	7	6	233	687	754
22	4	6	234	758	828
22	3	5	235	865	956
22	13	9	236	1049	1058
22	3	4	237	1068	1099
23	8	6	238	0	61
23	12	8	239	78	107
23	13	5	240	190	255
23	11	11	241	273	320
23	13	0	242	337	410
23	7	9	243	490	557
23	1	5	244	608	653
23	0	11	245	1004	1034
24	10	7	246	0	10
24	11	8	247	28	78
24	0	6	248	157	192
24	5	0	249	277	330
24	5	7	250	353	405
24	11	11	251	805	877
24	9	11	252	877	904
24	11	9	253	929	956
24	7	11	254	1048	1098


Solution History:
