This is the output of Heuristic Solver for Dual resource constrained flexible job shop Scheduling Problem.
Input file is: wfjsp22_3.txt
Method: TS_1000_2_5
Seed: 1
Number of Jobs: 30
Number of Operations: 235
Number of Machines: 15
Number of Operators: 12
CPU Time: 61.2925
obj: 1026
Best found lower bound:0
Solver gap (best found lower bound and upper bound difference): Not known


Final Solution:
Job	Machine	Operator	Operation	Start Time	Finish Time
0	0	3	0	79	158
0	9	9	1	239	251
0	5	10	2	277	295
0	7	1	3	441	519
0	5	11	4	533	607
0	13	6	5	658	730
0	14	3	6	735	807
0	4	5	7	817	850
0	1	7	8	850	932
1	3	2	9	52	67
1	4	4	10	158	220
1	8	8	11	343	428
1	6	10	12	446	462
1	1	0	13	534	629
1	7	9	14	653	736
1	5	2	15	900	929
1	14	11	16	952	1009
2	9	9	17	42	57
2	3	6	18	130	196
2	3	3	19	234	245
2	5	2	20	245	272
2	4	0	21	281	324
2	7	9	22	324	412
2	10	0	23	412	476
2	4	0	24	500	530
2	5	11	25	660	732
2	0	11	26	732	826
3	10	4	27	40	49
3	14	5	28	49	76
3	1	8	29	99	198
3	6	3	30	257	294
3	1	7	31	327	354
3	2	2	32	443	509
3	10	9	33	536	599
3	13	8	34	788	846
4	1	8	35	0	99
4	11	2	36	346	443
4	11	7	37	443	457
4	3	3	38	495	523
4	7	1	39	523	605
4	8	8	40	621	635
4	3	3	41	635	659
4	5	7	42	755	805
4	12	1	43	834	869
4	3	3	44	926	974
5	14	11	45	202	298
5	10	4	46	317	385
5	0	11	47	406	479
5	13	3	48	479	495
5	1	10	49	519	534
5	4	2	50	582	632
5	3	2	51	710	780
5	5	7	52	814	847
5	10	11	53	858	878
5	11	5	54	901	954
6	12	9	55	81	107
6	8	10	56	139	167
6	7	9	57	167	239
6	12	5	58	239	311
6	0	11	59	317	406
6	6	10	60	635	730
6	1	7	61	745	755
6	6	3	62	817	878
6	12	4	63	890	987
7	9	2	64	67	119
7	14	11	65	123	151
7	8	10	66	197	252
7	1	6	67	280	322
7	1	7	68	354	427
7	7	7	69	427	436
7	3	3	70	523	635
8	5	10	71	25	84
8	14	11	72	86	112
8	9	5	73	455	520
8	8	8	74	591	621
8	13	0	75	846	904
8	10	11	76	912	921
9	3	6	77	101	130
9	9	4	78	147	158
9	2	1	79	293	377
9	5	3	80	378	474
9	5	11	81	479	533
9	14	4	82	715	731
9	11	10	83	731	763
9	6	3	84	974	988
10	13	1	85	52	124
10	10	11	86	166	202
10	11	6	87	203	239
10	8	9	88	292	315
10	2	1	89	405	441
10	13	7	90	607	655
10	12	1	91	715	758
10	10	4	92	790	814
10	7	11	93	826	854
11	2	4	94	0	38
11	5	2	95	119	213
11	8	9	96	252	292
11	5	10	97	295	378
11	6	7	98	525	607
11	12	4	99	619	715
11	2	4	100	731	790
11	11	6	101	809	841
11	0	10	102	841	934
11	10	1	103	946	1022
12	12	6	104	0	34
12	6	4	105	81	92
12	12	9	106	107	167
12	1	8	107	238	276
12	3	2	108	276	346
12	14	4	109	385	482
12	14	10	110	536	635
12	7	9	111	736	826
12	7	5	112	854	901
12	4	0	113	904	943
13	12	9	114	57	81
13	1	8	115	198	238
13	11	0	116	240	281
13	6	3	117	294	305
13	0	4	118	542	619
13	5	9	119	952	1023
14	10	11	120	151	166
14	12	1	121	171	237
14	2	6	122	239	280
14	2	1	123	377	405
14	11	7	124	457	525
14	7	9	125	605	653
14	9	10	126	763	820
15	6	4	127	92	147
15	0	3	128	158	234
15	0	4	129	234	317
15	13	5	130	369	395
15	8	8	131	852	909
15	10	11	132	921	943
15	11	0	133	954	1021
16	8	5	134	0	47
16	11	0	135	47	76
16	11	0	136	138	203
16	10	1	137	242	293
16	4	0	138	324	364
16	1	10	139	462	519
16	5	11	140	607	660
16	8	3	141	708	735
16	4	4	142	858	890
16	1	7	143	932	1019
17	7	11	144	0	86
17	7	1	145	124	142
17	4	10	146	252	277
17	14	3	147	305	377
17	14	9	148	482	536
17	11	0	149	650	723
18	13	1	150	0	52
18	3	6	151	67	101
18	13	1	152	142	171
18	2	5	153	171	231
18	4	8	154	428	468
18	10	4	155	826	858
18	10	11	156	878	912
18	8	2	157	929	952
18	0	5	158	982	1018
19	10	0	159	0	40
19	13	0	160	203	240
19	7	7	161	240	296
19	12	6	162	322	396
19	12	9	163	412	477
19	0	4	164	482	524
19	9	8	165	524	591
19	0	2	166	632	710
19	6	3	167	878	909
20	0	7	168	0	79
20	10	0	169	476	500
20	14	1	170	640	702
20	1	2	171	780	822
20	9	2	172	822	833
20	2	10	173	946	1025
21	4	5	174	76	157
21	9	5	175	395	455
21	8	2	176	509	582
21	11	5	177	585	650
21	1	7	178	655	745
21	2	1	179	869	946
21	3	3	180	988	1022
22	12	6	181	34	57
22	6	5	182	311	369
22	6	10	183	378	446
22	12	6	184	484	559
22	2	6	185	559	658
22	7	6	186	925	982
22	13	8	187	982	1008
22	7	8	188	1008	1025
23	2	7	189	79	167
23	8	10	190	167	197
23	10	2	191	213	242
23	13	7	192	296	327
23	4	6	193	730	809
23	9	2	194	833	900
23	8	4	195	987	1025
24	4	2	196	0	52
24	14	11	197	112	123
24	6	7	198	167	238
24	6	3	199	245	257
24	11	8	200	281	343
24	6	8	201	468	519
24	5	7	202	805	814
24	14	9	203	852	920
25	6	3	204	0	70
25	8	10	205	84	139
25	13	5	206	520	585
25	1	0	207	629	642
25	6	5	208	732	817
26	5	10	209	0	25
26	8	3	210	659	708
26	13	8	211	730	788
26	0	8	212	949	977
26	4	11	213	1009	1026
27	3	6	214	396	484
27	10	1	215	605	640
27	9	5	216	650	732
27	12	1	217	758	834
27	8	3	218	909	926
27	9	2	219	952	1023
28	0	4	220	524	542
28	4	8	221	635	720
28	10	0	222	723	781
28	3	0	223	781	817
28	10	0	224	817	826
28	3	6	225	841	925
28	14	9	226	925	952
28	13	5	227	954	982
28	12	6	228	987	1020
29	14	9	229	0	42
29	10	4	230	49	81
29	10	0	231	81	138
29	4	0	232	364	406
29	8	9	233	826	852
29	6	8	234	909	949


Solution History:
