This is the output of Heuristic Solver for Dual resource constrained flexible job shop Scheduling Problem.
Input file is: wfjsp24_1.txt
Method: TS_1000_2_5
Seed: 1
Number of Jobs: 40
Number of Operations: 291
Number of Machines: 15
Number of Operators: 12
CPU Time: 120.029
obj: 1192
Best found lower bound:0
Solver gap (best found lower bound and upper bound difference): Not known


Final Solution:
Job	Machine	Operator	Operation	Start Time	Finish Time
0	7	1	0	153	229
0	7	0	1	274	296
0	6	5	2	306	351
0	14	1	3	589	671
0	8	0	4	1107	1188
1	13	5	5	122	179
1	14	7	6	179	247
1	4	6	7	424	456
1	12	8	8	698	734
1	0	7	9	783	818
1	1	6	10	946	955
1	5	3	11	1026	1042
1	1	9	12	1042	1057
1	11	3	13	1119	1165
2	12	11	14	58	114
2	0	7	15	128	169
2	7	4	16	296	323
2	8	11	17	341	350
2	13	5	18	427	486
2	8	3	19	542	588
2	12	0	20	616	698
3	2	4	21	441	523
3	10	2	22	523	566
3	7	2	23	606	677
3	14	9	24	896	909
3	11	8	25	1088	1119
3	7	10	26	1129	1153
4	6	1	27	128	153
4	8	4	28	153	205
4	13	0	29	296	377
4	4	1	30	456	498
4	11	6	31	584	639
4	2	4	32	690	771
4	14	3	33	851	896
5	14	1	34	0	13
5	2	4	35	205	245
5	3	2	36	273	297
5	1	0	37	395	433
5	7	0	38	482	548
5	8	6	39	649	705
5	14	11	40	965	1002
5	5	10	41	1042	1129
5	11	11	42	1166	1191
6	10	2	43	0	68
6	8	11	44	219	228
6	5	3	45	348	360
6	11	7	46	512	584
6	10	6	47	639	649
6	5	7	48	695	705
6	8	1	49	740	778
6	9	5	50	787	859
7	1	8	51	0	15
7	4	1	52	15	74
7	11	6	53	165	220
7	12	7	54	303	340
7	10	2	55	566	606
8	0	7	56	340	426
8	6	3	57	441	489
8	9	8	58	489	573
8	8	11	59	588	642
8	6	6	60	955	982
8	7	10	61	982	1037
9	6	5	62	288	306
9	14	10	63	367	408
9	4	1	64	498	589
9	14	7	65	716	749
9	9	4	66	876	894
9	3	1	67	938	984
9	3	5	68	988	1048
9	3	0	69	1048	1107
9	9	5	70	1120	1158
10	13	3	71	55	83
10	8	6	72	114	148
10	6	2	73	153	194
10	10	2	74	297	337
10	7	0	75	433	482
10	10	3	76	664	739
10	12	7	77	953	1025
11	1	8	78	15	90
11	3	10	79	156	243
11	0	7	80	584	658
11	13	7	81	658	695
11	10	2	82	956	973
11	2	3	83	1098	1119
11	3	5	84	1176	1185
12	6	5	85	0	80
12	6	5	86	80	122
12	13	5	87	179	207
12	1	6	88	297	316
12	11	6	89	334	370
12	0	10	90	483	538
12	4	1	91	988	1003
12	4	1	92	1003	1049
13	8	8	93	268	341
13	5	9	94	388	407
13	3	11	95	453	472
13	2	10	96	538	592
13	7	4	97	592	603
13	3	5	98	606	687
13	0	0	99	698	783
13	13	3	100	896	964
13	14	11	101	1002	1041
14	1	2	102	677	761
14	7	4	103	771	841
14	13	4	104	841	876
14	14	11	105	909	965
14	9	9	106	1012	1031
14	4	11	107	1065	1107
14	5	7	108	1135	1146
15	11	7	109	0	88
15	1	11	110	165	219
15	9	6	111	220	293
15	7	4	112	323	345
15	14	10	113	346	367
15	5	9	114	407	482
15	5	3	115	523	542
15	2	0	116	956	1045
15	0	7	117	1048	1135
16	4	3	118	83	95
16	2	0	119	117	138
16	9	6	120	316	334
16	3	2	121	337	419
16	3	9	122	482	539
16	6	6	123	719	791
16	5	7	124	859	915
16	6	6	125	982	1021
16	6	9	126	1057	1097
16	10	8	127	1119	1148
17	2	10	128	245	269
17	1	8	129	573	665
17	13	5	130	728	751
17	4	11	131	792	818
17	14	10	132	1153	1191
18	13	6	133	0	16
18	0	7	134	88	128
18	10	3	135	209	287
18	2	1	136	300	357
18	7	4	137	556	592
18	2	4	138	603	690
18	5	7	139	818	859
18	4	5	140	909	988
18	7	1	141	1049	1127
18	5	4	142	1146	1190
19	2	10	143	0	89
19	4	3	144	95	169
19	14	1	145	247	300
19	11	8	146	383	423
19	11	8	147	734	801
19	2	1	148	820	900
19	7	4	149	900	970
20	5	3	150	12	55
20	9	8	151	90	151
20	6	1	152	377	435
20	10	3	153	1042	1098
20	1	8	154	1148	1192
21	5	0	155	55	97
21	5	0	156	229	271
21	5	10	157	271	346
21	4	6	158	370	424
21	12	11	159	472	534
22	4	5	160	207	288
22	1	10	161	814	889
22	0	7	162	1025	1048
22	11	11	163	1048	1065
22	6	7	164	1146	1190
23	8	6	165	98	114
23	8	4	166	246	263
23	4	11	167	731	792
23	11	8	168	836	871
23	10	0	169	935	956
23	9	5	170	1048	1120
24	9	5	171	351	427
24	1	11	172	433	453
24	6	9	173	622	667
24	12	3	174	739	814
24	12	11	175	818	903
24	6	1	176	903	938
24	13	3	177	985	1026
24	14	4	178	1106	1146
25	13	6	179	16	53
25	10	2	180	68	148
25	7	9	181	229	274
25	10	2	182	419	495
25	10	2	183	495	523
25	9	3	184	588	664
25	8	8	185	961	1051
25	8	8	186	1051	1088
25	7	3	187	1165	1183
26	9	9	188	9	68
26	14	11	189	300	339
26	7	9	190	677	764
26	14	1	191	778	820
26	6	5	192	863	884
26	5	7	193	915	953
26	4	1	194	1127	1186
27	1	6	195	456	556
27	1	6	196	556	565
27	3	2	197	838	915
27	9	9	198	915	976
27	10	2	199	976	1031
27	6	9	200	1097	1137
28	7	4	201	0	76
28	10	8	202	151	209
28	4	3	203	288	348
28	4	5	204	884	909
28	11	4	205	970	1044
29	0	0	206	27	51
29	1	10	207	90	132
29	1	0	208	138	157
29	12	0	209	181	229
29	13	0	210	377	395
29	11	7	211	426	494
29	11	7	212	494	512
29	5	9	213	542	622
29	9	1	214	719	740
30	5	9	215	144	222
30	8	11	216	228	246
30	1	11	217	246	297
30	9	5	218	751	787
30	11	10	219	889	964
30	13	6	220	1100	1144
30	10	6	221	1148	1192
31	7	4	222	76	152
31	11	4	223	263	296
31	10	8	224	341	383
31	8	6	225	863	946
31	5	3	226	964	985
31	13	6	227	1026	1100
31	0	9	228	1137	1192
32	8	11	229	0	58
32	0	9	230	274	295
32	7	4	231	345	429
32	5	3	232	489	523
32	6	5	233	549	606
32	14	3	234	820	851
33	4	10	235	592	668
33	3	5	236	687	728
33	1	0	237	783	803
33	8	0	238	803	854
33	0	8	239	871	961
33	12	2	240	1108	1192
34	9	9	241	0	9
34	8	6	242	58	98
34	5	0	243	98	117
34	12	0	244	157	181
34	6	2	245	194	273
34	8	1	246	435	455
34	12	11	247	534	588
34	14	7	248	705	716
34	3	9	249	764	825
35	3	9	250	68	144
35	12	7	251	247	303
35	1	9	252	343	388
35	14	10	253	408	483
35	6	1	254	671	719
35	6	6	255	791	863
35	2	2	256	915	953
36	5	3	257	0	12
36	11	11	258	114	165
36	1	9	259	317	343
36	8	11	260	350	433
36	6	5	261	489	549
36	9	8	262	665	677
36	10	2	263	761	838
37	14	1	264	74	128
37	2	10	265	138	156
37	9	3	266	169	205
37	0	9	267	295	317
37	6	1	268	357	377
37	14	4	269	523	556
37	11	11	270	642	731
37	14	7	271	749	775
37	0	9	272	825	866
37	7	9	273	866	894
38	12	0	274	0	27
38	13	8	275	209	268
38	2	3	276	360	441
38	4	10	277	668	709
38	5	10	278	709	794
38	13	10	279	794	814
38	10	0	280	854	935
38	1	9	281	976	1012
38	14	4	282	1044	1106
38	3	11	283	1107	1166
39	9	8	284	427	482
39	13	0	285	548	594
39	13	0	286	594	616
39	5	9	287	667	677
39	11	8	288	801	836
39	12	2	289	1031	1108
39	13	5	290	1158	1176


Solution History:
