This is the output of Heuristic Solver for Dual resource constrained flexible job shop Scheduling Problem.
Input file is: wfjsp17_3.txt
Method: TS_1000_2_5
Seed: 1
Number of Jobs: 15
Number of Operations: 139
Number of Machines: 5
Number of Operators: 4
CPU Time: 28.3249
obj: 1860
Best found lower bound:0
Solver gap (best found lower bound and upper bound difference): Not known


Final Solution:
Job	Machine	Operator	Operation	Start Time	Finish Time
0	4	2	0	263	333
0	4	2	1	403	416
0	1	0	2	485	503
0	1	0	3	503	581
0	3	3	4	820	897
0	3	3	5	1277	1348
0	3	0	6	1431	1514
0	3	1	7	1671	1708
0	0	1	8	1767	1858
1	4	0	9	241	257
1	3	1	10	526	586
1	3	0	11	1081	1193
1	4	2	12	1193	1210
1	2	0	13	1300	1395
1	2	0	14	1514	1606
1	3	1	15	1643	1671
1	4	2	16	1788	1848
2	2	0	17	257	276
2	4	2	18	333	403
2	3	3	19	403	414
2	3	1	20	500	526
2	3	0	21	633	676
2	2	1	22	704	805
2	1	3	23	1098	1166
2	0	3	24	1418	1445
2	0	3	25	1445	1520
2	2	0	26	1710	1806
3	0	1	27	0	13
3	3	3	28	98	132
3	0	1	29	311	408
3	2	3	30	414	452
3	2	3	31	452	479
3	3	1	32	990	1053
3	4	2	33	1053	1116
3	1	3	34	1204	1272
4	1	0	35	280	377
4	0	1	36	408	500
4	0	3	37	659	676
4	1	0	38	738	766
4	0	2	39	806	882
4	3	3	40	959	973
4	4	2	41	1024	1051
4	4	2	42	1210	1268
4	4	2	43	1298	1333
4	3	1	44	1521	1569
5	1	3	45	0	98
5	3	3	46	132	204
5	1	3	47	204	280
5	0	3	48	280	298
5	3	0	49	468	485
5	2	1	50	855	914
5	3	3	51	1348	1418
5	4	2	52	1478	1514
5	3	1	53	1569	1590
5	3	1	54	1590	1643
6	0	2	55	237	263
6	2	3	56	298	328
6	2	3	57	583	659
6	3	3	58	706	783
6	1	0	59	896	987
6	0	1	60	1053	1150
6	4	2	61	1403	1413
6	4	2	62	1514	1575
6	1	3	63	1685	1786
7	4	2	64	34	82
7	4	2	65	82	113
7	4	2	66	113	174
7	0	1	67	176	213
7	3	1	68	213	285
7	2	3	69	363	373
7	4	0	70	766	857
7	3	3	71	897	959
7	1	1	72	1300	1328
7	2	0	73	1626	1710
8	2	0	74	43	72
8	2	0	75	179	241
8	1	0	76	618	633
8	3	3	77	676	706
8	4	2	78	956	967
8	4	2	79	1116	1191
8	1	1	80	1400	1472
8	1	1	81	1472	1521
8	2	0	82	1606	1626
9	4	2	83	0	34
9	3	0	84	72	88
9	0	2	85	510	589
9	1	1	86	633	672
9	0	3	87	1166	1204
9	1	0	88	1277	1300
9	2	0	89	1395	1431
9	0	2	90	1644	1698
10	3	0	91	0	43
10	2	3	92	373	399
10	4	2	93	480	510
10	4	0	94	581	618
10	4	2	95	631	717
10	3	3	96	783	820
10	0	1	97	914	990
10	1	0	98	990	1081
10	1	1	99	1328	1400
11	1	1	100	125	176
11	3	3	101	328	363
11	1	0	102	377	468
11	4	2	103	882	956
11	4	2	104	967	1002
11	4	2	105	1002	1013
11	2	1	106	1150	1222
11	0	1	107	1259	1295
11	4	2	108	1333	1403
11	1	3	109	1584	1685
12	0	1	110	13	108
12	2	3	111	479	583
12	3	1	112	586	633
12	1	0	113	699	738
12	0	2	114	782	806
12	1	1	115	806	855
12	1	0	116	857	896
12	4	2	117	1013	1024
12	3	0	118	1193	1277
12	4	2	119	1698	1788
13	1	1	120	108	125
13	4	2	121	174	237
13	0	2	122	589	631
13	0	1	123	676	704
13	2	3	124	973	1046
13	2	3	125	1046	1098
13	4	2	126	1413	1478
13	0	3	127	1520	1584
13	1	3	128	1786	1860
14	2	0	129	88	179
14	3	1	130	285	311
14	4	2	131	416	480
14	2	0	132	676	699
14	0	2	133	717	782
14	0	1	134	1222	1259
14	4	2	135	1268	1298
14	4	2	136	1575	1644
14	3	1	137	1708	1767
14	3	0	138	1806	1846


Solution History:
