This is the output of Heuristic Solver for Dual resource constrained flexible job shop Scheduling Problem.
Input file is: wfjsp9_3.txt
Method: TS_1000_2_5
Seed: 1
Number of Jobs: 15
Number of Operations: 139
Number of Machines: 5
Number of Operators: 5
CPU Time: 22.142
obj: 1539
Best found lower bound:0
Solver gap (best found lower bound and upper bound difference): Not known


Final Solution:
Job	Machine	Operator	Operation	Start Time	Finish Time
0	4	4	0	53	123
0	4	4	1	123	136
0	0	4	2	200	217
0	1	2	3	253	331
0	3	3	4	621	698
0	3	1	5	774	847
0	4	4	6	849	937
0	0	0	7	1227	1268
0	1	2	8	1428	1539
1	1	4	9	0	15
1	3	1	10	170	230
1	0	4	11	244	343
1	3	3	12	353	371
1	2	1	13	415	519
1	2	0	14	530	622
1	1	3	15	776	805
1	4	3	16	1485	1537
2	1	4	17	15	33
2	4	4	18	377	447
2	2	1	19	622	635
2	0	0	20	774	802
2	3	1	21	847	899
2	4	3	22	937	1043
2	2	2	23	1150	1217
2	2	2	24	1217	1247
2	3	0	25	1348	1431
2	2	1	26	1431	1536
3	0	0	27	0	13
3	3	1	28	108	143
3	0	0	29	418	515
3	4	4	30	812	849
3	2	2	31	862	889
3	3	1	32	1038	1101
3	3	1	33	1101	1165
3	4	3	34	1264	1329
4	3	1	35	0	108
4	0	0	36	108	200
4	3	1	37	230	246
4	4	3	38	302	331
4	0	1	39	698	774
4	0	0	40	802	820
4	2	2	41	950	975
4	4	3	42	1214	1264
4	2	2	43	1310	1346
4	2	2	44	1346	1409
5	2	2	45	38	136
5	2	2	46	136	210
5	1	3	47	698	776
5	4	4	48	796	812
5	2	2	49	846	862
5	2	2	50	889	950
5	1	4	51	973	1044
5	0	0	52	1051	1092
5	0	0	53	1092	1115
5	3	1	54	1295	1348
6	0	0	55	75	102
6	1	3	56	107	140
6	1	2	57	602	680
6	3	1	58	899	978
6	2	2	59	988	1086
6	4	4	60	1116	1214
6	0	0	61	1214	1227
6	4	3	62	1329	1382
6	4	3	63	1382	1485
7	2	2	64	0	38
7	3	1	65	143	170
7	4	3	66	243	302
7	0	0	67	353	390
7	3	3	68	449	532
7	1	3	69	844	856
7	0	0	70	883	978
7	3	1	71	978	1038
7	1	3	72	1145	1173
7	0	0	73	1268	1347
8	1	3	74	78	107
8	2	1	75	250	309
8	3	3	76	408	419
8	3	3	77	419	449
8	0	0	78	515	530
8	4	4	79	721	796
8	1	4	80	1214	1297
8	0	1	81	1348	1404
8	2	1	82	1409	1428
9	4	4	83	343	377
9	3	3	84	394	408
9	0	1	85	530	609
9	1	3	86	805	844
9	2	2	87	1086	1122
9	1	3	88	1123	1145
9	1	3	89	1173	1209
9	2	2	90	1247	1310
10	4	3	91	0	53
10	1	3	92	53	78
10	4	3	93	212	243
10	3	0	94	250	290
10	4	4	95	447	533
10	3	3	96	584	621
10	0	0	97	622	698
10	1	4	98	1297	1393
10	3	0	99	1431	1522
11	0	0	100	13	75
11	1	2	101	212	253
11	1	2	102	331	422
11	4	4	103	533	607
11	4	4	104	607	642
11	4	4	105	642	653
11	4	4	106	653	721
11	0	0	107	978	1014
11	1	3	108	1044	1123
11	0	4	109	1428	1529
12	2	1	110	309	415
12	1	2	111	422	521
12	3	3	112	532	584
12	2	2	113	748	783
12	0	0	114	820	845
12	0	0	115	845	883
12	1	4	116	937	973
12	2	2	117	975	988
12	4	4	118	1044	1116
12	0	0	119	1116	1198
13	1	4	120	33	49
13	4	4	121	136	199
13	2	0	122	210	250
13	0	0	123	390	418
13	1	2	124	521	602
13	2	1	125	635	682
13	2	2	126	682	748
13	2	2	127	783	846
13	1	3	128	856	932
14	1	3	129	140	212
14	0	4	130	217	244
14	3	0	131	290	353
14	3	3	132	371	394
14	3	0	133	698	763
14	0	0	134	1014	1051
14	2	2	135	1122	1150
14	3	1	136	1165	1236
14	3	1	137	1236	1295
14	1	4	138	1393	1428


Solution History:
