This is the output of Heuristic Solver for Dual resource constrained flexible job shop Scheduling Problem.
Input file is: wfjsp14_5.txt
Method: TS_1000_2_5
Seed: 1
Number of Jobs: 30
Number of Operations: 210
Number of Machines: 15
Number of Operators: 15
CPU Time: 60.1322
obj: 742
Best found lower bound:0
Solver gap (best found lower bound and upper bound difference): Not known


Final Solution:
Job	Machine	Operator	Operation	Start Time	Finish Time
0	12	2	0	74	88
0	13	5	1	101	147
0	9	13	2	185	264
0	12	2	3	264	334
0	5	2	4	348	413
0	9	0	5	448	487
0	10	2	6	562	629
1	2	10	7	101	141
1	13	2	8	487	533
1	7	10	9	568	610
1	12	1	10	628	657
1	10	7	11	666	737
2	9	12	12	75	96
2	3	8	13	101	115
2	11	7	14	183	255
2	2	13	15	306	364
2	2	4	16	652	661
3	14	1	17	225	269
3	14	7	18	363	430
3	11	14	19	564	607
3	7	0	20	611	640
3	9	0	21	688	727
4	10	12	22	25	54
4	11	7	23	75	107
4	0	12	24	107	199
4	13	14	25	224	276
4	4	5	26	698	737
5	4	0	27	142	165
5	12	5	28	219	227
5	5	11	29	227	276
5	0	12	30	282	363
5	6	3	31	583	645
6	11	3	32	0	64
6	8	4	33	64	155
6	5	7	34	430	516
6	6	3	35	532	570
6	5	3	36	570	583
6	7	0	37	640	684
7	11	7	38	107	183
7	4	10	39	274	347
7	0	10	40	383	451
7	9	14	41	611	643
7	5	2	42	666	736
8	8	4	43	26	60
8	3	8	44	115	133
8	14	6	45	159	225
8	8	4	46	233	315
8	7	11	47	317	398
8	4	12	48	398	444
8	14	13	49	444	525
8	1	8	50	530	608
8	6	3	51	645	654
8	3	14	52	701	736
9	6	14	53	0	81
9	4	0	54	94	128
9	3	12	55	202	282
9	0	9	56	363	383
9	3	9	57	421	460
9	14	6	58	525	616
9	13	4	59	628	640
9	3	7	60	641	665
9	12	1	61	665	737
10	1	12	62	0	17
10	0	6	63	17	57
10	10	3	64	120	151
10	4	0	65	182	274
10	9	6	66	274	352
10	2	10	67	522	563
10	4	11	68	612	656
10	2	4	69	661	677
11	13	11	70	22	101
11	5	14	71	142	224
11	2	10	72	224	270
11	1	11	73	276	317
11	3	6	74	401	415
11	8	5	75	421	505
11	8	5	76	505	535
11	8	5	77	535	580
11	2	13	78	580	652
11	1	11	79	656	742
12	10	5	80	0	25
12	2	13	81	26	90
12	12	6	82	103	150
12	9	0	83	437	448
12	7	14	84	456	485
12	10	4	85	554	562
12	6	9	86	570	579
12	6	3	87	654	737
13	14	1	88	11	104
13	5	8	89	276	324
13	13	4	90	324	352
13	9	14	91	352	437
13	13	6	92	437	487
13	12	6	93	487	496
13	3	7	94	516	561
13	3	7	95	561	641
13	9	14	96	643	688
13	8	4	97	691	736
14	13	11	98	0	22
14	6	2	99	99	138
14	12	5	100	150	219
14	10	3	101	223	236
14	7	5	102	236	300
14	12	0	103	346	415
14	8	9	104	580	652
14	13	5	105	652	698
15	9	13	106	96	185
15	2	1	107	409	502
15	11	3	108	502	532
15	4	11	109	532	612
15	10	2	110	629	666
15	4	9	111	666	698
15	13	6	112	698	735
16	1	0	113	17	28
16	10	7	114	255	333
16	6	8	115	343	373
16	7	9	116	398	421
16	0	2	117	461	477
16	7	14	118	485	546
16	3	10	119	668	701
16	2	9	120	701	741
17	3	7	121	0	29
17	1	12	122	54	73
17	8	4	123	155	233
17	5	2	124	334	348
17	10	12	125	363	397
17	1	11	126	409	433
17	4	10	127	451	520
18	6	2	128	138	221
18	10	2	129	236	244
18	12	2	130	244	261
18	10	7	131	333	363
18	14	13	132	668	725
19	14	1	133	0	11
19	3	10	134	29	101
19	4	0	135	128	142
19	14	6	136	150	159
19	0	6	137	225	271
19	13	0	138	276	317
19	1	1	139	325	409
19	13	6	140	417	435
19	5	14	141	555	564
19	11	10	142	701	719
20	12	8	143	0	74
20	1	8	144	208	275
20	13	4	145	352	417
20	7	14	146	437	456
20	12	6	147	496	521
20	12	1	148	563	628
21	11	3	149	255	338
21	6	8	150	373	447
21	12	4	151	447	473
21	9	0	152	487	523
21	0	5	153	585	652
22	2	4	154	0	26
22	4	0	155	28	94
22	3	6	156	353	401
22	6	8	157	447	530
22	7	9	158	554	568
23	0	6	159	0	13
23	7	9	160	67	150
23	10	3	161	151	223
23	3	9	162	282	353
23	8	13	163	364	421
23	9	9	164	523	554
23	9	0	165	554	570
23	14	10	166	616	668
23	0	12	167	668	741
24	9	13	168	0	19
24	6	8	169	81	99
24	14	11	170	104	146
24	2	10	171	146	213
24	10	4	172	473	554
24	11	6	173	616	683
25	7	9	174	0	67
25	5	14	175	81	142
25	13	11	176	147	224
25	6	14	177	282	343
25	3	9	178	460	481
25	5	2	179	533	555
26	5	2	180	0	68
26	1	1	181	104	142
26	4	0	182	165	182
26	2	13	183	270	306
26	4	5	184	347	388
26	11	3	185	421	501
26	0	12	186	501	585
26	5	12	187	585	664
26	7	8	188	691	738
27	0	6	189	57	103
27	3	8	190	133	202
27	8	0	191	317	346
27	10	2	192	413	461
27	3	9	193	481	506
27	2	1	194	506	522
27	8	8	195	652	691
28	8	0	196	0	13
28	9	7	197	29	75
28	10	3	198	75	120
28	1	1	199	142	208
28	13	4	200	562	628
29	10	5	201	54	72
29	7	9	202	150	233
29	6	9	203	233	282
29	14	1	204	282	325
29	11	3	205	338	421
29	1	11	206	433	522
29	12	1	207	522	563
29	9	0	208	570	611
29	0	13	209	652	668


Solution History:
