This is the output of Heuristic Solver for Dual resource constrained flexible job shop Scheduling Problem.
Input file is: wfjsp22_5.txt
Method: TS_1000_2_5
Seed: 1
Number of Jobs: 30
Number of Operations: 210
Number of Machines: 15
Number of Operators: 12
CPU Time: 65.724
obj: 868
Best found lower bound:0
Solver gap (best found lower bound and upper bound difference): Not known


Final Solution:
Job	Machine	Operator	Operation	Start Time	Finish Time
0	12	8	0	0	17
0	6	0	1	36	74
0	9	3	2	88	172
0	2	1	3	213	283
0	5	0	4	295	363
0	1	1	5	655	689
0	4	3	6	797	868
1	7	9	7	0	42
1	11	2	8	56	102
1	14	1	9	393	434
1	8	2	10	496	528
1	12	7	11	610	682
2	5	3	12	65	88
2	3	6	13	259	275
2	11	10	14	347	417
2	2	7	15	434	500
2	2	10	16	512	524
3	14	8	17	17	64
3	8	0	18	118	186
3	11	8	19	220	265
3	10	6	20	454	484
3	13	7	21	500	549
4	10	6	22	25	55
4	11	10	23	425	456
4	12	5	24	509	601
4	0	2	25	652	697
4	4	11	26	745	786
5	8	0	27	0	23
5	11	10	28	143	151
5	5	0	29	252	295
5	3	3	30	322	405
5	6	5	31	763	829
6	11	10	32	151	220
6	2	11	33	287	382
6	5	3	34	449	529
6	5	3	35	613	651
6	0	6	36	712	727
6	7	4	37	741	787
7	12	7	38	54	136
7	7	11	39	215	287
7	0	0	40	388	452
7	2	4	41	540	572
7	5	10	42	763	832
8	6	7	43	0	36
8	3	7	44	36	54
8	14	6	45	64	133
8	8	2	46	339	421
8	7	9	47	434	515
8	4	3	48	529	577
8	7	4	49	577	658
8	1	1	50	706	784
8	4	3	51	786	797
8	6	5	52	829	867
9	9	5	53	0	85
9	14	6	54	133	167
9	6	7	55	171	265
9	4	8	56	390	408
9	13	6	57	578	617
9	14	6	58	617	712
9	2	0	59	742	756
9	3	9	60	756	781
9	2	9	61	793	867
10	3	3	62	0	15
10	0	3	63	25	65
10	10	2	64	103	134
10	0	3	65	172	269
10	9	8	66	312	390
10	1	6	67	412	454
10	0	2	68	528	569
10	4	3	69	577	594
11	13	10	70	19	98
11	5	5	71	103	191
11	7	4	72	333	376
11	1	6	73	376	412
11	7	7	74	415	431
11	6	1	75	462	549
11	6	7	76	549	579
11	8	9	77	614	660
11	2	0	78	674	742
11	14	8	79	775	867
12	10	6	80	0	25
12	2	2	81	143	213
12	4	3	82	269	322
12	14	8	83	494	506
12	8	10	84	528	553
12	5	1	85	563	572
12	13	11	86	646	657
12	6	4	87	658	741
13	7	9	88	42	123
13	3	9	89	124	181
13	4	8	90	181	216
13	9	10	91	220	300
13	13	1	92	349	393
13	11	10	93	417	425
13	8	2	94	453	496
13	10	11	95	507	587
13	10	7	96	682	729
13	7	4	97	817	862
14	8	8	98	64	87
14	6	4	99	87	126
14	12	11	100	143	215
14	10	6	101	245	259
14	10	4	102	265	333
14	10	5	103	601	672
14	8	2	104	697	767
14	11	1	105	784	827
15	2	1	106	0	86
15	4	4	107	424	506
15	11	4	108	506	540
15	4	10	109	614	694
15	0	6	110	727	769
15	3	4	111	787	817
15	13	7	112	823	860
16	11	0	113	110	118
16	10	6	114	167	245
16	6	1	115	434	462
16	4	8	116	506	529
16	11	1	117	549	563
16	9	10	118	694	757
16	0	2	119	769	802
16	5	1	120	832	867
17	8	2	121	28	56
17	1	11	122	124	143
17	8	2	123	261	339
17	5	0	124	363	378
17	9	11	125	390	423
17	10	6	126	484	505
17	8	10	127	553	614
18	0	6	128	275	370
18	0	0	129	378	388
18	1	10	130	493	512
18	2	7	131	579	610
18	0	2	132	802	867
19	11	0	133	23	34
19	3	11	134	60	124
19	5	0	135	236	252
19	14	9	136	335	345
19	5	3	137	405	449
19	1	10	138	456	493
19	14	9	139	515	610
19	13	8	140	660	678
19	8	10	141	832	840
19	11	10	142	840	858
20	12	8	143	415	494
20	1	0	144	523	590
20	6	0	145	590	658
20	9	5	146	672	691
20	11	9	147	726	755
20	12	0	148	793	861
21	4	4	149	0	83
21	13	8	150	98	179
21	12	9	151	238	265
21	8	2	152	421	453
21	0	0	153	453	523
22	1	2	154	0	28
22	4	1	155	86	154
22	9	8	156	529	579
22	12	8	157	682	765
22	7	6	158	789	804
23	14	2	159	213	225
23	14	5	160	259	335
23	10	5	161	335	414
23	3	6	162	507	578
23	9	11	163	587	646
23	5	3	164	651	680
23	11	1	165	689	706
23	14	7	166	729	775
23	1	11	167	786	864
24	13	10	168	0	19
24	6	7	169	136	154
24	14	1	170	167	209
24	12	7	171	347	415
24	3	8	172	579	660
24	7	9	173	660	726
25	7	4	174	126	192
25	1	5	175	192	259
25	13	7	176	265	347
25	3	11	177	423	482
25	4	3	178	594	613
25	9	6	179	769	789
26	5	11	180	0	60
26	1	0	181	74	110
26	6	7	182	154	171
26	4	2	183	225	261
26	12	8	184	265	312
26	9	5	185	423	509
26	0	2	186	569	652
26	5	5	187	691	763
26	10	7	188	775	823
27	3	9	189	181	238
27	11	9	190	265	335
27	6	9	191	347	376
27	2	9	192	382	434
27	3	11	193	482	507
27	2	0	194	658	674
27	13	3	195	744	785
28	3	3	196	15	25
28	2	10	197	98	143
28	8	0	198	186	236
28	1	1	199	283	349
28	13	3	200	680	744
29	10	5	201	85	103
29	13	4	202	192	265
29	6	10	203	300	347
29	6	4	204	376	424
29	11	1	205	572	655
29	3	11	206	660	745
29	2	0	207	756	793
29	9	6	208	804	851
29	10	6	209	851	866


Solution History:
