This is the output of Heuristic Solver for Dual resource constrained flexible job shop Scheduling Problem.
Input file is: wfjsp8_5.txt
Method: TS_1000_2_5
Seed: 1
Number of Jobs: 15
Number of Operations: 106
Number of Machines: 5
Number of Operators: 5
CPU Time: 10.3007
obj: 1073
Best found lower bound:0
Solver gap (best found lower bound and upper bound difference): Not known


Final Solution:
Job	Machine	Operator	Operation	Start Time	Finish Time
0	0	0	0	52	68
0	1	1	1	84	122
0	3	3	2	172	256
0	0	0	3	256	322
0	0	2	4	577	644
0	2	3	5	644	686
0	3	2	6	959	1023
1	1	1	7	0	37
1	4	4	8	362	408
1	3	2	9	690	732
1	4	3	10	732	761
1	1	1	11	912	981
2	1	1	12	188	213
2	2	3	13	256	270
2	0	0	14	322	390
2	4	1	15	578	642
2	2	0	16	690	700
3	1	1	17	37	84
3	3	0	18	390	458
3	3	0	19	620	659
3	1	3	20	770	798
3	2	0	21	1033	1070
4	0	0	22	68	98
4	4	3	23	408	436
4	1	3	24	487	570
4	2	3	25	577	623
4	4	3	26	686	725
5	3	2	27	64	87
5	0	0	28	136	147
5	0	2	29	211	256
5	0	1	30	698	784
5	1	3	31	798	863
6	3	2	32	0	64
6	2	3	33	86	172
6	4	4	34	262	342
6	2	2	35	425	463
6	3	0	36	555	569
6	3	0	37	569	620
7	2	0	38	172	253
7	1	1	39	282	350
7	1	4	40	578	642
7	1	4	41	728	759
7	0	1	42	1000	1070
8	3	2	43	87	121
8	4	4	44	245	262
8	1	1	45	350	417
8	0	1	46	425	510
8	1	4	47	642	728
8	0	1	48	784	828
8	0	1	49	828	912
8	2	3	50	912	990
8	0	1	51	990	1000
8	3	2	52	1038	1070
9	4	4	53	0	79
9	1	1	54	122	154
9	2	3	55	316	401
9	2	3	56	623	641
9	4	1	57	642	683
9	3	2	58	741	827
9	3	2	59	827	840
9	3	0	60	890	916
9	4	4	61	1007	1073
10	4	4	62	79	94
10	0	0	63	98	136
10	1	1	64	154	188
10	3	0	65	458	555
10	4	4	66	761	839
10	4	4	67	839	879
10	3	2	68	916	959
10	3	2	69	1023	1038
11	4	4	70	161	245
11	3	2	71	256	338
11	3	2	72	338	381
11	0	2	73	390	425
11	4	3	74	461	474
11	2	2	75	493	577
11	3	0	76	659	690
11	3	0	77	840	890
11	0	0	78	916	984
11	1	3	79	990	1072
12	0	0	80	0	27
12	4	4	81	94	161
12	0	2	82	162	211
12	4	4	83	342	351
12	4	3	84	436	461
12	3	2	85	732	741
12	1	3	86	761	770
12	4	4	87	879	962
13	2	3	88	0	86
13	2	3	89	270	316
13	2	2	90	463	493
13	4	4	91	493	578
13	0	2	92	644	689
13	0	1	93	689	698
13	2	0	94	700	748
13	2	0	95	748	839
13	1	3	96	863	904
13	4	4	97	962	1007
14	0	0	98	27	52
14	3	2	99	121	162
14	1	1	100	213	282
14	4	4	101	351	362
14	1	4	102	417	487
14	0	1	103	510	577
14	2	2	104	840	908
14	2	0	105	990	1033


Solution History:
