Jobs:
0 1 2 3 4 5 6 7 8 9
Machines:
0 1 2 3 4 5
Workers:
0 1 2 3
Operations per job:
0 1 2 3 4 5
6 7 8 9 10
11 12 13 14 15
16 17 18 19 20
21 22 23 24 25 26
27 28 29 30 31 32
33 34 35 36 37
38 39 40 41 42
43 44 45 46 47 48
49 50 51 52 53 54
Predecessors per operation:

0
1
2
3
4

6
7
8
9

11
12
13
14

16
17
18
19

21
22
23
24
25

27
28
29
30
31

33
34
35
36

38
39
40
41

43
44
45
46
47

49
50
51
52
53
Successors per operation:
1
2
3
4
5

7
8
9
10

12
13
14
15

17
18
19
20

22
23
24
25
26

28
29
30
31
32

34
35
36
37

39
40
41
42

44
45
46
47
48

50
51
52
53
54

Machines per operation:
0 2
1 2 4
2 5
0 1 5
2
2 3 5
1
2
0
1 3
0 1 5
1
2 5
0 1 5
1 2 5
0 4
0 1 5
1
2
1 2 4
2 5
1 2 4
0 1 5
1
0 2
1 3
1 2 5
2 5
0
1 2 5
1
0 1 5
0 3
5
0 3
1 2 5
0 1 4
2
2 5
1 2 5
0 1 5
1
1 3
5
0 4
2 3 5
0
1 2 5
1 3
2 5
1 2 5
1 2 4
5
1 3
0 3
Processing times (o m w p):
0 0 0 5
0 0 2 6
0 2 0 4
0 2 3 5
1 1 1 1
1 1 3 5
1 2 0 5
1 2 3 9
1 4 0 3
1 4 1 7
2 2 0 10
2 2 3 8
2 5 2 8
2 5 3 6
3 0 0 4
3 0 2 4
3 1 1 9
3 1 3 9
3 5 2 8
3 5 3 8
4 2 0 4
4 2 3 3
5 2 0 6
5 2 3 10
5 3 1 3
5 3 2 7
5 5 2 6
5 5 3 10
6 1 1 9
6 1 3 9
7 2 0 1
7 2 3 2
8 0 0 8
8 0 2 6
9 1 1 6
9 1 3 10
9 3 1 6
9 3 2 10
10 0 0 1
10 0 2 2
10 1 1 6
10 1 3 7
10 5 2 5
10 5 3 6
11 1 1 12
11 1 3 10
12 2 0 4
12 2 3 7
12 5 2 2
12 5 3 5
13 0 0 1
13 0 2 4
13 1 1 6
13 1 3 9
13 5 2 5
13 5 3 8
14 1 1 6
14 1 3 10
14 2 0 4
14 2 3 8
14 5 2 6
14 5 3 10
15 0 0 1
15 0 2 2
15 4 0 5
15 4 1 6
16 0 0 1
16 0 2 5
16 1 1 6
16 1 3 10
16 5 2 5
16 5 3 9
17 1 1 6
17 1 3 7
18 2 0 8
18 2 3 7
19 1 1 7
19 1 3 5
19 2 0 11
19 2 3 9
19 4 0 9
19 4 1 7
20 2 0 7
20 2 3 7
20 5 2 5
20 5 3 5
21 1 1 1
21 1 3 2
21 2 0 5
21 2 3 6
21 4 0 3
21 4 1 4
22 0 0 1
22 0 2 4
22 1 1 6
22 1 3 9
22 5 2 5
22 5 3 8
23 1 1 6
23 1 3 7
24 0 0 5
24 0 2 8
24 2 0 4
24 2 3 7
25 1 1 9
25 1 3 8
25 3 1 9
25 3 2 8
26 1 1 9
26 1 3 8
26 2 0 7
26 2 3 6
26 5 2 9
26 5 3 8
27 2 0 4
27 2 3 8
27 5 2 2
27 5 3 6
28 0 0 9
28 0 2 8
29 1 1 9
29 1 3 8
29 2 0 7
29 2 3 6
29 5 2 9
29 5 3 8
30 1 1 13
30 1 3 12
31 0 0 4
31 0 2 4
31 1 1 9
31 1 3 9
31 5 2 8
31 5 3 8
32 0 0 9
32 0 2 7
32 3 1 8
32 3 2 6
33 5 2 1
33 5 3 4
34 0 0 3
34 0 2 7
34 3 1 2
34 3 2 6
35 1 1 12
35 1 3 10
35 2 0 10
35 2 3 8
35 5 2 12
35 5 3 10
36 0 0 6
36 0 2 9
36 1 1 6
36 1 3 9
36 4 0 1
36 4 1 4
37 2 0 4
37 2 3 4
38 2 0 11
38 2 3 10
38 5 2 9
38 5 3 8
39 1 1 9
39 1 3 9
39 2 0 7
39 2 3 7
39 5 2 9
39 5 3 9
40 0 0 4
40 0 2 4
40 1 1 9
40 1 3 9
40 5 2 8
40 5 3 8
41 1 1 6
41 1 3 7
42 1 1 13
42 1 3 12
42 3 1 13
42 3 2 12
43 5 2 1
43 5 3 2
44 0 0 4
44 0 2 4
44 4 0 8
44 4 1 8
45 2 0 9
45 2 3 8
45 3 1 6
45 3 2 5
45 5 2 9
45 5 3 8
46 0 0 5
46 0 2 4
47 1 1 6
47 1 3 7
47 2 0 4
47 2 3 5
47 5 2 6
47 5 3 7
48 1 1 6
48 1 3 7
48 3 1 6
48 3 2 7
49 2 0 10
49 2 3 8
49 5 2 8
49 5 3 6
50 1 1 13
50 1 3 12
50 2 0 11
50 2 3 10
50 5 2 13
50 5 3 12
51 1 1 8
51 1 3 7
51 2 0 12
51 2 3 11
51 4 0 10
51 4 1 9
52 5 2 4
52 5 3 4
53 1 1 6
53 1 3 10
53 3 1 6
53 3 2 10
54 0 0 3
54 0 2 6
54 3 1 2
54 3 2 5
