Jobs:
0 1 2 3 4 5 6 7 8 9 10 11 12 13 14 15 16 17 18 19 20 21 22 23 24
Machines:
0 1 2 3 4 5 6 7 8 9
Workers:
0 1 2 3 4 5 6 7
Operations per job:
0 1 2 3 4 5 6 7 8
9 10 11 12 13 14 15 16 17
18 19 20 21 22 23 24
25 26 27 28 29 30
31 32 33 34 35 36 37
38 39 40 41 42 43
44 45 46 47 48 49 50 51
52 53 54 55 56 57 58 59 60
61 62 63 64 65 66 67 68
69 70 71 72 73 74 75 76 77
78 79 80 81 82 83 84 85 86
87 88 89 90 91 92 93 94
95 96 97 98 99 100 101 102 103 104
105 106 107 108 109 110 111 112 113 114
115 116 117 118 119 120 121
122 123 124 125 126 127 128 129 130
131 132 133 134 135 136 137
138 139 140 141 142 143 144 145
146 147 148 149 150 151 152 153 154
155 156 157 158 159 160 161 162
163 164 165 166 167
168 169 170 171 172 173 174 175 176 177
178 179 180 181 182 183
184 185 186 187 188 189 190 191
192 193 194 195 196 197
Predecessors per operation:

0
1
2
3
4
5
6
7

9
10
11
12
13
14
15
16

18
19
20
21
22
23

25
26
27
28
29

31
32
33
34
35
36

38
39
40
41
42

44
45
46
47
48
49
50

52
53
54
55
56
57
58
59

61
62
63
64
65
66
67

69
70
71
72
73
74
75
76

78
79
80
81
82
83
84
85

87
88
89
90
91
92
93

95
96
97
98
99
100
101
102
103

105
106
107
108
109
110
111
112
113

115
116
117
118
119
120

122
123
124
125
126
127
128
129

131
132
133
134
135
136

138
139
140
141
142
143
144

146
147
148
149
150
151
152
153

155
156
157
158
159
160
161

163
164
165
166

168
169
170
171
172
173
174
175
176

178
179
180
181
182

184
185
186
187
188
189
190

192
193
194
195
196
Successors per operation:
1
2
3
4
5
6
7
8

10
11
12
13
14
15
16
17

19
20
21
22
23
24

26
27
28
29
30

32
33
34
35
36
37

39
40
41
42
43

45
46
47
48
49
50
51

53
54
55
56
57
58
59
60

62
63
64
65
66
67
68

70
71
72
73
74
75
76
77

79
80
81
82
83
84
85
86

88
89
90
91
92
93
94

96
97
98
99
100
101
102
103
104

106
107
108
109
110
111
112
113
114

116
117
118
119
120
121

123
124
125
126
127
128
129
130

132
133
134
135
136
137

139
140
141
142
143
144
145

147
148
149
150
151
152
153
154

156
157
158
159
160
161
162

164
165
166
167

169
170
171
172
173
174
175
176
177

179
180
181
182
183

185
186
187
188
189
190
191

193
194
195
196
197

Machines per operation:
2 6 9
7 8 9
5 6 8 9
2 7 9
0 4 6 9
3 5 9
1 7
0 4 8
1 6
1 4 8
2 5 6
4 6
0 3 6 7
2 3 4 6
3 7 8 9
0 5 9
4 5 7 9
0 6
2 3 5
5 6
7 8
0 4 5 6
3 7 9
3 5
0 4 7
0 2 3
2 6 8 9
0 3
2 7
0 2 7 8
0 1 4
0 1 2 3
0 2 3 9
6 7
2 4 5 9
2 3
1 2 5 7
0 4
5 9
2 4 9
5 6
3 4
2 7
6 7 8
0 8
6 9
3 7
1 4 5
3 7 8
2 7 9
1 5 6
3 7 8
0 1 2 8
3 6 7
4 6 7
4 5 6 9
1 3 8
0 8
0 1 2 8
3 5 9
1 2 5
0 5
3 7
1 2 4 7
0 1 9
1 4
3 9
6 7 8
3 4 5 9
0 1 2 6
3 8
0 6 7 9
2 6 7 9
3 4
0 2 8
0 4 8
4 6 8 9
8 9
2 3 9
0 1
2 8
5 7 8
1 5 8
0 1 2 8
0 6
0 5 7
2 3 5 9
6 8
4 6 9
3 4 5 6
3 5 6 7
8 9
3 7 8 9
0 1
0 4 6 7
2 7 8
3 6 7
0 3 4 7
0 4 6 9
0 1 2 3
2 4 6 9
3 9
1 4
4 7
0 5 8
0 3
0 5 7 9
3 7
2 5
0 3 8
6 7
5 7 8
0 1 2
2 3 4 6
4 5 8 9
0 7 8 9
2 5
0 5
8 9
2 5
4 9
0 2 4 7
1 3 7
0 2 4 6
0 2 8 9
0 3 9
1 9
5 6 7 9
4 5 6 7
2 4
0 5 6 7
0 2 4 8
2 5 9
0 1 5
1 9
4 6 7 9
8 9
2 3 5 8
2 8
4 5
1 2 5 9
3 4 6
8 9
2 4 5 9
2 3 7 8
0 3 9
2 6
5 8
2 8
0 6
2 4 6 8
2 6
1 6 7
0 4 8
0 5 8
2 4 8
1 6 9
3 5 7
4 5 7 9
0 4 8 9
4 6
2 4
2 5
0 2 3 4
4 9
0 5 8 9
0 5 6 9
0 2 6
0 1 6 7
1 2 4
2 6 7
0 8
1 2 5 7
3 7
3 5
2 8 9
0 1 5 8
0 1 2 3
1 9
2 7
1 2 3 9
2 3 8 9
6 8 9
2 4 6 7
2 4
3 5 7 8
0 3
1 3 6 9
4 5 8 9
1 3 5 6
0 1 4 9
2 4 8
2 6 7 8
0 1 8 9
4 8 9
3 6
2 5
3 9
Processing times (o m w p):
0 2 0 74
0 2 1 75
0 2 2 81
0 2 3 79
0 2 4 82
0 2 6 71
0 6 1 97
0 6 2 93
0 6 3 87
0 6 4 90
0 6 6 99
0 6 7 90
0 9 1 72
0 9 2 73
0 9 3 79
0 9 4 77
0 9 5 80
0 9 6 69
1 7 0 59
1 7 1 61
1 7 2 59
1 7 3 64
1 7 6 59
1 7 7 60
1 8 0 61
1 8 1 63
1 8 3 61
1 8 5 66
1 8 6 61
1 8 7 62
1 9 1 59
1 9 2 61
1 9 3 59
1 9 4 64
1 9 5 59
1 9 6 60
2 5 0 67
2 5 1 68
2 5 2 74
2 5 3 72
2 5 4 75
2 5 6 64
2 6 1 68
2 6 2 69
2 6 3 75
2 6 4 73
2 6 6 76
2 6 7 65
2 8 0 74
2 8 1 75
2 8 3 81
2 8 5 79
2 8 6 82
2 8 7 71
2 9 1 72
2 9 2 73
2 9 3 79
2 9 4 77
2 9 5 80
2 9 6 69
3 2 0 62
3 2 1 64
3 2 2 62
3 2 3 67
3 2 4 62
3 2 6 63
3 7 0 64
3 7 1 66
3 7 2 64
3 7 3 69
3 7 6 64
3 7 7 65
3 9 1 62
3 9 2 64
3 9 3 62
3 9 4 67
3 9 5 62
3 9 6 63
4 0 0 103
4 0 1 95
4 0 2 103
4 0 4 100
4 0 5 95
4 0 6 102
4 4 1 94
4 4 2 103
4 4 3 101
4 4 5 106
4 4 6 101
4 4 7 109
4 6 1 100
4 6 2 96
4 6 3 90
4 6 4 93
4 6 6 102
4 6 7 93
4 9 1 103
4 9 2 99
4 9 3 93
4 9 4 96
4 9 5 105
4 9 6 96
5 3 1 31
5 3 2 33
5 3 3 31
5 3 5 29
5 3 6 31
5 3 7 32
5 5 0 31
5 5 1 33
5 5 2 31
5 5 3 29
5 5 4 31
5 5 6 32
5 9 1 29
5 9 2 29
5 9 3 27
5 9 4 26
5 9 5 27
5 9 6 26
6 1 1 47
6 1 2 43
6 1 3 47
6 1 4 50
6 1 5 49
6 1 7 50
6 7 0 43
6 7 1 39
6 7 2 43
6 7 3 46
6 7 6 45
6 7 7 46
7 0 0 12
7 0 1 13
7 0 2 14
7 0 4 14
7 0 5 14
7 0 6 12
7 4 1 13
7 4 2 14
7 4 3 15
7 4 5 15
7 4 6 15
7 4 7 13
7 8 0 14
7 8 1 15
7 8 3 16
7 8 5 16
7 8 6 16
7 8 7 14
8 1 1 49
8 1 2 49
8 1 3 47
8 1 4 46
8 1 5 47
8 1 7 46
8 6 1 49
8 6 2 49
8 6 3 47
8 6 4 46
8 6 6 47
8 6 7 46
9 1 1 25
9 1 2 25
9 1 3 23
9 1 4 22
9 1 5 23
9 1 7 22
9 4 1 25
9 4 2 25
9 4 3 23
9 4 5 22
9 4 6 23
9 4 7 22
9 8 0 23
9 8 1 23
9 8 3 21
9 8 5 20
9 8 6 21
9 8 7 20
10 2 0 13
10 2 1 14
10 2 2 15
10 2 3 15
10 2 4 15
10 2 6 13
10 5 0 14
10 5 1 15
10 5 2 16
10 5 3 16
10 5 4 16
10 5 6 14
10 6 1 15
10 6 2 16
10 6 3 17
10 6 4 17
10 6 6 17
10 6 7 15
11 4 1 43
11 4 2 39
11 4 3 43
11 4 5 46
11 4 6 45
11 4 7 46
11 6 1 35
11 6 2 36
11 6 3 39
11 6 4 38
11 6 6 39
11 6 7 34
12 0 0 67
12 0 1 68
12 0 2 74
12 0 4 72
12 0 5 75
12 0 6 64
12 3 1 68
12 3 2 69
12 3 3 75
12 3 5 73
12 3 6 76
12 3 7 65
12 6 1 74
12 6 2 75
12 6 3 81
12 6 4 79
12 6 6 82
12 6 7 71
12 7 0 72
12 7 1 73
12 7 2 79
12 7 3 77
12 7 6 80
12 7 7 69
13 2 0 25
13 2 1 25
13 2 2 23
13 2 3 22
13 2 4 23
13 2 6 22
13 3 1 25
13 3 2 25
13 3 3 23
13 3 5 22
13 3 6 23
13 3 7 22
13 4 1 23
13 4 2 23
13 4 3 21
13 4 5 20
13 4 6 21
13 4 7 20
13 6 1 22
13 6 2 22
13 6 3 20
13 6 4 19
13 6 6 20
13 6 7 19
14 3 1 76
14 3 2 74
14 3 3 83
14 3 5 75
14 3 6 72
14 3 7 76
14 7 0 98
14 7 1 94
14 7 2 88
14 7 3 91
14 7 6 100
14 7 7 91
14 8 0 73
14 8 1 74
14 8 3 80
14 8 5 78
14 8 6 81
14 8 7 70
14 9 1 78
14 9 2 90
14 9 3 76
14 9 4 81
14 9 5 88
14 9 6 81
15 0 0 76
15 0 1 88
15 0 2 74
15 0 4 79
15 0 5 86
15 0 6 79
15 5 0 99
15 5 1 95
15 5 2 89
15 5 3 92
15 5 4 101
15 5 6 92
15 9 1 74
15 9 2 75
15 9 3 81
15 9 4 79
15 9 5 82
15 9 6 71
16 4 1 59
16 4 2 61
16 4 3 59
16 4 5 64
16 4 6 59
16 4 7 60
16 5 0 61
16 5 1 63
16 5 2 61
16 5 3 66
16 5 4 61
16 5 6 62
16 7 0 59
16 7 1 61
16 7 2 59
16 7 3 64
16 7 6 59
16 7 7 60
16 9 1 64
16 9 2 66
16 9 3 64
16 9 4 69
16 9 5 64
16 9 6 65
17 0 0 51
17 0 1 51
17 0 2 49
17 0 4 48
17 0 5 49
17 0 6 48
17 6 1 51
17 6 2 51
17 6 3 49
17 6 4 48
17 6 6 49
17 6 7 48
18 2 0 32
18 2 1 33
18 2 2 36
18 2 3 35
18 2 4 36
18 2 6 31
18 3 1 33
18 3 2 34
18 3 3 37
18 3 5 36
18 3 6 37
18 3 7 32
18 5 0 36
18 5 1 37
18 5 2 40
18 5 3 39
18 5 4 40
18 5 6 35
19 5 0 15
19 5 1 16
19 5 2 17
19 5 3 17
19 5 4 17
19 5 6 15
19 6 1 16
19 6 2 17
19 6 3 18
19 6 4 18
19 6 6 18
19 6 7 16
20 7 0 49
20 7 1 49
20 7 2 47
20 7 3 46
20 7 6 47
20 7 7 46
20 8 0 49
20 8 1 49
20 8 3 47
20 8 5 46
20 8 6 47
20 8 7 46
21 0 0 76
21 0 1 88
21 0 2 74
21 0 4 79
21 0 5 86
21 0 6 79
21 4 1 99
21 4 2 95
21 4 3 89
21 4 5 92
21 4 6 101
21 4 7 92
21 5 0 74
21 5 1 75
21 5 2 81
21 5 3 79
21 5 4 82
21 5 6 71
21 6 1 79
21 6 2 91
21 6 3 77
21 6 4 82
21 6 6 89
21 6 7 82
22 3 1 9
22 3 2 10
22 3 3 11
22 3 5 11
22 3 6 11
22 3 7 9
22 7 0 10
22 7 1 11
22 7 2 12
22 7 3 12
22 7 6 12
22 7 7 10
22 9 1 11
22 9 2 12
22 9 3 13
22 9 4 13
22 9 5 13
22 9 6 11
23 3 1 63
23 3 2 65
23 3 3 63
23 3 5 68
23 3 6 63
23 3 7 64
23 5 0 65
23 5 1 67
23 5 2 65
23 5 3 70
23 5 4 65
23 5 6 66
24 0 0 73
24 0 1 74
24 0 2 80
24 0 4 78
24 0 5 81
24 0 6 70
24 4 1 95
24 4 2 95
24 4 3 81
24 4 5 87
24 4 6 83
24 4 7 89
24 7 0 71
24 7 1 72
24 7 2 78
24 7 3 76
24 7 6 79
24 7 7 68
25 0 0 10
25 0 1 11
25 0 2 12
25 0 4 12
25 0 5 12
25 0 6 10
25 2 0 11
25 2 1 12
25 2 2 13
25 2 3 13
25 2 4 13
25 2 6 11
25 3 1 12
25 3 2 13
25 3 3 14
25 3 5 14
25 3 6 14
25 3 7 12
26 2 0 72
26 2 1 73
26 2 2 79
26 2 3 77
26 2 4 80
26 2 6 69
26 6 1 84
26 6 2 96
26 6 3 82
26 6 4 87
26 6 6 94
26 6 7 87
26 8 0 70
26 8 1 71
26 8 3 77
26 8 5 75
26 8 6 78
26 8 7 67
26 9 1 76
26 9 2 74
26 9 3 83
26 9 4 75
26 9 5 72
26 9 6 76
27 0 0 74
27 0 1 75
27 0 2 81
27 0 4 79
27 0 5 82
27 0 6 71
27 3 1 97
27 3 2 93
27 3 3 87
27 3 5 90
27 3 6 99
27 3 7 90
28 2 0 104
28 2 1 100
28 2 2 94
28 2 3 97
28 2 4 106
28 2 6 97
28 7 0 100
28 7 1 96
28 7 2 90
28 7 3 93
28 7 6 102
28 7 7 93
29 0 0 51
29 0 1 51
29 0 2 49
29 0 4 48
29 0 5 49
29 0 6 48
29 2 0 51
29 2 1 51
29 2 2 49
29 2 3 48
29 2 4 49
29 2 6 48
29 7 0 49
29 7 1 49
29 7 2 47
29 7 3 46
29 7 6 47
29 7 7 46
29 8 0 55
29 8 1 47
29 8 3 55
29 8 5 52
29 8 6 47
29 8 7 54
30 0 0 104
30 0 1 100
30 0 2 94
30 0 4 97
30 0 5 106
30 0 6 97
30 1 1 100
30 1 2 96
30 1 3 90
30 1 4 93
30 1 5 102
30 1 7 93
30 4 1 83
30 4 2 95
30 4 3 81
30 4 5 86
30 4 6 93
30 4 7 86
31 0 0 66
31 0 1 68
31 0 2 66
31 0 4 71
31 0 5 66
31 0 6 67
31 1 1 64
31 1 2 70
31 1 3 74
31 1 4 67
31 1 5 71
31 1 7 67
31 2 0 71
31 2 1 72
31 2 2 78
31 2 3 76
31 2 4 79
31 2 6 68
31 3 1 69
31 3 2 70
31 3 3 76
31 3 5 74
31 3 6 77
31 3 7 66
32 0 0 71
32 0 1 72
32 0 2 78
32 0 4 76
32 0 5 79
32 0 6 68
32 2 0 69
32 2 1 70
32 2 2 76
32 2 3 74
32 2 4 77
32 2 6 66
32 3 1 78
32 3 2 90
32 3 3 76
32 3 5 81
32 3 6 88
32 3 7 81
32 9 1 70
32 9 2 71
32 9 3 77
32 9 4 75
32 9 5 78
32 9 6 67
33 6 1 55
33 6 2 47
33 6 3 55
33 6 4 52
33 6 6 47
33 6 7 54
33 7 0 47
33 7 1 43
33 7 2 47
33 7 3 50
33 7 6 49
33 7 7 50
34 2 0 15
34 2 1 16
34 2 2 17
34 2 3 17
34 2 4 17
34 2 6 15
34 4 1 16
34 4 2 17
34 4 3 18
34 4 5 18
34 4 6 18
34 4 7 16
34 5 0 17
34 5 1 18
34 5 2 19
34 5 3 19
34 5 4 19
34 5 6 17
34 9 1 17
34 9 2 18
34 9 3 19
34 9 4 19
34 9 5 19
34 9 6 17
35 2 0 65
35 2 1 67
35 2 2 65
35 2 3 70
35 2 4 65
35 2 6 66
35 3 1 66
35 3 2 68
35 3 3 66
35 3 5 71
35 3 6 66
35 3 7 67
36 1 1 30
36 1 2 30
36 1 3 28
36 1 4 27
36 1 5 28
36 1 7 27
36 2 0 30
36 2 1 30
36 2 2 28
36 2 3 27
36 2 4 28
36 2 6 27
36 5 0 28
36 5 1 28
36 5 2 26
36 5 3 25
36 5 4 26
36 5 6 25
36 7 0 27
36 7 1 27
36 7 2 25
36 7 3 24
36 7 6 25
36 7 7 24
37 0 0 25
37 0 1 25
37 0 2 23
37 0 4 22
37 0 5 23
37 0 6 22
37 4 1 25
37 4 2 25
37 4 3 23
37 4 5 22
37 4 6 23
37 4 7 22
38 5 0 62
38 5 1 64
38 5 2 62
38 5 3 67
38 5 4 62
38 5 6 63
38 9 1 64
38 9 2 66
38 9 3 64
38 9 4 69
38 9 5 64
38 9 6 65
39 2 0 50
39 2 1 46
39 2 2 50
39 2 3 53
39 2 4 52
39 2 6 53
39 4 1 50
39 4 2 46
39 4 3 50
39 4 5 53
39 4 6 52
39 4 7 53
39 9 1 48
39 9 2 44
39 9 3 48
39 9 4 51
39 9 5 50
39 9 6 51
40 5 0 63
40 5 1 57
40 5 2 56
40 5 3 60
40 5 4 64
40 5 6 60
40 6 1 59
40 6 2 61
40 6 3 59
40 6 4 64
40 6 6 59
40 6 7 60
41 3 1 31
41 3 2 32
41 3 3 35
41 3 5 34
41 3 6 35
41 3 7 30
41 4 1 32
41 4 2 33
41 4 3 36
41 4 5 35
41 4 6 36
41 4 7 31
42 2 0 55
42 2 1 55
42 2 2 53
42 2 3 52
42 2 4 53
42 2 6 52
42 7 0 55
42 7 1 55
42 7 2 53
42 7 3 52
42 7 6 53
42 7 7 52
43 6 1 71
43 6 2 72
43 6 3 78
43 6 4 76
43 6 6 79
43 6 7 68
43 7 0 83
43 7 1 95
43 7 2 81
43 7 3 86
43 7 6 93
43 7 7 86
43 8 0 69
43 8 1 70
43 8 3 76
43 8 5 74
43 8 6 77
43 8 7 66
44 0 0 74
44 0 1 75
44 0 2 81
44 0 4 79
44 0 5 82
44 0 6 71
44 8 0 97
44 8 1 93
44 8 3 87
44 8 5 90
44 8 6 99
44 8 7 90
45 6 1 63
45 6 2 65
45 6 3 63
45 6 4 68
45 6 6 63
45 6 7 64
45 9 1 65
45 9 2 67
45 9 3 65
45 9 4 70
45 9 5 65
45 9 6 66
46 3 1 30
46 3 2 31
46 3 3 34
46 3 5 33
46 3 6 34
46 3 7 29
46 7 0 31
46 7 1 32
46 7 2 35
46 7 3 34
46 7 6 35
46 7 7 30
47 1 1 28
47 1 2 28
47 1 3 26
47 1 4 25
47 1 5 26
47 1 7 25
47 4 1 28
47 4 2 28
47 4 3 26
47 4 5 25
47 4 6 26
47 4 7 25
47 5 0 26
47 5 1 26
47 5 2 24
47 5 3 23
47 5 4 24
47 5 6 23
48 3 1 63
48 3 2 65
48 3 3 63
48 3 5 68
48 3 6 63
48 3 7 64
48 7 0 65
48 7 1 67
48 7 2 65
48 7 3 70
48 7 6 65
48 7 7 66
48 8 0 63
48 8 1 65
48 8 3 63
48 8 5 68
48 8 6 63
48 8 7 64
49 2 0 29
49 2 1 30
49 2 2 33
49 2 3 32
49 2 4 33
49 2 6 28
49 7 0 30
49 7 1 31
49 7 2 34
49 7 3 33
49 7 6 34
49 7 7 29
49 9 1 33
49 9 2 34
49 9 3 37
49 9 4 36
49 9 5 37
49 9 6 32
50 1 1 53
50 1 2 53
50 1 3 51
50 1 4 50
50 1 5 51
50 1 7 50
50 5 0 53
50 5 1 53
50 5 2 51
50 5 3 50
50 5 4 51
50 5 6 50
50 6 1 51
50 6 2 51
50 6 3 49
50 6 4 48
50 6 6 49
50 6 7 48
51 3 1 30
51 3 2 30
51 3 3 28
51 3 5 27
51 3 6 28
51 3 7 27
51 7 0 31
51 7 1 33
51 7 2 31
51 7 3 29
51 7 6 31
51 7 7 32
51 8 0 30
51 8 1 31
51 8 3 34
51 8 5 33
51 8 6 34
51 8 7 29
52 0 0 104
52 0 1 96
52 0 2 104
52 0 4 101
52 0 5 96
52 0 6 103
52 1 1 100
52 1 2 92
52 1 3 100
52 1 4 97
52 1 5 92
52 1 7 99
52 2 0 101
52 2 1 97
52 2 2 91
52 2 3 94
52 2 4 103
52 2 6 94
52 8 0 104
52 8 1 100
52 8 3 94
52 8 5 97
52 8 6 106
52 8 7 97
53 3 1 40
53 3 2 43
53 3 3 38
53 3 5 43
53 3 6 41
53 3 7 43
53 6 1 44
53 6 2 40
53 6 3 44
53 6 4 47
53 6 6 46
53 6 7 47
53 7 0 35
53 7 1 36
53 7 2 39
53 7 3 38
53 7 6 39
53 7 7 34
54 4 1 13
54 4 2 14
54 4 3 15
54 4 5 15
54 4 6 15
54 4 7 13
54 6 1 14
54 6 2 15
54 6 3 16
54 6 4 16
54 6 6 16
54 6 7 14
54 7 0 15
54 7 1 16
54 7 2 17
54 7 3 17
54 7 6 17
54 7 7 15
55 4 1 30
55 4 2 30
55 4 3 28
55 4 5 27
55 4 6 28
55 4 7 27
55 5 0 31
55 5 1 33
55 5 2 31
55 5 3 29
55 5 4 31
55 5 6 32
55 6 1 30
55 6 2 31
55 6 3 34
55 6 4 33
55 6 6 34
55 6 7 29
55 9 1 29
55 9 2 30
55 9 3 33
55 9 4 32
55 9 5 33
55 9 6 28
56 1 1 76
56 1 2 74
56 1 3 83
56 1 4 75
56 1 5 72
56 1 7 76
56 3 1 98
56 3 2 94
56 3 3 88
56 3 5 91
56 3 6 100
56 3 7 91
56 8 0 73
56 8 1 74
56 8 3 80
56 8 5 78
56 8 6 81
56 8 7 70
57 0 0 11
57 0 1 12
57 0 2 13
57 0 4 13
57 0 5 13
57 0 6 11
57 8 0 12
57 8 1 13
57 8 3 14
57 8 5 14
57 8 6 14
57 8 7 12
58 0 0 73
58 0 1 74
58 0 2 80
58 0 4 78
58 0 5 81
58 0 6 70
58 1 1 95
58 1 2 95
58 1 3 81
58 1 4 87
58 1 5 83
58 1 7 89
58 2 0 71
58 2 1 72
58 2 2 78
58 2 3 76
58 2 4 79
58 2 6 68
58 8 0 76
58 8 1 88
58 8 3 74
58 8 5 79
58 8 6 86
58 8 7 79
59 3 1 48
59 3 2 44
59 3 3 48
59 3 5 51
59 3 6 50
59 3 7 51
59 5 0 44
59 5 1 40
59 5 2 44
59 5 3 47
59 5 4 46
59 5 6 47
59 9 1 48
59 9 2 44
59 9 3 48
59 9 4 51
59 9 5 50
59 9 6 51
60 1 1 59
60 1 2 61
60 1 3 59
60 1 4 64
60 1 5 59
60 1 7 60
60 2 0 61
60 2 1 63
60 2 2 61
60 2 3 66
60 2 4 61
60 2 6 62
60 5 0 59
60 5 1 61
60 5 2 59
60 5 3 64
60 5 4 59
60 5 6 60
61 0 0 48
61 0 1 44
61 0 2 48
61 0 4 51
61 0 5 50
61 0 6 51
61 5 0 44
61 5 1 40
61 5 2 44
61 5 3 47
61 5 4 46
61 5 6 47
62 3 1 30
62 3 2 31
62 3 3 34
62 3 5 33
62 3 6 34
62 3 7 29
62 7 0 31
62 7 1 32
62 7 2 35
62 7 3 34
62 7 6 35
62 7 7 30
63 1 1 11
63 1 2 12
63 1 3 13
63 1 4 13
63 1 5 13
63 1 7 11
63 2 0 12
63 2 1 13
63 2 2 14
63 2 3 14
63 2 4 14
63 2 6 12
63 4 1 13
63 4 2 14
63 4 3 15
63 4 5 15
63 4 6 15
63 4 7 13
63 7 0 13
63 7 1 14
63 7 2 15
63 7 3 15
63 7 6 15
63 7 7 13
64 0 0 29
64 0 1 29
64 0 2 27
64 0 4 26
64 0 5 27
64 0 6 26
64 1 1 29
64 1 2 29
64 1 3 27
64 1 4 26
64 1 5 27
64 1 7 26
64 9 1 27
64 9 2 27
64 9 3 25
64 9 4 24
64 9 5 25
64 9 6 24
65 1 1 53
65 1 2 53
65 1 3 51
65 1 4 50
65 1 5 51
65 1 7 50
65 4 1 48
65 4 2 44
65 4 3 48
65 4 5 51
65 4 6 50
65 4 7 51
66 3 1 63
66 3 2 57
66 3 3 56
66 3 5 60
66 3 6 64
66 3 7 60
66 9 1 59
66 9 2 61
66 9 3 59
66 9 4 64
66 9 5 59
66 9 6 60
67 6 1 47
67 6 2 43
67 6 3 47
67 6 4 50
67 6 6 49
67 6 7 50
67 7 0 43
67 7 1 39
67 7 2 43
67 7 3 46
67 7 6 45
67 7 7 46
67 8 0 47
67 8 1 43
67 8 3 47
67 8 5 50
67 8 6 49
67 8 7 50
68 3 1 31
68 3 2 32
68 3 3 35
68 3 5 34
68 3 6 35
68 3 7 30
68 4 1 32
68 4 2 33
68 4 3 36
68 4 5 35
68 4 6 36
68 4 7 31
68 5 0 35
68 5 1 36
68 5 2 39
68 5 3 38
68 5 4 39
68 5 6 34
68 9 1 34
68 9 2 35
68 9 3 38
68 9 4 37
68 9 5 38
68 9 6 33
69 0 0 56
69 0 1 56
69 0 2 54
69 0 4 53
69 0 5 54
69 0 6 53
69 1 1 63
69 1 2 57
69 1 3 56
69 1 4 60
69 1 5 64
69 1 7 60
69 2 0 56
69 2 1 56
69 2 2 54
69 2 3 53
69 2 4 54
69 2 6 53
69 6 1 60
69 6 2 62
69 6 3 60
69 6 4 65
69 6 6 60
69 6 7 61
70 3 1 62
70 3 2 64
70 3 3 62
70 3 5 67
70 3 6 62
70 3 7 63
70 8 0 64
70 8 1 66
70 8 3 64
70 8 5 69
70 8 6 64
70 8 7 65
71 0 0 33
71 0 1 34
71 0 2 37
71 0 4 36
71 0 5 37
71 0 6 32
71 6 1 34
71 6 2 35
71 6 3 38
71 6 4 37
71 6 6 38
71 6 7 33
71 7 0 40
71 7 1 43
71 7 2 38
71 7 3 43
71 7 6 41
71 7 7 43
71 9 1 36
71 9 2 37
71 9 3 40
71 9 4 39
71 9 5 40
71 9 6 35
72 2 0 50
72 2 1 50
72 2 2 48
72 2 3 47
72 2 4 48
72 2 6 47
72 6 1 50
72 6 2 50
72 6 3 48
72 6 4 47
72 6 6 48
72 6 7 47
72 7 0 55
72 7 1 47
72 7 2 55
72 7 3 52
72 7 6 47
72 7 7 54
72 9 1 50
72 9 2 46
72 9 3 50
72 9 4 53
72 9 5 52
72 9 6 53
73 3 1 78
73 3 2 90
73 3 3 76
73 3 5 81
73 3 6 88
73 3 7 81
73 4 1 101
73 4 2 97
73 4 3 91
73 4 5 94
73 4 6 103
73 4 7 94
74 0 0 55
74 0 1 47
74 0 2 55
74 0 4 52
74 0 5 47
74 0 6 54
74 2 0 47
74 2 1 43
74 2 2 47
74 2 3 50
74 2 4 49
74 2 6 50
74 8 0 55
74 8 1 47
74 8 3 55
74 8 5 52
74 8 6 47
74 8 7 54
75 0 0 9
75 0 1 10
75 0 2 11
75 0 4 11
75 0 5 11
75 0 6 9
75 4 1 10
75 4 2 11
75 4 3 12
75 4 5 12
75 4 6 12
75 4 7 10
75 8 0 11
75 8 1 12
75 8 3 13
75 8 5 13
75 8 6 13
75 8 7 11
76 4 1 69
76 4 2 70
76 4 3 76
76 4 5 74
76 4 6 77
76 4 7 66
76 6 1 70
76 6 2 71
76 6 3 77
76 6 4 75
76 6 6 78
76 6 7 67
76 8 0 76
76 8 1 88
76 8 3 74
76 8 5 79
76 8 6 86
76 8 7 79
76 9 1 74
76 9 2 75
76 9 3 81
76 9 4 79
76 9 5 82
76 9 6 71
77 8 0 51
77 8 1 51
77 8 3 49
77 8 5 48
77 8 6 49
77 8 7 48
77 9 1 51
77 9 2 51
77 9 3 49
77 9 4 48
77 9 5 49
77 9 6 48
78 2 0 26
78 2 1 26
78 2 2 24
78 2 3 23
78 2 4 24
78 2 6 23
78 3 1 26
78 3 2 26
78 3 3 24
78 3 5 23
78 3 6 24
78 3 7 23
78 9 1 24
78 9 2 24
78 9 3 22
78 9 4 21
78 9 5 22
78 9 6 21
79 0 0 76
79 0 1 88
79 0 2 74
79 0 4 79
79 0 5 86
79 0 6 79
79 1 1 99
79 1 2 95
79 1 3 89
79 1 4 92
79 1 5 101
79 1 7 92
80 2 0 61
80 2 1 63
80 2 2 61
80 2 3 66
80 2 4 61
80 2 6 62
80 8 0 63
80 8 1 65
80 8 3 63
80 8 5 68
80 8 6 63
80 8 7 64
81 5 0 60
81 5 1 62
81 5 2 60
81 5 3 65
81 5 4 60
81 5 6 61
81 7 0 55
81 7 1 55
81 7 2 53
81 7 3 52
81 7 6 53
81 7 7 52
81 8 0 54
81 8 1 54
81 8 3 52
81 8 5 51
81 8 6 52
81 8 7 51
82 1 1 56
82 1 2 56
82 1 3 54
82 1 4 53
82 1 5 54
82 1 7 53
82 5 0 63
82 5 1 57
82 5 2 56
82 5 3 60
82 5 4 64
82 5 6 60
82 8 0 56
82 8 1 56
82 8 3 54
82 8 5 53
82 8 6 54
82 8 7 53
83 0 0 31
83 0 1 33
83 0 2 31
83 0 4 29
83 0 5 31
83 0 6 32
83 1 1 28
83 1 2 29
83 1 3 32
83 1 4 31
83 1 5 32
83 1 7 27
83 2 0 31
83 2 1 32
83 2 2 35
83 2 3 34
83 2 4 35
83 2 6 30
83 8 0 30
83 8 1 31
83 8 3 34
83 8 5 33
83 8 6 34
83 8 7 29
84 0 0 105
84 0 1 101
84 0 2 95
84 0 4 98
84 0 5 107
84 0 6 98
84 6 1 101
84 6 2 97
84 6 3 91
84 6 4 94
84 6 6 103
84 6 7 94
85 0 0 24
85 0 1 24
85 0 2 22
85 0 4 21
85 0 5 22
85 0 6 21
85 5 0 24
85 5 1 24
85 5 2 22
85 5 3 21
85 5 4 22
85 5 6 21
85 7 0 22
85 7 1 22
85 7 2 20
85 7 3 19
85 7 6 20
85 7 7 19
86 2 0 31
86 2 1 33
86 2 2 31
86 2 3 29
86 2 4 31
86 2 6 32
86 3 1 31
86 3 2 33
86 3 3 31
86 3 5 29
86 3 6 31
86 3 7 32
86 5 0 29
86 5 1 29
86 5 2 27
86 5 3 26
86 5 4 27
86 5 6 26
86 9 1 28
86 9 2 28
86 9 3 26
86 9 4 25
86 9 5 26
86 9 6 25
87 6 1 44
87 6 2 40
87 6 3 44
87 6 4 47
87 6 6 46
87 6 7 47
87 8 0 36
87 8 1 37
87 8 3 40
87 8 5 39
87 8 6 40
87 8 7 35
88 4 1 64
88 4 2 70
88 4 3 74
88 4 5 67
88 4 6 71
88 4 7 67
88 6 1 66
88 6 2 67
88 6 3 73
88 6 4 71
88 6 6 74
88 6 7 63
88 9 1 72
88 9 2 73
88 9 3 79
88 9 4 77
88 9 5 80
88 9 6 69
89 3 1 47
89 3 2 43
89 3 3 47
89 3 5 50
89 3 6 49
89 3 7 50
89 4 1 43
89 4 2 39
89 4 3 43
89 4 5 46
89 4 6 45
89 4 7 46
89 5 0 47
89 5 1 43
89 5 2 47
89 5 3 50
89 5 4 49
89 5 6 50
89 6 1 50
89 6 2 46
89 6 3 50
89 6 4 53
89 6 6 52
89 6 7 53
90 3 1 26
90 3 2 26
90 3 3 24
90 3 5 23
90 3 6 24
90 3 7 23
90 5 0 26
90 5 1 26
90 5 2 24
90 5 3 23
90 5 4 24
90 5 6 23
90 6 1 24
90 6 2 24
90 6 3 22
90 6 4 21
90 6 6 22
90 6 7 21
90 7 0 23
90 7 1 23
90 7 2 21
90 7 3 20
90 7 6 21
90 7 7 20
91 8 0 30
91 8 1 30
91 8 3 28
91 8 5 27
91 8 6 28
91 8 7 27
91 9 1 30
91 9 2 30
91 9 3 28
91 9 4 27
91 9 5 28
91 9 6 27
92 3 1 68
92 3 2 69
92 3 3 75
92 3 5 73
92 3 6 76
92 3 7 65
92 7 0 69
92 7 1 70
92 7 2 76
92 7 3 74
92 7 6 77
92 7 7 66
92 8 0 76
92 8 1 74
92 8 3 83
92 8 5 75
92 8 6 72
92 8 7 76
92 9 1 73
92 9 2 74
92 9 3 80
92 9 4 78
92 9 5 81
92 9 6 70
93 0 0 56
93 0 1 56
93 0 2 54
93 0 4 53
93 0 5 54
93 0 6 53
93 1 1 63
93 1 2 57
93 1 3 56
93 1 4 60
93 1 5 64
93 1 7 60
94 0 0 46
94 0 1 42
94 0 2 46
94 0 4 49
94 0 5 48
94 0 6 49
94 4 1 42
94 4 2 38
94 4 3 42
94 4 5 45
94 4 6 44
94 4 7 45
94 6 1 46
94 6 2 42
94 6 3 46
94 6 4 49
94 6 6 48
94 6 7 49
94 7 0 49
94 7 1 45
94 7 2 49
94 7 3 52
94 7 6 51
94 7 7 52
95 2 0 49
95 2 1 45
95 2 2 49
95 2 3 52
95 2 4 51
95 2 6 52
95 7 0 45
95 7 1 41
95 7 2 45
95 7 3 48
95 7 6 47
95 7 7 48
95 8 0 49
95 8 1 45
95 8 3 49
95 8 5 52
95 8 6 51
95 8 7 52
96 3 1 66
96 3 2 67
96 3 3 73
96 3 5 71
96 3 6 74
96 3 7 63
96 6 1 67
96 6 2 68
96 6 3 74
96 6 4 72
96 6 6 75
96 6 7 64
96 7 0 73
96 7 1 74
96 7 2 80
96 7 3 78
96 7 6 81
96 7 7 70
97 0 0 66
97 0 1 68
97 0 2 66
97 0 4 71
97 0 5 66
97 0 6 67
97 3 1 64
97 3 2 70
97 3 3 74
97 3 5 67
97 3 6 71
97 3 7 67
97 4 1 71
97 4 2 72
97 4 3 78
97 4 5 76
97 4 6 79
97 4 7 68
97 7 0 69
97 7 1 70
97 7 2 76
97 7 3 74
97 7 6 77
97 7 7 66
98 0 0 47
98 0 1 43
98 0 2 47
98 0 4 50
98 0 5 49
98 0 6 50
98 4 1 43
98 4 2 39
98 4 3 43
98 4 5 46
98 4 6 45
98 4 7 46
98 6 1 47
98 6 2 43
98 6 3 47
98 6 4 50
98 6 6 49
98 6 7 50
98 9 1 50
98 9 2 46
98 9 3 50
98 9 4 53
98 9 5 52
98 9 6 53
99 0 0 12
99 0 1 13
99 0 2 14
99 0 4 14
99 0 5 14
99 0 6 12
99 1 1 13
99 1 2 14
99 1 3 15
99 1 4 15
99 1 5 15
99 1 7 13
99 2 0 14
99 2 1 15
99 2 2 16
99 2 3 16
99 2 4 16
99 2 6 14
99 3 1 14
99 3 2 15
99 3 3 16
99 3 5 16
99 3 6 16
99 3 7 14
100 2 0 53
100 2 1 53
100 2 2 51
100 2 3 50
100 2 4 51
100 2 6 50
100 4 1 48
100 4 2 44
100 4 3 48
100 4 5 51
100 4 6 50
100 4 7 51
100 6 1 53
100 6 2 53
100 6 3 51
100 6 4 50
100 6 6 51
100 6 7 50
100 9 1 50
100 9 2 50
100 9 3 48
100 9 4 47
100 9 5 48
100 9 6 47
101 3 1 30
101 3 2 30
101 3 3 28
101 3 5 27
101 3 6 28
101 3 7 27
101 9 1 31
101 9 2 33
101 9 3 31
101 9 4 29
101 9 5 31
101 9 6 32
102 1 1 31
102 1 2 33
102 1 3 31
102 1 4 29
102 1 5 31
102 1 7 32
102 4 1 28
102 4 2 29
102 4 3 32
102 4 5 31
102 4 6 32
102 4 7 27
103 4 1 50
103 4 2 50
103 4 3 48
103 4 5 47
103 4 6 48
103 4 7 47
103 7 0 50
103 7 1 50
103 7 2 48
103 7 3 47
103 7 6 48
103 7 7 47
104 0 0 17
104 0 1 18
104 0 2 19
104 0 4 19
104 0 5 19
104 0 6 17
104 5 0 19
104 5 1 20
104 5 2 19
104 5 3 22
104 5 4 21
104 5 6 22
104 8 0 17
104 8 1 18
104 8 3 19
104 8 5 19
104 8 6 19
104 8 7 17
105 0 0 73
105 0 1 74
105 0 2 80
105 0 4 78
105 0 5 81
105 0 6 70
105 3 1 95
105 3 2 95
105 3 3 81
105 3 5 87
105 3 6 83
105 3 7 89
106 0 0 77
106 0 1 89
106 0 2 75
106 0 4 80
106 0 5 87
106 0 6 80
106 5 0 100
106 5 1 96
106 5 2 90
106 5 3 93
106 5 4 102
106 5 6 93
106 7 0 76
106 7 1 74
106 7 2 83
106 7 3 75
106 7 6 72
106 7 7 76
106 9 1 80
106 9 2 92
106 9 3 78
106 9 4 83
106 9 5 90
106 9 6 83
107 3 1 49
107 3 2 49
107 3 3 47
107 3 5 46
107 3 6 47
107 3 7 46
107 7 0 49
107 7 1 49
107 7 2 47
107 7 3 46
107 7 6 47
107 7 7 46
108 2 0 47
108 2 1 43
108 2 2 47
108 2 3 50
108 2 4 49
108 2 6 50
108 5 0 43
108 5 1 39
108 5 2 43
108 5 3 46
108 5 4 45
108 5 6 46
109 0 0 64
109 0 1 66
109 0 2 64
109 0 4 69
109 0 5 64
109 0 6 65
109 3 1 65
109 3 2 67
109 3 3 65
109 3 5 70
109 3 6 65
109 3 7 66
109 8 0 69
109 8 1 70
109 8 3 76
109 8 5 74
109 8 6 77
109 8 7 66
110 6 1 68
110 6 2 69
110 6 3 75
110 6 4 73
110 6 6 76
110 6 7 65
110 7 0 69
110 7 1 70
110 7 2 76
110 7 3 74
110 7 6 77
110 7 7 66
111 5 0 51
111 5 1 51
111 5 2 49
111 5 3 48
111 5 4 49
111 5 6 48
111 7 0 51
111 7 1 51
111 7 2 49
111 7 3 48
111 7 6 49
111 7 7 48
111 8 0 49
111 8 1 49
111 8 3 47
111 8 5 46
111 8 6 47
111 8 7 46
112 0 0 66
112 0 1 67
112 0 2 73
112 0 4 71
112 0 5 74
112 0 6 63
112 1 1 67
112 1 2 68
112 1 3 74
112 1 4 72
112 1 5 75
112 1 7 64
112 2 0 73
112 2 1 74
112 2 2 80
112 2 3 78
112 2 4 81
112 2 6 70
113 2 0 73
113 2 1 74
113 2 2 80
113 2 3 78
113 2 4 81
113 2 6 70
113 3 1 95
113 3 2 95
113 3 3 81
113 3 5 87
113 3 6 83
113 3 7 89
113 4 1 71
113 4 2 72
113 4 3 78
113 4 5 76
113 4 6 79
113 4 7 68
113 6 1 76
113 6 2 88
113 6 3 74
113 6 4 79
113 6 6 86
113 6 7 79
114 4 1 10
114 4 2 10
114 4 3 11
114 4 5 10
114 4 6 11
114 4 7 10
114 5 0 10
114 5 1 10
114 5 2 11
114 5 3 10
114 5 4 11
114 5 6 10
114 8 0 9
114 8 1 10
114 8 3 11
114 8 5 11
114 8 6 11
114 8 7 9
114 9 1 10
114 9 2 10
114 9 3 11
114 9 4 10
114 9 5 11
114 9 6 10
115 0 0 105
115 0 1 101
115 0 2 95
115 0 4 98
115 0 5 107
115 0 6 98
115 7 0 101
115 7 1 97
115 7 2 91
115 7 3 94
115 7 6 103
115 7 7 94
115 8 0 84
115 8 1 96
115 8 3 82
115 8 5 87
115 8 6 94
115 8 7 87
115 9 1 98
115 9 2 94
115 9 3 88
115 9 4 91
115 9 5 100
115 9 6 91
116 2 0 52
116 2 1 52
116 2 2 50
116 2 3 49
116 2 4 50
116 2 6 49
116 5 0 52
116 5 1 52
116 5 2 50
116 5 3 49
116 5 4 50
116 5 6 49
117 0 0 72
117 0 1 73
117 0 2 79
117 0 4 77
117 0 5 80
117 0 6 69
117 5 0 84
117 5 1 96
117 5 2 82
117 5 3 87
117 5 4 94
117 5 6 87
118 8 0 28
118 8 1 29
118 8 3 32
118 8 5 31
118 8 6 32
118 8 7 27
118 9 1 30
118 9 2 31
118 9 3 34
118 9 4 33
118 9 5 34
118 9 6 29
119 2 0 51
119 2 1 51
119 2 2 49
119 2 3 48
119 2 4 49
119 2 6 48
119 5 0 51
119 5 1 51
119 5 2 49
119 5 3 48
119 5 4 49
119 5 6 48
120 4 1 31
120 4 2 33
120 4 3 31
120 4 5 29
120 4 6 31
120 4 7 32
120 9 1 28
120 9 2 29
120 9 3 32
120 9 4 31
120 9 5 32
120 9 6 27
121 0 0 29
121 0 1 30
121 0 2 33
121 0 4 32
121 0 5 33
121 0 6 28
121 2 0 30
121 2 1 31
121 2 2 34
121 2 3 33
121 2 4 34
121 2 6 29
121 4 1 33
121 4 2 34
121 4 3 37
121 4 5 36
121 4 6 37
121 4 7 32
121 7 0 32
121 7 1 33
121 7 2 36
121 7 3 35
121 7 6 36
121 7 7 31
122 1 1 33
122 1 2 34
122 1 3 37
122 1 4 36
122 1 5 37
122 1 7 32
122 3 1 34
122 3 2 35
122 3 3 38
122 3 5 37
122 3 6 38
122 3 7 33
122 7 0 40
122 7 1 43
122 7 2 38
122 7 3 43
122 7 6 41
122 7 7 43
123 0 0 60
123 0 1 62
123 0 2 60
123 0 4 65
123 0 5 60
123 0 6 61
123 2 0 62
123 2 1 64
123 2 2 62
123 2 3 67
123 2 4 62
123 2 6 63
123 4 1 60
123 4 2 62
123 4 3 60
123 4 5 65
123 4 6 60
123 4 7 61
123 6 1 65
123 6 2 67
123 6 3 65
123 6 4 70
123 6 6 65
123 6 7 66
124 0 0 47
124 0 1 43
124 0 2 47
124 0 4 50
124 0 5 49
124 0 6 50
124 2 0 43
124 2 1 39
124 2 2 43
124 2 3 46
124 2 4 45
124 2 6 46
124 8 0 47
124 8 1 43
124 8 3 47
124 8 5 50
124 8 6 49
124 8 7 50
124 9 1 50
124 9 2 46
124 9 3 50
124 9 4 53
124 9 5 52
124 9 6 53
125 0 0 72
125 0 1 73
125 0 2 79
125 0 4 77
125 0 5 80
125 0 6 69
125 3 1 84
125 3 2 96
125 3 3 82
125 3 5 87
125 3 6 94
125 3 7 87
125 9 1 70
125 9 2 71
125 9 3 77
125 9 4 75
125 9 5 78
125 9 6 67
126 1 1 79
126 1 2 91
126 1 3 77
126 1 4 82
126 1 5 89
126 1 7 82
126 9 1 102
126 9 2 98
126 9 3 92
126 9 4 95
126 9 5 104
126 9 6 95
127 5 0 51
127 5 1 51
127 5 2 49
127 5 3 48
127 5 4 49
127 5 6 48
127 6 1 51
127 6 2 51
127 6 3 49
127 6 4 48
127 6 6 49
127 6 7 48
127 7 0 49
127 7 1 49
127 7 2 47
127 7 3 46
127 7 6 47
127 7 7 46
127 9 1 55
127 9 2 47
127 9 3 55
127 9 4 52
127 9 5 47
127 9 6 54
128 4 1 28
128 4 2 29
128 4 3 32
128 4 5 31
128 4 6 32
128 4 7 27
128 5 0 30
128 5 1 31
128 5 2 34
128 5 3 33
128 5 4 34
128 5 6 29
128 6 1 28
128 6 2 29
128 6 3 32
128 6 4 31
128 6 6 32
128 6 7 27
128 7 0 30
128 7 1 30
128 7 2 28
128 7 3 27
128 7 6 28
128 7 7 27
129 2 0 77
129 2 1 89
129 2 2 75
129 2 3 80
129 2 4 87
129 2 6 80
129 4 1 100
129 4 2 96
129 4 3 90
129 4 5 93
129 4 6 102
129 4 7 93
130 0 0 68
130 0 1 69
130 0 2 75
130 0 4 73
130 0 5 76
130 0 6 65
130 5 0 69
130 5 1 70
130 5 2 76
130 5 3 74
130 5 4 77
130 5 6 66
130 6 1 76
130 6 2 74
130 6 3 83
130 6 4 75
130 6 6 72
130 6 7 76
130 7 0 73
130 7 1 74
130 7 2 80
130 7 3 78
130 7 6 81
130 7 7 70
131 0 0 49
131 0 1 45
131 0 2 49
131 0 4 52
131 0 5 51
131 0 6 52
131 2 0 45
131 2 1 41
131 2 2 45
131 2 3 48
131 2 4 47
131 2 6 48
131 4 1 49
131 4 2 45
131 4 3 49
131 4 5 52
131 4 6 51
131 4 7 52
131 8 0 49
131 8 1 49
131 8 3 47
131 8 5 46
131 8 6 47
131 8 7 46
132 2 0 51
132 2 1 51
132 2 2 49
132 2 3 48
132 2 4 49
132 2 6 48
132 5 0 51
132 5 1 51
132 5 2 49
132 5 3 48
132 5 4 49
132 5 6 48
132 9 1 49
132 9 2 49
132 9 3 47
132 9 4 46
132 9 5 47
132 9 6 46
133 0 0 15
133 0 1 16
133 0 2 17
133 0 4 17
133 0 5 17
133 0 6 15
133 1 1 16
133 1 2 17
133 1 3 18
133 1 4 18
133 1 5 18
133 1 7 16
133 5 0 17
133 5 1 18
133 5 2 19
133 5 3 19
133 5 4 19
133 5 6 17
134 1 1 48
134 1 2 44
134 1 3 48
134 1 4 51
134 1 5 50
134 1 7 51
134 9 1 44
134 9 2 40
134 9 3 44
134 9 4 47
134 9 5 46
134 9 6 47
135 4 1 44
135 4 2 40
135 4 3 44
135 4 5 47
135 4 6 46
135 4 7 47
135 6 1 36
135 6 2 37
135 6 3 40
135 6 4 39
135 6 6 40
135 6 7 35
135 7 0 44
135 7 1 40
135 7 2 44
135 7 3 47
135 7 6 46
135 7 7 47
135 9 1 47
135 9 2 43
135 9 3 47
135 9 4 50
135 9 5 49
135 9 6 50
136 8 0 33
136 8 1 34
136 8 3 37
136 8 5 36
136 8 6 37
136 8 7 32
136 9 1 34
136 9 2 35
136 9 3 38
136 9 4 37
136 9 5 38
136 9 6 33
137 2 0 60
137 2 1 62
137 2 2 60
137 2 3 65
137 2 4 60
137 2 6 61
137 3 1 55
137 3 2 55
137 3 3 53
137 3 5 52
137 3 6 53
137 3 7 52
137 5 0 54
137 5 1 54
137 5 2 52
137 5 3 51
137 5 4 52
137 5 6 51
137 8 0 63
137 8 1 57
137 8 3 56
137 8 5 60
137 8 6 64
137 8 7 60
138 2 0 51
138 2 1 51
138 2 2 49
138 2 3 48
138 2 4 49
138 2 6 48
138 8 0 51
138 8 1 51
138 8 3 49
138 8 5 48
138 8 6 49
138 8 7 48
139 4 1 14
139 4 2 15
139 4 3 16
139 4 5 16
139 4 6 16
139 4 7 14
139 5 0 15
139 5 1 16
139 5 2 17
139 5 3 17
139 5 4 17
139 5 6 15
140 1 1 28
140 1 2 28
140 1 3 26
140 1 4 25
140 1 5 26
140 1 7 25
140 2 0 28
140 2 1 28
140 2 2 26
140 2 3 25
140 2 4 26
140 2 6 25
140 5 0 26
140 5 1 26
140 5 2 24
140 5 3 23
140 5 4 24
140 5 6 23
140 9 1 25
140 9 2 25
140 9 3 23
140 9 4 22
140 9 5 23
140 9 6 22
141 3 1 49
141 3 2 49
141 3 3 47
141 3 5 46
141 3 6 47
141 3 7 46
141 4 1 49
141 4 2 49
141 4 3 47
141 4 5 46
141 4 6 47
141 4 7 46
141 6 1 50
141 6 2 46
141 6 3 50
141 6 4 53
141 6 6 52
141 6 7 53
142 8 0 103
142 8 1 95
142 8 3 103
142 8 5 100
142 8 6 95
142 8 7 102
142 9 1 94
142 9 2 103
142 9 3 101
142 9 4 106
142 9 5 101
142 9 6 109
143 2 0 45
143 2 1 41
143 2 2 45
143 2 3 48
143 2 4 47
143 2 6 48
143 4 1 40
143 4 2 43
143 4 3 38
143 4 5 43
143 4 6 41
143 4 7 43
143 5 0 45
143 5 1 41
143 5 2 45
143 5 3 48
143 5 4 47
143 5 6 48
143 9 1 48
143 9 2 44
143 9 3 48
143 9 4 51
143 9 5 50
143 9 6 51
144 2 0 64
144 2 1 66
144 2 2 64
144 2 3 69
144 2 4 64
144 2 6 65
144 3 1 65
144 3 2 67
144 3 3 65
144 3 5 70
144 3 6 65
144 3 7 66
144 7 0 69
144 7 1 70
144 7 2 76
144 7 3 74
144 7 6 77
144 7 7 66
144 8 0 67
144 8 1 68
144 8 3 74
144 8 5 72
144 8 6 75
144 8 7 64
145 0 0 73
145 0 1 74
145 0 2 80
145 0 4 78
145 0 5 81
145 0 6 70
145 3 1 95
145 3 2 95
145 3 3 81
145 3 5 87
145 3 6 83
145 3 7 89
145 9 1 71
145 9 2 72
145 9 3 78
145 9 4 76
145 9 5 79
145 9 6 68
146 2 0 30
146 2 1 30
146 2 2 28
146 2 3 27
146 2 4 28
146 2 6 27
146 6 1 31
146 6 2 33
146 6 3 31
146 6 4 29
146 6 6 31
146 6 7 32
147 5 0 72
147 5 1 73
147 5 2 79
147 5 3 77
147 5 4 80
147 5 6 69
147 8 0 84
147 8 1 96
147 8 3 82
147 8 5 87
147 8 6 94
147 8 7 87
148 2 0 12
148 2 1 13
148 2 2 14
148 2 3 14
148 2 4 14
148 2 6 12
148 8 0 13
148 8 1 14
148 8 3 15
148 8 5 15
148 8 6 15
148 8 7 13
149 0 0 40
149 0 1 43
149 0 2 38
149 0 4 43
149 0 5 41
149 0 6 43
149 6 1 44
149 6 2 40
149 6 3 44
149 6 4 47
149 6 6 46
149 6 7 47
150 2 0 55
150 2 1 47
150 2 2 55
150 2 3 52
150 2 4 47
150 2 6 54
150 4 1 47
150 4 2 43
150 4 3 47
150 4 5 50
150 4 6 49
150 4 7 50
150 6 1 55
150 6 2 47
150 6 3 55
150 6 4 52
150 6 6 47
150 6 7 54
150 8 0 51
150 8 1 51
150 8 3 49
150 8 5 48
150 8 6 49
150 8 7 48
151 2 0 31
151 2 1 33
151 2 2 31
151 2 3 29
151 2 4 31
151 2 6 32
151 6 1 31
151 6 2 33
151 6 3 31
151 6 4 29
151 6 6 31
151 6 7 32
152 1 1 29
152 1 2 30
152 1 3 33
152 1 4 32
152 1 5 33
152 1 7 28
152 6 1 30
152 6 2 31
152 6 3 34
152 6 4 33
152 6 6 34
152 6 7 29
152 7 0 33
152 7 1 34
152 7 2 37
152 7 3 36
152 7 6 37
152 7 7 32
153 0 0 64
153 0 1 66
153 0 2 64
153 0 4 69
153 0 5 64
153 0 6 65
153 4 1 65
153 4 2 67
153 4 3 65
153 4 5 70
153 4 6 65
153 4 7 66
153 8 0 69
153 8 1 70
153 8 3 76
153 8 5 74
153 8 6 77
153 8 7 66
154 0 0 102
154 0 1 94
154 0 2 102
154 0 4 99
154 0 5 94
154 0 6 101
154 5 0 105
154 5 1 101
154 5 2 95
154 5 3 98
154 5 4 107
154 5 6 98
154 8 0 99
154 8 1 95
154 8 3 89
154 8 5 92
154 8 6 101
154 8 7 92
155 2 0 100
155 2 1 92
155 2 2 100
155 2 3 97
155 2 4 92
155 2 6 99
155 4 1 103
155 4 2 99
155 4 3 93
155 4 5 96
155 4 6 105
155 4 7 96
155 8 0 97
155 8 1 93
155 8 3 87
155 8 5 90
155 8 6 99
155 8 7 90
156 1 1 71
156 1 2 72
156 1 3 78
156 1 4 76
156 1 5 79
156 1 7 68
156 6 1 83
156 6 2 95
156 6 3 81
156 6 4 86
156 6 6 93
156 6 7 86
156 9 1 69
156 9 2 70
156 9 3 76
156 9 4 74
156 9 5 77
156 9 6 66
157 3 1 23
157 3 2 23
157 3 3 21
157 3 5 20
157 3 6 21
157 3 7 20
157 5 0 23
157 5 1 23
157 5 2 21
157 5 3 20
157 5 4 21
157 5 6 20
157 7 0 19
157 7 1 20
157 7 2 19
157 7 3 22
157 7 6 21
157 7 7 22
158 4 1 28
158 4 2 29
158 4 3 32
158 4 5 31
158 4 6 32
158 4 7 27
158 5 0 29
158 5 1 30
158 5 2 33
158 5 3 32
158 5 4 33
158 5 6 28
158 7 0 32
158 7 1 33
158 7 2 36
158 7 3 35
158 7 6 36
158 7 7 31
158 9 1 31
158 9 2 32
158 9 3 35
158 9 4 34
158 9 5 35
158 9 6 30
159 0 0 31
159 0 1 33
159 0 2 31
159 0 4 29
159 0 5 31
159 0 6 32
159 4 1 28
159 4 2 29
159 4 3 32
159 4 5 31
159 4 6 32
159 4 7 27
159 8 0 31
159 8 1 32
159 8 3 35
159 8 5 34
159 8 6 35
159 8 7 30
159 9 1 30
159 9 2 31
159 9 3 34
159 9 4 33
159 9 5 34
159 9 6 29
160 4 1 65
160 4 2 67
160 4 3 65
160 4 5 70
160 4 6 65
160 4 7 66
160 6 1 66
160 6 2 68
160 6 3 66
160 6 4 71
160 6 6 66
160 6 7 67
161 2 0 51
161 2 1 51
161 2 2 49
161 2 3 48
161 2 4 49
161 2 6 48
161 4 1 51
161 4 2 51
161 4 3 49
161 4 5 48
161 4 6 49
161 4 7 48
162 2 0 71
162 2 1 72
162 2 2 78
162 2 3 76
162 2 4 79
162 2 6 68
162 5 0 83
162 5 1 95
162 5 2 81
162 5 3 86
162 5 4 93
162 5 6 86
163 0 0 71
163 0 1 72
163 0 2 78
163 0 4 76
163 0 5 79
163 0 6 68
163 2 0 83
163 2 1 95
163 2 2 81
163 2 3 86
163 2 4 93
163 2 6 86
163 3 1 69
163 3 2 70
163 3 3 76
163 3 5 74
163 3 6 77
163 3 7 66
163 4 1 74
163 4 2 75
163 4 3 81
163 4 5 79
163 4 6 82
163 4 7 71
164 4 1 29
164 4 2 29
164 4 3 27
164 4 5 26
164 4 6 27
164 4 7 26
164 9 1 29
164 9 2 29
164 9 3 27
164 9 4 26
164 9 5 27
164 9 6 26
165 0 0 9
165 0 1 10
165 0 2 11
165 0 4 11
165 0 5 11
165 0 6 9
165 5 0 10
165 5 1 11
165 5 2 12
165 5 3 12
165 5 4 12
165 5 6 10
165 8 0 11
165 8 1 12
165 8 3 13
165 8 5 13
165 8 6 13
165 8 7 11
165 9 1 11
165 9 2 12
165 9 3 13
165 9 4 13
165 9 5 13
165 9 6 11
166 0 0 29
166 0 1 29
166 0 2 27
166 0 4 26
166 0 5 27
166 0 6 26
166 5 0 30
166 5 1 30
166 5 2 28
166 5 3 27
166 5 4 28
166 5 6 27
166 6 1 29
166 6 2 30
166 6 3 33
166 6 4 32
166 6 6 33
166 6 7 28
166 9 1 28
166 9 2 29
166 9 3 32
166 9 4 31
166 9 5 32
166 9 6 27
167 0 0 40
167 0 1 43
167 0 2 38
167 0 4 43
167 0 5 41
167 0 6 43
167 2 0 44
167 2 1 40
167 2 2 44
167 2 3 47
167 2 4 46
167 2 6 47
167 6 1 35
167 6 2 36
167 6 3 39
167 6 4 38
167 6 6 39
167 6 7 34
168 0 0 64
168 0 1 66
168 0 2 64
168 0 4 69
168 0 5 64
168 0 6 65
168 1 1 65
168 1 2 67
168 1 3 65
168 1 4 70
168 1 5 65
168 1 7 66
168 6 1 69
168 6 2 70
168 6 3 76
168 6 4 74
168 6 6 77
168 6 7 66
168 7 0 67
168 7 1 68
168 7 2 74
168 7 3 72
168 7 6 75
168 7 7 64
169 1 1 72
169 1 2 73
169 1 3 79
169 1 4 77
169 1 5 80
169 1 7 69
169 2 0 84
169 2 1 96
169 2 2 82
169 2 3 87
169 2 4 94
169 2 6 87
169 4 1 70
169 4 2 71
169 4 3 77
169 4 5 75
169 4 6 78
169 4 7 67
170 2 0 66
170 2 1 67
170 2 2 73
170 2 3 71
170 2 4 74
170 2 6 63
170 6 1 67
170 6 2 68
170 6 3 74
170 6 4 72
170 6 6 75
170 6 7 64
170 7 0 73
170 7 1 74
170 7 2 80
170 7 3 78
170 7 6 81
170 7 7 70
171 0 0 94
171 0 1 103
171 0 2 101
171 0 4 106
171 0 5 101
171 0 6 109
171 8 0 102
171 8 1 98
171 8 3 92
171 8 5 95
171 8 6 104
171 8 7 95
172 1 1 26
172 1 2 26
172 1 3 24
172 1 4 23
172 1 5 24
172 1 7 23
172 2 0 26
172 2 1 26
172 2 2 24
172 2 3 23
172 2 4 24
172 2 6 23
172 5 0 24
172 5 1 24
172 5 2 22
172 5 3 21
172 5 4 22
172 5 6 21
172 7 0 23
172 7 1 23
172 7 2 21
172 7 3 20
172 7 6 21
172 7 7 20
173 3 1 100
173 3 2 92
173 3 3 100
173 3 5 97
173 3 6 92
173 3 7 99
173 7 0 103
173 7 1 99
173 7 2 93
173 7 3 96
173 7 6 105
173 7 7 96
174 3 1 71
174 3 2 72
174 3 3 78
174 3 5 76
174 3 6 79
174 3 7 68
174 5 0 83
174 5 1 95
174 5 2 81
174 5 3 86
174 5 4 93
174 5 6 86
175 2 0 103
175 2 1 99
175 2 2 93
175 2 3 96
175 2 4 105
175 2 6 96
175 8 0 99
175 8 1 95
175 8 3 89
175 8 5 92
175 8 6 101
175 8 7 92
175 9 1 82
175 9 2 94
175 9 3 80
175 9 4 85
175 9 5 92
175 9 6 85
176 0 0 29
176 0 1 29
176 0 2 27
176 0 4 26
176 0 5 27
176 0 6 26
176 1 1 30
176 1 2 30
176 1 3 28
176 1 4 27
176 1 5 28
176 1 7 27
176 5 0 29
176 5 1 30
176 5 2 33
176 5 3 32
176 5 4 33
176 5 6 28
176 8 0 28
176 8 1 29
176 8 3 32
176 8 5 31
176 8 6 32
176 8 7 27
177 0 0 12
177 0 1 13
177 0 2 14
177 0 4 14
177 0 5 14
177 0 6 12
177 1 1 13
177 1 2 14
177 1 3 15
177 1 4 15
177 1 5 15
177 1 7 13
177 2 0 14
177 2 1 15
177 2 2 16
177 2 3 16
177 2 4 16
177 2 6 14
177 3 1 14
177 3 2 15
177 3 3 16
177 3 5 16
177 3 6 16
177 3 7 14
178 1 1 45
178 1 2 41
178 1 3 45
178 1 4 48
178 1 5 47
178 1 7 48
178 9 1 40
178 9 2 43
178 9 3 38
178 9 4 43
178 9 5 41
178 9 6 43
179 2 0 47
179 2 1 43
179 2 2 47
179 2 3 50
179 2 4 49
179 2 6 50
179 7 0 43
179 7 1 39
179 7 2 43
179 7 3 46
179 7 6 45
179 7 7 46
180 1 1 26
180 1 2 26
180 1 3 24
180 1 4 23
180 1 5 24
180 1 7 23
180 2 0 26
180 2 1 26
180 2 2 24
180 2 3 23
180 2 4 24
180 2 6 23
180 3 1 24
180 3 2 24
180 3 3 22
180 3 5 21
180 3 6 22
180 3 7 21
180 9 1 23
180 9 2 23
180 9 3 21
180 9 4 20
180 9 5 21
180 9 6 20
181 2 0 76
181 2 1 88
181 2 2 74
181 2 3 79
181 2 4 86
181 2 6 79
181 3 1 99
181 3 2 95
181 3 3 89
181 3 5 92
181 3 6 101
181 3 7 92
181 8 0 74
181 8 1 75
181 8 3 81
181 8 5 79
181 8 6 82
181 8 7 71
181 9 1 79
181 9 2 91
181 9 3 77
181 9 4 82
181 9 5 89
181 9 6 82
182 6 1 32
182 6 2 33
182 6 3 36
182 6 4 35
182 6 6 36
182 6 7 31
182 8 0 33
182 8 1 34
182 8 3 37
182 8 5 36
182 8 6 37
182 8 7 32
182 9 1 36
182 9 2 37
182 9 3 40
182 9 4 39
182 9 5 40
182 9 6 35
183 2 0 76
183 2 1 74
183 2 2 83
183 2 3 75
183 2 4 72
183 2 6 76
183 4 1 98
183 4 2 94
183 4 3 88
183 4 5 91
183 4 6 100
183 4 7 91
183 6 1 73
183 6 2 74
183 6 3 80
183 6 4 78
183 6 6 81
183 6 7 70
183 7 0 78
183 7 1 90
183 7 2 76
183 7 3 81
183 7 6 88
183 7 7 81
184 2 0 66
184 2 1 68
184 2 2 66
184 2 3 71
184 2 4 66
184 2 6 67
184 4 1 64
184 4 2 70
184 4 3 74
184 4 5 67
184 4 6 71
184 4 7 67
185 3 1 67
185 3 2 68
185 3 3 74
185 3 5 72
185 3 6 75
185 3 7 64
185 5 0 68
185 5 1 69
185 5 2 75
185 5 3 73
185 5 4 76
185 5 6 65
185 7 0 74
185 7 1 75
185 7 2 81
185 7 3 79
185 7 6 82
185 7 7 71
185 8 0 72
185 8 1 73
185 8 3 79
185 8 5 77
185 8 6 80
185 8 7 69
186 0 0 63
186 0 1 65
186 0 2 63
186 0 4 68
186 0 5 63
186 0 6 64
186 3 1 64
186 3 2 66
186 3 3 64
186 3 5 69
186 3 6 64
186 3 7 65
187 1 1 28
187 1 2 29
187 1 3 32
187 1 4 31
187 1 5 32
187 1 7 27
187 3 1 29
187 3 2 30
187 3 3 33
187 3 5 32
187 3 6 33
187 3 7 28
187 6 1 32
187 6 2 33
187 6 3 36
187 6 4 35
187 6 6 36
187 6 7 31
187 9 1 31
187 9 2 32
187 9 3 35
187 9 4 34
187 9 5 35
187 9 6 30
188 4 1 71
188 4 2 72
188 4 3 78
188 4 5 76
188 4 6 79
188 4 7 68
188 5 0 83
188 5 1 95
188 5 2 81
188 5 3 86
188 5 4 93
188 5 6 86
188 8 0 69
188 8 1 70
188 8 3 76
188 8 5 74
188 8 6 77
188 8 7 66
188 9 1 74
188 9 2 75
188 9 3 81
188 9 4 79
188 9 5 82
188 9 6 71
189 1 1 46
189 1 2 42
189 1 3 46
189 1 4 49
189 1 5 48
189 1 7 49
189 3 1 42
189 3 2 38
189 3 3 42
189 3 5 45
189 3 6 44
189 3 7 45
189 5 0 46
189 5 1 42
189 5 2 46
189 5 3 49
189 5 4 48
189 5 6 49
189 6 1 49
189 6 2 45
189 6 3 49
189 6 4 52
189 6 6 51
189 6 7 52
190 0 0 61
190 0 1 63
190 0 2 61
190 0 4 66
190 0 5 61
190 0 6 62
190 1 1 63
190 1 2 65
190 1 3 63
190 1 4 68
190 1 5 63
190 1 7 64
190 4 1 61
190 4 2 63
190 4 3 61
190 4 5 66
190 4 6 61
190 4 7 62
190 9 1 66
190 9 2 68
190 9 3 66
190 9 4 71
190 9 5 66
190 9 6 67
191 2 0 78
191 2 1 90
191 2 2 76
191 2 3 81
191 2 4 88
191 2 6 81
191 4 1 101
191 4 2 97
191 4 3 91
191 4 5 94
191 4 6 103
191 4 7 94
191 8 0 76
191 8 1 88
191 8 3 74
191 8 5 79
191 8 6 86
191 8 7 79
192 2 0 59
192 2 1 61
192 2 2 59
192 2 3 64
192 2 4 59
192 2 6 60
192 6 1 61
192 6 2 63
192 6 3 61
192 6 4 66
192 6 6 61
192 6 7 62
192 7 0 59
192 7 1 61
192 7 2 59
192 7 3 64
192 7 6 59
192 7 7 60
192 8 0 64
192 8 1 66
192 8 3 64
192 8 5 69
192 8 6 64
192 8 7 65
193 0 0 60
193 0 1 62
193 0 2 60
193 0 4 65
193 0 5 60
193 0 6 61
193 1 1 62
193 1 2 64
193 1 3 62
193 1 4 67
193 1 5 62
193 1 7 63
193 8 0 60
193 8 1 62
193 8 3 60
193 8 5 65
193 8 6 60
193 8 7 61
193 9 1 65
193 9 2 67
193 9 3 65
193 9 4 70
193 9 5 65
193 9 6 66
194 4 1 68
194 4 2 69
194 4 3 75
194 4 5 73
194 4 6 76
194 4 7 65
194 8 0 69
194 8 1 70
194 8 3 76
194 8 5 74
194 8 6 77
194 8 7 66
194 9 1 76
194 9 2 74
194 9 3 83
194 9 4 75
194 9 5 72
194 9 6 76
195 3 1 31
195 3 2 33
195 3 3 31
195 3 5 29
195 3 6 31
195 3 7 32
195 6 1 31
195 6 2 33
195 6 3 31
195 6 4 29
195 6 6 31
195 6 7 32
196 2 0 17
196 2 1 18
196 2 2 19
196 2 3 19
196 2 4 19
196 2 6 17
196 5 0 19
196 5 1 20
196 5 2 19
196 5 3 22
196 5 4 21
196 5 6 22
197 3 1 25
197 3 2 25
197 3 3 23
197 3 5 22
197 3 6 23
197 3 7 22
197 9 1 25
197 9 2 25
197 9 3 23
197 9 4 22
197 9 5 23
197 9 6 22
