Jobs:
0 1 2 3 4 5 6 7 8 9 10 11 12 13 14 15 16 17 18 19
Machines:
0 1 2 3 4 5 6 7 8 9
Workers:
0 1 2 3 4 5 6 7 8 9
Operations per job:
0 1 2 3 4 5 6 7
8 9 10 11 12 13 14 15
16 17 18 19 20 21 22 23
24 25 26 27 28
29 30 31 32 33 34
35 36 37 38 39 40 41 42
43 44 45 46 47 48
49 50 51 52 53
54 55 56 57 58 59 60 61 62
63 64 65 66 67 68 69 70 71
72 73 74 75 76
77 78 79 80 81 82 83 84 85
86 87 88 89 90
91 92 93 94 95 96 97 98 99 100
101 102 103 104 105 106 107 108
109 110 111 112 113 114 115
116 117 118 119 120 121 122 123
124 125 126 127 128 129 130
131 132 133 134 135 136 137 138 139 140
141 142 143 144 145 146 147
Predecessors per operation:

0
1
2
3
4
5
6

8
9
10
11
12
13
14

16
17
18
19
20
21
22

24
25
26
27

29
30
31
32
33

35
36
37
38
39
40
41

43
44
45
46
47

49
50
51
52

54
55
56
57
58
59
60
61

63
64
65
66
67
68
69
70

72
73
74
75

77
78
79
80
81
82
83
84

86
87
88
89

91
92
93
94
95
96
97
98
99

101
102
103
104
105
106
107

109
110
111
112
113
114

116
117
118
119
120
121
122

124
125
126
127
128
129

131
132
133
134
135
136
137
138
139

141
142
143
144
145
146
Successors per operation:
1
2
3
4
5
6
7

9
10
11
12
13
14
15

17
18
19
20
21
22
23

25
26
27
28

30
31
32
33
34

36
37
38
39
40
41
42

44
45
46
47
48

50
51
52
53

55
56
57
58
59
60
61
62

64
65
66
67
68
69
70
71

73
74
75
76

78
79
80
81
82
83
84
85

87
88
89
90

92
93
94
95
96
97
98
99
100

102
103
104
105
106
107
108

110
111
112
113
114
115

117
118
119
120
121
122
123

125
126
127
128
129
130

132
133
134
135
136
137
138
139
140

142
143
144
145
146
147

Machines per operation:
7
5
9
8
3 5
1
2 8
4
0 6
8 9
3
5 6
2
5 6 8
8
3 5 7
8
3 8 9
4 5 9
0 2 6
2 9
0 1 3
2 3 7
2 4 5
2 4 6
0 4
0
1
3 4
2 6 9
1 7 9
5
6
5
4
2 3
3 8
0 3 4
2 4 6
1 6 8
4 8 9
2 4 7
1 4 5
0 4
2 6 9
3 6 8
1 2 8
0 1
2 6
0 2
0 7 8
5
0 2
4 8
1 5
0
4
2 8
2 5 7
5
1 2 4
7
5 6
2
0 8
4 6 8
3 4
8
0 2 9
0 1 8
6 8
2
4
0
2 7
7 8 9
5
3
1 9
1
0
1 4 7
9
5 6 8
1 6
1 8
7 8
7
5
1 2 3
0 3
4 5
0 5
8
0 6
5 6 7
3 8
0
1
2 6 8
1 3
8
4 8
1 4 6
7
6 7 9
3
4 9
0 7
5 8
8 9
2 6
1 2 9
3
0 5
3 4
1 2 6
0 7
2
5 7
0 6
0 5 6
3
5
5
2
8
3 7 9
0 4 5
1 4 6
0 3
4 5 8
4
0 1 4
0 3 8
1 5
2 3 5
2
2 3 9
3
5 9
8
8 9
2 8
1 3 9
7
8 9
1
Processing times (o m w p):
0 7 2 80
0 7 3 79
0 7 4 86
0 7 5 72
0 7 7 77
1 5 0 82
1 5 2 82
1 5 5 87
1 5 6 90
1 5 9 81
2 9 2 63
2 9 3 67
2 9 4 67
2 9 6 62
2 9 9 63
3 8 0 89
3 8 1 87
3 8 2 91
3 8 4 90
3 8 6 87
4 3 2 53
4 3 5 59
4 3 6 59
4 3 7 50
4 3 8 51
4 5 0 62
4 5 2 66
4 5 5 66
4 5 6 61
4 5 9 62
5 1 0 31
5 1 1 31
5 1 2 33
5 1 4 34
5 1 8 29
6 2 3 33
6 2 5 33
6 2 6 35
6 2 8 36
6 2 9 31
6 8 0 33
6 8 1 33
6 8 2 35
6 8 4 36
6 8 6 31
7 4 3 51
7 4 4 57
7 4 5 57
7 4 8 48
7 4 9 49
8 0 3 91
8 0 5 89
8 0 7 93
8 0 8 92
8 0 9 89
8 6 0 94
8 6 1 88
8 6 2 88
8 6 3 91
8 6 9 86
9 8 0 28
9 8 1 28
9 8 2 28
9 8 4 25
9 8 6 26
9 9 2 28
9 9 3 28
9 9 4 28
9 9 6 25
9 9 9 26
10 3 2 44
10 3 5 42
10 3 6 46
10 3 7 45
10 3 8 42
11 5 0 34
11 5 2 34
11 5 5 36
11 5 6 37
11 5 9 32
11 6 0 34
11 6 1 34
11 6 2 36
11 6 3 37
11 6 9 32
12 2 3 95
12 2 5 89
12 2 6 89
12 2 8 92
12 2 9 87
13 5 0 82
13 5 2 82
13 5 5 87
13 5 6 90
13 5 9 81
13 6 0 90
13 6 1 84
13 6 2 84
13 6 3 87
13 6 9 82
13 8 0 90
13 8 1 84
13 8 2 84
13 8 4 87
13 8 6 82
14 8 0 62
14 8 1 66
14 8 2 66
14 8 4 61
14 8 6 62
15 3 2 89
15 3 5 87
15 3 6 91
15 3 7 90
15 3 8 87
15 5 0 82
15 5 2 82
15 5 5 87
15 5 6 90
15 5 9 81
15 7 2 91
15 7 3 89
15 7 4 93
15 7 5 92
15 7 7 89
16 8 0 82
16 8 1 82
16 8 2 87
16 8 4 90
16 8 6 81
17 3 2 13
17 3 5 13
17 3 6 14
17 3 7 14
17 3 8 12
17 8 0 13
17 8 1 13
17 8 2 14
17 8 4 14
17 8 6 12
17 9 2 14
17 9 3 14
17 9 4 15
17 9 6 15
17 9 9 13
18 4 3 9
18 4 4 9
18 4 5 9
18 4 8 9
18 4 9 8
18 5 0 9
18 5 2 9
18 5 5 9
18 5 6 9
18 5 9 8
18 9 2 9
18 9 3 9
18 9 4 9
18 9 6 9
18 9 9 8
19 0 3 49
19 0 5 47
19 0 7 51
19 0 8 50
19 0 9 47
19 2 3 51
19 2 5 57
19 2 6 57
19 2 8 48
19 2 9 49
19 6 0 50
19 6 1 56
19 6 2 56
19 6 3 47
19 6 9 48
20 2 3 67
20 2 5 71
20 2 6 71
20 2 8 66
20 2 9 67
20 9 2 71
20 9 3 72
20 9 4 75
20 9 6 77
20 9 9 68
21 0 3 88
21 0 5 86
21 0 7 90
21 0 8 89
21 0 9 86
21 1 0 91
21 1 1 85
21 1 2 85
21 1 4 88
21 1 8 83
21 3 2 91
21 3 5 85
21 3 6 85
21 3 7 88
21 3 8 83
22 2 3 50
22 2 5 48
22 2 6 52
22 2 8 51
22 2 9 48
22 3 2 51
22 3 5 57
22 3 6 57
22 3 7 48
22 3 8 49
22 7 2 51
22 7 3 57
22 7 4 57
22 7 5 48
22 7 7 49
23 2 3 69
23 2 5 73
23 2 6 73
23 2 8 68
23 2 9 69
23 4 3 73
23 4 4 74
23 4 5 77
23 4 8 79
23 4 9 70
23 5 0 73
23 5 2 74
23 5 5 77
23 5 6 79
23 5 9 70
24 2 3 45
24 2 5 43
24 2 6 47
24 2 8 46
24 2 9 43
24 4 3 43
24 4 4 41
24 4 5 45
24 4 8 44
24 4 9 41
24 6 0 47
24 6 1 45
24 6 2 49
24 6 3 48
24 6 9 45
25 0 3 23
25 0 5 23
25 0 7 23
25 0 8 20
25 0 9 21
25 4 3 23
25 4 4 23
25 4 5 23
25 4 8 20
25 4 9 21
26 0 3 50
26 0 5 48
26 0 7 52
26 0 8 51
26 0 9 48
27 1 0 20
27 1 1 18
27 1 2 22
27 1 4 21
27 1 8 18
28 3 2 90
28 3 5 88
28 3 6 92
28 3 7 91
28 3 8 88
28 4 3 88
28 4 4 86
28 4 5 90
28 4 8 89
28 4 9 86
29 2 3 32
29 2 5 32
29 2 6 34
29 2 8 35
29 2 9 30
29 6 0 32
29 6 1 32
29 6 2 34
29 6 3 35
29 6 9 30
29 9 2 34
29 9 3 34
29 9 4 36
29 9 6 37
29 9 9 32
30 1 0 76
30 1 1 77
30 1 2 80
30 1 4 82
30 1 8 73
30 7 2 77
30 7 3 78
30 7 4 81
30 7 5 83
30 7 7 74
30 9 2 80
30 9 3 79
30 9 4 86
30 9 6 72
30 9 9 77
31 5 0 93
31 5 2 87
31 5 5 87
31 5 6 90
31 5 9 85
32 6 0 64
32 6 1 68
32 6 2 68
32 6 3 63
32 6 9 64
33 5 0 44
33 5 2 42
33 5 5 46
33 5 6 45
33 5 9 42
34 4 3 53
34 4 4 59
34 4 5 59
34 4 8 50
34 4 9 51
35 2 3 77
35 2 5 78
35 2 6 81
35 2 8 83
35 2 9 74
35 3 2 78
35 3 5 79
35 3 6 82
35 3 7 84
35 3 8 75
36 3 2 14
36 3 5 14
36 3 6 15
36 3 7 15
36 3 8 13
36 8 0 14
36 8 1 14
36 8 2 15
36 8 4 15
36 8 6 13
37 0 3 24
37 0 5 24
37 0 7 24
37 0 8 21
37 0 9 22
37 3 2 24
37 3 5 24
37 3 6 24
37 3 7 21
37 3 8 22
37 4 3 24
37 4 4 24
37 4 5 24
37 4 8 21
37 4 9 22
38 2 3 22
38 2 5 22
38 2 6 22
38 2 8 19
38 2 9 20
38 4 3 22
38 4 4 22
38 4 5 22
38 4 8 19
38 4 9 20
38 6 0 22
38 6 1 22
38 6 2 22
38 6 3 19
38 6 9 20
39 1 0 50
39 1 1 48
39 1 2 52
39 1 4 51
39 1 8 48
39 6 0 51
39 6 1 57
39 6 2 57
39 6 3 48
39 6 9 49
39 8 0 51
39 8 1 57
39 8 2 57
39 8 4 48
39 8 6 49
40 4 3 34
40 4 4 34
40 4 5 36
40 4 8 37
40 4 9 32
40 8 0 34
40 8 1 34
40 8 2 36
40 8 4 37
40 8 6 32
40 9 2 36
40 9 3 36
40 9 4 38
40 9 6 39
40 9 9 34
41 2 3 92
41 2 5 90
41 2 6 94
41 2 8 93
41 2 9 90
41 4 3 90
41 4 4 88
41 4 5 92
41 4 8 91
41 4 9 88
41 7 2 94
41 7 3 92
41 7 4 96
41 7 5 95
41 7 7 92
42 1 0 66
42 1 1 70
42 1 2 70
42 1 4 65
42 1 8 66
42 4 3 75
42 4 4 63
42 4 5 72
42 4 8 66
42 4 9 73
42 5 0 75
42 5 2 63
42 5 5 72
42 5 6 66
42 5 9 73
43 0 3 90
43 0 5 88
43 0 7 92
43 0 8 91
43 0 9 88
43 4 3 88
43 4 4 86
43 4 5 90
43 4 8 89
43 4 9 86
44 2 3 15
44 2 5 15
44 2 6 16
44 2 8 16
44 2 9 14
44 6 0 15
44 6 1 15
44 6 2 16
44 6 3 16
44 6 9 14
44 9 2 16
44 9 3 16
44 9 4 17
44 9 6 17
44 9 9 15
45 3 2 14
45 3 5 14
45 3 6 15
45 3 7 15
45 3 8 13
45 6 0 14
45 6 1 14
45 6 2 15
45 6 3 15
45 6 9 13
45 8 0 15
45 8 1 15
45 8 2 16
45 8 4 16
45 8 6 14
46 1 0 67
46 1 1 71
46 1 2 71
46 1 4 66
46 1 8 67
46 2 3 71
46 2 5 72
46 2 6 75
46 2 8 77
46 2 9 68
46 8 0 71
46 8 1 72
46 8 2 75
46 8 4 77
46 8 6 68
47 0 3 50
47 0 5 48
47 0 7 52
47 0 8 51
47 0 9 48
47 1 0 48
47 1 1 46
47 1 2 50
47 1 4 49
47 1 8 46
48 2 3 14
48 2 5 14
48 2 6 15
48 2 8 15
48 2 9 13
48 6 0 14
48 6 1 14
48 6 2 15
48 6 3 15
48 6 9 13
49 0 3 93
49 0 5 91
49 0 7 95
49 0 8 94
49 0 9 91
49 2 3 91
49 2 5 89
49 2 6 93
49 2 8 92
49 2 9 89
50 0 3 89
50 0 5 87
50 0 7 91
50 0 8 90
50 0 9 87
50 7 2 82
50 7 3 82
50 7 4 87
50 7 5 90
50 7 7 81
50 8 0 91
50 8 1 89
50 8 2 93
50 8 4 92
50 8 6 89
51 5 0 29
51 5 2 29
51 5 5 29
51 5 6 26
51 5 9 27
52 0 3 69
52 0 5 73
52 0 7 73
52 0 8 68
52 0 9 69
52 2 3 73
52 2 5 74
52 2 6 77
52 2 8 79
52 2 9 70
53 4 3 9
53 4 4 9
53 4 5 9
53 4 8 9
53 4 9 8
53 8 0 9
53 8 1 9
53 8 2 9
53 8 4 9
53 8 6 8
54 1 0 78
54 1 1 79
54 1 2 82
54 1 4 84
54 1 8 75
54 5 0 79
54 5 2 80
54 5 5 83
54 5 6 85
54 5 9 76
55 0 3 80
55 0 5 79
55 0 7 86
55 0 8 72
55 0 9 77
56 4 3 21
56 4 4 21
56 4 5 21
56 4 8 18
56 4 9 19
57 2 3 65
57 2 5 69
57 2 6 69
57 2 8 64
57 2 9 65
57 8 0 69
57 8 1 73
57 8 2 73
57 8 4 68
57 8 6 69
58 2 3 36
58 2 5 36
58 2 6 38
58 2 8 39
58 2 9 34
58 5 0 36
58 5 2 36
58 5 5 38
58 5 6 39
58 5 9 34
58 7 2 38
58 7 3 38
58 7 4 40
58 7 5 41
58 7 7 36
59 5 0 9
59 5 2 9
59 5 5 9
59 5 6 9
59 5 9 8
60 1 0 93
60 1 1 91
60 1 2 95
60 1 4 94
60 1 8 91
60 2 3 91
60 2 5 89
60 2 6 93
60 2 8 92
60 2 9 89
60 4 3 95
60 4 4 93
60 4 5 97
60 4 8 96
60 4 9 93
61 7 2 49
61 7 3 47
61 7 4 51
61 7 5 50
61 7 7 47
62 5 0 89
62 5 2 87
62 5 5 91
62 5 6 90
62 5 9 87
62 6 0 82
62 6 1 82
62 6 2 87
62 6 3 90
62 6 9 81
63 2 3 68
63 2 5 72
63 2 6 72
63 2 8 67
63 2 9 68
64 0 3 92
64 0 5 90
64 0 7 94
64 0 8 93
64 0 9 90
64 8 0 90
64 8 1 88
64 8 2 92
64 8 4 91
64 8 6 88
65 4 3 80
65 4 4 79
65 4 5 86
65 4 8 72
65 4 9 77
65 6 0 79
65 6 1 80
65 6 2 83
65 6 3 85
65 6 9 76
65 8 0 92
65 8 1 86
65 8 2 86
65 8 4 89
65 8 6 84
66 3 2 47
66 3 5 54
66 3 6 53
66 3 7 49
66 3 8 47
66 4 3 50
66 4 4 48
66 4 5 52
66 4 8 51
66 4 9 48
67 8 0 50
67 8 1 48
67 8 2 52
67 8 4 51
67 8 6 48
68 0 3 17
68 0 5 17
68 0 7 18
68 0 8 18
68 0 9 16
68 2 3 17
68 2 5 17
68 2 6 18
68 2 8 18
68 2 9 16
68 9 2 18
68 9 3 18
68 9 4 19
68 9 6 19
68 9 9 17
69 0 3 26
69 0 5 26
69 0 7 26
69 0 8 23
69 0 9 24
69 1 0 26
69 1 1 26
69 1 2 26
69 1 4 23
69 1 8 24
69 8 0 26
69 8 1 26
69 8 2 26
69 8 4 23
69 8 6 24
70 6 0 22
70 6 1 22
70 6 2 22
70 6 3 19
70 6 9 20
70 8 0 22
70 8 1 22
70 8 2 22
70 8 4 19
70 8 6 20
71 2 3 24
71 2 5 24
71 2 6 24
71 2 8 21
71 2 9 22
72 4 3 51
72 4 4 49
72 4 5 53
72 4 8 52
72 4 9 49
73 0 3 48
73 0 5 54
73 0 7 54
73 0 8 45
73 0 9 46
74 2 3 23
74 2 5 23
74 2 6 23
74 2 8 20
74 2 9 21
74 7 2 23
74 7 3 23
74 7 4 23
74 7 5 20
74 7 7 21
75 7 2 68
75 7 3 72
75 7 4 72
75 7 5 67
75 7 7 68
75 8 0 72
75 8 1 73
75 8 2 76
75 8 4 78
75 8 6 69
75 9 2 72
75 9 3 73
75 9 4 76
75 9 6 78
75 9 9 69
76 5 0 51
76 5 2 49
76 5 5 53
76 5 6 52
76 5 9 49
77 3 2 45
77 3 5 43
77 3 6 47
77 3 7 46
77 3 8 43
78 1 0 38
78 1 1 38
78 1 2 40
78 1 4 41
78 1 8 36
78 9 2 38
78 9 3 38
78 9 4 40
78 9 6 41
78 9 9 36
79 1 0 82
79 1 1 82
79 1 2 87
79 1 4 90
79 1 8 81
80 0 3 37
80 0 5 37
80 0 7 39
80 0 8 40
80 0 9 35
81 1 0 35
81 1 1 35
81 1 2 37
81 1 4 38
81 1 8 33
81 4 3 35
81 4 4 35
81 4 5 37
81 4 8 38
81 4 9 33
81 7 2 37
81 7 3 37
81 7 4 39
81 7 5 40
81 7 7 35
82 9 2 27
82 9 3 27
82 9 4 27
82 9 6 24
82 9 9 25
83 5 0 12
83 5 2 12
83 5 5 13
83 5 6 13
83 5 9 11
83 6 0 12
83 6 1 12
83 6 2 13
83 6 3 13
83 6 9 11
83 8 0 13
83 8 1 13
83 8 2 14
83 8 4 14
83 8 6 12
84 1 0 92
84 1 1 90
84 1 2 94
84 1 4 93
84 1 8 90
84 6 0 95
84 6 1 89
84 6 2 89
84 6 3 92
84 6 9 87
85 1 0 36
85 1 1 36
85 1 2 38
85 1 4 39
85 1 8 34
85 8 0 36
85 8 1 36
85 8 2 38
85 8 4 39
85 8 6 34
86 7 2 38
86 7 3 38
86 7 4 40
86 7 5 41
86 7 7 36
86 8 0 38
86 8 1 38
86 8 2 40
86 8 4 41
86 8 6 36
87 7 2 65
87 7 3 69
87 7 4 69
87 7 5 64
87 7 7 65
88 5 0 75
88 5 2 76
88 5 5 79
88 5 6 81
88 5 9 72
89 1 0 16
89 1 1 16
89 1 2 17
89 1 4 17
89 1 8 15
89 2 3 16
89 2 5 16
89 2 6 17
89 2 8 17
89 2 9 15
89 3 2 17
89 3 5 17
89 3 6 18
89 3 7 18
89 3 8 16
90 0 3 95
90 0 5 89
90 0 7 89
90 0 8 92
90 0 9 87
90 3 2 93
90 3 5 87
90 3 6 87
90 3 7 90
90 3 8 85
91 4 3 65
91 4 4 69
91 4 5 69
91 4 8 64
91 4 9 65
91 5 0 69
91 5 2 73
91 5 5 73
91 5 6 68
91 5 9 69
92 0 3 32
92 0 5 32
92 0 7 34
92 0 8 35
92 0 9 30
92 5 0 32
92 5 2 32
92 5 5 34
92 5 6 35
92 5 9 30
93 8 0 18
93 8 1 18
93 8 2 19
93 8 4 19
93 8 6 17
94 0 3 93
94 0 5 91
94 0 7 95
94 0 8 94
94 0 9 91
94 6 0 91
94 6 1 89
94 6 2 93
94 6 3 92
94 6 9 89
95 5 0 51
95 5 2 49
95 5 5 53
95 5 6 52
95 5 9 49
95 6 0 52
95 6 1 58
95 6 2 58
95 6 3 49
95 6 9 50
95 7 2 52
95 7 3 58
95 7 4 58
95 7 5 49
95 7 7 50
96 3 2 94
96 3 5 88
96 3 6 88
96 3 7 91
96 3 8 86
96 8 0 88
96 8 1 82
96 8 2 82
96 8 4 85
96 8 6 80
97 0 3 93
97 0 5 87
97 0 7 87
97 0 8 90
97 0 9 85
98 1 0 66
98 1 1 70
98 1 2 70
98 1 4 65
98 1 8 66
99 2 3 90
99 2 5 88
99 2 6 92
99 2 8 91
99 2 9 88
99 6 0 93
99 6 1 87
99 6 2 87
99 6 3 90
99 6 9 85
99 8 0 93
99 8 1 87
99 8 2 87
99 8 4 90
99 8 6 85
100 1 0 89
100 1 1 87
100 1 2 91
100 1 4 90
100 1 8 87
100 3 2 82
100 3 5 82
100 3 6 87
100 3 7 90
100 3 8 81
101 8 0 80
101 8 1 79
101 8 2 86
101 8 4 72
101 8 6 77
102 4 3 92
102 4 4 90
102 4 5 94
102 4 8 93
102 4 9 90
102 8 0 90
102 8 1 88
102 8 2 92
102 8 4 91
102 8 6 88
103 1 0 92
103 1 1 90
103 1 2 94
103 1 4 93
103 1 8 90
103 4 3 95
103 4 4 89
103 4 5 89
103 4 8 92
103 4 9 87
103 6 0 95
103 6 1 89
103 6 2 89
103 6 3 92
103 6 9 87
104 7 2 46
104 7 3 44
104 7 4 48
104 7 5 47
104 7 7 44
105 6 0 32
105 6 1 32
105 6 2 34
105 6 3 35
105 6 9 30
105 7 2 32
105 7 3 32
105 7 4 34
105 7 5 35
105 7 7 30
105 9 2 34
105 9 3 34
105 9 4 36
105 9 6 37
105 9 9 32
106 3 2 51
106 3 5 49
106 3 6 53
106 3 7 52
106 3 8 49
107 4 3 93
107 4 4 87
107 4 5 87
107 4 8 90
107 4 9 85
107 9 2 87
107 9 3 81
107 9 4 81
107 9 6 84
107 9 9 79
108 0 3 15
108 0 5 15
108 0 7 16
108 0 8 16
108 0 9 14
108 7 2 15
108 7 3 15
108 7 4 16
108 7 5 16
108 7 7 14
109 5 0 88
109 5 2 86
109 5 5 90
109 5 6 89
109 5 9 86
109 8 0 91
109 8 1 85
109 8 2 85
109 8 4 88
109 8 6 83
110 8 0 13
110 8 1 13
110 8 2 14
110 8 4 14
110 8 6 12
110 9 2 13
110 9 3 13
110 9 4 14
110 9 6 14
110 9 9 12
111 2 3 67
111 2 5 71
111 2 6 71
111 2 8 66
111 2 9 67
111 6 0 71
111 6 1 72
111 6 2 75
111 6 3 77
111 6 9 68
112 1 0 67
112 1 1 71
112 1 2 71
112 1 4 66
112 1 8 67
112 2 3 71
112 2 5 72
112 2 6 75
112 2 8 77
112 2 9 68
112 9 2 71
112 9 3 72
112 9 4 75
112 9 6 77
112 9 9 68
113 3 2 47
113 3 5 54
113 3 6 53
113 3 7 49
113 3 8 47
114 0 3 92
114 0 5 90
114 0 7 94
114 0 8 93
114 0 9 90
114 5 0 90
114 5 2 88
114 5 5 92
114 5 6 91
114 5 9 88
115 3 2 77
115 3 5 78
115 3 6 81
115 3 7 83
115 3 8 74
115 4 3 78
115 4 4 79
115 4 5 82
115 4 8 84
115 4 9 75
116 1 0 94
116 1 1 88
116 1 2 88
116 1 4 91
116 1 8 86
116 2 3 92
116 2 5 86
116 2 6 86
116 2 8 89
116 2 9 84
116 6 0 82
116 6 1 82
116 6 2 87
116 6 3 90
116 6 9 81
117 0 3 79
117 0 5 80
117 0 7 83
117 0 8 85
117 0 9 76
117 7 2 80
117 7 3 79
117 7 4 86
117 7 5 72
117 7 7 77
118 2 3 69
118 2 5 73
118 2 6 73
118 2 8 68
118 2 9 69
119 5 0 82
119 5 2 82
119 5 5 87
119 5 6 90
119 5 9 81
119 7 2 94
119 7 3 88
119 7 4 88
119 7 5 91
119 7 7 86
120 0 3 32
120 0 5 32
120 0 7 34
120 0 8 35
120 0 9 30
120 6 0 32
120 6 1 32
120 6 2 34
120 6 3 35
120 6 9 30
121 0 3 39
121 0 5 39
121 0 7 41
121 0 8 42
121 0 9 37
121 5 0 39
121 5 2 39
121 5 5 41
121 5 6 42
121 5 9 37
121 6 0 43
121 6 1 41
121 6 2 45
121 6 3 44
121 6 9 41
122 3 2 95
122 3 5 89
122 3 6 89
122 3 7 92
122 3 8 87
123 5 0 27
123 5 2 27
123 5 5 27
123 5 6 24
123 5 9 25
124 5 0 73
124 5 2 74
124 5 5 77
124 5 6 79
124 5 9 70
125 2 3 18
125 2 5 18
125 2 6 19
125 2 8 19
125 2 9 17
126 8 0 25
126 8 1 25
126 8 2 25
126 8 4 22
126 8 6 23
127 3 2 45
127 3 5 43
127 3 6 47
127 3 7 46
127 3 8 43
127 7 2 43
127 7 3 41
127 7 4 45
127 7 5 44
127 7 7 41
127 9 2 47
127 9 3 45
127 9 4 49
127 9 6 48
127 9 9 45
128 0 3 31
128 0 5 31
128 0 7 33
128 0 8 34
128 0 9 29
128 4 3 31
128 4 4 31
128 4 5 33
128 4 8 34
128 4 9 29
128 5 0 33
128 5 2 33
128 5 5 35
128 5 6 36
128 5 9 31
129 1 0 27
129 1 1 27
129 1 2 27
129 1 4 24
129 1 8 25
129 4 3 31
129 4 4 31
129 4 5 33
129 4 8 34
129 4 9 29
129 6 0 31
129 6 1 31
129 6 2 33
129 6 3 34
129 6 9 29
130 0 3 44
130 0 5 42
130 0 7 46
130 0 8 45
130 0 9 42
130 3 2 36
130 3 5 36
130 3 6 38
130 3 7 39
130 3 8 34
131 4 3 51
131 4 4 49
131 4 5 53
131 4 8 52
131 4 9 49
131 5 0 52
131 5 2 58
131 5 5 58
131 5 6 49
131 5 9 50
131 8 0 52
131 8 1 58
131 8 2 58
131 8 4 49
131 8 6 50
132 4 3 22
132 4 4 22
132 4 5 22
132 4 8 19
132 4 9 20
133 0 3 90
133 0 5 88
133 0 7 92
133 0 8 91
133 0 9 88
133 1 0 88
133 1 1 86
133 1 2 90
133 1 4 89
133 1 8 86
133 4 3 92
133 4 4 90
133 4 5 94
133 4 8 93
133 4 9 90
134 0 3 11
134 0 5 11
134 0 7 12
134 0 8 12
134 0 9 10
134 3 2 11
134 3 5 11
134 3 6 12
134 3 7 12
134 3 8 10
134 8 0 12
134 8 1 12
134 8 2 13
134 8 4 13
134 8 6 11
135 1 0 94
135 1 1 88
135 1 2 88
135 1 4 91
135 1 8 86
135 5 0 88
135 5 2 82
135 5 5 82
135 5 6 85
135 5 9 80
136 2 3 15
136 2 5 15
136 2 6 16
136 2 8 16
136 2 9 14
136 3 2 15
136 3 5 15
136 3 6 16
136 3 7 16
136 3 8 14
136 5 0 16
136 5 2 16
136 5 5 17
136 5 6 17
136 5 9 15
137 2 3 63
137 2 5 67
137 2 6 67
137 2 8 62
137 2 9 63
138 2 3 88
138 2 5 82
138 2 6 82
138 2 8 85
138 2 9 80
138 3 2 88
138 3 5 82
138 3 6 82
138 3 7 85
138 3 8 80
138 9 2 93
138 9 3 87
138 9 4 87
138 9 6 90
138 9 9 85
139 3 2 25
139 3 5 25
139 3 6 25
139 3 7 22
139 3 8 23
140 5 0 69
140 5 2 73
140 5 5 73
140 5 6 68
140 5 9 69
140 9 2 73
140 9 3 74
140 9 4 77
140 9 6 79
140 9 9 70
141 8 0 75
141 8 1 76
141 8 2 79
141 8 4 81
141 8 6 72
142 8 0 53
142 8 1 59
142 8 2 59
142 8 4 50
142 8 6 51
142 9 2 62
142 9 3 66
142 9 4 66
142 9 6 61
142 9 9 62
143 2 3 93
143 2 5 91
143 2 6 95
143 2 8 94
143 2 9 91
143 8 0 91
143 8 1 89
143 8 2 93
143 8 4 92
143 8 6 89
144 1 0 63
144 1 1 67
144 1 2 67
144 1 4 62
144 1 8 63
144 3 2 67
144 3 5 71
144 3 6 71
144 3 7 66
144 3 8 67
144 9 2 67
144 9 3 71
144 9 4 71
144 9 6 66
144 9 9 67
145 7 2 68
145 7 3 72
145 7 4 72
145 7 5 67
145 7 7 68
146 8 0 13
146 8 1 13
146 8 2 14
146 8 4 14
146 8 6 12
146 9 2 13
146 9 3 13
146 9 4 14
146 9 6 14
146 9 9 12
147 1 0 95
147 1 1 89
147 1 2 89
147 1 4 92
147 1 8 87
