Jobs:
0 1 2 3 4
Machines:
0 1 2
Workers:
0 1 2
Operations per job:
0 1 2
3 4
5 6
7 8 9 10
11 12
Predecessors per operation:

0
1

3

5

7
8
9

11
Successors per operation:
1
2

4

6

8
9
10

12

Machines per operation:
0 1
0 2
0
1 2
0 1
1 2
0
0
1 2
0
0
1 2
1 2
Processing times (o m w p):
0 0 0 63
0 0 1 70
0 1 0 74
0 1 2 75
1 0 0 42
1 0 1 41
1 2 0 41
1 2 2 40
2 0 0 62
2 0 1 69
3 1 0 43
3 1 2 42
3 2 0 42
3 2 2 41
4 0 0 96
4 0 1 89
4 1 0 95
4 1 2 88
5 1 0 92
5 1 2 85
5 2 0 89
5 2 2 88
6 0 0 30
6 0 1 29
7 0 0 28
7 0 1 27
8 1 0 87
8 1 2 86
8 2 0 86
8 2 2 85
9 0 0 14
9 0 1 15
10 0 0 96
10 0 1 89
11 1 0 77
11 1 2 78
11 2 0 78
11 2 2 79
12 1 0 33
12 1 2 34
12 2 0 34
12 2 2 35
