Jobs:
0 1 2 3 4 5 6 7 8 9 10 11 12 13 14 15 16 17 18 19
Machines:
0 1 2 3 4 5 6 7 8 9
Workers:
0 1 2 3 4 5 6 7 8 9
Operations per job:
0 1 2 3 4
5 6 7 8 9 10 11 12
13 14 15 16 17 18 19
20 21 22 23 24 25 26 27 28 29
30 31 32 33 34 35 36
37 38 39 40 41 42 43 44
45 46 47 48 49 50
51 52 53 54 55 56
57 58 59 60 61 62 63 64
65 66 67 68 69 70 71 72 73
74 75 76 77 78 79 80
81 82 83 84 85 86 87 88
89 90 91 92 93 94 95 96
97 98 99 100 101 102 103
104 105 106 107 108 109 110 111
112 113 114 115 116 117 118 119 120
121 122 123 124 125 126
127 128 129 130 131 132 133 134 135 136
137 138 139 140 141 142 143 144
145 146 147 148 149 150
Predecessors per operation:

0
1
2
3

5
6
7
8
9
10
11

13
14
15
16
17
18

20
21
22
23
24
25
26
27
28

30
31
32
33
34
35

37
38
39
40
41
42
43

45
46
47
48
49

51
52
53
54
55

57
58
59
60
61
62
63

65
66
67
68
69
70
71
72

74
75
76
77
78
79

81
82
83
84
85
86
87

89
90
91
92
93
94
95

97
98
99
100
101
102

104
105
106
107
108
109
110

112
113
114
115
116
117
118
119

121
122
123
124
125

127
128
129
130
131
132
133
134
135

137
138
139
140
141
142
143

145
146
147
148
149
Successors per operation:
1
2
3
4

6
7
8
9
10
11
12

14
15
16
17
18
19

21
22
23
24
25
26
27
28
29

31
32
33
34
35
36

38
39
40
41
42
43
44

46
47
48
49
50

52
53
54
55
56

58
59
60
61
62
63
64

66
67
68
69
70
71
72
73

75
76
77
78
79
80

82
83
84
85
86
87
88

90
91
92
93
94
95
96

98
99
100
101
102
103

105
106
107
108
109
110
111

113
114
115
116
117
118
119
120

122
123
124
125
126

128
129
130
131
132
133
134
135
136

138
139
140
141
142
143
144

146
147
148
149
150

Machines per operation:
6
5
0 1 4
1 3 9
3 6 7
2
1 6
7 9
1
5 6
3 6 9
4
6
4 5 9
8
1 4
0 3
1 6 9
9
0 3
9
1
7
4
4 7
3 7 9
2
4 7
8 9
6 8 9
0 1
3 4 7
1
4 5 6
2 4
0 9
2 4
5 6
0 1 8
0 2 6
6
3 4 8
4
4
1 3 9
0 2 7
2 8
4
5 6
7
1 5
6
4 7 9
2 3 7
5
1 5 9
4 6
5 9
7
7 8 9
2 4
6 9
2 5
4
1 7 9
2 6
7 8
6 8
8
4 5 7
0 1 2
9
0 3 6
7
1 5
1 6
0 2
2 7
5 6 7
0
1 3
1 7 8
3
5 7
0
7
0 3 6
2 5
3 5
5
5 6
1 3 9
3 9
0
5 6 7
2 3 6
7
2 5
0 1 2
4
1 3 5
1 9
4 5 6
0 4
3 6
5 6 8
0
0 5 6
7
0 4 7
8 9
0 2
2 6 9
8
2 5
7
4
4 8
0 3 6
0 8 9
2 6
2 8
1 6 8
3
4
1 2
2 6 8
0 7
3 8
7 9
2 9
4 7
0
1 2 3
3 6
1
4 8
2 7
2 4 5
0 2 9
0
1 5
2 3 4
4 6
6
8
2
8
2 6 7
4 6
2 4 7
Processing times (o m w p):
0 6 0 27
0 6 1 32
0 6 3 33
0 6 7 29
0 6 9 30
1 5 0 62
1 5 1 67
1 5 3 68
1 5 4 71
1 5 6 72
2 0 0 24
2 0 1 27
2 0 4 26
2 0 5 29
2 0 6 26
2 1 1 31
2 1 3 28
2 1 6 32
2 1 7 29
2 1 9 32
2 4 4 32
2 4 5 29
2 4 6 33
2 4 8 30
2 4 9 33
3 1 1 54
3 1 3 59
3 1 6 60
3 1 7 63
3 1 9 64
3 3 1 59
3 3 3 64
3 3 5 65
3 3 6 68
3 3 9 69
3 9 0 60
3 9 1 65
3 9 6 66
3 9 8 69
3 9 9 70
4 3 1 72
4 3 3 67
4 3 5 74
4 3 6 68
4 3 9 75
4 6 0 75
4 6 1 70
4 6 3 77
4 6 7 71
4 6 9 78
4 7 2 73
4 7 3 76
4 7 4 81
4 7 7 90
4 7 9 81
5 2 1 58
5 2 2 61
5 2 3 54
5 2 6 63
5 2 7 60
6 1 1 62
6 1 3 67
6 1 6 68
6 1 7 71
6 1 9 72
6 6 0 56
6 6 1 61
6 6 3 62
6 6 7 65
6 6 9 66
7 7 2 12
7 7 3 11
7 7 4 13
7 7 7 11
7 7 9 13
7 9 0 11
7 9 1 10
7 9 6 12
7 9 8 10
7 9 9 12
8 1 1 51
8 1 3 54
8 1 6 47
8 1 7 56
8 1 9 53
9 5 0 55
9 5 1 58
9 5 3 51
9 5 4 60
9 5 6 57
9 6 0 58
9 6 1 61
9 6 3 54
9 6 7 63
9 6 9 60
10 3 1 30
10 3 3 27
10 3 5 31
10 3 6 28
10 3 9 31
10 6 0 25
10 6 1 28
10 6 3 27
10 6 7 30
10 6 9 27
10 9 0 31
10 9 1 28
10 9 6 32
10 9 8 29
10 9 9 32
11 4 4 89
11 4 5 88
11 4 6 97
11 4 8 94
11 4 9 83
12 6 0 8
12 6 1 8
12 6 3 9
12 6 7 8
12 6 9 9
13 4 4 90
13 4 5 89
13 4 6 98
13 4 8 95
13 4 9 84
13 5 0 89
13 5 1 88
13 5 3 97
13 5 4 94
13 5 6 83
13 9 0 105
13 9 1 104
13 9 6 107
13 9 8 110
13 9 9 105
14 8 4 19
14 8 6 18
14 8 7 22
14 8 8 19
14 8 9 18
15 1 1 58
15 1 3 61
15 1 6 54
15 1 7 63
15 1 9 60
15 4 4 56
15 4 5 61
15 4 6 62
15 4 8 65
15 4 9 66
16 0 0 74
16 0 1 69
16 0 4 76
16 0 5 70
16 0 6 77
16 3 1 77
16 3 3 72
16 3 5 79
16 3 6 73
16 3 9 80
17 1 1 31
17 1 3 28
17 1 6 32
17 1 7 29
17 1 9 32
17 6 0 26
17 6 1 29
17 6 3 28
17 6 7 31
17 6 9 28
17 9 0 32
17 9 1 29
17 9 6 33
17 9 8 30
17 9 9 33
18 9 0 55
18 9 1 60
18 9 6 61
18 9 8 64
18 9 9 65
19 0 0 49
19 0 1 48
19 0 4 47
19 0 5 44
19 0 6 43
19 3 1 48
19 3 3 47
19 3 5 46
19 3 6 43
19 3 9 42
20 9 0 47
20 9 1 46
20 9 6 45
20 9 8 42
20 9 9 41
21 1 1 44
21 1 3 43
21 1 6 42
21 1 7 39
21 1 9 38
22 7 2 55
22 7 3 58
22 7 4 51
22 7 7 60
22 7 9 57
23 4 4 59
23 4 5 62
23 4 6 55
23 4 8 64
23 4 9 61
24 4 4 69
24 4 5 63
24 4 6 77
24 4 8 74
24 4 9 68
24 7 2 58
24 7 3 63
24 7 4 64
24 7 7 67
24 7 9 68
25 3 1 89
25 3 3 88
25 3 5 97
25 3 6 94
25 3 9 83
25 7 2 88
25 7 3 87
25 7 4 96
25 7 7 93
25 7 9 82
25 9 0 104
25 9 1 103
25 9 6 106
25 9 8 109
25 9 9 104
26 2 1 74
26 2 2 69
26 2 3 76
26 2 6 70
26 2 7 77
27 4 4 72
27 4 5 67
27 4 6 74
27 4 8 68
27 4 9 75
27 7 2 62
27 7 3 67
27 7 4 68
27 7 7 71
27 7 9 72
28 8 4 62
28 8 6 67
28 8 7 68
28 8 8 71
28 8 9 72
28 9 0 56
28 9 1 61
28 9 6 62
28 9 8 65
28 9 9 66
29 6 0 73
29 6 1 68
29 6 3 75
29 6 7 69
29 6 9 76
29 8 4 76
29 8 6 71
29 8 7 78
29 8 8 72
29 8 9 79
29 9 0 74
29 9 1 77
29 9 6 82
29 9 8 91
29 9 9 82
30 0 0 71
30 0 1 66
30 0 4 73
30 0 5 67
30 0 6 74
30 1 1 61
30 1 3 66
30 1 6 67
30 1 7 70
30 1 9 71
31 3 1 70
31 3 3 65
31 3 5 72
31 3 6 66
31 3 9 73
31 4 4 60
31 4 5 65
31 4 6 66
31 4 8 69
31 4 9 70
31 7 2 72
31 7 3 67
31 7 4 74
31 7 7 68
31 7 9 75
32 1 1 58
32 1 3 61
32 1 6 54
32 1 7 63
32 1 9 60
33 4 4 35
33 4 5 32
33 4 6 36
33 4 8 33
33 4 9 36
33 5 0 38
33 5 1 35
33 5 3 39
33 5 4 36
33 5 6 39
33 6 0 45
33 6 1 44
33 6 3 43
33 6 7 40
33 6 9 39
34 2 1 91
34 2 2 90
34 2 3 99
34 2 6 96
34 2 7 85
34 4 4 90
34 4 5 89
34 4 6 98
34 4 8 95
34 4 9 84
35 0 0 89
35 0 1 88
35 0 4 97
35 0 5 94
35 0 6 83
35 9 0 88
35 9 1 87
35 9 6 96
35 9 8 93
35 9 9 82
36 2 1 23
36 2 2 26
36 2 3 25
36 2 6 28
36 2 7 25
36 4 4 26
36 4 5 29
36 4 6 28
36 4 8 31
36 4 9 28
37 5 0 22
37 5 1 25
37 5 3 24
37 5 4 27
37 5 6 24
37 6 0 25
37 6 1 28
37 6 3 27
37 6 7 30
37 6 9 27
38 0 0 72
38 0 1 67
38 0 4 74
38 0 5 68
38 0 6 75
38 1 1 62
38 1 3 67
38 1 6 68
38 1 7 71
38 1 9 72
38 8 4 74
38 8 6 69
38 8 7 76
38 8 8 70
38 8 9 77
39 0 0 11
39 0 1 10
39 0 4 12
39 0 5 10
39 0 6 12
39 2 1 10
39 2 2 9
39 2 3 11
39 2 6 9
39 2 7 11
39 6 0 12
39 6 1 11
39 6 3 13
39 6 7 11
39 6 9 13
40 6 0 71
40 6 1 66
40 6 3 73
40 6 7 67
40 6 9 74
41 3 1 31
41 3 3 28
41 3 5 32
41 3 6 29
41 3 9 32
41 4 4 26
41 4 5 29
41 4 6 28
41 4 8 31
41 4 9 28
41 8 4 32
41 8 6 29
41 8 7 33
41 8 8 30
41 8 9 33
42 4 4 9
42 4 5 9
42 4 6 11
42 4 8 11
42 4 9 11
43 4 4 49
43 4 5 48
43 4 6 47
43 4 8 44
43 4 9 43
44 1 1 45
44 1 3 44
44 1 6 43
44 1 7 40
44 1 9 39
44 3 1 44
44 3 3 43
44 3 5 42
44 3 6 39
44 3 9 38
44 9 0 43
44 9 1 42
44 9 6 41
44 9 8 38
44 9 9 37
45 0 0 53
45 0 1 56
45 0 4 49
45 0 5 58
45 0 6 55
45 2 1 56
45 2 2 59
45 2 3 52
45 2 6 61
45 2 7 58
45 7 2 50
45 7 3 49
45 7 4 48
45 7 7 45
45 7 9 44
46 2 1 90
46 2 2 89
46 2 3 98
46 2 6 95
46 2 7 84
46 8 4 89
46 8 6 88
46 8 7 97
46 8 8 94
46 8 9 83
47 4 4 43
47 4 5 42
47 4 6 41
47 4 8 38
47 4 9 37
48 5 0 51
48 5 1 54
48 5 3 47
48 5 4 56
48 5 6 53
48 6 0 54
48 6 1 57
48 6 3 50
48 6 7 59
48 6 9 56
49 7 2 57
49 7 3 60
49 7 4 53
49 7 7 62
49 7 9 59
50 1 1 72
50 1 3 75
50 1 6 80
50 1 7 89
50 1 9 80
50 5 0 75
50 5 1 78
50 5 3 83
50 5 4 92
50 5 6 83
51 6 0 13
51 6 1 12
51 6 3 14
51 6 7 12
51 6 9 14
52 4 4 17
52 4 5 16
52 4 6 18
52 4 8 16
52 4 9 18
52 7 2 16
52 7 3 15
52 7 4 17
52 7 7 15
52 7 9 17
52 9 0 18
52 9 1 17
52 9 6 19
52 9 8 17
52 9 9 19
53 2 1 48
53 2 2 47
53 2 3 46
53 2 6 43
53 2 7 42
53 3 1 47
53 3 3 46
53 3 5 45
53 3 6 42
53 3 9 41
53 7 2 46
53 7 3 45
53 7 4 44
53 7 7 41
53 7 9 40
54 5 0 56
54 5 1 59
54 5 3 52
54 5 4 61
54 5 6 58
55 1 1 17
55 1 3 16
55 1 6 18
55 1 7 16
55 1 9 18
55 5 0 16
55 5 1 15
55 5 3 17
55 5 4 15
55 5 6 17
55 9 0 18
55 9 1 17
55 9 6 19
55 9 8 17
55 9 9 19
56 4 4 74
56 4 5 69
56 4 6 76
56 4 8 70
56 4 9 77
56 6 0 72
56 6 1 67
56 6 3 74
56 6 7 68
56 6 9 75
57 5 0 54
57 5 1 57
57 5 3 50
57 5 4 59
57 5 6 56
57 9 0 57
57 9 1 60
57 9 6 53
57 9 8 62
57 9 9 59
58 7 2 73
58 7 3 68
58 7 4 75
58 7 7 69
58 7 9 76
59 7 2 44
59 7 3 43
59 7 4 42
59 7 7 39
59 7 9 38
59 8 4 43
59 8 6 42
59 8 7 41
59 8 8 38
59 8 9 37
59 9 0 42
59 9 1 41
59 9 6 40
59 9 8 37
59 9 9 36
60 2 1 81
60 2 2 84
60 2 3 90
60 2 6 84
60 2 7 89
60 4 4 105
60 4 5 104
60 4 6 107
60 4 8 110
60 4 9 105
61 6 0 57
61 6 1 60
61 6 3 53
61 6 7 62
61 6 9 59
61 9 0 55
61 9 1 60
61 9 6 61
61 9 8 64
61 9 9 65
62 2 1 22
62 2 2 25
62 2 3 24
62 2 6 27
62 2 7 24
62 5 0 25
62 5 1 28
62 5 3 27
62 5 4 30
62 5 6 27
63 4 4 18
63 4 5 17
63 4 6 19
63 4 8 17
63 4 9 19
64 1 1 49
64 1 3 48
64 1 6 47
64 1 7 44
64 1 9 43
64 7 2 48
64 7 3 47
64 7 4 46
64 7 7 43
64 7 9 42
64 9 0 47
64 9 1 46
64 9 6 45
64 9 8 42
64 9 9 41
65 2 1 70
65 2 2 65
65 2 3 72
65 2 6 66
65 2 7 73
65 6 0 73
65 6 1 68
65 6 3 75
65 6 7 69
65 6 9 76
66 7 2 16
66 7 3 15
66 7 4 17
66 7 7 15
66 7 9 17
66 8 4 15
66 8 6 14
66 8 7 16
66 8 8 14
66 8 9 16
67 6 0 19
67 6 1 18
67 6 3 22
67 6 7 19
67 6 9 18
67 8 4 20
67 8 6 23
67 8 7 22
67 8 8 25
67 8 9 22
68 8 4 48
68 8 6 47
68 8 7 46
68 8 8 43
68 8 9 42
69 4 4 52
69 4 5 55
69 4 6 48
69 4 8 57
69 4 9 54
69 5 0 55
69 5 1 58
69 5 3 51
69 5 4 60
69 5 6 57
69 7 2 49
69 7 3 48
69 7 4 47
69 7 7 44
69 7 9 43
70 0 0 56
70 0 1 59
70 0 4 52
70 0 5 61
70 0 6 58
70 1 1 59
70 1 3 62
70 1 6 55
70 1 7 64
70 1 9 61
70 2 1 52
70 2 2 55
70 2 3 48
70 2 6 57
70 2 7 54
71 9 0 17
71 9 1 16
71 9 6 18
71 9 8 16
71 9 9 18
72 0 0 73
72 0 1 68
72 0 4 75
72 0 5 69
72 0 6 76
72 3 1 69
72 3 3 63
72 3 5 77
72 3 6 74
72 3 9 68
72 6 0 75
72 6 1 70
72 6 3 77
72 6 7 71
72 6 9 78
73 7 2 50
73 7 3 49
73 7 4 48
73 7 7 45
73 7 9 44
74 1 1 32
74 1 3 29
74 1 6 33
74 1 7 30
74 1 9 33
74 5 0 27
74 5 1 32
74 5 3 33
74 5 4 29
74 5 6 30
75 1 1 33
75 1 3 30
75 1 6 34
75 1 7 31
75 1 9 34
75 6 0 30
75 6 1 27
75 6 3 31
75 6 7 28
75 6 9 31
76 0 0 22
76 0 1 25
76 0 4 24
76 0 5 27
76 0 6 24
76 2 1 25
76 2 2 28
76 2 3 27
76 2 6 30
76 2 7 27
77 2 1 62
77 2 2 63
77 2 3 61
77 2 6 60
77 2 7 62
77 7 2 58
77 7 3 63
77 7 4 64
77 7 7 67
77 7 9 68
78 5 0 47
78 5 1 46
78 5 3 45
78 5 4 42
78 5 6 41
78 6 0 46
78 6 1 45
78 6 3 44
78 6 7 41
78 6 9 40
78 7 2 45
78 7 3 44
78 7 4 43
78 7 7 40
78 7 9 39
79 0 0 23
79 0 1 26
79 0 4 25
79 0 5 28
79 0 6 25
80 1 1 75
80 1 3 70
80 1 6 77
80 1 7 71
80 1 9 78
80 3 1 76
80 3 3 74
80 3 5 75
80 3 6 74
80 3 9 84
81 1 1 22
81 1 3 25
81 1 6 24
81 1 7 27
81 1 9 24
81 7 2 25
81 7 3 28
81 7 4 27
81 7 7 30
81 7 9 27
81 8 4 24
81 8 6 27
81 8 7 26
81 8 8 29
81 8 9 26
82 3 1 54
82 3 3 59
82 3 5 60
82 3 6 63
82 3 9 64
83 5 0 69
83 5 1 63
83 5 3 77
83 5 4 74
83 5 6 68
83 7 2 58
83 7 3 63
83 7 4 64
83 7 7 67
83 7 9 68
84 0 0 78
84 0 1 81
84 0 4 86
84 0 5 95
84 0 6 86
85 7 2 88
85 7 3 87
85 7 4 96
85 7 7 93
85 7 9 82
86 0 0 45
86 0 1 44
86 0 4 43
86 0 5 40
86 0 6 39
86 3 1 44
86 3 3 43
86 3 5 42
86 3 6 39
86 3 9 38
86 6 0 43
86 6 1 42
86 6 3 41
86 6 7 38
86 6 9 37
87 2 1 75
87 2 2 70
87 2 3 77
87 2 6 71
87 2 7 78
87 5 0 70
87 5 1 65
87 5 3 72
87 5 4 66
87 5 6 73
88 3 1 56
88 3 3 59
88 3 5 52
88 3 6 61
88 3 9 58
88 5 0 54
88 5 1 59
88 5 3 60
88 5 4 63
88 5 6 64
89 5 0 72
89 5 1 75
89 5 3 80
89 5 4 89
89 5 6 80
90 5 0 55
90 5 1 58
90 5 3 51
90 5 4 60
90 5 6 57
90 6 0 62
90 6 1 63
90 6 3 61
90 6 7 60
90 6 9 62
91 1 1 75
91 1 3 70
91 1 6 77
91 1 7 71
91 1 9 78
91 3 1 76
91 3 3 74
91 3 5 75
91 3 6 74
91 3 9 84
91 9 0 76
91 9 1 79
91 9 6 84
91 9 8 93
91 9 9 84
92 3 1 77
92 3 3 72
92 3 5 79
92 3 6 73
92 3 9 80
92 9 0 73
92 9 1 76
92 9 6 81
92 9 8 90
92 9 9 81
93 0 0 70
93 0 1 65
93 0 4 72
93 0 5 66
93 0 6 73
94 5 0 18
94 5 1 17
94 5 3 19
94 5 4 17
94 5 6 19
94 6 0 19
94 6 1 22
94 6 3 21
94 6 7 24
94 6 9 21
94 7 2 18
94 7 3 21
94 7 4 20
94 7 7 23
94 7 9 20
95 2 1 72
95 2 2 67
95 2 3 74
95 2 6 68
95 2 7 75
95 3 1 62
95 3 3 67
95 3 5 68
95 3 6 71
95 3 9 72
95 6 0 74
95 6 1 69
95 6 3 76
95 6 7 70
95 6 9 77
96 7 2 58
96 7 3 61
96 7 4 54
96 7 7 63
96 7 9 60
97 2 1 91
97 2 2 90
97 2 3 99
97 2 6 96
97 2 7 85
97 5 0 90
97 5 1 89
97 5 3 98
97 5 4 95
97 5 6 84
98 0 0 54
98 0 1 57
98 0 4 50
98 0 5 59
98 0 6 56
98 1 1 59
98 1 3 62
98 1 6 55
98 1 7 64
98 1 9 61
98 2 1 62
98 2 2 63
98 2 3 61
98 2 6 60
98 2 7 62
99 4 4 55
99 4 5 60
99 4 6 61
99 4 8 64
99 4 9 65
100 1 1 69
100 1 3 63
100 1 6 77
100 1 7 74
100 1 9 68
100 3 1 58
100 3 3 63
100 3 5 64
100 3 6 67
100 3 9 68
100 5 0 70
100 5 1 65
100 5 3 72
100 5 4 66
100 5 6 73
101 1 1 88
101 1 3 87
101 1 6 96
101 1 7 93
101 1 9 82
101 9 0 87
101 9 1 86
101 9 6 95
101 9 8 92
101 9 9 81
102 4 4 81
102 4 5 84
102 4 6 90
102 4 8 84
102 4 9 89
102 5 0 105
102 5 1 104
102 5 3 107
102 5 4 110
102 5 6 105
102 6 0 108
102 6 1 121
102 6 3 109
102 6 7 99
102 6 9 121
103 0 0 62
103 0 1 67
103 0 4 68
103 0 5 71
103 0 6 72
103 4 4 57
103 4 5 62
103 4 6 63
103 4 8 66
103 4 9 67
104 3 1 88
104 3 3 87
104 3 5 96
104 3 6 93
104 3 9 82
104 6 0 87
104 6 1 86
104 6 3 95
104 6 7 92
104 6 9 81
105 5 0 24
105 5 1 27
105 5 3 26
105 5 4 29
105 5 6 26
105 6 0 31
105 6 1 28
105 6 3 32
105 6 7 29
105 6 9 32
105 8 4 32
105 8 6 29
105 8 7 33
105 8 8 30
105 8 9 33
106 0 0 17
106 0 1 16
106 0 4 18
106 0 5 16
106 0 6 18
107 0 0 74
107 0 1 69
107 0 4 76
107 0 5 70
107 0 6 77
107 5 0 69
107 5 1 64
107 5 3 71
107 5 4 65
107 5 6 72
107 6 0 76
107 6 1 71
107 6 3 78
107 6 7 72
107 6 9 79
108 7 2 32
108 7 3 29
108 7 4 33
108 7 7 30
108 7 9 33
109 0 0 19
109 0 1 18
109 0 4 22
109 0 5 19
109 0 6 18
109 4 4 20
109 4 5 23
109 4 6 22
109 4 8 25
109 4 9 22
109 7 2 19
109 7 3 22
109 7 4 21
109 7 7 24
109 7 9 21
110 8 4 55
110 8 6 58
110 8 7 51
110 8 8 60
110 8 9 57
110 9 0 58
110 9 1 61
110 9 6 54
110 9 8 63
110 9 9 60
111 0 0 74
111 0 1 69
111 0 4 76
111 0 5 70
111 0 6 77
111 2 1 69
111 2 2 64
111 2 3 71
111 2 6 65
111 2 7 72
112 2 1 43
112 2 2 42
112 2 3 41
112 2 6 38
112 2 7 37
112 6 0 42
112 6 1 41
112 6 3 40
112 6 7 37
112 6 9 36
112 9 0 36
112 9 1 39
112 9 6 44
112 9 8 44
112 9 9 44
113 8 4 62
113 8 6 67
113 8 7 68
113 8 8 71
113 8 9 72
114 2 1 57
114 2 2 60
114 2 3 53
114 2 6 62
114 2 7 59
114 5 0 62
114 5 1 63
114 5 3 61
114 5 4 60
114 5 6 62
115 7 2 91
115 7 3 90
115 7 4 99
115 7 7 96
115 7 9 85
116 4 4 50
116 4 5 49
116 4 6 48
116 4 8 45
116 4 9 44
117 4 4 79
117 4 5 82
117 4 6 87
117 4 8 96
117 4 9 87
117 8 4 78
117 8 6 81
117 8 7 86
117 8 8 95
117 8 9 86
118 0 0 13
118 0 1 12
118 0 4 14
118 0 5 12
118 0 6 14
118 3 1 12
118 3 3 11
118 3 5 13
118 3 6 11
118 3 9 13
118 6 0 14
118 6 1 13
118 6 3 15
118 6 7 13
118 6 9 15
119 0 0 55
119 0 1 60
119 0 4 61
119 0 5 64
119 0 6 65
119 8 4 56
119 8 6 61
119 8 7 62
119 8 8 65
119 8 9 66
119 9 0 54
119 9 1 59
119 9 6 60
119 9 8 63
119 9 9 64
120 2 1 17
120 2 2 16
120 2 3 18
120 2 6 16
120 2 7 18
120 6 0 16
120 6 1 15
120 6 3 17
120 6 7 15
120 6 9 17
121 2 1 74
121 2 2 69
121 2 3 76
121 2 6 70
121 2 7 77
121 8 4 72
121 8 6 67
121 8 7 74
121 8 8 68
121 8 9 75
122 1 1 70
122 1 3 65
122 1 6 72
122 1 7 66
122 1 9 73
122 6 0 60
122 6 1 65
122 6 3 66
122 6 7 69
122 6 9 70
122 8 4 72
122 8 6 67
122 8 7 74
122 8 8 68
122 8 9 75
123 3 1 36
123 3 3 33
123 3 5 37
123 3 6 34
123 3 9 37
124 4 4 88
124 4 5 87
124 4 6 96
124 4 8 93
124 4 9 82
125 1 1 49
125 1 3 48
125 1 6 47
125 1 7 44
125 1 9 43
125 2 1 48
125 2 2 47
125 2 3 46
125 2 6 43
125 2 7 42
126 2 1 54
126 2 2 57
126 2 3 50
126 2 6 59
126 2 7 56
126 6 0 59
126 6 1 62
126 6 3 55
126 6 7 64
126 6 9 61
126 8 4 62
126 8 6 63
126 8 7 61
126 8 8 60
126 8 9 62
127 0 0 49
127 0 1 48
127 0 4 47
127 0 5 44
127 0 6 43
127 7 2 48
127 7 3 47
127 7 4 46
127 7 7 43
127 7 9 42
128 3 1 17
128 3 3 16
128 3 5 18
128 3 6 16
128 3 9 18
128 8 4 18
128 8 6 21
128 8 7 20
128 8 8 23
128 8 9 20
129 7 2 32
129 7 3 29
129 7 4 33
129 7 7 30
129 7 9 33
129 9 0 27
129 9 1 32
129 9 6 33
129 9 8 29
129 9 9 30
130 2 1 56
130 2 2 59
130 2 3 52
130 2 6 61
130 2 7 58
130 9 0 54
130 9 1 59
130 9 6 60
130 9 8 63
130 9 9 64
131 4 4 74
131 4 5 69
131 4 6 76
131 4 8 70
131 4 9 77
131 7 2 69
131 7 3 64
131 7 4 71
131 7 7 65
131 7 9 72
132 0 0 69
132 0 1 64
132 0 4 71
132 0 5 65
132 0 6 72
133 1 1 72
133 1 3 67
133 1 6 74
133 1 7 68
133 1 9 75
133 2 1 62
133 2 2 67
133 2 3 68
133 2 6 71
133 2 7 72
133 3 1 74
133 3 3 69
133 3 5 76
133 3 6 70
133 3 9 77
134 3 1 73
134 3 3 68
134 3 5 75
134 3 6 69
134 3 9 76
134 6 0 69
134 6 1 63
134 6 3 77
134 6 7 74
134 6 9 68
135 1 1 27
135 1 3 32
135 1 6 33
135 1 7 29
135 1 9 30
136 4 4 52
136 4 5 55
136 4 6 48
136 4 8 57
136 4 9 54
136 8 4 55
136 8 6 58
136 8 7 51
136 8 8 60
136 8 9 57
137 2 1 18
137 2 2 17
137 2 3 19
137 2 6 17
137 2 7 19
137 7 2 19
137 7 3 22
137 7 4 21
137 7 7 24
137 7 9 21
138 2 1 46
138 2 2 45
138 2 3 44
138 2 6 41
138 2 7 40
138 4 4 45
138 4 5 44
138 4 6 43
138 4 8 40
138 4 9 39
138 5 0 44
138 5 1 43
138 5 3 42
138 5 4 39
138 5 6 38
139 0 0 31
139 0 1 28
139 0 4 32
139 0 5 29
139 0 6 32
139 2 1 26
139 2 2 29
139 2 3 28
139 2 6 31
139 2 7 28
139 9 0 32
139 9 1 29
139 9 6 33
139 9 8 30
139 9 9 33
140 0 0 55
140 0 1 58
140 0 4 51
140 0 5 60
140 0 6 57
141 1 1 18
141 1 3 17
141 1 6 19
141 1 7 17
141 1 9 19
141 5 0 19
141 5 1 22
141 5 3 21
141 5 4 24
141 5 6 21
142 2 1 44
142 2 2 43
142 2 3 42
142 2 6 39
142 2 7 38
142 3 1 43
142 3 3 42
142 3 5 41
142 3 6 38
142 3 9 37
142 4 4 42
142 4 5 41
142 4 6 40
142 4 8 37
142 4 9 36
143 4 4 62
143 4 5 63
143 4 6 61
143 4 8 60
143 4 9 62
143 6 0 58
143 6 1 63
143 6 3 64
143 6 7 67
143 6 9 68
144 6 0 34
144 6 1 31
144 6 3 35
144 6 7 32
144 6 9 35
145 8 4 48
145 8 6 47
145 8 7 46
145 8 8 43
145 8 9 42
146 2 1 62
146 2 2 67
146 2 3 68
146 2 6 71
146 2 7 72
147 8 4 62
147 8 6 67
147 8 7 68
147 8 8 71
147 8 9 72
148 2 1 71
148 2 2 66
148 2 3 73
148 2 6 67
148 2 7 74
148 6 0 61
148 6 1 66
148 6 3 67
148 6 7 70
148 6 9 71
148 7 2 73
148 7 3 68
148 7 4 75
148 7 7 69
148 7 9 76
149 4 4 12
149 4 5 11
149 4 6 13
149 4 8 11
149 4 9 13
149 6 0 11
149 6 1 10
149 6 3 12
149 6 7 10
149 6 9 12
150 2 1 88
150 2 2 87
150 2 3 96
150 2 6 93
150 2 7 82
150 4 4 87
150 4 5 86
150 4 6 95
150 4 8 92
150 4 9 81
150 7 2 90
150 7 3 102
150 7 4 110
150 7 7 92
150 7 9 107
