Jobs:
0 1 2 3 4 5 6 7 8 9 10 11 12 13 14
Machines:
0 1 2 3 4
Workers:
0 1 2 3 4
Operations per job:
0 1 2 3 4 5 6 7 8 9
10 11 12 13 14 15 16 17
18 19 20 21 22 23 24 25
26 27 28 29 30 31 32 33
34 35 36 37 38 39 40 41
42 43 44 45 46 47 48 49
50 51 52 53 54 55 56 57 58
59 60 61 62 63 64 65 66
67 68 69 70 71 72 73 74 75 76
77 78 79 80 81 82 83 84 85
86 87 88 89 90 91 92 93
94 95 96 97 98 99 100 101 102 103
104 105 106 107 108 109 110 111
112 113 114 115 116 117 118 119 120 121
122 123 124 125 126 127 128 129
Predecessors per operation:

0
1
2
3
4
5
6
7
8

10
11
12
13
14
15
16

18
19
20
21
22
23
24

26
27
28
29
30
31
32

34
35
36
37
38
39
40

42
43
44
45
46
47
48

50
51
52
53
54
55
56
57

59
60
61
62
63
64
65

67
68
69
70
71
72
73
74
75

77
78
79
80
81
82
83
84

86
87
88
89
90
91
92

94
95
96
97
98
99
100
101
102

104
105
106
107
108
109
110

112
113
114
115
116
117
118
119
120

122
123
124
125
126
127
128
Successors per operation:
1
2
3
4
5
6
7
8
9

11
12
13
14
15
16
17

19
20
21
22
23
24
25

27
28
29
30
31
32
33

35
36
37
38
39
40
41

43
44
45
46
47
48
49

51
52
53
54
55
56
57
58

60
61
62
63
64
65
66

68
69
70
71
72
73
74
75
76

78
79
80
81
82
83
84
85

87
88
89
90
91
92
93

95
96
97
98
99
100
101
102
103

105
106
107
108
109
110
111

113
114
115
116
117
118
119
120
121

123
124
125
126
127
128
129

Machines per operation:
0 2
1 2
1 3
0 3 4
0 2
0 2 3
1 3 4
1 4
0 1 4
1 2 3
0 4
1 2 4
1 4
2 3
0 2 4
0 1 4
1 2 3
1 4
2 3 4
1 3
1 2 4
2 3 4
0 1
0 4
0 1 4
0 2 3
0 4
3 4
0 4
0 3
0 1 2
1 2 4
0 3
2 3 4
3 4
0 1 2
1 3
0 3 4
0 1 2
0 1
1 4
1 2
0 2
1 2 3
0 4
0 1
0 1
1 4
0 4
0 1 2
1 2 3
0 1 2
3 4
2 4
0 1 4
0 2
0 2
1 4
0 3
3 4
0 3 4
3 4
1 2 4
0 4
1 2 4
0 1 3
0 3 4
0 3 4
1 3
1 3 4
1 4
2 3 4
0 1 3
0 4
0 3 4
1 2
0 2 3
2 3
0 2
0 1 3
0 3
2 4
0 1
0 4
1 4
3 4
1 3 4
3 4
1 2 4
2 4
0 2 4
3 4
0 2
0 2 3
0 2 4
2 3 4
1 4
2 3 4
0 2
1 3 4
1 3
2 3 4
1 2 4
0 2 4
0 1 2
2 3 4
3 4
0 4
2 3
0 1 3
2 3
1 3
2 3 4
0 4
0 2
2 3 4
1 3 4
3 4
3 4
0 1
0 1 2
2 3
3 4
0 1
0 4
0 3 4
0 2 3
3 4
1 3 4
1 2 4
Processing times (o m w p):
0 0 0 16
0 0 1 15
0 0 2 15
0 2 0 15
0 2 2 14
0 2 3 14
1 1 1 38
1 1 3 40
1 1 4 40
1 2 0 40
1 2 2 42
1 2 3 42
2 1 1 95
2 1 3 87
2 1 4 97
2 3 0 92
2 3 2 84
2 3 3 84
3 0 0 66
3 0 1 68
3 0 2 66
3 3 0 68
3 3 2 70
3 3 3 68
3 4 1 66
3 4 3 68
3 4 4 66
4 0 0 68
4 0 1 65
4 0 2 67
4 2 0 70
4 2 2 72
4 2 3 70
5 0 0 36
5 0 1 34
5 0 2 35
5 2 0 41
5 2 2 42
5 2 3 42
5 3 0 41
5 3 2 42
5 3 3 42
6 1 1 70
6 1 3 72
6 1 4 70
6 3 0 67
6 3 2 64
6 3 3 66
6 4 1 70
6 4 3 72
6 4 4 70
7 1 1 37
7 1 3 39
7 1 4 39
7 4 1 39
7 4 3 41
7 4 4 41
8 0 0 47
8 0 1 51
8 0 2 45
8 1 1 51
8 1 3 55
8 1 4 49
8 4 1 44
8 4 3 46
8 4 4 46
9 1 1 36
9 1 3 34
9 1 4 35
9 2 0 41
9 2 2 42
9 2 3 42
9 3 0 41
9 3 2 42
9 3 3 42
10 0 0 33
10 0 1 31
10 0 2 32
10 4 1 31
10 4 3 29
10 4 4 30
11 1 1 69
11 1 3 71
11 1 4 69
11 2 0 71
11 2 2 68
11 2 3 70
11 4 1 71
11 4 3 68
11 4 4 70
12 1 1 25
12 1 3 23
12 1 4 23
12 4 1 23
12 4 3 21
12 4 4 21
13 2 0 15
13 2 2 14
13 2 3 14
13 3 0 14
13 3 2 13
13 3 3 13
14 0 0 68
14 0 1 75
14 0 2 75
14 2 0 68
14 2 2 65
14 2 3 67
14 4 1 68
14 4 3 75
14 4 4 75
15 0 0 64
15 0 1 66
15 0 2 64
15 1 1 66
15 1 3 68
15 1 4 66
15 4 1 64
15 4 3 66
15 4 4 64
16 1 1 11
16 1 3 10
16 1 4 10
16 2 0 10
16 2 2 9
16 2 3 9
16 3 0 10
16 3 2 9
16 3 3 9
17 1 1 47
17 1 3 51
17 1 4 45
17 4 1 51
17 4 3 55
17 4 4 49
18 2 0 68
18 2 2 75
18 2 3 75
18 3 0 68
18 3 2 65
18 3 3 67
18 4 1 68
18 4 3 75
18 4 4 75
19 1 1 37
19 1 3 39
19 1 4 39
19 3 0 39
19 3 2 41
19 3 3 41
20 1 1 30
20 1 3 28
20 1 4 29
20 2 0 28
20 2 2 30
20 2 3 28
20 4 1 29
20 4 3 27
20 4 4 28
21 2 0 37
21 2 2 39
21 2 3 39
21 3 0 39
21 3 2 41
21 3 3 41
21 4 1 39
21 4 3 41
21 4 4 41
22 0 0 30
22 0 1 28
22 0 2 29
22 1 1 28
22 1 3 30
22 1 4 28
23 0 0 32
23 0 1 30
23 0 2 31
23 4 1 30
23 4 3 28
23 4 4 29
24 0 0 99
24 0 1 91
24 0 2 101
24 1 1 91
24 1 3 83
24 1 4 93
24 4 1 104
24 4 3 110
24 4 4 110
25 0 0 43
25 0 1 45
25 0 2 45
25 2 0 48
25 2 2 52
25 2 3 46
25 3 0 41
25 3 2 43
25 3 3 43
26 0 0 41
26 0 1 42
26 0 2 42
26 4 1 37
26 4 3 39
26 4 4 39
27 3 0 25
27 3 2 23
27 3 3 23
27 4 1 23
27 4 3 21
27 4 4 21
28 0 0 11
28 0 1 9
28 0 2 9
28 4 1 8
28 4 3 8
28 4 4 8
29 0 0 43
29 0 1 45
29 0 2 45
29 3 0 50
29 3 2 54
29 3 3 48
30 0 0 94
30 0 1 86
30 0 2 86
30 1 1 91
30 1 3 83
30 1 4 93
30 2 0 96
30 2 2 88
30 2 3 98
31 1 1 63
31 1 3 65
31 1 4 63
31 2 0 67
31 2 2 69
31 2 3 67
31 4 1 62
31 4 3 64
31 4 4 62
32 0 0 70
32 0 1 72
32 0 2 70
32 3 0 67
32 3 2 64
32 3 3 66
33 2 0 94
33 2 2 86
33 2 3 86
33 3 0 91
33 3 2 83
33 3 3 93
33 4 1 96
33 4 3 88
33 4 4 98
34 3 0 91
34 3 2 83
34 3 3 93
34 4 1 88
34 4 3 80
34 4 4 80
35 0 0 37
35 0 1 35
35 0 2 36
35 1 1 36
35 1 3 38
35 1 4 38
35 2 0 36
35 2 2 38
35 2 3 38
36 1 1 15
36 1 3 14
36 1 4 14
36 3 0 14
36 3 2 13
36 3 3 13
37 0 0 47
37 0 1 51
37 0 2 45
37 3 0 51
37 3 2 55
37 3 3 49
37 4 1 44
37 4 3 46
37 4 4 46
38 0 0 93
38 0 1 85
38 0 2 85
38 1 1 81
38 1 3 81
38 1 4 85
38 2 0 81
38 2 2 81
38 2 3 85
39 0 0 69
39 0 1 71
39 0 2 69
39 1 1 68
39 1 3 75
39 1 4 75
40 1 1 64
40 1 3 66
40 1 4 64
40 4 1 66
40 4 3 68
40 4 4 66
41 1 1 32
41 1 3 30
41 1 4 31
41 2 0 30
41 2 2 28
41 2 3 29
42 0 0 68
42 0 1 70
42 0 2 68
42 2 0 70
42 2 2 72
42 2 3 70
43 1 1 34
43 1 3 32
43 1 4 33
43 2 0 36
43 2 2 34
43 2 3 35
43 3 0 36
43 3 2 34
43 3 3 35
44 0 0 20
44 0 1 18
44 0 2 18
44 4 1 18
44 4 3 17
44 4 4 17
45 0 0 70
45 0 1 67
45 0 2 69
45 1 1 67
45 1 3 64
45 1 4 66
46 0 0 93
46 0 1 85
46 0 2 95
46 1 1 90
46 1 3 82
46 1 4 82
47 1 1 94
47 1 3 86
47 1 4 86
47 4 1 91
47 4 3 83
47 4 4 93
48 0 0 42
48 0 1 44
48 0 2 44
48 4 1 47
48 4 3 51
48 4 4 45
49 0 0 92
49 0 1 84
49 0 2 94
49 1 1 89
49 1 3 81
49 1 4 81
49 2 0 89
49 2 2 81
49 2 3 81
50 1 1 86
50 1 3 78
50 1 4 78
50 2 0 86
50 2 2 78
50 2 3 78
50 3 0 90
50 3 2 82
50 3 3 82
51 0 0 11
51 0 1 10
51 0 2 10
51 1 1 10
51 1 3 9
51 1 4 9
51 2 0 10
51 2 2 9
51 2 3 9
52 3 0 34
52 3 2 32
52 3 3 33
52 4 1 36
52 4 3 34
52 4 4 35
53 2 0 89
53 2 2 91
53 2 3 96
53 4 1 87
53 4 3 79
53 4 4 79
54 0 0 34
54 0 1 32
54 0 2 33
54 1 1 32
54 1 3 30
54 1 4 31
54 4 1 33
54 4 3 31
54 4 4 32
55 0 0 96
55 0 1 88
55 0 2 98
55 2 0 93
55 2 2 85
55 2 3 85
56 0 0 22
56 0 1 20
56 0 2 20
56 2 0 20
56 2 2 18
56 2 3 18
57 1 1 36
57 1 3 34
57 1 4 35
57 4 1 41
57 4 3 42
57 4 4 42
58 0 0 97
58 0 1 89
58 0 2 99
58 3 0 94
58 3 2 86
58 3 3 86
59 3 0 14
59 3 2 13
59 3 3 13
59 4 1 13
59 4 3 12
59 4 4 12
60 0 0 28
60 0 1 26
60 0 2 26
60 3 0 26
60 3 2 24
60 3 3 24
60 4 1 27
60 4 3 25
60 4 4 25
61 3 0 70
61 3 2 72
61 3 3 70
61 4 1 67
61 4 3 64
61 4 4 66
62 1 1 17
62 1 3 16
62 1 4 16
62 2 0 16
62 2 2 15
62 2 3 15
62 4 1 16
62 4 3 15
62 4 4 15
63 0 0 38
63 0 1 40
63 0 2 40
63 4 1 40
63 4 3 42
63 4 4 42
64 1 1 34
64 1 3 32
64 1 4 33
64 2 0 32
64 2 2 30
64 2 3 31
64 4 1 33
64 4 3 31
64 4 4 32
65 0 0 95
65 0 1 87
65 0 2 97
65 1 1 92
65 1 3 84
65 1 4 84
65 3 0 97
65 3 2 89
65 3 3 99
66 0 0 94
66 0 1 86
66 0 2 86
66 3 0 86
66 3 2 78
66 3 3 78
66 4 1 86
66 4 3 78
66 4 4 78
67 0 0 36
67 0 1 38
67 0 2 38
67 3 0 38
67 3 2 40
67 3 3 40
67 4 1 38
67 4 3 40
67 4 4 40
68 1 1 39
68 1 3 41
68 1 4 41
68 3 0 41
68 3 2 43
68 3 3 43
69 1 1 17
69 1 3 16
69 1 4 16
69 3 0 16
69 3 2 15
69 3 3 15
69 4 1 16
69 4 3 15
69 4 4 15
70 1 1 95
70 1 3 87
70 1 4 97
70 4 1 92
70 4 3 84
70 4 4 84
71 2 0 93
71 2 2 85
71 2 3 95
71 3 0 90
71 3 2 82
71 3 3 82
71 4 1 95
71 4 3 87
71 4 4 97
72 0 0 43
72 0 1 45
72 0 2 45
72 1 1 48
72 1 3 52
72 1 4 46
72 3 0 41
72 3 2 43
72 3 3 43
73 0 0 36
73 0 1 34
73 0 2 35
73 4 1 41
73 4 3 42
73 4 4 42
74 0 0 15
74 0 1 14
74 0 2 14
74 3 0 14
74 3 2 13
74 3 3 13
74 4 1 14
74 4 3 13
74 4 4 13
75 1 1 95
75 1 3 87
75 1 4 97
75 2 0 92
75 2 2 84
75 2 3 84
76 0 0 32
76 0 1 30
76 0 2 31
76 2 0 30
76 2 2 28
76 2 3 29
76 3 0 31
76 3 2 29
76 3 3 30
77 2 0 48
77 2 2 54
77 2 3 54
77 3 0 50
77 3 2 54
77 3 3 48
78 0 0 68
78 0 1 75
78 0 2 75
78 2 0 68
78 2 2 65
78 2 3 67
79 0 0 93
79 0 1 85
79 0 2 95
79 1 1 90
79 1 3 82
79 1 4 82
79 3 0 95
79 3 2 87
79 3 3 97
80 0 0 27
80 0 1 25
80 0 2 25
80 3 0 28
80 3 2 30
80 3 3 28
81 2 0 70
81 2 2 72
81 2 3 70
81 4 1 67
81 4 3 69
81 4 4 67
82 0 0 51
82 0 1 55
82 0 2 49
82 1 1 55
82 1 3 59
82 1 4 53
83 0 0 11
83 0 1 10
83 0 2 10
83 4 1 10
83 4 3 9
83 4 4 9
84 1 1 28
84 1 3 30
84 1 4 28
84 4 1 27
84 4 3 25
84 4 4 25
85 3 0 10
85 3 2 9
85 3 3 9
85 4 1 8
85 4 3 8
85 4 4 8
86 1 1 10
86 1 3 9
86 1 4 9
86 3 0 11
86 3 2 9
86 3 3 9
86 4 1 11
86 4 3 9
86 4 4 9
87 3 0 94
87 3 2 86
87 3 3 96
87 4 1 91
87 4 3 83
87 4 4 83
88 1 1 97
88 1 3 89
88 1 4 99
88 2 0 94
88 2 2 86
88 2 3 86
88 4 1 99
88 4 3 91
88 4 4 101
89 2 0 48
89 2 2 52
89 2 3 46
89 4 1 52
89 4 3 56
89 4 4 50
90 0 0 30
90 0 1 28
90 0 2 29
90 2 0 28
90 2 2 30
90 2 3 28
90 4 1 29
90 4 3 27
90 4 4 28
91 3 0 96
91 3 2 88
91 3 3 98
91 4 1 93
91 4 3 85
91 4 4 85
92 0 0 47
92 0 1 51
92 0 2 45
92 2 0 51
92 2 2 55
92 2 3 49
93 0 0 10
93 0 1 9
93 0 2 9
93 2 0 8
93 2 2 8
93 2 3 8
93 3 0 8
93 3 2 8
93 3 3 8
94 0 0 43
94 0 1 45
94 0 2 45
94 2 0 48
94 2 2 52
94 2 3 46
94 4 1 41
94 4 3 43
94 4 4 43
95 2 0 91
95 2 2 83
95 2 3 93
95 3 0 88
95 3 2 80
95 3 3 80
95 4 1 88
95 4 3 80
95 4 4 80
96 1 1 39
96 1 3 41
96 1 4 41
96 4 1 41
96 4 3 43
96 4 4 43
97 2 0 48
97 2 2 54
97 2 3 54
97 3 0 50
97 3 2 54
97 3 3 48
97 4 1 43
97 4 3 45
97 4 4 45
98 0 0 25
98 0 1 23
98 0 2 23
98 2 0 23
98 2 2 21
98 2 3 21
99 1 1 37
99 1 3 39
99 1 4 39
99 3 0 39
99 3 2 41
99 3 3 41
99 4 1 39
99 4 3 41
99 4 4 41
100 1 1 69
100 1 3 71
100 1 4 69
100 3 0 68
100 3 2 75
100 3 3 75
101 2 0 13
101 2 2 12
101 2 3 12
101 3 0 12
101 3 2 11
101 3 3 11
101 4 1 12
101 4 3 11
101 4 4 11
102 1 1 70
102 1 3 72
102 1 4 70
102 2 0 67
102 2 2 64
102 2 3 66
102 4 1 70
102 4 3 72
102 4 4 70
103 0 0 70
103 0 1 67
103 0 2 69
103 2 0 67
103 2 2 64
103 2 3 66
103 4 1 69
103 4 3 66
103 4 4 68
104 0 0 69
104 0 1 71
104 0 2 69
104 1 1 71
104 1 3 68
104 1 4 70
104 2 0 71
104 2 2 68
104 2 3 70
105 2 0 43
105 2 2 45
105 2 3 45
105 3 0 48
105 3 2 52
105 3 3 46
105 4 1 41
105 4 3 43
105 4 4 43
106 3 0 94
106 3 2 86
106 3 3 96
106 4 1 91
106 4 3 83
106 4 4 83
107 0 0 93
107 0 1 85
107 0 2 95
107 4 1 90
107 4 3 82
107 4 4 82
108 2 0 34
108 2 2 32
108 2 3 33
108 3 0 32
108 3 2 30
108 3 3 31
109 0 0 96
109 0 1 88
109 0 2 98
109 1 1 93
109 1 3 85
109 1 4 85
109 3 0 98
109 3 2 90
109 3 3 100
110 2 0 41
110 2 2 42
110 2 3 42
110 3 0 37
110 3 2 39
110 3 3 39
111 1 1 33
111 1 3 31
111 1 4 32
111 3 0 31
111 3 2 29
111 3 3 30
112 2 0 36
112 2 2 38
112 2 3 38
112 3 0 37
112 3 2 39
112 3 3 39
112 4 1 37
112 4 3 39
112 4 4 39
113 0 0 11
113 0 1 9
113 0 2 9
113 4 1 8
113 4 3 8
113 4 4 8
114 0 0 94
114 0 1 86
114 0 2 86
114 2 0 86
114 2 2 78
114 2 3 78
115 2 0 31
115 2 2 29
115 2 3 30
115 3 0 29
115 3 2 27
115 3 3 28
115 4 1 30
115 4 3 28
115 4 4 29
116 1 1 27
116 1 3 25
116 1 4 25
116 3 0 25
116 3 2 23
116 3 3 23
116 4 1 25
116 4 3 23
116 4 4 23
117 3 0 16
117 3 2 15
117 3 3 15
117 4 1 15
117 4 3 14
117 4 4 14
118 3 0 63
118 3 2 65
118 3 3 63
118 4 1 67
118 4 3 69
118 4 4 67
119 0 0 35
119 0 1 33
119 0 2 34
119 1 1 33
119 1 3 31
119 1 4 32
120 0 0 35
120 0 1 33
120 0 2 34
120 1 1 37
120 1 3 35
120 1 4 36
120 2 0 37
120 2 2 35
120 2 3 36
121 2 0 31
121 2 2 29
121 2 3 30
121 3 0 29
121 3 2 27
121 3 3 28
122 3 0 21
122 3 2 19
122 3 3 19
122 4 1 18
122 4 3 20
122 4 4 20
123 0 0 86
123 0 1 78
123 0 2 78
123 1 1 86
123 1 3 78
123 1 4 78
124 0 0 16
124 0 1 15
124 0 2 15
124 4 1 15
124 4 3 14
124 4 4 14
125 0 0 34
125 0 1 32
125 0 2 33
125 3 0 32
125 3 2 30
125 3 3 31
125 4 1 33
125 4 3 31
125 4 4 32
126 0 0 25
126 0 1 23
126 0 2 23
126 2 0 23
126 2 2 21
126 2 3 21
126 3 0 23
126 3 2 21
126 3 3 21
127 3 0 65
127 3 2 67
127 3 3 65
127 4 1 67
127 4 3 69
127 4 4 67
128 1 1 99
128 1 3 91
128 1 4 101
128 3 0 91
128 3 2 83
128 3 3 93
128 4 1 104
128 4 3 110
128 4 4 110
129 1 1 10
129 1 3 9
129 1 4 9
129 2 0 8
129 2 2 8
129 2 3 8
129 4 1 8
129 4 3 8
129 4 4 8
