Jobs:
0 1 2 3 4 5 6 7 8 9 10 11 12 13 14 15 16 17 18 19
Machines:
0 1 2 3 4 5 6 7 8 9
Workers:
0 1 2 3 4 5 6 7
Operations per job:
0 1 2 3 4 5
6 7 8 9 10 11 12 13 14 15 16 17 18
19 20 21 22 23 24 25 26 27 28 29 30 31
32 33 34 35 36 37 38 39 40 41 42 43
44 45 46 47 48 49 50 51 52 53 54 55
56 57 58 59 60 61 62 63 64 65 66
67 68 69 70 71 72 73 74 75 76 77
78 79 80 81 82
83 84 85 86 87 88 89 90 91
92 93 94 95 96 97 98 99 100 101 102
103 104 105 106 107 108
109 110 111 112 113 114 115 116 117 118
119 120 121 122 123 124 125 126 127 128
129 130 131 132 133 134 135 136 137 138 139 140 141
142 143 144 145 146 147 148
149 150 151 152 153 154 155
156 157 158 159 160 161 162 163 164 165 166 167 168 169 170
171 172 173 174 175 176 177 178 179 180 181 182 183 184 185
186 187 188 189 190
191 192 193 194 195 196 197 198
Predecessors per operation:

0
1
2
3
4

6
7
8
9
10
11
12
13
14
15
16
17

19
20
21
22
23
24
25
26
27
28
29
30

32
33
34
35
36
37
38
39
40
41
42

44
45
46
47
48
49
50
51
52
53
54

56
57
58
59
60
61
62
63
64
65

67
68
69
70
71
72
73
74
75
76

78
79
80
81

83
84
85
86
87
88
89
90

92
93
94
95
96
97
98
99
100
101

103
104
105
106
107

109
110
111
112
113
114
115
116
117

119
120
121
122
123
124
125
126
127

129
130
131
132
133
134
135
136
137
138
139
140

142
143
144
145
146
147

149
150
151
152
153
154

156
157
158
159
160
161
162
163
164
165
166
167
168
169

171
172
173
174
175
176
177
178
179
180
181
182
183
184

186
187
188
189

191
192
193
194
195
196
197
Successors per operation:
1
2
3
4
5

7
8
9
10
11
12
13
14
15
16
17
18

20
21
22
23
24
25
26
27
28
29
30
31

33
34
35
36
37
38
39
40
41
42
43

45
46
47
48
49
50
51
52
53
54
55

57
58
59
60
61
62
63
64
65
66

68
69
70
71
72
73
74
75
76
77

79
80
81
82

84
85
86
87
88
89
90
91

93
94
95
96
97
98
99
100
101
102

104
105
106
107
108

110
111
112
113
114
115
116
117
118

120
121
122
123
124
125
126
127
128

130
131
132
133
134
135
136
137
138
139
140
141

143
144
145
146
147
148

150
151
152
153
154
155

157
158
159
160
161
162
163
164
165
166
167
168
169
170

172
173
174
175
176
177
178
179
180
181
182
183
184
185

187
188
189
190

192
193
194
195
196
197
198

Machines per operation:
1 3 5
0 3
1 2 9
0 1 4
1 7
1 2 7
0 1
3 5 7
2 3 9
0 3 8
3 4 9
2 5 6
3 8
2 6 9
0 2 9
3 7 8
0 9
1 6 7
4 5 7
2 8
1 9
2 7 9
2 3 8
2 3 4
1 2 4
3 8
0 4 6
3 7
1 4 8
3 6
6 7
0 9
0 2 6
3 4 5
4 8 9
6 7 9
1 5 7
0 2 8
1 7
4 6 8
2 5
5 9
1 5 7
0 9
0 1 5
1 8 9
3 4 8
1 7 8
2 3 4
1 4 8
2 7 9
0 1
2 5 8
3 5 9
1 3
0 7 9
2 3 4
3 6 9
1 3 5
0 5 9
3 6 9
0 2 8
2 3 8
3 4 8
4 7 9
0 4
1 3 6
6 8
0 1 2
6 9
0 5
1 8
5 6 9
0 1 3
0 7
4 9
2 3
1 2 7
4 5
0 2 8
1 4
4 8 9
3 5 7
0 2 8
2 7 9
0 2
6 9
5 7 8
1 3 8
4 7 8
0 6 9
4 6
1 4 8
1 2 7
3 8
0 2 3
1 2 4
0 2 9
5 7
0 5 6
0 2 6
3 7 8
1 2
1 6 9
3 5
7 8
0 1
5 7 8
1 3
3 6
2 5
6 7 9
0 3 6
2 6 9
1 4
0 3 6
3 8 9
3 8
1 2 3
2 7
1 3 5
1 4 9
3 4 5
4 5
0 5 8
0 5
2 5 7
5 8
1 2
1 3 5
1 2 4
3 5
0 1 2
1 3 6
7 9
1 7
5 7
0 9
1 4 6
2 6
1 4 8
1 5 6
3 5
5 7 9
2 6
3 8
1 7
4 6
6 7
5 8
2 9
7 8
5 6
0 1 6
0 3 6
0 2 5
5 9
1 9
2 3 7
5 6 8
3 4
7 8 9
0 2 6
4 6 8
2 7
2 7 8
3 5
0 2
0 3 5
1 7
0 5 8
1 4
1 5 8
3 6 7
1 9
3 6 7
1 5 8
4 5 8
3 4
3 4
3 7
1 3 7
0 2 9
3 5 6
3 9
3 9
0 5
0 1
2 3 8
0 2 6
1 5
2 5
1 9
4 8
1 3
4 5 6
1 3 7
1 7
2 6 8
Processing times (o m w p):
0 1 1 85
0 1 2 87
0 1 4 89
0 1 6 84
0 1 7 97
0 3 1 90
0 3 2 80
0 3 4 80
0 3 5 75
0 3 6 92
0 5 0 90
0 5 3 80
0 5 5 80
0 5 6 75
0 5 7 92
1 0 1 15
1 0 2 12
1 0 5 14
1 0 6 15
1 0 7 13
1 3 1 12
1 3 2 9
1 3 4 11
1 3 5 12
1 3 6 10
2 1 1 42
2 1 2 41
2 1 4 41
2 1 6 36
2 1 7 44
2 2 0 38
2 2 4 40
2 2 5 42
2 2 6 37
2 2 7 40
2 9 0 40
2 9 1 42
2 9 3 44
2 9 6 39
2 9 7 42
3 0 1 95
3 0 2 113
3 0 5 113
3 0 6 112
3 0 7 101
3 1 1 97
3 1 2 115
3 1 4 115
3 1 6 114
3 1 7 103
3 4 1 99
3 4 2 110
3 4 4 112
3 4 6 100
3 4 7 109
4 1 1 23
4 1 2 25
4 1 4 25
4 1 6 20
4 1 7 25
4 7 3 25
4 7 4 27
4 7 5 27
4 7 6 22
4 7 7 27
5 1 1 42
5 1 2 41
5 1 4 41
5 1 6 36
5 1 7 44
5 2 0 38
5 2 4 40
5 2 5 42
5 2 6 37
5 2 7 40
5 7 3 40
5 7 4 42
5 7 5 44
5 7 6 39
5 7 7 42
6 0 1 40
6 0 2 34
6 0 5 38
6 0 6 39
6 0 7 35
6 1 1 34
6 1 2 28
6 1 4 32
6 1 6 33
6 1 7 29
7 3 1 37
7 3 2 39
7 3 4 41
7 3 5 36
7 3 6 39
7 5 0 39
7 5 3 41
7 5 5 43
7 5 6 38
7 5 7 41
7 7 3 41
7 7 4 43
7 7 5 45
7 7 6 40
7 7 7 43
8 2 0 13
8 2 4 10
8 2 5 12
8 2 6 13
8 2 7 11
8 3 1 9
8 3 2 8
8 3 4 9
8 3 5 9
8 3 6 8
8 9 0 12
8 9 1 9
8 9 3 11
8 9 6 12
8 9 7 10
9 0 1 41
9 0 2 35
9 0 5 39
9 0 6 40
9 0 7 36
9 3 1 42
9 3 2 41
9 3 4 41
9 3 5 36
9 3 6 44
9 8 1 38
9 8 2 40
9 8 4 42
9 8 5 37
9 8 7 40
10 3 1 90
10 3 2 80
10 3 4 80
10 3 5 75
10 3 6 92
10 4 1 92
10 4 2 82
10 4 4 82
10 4 6 77
10 4 7 94
10 9 0 94
10 9 1 84
10 9 3 84
10 9 6 79
10 9 7 96
11 2 0 63
11 2 4 65
11 2 5 75
11 2 6 68
11 2 7 75
11 5 0 78
11 5 3 66
11 5 5 73
11 5 6 75
11 5 7 68
11 6 0 62
11 6 1 64
11 6 4 74
11 6 5 67
11 6 6 74
12 3 1 89
12 3 2 79
12 3 4 79
12 3 5 74
12 3 6 91
12 8 1 91
12 8 2 81
12 8 4 81
12 8 5 76
12 8 7 93
13 2 0 55
13 2 4 57
13 2 5 67
13 2 6 60
13 2 7 67
13 6 0 57
13 6 1 59
13 6 4 69
13 6 5 62
13 6 6 69
13 9 0 60
13 9 1 62
13 9 3 56
13 9 6 51
13 9 7 56
14 0 1 38
14 0 2 40
14 0 5 42
14 0 6 37
14 0 7 40
14 2 0 39
14 2 4 33
14 2 5 37
14 2 6 38
14 2 7 34
14 9 0 42
14 9 1 41
14 9 3 41
14 9 6 36
14 9 7 44
15 3 1 19
15 3 2 21
15 3 4 18
15 3 5 18
15 3 6 21
15 7 3 18
15 7 4 15
15 7 5 17
15 7 6 18
15 7 7 16
15 8 1 20
15 8 2 17
15 8 4 19
15 8 5 20
15 8 7 18
16 0 1 82
16 0 2 84
16 0 5 86
16 0 6 81
16 0 7 94
16 9 0 87
16 9 1 77
16 9 3 77
16 9 6 72
16 9 7 89
17 1 1 89
17 1 2 79
17 1 4 79
17 1 6 74
17 1 7 91
17 6 0 78
17 6 1 66
17 6 4 73
17 6 5 75
17 6 6 68
17 7 3 85
17 7 4 73
17 7 5 80
17 7 6 82
17 7 7 75
18 4 1 54
18 4 2 57
18 4 4 62
18 4 6 66
18 4 7 54
18 5 0 56
18 5 3 58
18 5 5 68
18 5 6 61
18 5 7 68
18 7 3 79
18 7 4 67
18 7 5 74
18 7 6 76
18 7 7 69
19 2 0 89
19 2 4 79
19 2 5 79
19 2 6 74
19 2 7 91
19 8 1 78
19 8 2 66
19 8 4 73
19 8 5 75
19 8 7 68
20 1 1 85
20 1 2 73
20 1 4 80
20 1 6 82
20 1 7 75
20 9 0 60
20 9 1 62
20 9 3 72
20 9 6 65
20 9 7 72
21 2 0 37
21 2 4 31
21 2 5 35
21 2 6 36
21 2 7 32
21 7 3 28
21 7 4 30
21 7 5 30
21 7 6 25
21 7 7 30
21 9 0 35
21 9 1 29
21 9 3 33
21 9 6 34
21 9 7 30
22 2 0 14
22 2 4 11
22 2 5 13
22 2 6 14
22 2 7 12
22 3 1 9
22 3 2 11
22 3 4 11
22 3 5 9
22 3 6 11
22 8 1 13
22 8 2 10
22 8 4 12
22 8 5 13
22 8 7 11
23 2 0 83
23 2 4 85
23 2 5 87
23 2 6 82
23 2 7 95
23 3 1 88
23 3 2 78
23 3 4 78
23 3 5 73
23 3 6 90
23 4 1 88
23 4 2 78
23 4 4 78
23 4 6 73
23 4 7 90
24 1 1 16
24 1 2 13
24 1 4 15
24 1 6 16
24 1 7 14
24 2 0 13
24 2 4 10
24 2 5 12
24 2 6 13
24 2 7 11
24 4 1 15
24 4 2 12
24 4 4 14
24 4 6 15
24 4 7 13
25 3 1 54
25 3 2 57
25 3 4 62
25 3 5 66
25 3 6 54
25 8 1 56
25 8 2 58
25 8 4 68
25 8 5 61
25 8 7 68
26 0 1 15
26 0 2 12
26 0 5 14
26 0 6 15
26 0 7 13
26 4 1 12
26 4 2 9
26 4 4 11
26 4 6 12
26 4 7 10
26 6 0 14
26 6 1 11
26 6 4 13
26 6 5 14
26 6 6 12
27 3 1 89
27 3 2 79
27 3 4 79
27 3 5 74
27 3 6 91
27 7 3 91
27 7 4 81
27 7 5 81
27 7 6 76
27 7 7 93
28 1 1 59
28 1 2 61
28 1 4 55
28 1 6 50
28 1 7 55
28 4 1 61
28 4 2 63
28 4 4 57
28 4 6 52
28 4 7 57
28 8 1 55
28 8 2 57
28 8 4 51
28 8 5 46
28 8 7 51
29 3 1 28
29 3 2 30
29 3 4 30
29 3 5 25
29 3 6 30
29 6 0 28
29 6 1 30
29 6 4 33
29 6 5 33
29 6 6 33
30 6 0 93
30 6 1 83
30 6 4 83
30 6 5 78
30 6 6 95
30 7 3 84
30 7 4 72
30 7 5 79
30 7 6 81
30 7 7 74
31 0 1 88
31 0 2 78
31 0 5 78
31 0 6 73
31 0 7 90
31 9 0 90
31 9 1 80
31 9 3 80
31 9 6 75
31 9 7 92
32 0 1 93
32 0 2 83
32 0 5 83
32 0 6 78
32 0 7 95
32 2 0 84
32 2 4 72
32 2 5 79
32 2 6 81
32 2 7 74
32 6 0 84
32 6 1 72
32 6 4 79
32 6 5 81
32 6 6 74
33 3 1 15
33 3 2 12
33 3 4 14
33 3 5 15
33 3 6 13
33 4 1 12
33 4 2 9
33 4 4 11
33 4 6 12
33 4 7 10
33 5 0 14
33 5 3 11
33 5 5 13
33 5 6 14
33 5 7 12
34 4 1 91
34 4 2 81
34 4 4 81
34 4 6 76
34 4 7 93
34 8 1 80
34 8 2 68
34 8 4 75
34 8 5 77
34 8 7 70
34 9 0 83
34 9 1 83
34 9 3 74
34 9 6 84
34 9 7 82
35 6 0 84
35 6 1 86
35 6 4 88
35 6 5 83
35 6 6 96
35 7 3 89
35 7 4 79
35 7 5 79
35 7 6 74
35 7 7 91
35 9 0 89
35 9 1 79
35 9 3 79
35 9 6 74
35 9 7 91
36 1 1 24
36 1 2 26
36 1 4 26
36 1 6 21
36 1 7 26
36 5 0 26
36 5 3 28
36 5 5 28
36 5 6 23
36 5 7 28
36 7 3 26
36 7 4 28
36 7 5 28
36 7 6 23
36 7 7 28
37 0 1 23
37 0 2 25
37 0 5 25
37 0 6 20
37 0 7 25
37 2 0 25
37 2 4 27
37 2 5 27
37 2 6 22
37 2 7 27
37 8 1 25
37 8 2 27
37 8 4 27
37 8 5 22
37 8 7 27
38 1 1 37
38 1 2 39
38 1 4 41
38 1 6 36
38 1 7 39
38 7 3 38
38 7 4 32
38 7 5 36
38 7 6 37
38 7 7 33
39 4 1 87
39 4 2 77
39 4 4 77
39 4 6 72
39 4 7 89
39 6 0 63
39 6 1 65
39 6 4 75
39 6 5 68
39 6 6 75
39 8 1 83
39 8 2 71
39 8 4 78
39 8 5 80
39 8 7 73
40 2 0 91
40 2 4 81
40 2 5 81
40 2 6 76
40 2 7 93
40 5 0 80
40 5 3 68
40 5 5 75
40 5 6 77
40 5 7 70
41 5 0 94
41 5 3 84
41 5 5 84
41 5 6 79
41 5 7 96
41 9 0 85
41 9 1 73
41 9 3 80
41 9 6 82
41 9 7 75
42 1 1 87
42 1 2 89
42 1 4 91
42 1 6 86
42 1 7 99
42 5 0 82
42 5 3 84
42 5 5 86
42 5 6 81
42 5 7 94
42 7 3 84
42 7 4 86
42 7 5 88
42 7 6 83
42 7 7 96
43 0 1 41
43 0 2 35
43 0 5 39
43 0 6 40
43 0 7 36
43 9 0 42
43 9 1 41
43 9 3 41
43 9 6 36
43 9 7 44
44 0 1 25
44 0 2 27
44 0 5 27
44 0 6 22
44 0 7 27
44 1 1 27
44 1 2 29
44 1 4 29
44 1 6 24
44 1 7 29
44 5 0 27
44 5 3 29
44 5 5 29
44 5 6 24
44 5 7 29
45 1 1 42
45 1 2 36
45 1 4 40
45 1 6 41
45 1 7 37
45 8 1 37
45 8 2 39
45 8 4 41
45 8 5 36
45 8 7 39
45 9 0 39
45 9 1 41
45 9 3 43
45 9 6 38
45 9 7 41
46 3 1 93
46 3 2 83
46 3 4 83
46 3 5 78
46 3 6 95
46 4 1 95
46 4 2 85
46 4 4 85
46 4 6 80
46 4 7 97
46 8 1 82
46 8 2 84
46 8 4 86
46 8 5 81
46 8 7 94
47 1 1 54
47 1 2 57
47 1 4 62
47 1 6 66
47 1 7 54
47 7 3 56
47 7 4 58
47 7 5 68
47 7 6 61
47 7 7 68
47 8 1 79
47 8 2 67
47 8 4 74
47 8 5 76
47 8 7 69
48 2 0 56
48 2 4 58
48 2 5 68
48 2 6 61
48 2 7 68
48 3 1 58
48 3 2 60
48 3 4 70
48 3 5 63
48 3 6 70
48 4 1 81
48 4 2 69
48 4 4 76
48 4 6 78
48 4 7 71
49 1 1 61
49 1 2 63
49 1 4 57
49 1 6 52
49 1 7 57
49 4 1 54
49 4 2 57
49 4 4 62
49 4 6 66
49 4 7 54
49 8 1 69
49 8 2 71
49 8 4 68
49 8 5 63
49 8 7 71
50 2 0 22
50 2 4 24
50 2 5 24
50 2 6 19
50 2 7 24
50 7 3 24
50 7 4 26
50 7 5 26
50 7 6 21
50 7 7 26
50 9 0 24
50 9 1 26
50 9 3 26
50 9 6 21
50 9 7 26
51 0 1 37
51 0 2 39
51 0 5 41
51 0 6 36
51 0 7 39
51 1 1 38
51 1 2 32
51 1 4 36
51 1 6 37
51 1 7 33
52 2 0 88
52 2 4 78
52 2 5 78
52 2 6 73
52 2 7 90
52 5 0 69
52 5 3 71
52 5 5 68
52 5 6 63
52 5 7 71
52 8 1 84
52 8 2 72
52 8 4 79
52 8 5 81
52 8 7 74
53 3 1 28
53 3 2 30
53 3 4 30
53 3 5 25
53 3 6 30
53 5 0 28
53 5 3 30
53 5 5 33
53 5 6 33
53 5 7 33
53 9 0 36
53 9 1 30
53 9 3 34
53 9 6 35
53 9 7 31
54 1 1 17
54 1 2 14
54 1 4 16
54 1 6 17
54 1 7 15
54 3 1 14
54 3 2 11
54 3 4 13
54 3 5 14
54 3 6 12
55 0 1 42
55 0 2 44
55 0 5 46
55 0 6 41
55 0 7 44
55 7 3 56
55 7 4 58
55 7 5 52
55 7 6 47
55 7 7 52
55 9 0 56
55 9 1 58
55 9 3 52
55 9 6 47
55 9 7 52
56 2 0 83
56 2 4 83
56 2 5 74
56 2 6 84
56 2 7 82
56 3 1 62
56 3 2 64
56 3 4 74
56 3 5 67
56 3 6 74
56 4 1 82
56 4 2 70
56 4 4 77
56 4 6 79
56 4 7 72
57 3 1 39
57 3 2 41
57 3 4 43
57 3 5 38
57 3 6 41
57 6 0 41
57 6 1 43
57 6 4 45
57 6 5 40
57 6 6 43
57 9 0 43
57 9 1 45
57 9 3 47
57 9 6 42
57 9 7 45
58 1 1 37
58 1 2 39
58 1 4 41
58 1 6 36
58 1 7 39
58 3 1 39
58 3 2 41
58 3 4 43
58 3 5 38
58 3 6 41
58 5 0 41
58 5 3 43
58 5 5 45
58 5 6 40
58 5 7 43
59 0 1 22
59 0 2 24
59 0 5 24
59 0 6 19
59 0 7 24
59 5 0 24
59 5 3 26
59 5 5 26
59 5 6 21
59 5 7 26
59 9 0 24
59 9 1 26
59 9 3 26
59 9 6 21
59 9 7 26
60 3 1 25
60 3 2 27
60 3 4 27
60 3 5 22
60 3 6 27
60 6 0 27
60 6 1 29
60 6 4 29
60 6 5 24
60 6 6 29
60 9 0 27
60 9 1 29
60 9 3 29
60 9 6 24
60 9 7 29
61 0 1 41
61 0 2 35
61 0 5 39
61 0 6 40
61 0 7 36
61 2 0 35
61 2 4 29
61 2 5 33
61 2 6 34
61 2 7 30
61 8 1 39
61 8 2 33
61 8 4 37
61 8 5 38
61 8 7 34
62 2 0 62
62 2 4 64
62 2 5 58
62 2 6 53
62 2 7 58
62 3 1 55
62 3 2 57
62 3 4 67
62 3 5 60
62 3 6 67
62 8 1 58
62 8 2 60
62 8 4 54
62 8 5 49
62 8 7 54
63 3 1 63
63 3 2 65
63 3 4 75
63 3 5 68
63 3 6 75
63 4 1 78
63 4 2 66
63 4 4 73
63 4 6 75
63 4 7 68
63 8 1 62
63 8 2 64
63 8 4 74
63 8 5 67
63 8 7 74
64 4 1 85
64 4 2 87
64 4 4 89
64 4 6 84
64 4 7 97
64 7 3 90
64 7 4 80
64 7 5 80
64 7 6 75
64 7 7 92
64 9 0 90
64 9 1 80
64 9 3 80
64 9 6 75
64 9 7 92
65 0 1 57
65 0 2 59
65 0 5 53
65 0 6 48
65 0 7 53
65 4 1 60
65 4 2 62
65 4 4 56
65 4 6 51
65 4 7 56
66 1 1 92
66 1 2 82
66 1 4 82
66 1 6 77
66 1 7 94
66 3 1 81
66 3 2 69
66 3 4 76
66 3 5 78
66 3 6 71
66 6 0 87
66 6 1 77
66 6 4 77
66 6 5 72
66 6 6 89
67 6 0 85
67 6 1 87
67 6 4 89
67 6 5 84
67 6 6 97
67 8 1 90
67 8 2 80
67 8 4 80
67 8 5 75
67 8 7 92
68 0 1 56
68 0 2 58
68 0 5 68
68 0 6 61
68 0 7 68
68 1 1 58
68 1 2 60
68 1 4 70
68 1 6 63
68 1 7 70
68 2 0 81
68 2 4 69
68 2 5 76
68 2 6 78
68 2 7 71
69 6 0 57
69 6 1 59
69 6 4 69
69 6 5 62
69 6 6 69
69 9 0 59
69 9 1 61
69 9 3 71
69 9 6 64
69 9 7 71
70 0 1 20
70 0 2 17
70 0 5 19
70 0 6 20
70 0 7 18
70 5 0 21
70 5 3 23
70 5 5 23
70 5 6 18
70 5 7 23
71 1 1 62
71 1 2 64
71 1 4 58
71 1 6 53
71 1 7 58
71 8 1 55
71 8 2 57
71 8 4 67
71 8 5 60
71 8 7 67
72 5 0 57
72 5 3 59
72 5 5 69
72 5 6 62
72 5 7 69
72 6 0 59
72 6 1 61
72 6 4 71
72 6 5 64
72 6 6 71
72 9 0 82
72 9 1 70
72 9 3 77
72 9 6 79
72 9 7 72
73 0 1 88
73 0 2 78
73 0 5 78
73 0 6 73
73 0 7 90
73 1 1 90
73 1 2 80
73 1 4 80
73 1 6 75
73 1 7 92
73 3 1 92
73 3 2 82
73 3 4 82
73 3 5 77
73 3 6 94
74 0 1 42
74 0 2 44
74 0 5 46
74 0 6 41
74 0 7 44
74 7 3 56
74 7 4 58
74 7 5 52
74 7 6 47
74 7 7 52
75 4 1 21
75 4 2 23
75 4 4 23
75 4 6 18
75 4 7 23
75 9 0 23
75 9 1 25
75 9 3 25
75 9 6 20
75 9 7 25
76 2 0 42
76 2 4 36
76 2 5 40
76 2 6 41
76 2 7 37
76 3 1 37
76 3 2 39
76 3 4 41
76 3 5 36
76 3 6 39
77 1 1 93
77 1 2 83
77 1 4 83
77 1 6 78
77 1 7 95
77 2 0 84
77 2 4 72
77 2 5 79
77 2 6 81
77 2 7 74
77 7 3 84
77 7 4 72
77 7 5 79
77 7 6 81
77 7 7 74
78 4 1 40
78 4 2 34
78 4 4 38
78 4 6 39
78 4 7 35
78 5 0 42
78 5 3 36
78 5 5 40
78 5 6 41
78 5 7 37
79 0 1 37
79 0 2 39
79 0 5 41
79 0 6 36
79 0 7 39
79 2 0 38
79 2 4 32
79 2 5 36
79 2 6 37
79 2 7 33
79 8 1 42
79 8 2 36
79 8 4 40
79 8 5 41
79 8 7 37
80 1 1 95
80 1 2 85
80 1 4 85
80 1 6 80
80 1 7 97
80 4 1 86
80 4 2 74
80 4 4 81
80 4 6 83
80 4 7 76
81 4 1 17
81 4 2 14
81 4 4 16
81 4 6 17
81 4 7 15
81 8 1 14
81 8 2 11
81 8 4 13
81 8 5 14
81 8 7 12
81 9 0 16
81 9 1 13
81 9 3 15
81 9 6 16
81 9 7 14
82 3 1 19
82 3 2 16
82 3 4 18
82 3 5 19
82 3 6 17
82 5 0 16
82 5 3 13
82 5 5 15
82 5 6 16
82 5 7 14
82 7 3 18
82 7 4 15
82 7 5 17
82 7 6 18
82 7 7 16
83 0 1 57
83 0 2 59
83 0 5 53
83 0 6 48
83 0 7 53
83 2 0 60
83 2 4 62
83 2 5 56
83 2 6 51
83 2 7 56
83 8 1 56
83 8 2 58
83 8 4 68
83 8 5 61
83 8 7 68
84 2 0 23
84 2 4 25
84 2 5 25
84 2 6 20
84 2 7 25
84 7 3 25
84 7 4 27
84 7 5 27
84 7 6 22
84 7 7 27
84 9 0 25
84 9 1 27
84 9 3 27
84 9 6 22
84 9 7 27
85 0 1 28
85 0 2 30
85 0 5 30
85 0 6 25
85 0 7 30
85 2 0 28
85 2 4 30
85 2 5 33
85 2 6 33
85 2 7 33
86 6 0 54
86 6 1 57
86 6 4 62
86 6 5 66
86 6 6 54
86 9 0 56
86 9 1 58
86 9 3 68
86 9 6 61
86 9 7 68
87 5 0 55
87 5 3 57
87 5 5 67
87 5 6 60
87 5 7 67
87 7 3 57
87 7 4 59
87 7 5 69
87 7 6 62
87 7 7 69
87 8 1 60
87 8 2 62
87 8 4 56
87 8 5 51
87 8 7 56
88 1 1 59
88 1 2 61
88 1 4 55
88 1 6 50
88 1 7 55
88 3 1 61
88 3 2 63
88 3 4 57
88 3 5 52
88 3 6 57
88 8 1 55
88 8 2 57
88 8 4 51
88 8 5 46
88 8 7 51
89 4 1 14
89 4 2 11
89 4 4 13
89 4 6 14
89 4 7 12
89 7 3 9
89 7 4 11
89 7 5 11
89 7 6 9
89 7 7 11
89 8 1 13
89 8 2 10
89 8 4 12
89 8 5 13
89 8 7 11
90 0 1 88
90 0 2 78
90 0 5 78
90 0 6 73
90 0 7 90
90 6 0 90
90 6 1 80
90 6 4 80
90 6 5 75
90 6 6 92
90 9 0 92
90 9 1 82
90 9 3 82
90 9 6 77
90 9 7 94
91 4 1 29
91 4 2 31
91 4 4 31
91 4 6 26
91 4 7 31
91 6 0 34
91 6 1 28
91 6 4 32
91 6 5 33
91 6 6 29
92 1 1 42
92 1 2 36
92 1 4 40
92 1 6 41
92 1 7 37
92 4 1 36
92 4 2 30
92 4 4 34
92 4 6 35
92 4 7 31
92 8 1 40
92 8 2 34
92 8 4 38
92 8 5 39
92 8 7 35
93 1 1 20
93 1 2 17
93 1 4 19
93 1 6 20
93 1 7 18
93 2 0 17
93 2 4 14
93 2 5 16
93 2 6 17
93 2 7 15
93 7 3 19
93 7 4 16
93 7 5 18
93 7 6 19
93 7 7 17
94 3 1 41
94 3 2 35
94 3 4 39
94 3 5 40
94 3 6 36
94 8 1 35
94 8 2 29
94 8 4 33
94 8 5 34
94 8 7 30
95 0 1 93
95 0 2 83
95 0 5 83
95 0 6 78
95 0 7 95
95 2 0 84
95 2 4 72
95 2 5 79
95 2 6 81
95 2 7 74
95 3 1 84
95 3 2 72
95 3 4 79
95 3 5 81
95 3 6 74
96 1 1 15
96 1 2 12
96 1 4 14
96 1 6 15
96 1 7 13
96 2 0 12
96 2 4 9
96 2 5 11
96 2 6 12
96 2 7 10
96 4 1 14
96 4 2 11
96 4 4 13
96 4 6 14
96 4 7 12
97 0 1 58
97 0 2 60
97 0 5 54
97 0 6 49
97 0 7 54
97 2 0 60
97 2 4 62
97 2 5 56
97 2 6 51
97 2 7 56
97 9 0 61
97 9 1 63
97 9 3 73
97 9 6 66
97 9 7 73
98 5 0 19
98 5 3 21
98 5 5 18
98 5 6 18
98 5 7 21
98 7 3 18
98 7 4 15
98 7 5 17
98 7 6 18
98 7 7 16
99 0 1 56
99 0 2 58
99 0 5 68
99 0 6 61
99 0 7 68
99 5 0 58
99 5 3 60
99 5 5 70
99 5 6 63
99 5 7 70
99 6 0 81
99 6 1 69
99 6 4 76
99 6 5 78
99 6 6 71
100 0 1 83
100 0 2 85
100 0 5 87
100 0 6 82
100 0 7 95
100 2 0 88
100 2 4 78
100 2 5 78
100 2 6 73
100 2 7 90
100 6 0 88
100 6 1 78
100 6 4 78
100 6 5 73
100 6 6 90
101 3 1 28
101 3 2 30
101 3 4 30
101 3 5 25
101 3 6 30
101 7 3 28
101 7 4 30
101 7 5 33
101 7 6 33
101 7 7 33
101 8 1 28
101 8 2 30
101 8 4 33
101 8 5 33
101 8 7 33
102 1 1 94
102 1 2 84
102 1 4 84
102 1 6 79
102 1 7 96
102 2 0 96
102 2 4 91
102 2 5 93
102 2 6 87
102 2 7 93
103 1 1 59
103 1 2 61
103 1 4 55
103 1 6 50
103 1 7 55
103 6 0 61
103 6 1 63
103 6 4 57
103 6 5 52
103 6 6 57
103 9 0 55
103 9 1 57
103 9 3 51
103 9 6 46
103 9 7 51
104 3 1 39
104 3 2 33
104 3 4 37
104 3 5 38
104 3 6 34
104 5 0 28
104 5 3 30
104 5 5 33
104 5 6 33
104 5 7 33
105 7 3 62
105 7 4 64
105 7 5 58
105 7 6 53
105 7 7 58
105 8 1 55
105 8 2 57
105 8 4 67
105 8 5 60
105 8 7 67
106 0 1 60
106 0 2 62
106 0 5 56
106 0 6 51
106 0 7 56
106 1 1 62
106 1 2 64
106 1 4 58
106 1 6 53
106 1 7 58
107 5 0 39
107 5 3 33
107 5 5 37
107 5 6 38
107 5 7 34
107 7 3 28
107 7 4 30
107 7 5 33
107 7 6 33
107 7 7 33
107 8 1 37
107 8 2 31
107 8 4 35
107 8 5 36
107 8 7 32
108 1 1 54
108 1 2 57
108 1 4 62
108 1 6 66
108 1 7 54
108 3 1 56
108 3 2 58
108 3 4 68
108 3 5 61
108 3 6 68
109 3 1 28
109 3 2 30
109 3 4 30
109 3 5 25
109 3 6 30
109 6 0 28
109 6 1 30
109 6 4 33
109 6 5 33
109 6 6 33
110 2 0 40
110 2 4 34
110 2 5 38
110 2 6 39
110 2 7 35
110 5 0 34
110 5 3 28
110 5 5 32
110 5 6 33
110 5 7 29
111 6 0 17
111 6 1 14
111 6 4 16
111 6 5 17
111 6 6 15
111 7 3 14
111 7 4 11
111 7 5 13
111 7 6 14
111 7 7 12
111 9 0 16
111 9 1 13
111 9 3 15
111 9 6 16
111 9 7 14
112 0 1 28
112 0 2 30
112 0 5 30
112 0 6 25
112 0 7 30
112 3 1 28
112 3 2 30
112 3 4 33
112 3 5 33
112 3 6 33
112 6 0 28
112 6 1 30
112 6 4 33
112 6 5 33
112 6 6 33
113 2 0 42
113 2 4 41
113 2 5 41
113 2 6 36
113 2 7 44
113 6 0 38
113 6 1 40
113 6 4 42
113 6 5 37
113 6 6 40
113 9 0 40
113 9 1 42
113 9 3 44
113 9 6 39
113 9 7 42
114 1 1 88
114 1 2 78
114 1 4 78
114 1 6 73
114 1 7 90
114 4 1 69
114 4 2 71
114 4 4 68
114 4 6 63
114 4 7 71
115 0 1 59
115 0 2 61
115 0 5 55
115 0 6 50
115 0 7 55
115 3 1 61
115 3 2 63
115 3 4 57
115 3 5 52
115 3 6 57
115 6 0 55
115 6 1 57
115 6 4 51
115 6 5 46
115 6 6 51
116 3 1 89
116 3 2 79
116 3 4 79
116 3 5 74
116 3 6 91
116 8 1 78
116 8 2 66
116 8 4 73
116 8 5 75
116 8 7 68
116 9 0 85
116 9 1 73
116 9 3 80
116 9 6 82
116 9 7 75
117 3 1 19
117 3 2 16
117 3 4 18
117 3 5 19
117 3 6 17
117 8 1 16
117 8 2 13
117 8 4 15
117 8 5 16
117 8 7 14
118 1 1 58
118 1 2 60
118 1 4 54
118 1 6 49
118 1 7 54
118 2 0 60
118 2 4 62
118 2 5 56
118 2 6 51
118 2 7 56
118 3 1 54
118 3 2 56
118 3 4 50
118 3 5 45
118 3 6 50
119 2 0 40
119 2 4 42
119 2 5 44
119 2 6 39
119 2 7 42
119 7 3 42
119 7 4 44
119 7 5 46
119 7 6 41
119 7 7 44
120 1 1 38
120 1 2 32
120 1 4 36
120 1 6 37
120 1 7 33
120 3 1 29
120 3 2 31
120 3 4 31
120 3 5 26
120 3 6 31
120 5 0 36
120 5 3 30
120 5 5 34
120 5 6 35
120 5 7 31
121 1 1 92
121 1 2 82
121 1 4 82
121 1 6 77
121 1 7 94
121 4 1 94
121 4 2 84
121 4 4 84
121 4 6 79
121 4 7 96
121 9 0 96
121 9 1 91
121 9 3 93
121 9 6 87
121 9 7 93
122 3 1 39
122 3 2 41
122 3 4 43
122 3 5 38
122 3 6 41
122 4 1 41
122 4 2 43
122 4 4 45
122 4 6 40
122 4 7 43
122 5 0 43
122 5 3 45
122 5 5 47
122 5 6 42
122 5 7 45
123 4 1 83
123 4 2 85
123 4 4 87
123 4 6 82
123 4 7 95
123 5 0 88
123 5 3 78
123 5 5 78
123 5 6 73
123 5 7 90
124 0 1 93
124 0 2 83
124 0 5 83
124 0 6 78
124 0 7 95
124 5 0 95
124 5 3 85
124 5 5 85
124 5 6 80
124 5 7 97
124 8 1 82
124 8 2 84
124 8 4 86
124 8 5 81
124 8 7 94
125 0 1 96
125 0 2 91
125 0 5 93
125 0 6 87
125 0 7 93
125 5 0 83
125 5 3 85
125 5 5 87
125 5 6 82
125 5 7 95
126 2 0 42
126 2 4 41
126 2 5 41
126 2 6 36
126 2 7 44
126 5 0 37
126 5 3 31
126 5 5 35
126 5 6 36
126 5 7 32
126 7 3 41
126 7 4 35
126 7 5 39
126 7 6 40
126 7 7 36
127 5 0 40
127 5 3 34
127 5 5 38
127 5 6 39
127 5 7 35
127 8 1 42
127 8 2 36
127 8 4 40
127 8 5 41
127 8 7 37
128 1 1 20
128 1 2 17
128 1 4 19
128 1 6 20
128 1 7 18
128 2 0 17
128 2 4 14
128 2 5 16
128 2 6 17
128 2 7 15
129 1 1 38
129 1 2 32
129 1 4 36
129 1 6 37
129 1 7 33
129 3 1 29
129 3 2 31
129 3 4 31
129 3 5 26
129 3 6 31
129 5 0 36
129 5 3 30
129 5 5 34
129 5 6 35
129 5 7 31
130 1 1 38
130 1 2 40
130 1 4 42
130 1 6 37
130 1 7 40
130 2 0 39
130 2 4 33
130 2 5 37
130 2 6 38
130 2 7 34
130 4 1 42
130 4 2 41
130 4 4 41
130 4 6 36
130 4 7 44
131 3 1 19
131 3 2 16
131 3 4 18
131 3 5 19
131 3 6 17
131 5 0 16
131 5 3 13
131 5 5 15
131 5 6 16
131 5 7 14
132 0 1 42
132 0 2 44
132 0 5 46
132 0 6 41
132 0 7 44
132 1 1 56
132 1 2 58
132 1 4 52
132 1 6 47
132 1 7 52
132 2 0 56
132 2 4 58
132 2 5 52
132 2 6 47
132 2 7 52
133 1 1 93
133 1 2 83
133 1 4 83
133 1 6 78
133 1 7 95
133 3 1 95
133 3 2 85
133 3 4 85
133 3 5 80
133 3 6 97
133 6 0 82
133 6 1 84
133 6 4 86
133 6 5 81
133 6 6 94
134 7 3 9
134 7 4 8
134 7 5 9
134 7 6 9
134 7 7 8
134 9 0 12
134 9 1 9
134 9 3 11
134 9 6 12
134 9 7 10
135 1 1 39
135 1 2 41
135 1 4 43
135 1 6 38
135 1 7 41
135 7 3 41
135 7 4 43
135 7 5 45
135 7 6 40
135 7 7 43
136 5 0 89
136 5 3 79
136 5 5 79
136 5 6 74
136 5 7 91
136 7 3 89
136 7 4 79
136 7 5 79
136 7 6 74
136 7 7 91
137 0 1 55
137 0 2 57
137 0 5 67
137 0 6 60
137 0 7 67
137 9 0 57
137 9 1 59
137 9 3 69
137 9 6 62
137 9 7 69
138 1 1 89
138 1 2 79
138 1 4 79
138 1 6 74
138 1 7 91
138 4 1 78
138 4 2 66
138 4 4 73
138 4 6 75
138 4 7 68
138 6 0 85
138 6 1 73
138 6 4 80
138 6 5 82
138 6 6 75
139 2 0 16
139 2 4 13
139 2 5 15
139 2 6 16
139 2 7 14
139 6 0 13
139 6 1 10
139 6 4 12
139 6 5 13
139 6 6 11
140 1 1 41
140 1 2 35
140 1 4 39
140 1 6 40
140 1 7 36
140 4 1 42
140 4 2 41
140 4 4 41
140 4 6 36
140 4 7 44
140 8 1 38
140 8 2 40
140 8 4 42
140 8 5 37
140 8 7 40
141 1 1 57
141 1 2 59
141 1 4 53
141 1 6 48
141 1 7 53
141 5 0 59
141 5 3 61
141 5 5 55
141 5 6 50
141 5 7 55
141 6 0 46
141 6 1 53
141 6 4 53
141 6 5 52
141 6 6 52
142 3 1 61
142 3 2 63
142 3 4 57
142 3 5 52
142 3 6 57
142 5 0 54
142 5 3 57
142 5 5 62
142 5 6 66
142 5 7 54
143 5 0 93
143 5 3 83
143 5 5 83
143 5 6 78
143 5 7 95
143 7 3 84
143 7 4 72
143 7 5 79
143 7 6 81
143 7 7 74
143 9 0 84
143 9 1 72
143 9 3 79
143 9 6 81
143 9 7 74
144 2 0 83
144 2 4 83
144 2 5 74
144 2 6 84
144 2 7 82
144 6 0 62
144 6 1 64
144 6 4 74
144 6 5 67
144 6 6 74
145 3 1 58
145 3 2 60
145 3 4 54
145 3 5 49
145 3 6 54
145 8 1 60
145 8 2 62
145 8 4 56
145 8 5 51
145 8 7 56
146 1 1 27
146 1 2 29
146 1 4 29
146 1 6 24
146 1 7 29
146 7 3 29
146 7 4 31
146 7 5 31
146 7 6 26
146 7 7 31
147 4 1 96
147 4 2 91
147 4 4 93
147 4 6 87
147 4 7 93
147 6 0 83
147 6 1 85
147 6 4 87
147 6 5 82
147 6 6 95
148 6 0 93
148 6 1 83
148 6 4 83
148 6 5 78
148 6 6 95
148 7 3 95
148 7 4 85
148 7 5 85
148 7 6 80
148 7 7 97
149 5 0 42
149 5 3 36
149 5 5 40
149 5 6 41
149 5 7 37
149 8 1 36
149 8 2 30
149 8 4 34
149 8 5 35
149 8 7 31
150 2 0 90
150 2 4 80
150 2 5 80
150 2 6 75
150 2 7 92
150 9 0 79
150 9 1 67
150 9 3 74
150 9 6 76
150 9 7 69
151 7 3 82
151 7 4 84
151 7 5 86
151 7 6 81
151 7 7 94
151 8 1 87
151 8 2 77
151 8 4 77
151 8 5 72
151 8 7 89
152 5 0 19
152 5 3 21
152 5 5 18
152 5 6 18
152 5 7 21
152 6 0 18
152 6 1 15
152 6 4 17
152 6 5 18
152 6 6 16
153 0 1 29
153 0 2 31
153 0 5 31
153 0 6 26
153 0 7 31
153 1 1 34
153 1 2 28
153 1 4 32
153 1 6 33
153 1 7 29
153 6 0 34
153 6 1 28
153 6 4 32
153 6 5 33
153 6 6 29
154 0 1 39
154 0 2 33
154 0 5 37
154 0 6 38
154 0 7 34
154 3 1 28
154 3 2 30
154 3 4 33
154 3 5 33
154 3 6 33
154 6 0 37
154 6 1 31
154 6 4 35
154 6 5 36
154 6 6 32
155 0 1 27
155 0 2 29
155 0 5 29
155 0 6 24
155 0 7 29
155 2 0 29
155 2 4 31
155 2 5 31
155 2 6 26
155 2 7 31
155 5 0 29
155 5 3 31
155 5 5 31
155 5 6 26
155 5 7 31
156 5 0 89
156 5 3 79
156 5 5 79
156 5 6 74
156 5 7 91
156 9 0 89
156 9 1 79
156 9 3 79
156 9 6 74
156 9 7 91
157 1 1 42
157 1 2 44
157 1 4 46
157 1 6 41
157 1 7 44
157 9 0 56
157 9 1 58
157 9 3 52
157 9 6 47
157 9 7 52
158 2 0 92
158 2 4 82
158 2 5 82
158 2 6 77
158 2 7 94
158 3 1 81
158 3 2 69
158 3 4 76
158 3 5 78
158 3 6 71
158 7 3 87
158 7 4 77
158 7 5 77
158 7 6 72
158 7 7 89
159 5 0 42
159 5 3 41
159 5 5 41
159 5 6 36
159 5 7 44
159 6 0 37
159 6 1 31
159 6 4 35
159 6 5 36
159 6 6 32
159 8 1 41
159 8 2 35
159 8 4 39
159 8 5 40
159 8 7 36
160 3 1 55
160 3 2 57
160 3 4 67
160 3 5 60
160 3 6 67
160 4 1 57
160 4 2 59
160 4 4 69
160 4 6 62
160 4 7 69
161 7 3 87
161 7 4 89
161 7 5 91
161 7 6 86
161 7 7 99
161 8 1 82
161 8 2 84
161 8 4 86
161 8 5 81
161 8 7 94
161 9 0 84
161 9 1 86
161 9 3 88
161 9 6 83
161 9 7 96
162 0 1 96
162 0 2 91
162 0 5 93
162 0 6 87
162 0 7 93
162 2 0 83
162 2 4 83
162 2 5 74
162 2 6 84
162 2 7 82
162 6 0 83
162 6 1 83
162 6 4 74
162 6 5 84
162 6 6 82
163 4 1 57
163 4 2 59
163 4 4 69
163 4 6 62
163 4 7 69
163 6 0 59
163 6 1 61
163 6 4 71
163 6 5 64
163 6 6 71
163 8 1 82
163 8 2 70
163 8 4 77
163 8 5 79
163 8 7 72
164 2 0 94
164 2 4 84
164 2 5 84
164 2 6 79
164 2 7 96
164 7 3 96
164 7 4 91
164 7 5 93
164 7 6 87
164 7 7 93
165 2 0 24
165 2 4 26
165 2 5 26
165 2 6 21
165 2 7 26
165 7 3 26
165 7 4 28
165 7 5 28
165 7 6 23
165 7 7 28
165 8 1 26
165 8 2 28
165 8 4 28
165 8 5 23
165 8 7 28
166 3 1 38
166 3 2 32
166 3 4 36
166 3 5 37
166 3 6 33
166 5 0 29
166 5 3 31
166 5 5 31
166 5 6 26
166 5 7 31
167 0 1 9
167 0 2 8
167 0 5 9
167 0 6 9
167 0 7 8
167 2 0 12
167 2 4 9
167 2 5 11
167 2 6 12
167 2 7 10
168 0 1 85
168 0 2 73
168 0 5 80
168 0 6 82
168 0 7 75
168 3 1 60
168 3 2 62
168 3 4 72
168 3 5 65
168 3 6 72
168 5 0 80
168 5 3 68
168 5 5 75
168 5 6 77
168 5 7 70
169 1 1 96
169 1 2 91
169 1 4 93
169 1 6 87
169 1 7 93
169 7 3 83
169 7 4 83
169 7 5 74
169 7 6 84
169 7 7 82
170 0 1 20
170 0 2 17
170 0 5 19
170 0 6 20
170 0 7 18
170 5 0 21
170 5 3 23
170 5 5 23
170 5 6 18
170 5 7 23
170 8 1 19
170 8 2 16
170 8 4 18
170 8 5 19
170 8 7 17
171 1 1 38
171 1 2 40
171 1 4 42
171 1 6 37
171 1 7 40
171 4 1 37
171 4 2 39
171 4 4 41
171 4 6 36
171 4 7 39
172 1 1 18
172 1 2 15
172 1 4 17
172 1 6 18
172 1 7 16
172 5 0 15
172 5 3 12
172 5 5 14
172 5 6 15
172 5 7 13
172 8 1 17
172 8 2 14
172 8 4 16
172 8 5 17
172 8 7 15
173 3 1 39
173 3 2 33
173 3 4 37
173 3 5 38
173 3 6 34
173 6 0 28
173 6 1 30
173 6 4 33
173 6 5 33
173 6 6 33
173 7 3 37
173 7 4 31
173 7 5 35
173 7 6 36
173 7 7 32
174 1 1 42
174 1 2 41
174 1 4 41
174 1 6 36
174 1 7 44
174 9 0 37
174 9 1 31
174 9 3 35
174 9 6 36
174 9 7 32
175 3 1 60
175 3 2 62
175 3 4 56
175 3 5 51
175 3 6 56
175 6 0 62
175 6 1 64
175 6 4 58
175 6 5 53
175 6 6 58
175 7 3 56
175 7 4 58
175 7 5 52
175 7 6 47
175 7 7 52
176 1 1 26
176 1 2 28
176 1 4 28
176 1 6 23
176 1 7 28
176 5 0 28
176 5 3 30
176 5 5 30
176 5 6 25
176 5 7 30
176 8 1 28
176 8 2 30
176 8 4 30
176 8 5 25
176 8 7 30
177 4 1 22
177 4 2 24
177 4 4 24
177 4 6 19
177 4 7 24
177 5 0 24
177 5 3 26
177 5 5 26
177 5 6 21
177 5 7 26
177 8 1 24
177 8 2 26
177 8 4 26
177 8 5 21
177 8 7 26
178 3 1 38
178 3 2 40
178 3 4 42
178 3 5 37
178 3 6 40
178 4 1 37
178 4 2 39
178 4 4 41
178 4 6 36
178 4 7 39
179 3 1 61
179 3 2 63
179 3 4 57
179 3 5 52
179 3 6 57
179 4 1 54
179 4 2 57
179 4 4 62
179 4 6 66
179 4 7 54
180 3 1 22
180 3 2 24
180 3 4 24
180 3 5 19
180 3 6 24
180 7 3 24
180 7 4 26
180 7 5 26
180 7 6 21
180 7 7 26
181 1 1 15
181 1 2 12
181 1 4 14
181 1 6 15
181 1 7 13
181 3 1 12
181 3 2 9
181 3 4 11
181 3 5 12
181 3 6 10
181 7 3 14
181 7 4 11
181 7 5 13
181 7 6 14
181 7 7 12
182 0 1 41
182 0 2 43
182 0 5 45
182 0 6 40
182 0 7 43
182 2 0 43
182 2 4 45
182 2 5 47
182 2 6 42
182 2 7 45
182 9 0 45
182 9 1 47
182 9 3 49
182 9 6 44
182 9 7 47
183 3 1 93
183 3 2 83
183 3 4 83
183 3 5 78
183 3 6 95
183 5 0 84
183 5 3 72
183 5 5 79
183 5 6 81
183 5 7 74
183 6 0 84
183 6 1 72
183 6 4 79
183 6 5 81
183 6 6 74
184 3 1 25
184 3 2 27
184 3 4 27
184 3 5 22
184 3 6 27
184 9 0 27
184 9 1 29
184 9 3 29
184 9 6 24
184 9 7 29
185 3 1 54
185 3 2 57
185 3 4 62
185 3 5 66
185 3 6 54
185 9 0 56
185 9 1 58
185 9 3 68
185 9 6 61
185 9 7 68
186 0 1 42
186 0 2 44
186 0 5 46
186 0 6 41
186 0 7 44
186 5 0 56
186 5 3 58
186 5 5 52
186 5 6 47
186 5 7 52
187 0 1 9
187 0 2 8
187 0 5 9
187 0 6 9
187 0 7 8
187 1 1 12
187 1 2 9
187 1 4 11
187 1 6 12
187 1 7 10
188 2 0 96
188 2 4 91
188 2 5 93
188 2 6 87
188 2 7 93
188 3 1 83
188 3 2 85
188 3 4 87
188 3 5 82
188 3 6 95
188 8 1 85
188 8 2 87
188 8 4 89
188 8 5 84
188 8 7 97
189 0 1 95
189 0 2 85
189 0 5 85
189 0 6 80
189 0 7 97
189 2 0 86
189 2 4 74
189 2 5 81
189 2 6 83
189 2 7 76
189 6 0 86
189 6 1 74
189 6 4 81
189 6 5 83
189 6 6 76
190 1 1 86
190 1 2 74
190 1 4 81
190 1 6 83
190 1 7 76
190 5 0 61
190 5 3 63
190 5 5 73
190 5 6 66
190 5 7 73
191 2 0 85
191 2 4 87
191 2 5 89
191 2 6 84
191 2 7 97
191 5 0 90
191 5 3 80
191 5 5 80
191 5 6 75
191 5 7 92
192 1 1 41
192 1 2 35
192 1 4 39
192 1 6 40
192 1 7 36
192 9 0 35
192 9 1 29
192 9 3 33
192 9 6 34
192 9 7 30
193 4 1 83
193 4 2 83
193 4 4 74
193 4 6 84
193 4 7 82
193 8 1 62
193 8 2 64
193 8 4 74
193 8 5 67
193 8 7 74
194 1 1 56
194 1 2 58
194 1 4 68
194 1 6 61
194 1 7 68
194 3 1 58
194 3 2 60
194 3 4 70
194 3 5 63
194 3 6 70
195 4 1 41
195 4 2 35
195 4 4 39
195 4 6 40
195 4 7 36
195 5 0 42
195 5 3 41
195 5 5 41
195 5 6 36
195 5 7 44
195 6 0 38
195 6 1 40
195 6 4 42
195 6 5 37
195 6 6 40
196 1 1 38
196 1 2 40
196 1 4 42
196 1 6 37
196 1 7 40
196 3 1 40
196 3 2 42
196 3 4 44
196 3 5 39
196 3 6 42
196 7 3 42
196 7 4 44
196 7 5 46
196 7 6 41
196 7 7 44
197 1 1 84
197 1 2 86
197 1 4 88
197 1 6 83
197 1 7 96
197 7 3 89
197 7 4 79
197 7 5 79
197 7 6 74
197 7 7 91
198 2 0 61
198 2 4 63
198 2 5 57
198 2 6 52
198 2 7 57
198 6 0 54
198 6 1 57
198 6 4 62
198 6 5 66
198 6 6 54
198 8 1 57
198 8 2 59
198 8 4 53
198 8 5 48
198 8 7 53
