Jobs:
0 1 2 3 4 5 6 7 8 9
Machines:
0 1 2 3 4
Workers:
0 1 2 3 4
Operations per job:
0 1 2 3 4 5 6 7
8 9 10 11 12 13
14 15 16 17
18 19 20 21 22 23 24 25 26
27 28 29 30 31 32 33
34 35 36 37 38 39
40 41 42 43 44
45 46 47 48 49
50 51 52 53 54 55
56 57 58 59 60 61
Predecessors per operation:

0
1
2
3
4
5
6

8
9
10
11
12

14
15
16

18
19
20
21
22
23
24
25

27
28
29
30
31
32

34
35
36
37
38

40
41
42
43

45
46
47
48

50
51
52
53
54

56
57
58
59
60
Successors per operation:
1
2
3
4
5
6
7

9
10
11
12
13

15
16
17

19
20
21
22
23
24
25
26

28
29
30
31
32
33

35
36
37
38
39

41
42
43
44

46
47
48
49

51
52
53
54
55

57
58
59
60
61

Machines per operation:
3
1 2
0 1 4
1 2
0 1 2
0 4
3
3
3 4
1 4
1 2 3
0 1 4
2
3 4
0 3 4
0 1
0 1 2
1
0 1 2
0 1 4
1
4
4
0 4
4
1 3
0 3 4
2 4
1
0 3
0 1 2
0 3 4
0 3
0 4
1 3
2 3 4
0 2 3
0 1 2
1 2 4
0 1 3
0 2 4
3
0 1 4
2 3
1
2 3 4
0 2
1
0 2 3
1 2 4
0 2
2 3 4
2 4
1 2
1 3
1
1
2 4
0 1
0 2 3
2 4
0 1 4
Processing times (o m w p):
0 3 0 85
0 3 1 83
0 3 2 78
1 1 0 21
1 1 1 25
1 1 4 23
1 2 0 25
1 2 1 29
1 2 2 27
2 0 1 48
2 0 2 42
2 0 3 46
2 1 0 52
2 1 1 46
2 1 4 50
2 4 0 47
2 4 3 51
2 4 4 55
3 1 0 91
3 1 1 95
3 1 4 99
3 2 0 95
3 2 1 99
3 2 2 103
4 0 1 83
4 0 2 81
4 0 3 79
4 1 0 81
4 1 1 79
4 1 4 77
4 2 0 79
4 2 1 77
4 2 2 75
5 0 1 55
5 0 2 65
5 0 3 61
5 4 0 78
5 4 3 76
5 4 4 71
6 3 0 85
6 3 1 79
6 3 2 84
7 3 0 37
7 3 1 36
7 3 2 33
8 3 0 42
8 3 1 40
8 3 2 38
8 4 0 42
8 4 3 41
8 4 4 38
9 1 0 40
9 1 1 39
9 1 4 36
9 4 0 39
9 4 3 38
9 4 4 35
10 1 0 9
10 1 1 9
10 1 4 8
10 2 0 9
10 2 1 10
10 2 2 11
10 3 0 12
10 3 1 12
10 3 2 10
11 0 1 18
11 0 2 18
11 0 3 16
11 1 0 18
11 1 1 18
11 1 4 16
11 4 0 16
11 4 3 16
11 4 4 14
12 2 0 16
12 2 1 16
12 2 2 14
13 3 0 46
13 3 1 50
13 3 2 54
13 4 0 49
13 4 3 43
13 4 4 47
14 0 1 55
14 0 2 65
14 0 3 61
14 3 0 78
14 3 1 76
14 3 2 71
14 4 0 61
14 4 3 71
14 4 4 67
15 0 1 49
15 0 2 43
15 0 3 47
15 1 0 50
15 1 1 54
15 1 4 52
16 0 1 21
16 0 2 25
16 0 3 23
16 1 0 25
16 1 1 29
16 1 4 27
16 2 0 23
16 2 1 27
16 2 2 25
17 1 0 9
17 1 1 9
17 1 4 8
18 0 1 51
18 0 2 55
18 0 3 59
18 1 0 60
18 1 1 70
18 1 4 66
18 2 0 56
18 2 1 66
18 2 2 62
19 0 1 48
19 0 2 42
19 0 3 46
19 1 0 52
19 1 1 46
19 1 4 50
19 4 0 47
19 4 3 51
19 4 4 55
20 1 0 91
20 1 1 95
20 1 4 99
21 4 0 90
21 4 3 94
21 4 4 98
22 4 0 46
22 4 3 50
22 4 4 54
23 0 1 85
23 0 2 83
23 0 3 78
23 4 0 83
23 4 3 81
23 4 4 76
24 4 0 16
24 4 3 16
24 4 4 14
25 1 0 39
25 1 1 38
25 1 4 35
25 3 0 38
25 3 1 37
25 3 2 34
26 0 1 20
26 0 2 24
26 0 3 22
26 3 0 24
26 3 1 28
26 3 2 26
26 4 0 22
26 4 3 26
26 4 4 24
27 2 0 21
27 2 1 25
27 2 2 23
27 4 0 25
27 4 3 29
27 4 4 27
28 1 0 45
28 1 1 49
28 1 4 53
29 0 1 83
29 0 2 81
29 0 3 79
29 3 0 81
29 3 1 79
29 3 2 77
30 0 1 49
30 0 2 43
30 0 3 47
30 1 0 42
30 1 1 40
30 1 4 38
30 2 0 47
30 2 1 41
30 2 2 45
31 0 1 65
31 0 2 58
31 0 3 56
31 3 0 66
31 3 1 70
31 3 2 74
31 4 0 59
31 4 3 69
31 4 4 65
32 0 1 89
32 0 2 93
32 0 3 97
32 3 0 93
32 3 1 97
32 3 2 101
33 0 1 46
33 0 2 50
33 0 3 54
33 4 0 49
33 4 3 43
33 4 4 47
34 1 0 15
34 1 1 15
34 1 4 13
34 3 0 15
34 3 1 15
34 3 2 13
35 2 0 48
35 2 1 42
35 2 2 46
35 3 0 52
35 3 1 46
35 3 2 50
35 4 0 47
35 4 3 51
35 4 4 55
36 0 1 22
36 0 2 26
36 0 3 24
36 2 0 26
36 2 1 30
36 2 2 28
36 3 0 24
36 3 1 28
36 3 2 26
37 0 1 38
37 0 2 37
37 0 3 34
37 1 0 37
37 1 1 36
37 1 4 33
37 2 0 34
37 2 1 33
37 2 2 30
38 1 0 83
38 1 1 81
38 1 4 76
38 2 0 81
38 2 1 79
38 2 2 74
38 4 0 66
38 4 3 70
38 4 4 74
39 0 1 65
39 0 2 58
39 0 3 56
39 1 0 66
39 1 1 70
39 1 4 74
39 3 0 59
39 3 1 69
39 3 2 65
40 0 1 38
40 0 2 37
40 0 3 34
40 2 0 37
40 2 1 36
40 2 2 33
40 4 0 34
40 4 3 33
40 4 4 30
41 3 0 90
41 3 1 94
41 3 2 98
42 0 1 23
42 0 2 27
42 0 3 25
42 1 0 27
42 1 1 30
42 1 4 33
42 4 0 25
42 4 3 29
42 4 4 27
43 2 0 53
43 2 1 57
43 2 2 61
43 3 0 62
43 3 1 72
43 3 2 68
44 1 0 13
44 1 1 13
44 1 4 11
45 2 0 14
45 2 1 14
45 2 2 12
45 3 0 14
45 3 1 14
45 3 2 12
45 4 0 12
45 4 3 12
45 4 4 10
46 0 1 85
46 0 2 83
46 0 3 78
46 2 0 83
46 2 1 81
46 2 2 76
47 1 0 9
47 1 1 9
47 1 4 8
48 0 1 9
48 0 2 9
48 0 3 8
48 2 0 9
48 2 1 10
48 2 2 11
48 3 0 12
48 3 1 12
48 3 2 10
49 1 0 50
49 1 1 44
49 1 4 48
49 2 0 44
49 2 1 38
49 2 2 42
49 4 0 48
49 4 3 42
49 4 4 46
50 0 1 79
50 0 2 77
50 0 3 75
50 2 0 85
50 2 1 79
50 2 2 84
51 2 0 17
51 2 1 17
51 2 2 15
51 3 0 17
51 3 1 17
51 3 2 15
51 4 0 15
51 4 3 15
51 4 4 13
52 2 0 65
52 2 1 58
52 2 2 56
52 4 0 66
52 4 3 70
52 4 4 74
53 1 0 49
53 1 1 53
53 1 4 57
53 2 0 58
53 2 1 68
53 2 2 64
54 1 0 48
54 1 1 42
54 1 4 46
54 3 0 42
54 3 1 41
54 3 2 38
55 1 0 49
55 1 1 43
55 1 4 47
56 1 0 94
56 1 1 98
56 1 4 102
57 2 0 50
57 2 1 44
57 2 2 48
57 4 0 44
57 4 3 38
57 4 4 42
58 0 1 91
58 0 2 95
58 0 3 99
58 1 0 95
58 1 1 99
58 1 4 103
59 0 1 54
59 0 2 64
59 0 3 60
59 2 0 77
59 2 1 75
59 2 2 70
59 3 0 60
59 3 1 70
59 3 2 66
60 2 0 21
60 2 1 25
60 2 2 23
60 4 0 25
60 4 3 29
60 4 4 27
61 0 1 55
61 0 2 65
61 0 3 61
61 1 0 78
61 1 1 76
61 1 4 71
61 4 0 61
61 4 3 71
61 4 4 67
