Jobs:
0 1 2 3 4 5 6
Machines:
0 1 2
Workers:
0 1 2
Operations per job:
0 1
2 3
4 5
6 7 8
9 10
11 12
13 14 15 16
Predecessors per operation:

0

2

4

6
7

9

11

13
14
15
Successors per operation:
1

3

5

7
8

10

12

14
15
16

Machines per operation:
0 1
0
0 2
1
0
0 2
0
1 2
1 2
2
1
1
1 2
0 1
0 2
1 2
1
Processing times (o m w p):
0 0 0 88
0 0 1 87
0 1 0 80
0 1 2 89
1 0 0 42
1 0 1 47
2 0 0 76
2 0 1 67
2 2 0 61
2 2 1 72
3 1 0 57
3 1 2 68
4 0 0 33
4 0 1 29
5 0 0 101
5 0 1 96
5 2 0 78
5 2 1 87
6 0 0 57
6 0 1 60
7 1 0 19
7 1 2 22
7 2 0 19
7 2 1 22
8 1 0 55
8 1 2 58
8 2 0 57
8 2 1 68
9 2 0 58
9 2 1 61
10 1 0 102
10 1 2 97
11 1 0 79
11 1 2 88
12 1 0 76
12 1 2 67
12 2 0 75
12 2 1 84
13 0 0 42
13 0 1 47
13 1 0 47
13 1 2 52
14 0 0 18
14 0 1 21
14 2 0 21
14 2 1 24
15 1 0 53
15 1 2 56
15 2 0 56
15 2 1 59
16 1 0 17
16 1 2 15
