Jobs:
0 1 2 3 4 5 6 7 8 9 10 11 12 13 14 15 16 17 18 19
Machines:
0 1 2 3 4 5 6 7 8 9
Workers:
0 1 2 3 4 5 6 7
Operations per job:
0 1 2 3 4 5 6 7 8
9 10 11 12 13 14 15 16
17 18 19 20 21 22 23 24
25 26 27 28 29 30 31 32 33 34
35 36 37 38 39 40 41 42
43 44 45 46 47 48 49
50 51 52 53 54 55 56 57 58 59
60 61 62 63 64 65 66
67 68 69 70 71 72
73 74 75 76 77 78 79 80
81 82 83 84 85 86 87 88 89
90 91 92 93 94 95
96 97 98 99 100 101 102 103 104 105
106 107 108 109 110 111 112 113
114 115 116 117 118 119 120 121
122 123 124 125 126 127 128
129 130 131 132 133 134 135 136 137
138 139 140 141 142 143 144 145
146 147 148 149 150
151 152 153 154 155 156 157 158 159
Predecessors per operation:

0
1
2
3
4
5
6
7

9
10
11
12
13
14
15

17
18
19
20
21
22
23

25
26
27
28
29
30
31
32
33

35
36
37
38
39
40
41

43
44
45
46
47
48

50
51
52
53
54
55
56
57
58

60
61
62
63
64
65

67
68
69
70
71

73
74
75
76
77
78
79

81
82
83
84
85
86
87
88

90
91
92
93
94

96
97
98
99
100
101
102
103
104

106
107
108
109
110
111
112

114
115
116
117
118
119
120

122
123
124
125
126
127

129
130
131
132
133
134
135
136

138
139
140
141
142
143
144

146
147
148
149

151
152
153
154
155
156
157
158
Successors per operation:
1
2
3
4
5
6
7
8

10
11
12
13
14
15
16

18
19
20
21
22
23
24

26
27
28
29
30
31
32
33
34

36
37
38
39
40
41
42

44
45
46
47
48
49

51
52
53
54
55
56
57
58
59

61
62
63
64
65
66

68
69
70
71
72

74
75
76
77
78
79
80

82
83
84
85
86
87
88
89

91
92
93
94
95

97
98
99
100
101
102
103
104
105

107
108
109
110
111
112
113

115
116
117
118
119
120
121

123
124
125
126
127
128

130
131
132
133
134
135
136
137

139
140
141
142
143
144
145

147
148
149
150

152
153
154
155
156
157
158
159

Machines per operation:
3 4
3
1
4 7 9
2
1 8 9
3 5 7
2 3 4
5 6
2
5 7
5 8
0 2 8
6
9
0 6 8
1 4
0
5
1 8
2 7 8
7 9
1 5 9
5 7
3 7
0
0 8
0 6 7
5 7 8
3 4
0 6
1 8
3 8
2 9
1 7 9
6
0
3
4 5
1 6
1 3
1 4
8
1 6 7
4 7 8
0 2 4
2 8
0
6 7
3 6 8
3 8 9
3 6
5
4 5 9
9
2 3
8
1 4 9
1 8
1 5 8
4 8 9
0 1 5
3 5 6
2 7
6 7
0 5
3 7 8
7
8
0 2 3
6 8
6 7
8
4 5 8
0 1 6
9
3 4
2
9
2 3 8
2 5 6
7
0 3 6
6
9
6
7 8
8
0
6
4 6 7
2 6 9
0 3 8
0
0 2 7
0 2 6
2
9
1 5 7
0 6
0 1 2
4 6 7
4 9
1 6
3 5 9
1 7
1 5 6
8
2 5
3
0 3
1 6
0 1 5
1 2 7
6 7
6
7 9
0 4 5
6 8
5 8 9
1 5 7
0 1 5
3
1 7
2 6
0
0 8 9
5 6
1
1 3 5
5 6
4 7 9
3
2 5 8
2 6
1
2 4
8
4 5 8
2 7 9
5
0 7 9
4 7
3
0 3
5
7
1
3
2 5 9
4
5 7 9
3 8 9
8
1 4
4
0 6 9
1 6 8
4 5 9
0
Processing times (o m w p):
0 3 0 63
0 3 3 70
0 3 4 62
0 3 6 64
0 3 7 58
0 4 0 74
0 4 1 75
0 4 2 70
0 4 3 78
0 4 5 71
1 3 0 42
1 3 3 41
1 3 4 41
1 3 6 39
1 3 7 47
2 1 0 62
2 1 1 69
2 1 2 61
2 1 4 63
2 1 6 57
3 4 0 43
3 4 1 42
3 4 2 42
3 4 3 40
3 4 5 48
3 7 0 42
3 7 1 41
3 7 2 41
3 7 4 39
3 7 7 47
3 9 0 42
3 9 2 41
3 9 3 41
3 9 6 39
3 9 7 47
4 2 0 96
4 2 2 89
4 2 3 95
4 2 4 91
4 2 5 95
5 1 0 92
5 1 1 85
5 1 2 91
5 1 4 87
5 1 6 91
5 8 0 89
5 8 1 88
5 8 2 88
5 8 3 96
5 8 4 94
5 9 0 92
5 9 2 91
5 9 3 91
5 9 6 99
5 9 7 97
6 3 0 30
6 3 3 29
6 3 4 29
6 3 6 31
6 3 7 29
6 5 0 29
6 5 1 28
6 5 2 28
6 5 5 30
6 5 7 28
6 7 0 29
6 7 1 28
6 7 2 28
6 7 4 30
6 7 7 28
7 2 0 28
7 2 2 27
7 2 3 27
7 2 4 29
7 2 5 27
7 3 0 27
7 3 3 26
7 3 4 26
7 3 6 28
7 3 7 26
7 4 0 27
7 4 1 26
7 4 2 26
7 4 3 28
7 4 5 26
8 5 0 87
8 5 1 86
8 5 2 86
8 5 5 94
8 5 7 92
8 6 3 86
8 6 4 85
8 6 5 85
8 6 6 93
8 6 7 91
9 2 0 14
9 2 2 15
9 2 3 13
9 2 4 15
9 2 5 14
10 5 0 96
10 5 1 89
10 5 2 95
10 5 5 91
10 5 7 95
10 7 0 89
10 7 1 82
10 7 2 88
10 7 4 84
10 7 7 88
11 5 0 77
11 5 1 78
11 5 2 73
11 5 5 81
11 5 7 74
11 8 0 78
11 8 1 79
11 8 2 74
11 8 3 82
11 8 4 75
12 0 3 33
12 0 4 34
12 0 5 31
12 0 6 35
12 0 7 32
12 2 0 34
12 2 2 35
12 2 3 32
12 2 4 36
12 2 5 33
12 8 0 33
12 8 1 33
12 8 2 32
12 8 3 27
12 8 4 28
13 6 3 38
13 6 4 39
13 6 5 36
13 6 6 40
13 6 7 37
14 9 0 60
14 9 2 67
14 9 3 59
14 9 6 61
14 9 7 55
15 0 3 85
15 0 4 95
15 0 5 98
15 0 6 85
15 0 7 95
15 6 3 90
15 6 4 83
15 6 5 89
15 6 6 85
15 6 7 89
15 8 0 96
15 8 1 89
15 8 2 95
15 8 3 91
15 8 4 95
16 1 0 80
16 1 1 81
16 1 2 76
16 1 4 84
16 1 6 77
16 4 0 81
16 4 1 82
16 4 2 77
16 4 3 85
16 4 5 78
17 0 3 92
17 0 4 85
17 0 5 91
17 0 6 87
17 0 7 91
18 5 0 29
18 5 1 28
18 5 2 28
18 5 5 30
18 5 7 28
19 1 0 49
19 1 1 48
19 1 2 48
19 1 4 56
19 1 6 54
19 8 0 51
19 8 1 45
19 8 2 46
19 8 3 47
19 8 4 52
20 2 0 55
20 2 2 54
20 2 3 54
20 2 4 62
20 2 5 60
20 7 0 61
20 7 1 68
20 7 2 60
20 7 4 62
20 7 7 56
20 8 0 54
20 8 1 53
20 8 2 53
20 8 3 61
20 8 4 59
21 7 0 43
21 7 1 42
21 7 2 42
21 7 4 40
21 7 7 48
21 9 0 42
21 9 2 41
21 9 3 41
21 9 6 39
21 9 7 47
22 1 0 96
22 1 1 89
22 1 2 95
22 1 4 91
22 1 6 95
22 5 0 89
22 5 1 82
22 5 2 88
22 5 5 84
22 5 7 88
22 9 0 95
22 9 2 88
22 9 3 94
22 9 6 90
22 9 7 94
23 5 0 79
23 5 1 80
23 5 2 75
23 5 5 83
23 5 7 76
23 7 0 80
23 7 1 81
23 7 2 76
23 7 4 84
23 7 7 77
24 3 0 57
24 3 3 62
24 3 4 56
24 3 6 63
24 3 7 61
24 7 0 66
24 7 1 73
24 7 2 65
24 7 4 67
24 7 7 61
25 0 3 40
25 0 4 41
25 0 5 38
25 0 6 42
25 0 7 39
26 0 3 34
26 0 4 35
26 0 5 32
26 0 6 36
26 0 7 33
26 8 0 35
26 8 1 36
26 8 2 33
26 8 3 37
26 8 4 34
27 0 3 10
27 0 4 9
27 0 5 9
27 0 6 11
27 0 7 9
27 6 3 9
27 6 4 9
27 6 5 8
27 6 6 9
27 6 7 9
27 7 0 9
27 7 1 9
27 7 2 8
27 7 4 9
27 7 7 9
28 5 0 66
28 5 1 73
28 5 2 65
28 5 5 67
28 5 7 61
28 7 0 77
28 7 1 78
28 7 2 73
28 7 4 81
28 7 7 74
28 8 0 65
28 8 1 72
28 8 2 64
28 8 3 66
28 8 4 60
29 3 0 86
29 3 3 85
29 3 4 85
29 3 6 93
29 3 7 91
29 4 0 85
29 4 1 84
29 4 2 84
29 4 3 92
29 4 5 90
30 0 3 51
30 0 4 45
30 0 5 46
30 0 6 47
30 0 7 52
30 6 3 48
30 6 4 47
30 6 5 47
30 6 6 45
30 6 7 53
31 1 0 14
31 1 1 15
31 1 2 13
31 1 4 15
31 1 6 14
31 8 0 15
31 8 1 16
31 8 2 14
31 8 3 16
31 8 4 15
32 3 0 95
32 3 3 88
32 3 4 94
32 3 6 90
32 3 7 94
32 8 0 88
32 8 1 81
32 8 2 87
32 8 3 83
32 8 4 87
33 2 0 80
33 2 2 81
33 2 3 76
33 2 4 84
33 2 5 77
33 9 0 81
33 9 2 82
33 9 3 77
33 9 6 85
33 9 7 78
34 1 0 39
34 1 1 40
34 1 2 37
34 1 4 41
34 1 6 38
34 7 0 40
34 7 1 41
34 7 2 38
34 7 4 42
34 7 7 39
34 9 0 37
34 9 2 38
34 9 3 35
34 9 6 39
34 9 7 36
35 6 3 80
35 6 4 81
35 6 5 76
35 6 6 84
35 6 7 77
36 0 3 41
36 0 4 40
36 0 5 40
36 0 6 38
36 0 7 46
37 3 0 26
37 3 3 25
37 3 4 25
37 3 6 27
37 3 7 25
38 4 0 86
38 4 1 85
38 4 2 85
38 4 3 93
38 4 5 91
38 5 0 92
38 5 1 85
38 5 2 91
38 5 5 87
38 5 7 91
39 1 0 40
39 1 1 41
39 1 2 38
39 1 4 42
39 1 6 39
39 6 3 43
39 6 4 36
39 6 5 42
39 6 6 38
39 6 7 42
40 1 0 51
40 1 1 50
40 1 2 50
40 1 4 58
40 1 6 56
40 3 0 50
40 3 3 49
40 3 4 49
40 3 6 57
40 3 7 55
41 1 0 47
41 1 1 46
41 1 2 46
41 1 4 44
41 1 6 52
41 4 0 46
41 4 1 45
41 4 2 45
41 4 3 43
41 4 5 51
42 8 0 67
42 8 1 74
42 8 2 66
42 8 3 68
42 8 4 62
43 1 0 86
43 1 1 85
43 1 2 85
43 1 4 93
43 1 6 91
43 6 3 92
43 6 4 85
43 6 5 91
43 6 6 87
43 6 7 91
43 7 0 85
43 7 1 84
43 7 2 84
43 7 4 92
43 7 7 90
44 4 0 90
44 4 1 89
44 4 2 89
44 4 3 97
44 4 5 95
44 7 0 96
44 7 1 89
44 7 2 95
44 7 4 91
44 7 7 95
44 8 0 89
44 8 1 88
44 8 2 88
44 8 3 96
44 8 4 94
45 0 3 50
45 0 4 49
45 0 5 49
45 0 6 57
45 0 7 55
45 2 0 49
45 2 2 48
45 2 3 48
45 2 4 56
45 2 5 54
45 4 0 49
45 4 1 48
45 4 2 48
45 4 3 56
45 4 5 54
46 2 0 92
46 2 2 85
46 2 3 91
46 2 4 87
46 2 5 91
46 8 0 91
46 8 1 84
46 8 2 90
46 8 3 86
46 8 4 90
47 0 3 35
47 0 4 36
47 0 5 33
47 0 6 37
47 0 7 34
48 6 3 46
48 6 4 45
48 6 5 45
48 6 6 43
48 6 7 51
48 7 0 45
48 7 1 44
48 7 2 44
48 7 4 42
48 7 7 50
49 3 0 14
49 3 3 15
49 3 4 13
49 3 6 15
49 3 7 14
49 6 3 15
49 6 4 16
49 6 5 14
49 6 6 16
49 6 7 15
49 8 0 13
49 8 1 14
49 8 2 12
49 8 3 14
49 8 4 13
50 3 0 96
50 3 3 89
50 3 4 95
50 3 6 91
50 3 7 95
50 8 0 89
50 8 1 82
50 8 2 88
50 8 3 84
50 8 4 88
50 9 0 95
50 9 2 88
50 9 3 94
50 9 6 90
50 9 7 94
51 3 0 33
51 3 3 33
51 3 4 32
51 3 6 27
51 3 7 28
51 6 3 30
51 6 4 29
51 6 5 29
51 6 6 31
51 6 7 29
52 5 0 12
52 5 1 13
52 5 2 11
52 5 5 13
52 5 7 12
53 4 0 48
53 4 1 47
53 4 2 47
53 4 3 45
53 4 5 53
53 5 0 47
53 5 1 46
53 5 2 46
53 5 5 44
53 5 7 52
53 9 0 47
53 9 2 46
53 9 3 46
53 9 6 44
53 9 7 52
54 9 0 88
54 9 2 87
54 9 3 87
54 9 6 95
54 9 7 93
55 2 0 11
55 2 2 12
55 2 3 10
55 2 4 12
55 2 5 11
55 3 0 12
55 3 3 13
55 3 4 11
55 3 6 13
55 3 7 12
56 8 0 88
56 8 1 81
56 8 2 87
56 8 3 83
56 8 4 87
57 1 0 66
57 1 1 73
57 1 2 65
57 1 4 67
57 1 6 61
57 4 0 65
57 4 1 72
57 4 2 64
57 4 3 66
57 4 5 60
57 9 0 65
57 9 2 72
57 9 3 64
57 9 6 66
57 9 7 60
58 1 0 63
58 1 1 70
58 1 2 62
58 1 4 64
58 1 6 58
58 8 0 74
58 8 1 75
58 8 2 70
58 8 3 78
58 8 4 71
59 1 0 51
59 1 1 45
59 1 2 46
59 1 4 47
59 1 6 52
59 5 0 48
59 5 1 47
59 5 2 47
59 5 5 45
59 5 7 53
59 8 0 48
59 8 1 47
59 8 2 47
59 8 3 45
59 8 4 53
60 4 0 92
60 4 1 85
60 4 2 91
60 4 3 87
60 4 5 91
60 8 0 89
60 8 1 88
60 8 2 88
60 8 3 96
60 8 4 94
60 9 0 92
60 9 2 91
60 9 3 91
60 9 6 99
60 9 7 97
61 0 3 12
61 0 4 13
61 0 5 11
61 0 6 13
61 0 7 12
61 1 0 13
61 1 1 14
61 1 2 12
61 1 4 14
61 1 6 13
61 5 0 11
61 5 1 12
61 5 2 10
61 5 5 12
61 5 7 11
62 3 0 89
62 3 3 88
62 3 4 88
62 3 6 96
62 3 7 94
62 5 0 95
62 5 1 88
62 5 2 94
62 5 5 90
62 5 7 94
62 6 3 88
62 6 4 87
62 6 5 87
62 6 6 95
62 6 7 93
63 2 0 54
63 2 2 53
63 2 3 53
63 2 4 61
63 2 5 59
63 7 0 53
63 7 1 52
63 7 2 52
63 7 4 60
63 7 7 58
64 6 3 23
64 6 4 22
64 6 5 22
64 6 6 24
64 6 7 22
64 7 0 22
64 7 1 21
64 7 2 21
64 7 4 23
64 7 7 21
65 0 3 28
65 0 4 27
65 0 5 27
65 0 6 29
65 0 7 27
65 5 0 27
65 5 1 26
65 5 2 26
65 5 5 28
65 5 7 26
66 3 0 86
66 3 3 85
66 3 4 85
66 3 6 93
66 3 7 91
66 7 0 92
66 7 1 85
66 7 2 91
66 7 4 87
66 7 7 91
66 8 0 85
66 8 1 84
66 8 2 84
66 8 3 92
66 8 4 90
67 7 0 42
67 7 1 41
67 7 2 41
67 7 4 39
67 7 7 47
68 8 0 93
68 8 1 86
68 8 2 92
68 8 3 88
68 8 4 92
69 0 3 67
69 0 4 74
69 0 5 66
69 0 6 68
69 0 7 62
69 2 0 78
69 2 2 79
69 2 3 74
69 2 4 82
69 2 5 75
69 3 0 66
69 3 3 73
69 3 4 65
69 3 6 67
69 3 7 61
70 6 3 14
70 6 4 15
70 6 5 13
70 6 6 15
70 6 7 14
70 8 0 15
70 8 1 16
70 8 2 14
70 8 3 16
70 8 4 15
71 6 3 34
71 6 4 35
71 6 5 32
71 6 6 36
71 6 7 33
71 7 0 35
71 7 1 36
71 7 2 33
71 7 4 37
71 7 7 34
72 8 0 42
72 8 1 41
72 8 2 41
72 8 3 39
72 8 4 47
73 4 0 90
73 4 1 89
73 4 2 89
73 4 3 97
73 4 5 95
73 5 0 96
73 5 1 89
73 5 2 95
73 5 5 91
73 5 7 95
73 8 0 89
73 8 1 88
73 8 2 88
73 8 3 96
73 8 4 94
74 0 3 40
74 0 4 41
74 0 5 38
74 0 6 42
74 0 7 39
74 1 0 43
74 1 1 36
74 1 2 42
74 1 4 38
74 1 6 42
74 6 3 38
74 6 4 39
74 6 5 36
74 6 6 40
74 6 7 37
75 9 0 45
75 9 2 44
75 9 3 44
75 9 6 42
75 9 7 50
76 3 0 10
76 3 3 9
76 3 4 9
76 3 6 11
76 3 7 9
76 4 0 9
76 4 1 9
76 4 2 8
76 4 3 9
76 4 5 9
77 2 0 25
77 2 2 24
77 2 3 24
77 2 4 26
77 2 5 24
78 9 0 95
78 9 2 88
78 9 3 94
78 9 6 90
78 9 7 94
79 2 0 98
79 2 2 103
79 2 3 93
79 2 4 105
79 2 5 99
79 3 0 90
79 3 3 89
79 3 4 89
79 3 6 97
79 3 7 95
79 8 0 97
79 8 1 102
79 8 2 92
79 8 3 104
79 8 4 98
80 2 0 12
80 2 2 13
80 2 3 11
80 2 4 13
80 2 5 12
80 5 0 13
80 5 1 14
80 5 2 12
80 5 5 14
80 5 7 13
80 6 3 11
80 6 4 12
80 6 5 10
80 6 6 12
80 6 7 11
81 7 0 26
81 7 1 25
81 7 2 25
81 7 4 27
81 7 7 25
82 0 3 11
82 0 4 12
82 0 5 10
82 0 6 12
82 0 7 11
82 3 0 12
82 3 3 13
82 3 4 11
82 3 6 13
82 3 7 12
82 6 3 10
82 6 4 9
82 6 5 9
82 6 6 11
82 6 7 9
83 6 3 98
83 6 4 103
83 6 5 93
83 6 6 105
83 6 7 99
84 9 0 19
84 9 2 20
84 9 3 18
84 9 6 20
84 9 7 19
85 6 3 85
85 6 4 75
85 6 5 85
85 6 6 75
85 6 7 86
86 7 0 89
86 7 1 88
86 7 2 88
86 7 4 96
86 7 7 94
86 8 0 95
86 8 1 88
86 8 2 94
86 8 3 90
86 8 4 94
87 8 0 53
87 8 1 52
87 8 2 52
87 8 3 60
87 8 4 58
88 0 3 25
88 0 4 24
88 0 5 24
88 0 6 26
88 0 7 24
89 6 3 34
89 6 4 35
89 6 5 32
89 6 6 36
89 6 7 33
90 4 0 85
90 4 1 84
90 4 2 84
90 4 3 92
90 4 5 90
90 6 3 85
90 6 4 95
90 6 5 98
90 6 6 85
90 6 7 95
90 7 0 85
90 7 1 95
90 7 2 98
90 7 4 85
90 7 7 95
91 2 0 18
91 2 2 19
91 2 3 17
91 2 4 19
91 2 5 18
91 6 3 19
91 6 4 20
91 6 5 18
91 6 6 20
91 6 7 19
91 9 0 17
91 9 2 18
91 9 3 16
91 9 6 18
91 9 7 17
92 0 3 18
92 0 4 19
92 0 5 17
92 0 6 19
92 0 7 18
92 3 0 19
92 3 3 20
92 3 4 18
92 3 6 20
92 3 7 19
92 8 0 17
92 8 1 18
92 8 2 16
92 8 3 18
92 8 4 17
93 0 3 43
93 0 4 36
93 0 5 42
93 0 6 38
93 0 7 42
94 0 3 51
94 0 4 50
94 0 5 50
94 0 6 58
94 0 7 56
94 2 0 50
94 2 2 49
94 2 3 49
94 2 4 57
94 2 5 55
94 7 0 50
94 7 1 49
94 7 2 49
94 7 4 57
94 7 7 55
95 0 3 49
95 0 4 48
95 0 5 48
95 0 6 56
95 0 7 54
95 2 0 44
95 2 2 43
95 2 3 43
95 2 4 41
95 2 5 49
95 6 3 45
95 6 4 44
95 6 5 44
95 6 6 42
95 6 7 50
96 2 0 89
96 2 2 88
96 2 3 88
96 2 4 96
96 2 5 94
97 9 0 96
97 9 2 89
97 9 3 95
97 9 6 91
97 9 7 95
98 1 0 29
98 1 1 28
98 1 2 28
98 1 4 30
98 1 6 28
98 5 0 28
98 5 1 27
98 5 2 27
98 5 5 29
98 5 7 27
98 7 0 28
98 7 1 27
98 7 2 27
98 7 4 29
98 7 7 27
99 0 3 67
99 0 4 74
99 0 5 66
99 0 6 68
99 0 7 62
99 6 3 78
99 6 4 79
99 6 5 74
99 6 6 82
99 6 7 75
100 0 3 55
100 0 4 54
100 0 5 54
100 0 6 62
100 0 7 60
100 1 0 61
100 1 1 68
100 1 2 60
100 1 4 62
100 1 6 56
100 2 0 54
100 2 2 53
100 2 3 53
100 2 4 61
100 2 5 59
101 4 0 11
101 4 1 12
101 4 2 10
101 4 3 12
101 4 5 11
101 6 3 12
101 6 4 13
101 6 5 11
101 6 6 13
101 6 7 12
101 7 0 10
101 7 1 9
101 7 2 9
101 7 4 11
101 7 7 9
102 4 0 40
102 4 1 41
102 4 2 38
102 4 3 42
102 4 5 39
102 9 0 43
102 9 2 36
102 9 3 42
102 9 6 38
102 9 7 42
103 1 0 50
103 1 1 49
103 1 2 49
103 1 4 57
103 1 6 55
103 6 3 49
103 6 4 48
103 6 5 48
103 6 6 56
103 6 7 54
104 3 0 16
104 3 3 17
104 3 4 15
104 3 6 17
104 3 7 16
104 5 0 17
104 5 1 18
104 5 2 16
104 5 5 18
104 5 7 17
104 9 0 15
104 9 2 16
104 9 3 14
104 9 6 16
104 9 7 15
105 1 0 34
105 1 1 35
105 1 2 32
105 1 4 36
105 1 6 33
105 7 0 34
105 7 1 35
105 7 2 32
105 7 4 36
105 7 7 33
106 1 0 23
106 1 1 22
106 1 2 22
106 1 4 24
106 1 6 22
106 5 0 22
106 5 1 21
106 5 2 21
106 5 5 23
106 5 7 21
106 6 3 22
106 6 4 21
106 6 5 21
106 6 6 23
106 6 7 21
107 8 0 43
107 8 1 36
107 8 2 42
107 8 3 38
107 8 4 42
108 2 0 98
108 2 2 103
108 2 3 93
108 2 4 105
108 2 5 99
108 5 0 90
108 5 1 89
108 5 2 89
108 5 5 97
108 5 7 95
109 3 0 37
109 3 3 38
109 3 4 35
109 3 6 39
109 3 7 36
110 0 3 30
110 0 4 29
110 0 5 29
110 0 6 31
110 0 7 29
110 3 0 29
110 3 3 28
110 3 4 28
110 3 6 30
110 3 7 28
111 1 0 85
111 1 1 84
111 1 2 84
111 1 4 92
111 1 6 90
111 6 3 91
111 6 4 84
111 6 5 90
111 6 6 86
111 6 7 90
112 0 3 27
112 0 4 26
112 0 5 26
112 0 6 28
112 0 7 26
112 1 0 26
112 1 1 25
112 1 2 25
112 1 4 27
112 1 6 25
112 5 0 26
112 5 1 25
112 5 2 25
112 5 5 27
112 5 7 25
113 1 0 53
113 1 1 52
113 1 2 52
113 1 4 60
113 1 6 58
113 2 0 52
113 2 2 51
113 2 3 51
113 2 4 59
113 2 5 57
113 7 0 52
113 7 1 51
113 7 2 51
113 7 4 59
113 7 7 57
114 6 3 78
114 6 4 79
114 6 5 74
114 6 6 82
114 6 7 75
114 7 0 79
114 7 1 80
114 7 2 75
114 7 4 83
114 7 7 76
115 6 3 95
115 6 4 88
115 6 5 94
115 6 6 90
115 6 7 94
116 7 0 85
116 7 1 84
116 7 2 84
116 7 4 92
116 7 7 90
116 9 0 85
116 9 2 95
116 9 3 98
116 9 6 85
116 9 7 95
117 0 3 35
117 0 4 36
117 0 5 33
117 0 6 37
117 0 7 34
117 4 0 36
117 4 1 37
117 4 2 34
117 4 3 38
117 4 5 35
117 5 0 33
117 5 1 34
117 5 2 31
117 5 5 35
117 5 7 32
118 6 3 16
118 6 4 17
118 6 5 15
118 6 6 17
118 6 7 16
118 8 0 17
118 8 1 18
118 8 2 16
118 8 3 18
118 8 4 17
119 5 0 12
119 5 1 13
119 5 2 11
119 5 5 13
119 5 7 12
119 8 0 13
119 8 1 14
119 8 2 12
119 8 3 14
119 8 4 13
119 9 0 11
119 9 2 12
119 9 3 10
119 9 6 12
119 9 7 11
120 1 0 23
120 1 1 22
120 1 2 22
120 1 4 24
120 1 6 22
120 5 0 22
120 5 1 21
120 5 2 21
120 5 5 23
120 5 7 21
120 7 0 22
120 7 1 21
120 7 2 21
120 7 4 23
120 7 7 21
121 0 3 85
121 0 4 95
121 0 5 98
121 0 6 85
121 0 7 95
121 1 0 96
121 1 1 89
121 1 2 95
121 1 4 91
121 1 6 95
121 5 0 96
121 5 1 89
121 5 2 95
121 5 5 91
121 5 7 95
122 3 0 17
122 3 3 18
122 3 4 16
122 3 6 18
122 3 7 17
123 1 0 28
123 1 1 27
123 1 2 27
123 1 4 29
123 1 6 27
123 7 0 27
123 7 1 26
123 7 2 26
123 7 4 28
123 7 7 26
124 2 0 89
124 2 2 82
124 2 3 88
124 2 4 84
124 2 5 88
124 6 3 90
124 6 4 83
124 6 5 89
124 6 6 85
124 6 7 89
125 0 3 65
125 0 4 72
125 0 5 64
125 0 6 66
125 0 7 60
126 0 3 49
126 0 4 48
126 0 5 48
126 0 6 56
126 0 7 54
126 8 0 44
126 8 1 43
126 8 2 43
126 8 3 41
126 8 4 49
126 9 0 45
126 9 2 44
126 9 3 44
126 9 6 42
126 9 7 50
127 5 0 93
127 5 1 86
127 5 2 92
127 5 5 88
127 5 7 92
127 6 3 92
127 6 4 85
127 6 5 91
127 6 6 87
127 6 7 91
128 1 0 46
128 1 1 45
128 1 2 45
128 1 4 43
128 1 6 51
129 1 0 11
129 1 1 12
129 1 2 10
129 1 4 12
129 1 6 11
129 3 0 12
129 3 3 13
129 3 4 11
129 3 6 13
129 3 7 12
129 5 0 10
129 5 1 9
129 5 2 9
129 5 5 11
129 5 7 9
130 5 0 80
130 5 1 81
130 5 2 76
130 5 5 84
130 5 7 77
130 6 3 81
130 6 4 82
130 6 5 77
130 6 6 85
130 6 7 78
131 4 0 18
131 4 1 19
131 4 2 17
131 4 3 19
131 4 5 18
131 7 0 19
131 7 1 20
131 7 2 18
131 7 4 20
131 7 7 19
131 9 0 17
131 9 2 18
131 9 3 16
131 9 6 18
131 9 7 17
132 3 0 53
132 3 3 52
132 3 4 52
132 3 6 60
132 3 7 58
133 2 0 52
133 2 2 51
133 2 3 51
133 2 4 59
133 2 5 57
133 5 0 51
133 5 1 50
133 5 2 50
133 5 5 58
133 5 7 56
133 8 0 51
133 8 1 50
133 8 2 50
133 8 3 58
133 8 4 56
134 2 0 17
134 2 2 18
134 2 3 16
134 2 4 18
134 2 5 17
134 6 3 18
134 6 4 19
134 6 5 17
134 6 6 19
134 6 7 18
135 1 0 36
135 1 1 37
135 1 2 34
135 1 4 38
135 1 6 35
136 2 0 78
136 2 2 79
136 2 3 74
136 2 4 82
136 2 5 75
136 4 0 79
136 4 1 80
136 4 2 75
136 4 3 83
136 4 5 76
137 8 0 50
137 8 1 49
137 8 2 49
137 8 3 57
137 8 4 55
138 4 0 55
138 4 1 54
138 4 2 54
138 4 3 62
138 4 5 60
138 5 0 54
138 5 1 53
138 5 2 53
138 5 5 61
138 5 7 59
138 8 0 54
138 8 1 53
138 8 2 53
138 8 3 61
138 8 4 59
139 2 0 57
139 2 2 62
139 2 3 56
139 2 4 63
139 2 5 61
139 7 0 66
139 7 1 73
139 7 2 65
139 7 4 67
139 7 7 61
139 9 0 57
139 9 2 56
139 9 3 56
139 9 6 64
139 9 7 62
140 5 0 88
140 5 1 87
140 5 2 87
140 5 5 95
140 5 7 93
141 0 3 92
141 0 4 85
141 0 5 91
141 0 6 87
141 0 7 91
141 7 0 91
141 7 1 84
141 7 2 90
141 7 4 86
141 7 7 90
141 9 0 91
141 9 2 84
141 9 3 90
141 9 6 86
141 9 7 90
142 4 0 89
142 4 1 88
142 4 2 88
142 4 3 96
142 4 5 94
142 7 0 95
142 7 1 88
142 7 2 94
142 7 4 90
142 7 7 94
143 3 0 34
143 3 3 35
143 3 4 32
143 3 6 36
143 3 7 33
144 0 3 64
144 0 4 71
144 0 5 63
144 0 6 65
144 0 7 59
144 3 0 75
144 3 3 76
144 3 4 71
144 3 6 79
144 3 7 72
145 5 0 96
145 5 1 89
145 5 2 95
145 5 5 91
145 5 7 95
146 7 0 66
146 7 1 73
146 7 2 65
146 7 4 67
146 7 7 61
147 1 0 40
147 1 1 41
147 1 2 38
147 1 4 42
147 1 6 39
148 3 0 88
148 3 3 81
148 3 4 87
148 3 6 83
148 3 7 87
149 2 0 63
149 2 2 70
149 2 3 62
149 2 4 64
149 2 5 58
149 5 0 74
149 5 1 75
149 5 2 70
149 5 5 78
149 5 7 71
149 9 0 62
149 9 2 69
149 9 3 61
149 9 6 63
149 9 7 57
150 4 0 89
150 4 1 82
150 4 2 88
150 4 3 84
150 4 5 88
151 5 0 19
151 5 1 20
151 5 2 18
151 5 5 20
151 5 7 19
151 7 0 22
151 7 1 21
151 7 2 21
151 7 4 19
151 7 7 22
151 9 0 18
151 9 2 19
151 9 3 17
151 9 6 19
151 9 7 18
152 3 0 42
152 3 3 41
152 3 4 41
152 3 6 39
152 3 7 47
152 8 0 37
152 8 1 38
152 8 2 35
152 8 3 39
152 8 4 36
152 9 0 41
152 9 2 40
152 9 3 40
152 9 6 38
152 9 7 46
153 8 0 85
153 8 1 95
153 8 2 98
153 8 3 85
153 8 4 95
154 1 0 42
154 1 1 41
154 1 2 41
154 1 4 39
154 1 6 47
154 4 0 41
154 4 1 40
154 4 2 40
154 4 3 38
154 4 5 46
155 4 0 63
155 4 1 70
155 4 2 62
155 4 3 64
155 4 5 58
156 0 3 61
156 0 4 68
156 0 5 60
156 0 6 62
156 0 7 56
156 6 3 68
156 6 4 75
156 6 5 67
156 6 6 69
156 6 7 63
156 9 0 60
156 9 2 67
156 9 3 59
156 9 6 61
156 9 7 55
157 1 0 89
157 1 1 88
157 1 2 88
157 1 4 96
157 1 6 94
157 6 3 95
157 6 4 88
157 6 5 94
157 6 6 90
157 6 7 94
157 8 0 88
157 8 1 87
157 8 2 87
157 8 3 95
157 8 4 93
158 4 0 85
158 4 1 95
158 4 2 98
158 4 3 85
158 4 5 95
158 5 0 96
158 5 1 89
158 5 2 95
158 5 5 91
158 5 7 95
158 9 0 96
158 9 2 89
158 9 3 95
158 9 6 91
158 9 7 95
159 0 3 96
159 0 4 89
159 0 5 95
159 0 6 91
159 0 7 95
