Jobs:
0 1 2 3 4 5 6 7 8 9
Machines:
0 1 2 3 4
Workers:
0 1 2 3 4
Operations per job:
0 1 2
3 4 5
6 7 8 9
10 11 12
13 14 15 16
17 18 19
20 21
22 23 24
25 26
27 28 29
Predecessors per operation:

0
1

3
4

6
7
8

10
11

13
14
15

17
18

20

22
23

25

27
28
Successors per operation:
1
2

4
5

7
8
9

11
12

14
15
16

18
19

21

23
24

26

28
29

Machines per operation:
1 2
1 4
2 3 4
1 4
0 1 3
2 4
2
0 4
4
0 4
1 3
4
0 1 2
0 3 4
1 3 4
0 2
0 1 4
1
2 3
4
3
1 2 4
0 3
0
0 4
2 4
0 1 3
2
1
0 2 3
Processing times (o m w p):
0 1 2 74
0 1 3 75
0 1 4 81
0 2 1 97
0 2 3 93
0 2 4 87
1 1 2 59
1 1 3 61
1 1 4 59
1 4 0 61
1 4 2 63
1 4 4 61
2 2 1 67
2 2 3 68
2 2 4 74
2 3 0 68
2 3 1 69
2 3 2 75
2 4 0 74
2 4 2 75
2 4 4 81
3 1 2 62
3 1 3 64
3 1 4 62
3 4 0 64
3 4 2 66
3 4 4 64
4 0 1 103
4 0 2 95
4 0 4 103
4 1 2 94
4 1 3 103
4 1 4 101
4 3 0 100
4 3 1 96
4 3 2 90
5 2 1 31
5 2 3 33
5 2 4 31
5 4 0 31
5 4 2 33
5 4 4 31
6 2 1 47
6 2 3 43
6 2 4 47
7 0 1 12
7 0 2 13
7 0 4 14
7 4 0 13
7 4 2 14
7 4 4 15
8 4 0 49
8 4 2 49
8 4 4 47
9 0 1 25
9 0 2 25
9 0 4 23
9 4 0 25
9 4 2 25
9 4 4 23
10 1 2 13
10 1 3 14
10 1 4 15
10 3 0 14
10 3 1 15
10 3 2 16
11 4 0 43
11 4 2 39
11 4 4 43
12 0 1 67
12 0 2 68
12 0 4 74
12 1 2 68
12 1 3 69
12 1 4 75
12 2 1 74
12 2 3 75
12 2 4 81
13 0 1 25
13 0 2 25
13 0 4 23
13 3 0 25
13 3 1 25
13 3 2 23
13 4 0 23
13 4 2 23
13 4 4 21
14 1 2 76
14 1 3 74
14 1 4 83
14 3 0 98
14 3 1 94
14 3 2 88
14 4 0 73
14 4 2 74
14 4 4 80
15 0 1 76
15 0 2 88
15 0 4 74
15 2 1 99
15 2 3 95
15 2 4 89
16 0 1 59
16 0 2 61
16 0 4 59
16 1 2 61
16 1 3 63
16 1 4 61
16 4 0 59
16 4 2 61
16 4 4 59
17 1 2 51
17 1 3 51
17 1 4 49
18 2 1 32
18 2 3 33
18 2 4 36
18 3 0 33
18 3 1 34
18 3 2 37
19 4 0 15
19 4 2 16
19 4 4 17
20 3 0 49
20 3 1 49
20 3 2 47
21 1 2 76
21 1 3 88
21 1 4 74
21 2 1 99
21 2 3 95
21 2 4 89
21 4 0 74
21 4 2 75
21 4 4 81
22 0 1 9
22 0 2 10
22 0 4 11
22 3 0 10
22 3 1 11
22 3 2 12
23 0 1 63
23 0 2 65
23 0 4 63
24 0 1 73
24 0 2 74
24 0 4 80
24 4 0 95
24 4 2 95
24 4 4 81
25 2 1 10
25 2 3 11
25 2 4 12
25 4 0 11
25 4 2 12
25 4 4 13
26 0 1 72
26 0 2 73
26 0 4 79
26 1 2 84
26 1 3 96
26 1 4 82
26 3 0 70
26 3 1 71
26 3 2 77
27 2 1 74
27 2 3 75
27 2 4 81
28 1 2 104
28 1 3 100
28 1 4 94
29 0 1 51
29 0 2 51
29 0 4 49
29 2 1 51
29 2 3 51
29 2 4 49
29 3 0 49
29 3 1 49
29 3 2 47
