Jobs:
0 1 2 3 4 5 6 7 8 9 10 11 12 13 14 15 16 17 18 19
Machines:
0 1 2 3 4 5 6 7 8 9
Workers:
0 1 2 3 4 5 6 7 8 9
Operations per job:
0 1 2 3 4 5 6 7 8 9 10 11 12
13 14 15 16 17 18 19 20 21 22
23 24 25 26 27 28 29 30 31
32 33 34 35 36
37 38 39 40 41
42 43 44 45 46 47 48 49
50 51 52 53 54 55 56 57
58 59 60 61 62 63 64 65 66 67 68 69 70 71 72
73 74 75 76 77 78 79 80 81 82 83 84 85
86 87 88 89 90 91 92 93 94 95 96 97 98
99 100 101 102 103 104 105 106 107 108 109 110 111 112
113 114 115 116 117 118 119 120 121 122
123 124 125 126 127 128 129 130 131 132 133 134 135
136 137 138 139 140
141 142 143 144 145 146 147 148 149 150 151 152 153
154 155 156 157 158 159 160 161 162 163 164 165 166
167 168 169 170 171 172 173 174 175 176 177 178 179 180
181 182 183 184 185 186 187 188 189 190 191 192 193 194 195
196 197 198 199 200 201 202 203 204 205
206 207 208 209 210 211 212 213
Predecessors per operation:

0
1
2
3
4
5
6
7
8
9
10
11

13
14
15
16
17
18
19
20
21

23
24
25
26
27
28
29
30

32
33
34
35

37
38
39
40

42
43
44
45
46
47
48

50
51
52
53
54
55
56

58
59
60
61
62
63
64
65
66
67
68
69
70
71

73
74
75
76
77
78
79
80
81
82
83
84

86
87
88
89
90
91
92
93
94
95
96
97

99
100
101
102
103
104
105
106
107
108
109
110
111

113
114
115
116
117
118
119
120
121

123
124
125
126
127
128
129
130
131
132
133
134

136
137
138
139

141
142
143
144
145
146
147
148
149
150
151
152

154
155
156
157
158
159
160
161
162
163
164
165

167
168
169
170
171
172
173
174
175
176
177
178
179

181
182
183
184
185
186
187
188
189
190
191
192
193
194

196
197
198
199
200
201
202
203
204

206
207
208
209
210
211
212
Successors per operation:
1
2
3
4
5
6
7
8
9
10
11
12

14
15
16
17
18
19
20
21
22

24
25
26
27
28
29
30
31

33
34
35
36

38
39
40
41

43
44
45
46
47
48
49

51
52
53
54
55
56
57

59
60
61
62
63
64
65
66
67
68
69
70
71
72

74
75
76
77
78
79
80
81
82
83
84
85

87
88
89
90
91
92
93
94
95
96
97
98

100
101
102
103
104
105
106
107
108
109
110
111
112

114
115
116
117
118
119
120
121
122

124
125
126
127
128
129
130
131
132
133
134
135

137
138
139
140

142
143
144
145
146
147
148
149
150
151
152
153

155
156
157
158
159
160
161
162
163
164
165
166

168
169
170
171
172
173
174
175
176
177
178
179
180

182
183
184
185
186
187
188
189
190
191
192
193
194
195

197
198
199
200
201
202
203
204
205

207
208
209
210
211
212
213

Machines per operation:
1 4 9
6 9
1 8 9
2 7
6 9
1 2 8
4 6
0 3 7
4 5 6
3 8
7 8
1 8
4 7 8
2 7 9
0 6 9
1 2 5
2 4
5 9
3 5 8
7 9
1 4 7
2 3 5
2 4 6
6 9
0 2 6
5 6 9
5 7
5 7 9
1 9
3 5
7 9
7 8
2 3 5
1 2 8
2 9
2 5 7
1 4 8
1 8
6 7
2 4
4 5
0 7 9
1 2 6
1 2 3
8 9
0 1 5
0 1
4 6
7 8
3 5
4 8
1 7 9
0 4
3 4 7
3 6 7
2 4
3 5 9
1 2 7
0 6 9
0 1 9
5 9
2 7
1 2 7
0 6 9
3 5
6 8
1 4 9
1 6 9
4 5 8
4 5 9
7 8
3 4 9
0 4 9
0 6
3 9
0 7
3 4 5
4 5 8
2 3
2 3 4
4 7
1 2
0 6 7
6 9
0 2 6
0 2 9
0 7
4 5 8
1 2 9
8 9
0 3 6
0 1 2
0 3
2 4
1 2
1 3
0 2
0 3
4 5 8
3 4 9
5 7 9
5 7 9
3 9
1 2
3 8 9
2 6 7
2 5 7
0 3 9
1 2
2 5
3 7
2 5 6
0 8
5 9
5 6
0 8
4 6 8
0 1 8
6 7
0 2 9
2 6 8
0 6
6 9
0 3 9
0 1 2
1 2 6
8 9
0 2
5 6 7
4 5
1 3
1 4
1 8 9
4 7 8
1 3 6
1 6
0 2 4
0 4 7
5 8
0 6 7
3 5
3 4 8
1 3 6
1 3
7 9
1 3 6
0 2 3
2 6
1 3 6
5 6 8
0 4 7
2 3
0 3 7
4 5 9
0 1 2
2 6
3 9
2 5
3 7 9
0 9
3 4 6
3 4
3 6
0 6
3 4 5
6 8
1 4 8
0 5 9
3 6 9
3 6
0 9
0 7 8
1 6 9
0 9
2 3 5
5 8 9
6 7 8
0 2 7
0 7 9
0 7
3 4
8 9
3 5 6
0 7
2 4 9
0 3 5
2 7
1 4 8
0 5
2 4
1 3
5 7
4 6
0 5 8
3 5
0 6
5 6
7 8 9
2 4 7
3 4
7 8
6 9
0 7
0 4 5
1 4 8
6 9
1 2 5
4 6 8
1 6
2 5 7
3 4
3 6
1 5
0 3 9
Processing times (o m w p):
0 1 1 88
0 1 2 87
0 1 6 84
0 1 7 88
0 1 9 72
0 4 1 80
0 4 3 89
0 4 4 95
0 4 7 93
0 4 8 86
0 9 1 99
0 9 2 94
0 9 4 86
0 9 5 104
0 9 7 91
1 6 0 42
1 6 5 47
1 6 6 39
1 6 7 47
1 6 9 44
1 9 1 47
1 9 2 52
1 9 4 44
1 9 5 52
1 9 7 49
2 1 1 76
2 1 2 67
2 1 6 78
2 1 7 72
2 1 9 72
2 8 3 61
2 8 5 72
2 8 7 60
2 8 8 60
2 8 9 61
2 9 1 78
2 9 2 69
2 9 4 80
2 9 5 74
2 9 7 74
3 2 2 57
3 2 3 68
3 2 4 56
3 2 6 56
3 2 8 57
3 7 1 74
3 7 2 65
3 7 4 76
3 7 5 70
3 7 9 70
4 6 0 33
4 6 5 29
4 6 6 34
4 6 7 31
4 6 9 31
4 9 1 26
4 9 2 29
4 9 4 29
4 9 5 27
4 9 7 26
5 1 1 101
5 1 2 96
5 1 6 88
5 1 7 106
5 1 9 93
5 2 2 78
5 2 3 87
5 2 4 93
5 2 6 91
5 2 8 84
5 8 3 98
5 8 5 93
5 8 7 85
5 8 8 103
5 8 9 90
6 4 1 57
6 4 3 60
6 4 4 60
6 4 7 58
6 4 8 57
6 6 0 63
6 6 5 74
6 6 6 62
6 6 7 62
6 6 9 63
7 0 1 19
7 0 4 22
7 0 6 22
7 0 8 20
7 0 9 19
7 3 0 19
7 3 3 22
7 3 5 22
7 3 6 20
7 3 7 19
7 7 1 19
7 7 2 17
7 7 4 19
7 7 5 18
7 7 9 18
8 4 1 55
8 4 3 58
8 4 4 58
8 4 7 56
8 4 8 55
8 5 2 57
8 5 4 68
8 5 7 56
8 5 8 56
8 5 9 57
8 6 0 61
8 6 5 72
8 6 6 60
8 6 7 60
8 6 9 61
9 3 0 58
9 3 3 61
9 3 5 61
9 3 6 59
9 3 7 58
9 8 3 64
9 8 5 75
9 8 7 63
9 8 8 63
9 8 9 64
10 7 1 102
10 7 2 97
10 7 4 89
10 7 5 107
10 7 9 94
10 8 3 97
10 8 5 92
10 8 7 84
10 8 8 102
10 8 9 89
11 1 1 79
11 1 2 88
11 1 6 94
11 1 7 92
11 1 9 85
11 8 3 78
11 8 5 87
11 8 7 93
11 8 8 91
11 8 9 84
12 4 1 76
12 4 3 67
12 4 4 78
12 4 7 72
12 4 8 72
12 7 1 75
12 7 2 84
12 7 4 90
12 7 5 88
12 7 9 81
12 8 3 97
12 8 5 87
12 8 7 94
12 8 8 92
12 8 9 83
13 2 2 42
13 2 3 47
13 2 4 39
13 2 6 47
13 2 8 44
13 7 1 47
13 7 2 52
13 7 4 44
13 7 5 52
13 7 9 49
13 9 1 36
13 9 2 36
13 9 4 42
13 9 5 40
13 9 7 42
14 0 1 18
14 0 4 21
14 0 6 21
14 0 8 19
14 0 9 18
14 6 0 21
14 6 5 24
14 6 6 24
14 6 7 22
14 6 9 21
14 9 1 21
14 9 2 24
14 9 4 24
14 9 5 22
14 9 7 21
15 1 1 53
15 1 2 56
15 1 6 56
15 1 7 54
15 1 9 53
15 2 2 56
15 2 3 59
15 2 4 59
15 2 6 57
15 2 8 56
15 5 2 56
15 5 4 59
15 5 7 59
15 5 8 57
15 5 9 56
16 2 2 17
16 2 3 15
16 2 4 17
16 2 6 16
16 2 8 16
16 4 1 15
16 4 3 13
16 4 4 15
16 4 7 14
16 4 8 14
17 5 2 101
17 5 4 96
17 5 7 88
17 5 8 106
17 5 9 93
17 9 1 96
17 9 2 91
17 9 4 83
17 9 5 101
17 9 7 88
18 3 0 19
18 3 3 22
18 3 5 22
18 3 6 20
18 3 7 19
18 5 2 22
18 5 4 25
18 5 7 25
18 5 8 23
18 5 9 22
18 8 3 22
18 8 5 25
18 8 7 25
18 8 8 23
18 8 9 22
19 7 1 19
19 7 2 22
19 7 4 22
19 7 5 20
19 7 9 19
19 9 1 22
19 9 2 25
19 9 4 25
19 9 5 23
19 9 7 22
20 1 1 38
20 1 2 34
20 1 6 39
20 1 7 36
20 1 9 36
20 4 1 34
20 4 3 30
20 4 4 35
20 4 7 32
20 4 8 32
20 7 1 39
20 7 2 35
20 7 4 40
20 7 5 37
20 7 9 37
21 2 2 45
21 2 3 50
21 2 4 42
21 2 6 50
21 2 8 47
21 3 0 51
21 3 3 54
21 3 5 54
21 3 6 52
21 3 7 51
21 5 2 42
21 5 4 47
21 5 7 39
21 5 8 47
21 5 9 44
22 2 2 14
22 2 3 12
22 2 4 14
22 2 6 13
22 2 8 13
22 4 1 12
22 4 3 10
22 4 4 12
22 4 7 11
22 4 8 11
22 6 0 14
22 6 5 12
22 6 6 14
22 6 7 13
22 6 9 13
23 6 0 19
23 6 5 22
23 6 6 22
23 6 7 20
23 6 9 19
23 9 1 22
23 9 2 25
23 9 4 25
23 9 5 23
23 9 7 22
24 0 1 19
24 0 4 22
24 0 6 22
24 0 8 20
24 0 9 19
24 2 2 22
24 2 3 25
24 2 4 25
24 2 6 23
24 2 8 22
24 6 0 22
24 6 5 25
24 6 6 25
24 6 7 23
24 6 9 22
25 5 2 57
25 5 4 60
25 5 7 60
25 5 8 58
25 5 9 57
25 6 0 63
25 6 5 74
25 6 6 62
25 6 7 62
25 6 9 63
25 9 1 56
25 9 2 59
25 9 4 59
25 9 5 57
25 9 7 56
26 5 2 51
26 5 4 54
26 5 7 54
26 5 8 52
26 5 9 51
26 7 1 54
26 7 2 57
26 7 4 57
26 7 5 55
26 7 9 54
27 5 2 103
27 5 4 98
27 5 7 90
27 5 8 108
27 5 9 95
27 7 1 98
27 7 2 93
27 7 4 85
27 7 5 103
27 7 9 90
27 9 1 77
27 9 2 86
27 9 4 92
27 9 5 90
27 9 7 83
28 1 1 103
28 1 2 98
28 1 6 90
28 1 7 108
28 1 9 95
28 9 1 98
28 9 2 93
28 9 4 85
28 9 5 103
28 9 7 90
29 3 0 102
29 3 3 97
29 3 5 89
29 3 6 107
29 3 7 94
29 5 2 97
29 5 4 92
29 5 7 84
29 5 8 102
29 5 9 89
30 7 1 58
30 7 2 61
30 7 4 61
30 7 5 59
30 7 9 58
30 9 1 56
30 9 2 67
30 9 4 55
30 9 5 55
30 9 7 56
31 7 1 59
31 7 2 62
31 7 4 62
31 7 5 60
31 7 9 59
31 8 3 57
31 8 5 68
31 8 7 56
31 8 8 56
31 8 9 57
32 2 2 55
32 2 3 58
32 2 4 58
32 2 6 56
32 2 8 55
32 3 0 57
32 3 3 68
32 3 5 56
32 3 6 56
32 3 7 57
32 5 2 61
32 5 4 72
32 5 7 60
32 5 8 60
32 5 9 61
33 1 1 75
33 1 2 66
33 1 6 77
33 1 7 71
33 1 9 71
33 2 2 74
33 2 3 83
33 2 4 89
33 2 6 87
33 2 8 80
33 8 3 80
33 8 5 89
33 8 7 95
33 8 8 93
33 8 9 86
34 2 2 15
34 2 3 13
34 2 4 15
34 2 6 14
34 2 8 14
34 9 1 13
34 9 2 11
34 9 4 13
34 9 5 12
34 9 7 12
35 2 2 101
35 2 3 96
35 2 4 88
35 2 6 106
35 2 8 93
35 5 2 96
35 5 4 91
35 5 7 83
35 5 8 101
35 5 9 88
35 7 1 75
35 7 2 84
35 7 4 90
35 7 5 88
35 7 9 81
36 1 1 37
36 1 2 33
36 1 6 38
36 1 7 35
36 1 9 35
36 4 1 33
36 4 3 29
36 4 4 34
36 4 7 31
36 4 8 31
36 8 3 38
36 8 5 34
36 8 7 39
36 8 8 36
36 8 9 36
37 1 1 19
37 1 2 22
37 1 6 22
37 1 7 20
37 1 9 19
37 8 3 19
37 8 5 22
37 8 7 22
37 8 8 20
37 8 9 19
38 6 0 15
38 6 5 13
38 6 6 15
38 6 7 14
38 6 9 14
38 7 1 13
38 7 2 11
38 7 4 13
38 7 5 12
38 7 9 12
39 2 2 55
39 2 3 58
39 2 4 58
39 2 6 56
39 2 8 55
39 4 1 58
39 4 3 61
39 4 4 61
39 4 7 59
39 4 8 58
40 4 1 73
40 4 3 64
40 4 4 75
40 4 7 69
40 4 8 69
40 5 2 58
40 5 4 69
40 5 7 57
40 5 8 57
40 5 9 58
41 0 1 101
41 0 4 96
41 0 6 88
41 0 8 106
41 0 9 93
41 7 1 96
41 7 2 91
41 7 4 83
41 7 5 101
41 7 9 88
41 9 1 75
41 9 2 84
41 9 4 90
41 9 5 88
41 9 7 81
42 1 1 21
42 1 2 24
42 1 6 24
42 1 7 22
42 1 9 21
42 2 2 24
42 2 3 27
42 2 4 27
42 2 6 25
42 2 8 24
42 6 0 24
42 6 5 27
42 6 6 27
42 6 7 25
42 6 9 24
43 1 1 19
43 1 2 22
43 1 6 22
43 1 7 20
43 1 9 19
43 2 2 19
43 2 3 22
43 2 4 22
43 2 6 20
43 2 8 19
43 3 0 19
43 3 3 17
43 3 5 19
43 3 6 18
43 3 7 18
44 8 3 22
44 8 5 22
44 8 7 19
44 8 8 22
44 8 9 19
44 9 1 20
44 9 2 23
44 9 4 23
44 9 5 21
44 9 7 20
45 0 1 40
45 0 4 45
45 0 6 37
45 0 8 45
45 0 9 42
45 1 1 45
45 1 2 50
45 1 6 42
45 1 7 50
45 1 9 47
45 5 2 38
45 5 4 34
45 5 7 39
45 5 8 36
45 5 9 36
46 0 1 44
46 0 4 49
46 0 6 41
46 0 8 49
46 0 9 46
46 1 1 53
46 1 2 50
46 1 6 49
46 1 7 45
46 1 9 45
47 4 1 79
47 4 3 70
47 4 4 81
47 4 7 75
47 4 8 75
47 6 0 64
47 6 5 75
47 6 6 63
47 6 7 63
47 6 9 64
48 7 1 44
48 7 2 49
48 7 4 41
48 7 5 49
48 7 9 46
48 8 3 53
48 8 5 50
48 8 7 49
48 8 8 45
48 8 9 45
49 3 0 19
49 3 3 22
49 3 5 22
49 3 6 20
49 3 7 19
49 5 2 19
49 5 4 22
49 5 7 22
49 5 8 20
49 5 9 19
50 4 1 102
50 4 3 97
50 4 4 89
50 4 7 107
50 4 8 94
50 8 3 97
50 8 5 92
50 8 7 84
50 8 8 102
50 8 9 89
51 1 1 34
51 1 2 30
51 1 6 35
51 1 7 32
51 1 9 32
51 7 1 29
51 7 2 33
51 7 4 28
51 7 5 28
51 7 9 29
51 9 1 35
51 9 2 31
51 9 4 36
51 9 5 33
51 9 7 33
52 0 1 58
52 0 4 61
52 0 6 61
52 0 8 59
52 0 9 58
52 4 1 64
52 4 3 75
52 4 4 63
52 4 7 63
52 4 8 64
53 3 0 26
53 3 3 29
53 3 5 29
53 3 6 27
53 3 7 26
53 4 1 33
53 4 3 29
53 4 4 34
53 4 7 31
53 4 8 31
53 7 1 25
53 7 2 28
53 7 4 28
53 7 5 26
53 7 9 25
54 3 0 26
54 3 3 29
54 3 5 29
54 3 6 27
54 3 7 26
54 6 0 33
54 6 5 29
54 6 6 34
54 6 7 31
54 6 9 31
54 7 1 25
54 7 2 28
54 7 4 28
54 7 5 26
54 7 9 25
55 2 2 79
55 2 3 70
55 2 4 81
55 2 6 75
55 2 8 75
55 4 1 64
55 4 3 75
55 4 4 63
55 4 7 63
55 4 8 64
56 3 0 80
56 3 3 71
56 3 5 82
56 3 6 76
56 3 7 76
56 5 2 79
56 5 4 88
56 5 7 94
56 5 8 92
56 5 9 85
56 9 1 98
56 9 2 93
56 9 4 85
56 9 5 103
56 9 7 90
57 1 1 16
57 1 2 14
57 1 6 16
57 1 7 15
57 1 9 15
57 2 2 14
57 2 3 12
57 2 4 14
57 2 6 13
57 2 8 13
57 7 1 16
57 7 2 14
57 7 4 16
57 7 5 15
57 7 9 15
58 0 1 35
58 0 4 31
58 0 6 36
58 0 8 33
58 0 9 33
58 6 0 31
58 6 5 27
58 6 6 32
58 6 7 29
58 6 9 29
58 9 1 36
58 9 2 32
58 9 4 37
58 9 5 34
58 9 7 34
59 0 1 99
59 0 4 94
59 0 6 86
59 0 8 104
59 0 9 91
59 1 1 97
59 1 2 87
59 1 6 94
59 1 7 92
59 1 9 83
59 9 1 73
59 9 2 82
59 9 4 88
59 9 5 86
59 9 7 79
60 5 2 47
60 5 4 52
60 5 7 44
60 5 8 52
60 5 9 49
60 9 1 53
60 9 2 56
60 9 4 56
60 9 5 54
60 9 7 53
61 2 2 36
61 2 3 36
61 2 4 42
61 2 6 40
61 2 8 42
61 7 1 44
61 7 2 49
61 7 4 41
61 7 5 49
61 7 9 46
62 1 1 80
62 1 2 71
62 1 6 82
62 1 7 76
62 1 9 76
62 2 2 79
62 2 3 88
62 2 4 94
62 2 6 92
62 2 8 85
62 7 1 98
62 7 2 93
62 7 4 85
62 7 5 103
62 7 9 90
63 0 1 56
63 0 4 67
63 0 6 55
63 0 8 55
63 0 9 56
63 6 0 73
63 6 5 64
63 6 6 75
63 6 7 69
63 6 9 69
63 9 1 55
63 9 2 62
63 9 4 66
63 9 5 59
63 9 7 64
64 3 0 73
64 3 3 64
64 3 5 75
64 3 6 69
64 3 7 69
64 5 2 58
64 5 4 69
64 5 7 57
64 5 8 57
64 5 9 58
65 6 0 77
65 6 5 68
65 6 6 79
65 6 7 73
65 6 9 73
65 8 3 62
65 8 5 73
65 8 7 61
65 8 8 61
65 8 9 62
66 1 1 15
66 1 2 13
66 1 6 15
66 1 7 14
66 1 9 14
66 4 1 13
66 4 3 11
66 4 4 13
66 4 7 12
66 4 8 12
66 9 1 15
66 9 2 13
66 9 4 15
66 9 5 14
66 9 7 14
67 1 1 9
67 1 2 8
67 1 6 9
67 1 7 8
67 1 9 8
67 6 0 9
67 6 5 8
67 6 6 9
67 6 7 8
67 6 9 8
67 9 1 9
67 9 2 8
67 9 4 9
67 9 5 8
67 9 7 8
68 4 1 33
68 4 3 29
68 4 4 34
68 4 7 31
68 4 8 31
68 5 2 26
68 5 4 29
68 5 7 29
68 5 8 27
68 5 9 26
68 8 3 34
68 8 5 30
68 8 7 35
68 8 8 32
68 8 9 32
69 4 1 76
69 4 3 67
69 4 4 78
69 4 7 72
69 4 8 72
69 5 2 61
69 5 4 72
69 5 7 60
69 5 8 60
69 5 9 61
69 9 1 78
69 9 2 69
69 9 4 80
69 9 5 74
69 9 7 74
70 7 1 21
70 7 2 24
70 7 4 24
70 7 5 22
70 7 9 21
70 8 3 24
70 8 5 27
70 8 7 27
70 8 8 25
70 8 9 24
71 3 0 37
71 3 3 33
71 3 5 38
71 3 6 35
71 3 7 35
71 4 1 33
71 4 3 29
71 4 4 34
71 4 7 31
71 4 8 31
71 9 1 38
71 9 2 34
71 9 4 39
71 9 5 36
71 9 7 36
72 0 1 35
72 0 4 31
72 0 6 36
72 0 8 33
72 0 9 33
72 4 1 31
72 4 3 27
72 4 4 32
72 4 7 29
72 4 8 29
72 9 1 36
72 9 2 32
72 9 4 37
72 9 5 34
72 9 7 34
73 0 1 77
73 0 4 68
73 0 6 79
73 0 8 73
73 0 9 73
73 6 0 62
73 6 5 73
73 6 6 61
73 6 7 61
73 6 9 62
74 3 0 99
74 3 3 94
74 3 5 86
74 3 6 104
74 3 7 91
74 9 1 97
74 9 2 87
74 9 4 94
74 9 5 92
74 9 7 83
75 0 1 51
75 0 4 54
75 0 6 54
75 0 8 52
75 0 9 51
75 7 1 54
75 7 2 57
75 7 4 57
75 7 5 55
75 7 9 54
76 3 0 34
76 3 3 30
76 3 5 35
76 3 6 32
76 3 7 32
76 4 1 29
76 4 3 33
76 4 4 28
76 4 7 28
76 4 8 29
76 5 2 35
76 5 4 31
76 5 7 36
76 5 8 33
76 5 9 33
77 4 1 77
77 4 3 68
77 4 4 79
77 4 7 73
77 4 8 73
77 5 2 76
77 5 4 85
77 5 7 91
77 5 8 89
77 5 9 82
77 8 3 95
77 8 5 90
77 8 7 82
77 8 8 100
77 8 9 87
78 2 2 45
78 2 3 50
78 2 4 42
78 2 6 50
78 2 8 47
78 3 0 51
78 3 3 54
78 3 5 54
78 3 6 52
78 3 7 51
79 2 2 51
79 2 3 54
79 2 4 54
79 2 6 52
79 2 8 51
79 3 0 54
79 3 3 57
79 3 5 57
79 3 6 55
79 3 7 54
79 4 1 54
79 4 3 57
79 4 4 57
79 4 7 55
79 4 8 54
80 4 1 32
80 4 3 28
80 4 4 33
80 4 7 30
80 4 8 30
80 7 1 25
80 7 2 28
80 7 4 28
80 7 5 26
80 7 9 25
81 1 1 36
81 1 2 36
81 1 6 42
81 1 7 40
81 1 9 42
81 2 2 44
81 2 3 49
81 2 4 41
81 2 6 49
81 2 8 46
82 0 1 38
82 0 4 34
82 0 6 39
82 0 8 36
82 0 9 36
82 6 0 34
82 6 5 30
82 6 6 35
82 6 7 32
82 6 9 32
82 7 1 39
82 7 2 35
82 7 4 40
82 7 5 37
82 7 9 37
83 6 0 17
83 6 5 15
83 6 6 17
83 6 7 16
83 6 9 16
83 9 1 15
83 9 2 13
83 9 4 15
83 9 5 14
83 9 7 14
84 0 1 52
84 0 4 55
84 0 6 55
84 0 8 53
84 0 9 52
84 2 2 55
84 2 3 58
84 2 4 58
84 2 6 56
84 2 8 55
84 6 0 55
84 6 5 58
84 6 6 58
84 6 7 56
84 6 9 55
85 0 1 36
85 0 4 36
85 0 6 42
85 0 8 40
85 0 9 42
85 2 2 44
85 2 3 49
85 2 4 41
85 2 6 49
85 2 8 46
85 9 1 37
85 9 2 33
85 9 4 38
85 9 5 35
85 9 7 35
86 0 1 99
86 0 4 94
86 0 6 86
86 0 8 104
86 0 9 91
86 7 1 97
86 7 2 87
86 7 4 94
86 7 5 92
86 7 9 83
87 4 1 52
87 4 3 55
87 4 4 55
87 4 7 53
87 4 8 52
87 5 2 55
87 5 4 58
87 5 7 58
87 5 8 56
87 5 9 55
87 8 3 55
87 8 5 58
87 8 7 58
87 8 8 56
87 8 9 55
88 1 1 19
88 1 2 17
88 1 6 19
88 1 7 18
88 1 9 18
88 2 2 19
88 2 3 22
88 2 4 22
88 2 6 20
88 2 8 19
88 9 1 19
88 9 2 22
88 9 4 22
88 9 5 20
88 9 7 19
89 8 3 22
89 8 5 22
89 8 7 19
89 8 8 22
89 8 9 19
89 9 1 20
89 9 2 23
89 9 4 23
89 9 5 21
89 9 7 20
90 0 1 100
90 0 4 95
90 0 6 87
90 0 8 105
90 0 9 92
90 3 0 95
90 3 3 90
90 3 5 82
90 3 6 100
90 3 7 87
90 6 0 74
90 6 5 83
90 6 6 89
90 6 7 87
90 6 9 80
91 0 1 42
91 0 4 47
91 0 6 39
91 0 8 47
91 0 9 44
91 1 1 47
91 1 2 52
91 1 6 44
91 1 7 52
91 1 9 49
91 2 2 36
91 2 3 36
91 2 4 42
91 2 6 40
91 2 8 42
92 0 1 102
92 0 4 97
92 0 6 89
92 0 8 107
92 0 9 94
92 3 0 97
92 3 3 92
92 3 5 84
92 3 6 102
92 3 7 89
93 2 2 101
93 2 3 96
93 2 4 88
93 2 6 106
93 2 8 93
93 4 1 96
93 4 3 91
93 4 4 83
93 4 7 101
93 4 8 88
94 1 1 46
94 1 2 51
94 1 6 43
94 1 7 51
94 1 9 48
94 2 2 52
94 2 3 55
94 2 4 55
94 2 6 53
94 2 8 52
95 1 1 14
95 1 2 12
95 1 6 14
95 1 7 13
95 1 9 13
95 3 0 12
95 3 3 10
95 3 5 12
95 3 6 11
95 3 7 11
96 0 1 38
96 0 4 34
96 0 6 39
96 0 8 36
96 0 9 36
96 2 2 34
96 2 3 30
96 2 4 35
96 2 6 32
96 2 8 32
97 0 1 55
97 0 4 58
97 0 6 58
97 0 8 56
97 0 9 55
97 3 0 58
97 3 3 61
97 3 5 61
97 3 6 59
97 3 7 58
98 4 1 76
98 4 3 67
98 4 4 78
98 4 7 72
98 4 8 72
98 5 2 75
98 5 4 84
98 5 7 90
98 5 8 88
98 5 9 81
98 8 3 97
98 8 5 87
98 8 7 94
98 8 8 92
98 8 9 83
99 3 0 98
99 3 3 95
99 3 5 105
99 3 6 101
99 3 7 90
99 4 1 100
99 4 3 95
99 4 4 87
99 4 7 105
99 4 8 92
99 9 1 79
99 9 2 88
99 9 4 94
99 9 5 92
99 9 7 85
100 5 2 32
100 5 4 28
100 5 7 33
100 5 8 30
100 5 9 30
100 7 1 25
100 7 2 28
100 7 4 28
100 7 5 26
100 7 9 25
100 9 1 33
100 9 2 29
100 9 4 34
100 9 5 31
100 9 7 31
101 5 2 59
101 5 4 62
101 5 7 62
101 5 8 60
101 5 9 59
101 7 1 72
101 7 2 72
101 7 4 69
101 7 5 67
101 7 9 69
101 9 1 58
101 9 2 61
101 9 4 61
101 9 5 59
101 9 7 58
102 3 0 40
102 3 3 45
102 3 5 37
102 3 6 45
102 3 7 42
102 9 1 45
102 9 2 50
102 9 4 42
102 9 5 50
102 9 7 47
103 1 1 19
103 1 2 22
103 1 6 22
103 1 7 20
103 1 9 19
103 2 2 22
103 2 3 25
103 2 4 25
103 2 6 23
103 2 8 22
104 3 0 99
104 3 3 96
104 3 5 106
104 3 6 102
104 3 7 91
104 8 3 101
104 8 5 96
104 8 7 88
104 8 8 106
104 8 9 93
104 9 1 80
104 9 2 89
104 9 4 95
104 9 5 93
104 9 7 86
105 2 2 51
105 2 3 54
105 2 4 54
105 2 6 52
105 2 8 51
105 6 0 54
105 6 5 57
105 6 6 57
105 6 7 55
105 6 9 54
105 7 1 54
105 7 2 57
105 7 4 57
105 7 5 55
105 7 9 54
106 2 2 58
106 2 3 61
106 2 4 61
106 2 6 59
106 2 8 58
106 5 2 56
106 5 4 67
106 5 7 55
106 5 8 55
106 5 9 56
106 7 1 56
106 7 2 67
106 7 4 55
106 7 5 55
106 7 9 56
107 0 1 79
107 0 4 70
107 0 6 81
107 0 8 75
107 0 9 75
107 3 0 78
107 3 3 87
107 3 5 93
107 3 6 91
107 3 7 84
107 9 1 97
107 9 2 92
107 9 4 84
107 9 5 102
107 9 7 89
108 1 1 13
108 1 2 11
108 1 6 13
108 1 7 12
108 1 9 12
108 2 2 11
108 2 3 9
108 2 4 11
108 2 6 10
108 2 8 10
109 2 2 58
109 2 3 61
109 2 4 61
109 2 6 59
109 2 8 58
109 5 2 64
109 5 4 75
109 5 7 63
109 5 8 63
109 5 9 64
110 3 0 53
110 3 3 56
110 3 5 56
110 3 6 54
110 3 7 53
110 7 1 56
110 7 2 59
110 7 4 59
110 7 5 57
110 7 9 56
111 2 2 18
111 2 3 16
111 2 4 18
111 2 6 17
111 2 8 17
111 5 2 16
111 5 4 14
111 5 7 16
111 5 8 15
111 5 9 15
111 6 0 18
111 6 5 16
111 6 6 18
111 6 7 17
111 6 9 17
112 0 1 78
112 0 4 69
112 0 6 80
112 0 8 74
112 0 9 74
112 8 3 77
112 8 5 86
112 8 7 92
112 8 8 90
112 8 9 83
113 5 2 103
113 5 4 98
113 5 7 90
113 5 8 108
113 5 9 95
113 9 1 100
113 9 2 95
113 9 4 87
113 9 5 105
113 9 7 92
114 5 2 22
114 5 4 25
114 5 7 25
114 5 8 23
114 5 9 22
114 6 0 25
114 6 5 28
114 6 6 28
114 6 7 26
114 6 9 25
115 0 1 32
115 0 4 28
115 0 6 33
115 0 8 30
115 0 9 30
115 8 3 25
115 8 5 28
115 8 7 28
115 8 8 26
115 8 9 25
116 4 1 77
116 4 3 68
116 4 4 79
116 4 7 73
116 4 8 73
116 6 0 62
116 6 5 73
116 6 6 61
116 6 7 61
116 6 9 62
116 8 3 79
116 8 5 70
116 8 7 81
116 8 8 75
116 8 9 75
117 0 1 58
117 0 4 61
117 0 6 61
117 0 8 59
117 0 9 58
117 1 1 64
117 1 2 75
117 1 6 63
117 1 7 63
117 1 9 64
117 8 3 57
117 8 5 60
117 8 7 60
117 8 8 58
117 8 9 57
118 6 0 55
118 6 5 58
118 6 6 58
118 6 7 56
118 6 9 55
118 7 1 57
118 7 2 68
118 7 4 56
118 7 5 56
118 7 9 57
119 0 1 35
119 0 4 31
119 0 6 36
119 0 8 33
119 0 9 33
119 2 2 31
119 2 3 27
119 2 4 32
119 2 6 29
119 2 8 29
119 9 1 36
119 9 2 32
119 9 4 37
119 9 5 34
119 9 7 34
120 2 2 22
120 2 3 25
120 2 4 25
120 2 6 23
120 2 8 22
120 6 0 25
120 6 5 28
120 6 6 28
120 6 7 26
120 6 9 25
120 8 3 25
120 8 5 28
120 8 7 28
120 8 8 26
120 8 9 25
121 0 1 75
121 0 4 66
121 0 6 77
121 0 8 71
121 0 9 71
121 6 0 60
121 6 5 71
121 6 6 59
121 6 7 59
121 6 9 60
122 6 0 58
122 6 5 69
122 6 6 57
122 6 7 57
122 6 9 58
122 9 1 75
122 9 2 66
122 9 4 77
122 9 5 71
122 9 7 71
123 0 1 77
123 0 4 68
123 0 6 79
123 0 8 73
123 0 9 73
123 3 0 62
123 3 3 73
123 3 5 61
123 3 6 61
123 3 7 62
123 9 1 79
123 9 2 70
123 9 4 81
123 9 5 75
123 9 7 75
124 0 1 73
124 0 4 64
124 0 6 75
124 0 8 69
124 0 9 69
124 1 1 72
124 1 2 81
124 1 6 87
124 1 7 85
124 1 9 78
124 2 2 78
124 2 3 87
124 2 4 93
124 2 6 91
124 2 8 84
125 1 1 59
125 1 2 62
125 1 6 62
125 1 7 60
125 1 9 59
125 2 2 72
125 2 3 72
125 2 4 69
125 2 6 67
125 2 8 69
125 6 0 58
125 6 5 61
125 6 6 61
125 6 7 59
125 6 9 58
126 8 3 22
126 8 5 25
126 8 7 25
126 8 8 23
126 8 9 22
126 9 1 25
126 9 2 28
126 9 4 28
126 9 5 26
126 9 7 25
127 0 1 42
127 0 4 47
127 0 6 39
127 0 8 47
127 0 9 44
127 2 2 47
127 2 3 52
127 2 4 44
127 2 6 52
127 2 8 49
128 5 2 18
128 5 4 21
128 5 7 21
128 5 8 19
128 5 9 18
128 6 0 21
128 6 5 24
128 6 6 24
128 6 7 22
128 6 9 21
128 7 1 21
128 7 2 24
128 7 4 24
128 7 5 22
128 7 9 21
129 4 1 88
129 4 3 87
129 4 4 84
129 4 7 88
129 4 8 72
129 5 2 80
129 5 4 89
129 5 7 95
129 5 8 93
129 5 9 86
130 1 1 80
130 1 2 71
130 1 6 82
130 1 7 76
130 1 9 76
130 3 0 72
130 3 3 72
130 3 5 69
130 3 6 67
130 3 7 69
131 1 1 99
131 1 2 96
131 1 6 105
131 1 7 91
131 1 9 99
131 4 1 99
131 4 3 94
131 4 4 86
131 4 7 104
131 4 8 91
132 1 1 59
132 1 2 62
132 1 6 62
132 1 7 60
132 1 9 59
132 8 3 57
132 8 5 68
132 8 7 56
132 8 8 56
132 8 9 57
132 9 1 57
132 9 2 68
132 9 4 56
132 9 5 56
132 9 7 57
133 4 1 55
133 4 3 62
133 4 4 66
133 4 7 59
133 4 8 64
133 7 1 72
133 7 2 63
133 7 4 74
133 7 5 68
133 7 9 68
133 8 3 59
133 8 5 62
133 8 7 62
133 8 8 60
133 8 9 59
134 1 1 37
134 1 2 33
134 1 6 38
134 1 7 35
134 1 9 35
134 3 0 33
134 3 3 29
134 3 5 34
134 3 6 31
134 3 7 31
134 6 0 38
134 6 5 34
134 6 6 39
134 6 7 36
134 6 9 36
135 1 1 23
135 1 2 26
135 1 6 26
135 1 7 24
135 1 9 23
135 6 0 26
135 6 5 29
135 6 6 29
135 6 7 27
135 6 9 26
136 0 1 18
136 0 4 16
136 0 6 18
136 0 8 17
136 0 9 17
136 2 2 16
136 2 3 14
136 2 4 16
136 2 6 15
136 2 8 15
136 4 1 18
136 4 3 16
136 4 4 18
136 4 7 17
136 4 8 17
137 0 1 53
137 0 4 56
137 0 6 56
137 0 8 54
137 0 9 53
137 4 1 56
137 4 3 59
137 4 4 59
137 4 7 57
137 4 8 56
137 7 1 56
137 7 2 59
137 7 4 59
137 7 5 57
137 7 9 56
138 5 2 59
138 5 4 70
138 5 7 58
138 5 8 58
138 5 9 59
138 8 3 76
138 8 5 67
138 8 7 78
138 8 8 72
138 8 9 72
139 0 1 22
139 0 4 25
139 0 6 25
139 0 8 23
139 0 9 22
139 6 0 25
139 6 5 28
139 6 6 28
139 6 7 26
139 6 9 25
139 7 1 25
139 7 2 28
139 7 4 28
139 7 5 26
139 7 9 25
140 3 0 59
140 3 3 62
140 3 5 62
140 3 6 60
140 3 7 59
140 5 2 57
140 5 4 68
140 5 7 56
140 5 8 56
140 5 9 57
141 3 0 78
141 3 3 69
141 3 5 80
141 3 6 74
141 3 7 74
141 4 1 77
141 4 3 86
141 4 4 92
141 4 7 90
141 4 8 83
141 8 3 96
141 8 5 91
141 8 7 83
141 8 8 101
141 8 9 88
142 1 1 74
142 1 2 65
142 1 6 76
142 1 7 70
142 1 9 70
142 3 0 73
142 3 3 82
142 3 5 88
142 3 6 86
142 3 7 79
142 6 0 79
142 6 5 88
142 6 6 94
142 6 7 92
142 6 9 85
143 1 1 36
143 1 2 36
143 1 6 42
143 1 7 40
143 1 9 42
143 3 0 44
143 3 3 49
143 3 5 41
143 3 6 49
143 3 7 46
144 7 1 78
144 7 2 69
144 7 4 80
144 7 5 74
144 7 9 74
144 9 1 77
144 9 2 86
144 9 4 92
144 9 5 90
144 9 7 83
145 1 1 101
145 1 2 96
145 1 6 88
145 1 7 106
145 1 9 93
145 3 0 78
145 3 3 87
145 3 5 93
145 3 6 91
145 3 7 84
145 6 0 98
145 6 5 93
145 6 6 85
145 6 7 103
145 6 9 90
146 0 1 43
146 0 4 48
146 0 6 40
146 0 8 48
146 0 9 45
146 2 2 48
146 2 3 53
146 2 4 45
146 2 6 53
146 2 8 50
146 3 0 40
146 3 3 45
146 3 5 37
146 3 6 45
146 3 7 42
147 2 2 35
147 2 3 31
147 2 4 36
147 2 6 33
147 2 8 33
147 6 0 31
147 6 5 27
147 6 6 32
147 6 7 29
147 6 9 29
148 1 1 36
148 1 2 32
148 1 6 37
148 1 7 34
148 1 9 34
148 3 0 32
148 3 3 28
148 3 5 33
148 3 6 30
148 3 7 30
148 6 0 37
148 6 5 33
148 6 6 38
148 6 7 35
148 6 9 35
149 5 2 80
149 5 4 71
149 5 7 82
149 5 8 76
149 5 9 76
149 6 0 72
149 6 5 72
149 6 6 69
149 6 7 67
149 6 9 69
149 8 3 72
149 8 5 81
149 8 7 87
149 8 8 85
149 8 9 78
150 0 1 55
150 0 4 62
150 0 6 66
150 0 8 59
150 0 9 64
150 4 1 72
150 4 3 63
150 4 4 74
150 4 7 68
150 4 8 68
150 7 1 59
150 7 2 62
150 7 4 62
150 7 5 60
150 7 9 59
151 2 2 73
151 2 3 64
151 2 4 75
151 2 6 69
151 2 8 69
151 3 0 58
151 3 3 69
151 3 5 57
151 3 6 57
151 3 7 58
152 0 1 32
152 0 4 28
152 0 6 33
152 0 8 30
152 0 9 30
152 3 0 25
152 3 3 28
152 3 5 28
152 3 6 26
152 3 7 25
152 7 1 33
152 7 2 29
152 7 4 34
152 7 5 31
152 7 9 31
153 4 1 14
153 4 3 12
153 4 4 14
153 4 7 13
153 4 8 13
153 5 2 12
153 5 4 10
153 5 7 12
153 5 8 11
153 5 9 11
153 9 1 14
153 9 2 12
153 9 4 14
153 9 5 13
153 9 7 13
154 0 1 75
154 0 4 66
154 0 6 77
154 0 8 71
154 0 9 71
154 1 1 60
154 1 2 71
154 1 6 59
154 1 7 59
154 1 9 60
154 2 2 77
154 2 3 68
154 2 4 79
154 2 6 73
154 2 8 73
155 2 2 33
155 2 3 29
155 2 4 34
155 2 6 31
155 2 8 31
155 6 0 26
155 6 5 29
155 6 6 29
155 6 7 27
155 6 9 26
156 3 0 98
156 3 3 95
156 3 5 105
156 3 6 101
156 3 7 90
156 9 1 100
156 9 2 95
156 9 4 87
156 9 5 105
156 9 7 92
157 2 2 22
157 2 3 22
157 2 4 19
157 2 6 22
157 2 8 19
157 5 2 20
157 5 4 23
157 5 7 23
157 5 8 21
157 5 9 20
158 3 0 35
158 3 3 31
158 3 5 36
158 3 6 33
158 3 7 33
158 7 1 31
158 7 2 27
158 7 4 32
158 7 5 29
158 7 9 29
158 9 1 36
158 9 2 32
158 9 4 37
158 9 5 34
158 9 7 34
159 0 1 13
159 0 4 11
159 0 6 13
159 0 8 12
159 0 9 12
159 9 1 11
159 9 2 9
159 9 4 11
159 9 5 10
159 9 7 10
160 3 0 77
160 3 3 68
160 3 5 79
160 3 6 73
160 3 7 73
160 4 1 76
160 4 3 85
160 4 4 91
160 4 7 89
160 4 8 82
160 6 0 95
160 6 5 90
160 6 6 82
160 6 7 100
160 6 9 87
161 3 0 56
161 3 3 59
161 3 5 59
161 3 6 57
161 3 7 56
161 4 1 62
161 4 3 73
161 4 4 61
161 4 7 61
161 4 8 62
162 3 0 53
162 3 3 56
162 3 5 56
162 3 6 54
162 3 7 53
162 6 0 56
162 6 5 59
162 6 6 59
162 6 7 57
162 6 9 56
163 0 1 16
163 0 4 14
163 0 6 16
163 0 8 15
163 0 9 15
163 6 0 14
163 6 5 12
163 6 6 14
163 6 7 13
163 6 9 13
164 3 0 74
164 3 3 65
164 3 5 76
164 3 6 70
164 3 7 70
164 4 1 73
164 4 3 82
164 4 4 88
164 4 7 86
164 4 8 79
164 5 2 79
164 5 4 88
164 5 7 94
164 5 8 92
164 5 9 85
165 6 0 88
165 6 5 87
165 6 6 84
165 6 7 88
165 6 9 72
165 8 3 80
165 8 5 89
165 8 7 95
165 8 8 93
165 8 9 86
166 1 1 52
166 1 2 55
166 1 6 55
166 1 7 53
166 1 9 52
166 4 1 55
166 4 3 58
166 4 4 58
166 4 7 56
166 4 8 55
166 8 3 55
166 8 5 58
166 8 7 58
166 8 8 56
166 8 9 55
167 0 1 103
167 0 4 98
167 0 6 90
167 0 8 108
167 0 9 95
167 5 2 100
167 5 4 95
167 5 7 87
167 5 8 105
167 5 9 92
167 9 1 102
167 9 2 99
167 9 4 109
167 9 5 105
167 9 7 94
168 3 0 102
168 3 3 97
168 3 5 89
168 3 6 107
168 3 7 94
168 6 0 97
168 6 5 92
168 6 6 84
168 6 7 102
168 6 9 89
168 9 1 76
168 9 2 85
168 9 4 91
168 9 5 89
168 9 7 82
169 3 0 99
169 3 3 94
169 3 5 86
169 3 6 104
169 3 7 91
169 6 0 97
169 6 5 87
169 6 6 94
169 6 7 92
169 6 9 83
170 0 1 80
170 0 4 71
170 0 6 82
170 0 8 76
170 0 9 76
170 9 1 79
170 9 2 88
170 9 4 94
170 9 5 92
170 9 7 85
171 0 1 58
171 0 4 69
171 0 6 57
171 0 8 57
171 0 9 58
171 7 1 75
171 7 2 66
171 7 4 77
171 7 5 71
171 7 9 71
171 8 3 57
171 8 5 68
171 8 7 56
171 8 8 56
171 8 9 57
172 1 1 51
172 1 2 54
172 1 6 54
172 1 7 52
172 1 9 51
172 6 0 54
172 6 5 57
172 6 6 57
172 6 7 55
172 6 9 54
172 9 1 54
172 9 2 57
172 9 4 57
172 9 5 55
172 9 7 54
173 0 1 59
173 0 4 70
173 0 6 58
173 0 8 58
173 0 9 59
173 9 1 76
173 9 2 67
173 9 4 78
173 9 5 72
173 9 7 72
174 2 2 40
174 2 3 45
174 2 4 37
174 2 6 45
174 2 8 42
174 3 0 45
174 3 3 50
174 3 5 42
174 3 6 50
174 3 7 47
174 5 2 38
174 5 4 34
174 5 7 39
174 5 8 36
174 5 9 36
175 5 2 59
175 5 4 70
175 5 7 58
175 5 8 58
175 5 9 59
175 8 3 76
175 8 5 67
175 8 7 78
175 8 8 72
175 8 9 72
175 9 1 58
175 9 2 69
175 9 4 57
175 9 5 57
175 9 7 58
176 6 0 35
176 6 5 31
176 6 6 36
176 6 7 33
176 6 9 33
176 7 1 31
176 7 2 27
176 7 4 32
176 7 5 29
176 7 9 29
176 8 3 36
176 8 5 32
176 8 7 37
176 8 8 34
176 8 9 34
177 0 1 73
177 0 4 64
177 0 6 75
177 0 8 69
177 0 9 69
177 2 2 58
177 2 3 69
177 2 4 57
177 2 6 57
177 2 8 58
177 7 1 75
177 7 2 66
177 7 4 77
177 7 5 71
177 7 9 71
178 0 1 57
178 0 4 60
178 0 6 60
178 0 8 58
178 0 9 57
178 7 1 55
178 7 2 62
178 7 4 66
178 7 5 59
178 7 9 64
178 9 1 55
178 9 2 62
178 9 4 66
178 9 5 59
178 9 7 64
179 0 1 16
179 0 4 14
179 0 6 16
179 0 8 15
179 0 9 15
179 7 1 14
179 7 2 12
179 7 4 14
179 7 5 13
179 7 9 13
180 3 0 53
180 3 3 56
180 3 5 56
180 3 6 54
180 3 7 53
180 4 1 53
180 4 3 50
180 4 4 49
180 4 7 45
180 4 8 45
181 8 3 74
181 8 5 65
181 8 7 76
181 8 8 70
181 8 9 70
181 9 1 73
181 9 2 82
181 9 4 88
181 9 5 86
181 9 7 79
182 3 0 18
182 3 3 16
182 3 5 18
182 3 6 17
182 3 7 17
182 5 2 16
182 5 4 14
182 5 7 16
182 5 8 15
182 5 9 15
182 6 0 18
182 6 5 16
182 6 6 18
182 6 7 17
182 6 9 17
183 0 1 98
183 0 4 95
183 0 6 105
183 0 8 101
183 0 9 90
183 7 1 100
183 7 2 95
183 7 4 87
183 7 5 105
183 7 9 92
184 2 2 101
184 2 3 96
184 2 4 88
184 2 6 106
184 2 8 93
184 4 1 96
184 4 3 91
184 4 4 83
184 4 7 101
184 4 8 88
184 9 1 75
184 9 2 84
184 9 4 90
184 9 5 88
184 9 7 81
185 0 1 12
185 0 4 10
185 0 6 12
185 0 8 11
185 0 9 11
185 3 0 9
185 3 3 9
185 3 5 9
185 3 6 10
185 3 7 9
185 5 2 12
185 5 4 10
185 5 7 12
185 5 8 11
185 5 9 11
186 2 2 73
186 2 3 64
186 2 4 75
186 2 6 69
186 2 8 69
186 7 1 73
186 7 2 64
186 7 4 75
186 7 5 69
186 7 9 69
187 1 1 57
187 1 2 68
187 1 6 56
187 1 7 56
187 1 9 57
187 4 1 74
187 4 3 65
187 4 4 76
187 4 7 70
187 4 8 70
187 8 3 56
187 8 5 67
187 8 7 55
187 8 8 55
187 8 9 56
188 0 1 59
188 0 4 62
188 0 6 62
188 0 8 60
188 0 9 59
188 5 2 72
188 5 4 72
188 5 7 69
188 5 8 67
188 5 9 69
189 2 2 9
189 2 3 8
189 2 4 9
189 2 6 8
189 2 8 8
189 4 1 9
189 4 3 8
189 4 4 9
189 4 7 8
189 4 8 8
190 1 1 56
190 1 2 59
190 1 6 59
190 1 7 57
190 1 9 56
190 3 0 59
190 3 3 62
190 3 5 62
190 3 6 60
190 3 7 59
191 5 2 22
191 5 4 22
191 5 7 19
191 5 8 22
191 5 9 19
191 7 1 20
191 7 2 23
191 7 4 23
191 7 5 21
191 7 9 20
192 4 1 20
192 4 3 23
192 4 4 23
192 4 7 21
192 4 8 20
192 6 0 23
192 6 5 26
192 6 6 26
192 6 7 24
192 6 9 23
193 0 1 33
193 0 4 29
193 0 6 34
193 0 8 31
193 0 9 31
193 5 2 26
193 5 4 29
193 5 7 29
193 5 8 27
193 5 9 26
193 8 3 34
193 8 5 30
193 8 7 35
193 8 8 32
193 8 9 32
194 3 0 55
194 3 3 58
194 3 5 58
194 3 6 56
194 3 7 55
194 5 2 58
194 5 4 61
194 5 7 61
194 5 8 59
194 5 9 58
195 0 1 35
195 0 4 31
195 0 6 36
195 0 8 33
195 0 9 33
195 6 0 31
195 6 5 27
195 6 6 32
195 6 7 29
195 6 9 29
196 5 2 102
196 5 4 97
196 5 7 89
196 5 8 107
196 5 9 94
196 6 0 97
196 6 5 92
196 6 6 84
196 6 7 102
196 6 9 89
197 7 1 35
197 7 2 31
197 7 4 36
197 7 5 33
197 7 9 33
197 8 3 31
197 8 5 27
197 8 7 32
197 8 8 29
197 8 9 29
197 9 1 36
197 9 2 32
197 9 4 37
197 9 5 34
197 9 7 34
198 2 2 80
198 2 3 71
198 2 4 82
198 2 6 76
198 2 8 76
198 4 1 72
198 4 3 72
198 4 4 69
198 4 7 67
198 4 8 69
198 7 1 72
198 7 2 81
198 7 4 87
198 7 5 85
198 7 9 78
199 3 0 43
199 3 3 48
199 3 5 40
199 3 6 48
199 3 7 45
199 4 1 48
199 4 3 53
199 4 4 45
199 4 7 53
199 4 8 50
200 7 1 17
200 7 2 15
200 7 4 17
200 7 5 16
200 7 9 16
200 8 3 15
200 8 5 13
200 8 7 15
200 8 8 14
200 8 9 14
201 6 0 56
201 6 5 59
201 6 6 59
201 6 7 57
201 6 9 56
201 9 1 59
201 9 2 62
201 9 4 62
201 9 5 60
201 9 7 59
202 0 1 53
202 0 4 56
202 0 6 56
202 0 8 54
202 0 9 53
202 7 1 53
202 7 2 50
202 7 4 49
202 7 5 45
202 7 9 45
203 0 1 98
203 0 4 95
203 0 6 105
203 0 8 101
203 0 9 90
203 4 1 100
203 4 3 95
203 4 4 87
203 4 7 105
203 4 8 92
203 5 2 79
203 5 4 88
203 5 7 94
203 5 8 92
203 5 9 85
204 1 1 101
204 1 2 96
204 1 6 88
204 1 7 106
204 1 9 93
204 4 1 96
204 4 3 91
204 4 4 83
204 4 7 101
204 4 8 88
204 8 3 75
204 8 5 84
204 8 7 90
204 8 8 88
204 8 9 81
205 6 0 74
205 6 5 65
205 6 6 76
205 6 7 70
205 6 9 70
205 9 1 73
205 9 2 82
205 9 4 88
205 9 5 86
205 9 7 79
206 1 1 76
206 1 2 67
206 1 6 78
206 1 7 72
206 1 9 72
206 2 2 75
206 2 3 84
206 2 4 90
206 2 6 88
206 2 8 81
206 5 2 97
206 5 4 87
206 5 7 94
206 5 8 92
206 5 9 83
207 4 1 45
207 4 3 50
207 4 4 42
207 4 7 50
207 4 8 47
207 6 0 51
207 6 5 54
207 6 6 54
207 6 7 52
207 6 9 51
207 8 3 42
207 8 5 47
207 8 7 39
207 8 8 47
207 8 9 44
208 1 1 55
208 1 2 62
208 1 6 66
208 1 7 59
208 1 9 64
208 6 0 72
208 6 5 63
208 6 6 74
208 6 7 68
208 6 9 68
209 2 2 12
209 2 3 10
209 2 4 12
209 2 6 11
209 2 8 11
209 5 2 9
209 5 4 9
209 5 7 9
209 5 8 10
209 5 9 9
209 7 1 12
209 7 2 10
209 7 4 12
209 7 5 11
209 7 9 11
210 3 0 100
210 3 3 95
210 3 5 87
210 3 6 105
210 3 7 92
210 4 1 95
210 4 3 90
210 4 4 82
210 4 7 100
210 4 8 87
211 3 0 22
211 3 3 25
211 3 5 25
211 3 6 23
211 3 7 22
211 6 0 25
211 6 5 28
211 6 6 28
211 6 7 26
211 6 9 25
212 1 1 51
212 1 2 54
212 1 6 54
212 1 7 52
212 1 9 51
212 5 2 54
212 5 4 57
212 5 7 57
212 5 8 55
212 5 9 54
213 0 1 23
213 0 4 26
213 0 6 26
213 0 8 24
213 0 9 23
213 3 0 26
213 3 3 29
213 3 5 29
213 3 6 27
213 3 7 26
213 9 1 26
213 9 2 29
213 9 4 29
213 9 5 27
213 9 7 26
