Jobs:
0 1 2 3 4 5 6 7 8 9 10 11 12 13 14
Machines:
0 1 2 3 4
Workers:
0 1 2 3
Operations per job:
0 1 2 3 4 5 6 7
8 9 10 11 12 13 14 15 16
17 18 19 20 21 22 23 24 25 26
27 28 29 30 31 32 33 34 35
36 37 38 39 40 41 42 43 44 45
46 47 48 49 50 51 52 53 54
55 56 57 58 59 60 61 62
63 64 65 66 67 68 69 70
71 72 73 74 75 76 77 78 79
80 81 82 83 84 85 86 87 88
89 90 91 92 93 94 95 96 97 98
99 100 101 102 103 104 105 106 107 108
109 110 111 112 113 114 115 116
117 118 119 120 121 122 123 124 125
126 127 128 129 130 131 132 133 134 135
Predecessors per operation:

0
1
2
3
4
5
6

8
9
10
11
12
13
14
15

17
18
19
20
21
22
23
24
25

27
28
29
30
31
32
33
34

36
37
38
39
40
41
42
43
44

46
47
48
49
50
51
52
53

55
56
57
58
59
60
61

63
64
65
66
67
68
69

71
72
73
74
75
76
77
78

80
81
82
83
84
85
86
87

89
90
91
92
93
94
95
96
97

99
100
101
102
103
104
105
106
107

109
110
111
112
113
114
115

117
118
119
120
121
122
123
124

126
127
128
129
130
131
132
133
134
Successors per operation:
1
2
3
4
5
6
7

9
10
11
12
13
14
15
16

18
19
20
21
22
23
24
25
26

28
29
30
31
32
33
34
35

37
38
39
40
41
42
43
44
45

47
48
49
50
51
52
53
54

56
57
58
59
60
61
62

64
65
66
67
68
69
70

72
73
74
75
76
77
78
79

81
82
83
84
85
86
87
88

90
91
92
93
94
95
96
97
98

100
101
102
103
104
105
106
107
108

110
111
112
113
114
115
116

118
119
120
121
122
123
124
125

127
128
129
130
131
132
133
134
135

Machines per operation:
1 2 3
0 1 4
1 2
0 1 2
0 4
1 3 4
1 2 3
0 1 4
2 4
0 3
3 4
0 1
0 1 2
0 1 2
0 1 4
0 1 4
1 4
1 3 4
0 2 3
1 4
0 1 3
0 2 3
0 3
0 3 4
0 4
1 2 3
2 3 4
2 3
0 1
1 2
0 2 4
0 1 3
0 2 4
0 1 3
0 4
2 3
1 4
2 3
0 1 2
0 2 3
1 4
0 2
3 4
2 3 4
1 2 4
1 2
1 3 4
0 1 2
0 2 3
2 4
0 4
0 1
0 1
0 2 3
3 4
0 2 4
0 1 2
3 4
0 2
0 3
0 1
1 3
1 3 4
0 1
0 3
0 3 4
1 2 4
1 4
1 2
0 2 3
0 1 2
0 1 3
1 2 4
1 3 4
1 3
0 2 4
0 1 2
2 4
0 2
0 1 4
0 1
0 3 4
1 3
2 3 4
0 3
1 3 4
1 3
0 2
0 3
1 2 3
2 3
0 1 3
0 1 3
2 3 4
0 3
3 4
0 3 4
0 2 3
1 2
0 2 3
0 1
1 3
2 4
0 2 4
0 3
0 1 3
2 3
1 3 4
1 3 4
1 4
0 3 4
1 2 3
2 4
0 2 4
1 2 4
2 3
0 3 4
1 3
0 4
2 3
3 4
0 1 2
1 3
2 4
0 2 3
3 4
1 4
1 2 4
2 3
1 2 3
0 1 3
1 2 4
3 4
0 1 3
0 1 2
1 4
Processing times (o m w p):
0 1 1 85
0 1 2 83
0 1 3 78
0 2 0 83
0 2 2 81
0 2 3 76
0 3 1 78
0 3 2 76
0 3 3 71
1 0 1 21
1 0 2 25
1 0 3 23
1 1 1 25
1 1 2 29
1 1 3 27
1 4 0 23
1 4 1 27
1 4 2 25
2 1 1 48
2 1 2 42
2 1 3 46
2 2 0 52
2 2 2 46
2 2 3 50
3 0 1 91
3 0 2 95
3 0 3 99
3 1 1 95
3 1 2 99
3 1 3 103
3 2 0 106
3 2 2 110
3 2 3 108
4 0 1 83
4 0 2 81
4 0 3 79
4 4 0 81
4 4 1 79
4 4 2 77
5 1 1 55
5 1 2 65
5 1 3 61
5 3 1 78
5 3 2 76
5 3 3 71
5 4 0 61
5 4 1 71
5 4 2 67
6 1 1 85
6 1 2 79
6 1 3 84
6 2 0 84
6 2 2 82
6 2 3 77
6 3 1 79
6 3 2 77
6 3 3 72
7 0 1 37
7 0 2 36
7 0 3 33
7 1 1 36
7 1 2 35
7 1 3 32
7 4 0 27
7 4 1 30
7 4 2 33
8 2 0 42
8 2 2 40
8 2 3 38
8 4 0 42
8 4 1 41
8 4 2 38
9 0 1 40
9 0 2 39
9 0 3 36
9 3 1 39
9 3 2 38
9 3 3 35
10 3 1 9
10 3 2 9
10 3 3 8
10 4 0 9
10 4 1 10
10 4 2 11
11 0 1 18
11 0 2 18
11 0 3 16
11 1 1 18
11 1 2 18
11 1 3 16
12 0 1 16
12 0 2 16
12 0 3 14
12 1 1 16
12 1 2 16
12 1 3 14
12 2 0 14
12 2 2 14
12 2 3 12
13 0 1 46
13 0 2 50
13 0 3 54
13 1 1 49
13 1 2 43
13 1 3 47
13 2 0 50
13 2 2 54
13 2 3 52
14 0 1 55
14 0 2 65
14 0 3 61
14 1 1 78
14 1 2 76
14 1 3 71
14 4 0 61
14 4 1 71
14 4 2 67
15 0 1 49
15 0 2 43
15 0 3 47
15 1 1 50
15 1 2 54
15 1 3 52
15 4 0 48
15 4 1 52
15 4 2 56
16 1 1 21
16 1 2 25
16 1 3 23
16 4 0 25
16 4 1 29
16 4 2 27
17 1 1 9
17 1 2 9
17 1 3 8
17 3 1 9
17 3 2 10
17 3 3 11
17 4 0 12
17 4 1 12
17 4 2 10
18 0 1 51
18 0 2 55
18 0 3 59
18 2 0 60
18 2 2 70
18 2 3 66
18 3 1 56
18 3 2 66
18 3 3 62
19 1 1 48
19 1 2 42
19 1 3 46
19 4 0 52
19 4 1 46
19 4 2 50
20 0 1 91
20 0 2 95
20 0 3 99
20 1 1 95
20 1 2 99
20 1 3 103
20 3 1 106
20 3 2 110
20 3 3 108
21 0 1 90
21 0 2 94
21 0 3 98
21 2 0 94
21 2 2 98
21 2 3 102
21 3 1 90
21 3 2 100
21 3 3 110
22 0 1 46
22 0 2 50
22 0 3 54
22 3 1 49
22 3 2 43
22 3 3 47
23 0 1 85
23 0 2 83
23 0 3 78
23 3 1 83
23 3 2 81
23 3 3 76
23 4 0 78
23 4 1 76
23 4 2 71
24 0 1 16
24 0 2 16
24 0 3 14
24 4 0 16
24 4 1 16
24 4 2 14
25 1 1 39
25 1 2 38
25 1 3 35
25 2 0 38
25 2 2 37
25 2 3 34
25 3 1 35
25 3 2 34
25 3 3 31
26 2 0 20
26 2 2 24
26 2 3 22
26 3 1 24
26 3 2 28
26 3 3 26
26 4 0 22
26 4 1 26
26 4 2 24
27 2 0 21
27 2 2 25
27 2 3 23
27 3 1 25
27 3 2 29
27 3 3 27
28 0 1 45
28 0 2 49
28 0 3 53
28 1 1 49
28 1 2 53
28 1 3 57
29 1 1 83
29 1 2 81
29 1 3 79
29 2 0 81
29 2 2 79
29 2 3 77
30 0 1 49
30 0 2 43
30 0 3 47
30 2 0 42
30 2 2 40
30 2 3 38
30 4 0 47
30 4 1 41
30 4 2 45
31 0 1 65
31 0 2 58
31 0 3 56
31 1 1 66
31 1 2 70
31 1 3 74
31 3 1 59
31 3 2 69
31 3 3 65
32 0 1 89
32 0 2 93
32 0 3 97
32 2 0 93
32 2 2 97
32 2 3 101
32 4 0 97
32 4 1 101
32 4 2 105
33 0 1 46
33 0 2 50
33 0 3 54
33 1 1 49
33 1 2 43
33 1 3 47
33 3 1 50
33 3 2 54
33 3 3 52
34 0 1 15
34 0 2 15
34 0 3 13
34 4 0 15
34 4 1 15
34 4 2 13
35 2 0 48
35 2 2 42
35 2 3 46
35 3 1 52
35 3 2 46
35 3 3 50
36 1 1 22
36 1 2 26
36 1 3 24
36 4 0 26
36 4 1 30
36 4 2 28
37 2 0 38
37 2 2 37
37 2 3 34
37 3 1 37
37 3 2 36
37 3 3 33
38 0 1 83
38 0 2 81
38 0 3 76
38 1 1 81
38 1 2 79
38 1 3 74
38 2 0 66
38 2 2 70
38 2 3 74
39 0 1 65
39 0 2 58
39 0 3 56
39 2 0 66
39 2 2 70
39 2 3 74
39 3 1 59
39 3 2 69
39 3 3 65
40 1 1 38
40 1 2 37
40 1 3 34
40 4 0 37
40 4 1 36
40 4 2 33
41 0 1 90
41 0 2 94
41 0 3 98
41 2 0 94
41 2 2 98
41 2 3 102
42 3 1 23
42 3 2 27
42 3 3 25
42 4 0 27
42 4 1 30
42 4 2 33
43 2 0 53
43 2 2 57
43 2 3 61
43 3 1 62
43 3 2 72
43 3 3 68
43 4 0 58
43 4 1 68
43 4 2 64
44 1 1 13
44 1 2 13
44 1 3 11
44 2 0 13
44 2 2 13
44 2 3 11
44 4 0 9
44 4 1 10
44 4 2 11
45 1 1 14
45 1 2 14
45 1 3 12
45 2 0 14
45 2 2 14
45 2 3 12
46 1 1 85
46 1 2 83
46 1 3 78
46 3 1 83
46 3 2 81
46 3 3 76
46 4 0 81
46 4 1 79
46 4 2 74
47 0 1 9
47 0 2 9
47 0 3 8
47 1 1 9
47 1 2 10
47 1 3 11
47 2 0 12
47 2 2 12
47 2 3 10
48 0 1 9
48 0 2 9
48 0 3 8
48 2 0 9
48 2 2 10
48 2 3 11
48 3 1 12
48 3 2 12
48 3 3 10
49 2 0 50
49 2 2 44
49 2 3 48
49 4 0 44
49 4 1 38
49 4 2 42
50 0 1 79
50 0 2 77
50 0 3 75
50 4 0 85
50 4 1 79
50 4 2 84
51 0 1 17
51 0 2 17
51 0 3 15
51 1 1 17
51 1 2 17
51 1 3 15
52 0 1 65
52 0 2 58
52 0 3 56
52 1 1 66
52 1 2 70
52 1 3 74
53 0 1 49
53 0 2 53
53 0 3 57
53 2 0 58
53 2 2 68
53 2 3 64
53 3 1 54
53 3 2 64
53 3 3 60
54 3 1 48
54 3 2 42
54 3 3 46
54 4 0 42
54 4 1 41
54 4 2 38
55 0 1 49
55 0 2 43
55 0 3 47
55 2 0 42
55 2 2 40
55 2 3 38
55 4 0 47
55 4 1 41
55 4 2 45
56 0 1 94
56 0 2 98
56 0 3 102
56 1 1 90
56 1 2 100
56 1 3 110
56 2 0 109
56 2 2 113
56 2 3 111
57 3 1 50
57 3 2 44
57 3 3 48
57 4 0 44
57 4 1 38
57 4 2 42
58 0 1 91
58 0 2 95
58 0 3 99
58 2 0 95
58 2 2 99
58 2 3 103
59 0 1 54
59 0 2 64
59 0 3 60
59 3 1 77
59 3 2 75
59 3 3 70
60 0 1 21
60 0 2 25
60 0 3 23
60 1 1 25
60 1 2 29
60 1 3 27
61 1 1 55
61 1 2 65
61 1 3 61
61 3 1 78
61 3 2 76
61 3 3 71
62 1 1 18
62 1 2 22
62 1 3 20
62 3 1 21
62 3 2 20
62 3 3 19
62 4 0 20
62 4 1 20
62 4 2 18
63 0 1 50
63 0 2 44
63 0 3 48
63 1 1 44
63 1 2 38
63 1 3 42
64 0 1 91
64 0 2 95
64 0 3 99
64 3 1 95
64 3 2 99
64 3 3 103
65 0 1 39
65 0 2 38
65 0 3 35
65 3 1 38
65 3 2 37
65 3 3 34
65 4 0 35
65 4 1 34
65 4 2 31
66 1 1 21
66 1 2 20
66 1 3 19
66 2 0 21
66 2 2 20
66 2 3 19
66 4 0 19
66 4 1 19
66 4 2 17
67 1 1 52
67 1 2 46
67 1 3 50
67 4 0 47
67 4 1 51
67 4 2 55
68 1 1 50
68 1 2 54
68 1 3 58
68 2 0 59
68 2 2 69
68 2 3 65
69 0 1 59
69 0 2 69
69 0 3 65
69 2 0 66
69 2 2 70
69 2 3 74
69 3 1 80
69 3 2 78
69 3 3 73
70 0 1 48
70 0 2 42
70 0 3 46
70 1 1 42
70 1 2 41
70 1 3 38
70 2 0 46
70 2 2 40
70 2 3 44
71 0 1 22
71 0 2 26
71 0 3 24
71 1 1 26
71 1 2 30
71 1 3 28
71 3 1 24
71 3 2 28
71 3 3 26
72 1 1 42
72 1 2 40
72 1 3 38
72 2 0 42
72 2 2 41
72 2 3 38
72 4 0 39
72 4 1 38
72 4 2 35
73 1 1 48
73 1 2 42
73 1 3 46
73 3 1 42
73 3 2 41
73 3 3 38
73 4 0 46
73 4 1 40
73 4 2 44
74 1 1 47
74 1 2 41
74 1 3 45
74 3 1 41
74 3 2 40
74 3 3 37
75 0 1 50
75 0 2 44
75 0 3 48
75 2 0 45
75 2 2 49
75 2 3 53
75 4 0 49
75 4 1 53
75 4 2 57
76 0 1 85
76 0 2 79
76 0 3 84
76 1 1 84
76 1 2 82
76 1 3 77
76 2 0 82
76 2 2 80
76 2 3 75
77 2 0 81
77 2 2 79
77 2 3 77
77 4 0 79
77 4 1 77
77 4 2 75
78 0 1 84
78 0 2 82
78 0 3 77
78 2 0 82
78 2 2 80
78 2 3 75
79 0 1 94
79 0 2 98
79 0 3 102
79 1 1 90
79 1 2 100
79 1 3 110
79 4 0 109
79 4 1 113
79 4 2 111
80 0 1 83
80 0 2 81
80 0 3 76
80 1 1 81
80 1 2 79
80 1 3 74
81 0 1 48
81 0 2 42
81 0 3 46
81 3 1 42
81 3 2 41
81 3 3 38
81 4 0 46
81 4 1 40
81 4 2 44
82 1 1 17
82 1 2 17
82 1 3 15
82 3 1 17
82 3 2 17
82 3 3 15
83 2 0 20
83 2 2 20
83 2 3 18
83 3 1 20
83 3 2 24
83 3 3 22
83 4 0 18
83 4 1 22
83 4 2 20
84 0 1 9
84 0 2 9
84 0 3 8
84 3 1 9
84 3 2 10
84 3 3 11
85 1 1 81
85 1 2 79
85 1 3 77
85 3 1 79
85 3 2 77
85 3 3 75
85 4 0 85
85 4 1 79
85 4 2 84
86 1 1 45
86 1 2 39
86 1 3 43
86 3 1 44
86 3 2 38
86 3 3 42
87 0 1 37
87 0 2 36
87 0 3 33
87 2 0 36
87 2 2 35
87 2 3 32
88 0 1 19
88 0 2 19
88 0 3 17
88 3 1 19
88 3 2 19
88 3 3 17
89 1 1 38
89 1 2 37
89 1 3 34
89 2 0 37
89 2 2 36
89 2 3 33
89 3 1 34
89 3 2 33
89 3 3 30
90 2 0 49
90 2 2 53
90 2 3 57
90 3 1 58
90 3 2 68
90 3 3 64
91 0 1 17
91 0 2 17
91 0 3 15
91 1 1 17
91 1 2 17
91 1 3 15
91 3 1 15
91 3 2 15
91 3 3 13
92 0 1 46
92 0 2 50
92 0 3 54
92 1 1 50
92 1 2 54
92 1 3 58
92 3 1 65
92 3 2 58
92 3 3 56
93 2 0 85
93 2 2 83
93 2 3 78
93 3 1 83
93 3 2 81
93 3 3 76
93 4 0 78
93 4 1 76
93 4 2 71
94 0 1 20
94 0 2 20
94 0 3 18
94 3 1 20
94 3 2 24
94 3 3 22
95 3 1 19
95 3 2 23
95 3 3 21
95 4 0 23
95 4 1 27
95 4 2 25
96 0 1 54
96 0 2 64
96 0 3 60
96 3 1 77
96 3 2 75
96 3 3 70
96 4 0 60
96 4 1 70
96 4 2 66
97 0 1 13
97 0 2 13
97 0 3 11
97 2 0 13
97 2 2 13
97 2 3 11
97 3 1 9
97 3 2 10
97 3 3 11
98 1 1 84
98 1 2 89
98 1 3 92
98 2 0 90
98 2 2 100
98 2 3 110
99 0 1 85
99 0 2 79
99 0 3 84
99 2 0 84
99 2 2 82
99 2 3 77
99 3 1 79
99 3 2 77
99 3 3 72
100 0 1 49
100 0 2 53
100 0 3 57
100 1 1 58
100 1 2 68
100 1 3 64
101 1 1 49
101 1 2 43
101 1 3 47
101 3 1 42
101 3 2 40
101 3 3 38
102 2 0 86
102 2 2 84
102 2 3 82
102 4 0 91
102 4 1 95
102 4 2 99
103 0 1 85
103 0 2 79
103 0 3 84
103 2 0 84
103 2 2 82
103 2 3 77
103 4 0 79
103 4 1 77
103 4 2 72
104 0 1 42
104 0 2 40
104 0 3 38
104 3 1 42
104 3 2 41
104 3 3 38
105 0 1 55
105 0 2 65
105 0 3 61
105 1 1 78
105 1 2 76
105 1 3 71
105 3 1 61
105 3 2 71
105 3 3 67
106 2 0 21
106 2 2 20
106 2 3 19
106 3 1 21
106 3 2 20
106 3 3 19
107 1 1 50
107 1 2 44
107 1 3 48
107 3 1 44
107 3 2 38
107 3 3 42
107 4 0 48
107 4 1 42
107 4 2 46
108 1 1 15
108 1 2 15
108 1 3 13
108 3 1 15
108 3 2 15
108 3 3 13
108 4 0 13
108 4 1 13
108 4 2 11
109 1 1 82
109 1 2 80
109 1 3 78
109 4 0 80
109 4 1 78
109 4 2 76
110 0 1 54
110 0 2 64
110 0 3 60
110 3 1 77
110 3 2 75
110 3 3 70
110 4 0 60
110 4 1 70
110 4 2 66
111 1 1 85
111 1 2 83
111 1 3 78
111 2 0 83
111 2 2 81
111 2 3 76
111 3 1 78
111 3 2 76
111 3 3 71
112 2 0 20
112 2 2 24
112 2 3 22
112 4 0 24
112 4 1 28
112 4 2 26
113 0 1 21
113 0 2 20
113 0 3 19
113 2 0 21
113 2 2 25
113 2 3 23
113 4 0 19
113 4 1 23
113 4 2 21
114 1 1 84
114 1 2 82
114 1 3 77
114 2 0 82
114 2 2 80
114 2 3 75
114 4 0 80
114 4 1 78
114 4 2 73
115 2 0 21
115 2 2 20
115 2 3 19
115 3 1 21
115 3 2 25
115 3 3 23
116 0 1 89
116 0 2 93
116 0 3 97
116 3 1 93
116 3 2 97
116 3 3 101
116 4 0 97
116 4 1 101
116 4 2 105
117 1 1 95
117 1 2 99
117 1 3 103
117 3 1 106
117 3 2 110
117 3 3 108
118 0 1 14
118 0 2 14
118 0 3 12
118 4 0 14
118 4 1 14
118 4 2 12
119 2 0 21
119 2 2 25
119 2 3 23
119 3 1 25
119 3 2 29
119 3 3 27
120 3 1 19
120 3 2 19
120 3 3 17
120 4 0 19
120 4 1 19
120 4 2 17
121 0 1 86
121 0 2 84
121 0 3 82
121 1 1 91
121 1 2 95
121 1 3 99
121 2 0 95
121 2 2 99
121 2 3 103
122 1 1 47
122 1 2 51
122 1 3 55
122 3 1 51
122 3 2 55
122 3 3 59
123 2 0 79
123 2 2 77
123 2 3 75
123 4 0 85
123 4 1 79
123 4 2 84
124 0 1 49
124 0 2 53
124 0 3 57
124 2 0 58
124 2 2 68
124 2 3 64
124 3 1 54
124 3 2 64
124 3 3 60
125 3 1 50
125 3 2 54
125 3 3 52
125 4 0 47
125 4 1 41
125 4 2 45
126 1 1 47
126 1 2 41
126 1 3 45
126 4 0 41
126 4 1 40
126 4 2 37
127 1 1 37
127 1 2 36
127 1 3 33
127 2 0 36
127 2 2 35
127 2 3 32
127 4 0 27
127 4 1 30
127 4 2 33
128 2 0 24
128 2 2 28
128 2 3 26
128 3 1 27
128 3 2 30
128 3 3 33
129 1 1 95
129 1 2 99
129 1 3 103
129 2 0 106
129 2 2 110
129 2 3 108
129 3 1 110
129 3 2 114
129 3 3 112
130 0 1 21
130 0 2 25
130 0 3 23
130 1 1 25
130 1 2 29
130 1 3 27
130 3 1 23
130 3 2 27
130 3 3 25
131 1 1 22
131 1 2 26
131 1 3 24
131 2 0 26
131 2 2 30
131 2 3 28
131 4 0 24
131 4 1 28
131 4 2 26
132 3 1 47
132 3 2 41
132 3 3 45
132 4 0 41
132 4 1 40
132 4 2 37
133 0 1 18
133 0 2 18
133 0 3 16
133 1 1 18
133 1 2 18
133 1 3 16
133 3 1 16
133 3 2 16
133 3 3 14
134 0 1 48
134 0 2 42
134 0 3 46
134 1 1 52
134 1 2 46
134 1 3 50
134 2 0 47
134 2 2 51
134 2 3 55
135 1 1 82
135 1 2 80
135 1 3 78
135 4 0 80
135 4 1 78
135 4 2 76
