This is the output of Heuristic Solver for Dual resource constrained flexible job shop Scheduling Problem.
Input file is: Dauzere_03a.txt
Method: LBBD_CP_TS
Seed: 1
Number of Jobs: 10
Number of Operations: 196
Number of Machines: 5
Number of Operators: 4
CPU Time: 3600.04
obj: 2918
Best found lower bound:2881
Solver gap (best found lower bound and upper bound difference): Not known


Final Solution:
Job	Machine	Operator	Operation	Start Time	Finish Time
0	1	1	0	403	445
0	2	0	1	643	705
0	2	2	2	752	778
0	3	2	3	902	921
0	2	2	4	946	1044
0	3	1	5	1424	1448
0	4	3	6	1529	1595
0	2	2	7	1615	1645
0	3	1	8	1666	1755
0	1	3	9	1854	1881
0	2	2	10	1919	1986
0	4	0	11	2016	2051
0	4	0	12	2329	2340
0	2	2	13	2434	2499
0	3	1	14	2824	2918
1	1	1	15	261	302
1	2	0	16	439	529
1	1	1	17	529	592
1	0	3	18	623	674
1	4	3	19	674	769
1	0	3	20	1106	1182
1	0	3	21	1182	1214
1	2	2	22	1216	1316
1	4	3	23	1481	1493
1	0	0	24	1523	1543
1	2	2	25	1804	1896
1	2	2	26	1896	1919
1	3	1	27	1948	2026
1	2	2	28	2054	2097
1	1	1	29	2172	2243
1	1	1	30	2243	2298
1	3	1	31	2334	2392
1	0	3	32	2490	2532
1	0	3	33	2532	2584
1	1	1	34	2710	2779
2	3	1	35	95	174
2	1	3	36	175	258
2	0	3	37	395	481
2	1	1	38	592	638
2	1	1	39	701	802
2	2	2	40	828	902
2	2	2	41	921	946
2	0	3	42	1011	1106
2	4	0	43	1200	1273
2	3	2	44	1316	1363
2	2	2	45	1363	1426
2	2	2	46	1426	1481
2	4	3	47	1493	1529
2	1	1	48	1571	1666
2	4	3	49	1817	1854
2	4	3	50	1901	1966
2	4	0	51	2051	2126
2	4	0	52	2126	2190
2	4	0	53	2190	2246
2	4	0	54	2246	2274
2	4	0	55	2274	2299
2	3	1	56	2299	2334
2	3	1	57	2392	2471
3	4	0	58	65	146
3	4	0	59	214	287
3	4	0	60	804	869
3	4	0	61	1032	1076
3	4	0	62	1076	1132
3	3	1	63	1132	1198
3	4	0	64	1273	1345
3	4	0	65	1345	1442
3	3	1	66	1448	1479
3	4	3	67	1595	1662
3	4	3	68	1662	1682
3	1	1	69	1771	1832
3	1	3	70	1966	2003
3	2	2	71	2233	2332
3	2	2	72	2332	2367
3	3	1	73	2565	2647
3	3	1	74	2670	2710
3	2	2	75	2721	2787
4	3	1	76	0	95
4	0	0	77	146	214
4	0	3	78	301	395
4	1	1	79	445	488
4	1	1	80	488	527
4	4	0	81	529	583
4	0	0	82	705	804
4	0	3	83	804	850
4	0	3	84	850	935
4	3	1	85	1090	1128
4	1	3	86	1384	1481
4	4	3	87	1753	1817
4	0	0	88	1869	1968
4	4	0	89	1968	2016
4	0	3	90	2070	2102
4	0	3	91	2165	2230
4	1	3	92	2319	2420
4	0	3	93	2420	2490
4	2	2	94	2499	2566
4	4	0	95	2570	2671
4	3	1	96	2779	2824
5	1	3	97	0	103
5	1	3	98	103	175
5	3	1	99	175	261
5	4	0	100	287	356
5	4	3	101	481	504
5	4	3	102	769	798
5	4	0	103	1000	1032
5	4	0	104	1174	1200
5	3	1	105	1200	1300
5	1	1	106	1481	1571
5	4	3	107	1682	1753
5	1	1	108	1755	1771
5	0	3	109	2230	2319
5	4	0	110	2340	2379
5	0	0	111	2820	2893
6	0	3	112	258	301
6	3	2	113	367	471
6	0	3	114	504	530
6	3	2	115	1044	1081
6	2	2	116	1081	1177
6	0	0	117	1442	1523
6	3	2	118	1523	1615
6	0	0	119	1666	1715
6	0	0	120	1790	1824
6	3	1	121	2026	2073
6	1	3	122	2102	2165
6	4	0	123	2379	2438
6	4	0	124	2472	2570
6	2	2	125	2646	2721
6	2	2	126	2787	2870
6	1	3	127	2870	2881
6	1	3	128	2881	2917
7	2	2	129	0	61
7	1	1	130	350	403
7	2	0	131	420	439
7	0	3	132	564	623
7	3	2	133	660	752
7	2	2	134	778	828
7	0	3	135	935	1011
7	0	3	136	1214	1245
7	0	3	137	1279	1328
7	0	3	138	1328	1384
7	2	2	139	1481	1519
7	0	0	140	1715	1790
7	3	1	141	1832	1874
7	3	1	142	1874	1948
7	2	2	143	1986	2054
7	2	2	144	2097	2142
7	3	2	145	2212	2233
7	4	0	146	2299	2329
7	2	2	147	2367	2412
7	3	1	148	2471	2565
7	1	3	149	2584	2646
7	0	3	150	2646	2685
7	0	3	151	2685	2756
7	0	3	152	2756	2778
7	4	0	153	2893	2918
8	4	0	154	0	65
8	2	2	155	65	125
8	2	2	156	125	196
8	3	2	157	281	319
8	2	2	158	319	367
8	3	2	159	531	614
8	3	2	160	614	660
8	3	1	161	802	884
8	1	1	162	884	935
8	3	1	163	935	1010
8	2	2	164	1177	1216
8	1	1	165	1300	1384
8	0	0	166	1623	1666
8	2	2	167	1723	1804
8	0	0	168	1824	1869
8	1	3	169	1881	1901
8	0	3	170	2003	2070
8	3	1	171	2073	2172
8	2	2	172	2412	2434
8	4	0	173	2438	2472
8	4	0	174	2671	2770
8	1	3	175	2779	2870
8	2	2	176	2870	2918
9	2	2	177	196	281
9	1	1	178	302	350
9	4	0	179	356	420
9	3	2	180	471	531
9	0	3	181	531	564
9	2	0	182	583	643
9	1	1	183	643	701
9	4	0	184	869	961
9	4	0	185	961	1000
9	1	1	186	1010	1090
9	4	0	187	1132	1174
9	1	3	188	1245	1279
9	3	1	189	1384	1424
9	0	0	190	1543	1623
9	2	2	191	1645	1723
9	2	2	192	2142	2212
9	2	2	193	2566	2646
9	1	1	194	2647	2670
9	4	0	195	2770	2820


Solution History:
