This is the output of Heuristic Solver for Dual resource constrained flexible job shop Scheduling Problem.
Input file is: wfjsp14_4.txt
Method: LBBD_CP_TS
Seed: 1
Number of Jobs: 30
Number of Operations: 231
Number of Machines: 15
Number of Operators: 15
CPU Time: 3600.17
obj: 816
Best found lower bound:720
Solver gap (best found lower bound and upper bound difference): Not known


Final Solution:
Job	Machine	Operator	Operation	Start Time	Finish Time
0	1	9	0	81	152
0	11	12	1	249	309
0	12	0	2	360	432
0	0	9	3	432	494
0	14	2	4	507	600
0	9	2	5	600	631
0	6	3	6	631	674
0	4	9	7	712	727
0	8	14	8	755	804
1	12	11	9	67	88
1	5	10	10	113	127
1	3	5	11	253	292
1	6	13	12	357	423
1	4	0	13	432	457
1	13	13	14	471	543
1	10	14	15	599	672
1	0	1	16	706	765
1	0	1	17	765	816
2	14	3	18	140	179
2	6	13	19	314	329
2	14	2	20	389	436
2	4	6	21	478	553
2	2	1	22	572	582
2	8	14	23	673	738
2	12	0	24	738	809
3	2	2	25	127	139
3	0	13	26	243	314
3	2	9	27	327	396
3	12	3	28	432	535
3	5	10	29	600	648
3	12	6	30	648	738
4	12	12	31	0	67
4	6	0	32	69	138
4	9	1	33	200	243
4	9	1	34	314	331
4	2	11	35	494	562
4	2	4	36	630	657
4	11	13	37	782	804
5	11	3	38	74	140
5	12	3	39	268	311
5	7	10	40	322	385
5	2	9	41	396	427
5	11	14	42	427	480
5	1	1	43	480	552
6	11	2	44	0	74
6	9	1	45	135	200
6	14	3	46	202	238
6	13	11	47	249	271
6	0	9	48	494	557
6	8	11	49	562	591
6	8	11	50	591	641
6	4	9	51	749	780
7	13	8	52	82	176
7	7	7	53	199	245
7	7	3	54	245	259
7	11	12	55	309	341
7	4	14	56	345	422
7	7	6	57	464	478
7	7	8	58	479	547
7	13	13	59	669	713
7	10	12	60	741	803
8	0	4	61	0	44
8	8	12	62	112	145
8	2	12	63	145	157
8	5	10	64	205	229
8	14	7	65	245	294
8	3	4	66	294	354
8	13	13	67	622	669
8	14	0	68	692	724
9	0	4	69	44	100
9	3	5	70	140	204
9	11	11	71	209	249
9	10	3	72	311	357
9	10	5	73	403	477
9	11	14	74	480	527
9	2	1	75	562	572
9	10	12	76	673	741
9	14	3	77	770	816
10	9	0	78	0	23
10	1	8	79	176	262
10	8	2	80	274	337
10	14	5	81	337	389
10	7	6	82	404	464
10	6	0	83	503	531
10	7	5	84	552	634
10	4	9	85	727	749
10	2	4	86	758	787
11	10	6	87	138	185
11	1	6	88	262	329
11	14	2	89	436	485
11	14	2	90	485	507
11	10	10	91	507	532
11	0	4	92	561	630
11	2	4	93	705	758
11	7	6	94	770	815
12	2	12	95	67	112
12	13	12	96	176	245
12	11	12	97	341	407
12	3	0	98	457	500
12	5	5	99	509	522
12	13	13	100	543	593
12	14	3	101	600	629
12	8	12	102	646	673
12	5	8	103	744	792
12	4	9	104	792	811
13	7	5	105	0	80
13	4	13	106	140	214
13	12	0	107	311	360
13	10	3	108	360	403
13	8	12	109	424	489
13	9	4	110	489	561
13	1	8	111	593	642
13	5	10	112	648	712
13	11	13	113	713	782
13	5	8	114	792	803
14	13	7	115	0	82
14	12	11	116	88	136
14	5	10	117	136	205
14	14	5	118	294	328
14	2	4	119	657	705
14	5	10	120	712	739
14	14	6	121	739	770
15	14	6	122	0	43
15	14	6	123	43	109
15	2	9	124	162	212
15	9	1	125	243	314
15	5	6	126	329	404
15	5	10	127	552	600
15	3	6	128	600	627
15	7	5	129	634	709
15	13	11	130	741	811
16	12	14	131	138	187
16	3	5	132	204	253
16	2	9	133	312	327
16	1	2	134	337	385
16	5	8	135	439	479
16	3	7	136	503	535
16	6	7	137	681	732
17	2	8	138	0	49
17	9	0	139	53	69
17	14	3	140	179	202
17	0	8	141	314	360
17	1	10	142	385	475
17	1	8	143	552	593
17	4	7	144	617	681
17	1	10	145	744	815
18	5	5	146	80	113
18	2	9	147	212	299
18	2	9	148	299	312
18	0	8	149	360	403
18	13	13	150	424	471
18	10	10	151	477	503
18	5	5	152	522	552
18	4	7	153	553	617
18	9	2	154	631	720
19	3	1	155	0	92
19	11	2	156	140	209
19	4	0	157	214	237
19	6	13	158	329	357
19	5	8	159	404	439
19	11	9	160	557	623
19	14	11	161	641	690
19	6	7	162	732	806
20	6	10	163	0	66
20	14	5	164	113	140
20	2	1	165	582	592
20	2	1	166	592	621
20	1	8	167	703	744
21	10	3	168	0	70
21	4	13	169	70	140
21	8	11	170	145	208
21	6	4	171	208	289
21	7	7	172	294	318
21	8	7	173	337	424
21	6	7	174	424	503
21	11	9	175	623	712
21	13	11	176	713	741
21	8	14	177	741	755
22	9	7	178	82	125
22	8	2	179	209	248
22	7	8	180	262	282
22	3	4	181	354	446
22	9	12	182	561	593
22	0	1	183	630	706
23	8	11	184	0	67
23	10	14	185	71	138
23	10	6	186	185	259
23	5	10	187	294	322
23	2	11	188	427	494
23	8	12	189	516	559
23	1	8	190	642	703
23	3	5	191	711	799
24	4	13	192	0	62
24	6	0	193	138	198
24	5	10	194	229	294
24	9	4	195	457	484
24	3	3	196	692	711
24	9	2	197	720	741
25	5	14	198	0	71
25	3	1	199	92	135
25	1	9	200	152	162
25	0	4	201	169	199
25	13	11	202	271	334
25	6	0	203	546	625
26	1	9	204	0	12
26	1	9	205	12	81
26	8	10	206	81	109
26	7	7	207	127	199
26	0	13	208	214	243
26	10	0	209	272	286
26	5	5	210	479	509
26	10	14	211	532	599
26	3	0	212	627	692
26	9	2	213	741	789
27	9	0	214	23	53
27	4	0	215	237	272
27	8	12	216	489	516
27	6	0	217	531	546
27	13	13	218	593	622
28	7	2	219	80	127
28	12	14	220	187	268
28	4	14	221	272	345
28	13	11	222	345	424
28	3	3	223	535	589
29	0	4	224	100	169
29	8	2	225	248	274
29	9	1	226	331	360
29	9	1	227	360	457
29	12	6	228	553	598
29	12	12	229	598	646
29	7	3	230	711	758


Solution History:
