This is the output of Heuristic Solver for Dual resource constrained flexible job shop Scheduling Problem.
Input file is: wfjsp13_2.txt
Method: LBBD_CP_TS
Seed: 1
Number of Jobs: 25
Number of Operations: 271
Number of Machines: 15
Number of Operators: 15
CPU Time: 3600.03
obj: 976
Best found lower bound:845
Solver gap (best found lower bound and upper bound difference): Not known


Final Solution:
Job	Machine	Operator	Operation	Start Time	Finish Time
0	2	1	0	112	192
0	4	1	1	226	298
0	5	0	2	323	342
0	4	6	3	363	397
0	5	14	4	467	484
0	4	0	5	501	521
0	4	6	6	576	645
0	1	5	7	645	654
0	12	11	8	654	733
0	1	10	9	739	778
0	6	13	10	792	842
0	8	10	11	878	893
1	0	8	12	46	115
1	6	10	13	146	212
1	2	4	14	212	278
1	0	5	15	278	343
1	1	4	16	344	374
1	3	10	17	392	435
1	7	0	18	480	499
1	10	5	19	499	557
1	9	7	20	559	637
1	13	2	21	687	770
1	6	3	22	842	895
1	6	10	23	895	965
2	12	9	24	197	261
2	11	6	25	294	311
2	14	14	26	323	335
2	1	4	27	374	471
2	12	11	28	506	532
2	2	0	29	545	625
2	3	10	30	639	725
2	14	11	31	757	777
2	4	1	32	821	893
2	10	3	33	897	974
3	1	14	34	0	52
3	6	0	35	57	82
3	3	10	36	212	267
3	3	0	37	281	315
3	9	7	38	489	559
3	14	4	39	639	722
3	9	7	40	722	750
3	14	11	41	777	792
3	14	11	42	792	823
3	12	12	43	913	930
4	1	14	44	52	93
4	10	0	45	190	268
4	4	13	46	302	342
4	7	13	47	342	439
4	13	8	48	513	596
4	10	14	49	635	690
4	10	14	50	690	717
4	11	12	51	735	798
4	11	3	52	803	842
4	13	8	53	878	908
4	9	2	54	935	972
5	0	8	55	0	46
5	0	4	56	115	138
5	3	13	57	139	206
5	6	13	58	212	270
5	13	8	59	310	321
5	3	10	60	363	392
5	5	14	61	416	467
5	1	4	62	471	553
5	7	4	63	553	608
5	0	2	64	610	680
5	5	0	65	890	944
6	12	5	66	0	20
6	14	9	67	20	98
6	4	6	68	123	136
6	11	6	69	216	294
6	0	7	70	343	355
6	10	14	71	359	411
6	6	7	72	411	471
6	2	12	73	483	530
6	8	14	74	530	584
6	1	5	75	654	739
6	1	6	76	778	840
6	0	14	77	921	973
7	5	13	78	0	84
7	4	1	79	89	103
7	1	14	80	107	156
7	9	2	81	218	264
7	9	3	82	264	325
7	6	3	83	386	404
7	11	9	84	447	526
7	11	0	85	526	545
7	5	4	86	608	629
7	4	6	87	645	679
7	0	9	88	680	712
7	5	4	89	734	818
8	13	2	90	0	69
8	9	7	91	69	142
8	11	6	92	146	216
8	14	1	93	216	226
8	0	14	94	236	258
8	8	9	95	261	337
8	12	11	96	441	506
8	4	6	97	521	576
8	6	3	98	579	666
8	13	8	99	795	878
8	10	2	100	878	897
8	3	13	101	897	974
9	6	0	102	0	57
9	2	4	103	57	112
9	7	11	104	112	182
9	1	5	105	197	276
9	13	8	106	321	354
9	9	3	107	424	475
9	11	12	108	545	612
9	7	13	109	677	735
9	4	9	110	749	801
9	7	9	111	801	829
9	5	0	112	829	875
9	13	8	113	908	976
10	9	7	114	0	65
10	1	14	115	93	107
10	0	14	116	258	274
10	1	13	117	276	302
10	11	1	118	311	395
10	8	5	119	406	496
10	12	11	120	532	559
10	2	4	121	894	960
11	5	0	122	84	137
11	14	1	123	192	212
11	0	7	124	355	383
11	0	7	125	472	489
11	5	2	126	534	545
11	8	14	127	584	606
11	2	0	128	625	640
11	6	8	129	721	731
11	8	10	130	803	878
11	7	9	131	894	903
12	4	1	132	0	35
12	7	11	133	47	111
12	0	2	134	138	189
12	5	14	135	274	323
12	12	11	136	342	374
12	13	8	137	394	430
12	4	6	138	441	501
12	12	11	139	559	644
12	6	3	140	666	718
12	7	13	141	735	792
12	7	13	142	842	894
12	4	9	143	931	967
13	11	10	144	0	68
13	13	2	145	69	99
13	9	7	146	175	218
13	2	4	147	278	344
13	6	3	148	351	386
13	0	9	149	386	438
13	7	0	150	447	480
13	0	2	151	489	534
13	5	2	152	545	605
13	7	13	153	618	677
13	5	4	154	722	734
13	9	7	155	820	904
14	12	5	156	20	78
14	0	9	157	534	610
14	8	8	158	610	643
14	11	12	159	679	735
14	13	2	160	770	795
14	3	9	161	829	894
14	9	2	162	904	935
14	5	0	163	944	967
15	8	12	164	0	67
15	12	5	165	78	169
15	0	14	166	189	236
15	13	8	167	241	310
15	6	10	168	337	351
15	9	1	169	398	424
15	14	1	170	424	507
15	14	1	171	507	579
15	12	14	172	733	791
15	10	2	173	801	860
15	8	1	174	893	966
16	7	11	175	36	47
16	10	3	176	57	125
16	1	14	177	156	178
16	7	11	178	182	254
16	12	11	179	261	342
16	8	5	180	343	406
16	0	13	181	439	472
16	7	13	182	499	553
16	10	5	183	557	635
16	8	8	184	643	721
16	10	0	185	721	801
16	11	6	186	916	976
17	10	3	187	28	57
17	13	2	188	99	134
17	13	8	189	134	207
17	9	2	190	326	398
17	4	6	191	398	441
17	5	14	192	484	530
17	1	5	193	840	914
17	2	4	194	960	975
18	2	4	195	0	40
18	6	13	196	84	139
18	10	4	197	139	190
18	5	3	198	190	258
18	7	12	199	258	342
18	5	0	200	342	416
18	13	8	201	430	513
18	13	14	202	606	633
18	4	6	203	679	749
18	0	5	204	749	813
18	5	0	205	875	890
18	7	11	206	916	931
19	7	11	207	0	36
19	14	9	208	98	181
19	8	12	209	181	257
19	6	10	210	270	337
19	14	12	211	342	422
19	10	2	212	422	485
19	6	3	213	561	579
19	14	10	214	582	639
19	9	9	215	639	680
19	12	12	216	810	827
19	11	6	217	842	916
19	4	9	218	916	931
20	10	3	219	0	28
20	8	12	220	67	101
20	9	7	221	142	175
20	4	0	222	179	188
20	3	6	223	315	363
20	1	13	224	553	618
20	6	11	225	733	757
20	2	4	226	818	894
20	14	7	227	916	972
21	11	10	228	68	146
21	12	11	229	374	441
21	5	1	230	633	719
21	3	8	231	731	759
21	3	8	232	759	789
21	12	12	233	798	810
21	0	14	234	813	834
21	1	5	235	914	967
22	3	6	236	0	58
22	3	6	237	58	123
22	5	3	238	137	175
22	2	4	239	192	203
22	10	0	240	268	281
22	10	14	241	335	359
22	3	10	242	435	478
22	11	12	243	612	679
22	8	3	244	721	803
22	4	0	245	803	821
22	0	14	246	834	921
22	12	12	247	930	966
23	4	1	248	35	89
23	8	12	249	101	181
23	1	9	250	181	197
23	13	8	251	207	241
23	10	2	252	281	326
23	13	8	253	354	394
23	11	0	254	416	447
23	6	3	255	475	561
23	13	7	256	637	687
23	9	7	257	687	716
23	2	1	258	720	796
23	14	11	259	823	916
24	4	0	260	137	179
24	14	7	261	226	307
24	1	7	262	307	336
24	2	9	263	344	385
24	2	12	264	422	483
24	3	10	265	483	582
24	3	1	266	582	633
24	2	0	267	640	720
24	9	7	268	750	820
24	12	12	269	827	913
24	7	11	270	931	962


Solution History:
