This is the output of Heuristic Solver for Dual resource constrained flexible job shop Scheduling Problem.
Input file is: wfjsp14_3.txt
Method: LBBD_CP_TS
Seed: 1
Number of Jobs: 30
Number of Operations: 235
Number of Machines: 15
Number of Operators: 15
CPU Time: 3602.13
obj: 831
Best found lower bound:736
Solver gap (best found lower bound and upper bound difference): Not known


Final Solution:
Job	Machine	Operator	Operation	Start Time	Finish Time
0	10	1	0	0	68
0	13	3	1	68	81
0	1	9	2	98	115
0	7	3	3	297	375
0	5	8	4	387	459
0	13	5	5	499	565
0	14	3	6	591	663
0	4	1	7	690	729
0	1	11	8	729	811
1	3	13	9	29	43
1	11	6	10	65	120
1	8	10	11	120	205
1	11	6	12	212	227
1	14	1	13	261	352
1	7	12	14	410	493
1	5	8	15	520	549
1	14	3	16	663	715
2	12	14	17	56	70
2	3	13	18	138	205
2	3	10	19	205	217
2	12	4	20	258	284
2	13	4	21	289	337
2	3	11	22	387	470
2	7	12	23	493	562
2	7	12	24	562	590
2	5	8	25	590	660
2	6	9	26	700	793
3	1	9	27	88	98
3	14	1	28	151	184
3	5	12	29	281	378
3	7	12	30	378	410
3	11	7	31	472	502
3	14	3	32	528	591
3	10	5	33	634	691
3	13	5	34	774	829
4	1	11	35	0	88
4	7	12	36	131	214
4	2	0	37	214	233
4	3	11	38	285	312
4	3	8	39	318	387
4	9	1	40	397	412
4	10	1	41	412	436
4	3	13	42	592	647
4	12	7	43	691	723
4	3	13	44	743	796
5	9	8	45	0	98
5	9	13	46	205	271
5	0	13	47	305	378
5	4	6	48	401	416
5	13	3	49	429	445
5	12	2	50	459	509
5	3	4	51	520	592
5	4	13	52	647	689
5	10	14	53	694	714
5	11	2	54	774	827
6	8	14	55	0	25
6	8	14	56	25	53
6	7	12	57	59	131
6	12	4	58	138	210
6	0	10	59	217	299
6	6	9	60	402	490
6	13	5	61	490	499
6	6	9	62	645	700
6	2	8	63	743	830
7	2	1	64	68	107
7	5	4	65	215	244
7	1	8	66	261	318
7	1	1	67	352	389
7	1	13	68	389	473
7	0	13	69	474	484
7	9	13	70	487	581
8	5	12	71	0	59
8	14	1	72	123	151
8	6	2	73	154	233
8	13	7	74	634	661
8	13	4	75	661	720
8	8	3	76	770	782
9	3	13	77	0	29
9	14	4	78	43	53
9	14	4	79	53	123
9	0	5	80	140	212
9	5	4	81	459	508
9	6	1	82	518	537
9	1	11	83	691	726
9	10	3	84	811	824
10	13	3	85	81	153
10	10	3	86	179	217
10	11	6	87	227	260
10	11	6	88	260	281
10	2	4	89	337	367
10	7	12	90	590	646
10	12	1	91	647	690
10	3	13	92	690	713
10	2	13	93	713	743
11	2	10	94	22	62
11	5	8	95	98	186
11	14	9	96	197	238
11	2	0	97	238	314
11	6	9	98	320	402
11	8	10	99	405	478
11	2	0	100	487	545
11	5	8	101	549	581
11	0	10	102	638	720
11	10	10	103	720	790
12	12	4	104	0	31
12	6	5	105	65	76
12	12	14	106	76	138
12	1	1	107	187	223
12	4	2	108	253	318
12	8	10	109	318	405
12	10	10	110	478	564
12	7	12	111	646	736
12	7	12	112	736	784
12	6	9	113	793	826
13	12	3	114	31	56
13	1	1	115	223	261
13	0	0	116	435	474
13	4	6	117	487	498
13	6	9	118	577	645
13	5	14	119	759	831
14	4	7	120	77	94
14	1	9	121	115	187
14	12	14	122	210	258
14	8	13	123	275	305
14	11	6	124	339	401
14	2	4	125	401	454
14	9	6	126	699	755
15	13	3	127	375	429
15	0	9	128	490	565
15	0	10	129	565	638
15	8	14	130	671	694
15	8	5	131	694	749
15	8	3	132	749	770
15	14	4	133	770	831
16	0	0	134	0	37
16	5	9	135	59	87
16	11	6	136	120	178
16	7	3	137	217	279
16	9	5	138	279	320
16	12	2	139	346	399
16	14	3	140	480	528
16	8	2	141	550	578
16	4	7	142	602	634
16	12	7	143	723	822
17	11	6	144	0	65
17	7	3	145	279	297
17	1	5	146	320	345
17	14	5	147	352	417
17	12	4	148	592	647
17	11	2	149	702	774
18	13	2	150	16	59
18	9	5	151	98	140
18	5	8	152	186	215
18	10	11	153	220	285
18	4	11	154	318	358
18	4	7	155	358	399
18	8	2	156	509	550
18	8	14	157	578	599
18	11	2	158	644	693
19	6	11	159	88	134
19	13	8	160	220	259
19	11	6	161	281	339
19	14	5	162	417	480
19	12	14	163	509	576
19	11	1	164	602	644
19	9	6	165	644	699
19	0	0	166	720	798
19	0	13	167	798	831
20	0	0	168	37	115
20	10	3	169	154	179
20	10	2	170	578	634
20	3	11	171	650	688
20	11	2	172	693	702
20	4	1	173	729	820
21	4	7	174	0	77
21	9	14	175	140	205
21	8	5	176	212	275
21	11	7	177	401	472
21	1	11	178	473	563
21	8	14	179	599	671
21	7	12	180	784	823
22	2	10	181	0	22
22	3	12	182	217	277
22	10	14	183	285	350
22	9	6	184	416	487
22	2	0	185	545	639
22	2	0	186	639	702
22	13	3	187	720	745
22	10	10	188	790	806
23	2	0	189	115	212
23	13	7	190	259	289
23	2	4	191	367	395
23	13	3	192	445	479
23	4	6	193	498	581
23	9	6	194	581	644
23	14	4	195	720	765
24	4	7	196	94	154
24	14	9	197	187	197
24	6	9	198	238	309
24	6	9	199	309	320
24	12	2	200	399	459
24	3	8	201	470	520
24	10	11	202	564	574
24	1	11	203	577	650
25	6	5	204	0	65
25	8	10	205	65	117
25	13	11	206	153	220
25	1	5	207	565	577
25	5	8	208	660	731
26	5	14	209	258	281
26	0	0	210	397	435
26	13	5	211	577	632
26	13	5	212	749	774
26	8	10	213	811	826
27	3	13	214	43	138
27	11	6	215	178	212
27	9	0	216	320	397
27	4	14	217	416	487
27	8	14	218	487	502
27	9	6	219	755	819
28	13	3	220	0	16
28	4	7	221	154	253
28	10	14	222	350	406
28	10	1	223	436	477
28	2	0	224	477	487
28	11	7	225	502	602
28	1	7	226	661	691
28	5	14	227	731	759
28	8	3	228	782	811
29	14	9	229	0	43
29	10	2	230	68	104
29	10	2	231	104	154
29	12	7	232	289	346
29	6	1	233	490	518
29	6	1	234	537	577


Solution History:
