This is the output of Heuristic Solver for Dual resource constrained flexible job shop Scheduling Problem.
Input file is: wfjsp23_1.txt
Method: LBBD_CP_TS
Seed: 1
Number of Jobs: 30
Number of Operations: 365
Number of Machines: 15
Number of Operators: 12
CPU Time: 3600.28
obj: 1458
Best found lower bound:1365
Solver gap (best found lower bound and upper bound difference): Not known


Final Solution:
Job	Machine	Operator	Operation	Start Time	Finish Time
0	11	7	0	0	69
0	4	5	1	97	119
0	6	6	2	232	276
0	4	10	3	316	400
0	6	9	4	400	476
0	5	11	5	838	893
0	10	6	6	985	1055
0	14	1	7	1135	1162
0	10	6	8	1178	1212
0	11	7	9	1212	1243
1	6	7	10	69	79
1	4	7	11	79	96
1	10	7	12	96	109
1	8	9	13	126	168
1	6	1	14	172	227
1	0	9	15	476	518
1	8	11	16	548	571
1	13	0	17	636	648
1	4	1	18	765	816
1	11	4	19	819	873
1	10	8	20	889	973
1	1	8	21	973	1055
1	7	4	22	1193	1234
1	11	7	23	1243	1312
2	7	4	24	0	12
2	10	6	25	166	196
2	13	6	26	196	219
2	4	5	27	222	244
2	0	0	28	415	460
2	11	10	29	498	574
2	12	7	30	969	1005
2	3	5	31	1010	1071
2	2	4	32	1106	1187
2	6	10	33	1312	1366
2	4	1	34	1384	1399
2	4	6	35	1417	1457
3	11	11	36	73	96
3	13	5	37	244	272
3	9	1	38	394	455
3	10	8	39	455	510
3	4	11	40	510	548
3	5	10	41	584	667
3	1	11	42	780	803
3	1	0	43	918	971
3	9	3	44	1141	1152
3	1	10	45	1235	1249
3	13	6	46	1345	1417
4	6	1	47	331	340
4	3	10	48	401	410
4	8	6	49	418	454
4	6	6	50	476	548
4	1	4	51	557	572
4	14	11	52	629	683
4	14	1	53	683	733
4	1	11	54	738	780
4	3	0	55	780	822
4	3	8	56	1071	1157
4	5	10	57	1249	1286
4	6	9	58	1374	1458
5	8	11	59	0	55
5	3	5	60	75	97
5	3	11	61	121	176
5	10	10	62	208	227
5	3	8	63	269	305
5	3	8	64	662	745
5	12	8	65	782	814
5	3	2	66	855	872
5	0	9	67	872	917
5	13	10	68	962	1017
5	0	10	69	1077	1136
5	10	6	70	1141	1178
5	5	11	71	1219	1241
5	14	3	72	1261	1296
6	9	5	73	0	38
6	9	5	74	38	75
6	0	9	75	83	126
6	7	2	76	280	354
6	12	7	77	354	426
6	9	5	78	496	567
6	10	3	79	584	665
6	9	1	80	913	979
6	7	2	81	984	1022
6	0	10	82	1136	1153
6	12	11	83	1161	1179
6	1	8	84	1211	1219
6	7	4	85	1234	1306
7	0	10	86	165	208
7	14	11	87	482	508
7	9	5	88	567	582
7	2	4	89	632	664
7	11	0	90	720	774
7	11	11	91	803	818
7	0	0	92	822	868
7	14	1	93	1069	1135
7	3	8	94	1157	1175
7	2	2	95	1383	1404
8	14	11	96	216	271
8	2	4	97	313	324
8	3	5	98	415	496
8	6	6	99	548	618
8	1	11	100	683	738
8	6	10	101	772	817
8	10	3	102	1067	1141
8	10	6	103	1242	1312
8	13	6	104	1312	1345
8	7	10	105	1383	1438
8	10	10	106	1438	1457
9	13	6	107	39	75
9	13	6	108	219	232
9	9	4	109	234	313
9	8	11	110	355	409
9	11	7	111	426	495
9	13	8	112	536	560
9	10	8	113	560	582
9	7	8	114	582	662
9	3	10	115	822	841
9	2	4	116	951	1032
9	7	9	117	1048	1136
9	6	9	118	1219	1231
9	12	10	119	1286	1312
9	7	2	120	1438	1455
10	1	2	121	0	84
10	5	0	122	84	131
10	9	5	123	150	222
10	6	5	124	276	331
10	8	6	125	658	701
10	7	10	126	841	882
10	6	5	127	954	989
10	5	2	128	1022	1050
10	9	2	129	1050	1134
10	5	3	130	1152	1179
10	4	11	131	1241	1263
10	1	8	132	1417	1453
11	4	11	133	55	73
11	1	8	134	84	124
11	7	2	135	168	242
11	0	0	136	258	311
11	7	3	137	355	398
11	5	10	138	410	498
11	9	5	139	582	616
11	12	2	140	616	697
11	12	3	141	828	904
11	0	9	142	917	962
11	4	3	143	988	1067
11	14	1	144	1162	1228
12	12	0	145	34	84
12	14	7	146	177	211
12	11	7	147	211	266
12	12	7	148	530	599
12	11	7	149	636	706
12	10	8	150	745	782
12	14	1	151	817	867
12	6	1	152	1016	1069
12	12	11	153	1107	1161
12	4	10	154	1168	1213
12	3	2	155	1217	1255
12	4	11	156	1263	1302
12	7	2	157	1309	1383
13	14	10	158	40	80
13	4	1	159	119	172
13	2	2	160	354	428
13	7	2	161	428	503
13	10	8	162	510	536
13	14	1	163	545	562
13	10	10	164	689	733
13	4	1	165	747	765
13	4	6	166	889	906
13	8	11	167	1026	1083
13	1	0	168	1107	1146
13	13	10	169	1213	1235
13	2	4	170	1306	1378
13	14	7	171	1384	1453
14	3	9	172	192	211
14	3	8	173	305	346
14	10	6	174	346	418
14	5	3	175	507	584
14	2	10	176	733	772
14	5	7	177	778	812
14	3	2	178	872	910
14	12	10	179	924	962
14	11	4	180	1032	1106
14	2	8	181	1219	1264
14	9	5	182	1299	1372
14	8	1	183	1399	1429
15	5	3	184	0	74
15	14	2	185	84	168
15	4	11	186	176	216
15	8	1	187	232	252
15	11	11	188	271	325
15	11	4	189	325	361
15	12	3	190	426	507
15	3	2	191	577	615
15	5	11	192	818	838
15	8	0	193	868	918
15	9	5	194	1159	1227
15	0	9	195	1288	1374
15	0	10	196	1374	1383
15	11	4	197	1384	1458
16	8	1	198	61	117
16	2	0	199	131	182
16	3	8	200	232	269
16	1	9	201	317	397
16	2	0	202	513	561
16	11	4	203	574	632
16	13	4	204	704	732
16	1	8	205	814	886
16	1	11	206	893	917
16	0	9	207	1006	1048
16	5	11	208	1200	1219
16	1	2	209	1255	1309
16	14	1	210	1309	1327
16	9	5	211	1372	1440
16	13	5	212	1440	1458
17	3	8	213	0	75
17	0	0	214	239	258
17	10	3	215	264	340
17	7	3	216	398	416
17	2	0	217	468	513
17	0	9	218	518	556
17	5	3	219	667	741
17	6	9	220	817	859
17	11	10	221	882	924
17	12	0	222	1358	1436
18	12	0	223	0	34
18	7	4	224	52	93
18	1	8	225	124	207
18	8	8	226	207	232
18	13	6	227	276	345
18	5	0	228	358	404
18	8	11	229	571	629
18	10	10	230	667	689
18	7	4	231	732	819
18	9	1	232	979	1016
18	1	0	233	1057	1107
18	13	6	234	1107	1137
18	9	5	235	1227	1299
18	1	8	236	1380	1417
18	8	1	237	1429	1451
19	13	6	238	108	166
19	4	5	239	616	697
19	12	2	240	697	781
19	12	3	241	817	828
19	10	6	242	849	889
19	8	11	243	918	939
19	8	11	244	1083	1107
19	6	2	245	1134	1217
19	6	1	246	1231	1251
19	3	8	247	1264	1305
19	5	11	248	1322	1331
19	14	1	249	1331	1384
20	3	2	250	503	577
20	1	0	251	577	626
20	0	9	252	677	722
20	2	2	253	781	855
20	6	1	254	867	913
20	4	6	255	913	985
20	11	7	256	1111	1147
20	8	0	257	1295	1309
20	1	0	258	1309	1354
20	1	11	259	1358	1380
21	9	3	260	75	150
21	3	8	261	346	401
21	1	0	262	648	662
21	9	5	263	697	769
21	5	7	264	909	969
21	6	5	265	989	1010
21	13	6	266	1075	1106
21	11	11	267	1179	1200
21	5	11	268	1302	1322
21	12	11	269	1331	1358
22	0	9	270	0	83
22	6	5	271	119	140
22	7	2	272	242	280
22	5	10	273	288	316
22	5	11	274	325	352
22	11	4	275	361	417
22	13	4	276	417	492
22	9	5	277	769	809
22	14	3	278	909	988
22	2	0	279	1436	1454
23	6	1	280	0	61
23	7	10	281	130	165
23	5	0	282	187	239
23	6	1	283	618	677
23	6	6	284	701	759
23	14	10	285	1017	1056
23	0	10	286	1056	1077
23	4	10	287	1159	1168
23	10	6	288	1212	1242
23	4	3	289	1302	1377
23	2	2	290	1404	1422
24	2	4	291	12	52
24	2	10	292	80	104
24	12	3	293	187	264
24	4	1	294	264	314
24	8	3	295	340	355
24	13	5	296	360	415
24	0	9	297	556	612
24	7	0	298	662	720
24	14	3	299	741	817
24	11	11	300	939	1026
24	0	0	301	1193	1243
24	0	9	302	1243	1288
24	11	7	303	1312	1384
25	4	6	304	0	39
25	13	6	305	75	108
25	2	10	306	108	130
25	5	3	307	150	187
25	1	9	308	211	272
25	1	9	309	272	317
25	14	11	310	409	428
25	14	11	311	428	482
25	1	4	312	492	557
25	8	0	313	971	1020
25	4	5	314	1071	1116
25	7	0	315	1146	1193
25	3	8	316	1305	1377
25	12	11	317	1436	1454
26	3	11	318	97	121
26	8	9	319	168	192
26	12	7	320	266	283
26	6	1	321	340	394
26	4	7	322	706	747
26	8	6	323	759	849
26	7	4	324	882	951
26	13	0	325	1020	1057
26	4	5	326	1116	1159
26	13	7	327	1159	1206
26	6	1	328	1251	1307
26	3	11	329	1380	1432
27	14	7	330	283	352
27	2	1	331	455	468
27	13	7	332	495	530
27	2	1	333	562	612
27	0	9	334	612	657
27	9	5	335	809	892
27	0	9	336	962	1006
27	13	6	337	1057	1075
27	5	7	338	1075	1111
27	3	8	339	1175	1211
27	13	0	340	1243	1295
28	11	4	341	96	199
28	0	0	342	311	358
28	1	8	343	415	452
28	13	7	344	599	636
28	0	9	345	657	677
28	0	9	346	722	809
28	14	7	347	880	909
28	3	2	348	910	984
28	12	3	349	1179	1261
28	5	3	350	1377	1453
29	14	10	351	0	40
29	12	7	352	109	177
29	2	4	353	199	234
29	2	10	354	234	288
29	9	5	355	331	360
29	0	8	356	401	415
29	8	1	357	468	545
29	9	6	358	618	658
29	2	4	359	664	704
29	5	7	360	747	778
29	13	7	361	812	880
29	13	5	362	892	954
29	12	7	363	1005	1074
29	8	9	364	1136	1219


Solution History:
