This is the output of Heuristic Solver for Dual resource constrained flexible job shop Scheduling Problem.
Input file is: wfjsp19_3.txt
Method: LBBD_CP_TS
Seed: 1
Number of Jobs: 20
Number of Operations: 209
Number of Machines: 10
Number of Operators: 8
CPU Time: 3600.12
obj: 1393
Best found lower bound:1293
Solver gap (best found lower bound and upper bound difference): Not known


Final Solution:
Job	Machine	Operator	Operation	Start Time	Finish Time
0	9	7	0	181	252
0	1	1	1	262	278
0	3	2	2	281	299
0	6	0	3	314	392
0	5	5	4	435	507
0	7	4	5	561	627
0	1	1	6	658	737
0	1	6	7	761	796
0	4	2	8	814	905
0	3	5	9	905	919
0	6	4	10	919	975
0	0	0	11	977	1071
0	5	1	12	1071	1089
0	8	7	13	1089	1191
1	8	5	14	60	162
1	2	0	15	529	559
1	8	3	16	632	684
1	9	7	17	726	742
1	9	2	18	742	814
1	6	3	19	1157	1169
1	4	2	20	1238	1265
2	3	1	21	0	43
2	0	0	22	101	193
2	8	3	23	217	282
2	7	5	24	291	322
2	1	3	25	383	458
2	3	1	26	531	627
2	8	3	27	684	695
2	5	1	28	737	776
2	2	0	29	786	883
2	4	2	30	905	946
2	2	5	31	1100	1128
2	7	2	32	1128	1193
3	9	6	33	0	57
3	3	5	34	162	221
3	5	1	35	291	388
3	9	7	36	554	653
3	6	3	37	792	807
3	6	3	38	883	914
3	5	1	39	919	1001
3	6	4	40	1010	1023
3	6	4	41	1023	1046
3	9	6	42	1073	1123
3	6	6	43	1179	1214
3	5	3	44	1238	1286
3	2	7	45	1295	1393
4	1	3	46	0	83
4	4	6	47	175	246
4	9	6	48	301	316
4	8	4	49	340	355
4	2	2	50	417	467
4	6	3	51	487	558
4	6	3	52	558	594
4	0	1	53	632	654
4	2	5	54	663	716
4	7	4	55	811	837
4	8	3	56	914	945
4	3	2	57	1008	1086
4	9	6	58	1214	1286
4	0	0	59	1290	1381
5	9	6	60	316	426
5	3	1	61	496	508
5	5	5	62	535	592
5	6	3	63	695	792
5	1	6	64	955	990
5	5	1	65	1041	1069
5	4	6	66	1123	1177
5	4	2	67	1343	1380
6	2	2	68	0	72
6	5	3	69	83	95
6	8	7	70	355	457
6	3	4	71	681	746
6	8	5	72	807	835
6	8	4	73	837	914
6	2	5	74	1128	1157
6	4	3	75	1179	1238
6	8	5	76	1238	1248
6	6	0	77	1254	1290
6	1	6	78	1361	1373
7	7	2	79	667	742
7	0	1	80	776	848
7	3	5	81	919	968
7	8	3	82	1063	1081
7	5	5	83	1287	1318
7	5	3	84	1319	1334
8	6	4	85	0	83
8	1	7	86	143	181
8	7	1	87	225	262
8	8	7	88	289	312
8	3	5	89	322	354
8	0	1	90	406	460
8	4	6	91	501	554
8	4	6	92	554	578
8	2	2	93	623	656
8	2	4	94	746	784
8	1	6	95	796	866
8	2	7	96	948	989
8	1	6	97	990	1071
8	1	1	98	1189	1289
9	2	2	99	143	215
9	0	4	100	285	340
9	9	6	101	426	458
9	1	7	102	458	554
9	5	5	103	592	663
9	9	6	104	866	898
9	9	7	105	937	948
9	8	3	106	948	1014
9	4	2	107	1086	1122
10	6	4	108	83	148
10	1	3	109	282	383
10	6	0	110	392	487
10	1	0	111	559	658
10	4	6	112	708	761
10	6	4	113	975	1010
10	0	3	114	1081	1107
10	3	1	115	1151	1189
10	7	4	116	1285	1318
10	5	3	117	1334	1346
11	6	4	118	148	215
11	0	4	119	215	285
11	0	1	120	388	406
11	7	4	121	432	489
11	9	0	122	489	529
11	6	2	123	594	623
11	0	0	124	658	739
11	3	7	125	746	800
11	1	6	126	898	955
11	5	1	127	1089	1151
11	0	4	128	1157	1226
11	1	1	129	1289	1361
11	7	1	130	1361	1385
12	4	7	131	0	68
12	0	0	132	78	101
12	4	6	133	117	175
12	5	4	134	390	432
12	2	5	135	716	743
12	7	1	136	848	919
12	6	4	137	1046	1101
13	3	1	138	43	83
13	3	2	139	83	135
13	7	1	140	135	191
13	8	3	141	191	217
13	2	7	142	314	346
13	8	2	143	467	577
13	4	6	144	643	708
13	8	7	145	711	726
13	5	4	146	784	811
13	5	5	147	835	902
13	4	2	148	946	1008
13	2	5	149	1044	1100
13	8	2	150	1193	1236
13	2	5	151	1254	1287
13	8	3	152	1287	1319
14	8	5	153	0	60
14	7	1	154	83	131
14	9	7	155	252	289
14	7	4	156	355	390
14	0	3	157	460	485
14	7	0	158	742	786
14	2	7	159	896	937
14	0	3	160	1107	1143
14	0	4	161	1226	1285
14	9	6	162	1286	1354
15	9	6	163	57	117
15	4	6	164	246	288
15	6	4	165	1101	1157
15	4	2	166	1265	1343
15	5	3	167	1346	1375
16	0	0	168	0	78
16	1	1	169	202	225
16	6	2	170	225	281
16	0	3	171	594	632
16	3	2	172	656	667
16	3	7	173	800	896
16	9	7	174	989	1073
16	5	5	175	1174	1234
16	6	4	176	1318	1386
17	2	7	177	72	143
17	2	0	178	215	314
17	3	5	179	354	435
17	4	6	180	467	501
17	3	1	181	508	531
17	6	4	182	627	681
17	8	5	183	743	807
17	6	3	184	807	883
17	0	0	185	883	977
17	8	3	186	1014	1063
17	7	0	187	1071	1097
17	9	5	188	1157	1174
17	3	7	189	1191	1295
18	3	1	190	460	496
18	5	5	191	507	535
18	5	1	192	1001	1041
18	1	0	193	1097	1175
18	2	0	194	1175	1254
19	1	3	195	95	133
19	5	3	196	133	185
19	7	1	197	191	202
19	5	5	198	221	291
19	6	6	199	291	301
19	4	2	200	301	367
19	2	2	201	367	417
19	4	6	202	458	467
19	0	4	203	489	561
19	4	6	204	578	643
19	9	7	205	653	711
19	7	5	206	968	1044
19	6	3	207	1169	1179
19	3	5	208	1318	1389


Solution History:
