This is the output of Heuristic Solver for Dual resource constrained flexible job shop Scheduling Problem.
Input file is: wfjsp24_9.txt
Method: LBBD_CP_TS
Seed: 1
Number of Jobs: 40
Number of Operations: 284
Number of Machines: 15
Number of Operators: 12
CPU Time: 3600.17
obj: 1214
Best found lower bound:1134
Solver gap (best found lower bound and upper bound difference): Not known


Final Solution:
Job	Machine	Operator	Operation	Start Time	Finish Time
0	4	6	0	56	128
0	13	5	1	315	359
0	6	7	2	419	481
0	2	5	3	551	607
0	8	7	4	1069	1095
1	2	0	5	0	78
1	8	7	6	192	248
1	8	11	7	296	316
1	14	2	8	318	376
1	2	6	9	412	471
1	12	9	10	674	758
1	12	0	11	814	889
1	13	9	12	1136	1213
2	9	4	13	273	322
2	2	9	14	648	674
2	1	7	15	675	728
2	2	5	16	728	743
2	11	4	17	790	873
2	10	4	18	1043	1068
2	4	6	19	1086	1105
2	8	5	20	1115	1149
3	8	8	21	62	101
3	2	2	22	175	187
3	5	0	23	1021	1040
3	1	0	24	1040	1059
3	9	11	25	1089	1149
3	5	6	26	1161	1212
4	7	0	27	78	155
4	11	4	28	188	273
4	13	5	29	397	488
4	11	1	30	642	698
4	10	6	31	1105	1161
5	6	7	32	52	114
5	0	3	33	156	222
5	3	5	34	223	237
5	11	1	35	273	348
5	4	1	36	446	475
5	12	0	37	510	529
5	12	10	38	660	674
5	13	3	39	1034	1093
6	12	10	40	308	367
6	9	10	41	421	501
6	10	9	42	577	602
6	11	1	43	698	717
6	9	5	44	743	766
6	10	6	45	799	835
6	8	7	46	982	1027
6	14	2	47	1052	1136
6	9	5	48	1149	1187
6	9	4	49	1194	1212
7	10	9	50	0	84
7	13	9	51	367	397
7	4	11	52	496	558
7	9	11	53	566	595
7	2	9	54	617	648
7	9	2	55	658	721
7	0	10	56	1065	1140
7	3	8	57	1140	1153
7	12	8	58	1153	1184
8	11	1	59	0	73
8	6	7	60	114	158
8	4	11	61	259	296
8	0	3	62	296	367
8	10	0	63	379	434
8	14	2	64	459	516
8	9	11	65	819	889
8	11	11	66	962	977
9	9	11	67	0	9
9	5	8	68	102	138
9	14	5	69	237	315
9	0	11	70	376	401
9	7	7	71	591	624
10	1	2	72	17	53
10	13	2	73	114	175
10	13	0	74	230	303
10	6	6	75	303	354
10	9	1	76	354	382
10	5	9	77	397	469
10	12	9	78	469	508
10	0	6	79	712	764
10	4	11	80	977	1006
10	13	3	81	1093	1128
11	13	9	82	187	221
11	1	1	83	258	273
11	2	7	84	349	401
11	1	11	85	925	962
11	9	11	86	1006	1089
12	14	11	87	9	66
12	5	9	88	84	102
12	14	2	89	436	459
12	10	5	90	640	722
12	4	1	91	1027	1063
12	14	0	92	1138	1214
13	14	0	93	155	230
13	7	9	94	324	367
13	1	4	95	582	595
13	3	6	96	612	648
13	6	5	97	766	822
13	0	3	98	829	896
13	5	9	99	1052	1136
14	8	7	100	167	192
14	6	6	101	354	412
14	2	10	102	501	545
14	1	7	103	563	582
14	8	0	104	712	792
14	1	4	105	873	925
14	1	4	106	1082	1137
15	0	3	107	24	94
15	2	2	108	187	198
15	8	8	109	603	668
15	14	11	110	718	778
15	2	9	111	853	870
15	0	3	112	896	965
15	12	9	113	965	1052
16	10	6	114	128	154
16	4	1	115	165	193
16	5	2	116	198	279
16	10	11	117	434	496
16	0	0	118	657	712
16	9	1	119	774	806
16	14	11	120	889	916
16	6	5	121	950	1009
16	1	4	122	1137	1194
17	7	8	123	0	62
17	14	11	124	66	151
17	10	10	125	154	218
17	2	6	126	218	241
17	1	2	127	279	318
17	0	7	128	401	419
17	5	6	129	471	543
17	13	4	130	646	715
17	11	7	131	873	959
17	5	2	132	959	1015
18	2	9	133	102	156
18	8	5	134	359	390
18	8	11	135	401	431
18	4	9	136	562	577
18	4	11	137	595	655
18	5	8	138	789	849
18	10	6	139	860	886
18	8	5	140	894	950
18	0	3	141	965	1034
19	3	1	142	73	138
19	9	11	143	165	213
19	0	3	144	568	637
19	4	1	145	872	959
19	6	5	146	1041	1086
19	6	5	147	1086	1115
20	5	5	148	0	30
20	12	4	149	61	128
20	5	8	150	668	730
20	5	8	151	730	789
20	14	11	152	789	819
20	3	5	153	822	835
20	6	5	154	835	894
20	2	6	155	946	977
20	12	0	156	1059	1138
20	3	5	157	1187	1209
21	5	5	158	30	59
21	3	6	159	154	166
21	0	3	160	222	290
21	4	11	161	316	376
21	7	8	162	535	591
21	10	9	163	602	617
21	0	3	164	764	829
21	7	8	165	1068	1140
21	8	7	166	1149	1201
22	8	8	167	453	535
22	11	1	168	566	642
22	7	10	169	675	763
22	7	10	170	763	838
22	10	0	171	889	947
22	11	6	172	977	1029
23	2	7	173	248	307
23	3	3	174	709	751
23	12	6	175	889	946
23	3	8	176	977	1006
23	2	6	177	1029	1086
24	8	10	178	0	54
24	5	5	179	59	72
24	12	8	180	138	183
24	1	1	181	193	258
24	1	4	182	322	339
24	11	4	183	348	435
24	7	0	184	435	510
24	13	0	185	529	540
24	5	6	186	543	612
24	4	6	187	655	712
25	12	4	188	0	61
25	11	7	189	158	167
25	14	11	190	655	718
25	14	6	191	835	860
25	10	7	192	959	982
25	6	5	193	1009	1041
25	11	11	194	1149	1208
26	9	1	195	138	165
26	10	0	196	303	379
26	10	4	197	516	545
26	14	4	198	925	997
26	14	2	199	1015	1052
27	1	2	200	0	17
27	11	3	201	94	156
27	3	6	202	166	211
27	10	10	203	218	302
27	5	8	204	306	389
27	1	1	205	962	1027
28	1	10	206	54	125
28	9	11	207	213	259
28	1	10	208	367	421
28	1	4	209	435	446
28	11	7	210	481	563
28	2	0	211	792	814
28	7	8	212	923	977
29	3	7	213	0	29
29	6	6	214	241	294
29	7	9	215	308	324
29	9	1	216	501	566
29	6	3	217	637	659
29	1	7	218	742	793
30	3	7	219	29	52
30	9	5	220	72	106
30	3	7	221	307	349
30	0	3	222	435	501
30	13	2	223	574	592
30	11	1	224	717	774
30	13	2	225	803	887
30	2	2	226	1136	1200
31	12	9	227	221	308
31	8	10	228	545	603
31	5	5	229	612	640
31	13	2	230	721	803
31	10	4	231	1068	1082
32	1	4	232	446	516
32	14	2	233	516	572
32	7	8	234	849	923
32	13	0	235	948	1021
32	11	1	236	1063	1141
33	7	3	237	367	435
33	13	0	238	540	574
33	1	10	239	603	660
33	8	3	240	668	709
33	1	7	241	728	742
33	3	10	242	838	921
33	7	10	243	992	1065
33	3	7	244	1095	1136
33	12	8	245	1184	1203
34	6	9	246	508	562
34	3	8	247	591	603
34	10	4	248	722	790
34	8	7	249	793	865
34	9	10	250	921	992
34	3	8	251	1006	1068
35	5	9	252	156	187
35	7	8	253	187	229
35	3	1	254	382	446
35	0	3	255	501	568
35	9	2	256	595	658
35	7	3	257	1140	1204
36	4	11	258	151	164
36	6	5	259	167	223
36	12	0	260	579	657
36	3	6	261	764	799
36	13	2	262	887	948
37	13	2	263	53	114
37	1	4	264	128	188
37	3	8	265	237	306
37	4	2	266	376	436
37	6	1	267	481	499
37	12	4	268	545	579
37	7	7	269	624	675
37	1	1	270	806	872
37	5	9	271	872	957
37	6	1	272	1141	1213
38	0	3	273	0	24
38	0	10	274	125	142
38	12	8	275	389	453
38	8	7	276	1027	1069
38	0	10	277	1140	1214
39	4	6	278	0	56
39	8	5	279	106	167
39	3	5	280	488	551
39	14	4	281	595	646
39	4	9	282	758	853
39	10	4	283	997	1043


Solution History:
