This is the output of Heuristic Solver for Dual resource constrained flexible job shop Scheduling Problem.
Input file is: wfjsp12_9.txt
Method: LBBD_CP_TS
Seed: 1
Number of Jobs: 25
Number of Operations: 188
Number of Machines: 10
Number of Operators: 10
CPU Time: 3600.12
obj: 980
Best found lower bound:883
Solver gap (best found lower bound and upper bound difference): Not known


Final Solution:
Job	Machine	Operator	Operation	Start Time	Finish Time
0	4	7	0	362	434
0	1	1	1	434	476
0	1	2	2	476	543
0	9	7	3	645	700
0	2	5	4	753	784
1	6	1	5	0	78
1	6	4	6	173	232
1	3	4	7	353	373
1	6	5	8	380	436
1	3	4	9	454	513
1	7	5	10	601	690
1	8	0	11	690	768
1	0	4	12	913	980
2	5	5	13	0	52
2	5	5	14	52	72
2	3	2	15	104	160
2	9	3	16	173	188
2	5	8	17	220	301
2	3	2	18	373	398
2	4	0	19	434	453
2	2	6	20	939	971
3	9	3	21	0	47
3	7	3	22	387	397
3	9	8	23	540	562
3	5	8	24	645	667
3	5	1	25	833	890
3	3	3	26	923	980
4	2	0	27	90	188
4	7	9	28	223	315
4	8	0	29	324	400
4	8	0	30	590	646
4	7	2	31	837	894
5	2	0	32	35	90
5	0	4	33	90	156
5	9	3	34	309	322
5	6	7	35	436	517
5	3	3	36	575	609
5	9	8	37	620	639
5	0	4	38	639	652
5	1	8	39	680	738
6	6	4	40	232	289
6	5	9	41	396	479
6	4	0	42	479	500
6	9	8	43	521	540
6	0	4	44	540	562
6	4	5	45	562	599
6	6	9	46	601	639
6	7	5	47	690	753
6	4	7	48	827	872
6	5	8	49	890	909
7	7	9	50	0	84
7	1	8	51	88	117
7	9	3	52	188	248
7	9	3	53	248	277
7	2	6	54	294	320
7	2	6	55	320	384
7	0	4	56	680	751
7	8	0	57	832	847
7	1	2	58	894	925
8	8	7	59	0	91
8	8	9	60	91	132
8	7	9	61	479	519
8	0	4	62	562	633
8	9	7	63	700	759
8	9	7	64	759	816
8	3	3	65	862	923
8	5	8	66	965	977
9	5	1	67	152	161
9	2	0	68	188	221
9	1	2	69	290	357
9	0	4	70	513	537
9	0	4	71	849	882
10	9	3	72	47	74
10	9	5	73	74	135
10	7	6	74	136	219
10	0	7	75	302	354
10	5	1	76	479	508
10	1	2	77	543	611
10	8	0	78	646	688
10	6	1	79	743	797
10	3	3	80	834	862
10	4	7	81	929	975
11	1	8	82	117	153
11	3	2	83	160	174
11	3	4	84	297	353
11	4	7	85	599	645
11	3	3	86	748	834
12	1	2	87	174	229
12	8	6	88	229	247
12	8	0	89	304	324
12	7	9	90	519	601
12	6	1	91	797	833
12	9	9	92	892	976
13	1	8	93	0	88
13	7	6	94	91	136
13	5	1	95	140	152
13	9	3	96	277	309
13	8	6	97	463	520
13	4	9	98	645	727
13	6	1	99	892	971
14	9	5	100	135	163
14	0	1	101	243	302
14	6	7	102	517	553
14	2	6	103	570	592
14	2	6	104	664	750
14	8	0	105	847	901
14	5	8	106	909	965
15	4	0	107	225	304
15	1	2	108	357	368
15	9	5	109	436	496
15	4	5	110	500	556
15	8	0	111	573	590
15	1	2	112	611	680
15	4	9	113	740	827
16	0	4	114	0	25
16	5	1	115	78	103
16	4	5	116	164	225
16	1	2	117	229	290
16	3	4	118	398	454
16	2	3	119	459	486
16	2	3	120	486	511
16	3	3	121	516	575
16	8	0	122	901	958
17	4	6	123	0	61
17	2	5	124	225	294
17	7	3	125	397	458
17	9	8	126	496	521
17	2	6	127	521	570
17	6	7	128	570	591
17	2	6	129	592	664
17	5	2	130	680	752
17	7	6	131	753	837
17	4	7	132	872	929
18	3	2	133	0	62
18	3	2	134	71	104
18	0	1	135	220	243
18	4	5	136	346	362
18	1	1	137	380	433
18	9	8	138	562	620
18	6	1	139	645	670
18	3	3	140	692	748
18	0	4	141	751	820
19	0	4	142	25	90
19	5	1	143	103	140
19	8	9	144	140	223
19	6	1	145	302	380
19	2	5	146	784	832
19	7	5	147	894	923
20	4	6	148	61	91
20	9	9	149	322	391
20	8	2	150	400	463
20	5	1	151	587	645
20	0	4	152	652	680
20	4	9	153	727	740
20	5	8	154	752	812
20	0	4	155	820	849
20	2	6	156	849	939
20	8	0	157	958	976
21	2	0	158	0	35
21	3	2	159	62	71
21	4	7	160	91	164
21	0	8	161	164	220
21	3	7	162	244	297
21	5	8	163	301	314
21	7	3	164	322	387
21	2	6	165	387	459
21	8	0	166	520	573
22	6	3	167	78	173
22	5	8	168	314	396
22	6	1	169	670	743
22	1	2	170	752	823
22	6	9	171	833	892
22	1	2	172	925	979
23	5	1	173	161	220
23	4	5	174	304	346
23	1	8	175	823	882
23	0	4	176	882	913
23	7	5	177	923	980
24	3	7	178	174	231
24	3	7	179	231	244
24	8	6	180	247	292
24	0	8	181	396	466
24	0	8	182	466	483
24	5	1	183	508	587
24	3	3	184	609	692
24	1	8	185	738	747
24	8	0	186	768	832
24	9	5	187	832	887


Solution History:
