This is the output of Heuristic Solver for Dual resource constrained flexible job shop Scheduling Problem.
Input file is: wfjsp10_2.txt
Method: LBBD_CP_TS
Seed: 1
Number of Jobs: 20
Number of Operations: 160
Number of Machines: 10
Number of Operators: 10
CPU Time: 3600.19
obj: 853
Best found lower bound:763
Solver gap (best found lower bound and upper bound difference): Not known


Final Solution:
Job	Machine	Operator	Operation	Start Time	Finish Time
0	4	1	0	0	80
0	7	1	1	131	207
0	2	8	2	618	641
0	9	5	3	670	710
0	4	3	4	776	791
1	4	1	5	80	108
1	8	5	6	248	315
1	4	2	7	325	334
1	5	1	8	359	432
1	0	7	9	442	480
1	6	6	10	530	586
1	2	8	11	604	618
1	1	8	12	646	715
1	1	2	13	715	786
2	1	0	14	0	68
2	9	0	15	138	207
2	0	7	16	221	250
2	3	9	17	255	298
2	0	7	18	348	364
2	9	0	19	379	434
2	4	3	20	434	511
2	9	1	21	519	600
2	5	9	22	614	676
2	0	7	23	704	773
3	3	4	24	0	67
3	5	3	25	80	98
3	6	6	26	138	149
3	1	5	27	163	248
3	3	8	28	389	409
3	1	2	29	410	490
3	3	8	30	490	575
3	8	9	31	676	694
3	3	4	32	775	847
4	3	4	33	67	146
4	8	2	34	161	215
4	6	0	35	300	320
4	1	2	36	358	410
4	0	7	37	480	513
4	7	7	38	519	587
4	6	6	39	587	674
4	3	0	40	676	695
4	2	8	41	774	787
4	8	5	42	800	828
5	5	1	43	108	125
5	6	6	44	149	189
5	0	7	45	278	348
5	7	9	46	376	418
5	5	5	47	432	530
5	3	0	48	579	676
6	7	9	49	0	66
6	9	6	50	83	114
6	0	7	51	138	204
6	5	3	52	231	269
6	7	4	53	294	320
6	6	6	54	498	530
6	7	7	55	587	642
6	8	9	56	694	722
6	8	5	57	722	791
7	7	9	58	66	131
7	1	5	59	153	163
7	0	7	60	250	278
7	2	4	61	398	447
7	8	9	62	447	528
7	9	8	63	715	773
7	6	6	64	779	852
8	2	8	65	17	75
8	9	6	66	114	134
8	3	9	67	146	235
8	4	2	68	310	325
8	3	8	69	409	482
8	5	1	70	600	614
8	2	4	71	646	702
8	6	6	72	718	779
8	7	0	73	779	835
9	5	4	74	146	207
9	2	1	75	231	327
9	6	3	76	327	382
9	6	6	77	382	440
9	2	4	78	447	537
9	1	8	79	588	601
9	9	1	80	614	670
9	6	6	81	674	718
9	9	1	82	777	831
9	8	5	83	831	846
10	5	3	84	0	80
10	2	8	85	199	222
10	3	8	86	235	255
10	5	1	87	327	359
10	3	8	88	359	389
10	1	2	89	490	588
10	4	2	90	588	651
11	0	7	91	0	78
11	8	2	92	84	161
11	2	8	93	189	199
11	5	1	94	207	231
11	1	8	95	282	358
11	8	5	96	366	432
11	6	0	97	440	498
11	8	9	98	528	614
11	5	9	99	767	853
12	2	8	100	0	17
12	6	6	101	17	83
12	9	6	102	255	320
12	7	9	103	320	376
12	0	7	104	376	442
12	0	3	105	513	589
12	7	7	106	642	674
12	5	1	107	676	727
12	2	8	108	787	853
13	9	5	109	13	76
13	1	5	110	98	153
13	8	2	111	215	246
13	8	5	112	315	366
13	4	0	113	511	579
13	0	3	114	589	660
13	3	0	115	695	707
14	6	6	116	0	13
14	1	8	117	75	98
14	2	8	118	98	189
14	7	4	119	207	294
14	7	7	120	674	704
14	3	0	121	707	775
14	4	3	122	791	848
15	0	7	123	204	221
15	1	8	124	255	282
15	6	0	125	282	300
15	4	2	126	334	345
15	4	0	127	355	376
15	4	3	128	382	396
15	1	5	129	601	609
15	4	3	130	703	776
15	8	5	131	791	800
16	0	7	132	106	138
16	4	0	133	207	262
16	9	6	134	320	379
16	8	5	135	614	669
16	0	2	136	669	699
16	5	9	137	727	767
16	1	2	138	786	842
17	8	2	139	0	84
17	6	0	140	84	138
17	6	6	141	189	255
17	5	3	142	269	323
17	3	0	143	323	355
17	5	5	144	530	597
18	0	7	145	78	106
18	4	2	146	262	310
18	2	4	147	327	398
18	4	3	148	398	427
18	7	1	149	432	481
18	7	1	150	481	519
18	4	3	151	660	703
18	2	4	152	703	774
18	0	7	153	774	842
19	9	5	154	0	13
19	4	3	155	108	199
19	9	6	156	440	495
19	2	4	157	537	604
19	1	4	158	609	646
19	7	1	159	727	777


Solution History:
