This is the output of Heuristic Solver for Dual resource constrained flexible job shop Scheduling Problem.
Input file is: wfjsp17_9.txt
Method: LBBD_CP_TS
Seed: 1
Number of Jobs: 15
Number of Operations: 131
Number of Machines: 5
Number of Operators: 4
CPU Time: 3600
obj: 1566
Best found lower bound:1531
Solver gap (best found lower bound and upper bound difference): Not known


Final Solution:
Job	Machine	Operator	Operation	Start Time	Finish Time
0	3	0	0	241	321
0	2	3	1	333	372
0	2	3	2	449	509
0	1	3	3	758	814
0	3	0	4	1014	1040
0	2	0	5	1090	1168
0	0	2	6	1274	1334
0	3	1	7	1546	1563
1	2	0	8	45	100
1	2	0	9	100	158
1	0	2	10	569	658
1	1	0	11	679	758
1	0	1	12	1334	1401
1	4	2	13	1426	1462
1	3	0	14	1481	1502
1	2	0	15	1509	1562
2	4	2	16	59	72
2	0	2	17	72	160
2	1	0	18	639	658
2	1	0	19	814	833
2	1	1	20	956	986
2	2	3	21	1051	1090
2	2	1	22	1226	1236
2	0	0	23	1401	1420
3	0	0	24	160	179
3	3	0	25	321	377
3	2	0	26	377	428
3	3	0	27	428	505
3	3	3	28	509	594
3	3	3	29	613	697
3	2	3	30	697	752
3	2	0	31	885	944
3	0	2	32	1216	1274
4	1	1	33	14	80
4	2	1	34	158	169
4	4	1	35	389	464
4	2	1	36	1236	1265
4	1	0	37	1277	1296
4	2	1	38	1322	1333
4	1	0	39	1340	1395
4	4	3	40	1509	1566
5	4	1	41	80	155
5	0	2	42	450	474
5	4	2	43	766	783
5	2	3	44	814	833
5	4	2	45	880	914
5	2	3	46	949	990
5	4	3	47	1208	1271
5	1	0	48	1296	1340
6	3	0	49	0	19
6	4	2	50	193	285
6	3	3	51	377	405
6	1	0	52	581	639
6	4	1	53	735	760
6	0	0	54	858	884
6	4	3	55	1271	1334
6	0	1	56	1423	1494
6	4	2	57	1494	1508
6	1	1	58	1519	1546
7	4	1	59	316	389
7	1	3	60	405	449
7	1	1	61	545	581
7	0	1	62	885	956
7	0	2	63	1017	1072
7	3	3	64	1090	1147
7	4	3	65	1147	1208
7	1	1	66	1215	1226
7	4	2	67	1462	1470
8	3	0	68	19	45
8	3	3	69	159	219
8	2	0	70	658	679
8	3	1	71	760	789
8	2	1	72	858	885
8	2	3	73	990	1051
8	0	2	74	1072	1158
8	2	0	75	1168	1219
9	1	3	76	219	247
9	0	1	77	248	316
9	0	2	78	316	358
9	0	2	79	658	712
9	2	0	80	833	858
9	3	0	81	978	1014
9	3	1	82	1292	1322
9	2	1	83	1401	1414
10	0	2	84	0	55
10	4	2	85	160	193
10	1	3	86	247	333
10	0	2	87	358	413
10	0	1	88	528	545
10	3	3	89	594	613
10	4	1	90	661	735
10	4	2	91	844	880
10	4	2	92	1334	1426
10	2	3	93	1426	1509
11	3	3	94	59	102
11	2	1	95	169	179
11	4	2	96	285	315
11	2	0	97	524	579
11	0	1	98	789	856
11	4	1	99	986	1065
11	1	0	100	1065	1090
11	3	0	101	1219	1277
12	0	2	102	413	450
12	0	0	103	505	524
12	4	1	104	581	661
12	0	2	105	712	766
12	3	3	106	894	949
12	1	1	107	1145	1215
12	3	1	108	1414	1423
12	1	0	109	1423	1481
12	0	2	110	1508	1564
13	2	1	111	0	14
13	0	1	112	179	248
13	4	2	113	474	569
13	0	0	114	766	788
13	3	0	115	789	814
13	1	3	116	833	894
13	4	2	117	914	974
13	0	2	118	1158	1216
13	2	1	119	1265	1292
13	1	1	120	1494	1519
14	4	3	121	0	59
14	1	3	122	102	159
14	2	0	123	179	241
14	1	1	124	464	528
14	4	2	125	783	844
14	0	0	126	956	978
14	0	2	127	978	1017
14	3	0	128	1040	1061
14	4	1	129	1065	1145
14	3	3	130	1334	1403


Solution History:
