This is the output of Heuristic Solver for Dual resource constrained flexible job shop Scheduling Problem.
Input file is: wfjsp15_7.txt
Method: LBBD_CP_TS
Seed: 1
Number of Jobs: 30
Number of Operations: 386
Number of Machines: 15
Number of Operators: 15
CPU Time: 3600.12
obj: 1315
Best found lower bound:1136
Solver gap (best found lower bound and upper bound difference): Not known


Final Solution:
Job	Machine	Operator	Operation	Start Time	Finish Time
0	8	1	0	97	177
0	8	1	1	286	298
0	9	11	2	464	501
0	6	13	3	505	607
0	10	7	4	666	685
0	14	2	5	685	725
0	3	0	6	819	853
0	1	8	7	874	911
0	3	0	8	916	925
0	7	10	9	936	980
0	10	2	10	1010	1092
0	10	2	11	1092	1151
0	7	9	12	1161	1234
1	7	10	13	0	56
1	8	7	14	195	233
1	3	6	15	254	272
1	14	8	16	286	359
1	13	9	17	374	448
1	13	9	18	591	657
1	8	12	19	662	727
1	12	5	20	747	809
1	14	2	21	809	842
1	7	2	22	998	1009
1	13	3	23	1046	1118
1	1	0	24	1124	1137
1	0	1	25	1156	1213
1	3	10	26	1224	1233
1	10	4	27	1238	1311
2	10	3	28	0	47
2	5	4	29	83	113
2	6	13	30	128	199
2	1	3	31	327	400
2	8	12	32	428	499
2	9	11	33	520	532
2	7	14	34	579	658
2	10	8	35	685	757
2	0	8	36	757	779
2	6	8	37	779	806
2	12	5	38	809	842
2	3	0	39	853	916
2	11	12	40	916	990
2	14	12	41	1000	1067
2	7	8	42	1073	1161
3	14	7	43	101	137
3	9	1	44	177	206
3	5	2	45	501	537
3	2	4	46	578	658
3	0	0	47	687	741
3	9	7	48	758	821
3	10	6	49	851	905
3	10	6	50	905	923
3	12	5	51	958	991
3	4	9	52	1236	1307
4	6	7	53	76	101
4	14	14	54	194	210
4	7	11	55	217	270
4	9	14	56	273	341
4	3	6	57	405	443
4	5	2	58	462	501
4	13	9	59	522	539
4	4	14	60	542	567
4	9	1	61	596	626
4	12	10	62	668	719
4	3	0	63	741	819
4	14	2	64	842	922
4	5	2	65	936	998
4	1	12	66	1138	1218
4	11	10	67	1233	1315
5	2	0	68	275	333
5	3	2	69	333	394
5	5	13	70	394	416
5	2	3	71	437	495
5	3	0	72	517	574
5	9	7	73	686	758
5	1	8	74	820	874
5	11	12	75	888	912
5	3	13	76	1071	1113
5	13	3	77	1118	1185
5	2	0	78	1185	1225
6	6	8	79	39	72
6	11	5	80	308	377
6	3	2	81	394	405
6	5	2	82	416	431
6	12	7	83	431	479
6	9	12	84	501	520
6	12	10	85	645	668
6	6	4	86	706	774
6	4	14	87	898	959
6	11	5	88	1022	1067
6	8	4	89	1095	1106
6	5	2	90	1151	1229
6	5	2	91	1229	1260
6	8	0	92	1273	1313
7	4	2	93	77	94
7	4	2	94	255	284
7	1	10	95	437	508
7	4	14	96	527	542
7	6	13	97	607	666
7	14	8	98	666	683
7	7	14	99	683	745
7	13	9	100	760	831
7	12	13	101	900	925
7	10	4	102	932	1010
7	0	6	103	1047	1097
7	13	3	104	1185	1213
7	8	7	105	1213	1273
8	11	5	106	21	85
8	6	14	107	101	128
8	1	3	108	186	252
8	0	6	109	275	300
8	8	12	110	332	360
8	12	11	111	368	382
8	2	8	112	495	521
8	0	9	113	539	582
8	13	9	114	657	728
8	5	13	115	728	784
8	2	10	116	800	865
8	7	2	117	923	936
8	12	13	118	992	1046
9	14	1	119	51	95
9	1	3	120	400	437
9	11	6	121	518	599
9	0	6	122	599	637
9	11	5	123	669	747
9	10	4	124	774	851
9	2	10	125	1049	1133
9	6	8	126	1173	1217
9	0	11	127	1236	1276
9	5	2	128	1292	1306
10	13	6	129	0	35
10	10	4	130	47	83
10	4	2	131	94	107
10	5	8	132	117	161
10	10	4	133	176	257
10	0	1	134	300	308
10	2	0	135	333	372
10	5	13	136	784	852
10	8	4	137	1010	1079
10	4	9	138	1091	1159
11	12	6	139	35	49
11	12	10	140	56	94
11	10	10	141	117	162
11	11	12	142	162	220
11	14	12	143	220	286
11	4	0	144	372	434
11	11	5	145	456	518
11	1	3	146	557	581
11	4	11	147	607	691
11	14	2	148	725	807
11	8	12	149	826	856
11	2	10	150	865	931
11	13	9	151	931	1001
11	3	10	152	1029	1049
11	0	11	153	1276	1305
12	9	13	154	0	30
12	4	6	155	51	77
12	12	11	156	97	165
12	2	8	157	185	227
12	8	12	158	360	428
12	5	2	159	431	462
12	0	0	160	462	517
12	5	2	161	537	621
12	8	12	162	727	796
12	6	14	163	830	898
12	1	8	164	911	993
12	6	7	165	1098	1121
12	2	4	166	1133	1159
12	3	0	167	1159	1171
12	12	5	168	1176	1238
13	5	14	169	0	76
13	7	13	170	76	98
13	4	11	171	165	204
13	11	5	172	223	237
13	8	1	173	253	286
13	3	2	174	286	327
13	13	7	175	539	591
13	9	1	176	626	656
13	7	14	177	658	682
13	12	5	178	925	958
13	2	3	179	989	1046
13	3	13	180	1049	1071
13	1	0	181	1112	1124
13	11	10	182	1176	1216
13	14	12	183	1228	1294
14	12	4	184	0	27
14	13	7	185	145	195
14	3	10	186	211	254
14	10	8	187	265	274
14	4	11	188	284	368
14	12	5	189	534	603
14	2	1	190	658	721
14	5	4	191	852	932
14	9	1	192	963	996
14	6	14	193	1001	1069
15	2	4	194	113	176
15	3	10	195	176	211
15	13	1	196	213	253
15	1	3	197	253	327
15	14	8	198	427	480
15	6	13	199	494	505
15	1	3	200	632	713
15	11	1	201	846	888
15	6	7	202	898	922
15	0	6	203	923	973
15	9	7	204	996	1061
15	3	6	205	1113	1147
15	6	13	206	1224	1315
16	6	8	207	0	39
16	14	1	208	39	51
16	0	0	209	55	113
16	2	8	210	176	185
16	8	11	211	501	518
16	3	2	212	621	679
16	8	12	213	856	885
16	9	1	214	891	963
16	13	9	215	1001	1043
16	11	5	216	1067	1097
16	8	4	217	1106	1125
17	3	2	218	0	65
17	9	12	219	77	159
17	11	5	220	237	308
17	0	6	221	308	391
17	10	4	222	391	436
17	7	9	223	448	522
17	10	8	224	522	568
17	1	3	225	581	632
17	3	6	226	687	739
17	11	14	227	747	823
17	9	7	228	823	891
17	14	0	229	963	1000
17	8	7	230	1125	1203
17	12	5	231	1238	1315
18	8	11	232	0	97
18	0	6	233	113	190
18	6	4	234	258	332
18	14	1	235	359	375
18	2	1	236	375	437
18	4	14	237	437	527
18	2	4	238	527	578
18	10	8	239	578	666
18	11	9	240	831	841
18	11	5	241	991	1022
18	6	4	242	1079	1095
18	4	11	243	1164	1191
18	2	8	244	1225	1308
19	13	9	245	77	145
19	7	9	246	145	217
19	2	8	247	227	265
19	8	12	248	298	332
19	5	13	249	341	384
19	11	5	250	384	456
19	1	3	251	508	557
19	4	11	252	578	607
19	5	13	253	706	715
19	13	9	254	728	760
19	12	13	255	852	900
19	4	14	256	959	1001
19	8	1	257	1079	1093
19	14	14	258	1138	1228
19	13	1	259	1228	1309
20	13	12	260	35	77
20	7	13	261	98	127
20	0	0	262	191	275
20	12	10	263	275	357
20	6	7	264	409	421
20	12	10	265	508	534
20	9	11	266	534	578
20	5	7	267	621	657
20	0	6	268	973	1047
20	1	0	269	1057	1112
20	11	5	270	1112	1176
20	3	6	271	1233	1306
20	14	12	272	1306	1315
21	1	3	273	55	107
21	1	3	274	107	186
21	12	9	275	223	273
21	10	7	276	310	331
21	10	4	277	332	368
21	7	10	278	368	437
21	10	4	279	437	514
21	5	4	280	658	699
21	7	1	281	789	846
21	4	0	282	1001	1057
22	14	14	283	137	194
22	9	13	284	206	273
22	13	1	285	310	335
22	6	7	286	335	409
22	9	1	287	437	464
22	13	1	288	464	521
22	7	1	289	522	579
22	14	12	290	592	659
22	6	13	291	695	706
22	1	3	292	713	792
22	0	5	293	842	921
22	5	14	294	1069	1136
22	6	8	295	1161	1173
23	2	7	296	21	76
23	5	13	297	273	341
23	9	14	298	341	359
23	13	9	299	359	374
23	0	11	300	391	453
23	14	10	301	534	592
23	4	11	302	691	734
23	6	3	303	820	830
23	8	11	304	885	953
23	8	11	305	953	998
23	4	11	306	1073	1089
23	6	13	307	1121	1149
23	4	11	308	1191	1203
23	4	11	309	1203	1236
23	1	3	310	1239	1302
24	14	1	311	0	9
24	0	1	312	9	37
24	10	8	313	83	117
24	5	2	314	165	224
24	8	7	315	233	251
24	9	14	316	359	428
24	7	11	317	745	789
24	8	12	318	796	826
24	7	9	319	846	923
24	1	1	320	1022	1051
24	9	7	321	1061	1098
24	12	11	322	1098	1164
24	9	13	323	1164	1224
24	7	14	324	1234	1313
25	9	13	325	30	75
25	3	6	326	77	97
25	4	2	327	107	165
25	4	6	328	213	254
25	6	13	329	421	494
25	3	7	330	591	618
25	0	6	331	637	687
25	3	3	332	925	987
25	5	8	333	998	1067
25	3	6	334	1171	1224
26	4	9	335	0	51
26	2	14	336	76	100
26	3	0	337	113	175
26	8	0	338	177	191
26	13	6	339	195	213
26	6	14	340	213	258
26	12	10	341	603	645
26	3	10	342	987	1029
26	14	12	343	1067	1138
26	10	4	344	1159	1238
27	14	7	345	480	530
27	8	0	346	574	662
27	6	13	347	666	695
27	2	1	348	721	730
27	2	10	349	730	800
27	1	3	350	800	820
27	13	3	351	831	920
27	6	13	352	925	992
27	1	1	353	996	1022
27	9	1	354	1098	1156
27	2	10	355	1159	1171
27	1	3	356	1218	1239
27	9	0	357	1239	1273
27	9	7	358	1273	1291
27	9	7	359	1291	1311
28	1	0	360	0	55
28	11	5	361	85	159
28	12	5	362	165	223
28	5	2	363	224	255
28	5	14	364	258	273
28	7	9	365	273	349
28	10	4	366	368	391
28	3	6	367	443	509
28	8	12	368	520	562
28	11	5	369	603	669
28	0	6	370	787	838
28	2	7	371	931	989
28	8	11	372	998	1007
28	7	11	373	1009	1073
28	5	2	374	1260	1292
29	11	7	375	0	21
29	7	9	376	56	72
29	3	10	377	97	111
29	13	7	378	253	310
29	14	8	379	375	427
29	0	1	380	582	596
29	9	0	381	662	686
29	4	6	382	739	787
29	4	11	383	789	872
29	14	0	384	925	963
29	12	9	385	1046	1091


Solution History:
