This is the output of Heuristic Solver for Dual resource constrained flexible job shop Scheduling Problem.
Input file is: wfjsp10_8.txt
Method: LBBD_CP_TS
Seed: 1
Number of Jobs: 20
Number of Operations: 151
Number of Machines: 10
Number of Operators: 10
CPU Time: 3600.1
obj: 840
Best found lower bound:740
Solver gap (best found lower bound and upper bound difference): Not known


Final Solution:
Job	Machine	Operator	Operation	Start Time	Finish Time
0	6	0	0	0	27
0	5	0	1	306	368
0	0	5	2	423	452
0	9	0	3	644	704
0	3	5	4	766	840
1	2	3	5	85	139
1	1	6	6	345	413
1	7	2	7	420	432
1	1	9	8	484	537
1	6	3	9	584	638
1	6	9	10	644	671
1	4	9	11	674	757
1	6	7	12	763	771
2	4	5	13	0	89
2	8	9	14	138	156
2	1	6	15	220	274
2	0	5	16	452	522
2	1	7	17	604	633
2	9	1	18	704	764
2	0	6	19	776	819
3	9	8	20	0	42
3	1	3	21	42	85
3	7	2	22	85	140
3	4	5	23	140	202
3	7	2	24	271	329
3	3	1	25	351	440
3	2	3	26	443	519
3	7	2	27	606	668
3	8	8	28	674	745
3	8	8	29	745	817
4	1	1	30	85	146
4	3	3	31	156	221
4	1	6	32	291	345
4	5	3	33	393	432
4	2	7	34	519	604
4	0	6	35	621	704
4	4	9	36	757	785
5	6	0	37	27	52
5	0	4	38	52	126
5	6	7	39	149	160
5	6	7	40	172	239
5	8	8	41	245	275
5	4	5	42	349	358
5	4	8	43	529	573
5	9	1	44	584	626
6	0	4	45	126	175
6	8	8	46	343	437
6	4	8	47	446	484
6	5	3	48	519	566
6	7	2	49	668	725
6	5	0	50	761	836
7	6	7	51	160	172
7	4	5	52	202	218
7	3	3	53	221	267
7	5	0	54	584	640
7	1	3	55	750	766
7	6	7	56	771	839
8	9	8	57	42	104
8	7	2	58	140	213
8	9	9	59	227	263
8	2	1	60	270	351
8	9	9	61	351	416
8	2	6	62	416	443
8	4	8	63	573	590
8	1	7	64	677	721
9	6	7	65	52	121
9	8	8	66	231	245
9	8	8	67	275	300
9	8	8	68	300	343
9	5	1	69	440	498
9	1	9	70	537	598
9	9	9	71	626	644
9	3	5	72	689	766
9	7	9	73	785	829
10	1	3	74	0	29
10	6	7	75	121	149
10	0	4	76	175	199
10	2	1	77	208	270
10	6	7	78	308	349
10	0	5	79	588	616
10	1	3	80	766	836
11	7	2	81	59	84
11	3	6	82	93	156
11	7	2	83	213	271
11	0	4	84	271	357
11	7	2	85	483	571
11	3	6	86	582	621
11	5	4	87	641	707
11	5	0	88	707	761
12	5	1	89	0	75
12	5	0	90	189	244
12	9	9	91	263	347
12	9	0	92	416	489
12	0	5	93	522	588
12	7	2	94	588	606
12	3	5	95	621	689
12	7	4	96	725	779
13	5	0	97	75	165
13	1	6	98	165	220
13	4	5	99	220	280
13	1	9	100	416	484
13	9	1	101	498	584
13	4	8	102	590	674
13	0	6	103	704	776
14	3	6	104	0	93
14	5	0	105	165	189
14	0	4	106	250	268
14	6	7	107	349	421
14	7	2	108	432	464
14	7	2	109	464	483
14	8	4	110	508	563
14	2	1	111	626	695
15	2	2	112	0	42
15	8	9	113	66	138
15	5	0	114	244	306
15	7	2	115	329	420
15	4	8	116	484	529
15	8	4	117	563	641
15	6	7	118	750	763
15	9	1	119	764	823
15	2	6	120	823	839
16	8	8	121	163	231
16	6	7	122	239	308
16	3	3	123	308	341
16	4	4	124	358	446
16	1	7	125	633	677
16	6	3	126	683	738
17	7	4	127	0	46
17	8	9	128	46	66
17	9	8	129	104	133
17	9	9	130	163	227
17	4	5	131	280	349
17	0	5	132	358	423
17	3	6	133	443	513
17	3	6	134	513	582
17	1	7	135	721	750
17	4	4	136	785	837
18	2	2	137	42	59
18	4	5	138	89	133
18	9	8	139	133	163
18	0	4	140	199	250
18	1	3	141	274	291
18	2	3	142	351	393
18	6	7	143	421	488
18	6	0	144	489	523
19	8	7	145	0	46
19	2	1	146	146	208
19	8	4	147	446	508
19	6	0	148	523	584
19	6	3	149	671	683
19	2	2	150	725	812


Solution History:
