This is the output of Heuristic Solver for Dual resource constrained flexible job shop Scheduling Problem.
Input file is: wfjsp7_1.txt
Method: LBBD_CP_TS
Seed: 1
Number of Jobs: 12
Number of Operations: 85
Number of Machines: 5
Number of Operators: 5
CPU Time: 3600.03
obj: 829
Best found lower bound:776
Solver gap (best found lower bound and upper bound difference): Not known


Final Solution:
Job	Machine	Operator	Operation	Start Time	Finish Time
0	3	2	0	0	71
0	4	4	1	85	110
0	1	0	2	145	193
0	1	0	3	193	288
0	4	3	4	515	594
1	1	0	5	0	55
1	3	2	6	71	143
1	4	4	7	158	191
1	4	4	8	191	229
1	3	2	9	431	466
1	3	2	10	532	540
1	0	1	11	571	589
1	2	2	12	763	775
1	2	2	13	775	827
2	4	4	14	18	85
2	0	1	15	424	473
2	1	4	16	498	521
2	3	2	17	521	532
2	2	0	18	563	623
2	1	4	19	690	736
2	0	1	20	737	828
3	2	1	21	82	180
3	0	3	22	273	327
3	4	3	23	331	407
3	4	3	24	407	423
3	3	2	25	605	636
3	3	2	26	636	662
4	2	1	27	57	82
4	0	3	28	220	273
4	1	4	29	335	414
4	4	3	30	423	464
4	3	2	31	540	605
4	0	1	32	648	737
4	3	0	33	763	813
5	4	4	34	110	123
5	2	1	35	180	222
5	4	4	36	229	257
5	2	2	37	367	401
5	2	0	38	431	497
5	2	0	39	497	563
5	1	4	40	579	613
5	2	0	41	623	717
5	3	2	42	737	762
6	2	1	43	0	57
6	2	2	44	231	242
6	2	2	45	242	254
6	4	4	46	257	331
6	2	2	47	357	367
6	2	2	48	401	412
6	4	3	49	594	632
6	4	3	50	632	711
7	0	3	51	149	164
7	0	3	52	164	220
7	3	0	53	373	427
7	3	1	54	473	515
7	4	3	55	711	752
8	1	0	56	55	145
8	3	2	57	145	193
8	2	2	58	254	357
8	0	1	59	517	571
8	1	4	60	736	763
8	1	4	61	763	824
9	4	4	62	0	18
9	0	3	63	24	72
9	3	1	64	231	330
9	3	0	65	335	373
9	2	2	66	412	431
9	4	3	67	464	515
9	1	4	68	521	579
9	0	1	69	589	648
9	2	0	70	717	763
10	0	3	71	0	24
10	4	4	72	123	158
10	3	2	73	193	231
10	1	0	74	288	335
10	0	2	75	473	517
10	1	4	76	613	690
10	4	3	77	752	829
11	0	3	78	72	149
11	0	1	79	330	424
11	1	4	80	424	498
11	3	2	81	662	700
11	3	2	82	700	715
11	3	2	83	715	737
11	3	0	84	813	822


Solution History:
