This is the output of Heuristic Solver for Dual resource constrained flexible job shop Scheduling Problem.
Input file is: wfjsp21_5.txt
Method: LBBD_CP_TS
Seed: 1
Number of Jobs: 25
Number of Operations: 244
Number of Machines: 15
Number of Operators: 12
CPU Time: 3600.01
obj: 962
Best found lower bound:896
Solver gap (best found lower bound and upper bound difference): Not known


Final Solution:
Job	Machine	Operator	Operation	Start Time	Finish Time
0	5	0	0	60	76
0	6	4	1	289	329
0	8	9	2	329	417
0	10	8	3	430	497
0	5	1	4	562	627
0	11	2	5	630	671
0	10	2	6	833	897
0	6	0	7	914	953
1	9	3	8	0	45
1	6	0	9	86	122
1	12	5	10	169	202
1	0	11	11	284	347
1	9	0	12	427	450
1	3	11	13	481	496
1	1	5	14	734	803
1	12	11	15	825	885
1	2	11	16	885	895
1	2	4	17	914	959
2	14	6	18	9	77
2	10	2	19	120	161
2	5	8	20	258	290
2	10	5	21	363	408
2	10	2	22	512	542
2	10	8	23	558	595
2	7	7	24	663	750
2	12	0	25	755	796
2	2	0	26	839	880
2	4	4	27	893	914
3	7	6	28	0	9
3	5	0	29	17	60
3	0	3	30	60	146
3	6	0	31	159	221
3	11	1	32	289	353
3	0	6	33	359	445
3	2	10	34	451	526
3	4	10	35	561	603
3	0	6	36	812	827
4	1	5	37	48	93
4	12	5	38	93	169
4	7	7	39	171	240
4	4	3	40	325	395
4	9	0	41	643	674
4	5	11	42	708	770
4	3	11	43	790	825
4	14	1	44	852	869
4	10	2	45	897	961
5	8	8	46	0	82
5	7	7	47	85	171
5	6	0	48	221	268
5	14	8	49	290	375
5	1	2	50	426	504
5	4	8	51	546	558
5	6	5	52	621	659
5	9	10	53	674	748
5	9	3	54	812	843
6	3	7	55	0	85
6	4	3	56	149	167
6	3	8	57	216	258
6	7	7	58	441	527
6	2	7	59	527	541
6	2	2	60	570	596
6	3	3	61	608	672
6	5	3	62	687	702
6	0	3	63	702	742
6	2	4	64	756	792
6	4	8	65	792	876
7	9	10	66	77	150
7	1	9	67	167	209
7	2	1	68	230	273
7	2	0	69	273	290
7	13	10	70	304	383
7	5	5	71	411	499
7	9	5	72	499	545
7	1	6	73	566	602
7	4	0	74	674	688
7	8	6	75	728	812
7	3	7	76	842	874
7	7	6	77	909	957
8	4	2	78	0	67
8	5	10	79	150	227
8	10	7	80	289	314
8	13	10	81	383	451
8	3	8	82	497	546
8	10	4	83	546	555
8	8	6	84	602	627
8	10	11	85	627	635
8	12	11	86	699	708
8	13	1	87	761	852
8	14	8	88	876	962
9	3	4	89	89	139
9	13	1	90	157	186
9	9	6	91	190	275
9	3	4	92	329	374
9	0	6	93	445	455
9	8	6	94	455	502
9	3	4	95	676	756
9	9	3	96	843	886
10	7	4	97	26	71
10	11	1	98	71	92
10	6	0	99	122	159
10	9	5	100	275	348
10	10	5	101	348	363
10	7	4	102	374	440
10	12	1	103	627	693
10	4	1	104	693	761
10	5	0	105	796	839
10	3	9	106	884	962
11	4	10	107	227	304
11	5	1	108	353	385
11	14	1	109	385	469
11	0	0	110	504	545
11	3	7	111	546	577
11	13	7	112	608	645
11	1	11	113	654	663
11	10	8	114	714	787
11	6	0	115	884	914
11	4	10	116	932	956
12	0	3	117	45	60
12	2	11	118	91	148
12	3	3	119	266	297
12	4	3	120	476	515
12	8	2	121	542	570
12	1	11	122	635	654
12	8	9	123	655	728
12	14	9	124	728	743
13	10	2	125	89	120
13	1	9	126	209	232
13	4	11	127	407	466
13	6	1	128	469	552
13	2	10	129	552	561
13	10	0	130	595	613
13	14	2	131	745	777
13	0	6	132	844	909
14	2	0	133	76	86
14	11	4	134	139	210
14	2	2	135	374	387
14	8	6	136	502	512
14	0	0	137	545	589
14	9	8	138	595	638
14	14	6	139	639	726
14	4	11	140	770	790
14	10	4	141	792	800
14	10	4	142	800	817
15	6	9	143	0	85
15	1	1	144	93	157
15	13	11	145	225	284
15	7	6	146	340	359
15	12	0	147	359	386
15	3	3	148	411	476
15	11	9	149	502	580
15	2	4	150	598	676
15	12	5	151	708	734
15	9	3	152	777	812
15	9	3	153	886	954
16	2	4	154	0	26
16	12	11	155	29	91
16	3	8	156	170	216
16	6	7	157	358	441
16	0	11	158	466	481
16	14	0	159	491	504
16	14	5	160	545	621
16	11	2	161	671	745
16	8	10	162	812	875
16	8	10	163	875	932
16	5	1	164	934	962
17	12	0	165	0	17
17	14	6	166	77	129
17	0	2	167	161	239
17	6	1	168	273	289
17	6	7	169	340	358
17	11	8	170	375	417
17	12	11	171	567	627
17	10	8	172	638	714
17	11	10	173	748	809
17	7	4	174	827	893
17	1	5	175	893	960
18	13	10	176	0	77
18	4	8	177	82	149
18	3	8	178	149	170
18	9	3	179	170	190
18	14	5	180	202	275
18	8	6	181	275	323
18	10	6	182	323	340
18	2	2	183	340	374
18	12	0	184	386	427
18	11	9	185	427	502
18	7	9	186	580	655
18	5	1	187	869	934
19	10	5	188	0	48
19	14	6	189	129	177
19	11	4	190	210	283
19	3	3	191	297	325
19	1	6	192	512	566
19	3	7	193	577	602
19	1	0	194	613	629
19	0	3	195	742	777
19	2	2	196	822	833
20	2	1	197	186	230
20	10	7	198	240	289
20	1	0	199	290	359
20	13	4	200	451	517
20	8	3	201	517	537
20	13	3	202	537	608
20	6	5	203	659	708
20	14	2	204	777	822
20	11	7	205	874	961
21	12	2	206	239	339
21	2	2	207	387	426
21	9	0	208	450	491
21	10	11	209	497	512
21	12	11	210	512	553
21	9	1	211	553	562
21	0	2	212	596	630
21	8	0	213	630	643
21	13	11	214	663	699
21	7	9	215	750	827
21	3	9	216	827	842
21	6	9	217	842	884
22	0	11	218	0	29
22	10	4	219	71	89
22	8	9	220	89	167
22	7	9	221	240	253
22	2	7	222	314	340
22	10	8	223	417	430
22	14	6	224	627	639
22	0	3	225	672	687
22	1	5	226	803	852
23	8	3	227	190	266
23	9	11	228	348	407
23	4	4	229	517	542
23	12	11	230	553	567
23	0	7	231	645	663
23	0	6	232	827	844
23	1	5	233	852	883
23	13	11	234	895	956
24	11	1	235	0	64
24	10	11	236	161	225
24	7	9	237	253	329
24	5	3	238	395	411
24	5	10	239	526	550
24	6	4	240	555	598
24	4	10	241	603	672
24	2	0	242	688	755
24	6	7	243	755	840


Solution History:
