This is the output of Heuristic Solver for Dual resource constrained flexible job shop Scheduling Problem.
Input file is: wfjsp11_8.txt
Method: LBBD_CP_TS
Seed: 1
Number of Jobs: 20
Number of Operations: 197
Number of Machines: 10
Number of Operators: 10
CPU Time: 3600
obj: 1044
Best found lower bound:921
Solver gap (best found lower bound and upper bound difference): Not known


Final Solution:
Job	Machine	Operator	Operation	Start Time	Finish Time
0	5	0	0	164	191
0	1	6	1	235	303
0	3	5	2	372	404
0	1	1	3	472	526
0	7	9	4	528	609
0	1	3	5	772	833
0	9	9	6	899	965
0	5	0	7	1007	1018
1	6	9	8	343	396
1	3	5	9	452	503
1	6	0	10	503	528
1	9	9	11	609	691
1	8	4	12	712	722
1	0	6	13	759	843
1	1	1	14	967	986
2	9	8	15	0	65
2	9	8	16	137	210
2	7	3	17	210	239
2	7	2	18	239	295
2	7	2	19	349	397
2	2	3	20	727	772
2	8	4	21	804	847
2	6	0	22	847	902
2	8	8	23	916	980
2	1	1	24	986	1044
3	4	9	25	0	82
3	4	9	26	82	159
3	9	8	27	210	280
3	0	0	28	297	359
3	5	4	29	428	497
3	8	8	30	529	599
3	2	2	31	614	679
3	3	5	32	680	734
3	3	5	33	734	770
3	4	5	34	770	859
3	2	1	35	859	948
3	0	4	36	967	992
3	2	7	37	1012	1036
4	5	6	38	0	75
4	1	1	39	145	156
4	7	3	40	621	687
4	2	3	41	695	727
4	3	9	42	772	783
4	5	4	43	847	891
4	4	4	44	914	958
4	5	3	45	958	1007
5	9	8	46	375	469
5	8	7	47	483	523
5	6	3	48	528	574
5	6	0	49	621	676
5	5	0	50	676	751
5	1	7	51	754	766
5	7	2	52	795	811
5	8	7	53	847	891
5	5	3	54	897	949
6	0	5	55	0	16
6	0	5	56	16	86
6	6	3	57	105	155
6	3	3	58	239	302
6	5	3	59	372	413
6	1	7	60	526	610
6	0	6	61	700	759
6	7	2	62	759	783
6	6	0	63	821	840
6	0	5	64	859	903
7	3	3	65	0	68
7	7	7	66	68	82
7	7	2	67	84	104
7	0	5	68	151	194
7	3	5	69	404	452
7	0	6	70	517	575
7	2	2	71	679	695
7	6	0	72	752	821
7	9	8	73	821	864
7	9	8	74	864	893
7	0	0	75	903	936
7	5	0	76	1018	1043
8	7	2	77	104	163
8	1	1	78	163	210
8	2	2	79	211	239
8	3	3	80	302	372
8	1	1	81	380	402
8	6	0	82	435	494
8	5	1	83	603	668
9	6	0	84	0	77
9	5	0	85	77	164
9	8	7	86	178	220
9	5	1	87	220	285
9	7	2	88	295	349
9	0	0	89	359	431
9	0	6	90	460	517
9	9	1	91	529	603
9	6	1	92	676	752
9	7	2	93	829	889
9	8	8	94	893	916
9	6	0	95	936	998
10	8	4	96	89	145
10	6	9	97	159	243
10	2	7	98	243	299
10	8	7	99	299	366
10	4	6	100	380	444
10	2	2	101	444	530
10	2	2	102	530	614
10	8	8	103	624	689
10	9	9	104	691	772
10	2	7	105	772	798
10	7	2	106	811	829
10	1	3	107	833	897
10	6	7	108	902	933
10	1	1	109	948	967
10	8	8	110	980	1043
11	7	7	111	0	65
11	4	4	112	175	217
11	0	0	113	235	297
11	5	4	114	307	365
11	4	9	115	444	528
11	6	3	116	574	621
11	4	4	117	621	700
11	8	4	118	700	712
12	8	4	119	35	89
12	4	4	120	159	175
12	4	5	121	298	365
12	1	1	122	402	472
12	9	8	123	498	529
12	0	6	124	575	657
12	0	6	125	657	700
12	7	2	126	700	759
12	2	7	127	798	841
12	2	6	128	843	859
12	7	2	129	889	916
12	7	2	130	916	972
12	4	5	131	979	1043
13	0	5	132	86	151
13	8	4	133	366	428
13	7	3	134	428	491
13	5	4	135	497	526
13	9	8	136	772	816
13	5	1	137	816	838
13	3	9	138	979	1018
14	7	3	139	163	191
14	8	4	140	220	274
14	5	1	141	285	307
14	6	9	142	307	343
14	2	7	143	366	428
14	9	8	144	469	498
14	3	5	145	503	548
14	3	5	146	548	616
14	1	7	147	616	687
14	4	8	148	700	769
14	7	9	149	783	795
14	3	9	150	795	876
14	3	9	151	876	899
14	3	5	152	903	979
14	0	4	153	992	1043
15	1	1	154	56	71
15	3	1	155	71	145
15	1	7	156	220	230
15	6	9	157	243	285
15	2	1	158	307	366
15	8	7	159	428	483
15	4	4	160	528	618
15	5	1	161	752	782
16	2	2	162	0	17
16	2	2	163	17	84
16	6	3	164	84	105
16	4	5	165	217	298
16	1	6	166	303	329
16	1	6	167	329	380
16	7	2	168	397	408
16	3	5	169	616	680
16	1	7	170	687	754
16	8	4	171	768	804
16	4	6	172	859	914
16	9	6	173	967	1034
17	1	1	174	0	56
17	2	6	175	84	151
17	7	3	176	191	203
17	5	0	177	528	601
17	7	2	178	972	1026
18	9	8	179	65	129
18	3	6	180	151	235
18	0	6	181	444	460
18	7	3	182	491	525
18	0	6	183	936	967
18	6	3	184	1007	1035
19	8	4	185	0	35
19	1	7	186	82	126
19	9	8	187	129	137
19	8	7	188	145	178
19	2	2	189	178	211
19	0	0	190	211	235
19	9	8	191	280	375
19	6	9	192	396	435
19	8	8	193	599	624
19	8	4	194	722	768
19	5	1	195	782	810
19	2	7	196	948	1012


Solution History:
