This is the output of Heuristic Solver for Dual resource constrained flexible job shop Scheduling Problem.
Input file is: wfjsp21_9.txt
Method: LBBD_CP_TS
Seed: 1
Number of Jobs: 25
Number of Operations: 258
Number of Machines: 15
Number of Operators: 12
CPU Time: 3600.01
obj: 1124
Best found lower bound:1025
Solver gap (best found lower bound and upper bound difference): Not known


Final Solution:
Job	Machine	Operator	Operation	Start Time	Finish Time
0	4	6	0	0	72
0	13	5	1	73	117
0	6	5	2	117	177
0	14	4	3	177	233
0	1	7	4	237	268
0	2	0	5	268	346
0	8	7	6	350	406
0	1	1	7	425	447
0	4	2	8	454	510
0	10	7	9	523	587
0	12	9	10	633	717
0	0	7	11	1030	1115
1	9	11	12	61	150
1	1	8	13	166	205
1	12	0	14	250	268
1	6	1	15	454	510
1	0	3	16	510	525
1	11	4	17	538	621
1	10	4	18	655	680
1	13	4	19	680	702
1	4	6	20	711	748
1	3	3	21	779	821
1	14	11	22	987	1001
1	5	5	23	1090	1110
2	14	0	24	73	92
2	2	2	25	136	196
2	5	8	26	249	303
2	7	10	27	324	406
2	11	4	28	453	538
2	13	0	29	581	657
2	1	1	30	887	954
2	10	5	31	987	1043
2	1	4	32	1043	1099
3	0	3	33	0	66
3	7	7	34	70	82
3	11	1	35	174	249
3	4	11	36	282	318
3	13	11	37	318	341
3	4	1	38	580	591
3	13	0	39	726	784
3	12	6	40	892	949
3	9	0	41	971	1046
3	14	5	42	1046	1070
3	5	5	43	1070	1090
3	6	9	44	1102	1124
4	10	7	45	169	205
4	4	11	46	234	282
4	9	5	47	346	411
4	9	5	48	608	646
4	0	9	49	759	781
4	10	9	50	820	904
4	4	11	51	957	987
4	4	11	52	1001	1063
4	14	4	53	1099	1124
5	5	5	54	177	204
5	8	10	55	250	324
5	0	3	56	337	408
5	8	8	57	420	436
5	7	3	58	479	506
5	11	1	59	626	699
5	10	5	60	742	798
5	12	4	61	840	889
5	0	3	62	890	961
6	8	8	63	0	79
6	13	11	64	341	420
6	9	10	65	420	483
6	2	7	66	489	501
6	14	6	67	508	516
6	5	6	68	521	552
6	14	2	69	572	646
6	9	11	70	649	677
6	4	1	71	775	804
6	1	1	72	856	887
6	13	11	73	887	957
6	13	4	74	959	1038
7	7	3	75	97	154
7	7	3	76	163	196
7	5	9	77	435	507
7	12	9	78	507	546
7	8	11	79	591	649
7	4	6	80	686	711
7	0	9	81	717	759
7	4	1	82	804	838
7	1	7	83	840	856
7	2	7	84	856	908
7	11	6	85	985	1020
8	10	9	86	237	325
8	2	7	87	434	489
8	5	1	88	609	626
8	14	11	89	677	701
8	11	1	90	701	775
8	0	9	91	781	820
8	14	0	92	820	896
8	14	0	93	896	971
8	13	9	94	1045	1102
8	1	8	95	1107	1122
9	3	6	96	128	164
9	6	9	97	177	237
9	0	3	98	270	337
9	12	9	99	337	435
9	8	8	100	436	464
9	13	11	101	504	567
9	2	5	102	567	604
9	1	4	103	621	641
9	8	5	104	649	742
9	1	4	105	788	840
10	3	6	106	72	128
10	0	10	107	128	202
10	7	8	108	205	215
10	7	6	109	234	295
10	14	4	110	311	367
10	5	2	111	367	383
10	0	11	112	420	504
10	12	9	113	546	633
10	7	8	114	635	657
10	12	8	115	788	813
10	4	2	116	848	909
10	6	2	117	909	969
11	13	4	118	117	174
11	5	8	119	215	249
11	9	2	120	274	302
11	6	2	121	383	454
11	1	2	122	646	703
11	13	11	123	784	869
11	0	7	124	961	1030
11	3	6	125	1030	1089
11	3	6	126	1089	1114
12	1	10	127	0	47
12	2	10	128	47	72
12	5	9	129	87	168
12	14	4	130	233	311
12	11	4	131	367	453
12	5	6	132	552	609
12	7	8	133	657	716
12	8	8	134	1042	1078
12	8	8	135	1078	1107
13	5	5	136	0	17
13	4	11	137	174	234
13	5	8	138	303	363
13	3	7	139	406	434
13	8	5	140	502	558
13	6	3	141	591	674
13	3	3	142	674	750
13	9	2	143	765	806
13	0	3	144	821	890
13	10	9	145	904	987
14	3	7	146	30	70
14	10	4	147	79	111
14	13	5	148	204	241
14	6	6	149	295	364
14	6	2	150	510	572
14	5	0	151	657	715
14	14	0	152	784	813
14	4	1	153	838	848
14	6	5	154	848	907
14	2	6	155	949	980
14	12	10	156	1037	1121
15	3	7	157	11	30
15	0	3	158	66	97
15	11	7	159	154	166
15	0	3	160	202	270
15	4	1	161	521	580
15	0	7	162	591	644
15	10	4	163	702	714
15	12	4	164	717	788
15	7	8	165	813	885
15	8	7	166	908	960
15	8	8	167	960	1042
15	11	1	168	1047	1123
16	12	8	169	87	166
16	7	3	170	408	479
16	9	10	171	483	541
16	3	6	172	609	660
16	2	8	173	716	776
16	9	2	174	806	848
16	5	8	175	892	952
16	3	1	176	954	981
16	2	2	177	991	1060
17	7	11	178	0	61
17	4	0	179	92	108
17	12	10	180	202	250
17	1	1	181	279	344
17	1	2	182	344	362
17	4	6	183	364	454
17	7	0	184	506	581
17	13	0	185	715	726
17	5	6	186	823	892
17	11	5	187	930	985
17	5	1	188	985	1047
18	11	7	189	0	9
18	14	1	190	11	73
18	14	1	191	151	174
18	8	11	192	567	591
18	4	6	193	660	686
18	14	11	194	701	763
18	2	10	195	789	827
18	10	0	196	1046	1122
19	2	2	197	0	27
19	6	2	198	27	99
19	14	2	199	99	136
19	3	6	200	164	178
19	3	6	201	178	234
19	3	5	202	241	286
19	10	0	203	346	425
19	14	0	204	425	505
19	1	10	205	541	610
19	7	3	206	961	1048
19	4	11	207	1063	1112
20	1	10	208	72	126
20	7	3	209	154	163
20	11	7	210	268	350
20	2	7	211	501	523
20	7	8	212	581	635
20	3	3	213	750	779
20	11	5	214	798	843
20	8	11	215	869	887
20	9	4	216	889	959
20	6	2	217	969	991
21	5	5	218	17	72
21	4	11	219	150	174
21	9	2	220	302	334
21	3	1	221	346	396
21	0	3	222	525	591
21	9	1	223	591	608
21	9	2	224	703	765
21	12	10	225	954	1037
21	2	2	226	1060	1124
22	12	9	227	0	87
22	10	0	228	111	169
22	1	7	229	205	237
22	13	5	230	420	502
22	10	4	231	641	655
22	1	7	232	716	786
22	3	10	233	827	886
22	7	3	234	1048	1117
23	13	0	235	0	73
23	11	1	236	73	151
23	8	0	237	169	245
23	13	1	238	249	279
23	1	8	239	363	420
23	10	6	240	454	508
23	5	1	241	510	521
23	2	10	242	610	716
23	7	10	243	716	789
23	6	7	244	789	830
23	2	5	245	908	930
23	6	9	246	991	1045
24	3	1	247	0	11
24	10	4	248	11	79
24	8	7	249	82	154
24	9	2	250	196	274
24	3	5	251	286	346
24	5	1	252	396	425
24	3	8	253	464	511
24	3	8	254	511	579
24	0	7	255	644	716
24	5	6	256	748	823
24	7	10	257	886	954


Solution History:
