This is the output of Heuristic Solver for Dual resource constrained flexible job shop Scheduling Problem.
Input file is: wfjsp9_9.txt
Method: LBBD_CP_TS
Seed: 1
Number of Jobs: 15
Number of Operations: 131
Number of Machines: 5
Number of Operators: 5
CPU Time: 3600.03
obj: 1292
Best found lower bound:1227
Solver gap (best found lower bound and upper bound difference): Not known


Final Solution:
Job	Machine	Operator	Operation	Start Time	Finish Time
0	3	1	0	181	261
0	2	3	1	308	347
0	2	3	2	383	443
0	1	4	3	446	502
0	3	1	4	602	628
0	2	1	5	771	849
0	0	1	6	869	926
0	3	3	7	1272	1289
1	3	4	8	43	99
1	2	2	9	446	507
1	2	3	10	507	591
1	4	0	11	620	698
1	0	3	12	698	765
1	4	0	13	784	820
1	0	1	14	926	944
1	3	1	15	944	1000
2	2	2	16	93	108
2	0	4	17	354	442
2	3	4	18	654	679
2	4	0	19	698	720
2	1	2	20	982	1012
2	1	4	21	1012	1066
2	1	2	22	1212	1224
2	0	4	23	1270	1292
3	2	1	24	52	74
3	3	1	25	99	155
3	4	0	26	320	374
3	3	1	27	383	460
3	3	4	28	679	764
3	3	4	29	802	886
3	2	3	30	886	941
3	4	0	31	1047	1104
3	0	1	32	1144	1199
4	1	2	33	0	66
4	2	2	34	205	216
4	4	0	35	245	320
4	2	2	36	668	697
4	2	1	37	849	868
4	2	3	38	869	882
4	1	2	39	1066	1124
4	4	0	40	1230	1288
5	4	0	41	170	245
5	0	1	42	511	532
5	0	1	43	532	551
5	2	2	44	646	668
5	0	4	45	765	802
5	2	3	46	941	982
5	4	0	47	1104	1168
5	1	4	48	1229	1270
6	2	1	49	74	93
6	2	3	50	219	308
6	3	4	51	321	349
6	1	2	52	507	568
6	4	0	53	595	620
6	1	4	54	620	654
6	4	0	55	720	784
6	0	3	56	983	1054
6	3	3	57	1058	1070
6	1	2	58	1185	1212
7	4	0	59	97	170
7	1	4	60	170	214
7	1	4	61	576	618
7	0	3	62	627	698
7	4	0	63	820	875
7	3	4	64	886	943
7	4	0	65	1168	1230
7	0	1	66	1252	1267
7	2	2	67	1269	1277
8	3	1	68	155	181
8	3	4	69	261	321
8	2	1	70	354	375
8	3	3	71	460	489
8	2	2	72	591	618
8	1	2	73	716	784
8	1	2	74	784	871
8	2	2	75	1012	1066
9	0	3	76	52	82
9	0	3	77	151	219
9	0	4	78	219	261
9	0	1	79	551	602
9	2	2	80	618	646
9	3	3	81	765	801
9	3	3	82	1242	1272
9	2	2	83	1277	1290
10	0	1	84	0	52
10	4	0	85	60	97
10	2	2	86	108	195
10	0	1	87	261	313
10	0	3	88	443	460
10	3	4	89	502	521
10	4	0	90	521	595
10	4	0	91	954	990
10	2	3	92	1070	1159
10	2	3	93	1159	1242
11	3	4	94	0	43
11	2	2	95	195	205
11	3	3	96	349	383
11	2	1	97	716	771
11	0	3	98	802	869
11	4	0	99	875	954
11	1	2	100	954	982
11	3	1	101	1000	1058
12	2	3	102	0	42
12	0	1	103	313	332
12	4	0	104	374	454
12	0	1	105	460	511
12	3	4	106	521	576
12	1	2	107	871	941
12	0	1	108	1076	1089
12	1	2	109	1124	1185
12	0	1	110	1199	1252
13	1	2	111	66	82
13	0	3	112	82	151
13	1	2	113	216	314
13	0	1	114	332	354
13	3	1	115	628	653
13	1	1	116	654	716
13	4	0	117	990	1047
13	0	1	118	1089	1144
13	2	2	119	1242	1269
13	1	1	120	1270	1292
14	4	0	121	0	60
14	1	4	122	99	156
14	1	2	123	314	382
14	1	2	124	382	446
14	4	0	125	454	512
14	0	3	126	602	627
14	0	4	127	944	983
14	0	1	128	1058	1076
14	3	4	129	1076	1160
14	3	4	130	1160	1229


Solution History:
