This is the output of Heuristic Solver for Dual resource constrained flexible job shop Scheduling Problem.
Input file is: wfjsp22_9.txt
Method: LBBD_CP_TS
Seed: 1
Number of Jobs: 30
Number of Operations: 219
Number of Machines: 15
Number of Operators: 12
CPU Time: 3600.47
obj: 916
Best found lower bound:853
Solver gap (best found lower bound and upper bound difference): Not known


Final Solution:
Job	Machine	Operator	Operation	Start Time	Finish Time
0	4	6	0	0	72
0	12	9	1	219	258
0	6	5	2	338	398
0	2	10	3	661	726
0	8	10	4	810	841
1	13	9	5	0	79
1	8	11	6	82	142
1	12	8	7	155	173
1	4	11	8	179	244
1	2	7	9	244	302
1	12	9	10	302	386
1	12	10	11	476	556
1	0	3	12	775	842
2	12	9	13	258	299
2	11	4	14	302	324
2	9	4	15	557	613
2	2	6	16	637	651
2	10	9	17	653	741
2	9	11	18	759	785
2	11	7	19	829	854
2	2	2	20	858	888
3	3	0	21	192	237
3	6	11	22	458	471
3	5	5	23	551	571
3	1	4	24	613	633
3	9	11	25	699	759
3	5	8	26	855	909
4	7	10	27	135	217
4	11	4	28	217	302
4	13	0	29	310	386
4	1	10	30	419	476
4	5	9	31	767	825
5	2	7	32	116	173
5	0	3	33	433	499
5	7	8	34	499	511
5	14	1	35	543	639
5	4	1	36	691	720
5	13	2	37	764	786
5	12	7	38	810	824
5	9	11	39	850	909
6	12	7	40	0	57
6	9	0	41	101	176
6	2	7	42	176	197
6	11	1	43	197	216
6	6	6	44	251	270
6	6	5	45	275	320
6	8	10	46	350	398
6	9	2	47	414	477
6	9	11	48	654	699
6	5	6	49	748	767
7	10	9	50	135	219
7	4	11	51	244	274
7	4	11	52	312	374
7	9	1	53	374	402
7	3	8	54	449	479
7	8	2	55	479	549
7	4	9	56	569	653
7	3	8	57	683	696
7	7	3	58	882	909
8	11	1	59	65	138
8	10	5	60	219	275
8	4	11	61	275	312
8	0	3	62	499	570
8	6	6	63	651	707
8	14	2	64	707	764
8	9	2	65	786	847
8	2	2	66	847	858
9	0	3	67	221	229
9	7	7	68	363	395
9	5	5	69	398	458
9	0	11	70	590	615
9	4	6	71	829	860
10	12	8	72	62	93
10	13	2	73	124	185
10	13	0	74	237	310
10	6	6	75	400	451
10	7	6	76	451	479
10	6	9	77	488	569
10	12	8	78	569	613
10	11	1	79	639	691
10	6	1	80	756	789
10	13	1	81	854	887
11	8	11	82	142	179
11	11	4	83	324	339
11	2	7	84	526	578
11	1	7	85	633	675
11	10	0	86	842	915
12	14	6	87	75	133
12	12	8	88	173	192
12	14	11	89	374	398
12	11	6	90	557	637
12	4	1	91	720	756
12	14	0	92	766	842
13	14	0	93	0	75
13	7	9	94	87	130
13	11	3	95	138	148
13	11	6	96	163	195
13	6	6	97	196	251
13	0	3	98	297	364
13	13	9	99	386	488
14	13	4	100	88	117
14	6	1	101	138	196
14	2	7	102	197	239
14	1	7	103	302	321
14	3	10	104	556	661
14	1	7	105	675	726
14	3	8	106	726	783
15	0	3	107	30	100
15	8	0	108	179	192
15	7	10	109	217	280
15	14	1	110	402	461
15	7	8	111	667	683
15	0	3	112	706	775
15	12	9	113	825	912
16	10	5	114	0	28
16	4	6	115	133	163
16	5	2	116	305	386
16	10	11	117	471	533
16	13	2	118	549	605
16	9	11	119	615	654
16	6	6	120	726	748
16	6	5	121	800	859
16	1	4	122	859	916
17	7	8	123	0	62
17	0	3	124	157	221
17	7	8	125	297	355
17	2	8	126	355	380
17	1	8	127	380	419
17	2	7	128	447	468
17	5	6	129	479	551
17	13	2	130	605	674
17	11	4	131	691	777
17	13	11	132	786	850
18	9	4	133	29	88
18	12	4	134	117	148
18	2	7	135	424	447
18	7	8	136	479	495
18	1	11	137	533	590
18	5	5	138	630	688
18	3	8	139	696	726
18	8	5	140	744	800
18	0	10	141	842	915
19	3	1	142	0	65
19	1	7	143	321	363
19	0	3	144	364	433
19	4	0	145	459	537
19	3	3	146	842	882
19	6	2	147	888	915
20	11	3	148	0	30
20	6	5	149	30	97
20	3	8	150	101	155
20	10	10	151	280	350
20	3	8	152	419	449
20	5	1	153	461	473
20	6	5	154	571	630
20	13	2	155	674	703
20	12	10	156	726	810
20	3	1	157	887	909
21	6	3	158	100	137
21	11	3	159	148	157
21	0	3	160	229	297
21	4	11	161	398	458
21	7	8	162	511	567
21	10	7	163	616	629
21	0	3	164	641	706
21	7	8	165	783	855
21	4	7	166	860	916
22	8	8	167	192	274
22	9	1	168	281	373
22	12	0	169	386	459
22	7	3	170	570	641
22	5	5	171	688	744
22	11	6	172	777	829
23	2	7	173	57	116
23	9	5	174	176	218
23	5	2	175	247	305
23	3	6	176	326	355
23	2	7	177	468	526
24	8	10	178	0	54
24	5	2	179	62	76
24	0	5	180	100	156
24	1	1	181	216	281
24	14	5	182	320	338
24	11	4	183	388	475
24	7	0	184	691	766
24	2	6	185	767	777
24	10	4	186	777	841
24	8	5	187	859	914
25	5	2	188	0	62
25	13	9	189	79	87
25	14	2	190	185	247
25	8	8	191	274	297
25	10	9	192	741	767
25	4	7	193	777	806
25	11	6	194	860	915
26	9	4	195	0	29
26	10	10	196	54	135
26	2	7	197	395	424
26	14	5	198	461	543
26	14	4	199	639	681
27	3	5	200	156	170
27	3	6	201	270	326
27	3	6	202	355	400
27	10	0	203	537	616
27	8	0	204	616	691
27	1	1	205	789	854
28	1	11	206	0	82
28	4	2	207	82	124
28	1	4	208	148	207
28	9	2	209	402	414
28	11	4	210	475	557
28	2	7	211	578	600
28	12	8	212	613	667
29	3	0	213	75	101
29	11	4	214	339	388
29	8	10	215	398	414
29	9	1	216	477	542
29	6	6	217	707	726
29	1	7	218	726	777


Solution History:
