This is the output of Heuristic Solver for Dual resource constrained flexible job shop Scheduling Problem.
Input file is: wfjsp15_2.txt
Method: LBBD_CP_TS
Seed: 1
Number of Jobs: 30
Number of Operations: 375
Number of Machines: 15
Number of Operators: 15
CPU Time: 3600.46
obj: 1315
Best found lower bound:1154
Solver gap (best found lower bound and upper bound difference): Not known


Final Solution:
Job	Machine	Operator	Operation	Start Time	Finish Time
0	4	6	0	60	133
0	4	6	1	145	212
0	5	1	2	269	292
0	14	9	3	321	354
0	3	9	4	354	370
0	0	14	5	723	745
0	0	8	6	840	908
0	12	2	7	949	959
0	14	1	8	1082	1155
0	8	8	9	1200	1236
1	6	8	10	0	56
1	14	1	11	115	129
1	13	7	12	146	210
1	4	6	13	212	277
1	8	3	14	304	360
1	9	7	15	659	729
1	10	5	16	760	790
1	8	9	17	797	840
1	1	4	18	879	896
1	5	1	19	927	980
1	3	1	20	980	1057
1	9	2	21	1057	1141
1	3	1	22	1155	1208
1	14	7	23	1247	1310
2	10	14	24	0	56
2	2	0	25	83	101
2	0	7	26	101	111
2	3	8	27	213	298
2	12	1	28	408	430
2	11	6	29	450	523
2	4	6	30	523	606
2	12	12	31	634	654
2	14	12	32	655	723
2	7	11	33	846	932
2	9	12	34	949	999
2	13	2	35	1024	1049
2	10	0	36	1092	1151
2	11	0	37	1160	1196
2	4	5	38	1250	1315
3	5	1	39	132	212
3	14	9	40	219	247
3	11	13	41	252	269
3	4	6	42	337	365
3	0	7	43	392	407
3	13	8	44	465	505
3	0	7	45	549	619
3	3	14	46	629	669
3	10	5	47	674	760
3	5	3	48	760	844
3	8	14	49	844	903
3	8	14	50	903	930
3	7	11	51	932	1002
3	10	3	52	1160	1192
4	3	0	53	0	21
4	5	0	54	21	54
4	13	2	55	73	118
4	13	7	56	118	146
4	9	12	57	159	219
4	14	12	58	405	466
4	10	3	59	515	526
4	1	4	60	540	570
4	3	1	61	576	629
4	2	1	62	685	763
4	3	0	63	790	852
4	9	2	64	875	948
4	6	0	65	1000	1056
4	11	3	66	1140	1160
4	1	14	67	1221	1315
5	1	10	68	11	25
5	5	3	69	54	132
5	4	6	70	133	145
5	2	8	71	406	465
5	12	14	72	574	627
5	5	5	73	627	674
5	12	13	74	696	758
5	13	8	75	913	996
5	9	12	76	999	1050
5	1	5	77	1050	1104
5	13	2	78	1225	1306
6	3	6	79	41	54
6	2	0	80	101	154
6	6	8	81	154	198
6	0	14	82	198	252
6	5	1	83	252	269
6	9	12	84	269	357
6	12	12	85	472	497
6	7	0	86	610	631
6	4	6	87	631	662
6	14	12	88	723	762
6	2	4	89	781	864
6	5	5	90	1104	1174
6	5	5	91	1174	1247
6	2	0	92	1247	1314
7	1	10	93	0	11
7	7	6	94	11	41
7	14	1	95	43	115
7	14	9	96	141	207
7	7	0	97	274	332
7	1	4	98	392	489
7	12	11	99	758	842
7	11	9	100	842	861
7	5	3	101	861	927
7	14	10	102	981	1043
7	0	7	103	1053	1108
7	0	9	104	1245	1315
8	1	5	105	60	136
8	7	0	106	240	274
8	8	10	107	457	504
8	14	1	108	504	576
8	8	14	109	669	723
8	0	14	110	745	792
8	9	7	111	792	820
8	13	10	112	870	913
8	5	14	113	980	1038
8	12	13	114	1067	1130
8	13	12	115	1152	1167
8	8	8	116	1186	1200
8	6	10	117	1204	1228
8	12	11	118	1228	1313
9	11	13	119	54	142
9	11	10	120	270	299
9	13	4	121	336	392
9	11	13	122	396	450
9	2	3	123	465	490
9	13	8	124	505	535
9	5	3	125	674	691
9	12	12	126	866	876
9	11	0	127	946	967
9	0	4	128	970	985
9	10	4	129	1040	1051
9	6	10	130	1056	1131
9	8	8	131	1146	1155
9	8	8	132	1155	1186
9	5	4	133	1247	1309
10	8	9	134	73	131
10	8	5	135	136	192
10	11	13	136	219	252
10	3	6	137	298	336
10	9	2	138	357	411
10	11	9	139	531	614
10	1	13	140	624	684
10	5	2	141	696	756
10	5	14	142	1038	1090
10	13	12	143	1112	1152
10	2	12	144	1167	1226
10	9	10	145	1228	1264
11	14	11	146	0	43
11	3	14	147	56	132
11	2	4	148	166	197
11	2	4	149	197	254
11	0	14	150	254	291
11	7	0	151	332	375
11	12	5	152	514	574
11	2	12	153	574	634
11	0	9	154	659	670
11	4	6	155	674	758
11	10	5	156	790	842
11	6	13	157	889	966
11	7	11	158	1002	1039
11	7	11	159	1067	1122
12	1	10	160	25	46
12	11	13	161	142	204
12	13	10	162	213	239
12	2	4	163	266	293
12	6	13	164	319	373
12	8	3	165	373	457
12	1	4	166	489	540
12	7	0	167	540	610
12	6	11	168	610	626
12	7	0	169	631	656
12	6	11	170	672	753
12	1	10	171	797	870
12	4	6	172	911	979
12	0	13	173	1130	1194
13	13	2	174	0	73
13	14	9	175	131	141
13	10	5	176	304	376
13	14	12	177	376	405
13	0	2	178	411	481
13	6	11	179	486	568
13	10	10	180	588	652
13	13	8	181	696	724
13	13	2	182	756	814
13	10	5	183	881	954
13	4	9	184	1062	1135
13	4	6	185	1135	1206
14	8	3	186	0	48
14	9	12	187	55	82
14	11	10	188	299	335
14	9	7	189	411	477
14	0	7	190	481	549
14	3	9	191	670	714
14	3	0	192	744	790
14	12	12	193	876	949
14	12	2	194	959	975
14	0	4	195	985	1027
14	3	8	196	1079	1146
14	4	6	197	1206	1250
15	11	13	198	0	54
15	10	10	199	56	138
15	3	10	200	138	213
15	10	3	201	221	304
15	0	14	202	304	331
15	4	6	203	365	431
15	10	0	204	446	515
15	1	4	205	570	586
15	4	6	206	606	620
15	11	3	207	694	732
15	4	6	208	758	841
15	1	7	209	913	991
15	13	12	210	1050	1112
15	6	10	211	1131	1204
16	2	8	212	337	406
16	13	14	213	439	459
16	2	12	214	508	556
16	0	7	215	619	659
16	2	4	216	766	781
16	2	9	217	864	940
16	1	7	218	991	1005
16	1	7	219	1005	1028
16	11	9	220	1028	1060
16	11	0	221	1196	1230
16	3	6	222	1250	1261
16	9	10	223	1264	1309
17	9	12	224	0	55
17	7	0	225	55	79
17	0	2	226	118	196
17	9	12	227	219	266
17	1	7	228	314	382
17	7	9	229	382	448
17	7	9	230	448	531
17	1	5	231	586	617
17	7	13	232	812	846
17	0	4	233	957	970
17	7	13	234	1039	1065
18	1	14	235	136	184
18	13	14	236	392	439
18	3	13	237	496	563
18	11	9	238	614	654
18	4	6	239	662	674
18	6	0	240	852	865
18	6	13	241	865	889
18	0	4	242	913	957
18	11	13	243	967	1023
18	8	3	244	1023	1105
18	0	14	245	1108	1128
18	9	9	246	1141	1214
18	0	7	247	1214	1245
18	7	13	248	1257	1309
19	0	9	249	0	73
19	6	11	250	198	216
19	14	9	251	247	281
19	13	2	252	288	333
19	12	1	253	430	472
19	14	1	254	472	503
19	9	2	255	561	645
19	12	2	256	654	696
19	1	10	257	696	718
19	1	9	258	718	797
19	12	2	259	1141	1225
20	12	1	260	0	37
20	7	0	261	166	240
20	13	10	262	240	270
20	14	9	263	281	321
20	0	14	264	331	392
20	13	8	265	535	620
20	2	1	266	634	685
20	8	10	267	723	796
20	4	6	268	841	911
20	10	5	269	954	1040
20	14	1	270	1057	1082
20	8	3	271	1105	1140
20	13	14	272	1167	1221
21	10	3	273	138	221
21	5	5	274	225	237
21	8	5	275	237	298
21	5	1	276	298	374
21	5	14	277	500	557
21	2	12	278	557	574
21	11	10	279	654	694
21	11	13	280	758	812
21	14	10	281	913	981
21	3	0	282	1057	1079
21	1	7	283	1108	1186
22	12	11	284	43	61
22	12	11	285	103	188
22	10	0	286	376	446
22	5	14	287	459	500
22	10	3	288	552	587
22	7	0	289	674	706
22	7	4	290	716	766
22	13	12	291	826	866
22	2	9	292	940	981
22	4	6	293	981	1062
22	11	6	294	1062	1125
22	1	7	295	1186	1202
22	7	13	296	1202	1257
23	12	11	297	319	408
23	9	2	298	481	561
23	14	4	299	586	655
23	7	0	300	656	674
23	1	13	301	684	694
23	9	7	302	729	757
23	11	12	303	812	826
23	14	7	304	843	907
23	10	4	305	1051	1092
23	7	11	306	1122	1198
23	10	3	307	1275	1303
24	6	11	308	408	486
24	2	3	309	490	508
24	6	11	310	568	609
24	6	11	311	626	672
24	6	8	312	753	838
24	3	14	313	930	971
24	2	0	314	981	1000
24	12	11	315	1039	1067
24	10	3	316	1192	1275
24	3	6	317	1295	1311
25	4	5	318	0	60
25	0	7	319	73	89
25	1	7	320	210	236
25	2	4	321	254	266
25	13	2	322	273	288
25	4	8	323	298	337
25	11	10	324	337	396
25	4	6	325	431	441
25	13	8	326	724	752
25	0	14	327	792	840
25	11	0	328	865	946
25	13	9	329	996	1023
25	6	8	330	1236	1306
26	7	4	331	83	166
26	11	9	332	207	219
26	2	4	333	293	336
26	3	10	334	396	448
26	8	3	335	588	668
26	0	4	336	670	716
26	11	3	337	732	747
26	9	7	338	757	790
26	9	2	339	820	875
26	12	2	340	975	1024
26	2	4	341	1092	1162
26	3	6	342	1261	1295
27	6	8	343	56	139
27	9	12	344	143	159
27	8	5	345	192	222
27	6	11	346	222	319
27	5	5	347	376	449
27	8	10	348	504	588
27	14	1	349	763	843
27	10	5	350	843	881
27	8	3	351	930	1013
27	11	1	352	1230	1309
28	2	4	353	0	83
28	9	12	354	83	143
28	5	1	355	212	225
28	1	7	356	236	314
28	3	13	357	450	496
28	10	3	358	526	552
28	13	8	359	620	696
28	3	0	360	714	744
28	7	12	361	766	807
28	3	1	362	852	922
28	0	7	363	1028	1053
28	8	12	364	1236	1303
29	12	11	365	61	94
29	12	11	366	94	103
29	12	2	367	196	273
29	12	13	368	273	314
29	4	5	369	449	514
29	5	13	370	563	624
29	1	4	371	870	879
29	1	4	372	896	913
29	2	8	373	1000	1076
29	14	4	374	1162	1247


Solution History:
