This is the output of Heuristic Solver for Dual resource constrained flexible job shop Scheduling Problem.
Input file is: Dauzere_08a.txt
Method: FaF
Seed: 2
Number of Jobs: 15
Number of Operations: 293
Number of Machines: 8
Number of Operators: 6
CPU Time: 92.4406
obj: 2895
Best found lower bound:0
Solver gap (best found lower bound and upper bound difference): Not known


Final Solution:
Job	Machine	Operator	Operation	Start Time	Finish Time
0	3	2	0	0	25
0	1	1	1	54	117
0	1	3	2	163	196
0	3	1	3	431	517
0	7	5	4	570	595
0	5	2	5	925	991
0	1	1	6	996	1028
0	7	4	7	1055	1066
0	0	0	8	1226	1294
0	3	1	9	1393	1487
0	1	1	10	1692	1733
0	4	5	11	1940	2034
0	5	2	12	2270	2333
0	3	1	13	2386	2431
0	5	2	14	2637	2728
1	7	5	15	0	74
1	1	1	16	117	148
1	7	5	17	472	570
1	1	1	18	607	625
1	5	3	19	625	649
1	3	2	20	651	744
1	0	2	21	744	766
1	7	5	22	777	858
1	3	1	23	1028	1065
1	5	2	24	1190	1258
1	4	5	25	1269	1319
1	5	2	26	1438	1496
1	2	3	27	1564	1602
1	1	1	28	1733	1789
1	4	0	29	1797	1869
1	2	3	30	2020	2100
1	2	3	31	2219	2302
1	4	5	32	2353	2440
1	5	2	33	2445	2484
1	4	0	34	2532	2630
2	7	5	35	74	149
2	4	0	36	203	227
2	4	0	37	227	319
2	1	3	38	431	510
2	0	0	39	578	625
2	7	5	40	713	777
2	1	1	41	824	877
2	3	2	42	884	925
2	4	5	43	1059	1155
2	2	3	44	1205	1241
2	4	5	45	1378	1439
2	6	4	46	1475	1545
2	3	2	47	1579	1641
2	5	4	48	1722	1780
2	3	2	49	1829	1861
2	1	1	50	1866	1891
2	6	4	51	2072	2113
2	1	1	52	2126	2202
2	1	3	53	2328	2410
2	6	4	54	2446	2519
2	1	1	55	2699	2771
2	1	1	56	2771	2815
2	2	3	57	2833	2895
3	7	5	58	171	234
3	3	2	59	303	374
3	0	0	60	422	516
3	4	0	61	516	544
3	6	4	62	716	783
3	4	0	63	793	816
3	0	0	64	1029	1093
3	7	5	65	1155	1191
3	5	2	66	1303	1402
3	6	4	67	1440	1475
3	4	5	68	1581	1666
3	2	3	69	1715	1755
3	5	4	70	1842	1911
3	4	5	71	2034	2132
3	0	0	72	2223	2297
3	0	0	73	2351	2442
3	3	1	74	2815	2858
3	3	1	75	2858	2893
4	1	1	76	0	54
4	4	0	77	111	203
4	1	1	78	284	327
4	2	3	79	342	426
4	2	3	80	574	619
4	1	1	81	677	771
4	0	0	82	896	966
4	1	1	83	1117	1223
4	5	2	84	1258	1303
4	2	3	85	1324	1352
4	1	3	86	1352	1414
4	4	5	87	1483	1581
4	6	4	88	1585	1655
4	5	4	89	1780	1842
4	3	2	90	2013	2115
4	4	0	91	2154	2203
4	4	5	92	2225	2329
4	5	2	93	2333	2401
4	4	0	94	2442	2532
4	5	4	95	2561	2631
4	4	0	96	2631	2651
5	4	0	97	0	29
5	3	2	98	77	110
5	6	3	99	140	163
5	6	4	100	174	278
5	2	3	101	763	857
5	7	5	102	858	928
5	3	1	103	977	996
5	0	0	104	1325	1417
5	6	4	105	1545	1585
5	7	5	106	1681	1756
5	0	0	107	1971	2018
5	1	1	108	2202	2302
5	6	3	109	2302	2328
5	6	4	110	2411	2446
5	2	3	111	2506	2598
6	5	4	112	0	75
6	6	4	113	278	372
6	1	1	114	625	677
6	6	4	115	678	716
6	1	1	116	771	824
6	5	2	117	1049	1118
6	2	3	118	1143	1205
6	3	1	119	1223	1321
6	2	3	120	1857	1930
6	3	2	121	1931	2013
6	7	4	122	2062	2072
6	2	3	123	2100	2132
6	7	4	124	2268	2323
6	3	1	125	2330	2386
6	5	2	126	2426	2445
6	0	2	127	2581	2637
6	7	5	128	2701	2793
7	3	2	129	25	77
7	0	2	130	155	232
7	2	3	131	254	284
7	1	1	132	327	375
7	1	1	133	375	431
7	6	4	134	457	498
7	3	2	135	573	651
7	2	3	136	857	893
7	2	3	137	995	1066
7	3	2	138	1118	1190
7	2	3	139	1241	1280
7	6	4	140	1346	1366
7	5	2	141	1402	1438
7	4	5	142	1439	1483
7	0	0	143	1559	1656
7	4	0	144	1666	1732
7	7	4	145	1952	1994
7	1	1	146	2058	2126
7	5	4	147	2166	2188
7	1	3	148	2410	2436
7	3	1	149	2436	2504
7	0	2	150	2520	2581
7	3	1	151	2631	2699
7	7	5	152	2793	2830
7	7	4	153	2849	2894
8	0	0	154	29	111
8	0	2	155	111	155
8	7	5	156	384	472
8	2	3	157	520	574
8	6	4	158	600	678
8	0	2	159	766	802
8	0	2	160	802	884
8	6	4	161	914	960
8	2	3	162	1066	1143
8	7	4	163	1279	1321
8	6	4	164	1324	1346
8	1	1	165	1487	1556
8	2	3	166	1616	1715
8	4	0	167	1781	1797
8	7	5	168	1802	1838
8	0	0	169	1869	1971
8	2	3	170	2132	2219
8	5	2	171	2224	2270
8	7	4	172	2323	2411
8	6	4	173	2519	2561
8	2	3	174	2636	2694
8	2	3	175	2694	2757
8	5	2	176	2764	2797
9	2	3	177	74	140
9	5	3	178	196	254
9	5	3	179	667	763
9	5	4	180	783	816
9	4	0	181	816	896
9	2	3	182	953	995
9	4	5	183	1022	1059
9	0	0	184	1093	1133
9	6	4	185	1193	1279
9	3	1	186	1321	1393
9	6	4	187	1655	1722
9	1	1	188	1789	1866
9	6	4	189	1911	1935
9	6	4	190	2113	2166
9	0	0	191	2203	2223
9	6	4	192	2224	2268
9	4	5	193	2329	2353
9	6	4	194	2631	2711
9	5	2	195	2797	2892
10	1	1	196	224	284
10	5	2	197	374	468
10	5	2	198	468	527
10	0	0	199	625	714
10	6	4	200	816	879
10	2	3	201	893	953
10	6	4	202	960	1055
10	1	1	203	1065	1117
10	2	3	204	1476	1564
10	5	2	205	1641	1709
10	7	5	206	1756	1802
10	0	0	207	2018	2114
10	7	5	208	2132	2225
10	5	2	209	2484	2520
10	3	1	210	2554	2631
10	6	4	211	2711	2727
10	6	4	212	2727	2789
10	6	4	213	2789	2807
10	0	0	214	2830	2893
11	7	5	215	149	171
11	7	5	216	234	325
11	6	4	217	372	397
11	1	1	218	517	607
11	7	5	219	607	660
11	7	5	220	660	713
11	0	0	221	966	1029
11	5	2	222	1033	1049
11	6	4	223	1125	1193
11	6	4	224	1366	1440
11	1	1	225	1645	1692
11	4	0	226	1732	1781
11	3	2	227	1793	1829
11	7	5	228	1838	1853
11	7	5	229	1853	1940
11	7	4	230	1940	1952
11	3	2	231	2115	2219
11	3	1	232	2302	2330
11	7	5	233	2614	2701
11	5	2	234	2728	2764
11	6	4	235	2807	2849
12	5	4	236	75	120
12	5	4	237	120	174
12	2	3	238	284	342
12	6	4	239	397	457
12	4	0	240	544	578
12	1	1	241	877	977
12	0	0	242	1133	1226
12	6	3	243	1280	1324
12	1	3	244	1414	1476
12	5	2	245	1496	1579
12	6	3	246	1755	1857
12	2	3	247	1930	2020
12	7	5	248	2440	2533
12	7	5	249	2533	2597
12	7	5	250	2597	2614
12	0	0	251	2700	2795
13	3	2	252	232	303
13	0	0	253	346	422
13	6	4	254	498	600
13	5	2	255	991	1033
13	6	4	256	1066	1125
13	7	5	257	1191	1254
13	0	0	258	1294	1325
13	0	0	259	1469	1559
13	2	3	260	1602	1616
13	7	5	261	1666	1681
13	3	2	262	1861	1931
13	7	4	263	1994	2062
13	0	0	264	2114	2154
13	2	3	265	2436	2506
13	2	3	266	2757	2833
13	4	5	267	2833	2884
14	6	3	268	0	22
14	2	3	269	22	74
14	3	1	270	148	224
14	0	0	271	319	346
14	4	5	272	346	384
14	2	3	273	510	520
14	5	2	274	527	573
14	2	3	275	649	667
14	4	0	276	714	793
14	6	4	277	879	914
14	4	5	278	928	1022
14	4	5	279	1254	1269
14	4	5	280	1319	1378
14	0	0	281	1417	1469
14	1	1	282	1556	1645
14	0	2	283	1709	1793
14	1	1	284	1891	1970
14	1	1	285	1970	2058
14	5	4	286	2188	2224
14	0	0	287	2297	2351
14	5	2	288	2401	2426
14	3	1	289	2504	2554
14	2	3	290	2598	2636
14	0	0	291	2651	2700
14	0	0	292	2795	2830


Solution History:
