This is the output of Heuristic Solver for Dual resource constrained flexible job shop Scheduling Problem.
Input file is: Dauzere_11a.txt
Method: FaF
Seed: 4
Number of Jobs: 15
Number of Operations: 293
Number of Machines: 8
Number of Operators: 6
CPU Time: 34.8007
obj: 2886
Best found lower bound:0
Solver gap (best found lower bound and upper bound difference): Not known


Final Solution:
Job	Machine	Operator	Operation	Start Time	Finish Time
0	1	1	0	0	30
0	0	0	1	33	95
0	1	1	2	298	338
0	3	1	3	338	418
0	7	5	4	734	761
0	5	2	5	861	925
0	1	1	6	1190	1230
0	0	0	7	1262	1278
0	1	1	8	1360	1426
0	1	1	9	1559	1649
0	1	1	10	1748	1786
0	4	5	11	2088	2181
0	5	2	12	2428	2493
0	0	0	13	2704	2747
0	7	4	14	2794	2882
1	6	4	15	26	98
1	1	3	16	204	237
1	7	5	17	393	483
1	0	2	18	524	546
1	7	5	19	594	625
1	2	3	20	689	783
1	2	3	21	783	807
1	7	4	22	842	919
1	3	1	23	948	984
1	3	2	24	1039	1107
1	4	0	25	1149	1201
1	3	1	26	1426	1484
1	7	5	27	1552	1596
1	1	1	28	1649	1706
1	4	5	29	1741	1815
1	2	3	30	1852	1935
1	2	3	31	2224	2304
1	4	5	32	2349	2433
1	1	3	33	2507	2551
1	6	4	34	2609	2705
2	7	4	35	98	173
2	0	0	36	174	201
2	5	2	37	234	321
2	0	0	38	321	399
2	7	5	39	483	531
2	7	5	40	531	594
2	1	1	41	754	809
2	1	3	42	903	946
2	7	5	43	1036	1128
2	2	3	44	1133	1171
2	4	0	45	1201	1262
2	1	1	46	1288	1360
2	3	2	47	1573	1639
2	5	2	48	1733	1793
2	3	1	49	1866	1901
2	1	1	50	1978	2007
2	6	3	51	2057	2101
2	7	4	52	2102	2179
2	1	1	53	2179	2258
2	6	3	54	2304	2373
2	1	3	55	2437	2507
2	3	1	56	2583	2626
2	2	3	57	2787	2848
3	2	3	58	0	62
3	3	1	59	227	298
3	0	0	60	415	505
3	4	0	61	505	538
3	6	4	62	919	985
3	4	0	63	1020	1048
3	0	0	64	1084	1149
3	7	5	65	1217	1251
3	5	2	66	1371	1470
3	1	3	67	1480	1518
3	4	0	68	1518	1596
3	2	3	69	1747	1789
3	6	4	70	1913	1975
3	1	1	71	2087	2178
3	0	0	72	2288	2360
3	0	0	73	2479	2566
3	3	1	74	2691	2735
3	3	1	75	2735	2775
4	5	2	76	0	53
4	4	5	77	96	188
4	3	1	78	188	227
4	2	3	79	479	561
4	2	3	80	642	689
4	3	2	81	689	785
4	0	0	82	954	1020
4	1	1	83	1072	1173
4	5	4	84	1195	1238
4	3	2	85	1238	1271
4	5	4	86	1288	1345
4	7	5	87	1463	1552
4	4	0	88	1646	1713
4	5	2	89	1793	1854
4	4	5	90	1963	2060
4	4	5	91	2181	2226
4	4	5	92	2226	2325
4	5	2	93	2358	2428
4	5	2	94	2576	2667
4	4	5	95	2734	2807
4	4	5	96	2861	2884
5	4	0	97	0	33
5	3	1	98	80	117
5	6	4	99	173	200
5	6	4	100	476	580
5	0	0	101	793	886
5	7	5	102	966	1036
5	5	4	103	1040	1061
5	0	0	104	1320	1409
5	6	4	105	1664	1707
5	4	0	106	1890	1960
5	0	0	107	2051	2096
5	2	3	108	2101	2198
5	5	4	109	2203	2230
5	3	1	110	2549	2583
5	4	0	111	2617	2704
6	5	2	112	53	133
6	6	4	113	388	476
6	1	1	114	544	601
6	6	4	115	655	696
6	1	1	116	696	754
6	5	2	117	970	1039
6	2	3	118	1171	1235
6	3	2	119	1271	1371
6	2	3	120	1673	1747
6	3	1	121	1786	1866
6	7	5	122	1948	1963
6	2	3	123	2023	2057
6	7	4	124	2273	2327
6	7	4	125	2327	2382
6	4	5	126	2433	2458
6	5	2	127	2521	2576
6	7	5	128	2620	2708
7	7	5	129	0	53
7	2	3	130	237	304
7	2	3	131	304	334
7	4	5	132	341	393
7	3	2	133	418	473
7	5	2	134	546	591
7	3	2	135	785	861
7	2	3	136	946	984
7	2	3	137	984	1053
7	3	2	138	1107	1175
7	2	3	139	1302	1342
7	6	3	140	1360	1378
7	2	3	141	1378	1414
7	4	0	142	1466	1517
7	0	2	143	1639	1733
7	1	3	144	1789	1852
7	7	4	145	2058	2102
7	0	0	146	2102	2165
7	7	4	147	2179	2203
7	1	1	148	2258	2290
7	3	1	149	2290	2355
7	0	0	150	2418	2479
7	3	1	151	2626	2691
7	7	4	152	2708	2750
7	6	4	153	2750	2794
8	0	0	154	95	174
8	6	4	155	200	245
8	7	4	156	303	388
8	2	3	157	588	642
8	4	0	158	643	716
8	0	0	159	754	793
8	1	1	160	809	892
8	5	2	161	925	970
8	2	3	162	1053	1133
8	3	2	163	1175	1220
8	6	3	164	1342	1360
8	2	3	165	1414	1480
8	7	5	166	1596	1690
8	4	0	167	1713	1738
8	7	5	168	1816	1856
8	7	5	169	1856	1948
8	3	1	170	2007	2087
8	5	2	171	2314	2358
8	7	5	172	2458	2541
8	6	4	173	2547	2591
8	5	2	174	2667	2725
8	2	3	175	2725	2787
8	5	2	176	2848	2880
9	2	3	177	62	131
9	6	4	178	245	303
9	5	2	179	591	689
9	4	0	180	716	754
9	7	4	181	769	842
9	7	5	182	919	966
9	4	0	183	1048	1084
9	0	0	184	1278	1320
9	6	4	185	1378	1458
9	3	1	186	1484	1559
9	6	4	187	1727	1790
9	0	0	188	1816	1890
9	4	5	189	2060	2088
9	5	2	190	2090	2137
9	2	3	191	2198	2224
9	6	4	192	2230	2273
9	4	5	193	2325	2349
9	2	3	194	2551	2623
9	5	2	195	2763	2848
10	4	0	196	201	261
10	5	2	197	321	414
10	5	3	198	422	479
10	3	1	199	601	687
10	6	3	200	807	870
10	3	1	201	892	948
10	7	5	202	1128	1217
10	6	4	203	1238	1288
10	2	3	204	1518	1603
10	5	3	205	1603	1673
10	7	5	206	1690	1741
10	0	0	207	1960	2051
10	0	0	208	2165	2250
10	5	2	209	2278	2314
10	3	1	210	2355	2434
10	6	4	211	2591	2609
10	2	3	212	2623	2682
10	4	5	213	2708	2734
10	1	1	214	2775	2838
11	7	5	215	188	214
11	7	5	216	214	301
11	6	3	217	334	364
11	1	1	218	458	544
11	7	5	219	625	676
11	7	5	220	676	734
11	4	5	221	858	918
11	0	0	222	933	954
11	2	3	223	1235	1302
11	6	4	224	1458	1532
11	6	4	225	1532	1582
11	4	0	226	1596	1646
11	3	1	227	1706	1748
11	7	4	228	1790	1816
11	3	2	229	1926	2005
11	7	4	230	2042	2058
11	3	2	231	2175	2278
11	3	1	232	2434	2466
11	3	1	233	2466	2549
11	5	2	234	2725	2763
11	2	3	235	2848	2886
12	4	5	236	53	96
12	5	2	237	133	187
12	0	0	238	261	319
12	1	3	239	364	422
12	1	1	240	422	458
12	0	0	241	546	643
12	1	1	242	984	1072
12	5	4	243	1150	1195
12	1	1	244	1230	1288
12	5	2	245	1489	1573
12	6	4	246	1816	1913
12	2	3	247	1935	2023
12	6	4	248	2382	2471
12	7	5	249	2541	2604
12	7	5	250	2604	2620
12	0	0	251	2799	2886
13	3	1	252	117	188
13	6	4	253	580	655
13	4	5	254	761	858
13	0	0	255	886	933
13	6	4	256	985	1040
13	7	5	257	1251	1315
13	5	4	258	1345	1371
13	4	5	259	1374	1463
13	5	2	260	1470	1489
13	6	4	261	1707	1727
13	5	2	262	1854	1926
13	7	4	263	1975	2042
13	0	0	264	2250	2288
13	2	3	265	2373	2437
13	6	4	266	2471	2547
13	4	5	267	2807	2861
14	6	4	268	0	26
14	3	1	269	30	80
14	2	3	270	131	204
14	0	2	271	204	234
14	4	5	272	301	341
14	0	0	273	399	415
14	5	2	274	479	524
14	2	3	275	561	588
14	5	4	276	696	769
14	6	3	277	870	903
14	5	4	278	1061	1150
14	1	1	279	1173	1190
14	4	5	280	1315	1374
14	0	0	281	1409	1466
14	6	4	282	1582	1664
14	0	0	283	1738	1816
14	1	1	284	1901	1978
14	5	2	285	2005	2090
14	5	2	286	2137	2175
14	0	0	287	2360	2418
14	5	2	288	2493	2521
14	0	0	289	2566	2617
14	2	3	290	2682	2723
14	0	0	291	2747	2799
14	3	1	292	2838	2876


Solution History:
