This is the output of Heuristic Solver for Dual resource constrained flexible job shop Scheduling Problem.
Input file is: Dauzere_12a.txt
Method: FaF
Seed: 4
Number of Jobs: 15
Number of Operations: 293
Number of Machines: 8
Number of Operators: 6
CPU Time: 132.258
obj: 2822
Best found lower bound:0
Solver gap (best found lower bound and upper bound difference): Not known


Final Solution:
Job	Machine	Operator	Operation	Start Time	Finish Time
0	3	2	0	23	51
0	1	1	1	79	141
0	1	1	2	468	506
0	0	0	3	508	591
0	4	0	4	654	681
0	3	1	5	720	784
0	1	1	6	1076	1114
0	1	1	7	1114	1130
0	7	5	8	1198	1263
0	7	5	9	1263	1354
0	2	3	10	1381	1423
0	2	3	11	1903	2000
0	6	4	12	2156	2219
0	4	5	13	2381	2430
0	5	2	14	2601	2685
1	2	3	15	162	228
1	0	0	16	245	278
1	3	2	17	343	438
1	5	4	18	625	646
1	5	4	19	688	716
1	5	4	20	716	800
1	7	5	21	813	834
1	7	5	22	929	1005
1	0	2	23	1060	1100
1	4	0	24	1220	1284
1	7	5	25	1354	1405
1	6	4	26	1542	1601
1	5	2	27	1619	1659
1	1	1	28	1713	1767
1	5	4	29	1919	1987
1	3	2	30	2015	2088
1	5	2	31	2180	2257
1	5	3	32	2309	2393
1	2	3	33	2513	2554
1	1	1	34	2605	2694
2	7	5	35	0	71
2	5	2	36	164	191
2	6	4	37	272	358
2	2	3	38	381	459
2	0	0	39	464	508
2	0	0	40	591	654
2	2	3	41	879	932
2	4	0	42	935	974
2	4	0	43	1059	1153
2	0	2	44	1169	1208
2	5	4	45	1322	1378
2	4	5	46	1485	1551
2	7	4	47	1601	1665
2	7	5	48	1824	1878
2	6	4	49	1884	1919
2	0	0	50	1919	1948
2	6	3	51	2000	2039
2	2	3	52	2121	2195
2	0	0	53	2195	2274
2	7	4	54	2419	2489
2	0	0	55	2625	2692
2	7	5	56	2709	2755
2	7	5	57	2755	2813
3	5	2	58	105	164
3	3	2	59	221	291
3	2	3	60	502	593
3	2	3	61	629	658
3	4	0	62	681	747
3	0	0	63	903	935
3	0	0	64	974	1038
3	6	4	65	1088	1123
3	2	3	66	1177	1271
3	6	3	67	1352	1381
3	7	5	68	1699	1777
3	7	5	69	1777	1824
3	0	0	70	1860	1919
3	7	4	71	1987	2078
3	4	5	72	2219	2289
3	1	1	73	2360	2447
3	7	4	74	2640	2684
3	2	3	75	2784	2821
4	2	3	76	0	49
4	7	5	77	71	156
4	0	0	78	278	322
4	6	4	79	358	438
4	2	3	80	459	502
4	2	3	81	658	745
4	4	0	82	747	818
4	5	3	83	1019	1119
4	6	4	84	1123	1170
4	1	1	85	1249	1277
4	1	1	86	1277	1336
4	1	1	87	1371	1461
4	4	5	88	1551	1619
4	2	3	89	1714	1777
4	1	1	90	2008	2099
4	2	3	91	2221	2266
4	6	4	92	2298	2392
4	0	0	93	2392	2460
4	1	1	94	2518	2605
4	5	4	95	2722	2791
4	3	2	96	2800	2820
5	6	4	97	0	33
5	6	4	98	84	115
5	5	2	99	191	221
5	7	4	100	514	606
5	2	3	101	789	879
5	3	2	102	908	972
5	4	0	103	1038	1059
5	5	4	104	1237	1322
5	1	1	105	1336	1371
5	1	1	106	1587	1664
5	1	1	107	1664	1713
5	5	2	108	2088	2180
5	1	3	109	2195	2221
5	4	5	110	2289	2326
5	6	4	111	2529	2617
6	4	0	112	27	102
6	0	0	113	322	415
6	5	2	114	524	572
6	6	4	115	646	688
6	0	0	116	854	903
6	6	4	117	1000	1067
6	7	5	118	1140	1198
6	3	2	119	1296	1389
6	0	0	120	1453	1523
6	3	2	121	1659	1741
6	3	1	122	1767	1780
6	2	3	123	2039	2073
6	6	4	124	2078	2137
6	3	2	125	2257	2308
6	4	0	126	2352	2372
6	2	3	127	2458	2513
6	1	1	128	2694	2782
7	3	2	129	51	105
7	6	4	130	115	188
7	7	5	131	216	252
7	3	2	132	291	343
7	7	5	133	400	459
7	4	5	134	514	552
7	1	1	135	562	640
7	5	2	136	648	682
7	6	4	137	800	870
7	0	2	138	1100	1169
7	1	1	139	1209	1249
7	2	3	140	1336	1352
7	6	4	141	1381	1418
7	1	1	142	1461	1506
7	2	3	143	1557	1650
7	6	4	144	1820	1884
7	3	2	145	1974	2015
7	0	0	146	2015	2082
7	1	1	147	2099	2129
7	1	1	148	2129	2156
7	1	1	149	2294	2360
7	5	2	150	2394	2453
7	4	5	151	2453	2518
7	0	0	152	2692	2725
7	2	3	153	2742	2784
8	1	1	154	0	79
8	5	3	155	228	277
8	7	5	156	311	400
8	1	1	157	506	562
8	3	2	158	572	648
8	5	2	159	816	849
8	1	1	160	890	971
8	7	5	161	1005	1049
8	1	1	162	1130	1209
8	3	2	163	1254	1296
8	4	0	164	1403	1420
8	0	0	165	1523	1591
8	0	0	166	1591	1685
8	2	3	167	1697	1714
8	1	3	168	1777	1811
8	2	3	169	1811	1903
8	1	1	170	1925	2008
8	6	4	171	2219	2268
8	3	2	172	2308	2394
8	7	4	173	2489	2529
8	0	0	174	2571	2625
8	6	3	175	2644	2706
8	6	4	176	2791	2822
9	7	5	177	156	216
9	1	1	178	289	348
9	1	1	179	379	468
9	4	5	180	600	639
9	7	5	181	734	813
9	7	4	182	870	910
9	5	4	183	967	1000
9	1	1	184	1034	1076
9	6	4	185	1463	1542
9	5	2	186	1550	1619
9	0	0	187	1685	1748
9	0	2	188	1779	1854
9	5	2	189	1854	1881
9	2	3	190	2073	2121
9	0	0	191	2165	2190
9	2	3	192	2266	2309
9	6	4	193	2392	2419
9	1	1	194	2447	2518
9	2	3	195	2554	2644
10	2	3	196	102	162
10	1	1	197	199	289
10	7	5	198	459	514
10	0	2	199	682	767
10	1	1	200	784	843
10	6	4	201	910	967
10	7	5	202	1049	1140
10	4	0	203	1153	1202
10	3	2	204	1389	1468
10	3	1	205	1506	1573
10	2	3	206	1650	1697
10	4	0	207	1766	1860
10	3	2	208	1881	1974
10	4	5	209	2178	2219
10	0	0	210	2274	2352
10	0	0	211	2372	2392
10	0	0	212	2511	2571
10	6	4	213	2617	2640
10	3	2	214	2737	2800
11	0	2	215	0	23
11	6	4	216	188	272
11	2	3	217	277	307
11	5	2	218	438	524
11	0	2	219	767	816
11	1	1	220	843	890
11	1	1	221	971	1034
11	6	4	222	1067	1088
11	6	4	223	1170	1237
11	2	3	224	1271	1336
11	5	4	225	1418	1463
11	6	4	226	1665	1710
11	5	2	227	1741	1779
11	5	4	228	1804	1820
11	4	5	229	1878	1963
11	6	4	230	2137	2156
11	3	1	231	2156	2254
11	6	4	232	2268	2298
11	5	2	233	2521	2601
11	6	3	234	2706	2742
11	0	0	235	2776	2822
12	5	4	236	33	84
12	1	1	237	141	199
12	4	5	238	252	311
12	6	4	239	438	498
12	2	3	240	593	629
12	4	5	241	834	929
12	2	3	242	932	1019
12	3	2	243	1208	1254
12	4	0	244	1284	1346
12	7	5	245	1405	1485
12	6	4	246	1710	1804
12	4	5	247	1963	2050
12	7	5	248	2093	2178
12	2	3	249	2393	2458
12	4	5	250	2518	2539
12	4	5	251	2612	2709
13	4	0	252	175	245
13	5	3	253	307	381
13	7	5	254	639	734
13	6	3	255	745	789
13	3	2	256	849	908
13	5	3	257	1119	1177
13	4	0	258	1420	1453
13	5	2	259	1468	1550
13	3	1	260	1573	1587
13	4	0	261	1748	1766
13	1	1	262	1856	1925
13	0	0	263	1948	2010
13	4	5	264	2050	2093
13	5	2	265	2453	2521
13	4	5	266	2539	2612
13	3	2	267	2685	2737
14	4	0	268	0	27
14	2	3	269	49	102
14	4	0	270	102	175
14	1	1	271	348	379
14	0	0	272	415	452
14	4	0	273	452	464
14	4	5	274	552	600
14	7	4	275	606	625
14	1	1	276	640	720
14	0	0	277	818	854
14	3	2	278	972	1060
14	4	0	279	1202	1220
14	4	0	280	1346	1403
14	2	3	281	1423	1473
14	2	3	282	1473	1557
14	4	5	283	1619	1699
14	3	1	284	1780	1856
14	0	0	285	2082	2165
14	1	1	286	2254	2294
14	7	5	287	2326	2381
14	4	5	288	2430	2452
14	0	0	289	2460	2511
14	5	4	290	2685	2722
14	4	0	291	2725	2776
14	1	1	292	2782	2820


Solution History:
