This is the output of Heuristic Solver for Dual resource constrained flexible job shop Scheduling Problem.
Input file is: Mk03.txt
Method: FaF
Seed: 3
Number of Jobs: 15
Number of Operations: 150
Number of Machines: 8
Number of Operators: 6
CPU Time: 7.08198
obj: 247
Best found lower bound:0
Solver gap (best found lower bound and upper bound difference): Not known


Final Solution:
Job	Machine	Operator	Operation	Start Time	Finish Time
0	3	2	0	0	6
0	3	1	1	37	42
0	6	4	2	45	52
0	1	3	3	55	59
0	5	3	4	59	64
0	3	1	5	83	88
0	4	5	6	93	98
0	0	0	7	165	182
0	7	5	8	197	206
0	5	2	9	207	209
1	6	3	10	19	22
1	0	0	11	58	81
1	1	1	12	82	83
1	4	0	13	83	93
1	2	3	14	113	126
1	5	2	15	142	157
1	3	1	16	191	196
1	4	0	17	196	203
1	3	1	18	208	226
1	5	4	19	237	241
2	4	5	20	0	8
2	1	1	21	11	12
2	3	1	22	25	30
2	4	5	23	30	37
2	7	5	24	37	43
2	5	3	25	64	68
2	2	3	26	77	93
2	3	1	27	175	180
2	0	2	28	182	205
2	1	1	29	226	230
3	3	2	30	8	19
3	2	3	31	25	31
3	2	3	32	36	55
3	7	5	33	82	88
3	5	2	34	102	117
3	1	1	35	118	125
3	4	5	36	140	145
3	6	3	37	149	155
3	0	0	38	205	229
3	5	4	39	241	245
4	6	3	40	0	16
4	5	2	41	20	22
4	4	5	42	68	76
4	3	1	43	77	82
4	3	1	44	99	113
4	6	4	45	141	145
4	4	5	46	158	162
4	5	4	47	162	167
4	2	3	48	191	194
4	7	4	49	206	217
5	1	1	50	12	20
5	5	2	51	22	44
5	3	1	52	61	69
5	5	2	53	69	80
5	2	3	54	100	113
5	1	1	55	157	174
5	7	4	56	174	177
5	7	5	57	177	192
5	5	4	58	197	201
5	4	0	59	237	245
6	7	4	60	5	10
6	7	4	61	20	23
6	1	1	62	42	43
6	0	2	63	81	102
6	6	4	64	116	132
6	6	4	65	145	149
6	4	5	66	168	172
6	2	3	67	178	191
6	3	1	68	197	202
6	5	2	69	205	207
7	5	2	70	6	8
7	0	0	71	17	34
7	7	5	72	53	68
7	6	4	73	100	116
7	7	5	74	125	134
7	7	5	75	134	140
7	3	1	76	146	157
7	1	1	77	207	208
7	2	3	78	213	234
7	2	3	79	234	237
8	0	0	80	34	58
8	7	4	81	71	76
8	6	4	82	91	100
8	7	5	83	100	125
8	5	3	84	126	142
8	7	5	85	145	149
8	4	0	86	182	187
8	1	1	87	196	197
8	5	2	88	209	227
8	3	1	89	230	238
9	0	0	90	0	17
9	6	4	91	52	71
9	4	5	92	76	82
9	3	1	93	88	99
9	7	5	94	149	158
9	3	2	95	158	166
9	5	4	96	167	171
9	5	2	97	175	180
9	6	4	98	217	224
9	7	4	99	224	232
10	1	1	100	0	1
10	5	4	101	10	15
10	6	3	102	22	25
10	3	1	103	43	51
10	5	3	104	93	100
10	0	0	105	125	142
10	2	3	106	142	148
10	3	2	107	166	175
10	7	4	108	192	197
10	2	3	109	197	213
11	7	5	110	10	15
11	3	1	111	20	25
11	6	4	112	25	30
11	0	0	113	102	125
11	1	1	114	125	146
11	5	4	115	157	161
11	4	5	116	162	168
11	2	3	117	168	178
11	4	5	118	206	227
11	1	1	119	238	239
12	1	1	120	1	11
12	4	5	121	15	20
12	3	1	122	31	36
12	1	1	123	36	37
12	5	2	124	44	59
12	6	3	125	71	77
12	3	1	126	113	118
12	2	3	127	155	168
12	4	5	128	227	237
12	7	5	129	237	246
13	6	3	130	16	19
13	4	5	131	20	25
13	1	1	132	30	31
13	1	3	133	31	36
13	4	5	134	43	53
13	3	1	135	53	61
13	6	4	136	77	91
13	4	0	137	98	100
13	3	2	138	118	135
13	0	2	139	229	247
14	7	4	140	0	5
14	5	4	141	15	20
14	6	4	142	30	45
14	3	1	143	69	77
14	6	4	144	132	141
14	0	0	145	142	165
14	3	1	146	180	191
14	4	0	147	191	196
14	3	1	148	202	207
14	6	4	149	232	237


Solution History:
