This is the output of Heuristic Solver for Dual resource constrained flexible job shop Scheduling Problem.
Input file is: Mk05.txt
Method: FaF
Seed: 1
Number of Jobs: 15
Number of Operations: 106
Number of Machines: 4
Number of Operators: 3
CPU Time: 3.71079
obj: 313
Best found lower bound:0
Solver gap (best found lower bound and upper bound difference): Not known


Final Solution:
Job	Machine	Operator	Operation	Start Time	Finish Time
0	2	0	0	13	18
0	0	0	1	37	45
0	1	2	2	52	61
0	2	2	3	205	215
0	1	2	4	249	257
0	0	0	5	308	313
1	2	2	6	42	52
1	1	1	7	86	91
1	3	1	8	176	186
1	1	1	9	240	246
1	1	2	10	268	275
2	3	1	11	37	48
2	2	0	12	64	69
2	0	0	13	117	122
2	0	0	14	139	147
2	1	2	15	172	178
2	3	0	16	205	211
2	1	2	17	223	230
2	2	0	18	268	281
3	0	2	19	23	32
3	3	1	20	91	101
3	0	0	21	147	155
3	3	1	22	186	197
3	1	2	23	216	223
3	1	2	24	295	304
3	3	1	25	305	313
4	0	2	26	0	7
4	1	1	27	79	86
4	3	1	28	134	147
4	2	2	29	178	188
4	2	0	30	256	268
4	1	1	31	281	290
5	3	1	32	12	22
5	1	1	33	23	29
5	2	0	34	69	77
5	0	0	35	106	117
5	1	1	36	120	127
5	3	1	37	156	167
5	1	1	38	203	216
5	0	2	39	257	268
5	3	1	40	273	281
6	2	0	41	56	64
6	2	2	42	113	128
6	1	2	43	155	161
6	1	2	44	188	198
6	2	2	45	286	295
7	0	2	46	7	14
7	2	0	47	18	26
7	3	1	48	29	37
7	0	2	49	61	70
7	2	0	50	155	169
7	3	1	51	217	231
7	3	1	52	246	258
7	0	0	53	302	308
8	2	0	54	8	13
8	3	1	55	48	62
8	1	1	56	62	68
8	1	2	57	70	79
8	3	1	58	147	156
8	0	0	59	169	180
8	0	0	60	240	248
8	1	1	61	258	264
8	2	0	62	295	302
9	1	1	63	0	12
9	0	0	64	45	56
9	0	2	65	128	138
9	2	2	66	147	155
9	1	1	67	198	203
9	2	0	68	217	225
9	2	0	69	249	256
9	3	0	70	281	287
9	3	0	71	287	292
10	1	2	72	32	42
10	0	0	73	90	98
10	1	1	74	101	106
10	2	0	75	129	139
10	3	0	76	211	217
10	2	2	77	240	249
10	2	2	78	304	313
11	3	0	79	0	8
11	2	2	80	100	113
11	3	0	81	122	129
11	1	2	82	161	172
11	2	0	83	225	240
11	3	1	84	264	273
12	3	1	85	68	77
12	2	2	86	79	88
12	0	0	87	98	106
12	1	1	88	127	134
12	3	1	89	167	176
12	0	0	90	180	188
12	0	2	91	275	286
13	1	2	92	14	23
13	0	0	93	85	90
13	3	1	94	106	120
13	1	2	95	138	147
13	0	2	96	198	205
13	3	1	97	231	240
13	3	1	98	295	305
14	2	0	99	26	37
14	0	0	100	77	85
14	2	2	101	88	100
14	2	0	102	188	195
14	3	0	103	197	205
14	1	2	104	230	240
14	1	1	105	290	295


Solution History:
