This is the output of Heuristic Solver for Dual resource constrained flexible job shop Scheduling Problem.
Input file is: Mk05.txt
Method: FaF
Seed: 5
Number of Jobs: 15
Number of Operations: 106
Number of Machines: 4
Number of Operators: 3
CPU Time: 9.19961
obj: 308
Best found lower bound:0
Solver gap (best found lower bound and upper bound difference): Not known


Final Solution:
Job	Machine	Operator	Operation	Start Time	Finish Time
0	2	0	0	11	16
0	0	0	1	24	32
0	1	2	2	118	127
0	2	2	3	196	206
0	3	1	4	213	220
0	0	0	5	233	238
1	2	0	6	47	57
1	1	2	7	62	68
1	3	1	8	175	185
1	1	1	9	234	240
1	1	1	10	240	246
2	3	1	11	47	58
2	2	0	12	65	70
2	0	0	13	111	116
2	0	0	14	151	159
2	0	0	15	181	187
2	3	0	16	247	253
2	1	1	17	264	270
2	2	2	18	296	308
3	0	2	19	14	23
3	3	0	20	85	95
3	0	0	21	103	111
3	3	1	22	185	196
3	1	1	23	196	202
3	1	1	24	202	208
3	3	1	25	300	308
4	0	2	26	7	14
4	1	1	27	83	90
4	3	1	28	142	155
4	2	2	29	176	186
4	2	2	30	274	285
4	1	1	31	291	300
5	3	1	32	21	31
5	1	1	33	40	46
5	2	0	34	57	65
5	0	2	35	68	77
5	1	1	36	135	142
5	3	1	37	164	175
5	1	1	38	246	259
5	0	2	39	285	296
5	0	0	40	300	308
6	2	2	41	33	42
6	3	1	42	101	114
6	0	0	43	116	122
6	1	2	44	186	196
6	2	2	45	233	242
7	0	2	46	0	7
7	2	0	47	16	24
7	3	0	48	40	47
7	0	2	49	127	136
7	2	0	50	159	173
7	3	1	51	220	234
7	2	2	52	242	251
7	1	1	53	259	264
8	1	1	54	33	40
8	3	1	55	69	83
8	1	1	56	90	96
8	0	2	57	136	146
8	3	1	58	155	164
8	0	2	59	206	216
8	0	0	60	259	267
8	1	1	61	270	276
8	2	0	62	285	292
9	1	2	63	23	33
9	0	2	64	42	53
9	3	1	65	58	69
9	2	0	66	142	151
9	1	1	67	208	213
9	2	0	68	218	226
9	2	0	69	226	233
9	3	0	70	253	259
9	3	0	71	267	272
10	1	1	72	0	12
10	0	0	73	77	85
10	1	1	74	96	101
10	2	2	75	108	118
10	3	0	76	204	210
10	2	0	77	210	218
10	2	2	78	265	274
11	3	0	79	32	40
11	2	2	80	95	108
11	3	0	81	135	142
11	1	2	82	165	176
11	2	2	83	251	265
11	3	0	84	292	300
12	3	1	85	12	21
12	2	2	86	77	86
12	0	2	87	86	95
12	1	1	88	128	135
12	1	2	89	155	165
12	0	0	90	173	181
12	0	0	91	272	284
13	1	2	92	53	62
13	2	0	93	70	77
13	3	1	94	114	128
13	1	2	95	146	155
13	0	2	96	226	233
13	3	0	97	238	247
13	3	1	98	281	291
14	2	0	99	0	11
14	0	0	100	95	103
14	2	0	101	122	135
14	2	0	102	187	194
14	3	0	103	196	204
14	1	2	104	216	226
14	1	1	105	276	281


Solution History:
