This is the output of Heuristic Solver for Dual resource constrained flexible job shop Scheduling Problem.
Input file is: Mk07.txt
Method: FaF
Seed: 2
Number of Jobs: 20
Number of Operations: 100
Number of Machines: 5
Number of Operators: 4
CPU Time: 3.51602
obj: 236
Best found lower bound:0
Solver gap (best found lower bound and upper bound difference): Not known


Final Solution:
Job	Machine	Operator	Operation	Start Time	Finish Time
0	1	1	0	4	8
0	0	0	1	8	23
0	1	1	2	72	82
0	3	2	3	183	204
0	4	3	4	221	225
1	0	0	5	25	28
1	4	0	6	28	33
1	1	1	7	103	107
1	1	1	8	164	175
1	2	0	9	181	183
2	4	0	10	67	68
2	3	2	11	98	120
2	2	2	12	133	145
2	1	1	13	182	186
2	4	0	14	205	217
3	1	3	15	26	31
3	3	1	16	39	49
3	1	1	17	70	72
3	0	3	18	86	94
3	0	3	19	191	201
4	2	2	20	0	5
4	2	2	21	5	24
4	4	0	22	167	168
4	2	2	23	212	227
4	3	2	24	227	235
5	4	3	25	19	23
5	0	3	26	48	65
5	4	0	27	131	138
5	1	3	28	144	157
5	1	1	29	175	182
6	3	1	30	27	39
6	4	3	31	121	131
6	1	3	32	131	139
6	2	0	33	165	167
6	3	1	34	212	218
7	4	3	35	8	19
7	0	0	36	23	25
7	1	3	37	31	48
7	1	1	38	107	118
7	1	1	39	202	212
8	4	3	40	0	4
8	3	1	41	21	27
8	4	3	42	79	86
8	1	1	43	89	103
8	0	3	44	201	221
9	4	0	45	34	44
9	2	2	46	62	74
9	0	3	47	94	101
9	3	1	48	159	164
9	1	1	49	186	202
10	3	2	50	74	98
10	4	3	51	109	116
10	4	3	52	116	121
10	4	0	53	183	190
10	4	0	54	190	205
11	2	2	55	24	44
11	4	0	56	44	52
11	2	2	57	145	164
11	3	2	58	204	212
11	1	1	59	223	236
12	4	0	60	52	67
12	3	1	61	141	159
12	2	0	62	168	180
12	0	3	63	180	186
12	4	0	64	217	221
13	4	3	65	23	26
13	0	3	66	65	69
13	4	0	67	101	109
13	0	0	68	116	131
13	4	0	69	163	165
14	3	1	70	8	13
14	4	0	71	33	34
14	2	2	72	44	62
14	0	0	73	109	116
14	4	0	74	138	153
15	0	0	75	3	8
15	2	2	76	120	133
15	1	3	77	139	144
15	4	0	78	153	163
15	3	1	79	218	223
16	4	3	80	71	79
16	4	0	81	86	101
16	0	3	82	101	109
16	0	3	83	157	169
16	4	0	84	180	181
17	1	1	85	0	4
17	4	3	86	4	8
17	4	3	87	69	71
17	0	0	88	71	86
17	4	3	89	225	235
18	0	0	90	0	3
18	3	1	91	49	62
18	1	1	92	62	70
18	3	2	93	164	183
18	0	0	94	221	231
19	3	1	95	13	21
19	1	1	96	82	89
19	3	1	97	120	141
19	4	3	98	169	180
19	0	3	99	186	191


Solution History:
