This is the output of Heuristic Solver for Dual resource constrained flexible job shop Scheduling Problem.
Input file is: Mk08.txt
Method: FaF
Seed: 2
Number of Jobs: 20
Number of Operations: 225
Number of Machines: 10
Number of Operators: 6
CPU Time: 11.1922
obj: 640
Best found lower bound:0
Solver gap (best found lower bound and upper bound difference): Not known


Final Solution:
Job	Machine	Operator	Operation	Start Time	Finish Time
0	3	1	0	0	5
0	4	0	1	22	29
0	2	0	2	29	54
0	6	4	3	169	186
0	3	5	4	265	271
0	0	0	5	304	314
0	9	5	6	382	403
0	6	4	7	403	414
0	2	0	8	414	431
0	2	0	9	607	612
1	1	5	10	0	6
1	3	5	11	6	13
1	2	0	12	84	89
1	0	3	13	104	117
1	9	2	14	210	229
1	3	1	15	241	260
1	6	4	16	264	282
1	4	4	17	358	368
1	4	0	18	387	408
1	0	3	19	412	435
1	6	4	20	514	527
1	0	0	21	591	607
2	8	1	22	5	10
2	0	3	23	37	57
2	0	0	24	74	84
2	2	0	25	89	111
2	3	1	26	121	129
2	3	1	27	198	203
2	7	5	28	239	257
2	9	5	29	319	331
2	4	4	30	331	346
2	0	3	31	351	361
2	6	3	32	361	377
2	0	0	33	435	445
2	9	2	34	514	533
2	9	5	35	594	616
3	9	2	36	29	39
3	4	4	37	67	77
3	6	4	38	101	121
3	0	0	39	188	201
3	9	2	40	298	319
3	6	4	41	451	465
3	4	4	42	465	478
3	7	2	43	491	500
3	8	1	44	500	514
3	4	4	45	527	538
4	4	0	46	10	22
4	8	1	47	42	47
4	3	1	48	76	81
4	2	2	49	126	141
4	0	3	50	172	188
4	8	3	51	188	205
4	0	0	52	205	215
4	6	4	53	292	310
4	3	1	54	313	318
4	3	1	55	347	373
4	7	5	56	456	477
4	9	5	57	491	514
5	6	4	58	42	58
5	2	2	59	58	79
5	4	0	60	111	120
5	9	2	61	265	284
5	2	0	62	314	319
5	3	5	63	340	347
5	7	2	64	368	385
5	3	1	65	484	492
5	9	5	66	533	553
5	0	0	67	571	578
6	0	0	68	0	10
6	9	2	69	82	100
6	0	3	70	117	127
6	4	0	71	143	152
6	9	2	72	163	178
6	6	3	73	205	215
6	3	1	74	222	241
6	4	0	75	255	265
6	7	5	76	271	293
6	9	2	77	450	469
6	0	3	78	490	512
6	0	0	79	630	640
7	0	3	80	21	37
7	6	3	81	68	82
7	0	3	82	156	172
7	3	5	83	176	198
7	4	4	84	201	216
7	3	1	85	260	265
7	2	0	86	332	354
7	0	0	87	368	387
7	3	1	88	417	422
7	4	4	89	422	434
7	9	2	90	575	594
8	6	4	91	26	42
8	7	5	92	42	60
8	0	3	93	84	104
8	9	2	94	239	265
8	4	4	95	282	292
8	1	1	96	292	300
8	3	1	97	300	308
8	4	4	98	310	321
8	0	3	99	332	351
8	0	0	100	361	368
8	8	1	101	399	417
8	2	0	102	445	464
8	0	3	103	578	591
8	9	5	104	616	638
9	9	2	105	39	58
9	4	4	106	58	67
9	7	2	107	102	126
9	7	5	108	163	176
9	0	3	109	231	241
9	0	3	110	278	290
9	8	3	111	304	310
9	3	1	112	318	340
9	9	5	113	403	425
9	2	0	114	509	531
9	0	3	115	607	630
10	8	1	116	26	37
10	0	0	117	57	74
10	7	5	118	82	102
10	3	1	119	102	121
10	7	2	120	141	160
10	2	0	121	230	235
10	7	2	122	319	328
10	9	2	123	331	340
10	9	2	124	440	450
10	8	1	125	470	484
10	2	0	126	490	509
11	9	2	127	0	19
11	7	5	128	19	32
11	4	4	129	88	101
11	0	0	130	127	143
11	6	4	131	152	169
11	3	1	132	394	399
11	3	1	133	459	470
11	0	3	134	476	490
11	7	2	135	550	571
11	8	1	136	618	623
12	4	4	137	0	8
12	9	5	138	102	127
12	6	4	139	141	152
12	3	1	140	203	222
12	0	3	141	255	278
12	7	5	142	293	313
12	9	5	143	347	358
12	7	2	144	414	430
12	9	5	145	553	575
12	8	1	146	575	580
12	1	1	147	580	588
13	0	3	148	10	21
13	4	4	149	121	131
13	0	3	150	143	156
13	8	1	151	156	170
13	6	4	152	186	201
13	6	4	153	250	264
13	7	2	154	340	354
13	0	3	155	445	463
13	2	2	156	594	605
13	8	1	157	605	613
13	1	1	158	613	618
14	8	1	159	71	76
14	4	4	160	77	88
14	6	3	161	127	141
14	9	2	162	229	239
14	6	4	163	239	250
14	2	0	164	265	280
14	3	1	165	280	291
14	0	3	166	314	322
14	2	0	167	464	475
14	0	3	168	512	533
14	7	2	169	605	626
15	1	1	170	10	15
15	6	3	171	58	68
15	9	5	172	127	143
15	8	1	173	170	181
15	7	5	174	198	217
15	4	0	175	217	230
15	8	1	176	265	273
15	0	3	177	290	304
15	0	3	178	387	412
15	6	4	179	497	514
15	7	2	180	533	550
16	9	2	181	19	29
16	8	1	182	37	42
16	4	0	183	152	167
16	9	2	184	191	210
16	0	3	185	215	231
16	2	0	186	235	240
16	1	1	187	273	278
16	9	2	188	284	298
16	0	0	189	322	332
16	7	2	190	354	368
16	6	4	191	478	497
16	0	3	192	533	555
16	6	4	193	556	573
17	6	4	194	10	26
17	1	1	195	47	52
17	9	5	196	143	163
17	2	0	197	167	186
17	7	5	198	217	239
17	0	0	199	241	255
17	4	4	200	346	358
17	6	4	201	434	451
17	3	1	202	451	459
17	0	3	203	463	476
17	4	4	204	538	556
18	6	3	205	0	10
18	1	1	206	15	26
18	7	5	207	32	42
18	8	1	208	52	66
18	3	1	209	66	71
18	9	5	210	358	382
18	3	2	211	385	394
18	9	5	212	425	440
18	7	5	213	440	456
18	9	2	214	469	491
19	9	5	215	60	82
19	9	2	216	178	191
19	6	4	217	216	236
19	8	3	218	241	255
19	2	0	219	280	298
19	1	1	220	308	313
19	7	2	221	394	408
19	2	2	222	408	414
19	4	0	223	478	490
19	0	0	224	555	571


Solution History:
