This is the output of Heuristic Solver for Dual resource constrained flexible job shop Scheduling Problem.
Input file is: Mk10.txt
Method: FaF
Seed: 1
Number of Jobs: 20
Number of Operations: 240
Number of Machines: 15
Number of Operators: 8
CPU Time: 91.6241
obj: 334
Best found lower bound:0
Solver gap (best found lower bound and upper bound difference): Not known


Final Solution:
Job	Machine	Operator	Operation	Start Time	Finish Time
0	1	1	0	0	5
0	6	1	1	40	51
0	1	3	2	51	60
0	8	3	3	96	106
0	0	0	4	146	156
0	3	2	5	160	167
0	7	4	6	169	180
0	2	7	7	199	208
0	9	7	8	208	219
0	9	0	9	257	262
0	6	1	10	267	272
0	9	7	11	276	285
1	6	1	12	13	24
1	9	0	13	25	34
1	5	4	14	51	60
1	1	1	15	76	87
1	2	2	16	123	135
1	3	6	17	135	147
1	12	3	18	148	166
1	2	7	19	175	187
1	7	4	20	202	213
1	8	3	21	244	251
1	2	2	22	283	289
1	9	0	23	307	312
1	1	1	24	323	334
2	2	2	25	18	29
2	0	0	26	39	51
2	0	0	27	60	67
2	5	4	28	105	116
2	0	0	29	126	135
2	9	7	30	148	156
2	2	7	31	156	167
2	8	6	32	178	189
2	4	5	33	269	278
2	2	2	34	289	301
2	1	3	35	314	323
3	3	2	36	29	40
3	2	2	37	51	62
3	4	5	38	105	127
3	1	1	39	138	146
3	9	7	40	167	173
3	6	1	41	181	192
3	0	0	42	218	241
3	9	0	43	244	257
3	1	3	44	280	288
3	7	4	45	293	303
3	8	3	46	323	333
4	5	4	47	0	12
4	9	0	48	20	25
4	9	7	49	48	61
4	9	0	50	72	92
4	2	7	51	99	111
4	0	0	52	116	126
4	12	3	53	137	148
4	1	1	54	154	159
4	7	4	55	180	202
4	1	1	56	228	247
4	4	5	57	247	264
4	1	3	58	266	280
4	3	6	59	284	297
4	2	2	60	315	323
5	8	6	61	0	13
5	0	0	62	13	20
5	8	6	63	38	49
5	1	3	64	106	114
5	6	1	65	127	138
5	0	0	66	187	196
5	6	1	67	212	223
5	1	1	68	223	228
5	6	4	69	240	248
5	4	5	70	264	269
5	4	5	71	289	304
6	1	3	72	13	22
6	6	1	73	24	35
6	0	0	74	51	60
6	9	7	75	61	67
6	8	3	76	71	78
6	8	3	77	78	87
6	6	1	78	119	127
6	9	0	79	156	165
6	0	0	80	165	178
6	4	5	81	219	234
6	3	6	82	245	259
6	0	0	83	285	304
6	2	2	84	309	315
6	0	7	85	316	324
7	7	0	86	0	13
7	5	4	87	39	51
7	6	1	88	59	67
7	1	1	89	67	76
7	3	2	90	112	123
7	8	6	91	147	162
7	4	5	92	170	181
7	6	1	93	207	212
7	3	6	94	217	231
7	0	7	95	244	253
7	5	4	96	259	266
7	2	7	97	267	276
7	9	7	98	296	307
8	5	4	99	12	26
8	6	1	100	35	40
8	8	6	101	49	62
8	9	0	102	67	72
8	9	0	103	92	104
8	7	4	104	157	169
8	3	2	105	178	186
8	9	7	106	234	244
8	0	7	107	253	265
8	5	2	108	267	272
8	0	0	109	273	285
9	9	5	110	0	7
9	4	5	111	18	33
9	1	3	112	33	40
9	0	7	113	67	86
9	3	6	114	86	100
9	0	0	115	104	116
9	7	4	116	137	157
9	2	7	117	187	199
9	1	3	118	202	209
9	2	2	119	240	252
9	3	2	120	272	283
9	3	6	121	297	310
10	3	2	122	40	51
10	6	1	123	51	59
10	3	6	124	73	85
10	9	7	125	130	136
10	4	5	126	150	165
10	0	0	127	196	205
10	7	4	128	213	225
10	8	6	129	259	284
10	8	3	130	288	295
10	4	5	131	323	334
11	5	2	132	62	73
11	4	5	133	84	105
11	9	7	134	111	118
11	0	0	135	135	146
11	2	2	136	167	175
11	1	3	137	175	182
11	3	6	138	204	217
11	1	1	139	247	252
11	0	0	140	267	273
11	9	7	141	285	296
11	0	7	142	307	316
12	6	1	143	5	13
12	1	3	144	40	51
12	3	6	145	62	73
12	6	1	146	104	112
12	8	6	147	112	124
12	2	2	148	208	214
12	5	2	149	220	228
12	5	4	150	279	293
12	8	3	151	295	311
12	8	6	152	311	319
12	7	0	153	326	334
13	4	5	154	7	18
13	8	6	155	29	38
13	6	4	156	85	100
13	5	4	157	116	123
13	4	5	158	127	132
13	4	5	159	204	219
13	9	7	160	227	234
13	2	2	161	261	267
13	7	4	162	267	279
13	6	4	163	316	332
14	3	2	164	8	18
14	4	5	165	33	54
14	8	3	166	87	96
14	3	6	167	100	112
14	1	3	168	119	137
14	3	2	169	150	160
14	3	6	170	167	178
14	5	2	171	196	207
14	9	7	172	219	227
14	6	1	173	252	267
14	1	1	174	292	297
14	4	5	175	312	323
15	5	4	176	26	39
15	4	5	177	63	84
15	1	1	178	92	104
15	3	6	179	124	135
15	1	1	180	146	154
15	4	5	181	165	170
15	1	3	182	182	191
15	8	6	183	191	204
15	4	5	184	234	244
15	5	4	185	248	259
15	9	0	186	262	267
15	4	5	187	278	289
15	2	2	188	301	309
15	5	2	189	323	334
16	3	2	190	0	8
16	9	7	191	8	20
16	7	4	192	60	74
16	5	2	193	74	88
16	5	4	194	123	137
16	9	7	195	137	148
16	8	3	196	166	173
16	4	5	197	181	186
16	1	3	198	209	218
16	6	4	199	225	240
16	2	2	200	252	261
16	1	1	201	309	314
16	2	7	202	324	334
17	3	6	203	18	29
17	9	7	204	39	48
17	4	5	205	54	63
17	5	2	206	88	105
17	1	1	207	114	119
17	1	1	208	159	173
17	9	0	209	178	187
17	1	3	210	191	202
17	8	3	211	229	244
17	1	1	212	297	309
17	3	6	213	319	334
18	1	3	214	5	13
18	1	3	215	22	31
18	7	4	216	74	85
18	0	7	217	86	99
18	2	2	218	135	150
18	4	5	219	186	204
18	2	2	220	214	220
18	8	3	221	220	229
18	5	2	222	229	240
18	1	3	223	252	266
18	6	1	224	287	292
18	4	5	225	304	312
18	9	0	226	312	326
19	2	7	227	0	7
19	0	7	228	20	39
19	12	3	229	60	71
19	1	1	230	87	92
19	9	7	231	118	130
19	4	5	232	132	150
19	6	1	233	173	181
19	3	2	234	186	196
19	6	1	235	196	207
19	0	0	236	207	218
19	3	6	237	231	245
19	6	1	238	272	287
19	6	4	239	303	316


Solution History:
