This is the output of Heuristic Solver for Dual resource constrained flexible job shop Scheduling Problem.
Input file is: Mk10.txt
Method: FaF
Seed: 3
Number of Jobs: 20
Number of Operations: 240
Number of Machines: 15
Number of Operators: 8
CPU Time: 92.7544
obj: 336
Best found lower bound:0
Solver gap (best found lower bound and upper bound difference): Not known


Final Solution:
Job	Machine	Operator	Operation	Start Time	Finish Time
0	1	1	0	0	5
0	6	1	1	21	32
0	1	3	2	46	55
0	8	6	3	56	66
0	0	7	4	133	142
0	3	2	5	160	167
0	1	1	6	172	181
0	2	7	7	194	203
0	3	6	8	223	238
0	9	0	9	251	256
0	3	6	10	310	318
0	9	7	11	326	335
1	6	1	12	32	43
1	9	0	13	47	56
1	5	2	14	69	74
1	0	7	15	94	104
1	6	1	16	104	119
1	3	2	17	149	160
1	2	7	18	180	194
1	2	2	19	212	226
1	1	3	20	230	239
1	8	3	21	239	246
1	4	5	22	260	271
1	9	0	23	290	295
1	1	3	24	308	322
2	2	7	25	0	10
2	1	3	26	55	68
2	0	0	27	69	76
2	5	4	28	96	107
2	0	7	29	142	150
2	9	7	30	165	173
2	8	6	31	173	189
2	7	0	32	218	234
2	4	5	33	240	249
2	2	2	34	250	262
2	8	6	35	275	298
3	4	5	36	0	10
3	2	2	37	17	28
3	4	5	38	99	121
3	1	3	39	123	131
3	9	7	40	173	179
3	5	2	41	180	191
3	2	2	42	226	239
3	5	4	43	264	276
3	1	3	44	276	284
3	7	4	45	303	313
3	8	6	46	326	335
4	5	2	47	0	11
4	9	7	48	16	23
4	6	1	49	43	57
4	5	2	50	74	92
4	2	2	51	92	105
4	6	1	52	146	158
4	4	5	53	161	166
4	1	3	54	181	189
4	9	7	55	205	217
4	8	3	56	221	230
4	9	7	57	234	243
4	0	0	58	263	275
4	3	2	59	277	291
4	2	2	60	328	336
5	8	3	61	10	19
5	0	0	62	19	26
5	2	7	63	60	82
5	1	3	64	82	90
5	6	1	65	135	146
5	0	7	66	150	158
5	6	1	67	206	217
5	1	1	68	217	222
5	6	1	69	233	238
5	4	5	70	271	276
5	4	5	71	287	302
6	1	3	72	19	28
6	5	2	73	39	50
6	0	0	74	60	69
6	9	0	75	76	84
6	8	6	76	89	100
6	0	0	77	104	119
6	6	1	78	119	127
6	9	0	79	135	144
6	0	0	80	205	218
6	4	5	81	225	240
6	3	6	82	248	262
6	2	7	83	263	277
6	2	2	84	306	312
6	0	0	85	329	336
7	8	3	86	0	10
7	5	4	87	27	39
7	6	1	88	62	70
7	7	4	89	85	96
7	9	7	90	104	115
7	8	6	91	150	165
7	4	5	92	166	177
7	3	2	93	199	206
7	3	6	94	209	223
7	0	0	95	234	243
7	5	4	96	257	264
7	2	7	97	286	295
7	4	5	98	310	325
8	5	4	99	13	27
8	6	1	100	57	62
8	8	6	101	76	89
8	8	6	102	113	126
8	9	0	103	153	165
8	7	4	104	176	188
8	3	2	105	191	199
8	9	7	106	217	227
8	0	7	107	295	307
8	5	2	108	312	317
8	1	3	109	322	336
9	9	7	110	10	16
9	4	5	111	21	36
9	1	3	112	74	81
9	8	6	113	100	113
9	3	2	114	113	127
9	5	2	115	128	147
9	7	4	116	147	167
9	2	2	117	167	180
9	1	3	118	257	264
9	6	1	119	269	284
9	3	6	120	298	310
9	7	4	121	313	326
10	9	0	122	0	9
10	6	1	123	13	21
10	3	2	124	31	39
10	8	6	125	126	138
10	4	5	126	141	156
10	0	0	127	176	185
10	1	3	128	196	206
10	1	3	129	264	275
10	8	3	130	301	308
10	4	5	131	325	336
11	5	2	132	58	69
11	4	5	133	78	99
11	9	7	134	115	122
11	0	7	135	122	133
11	4	5	136	156	161
11	7	4	137	167	176
11	6	1	138	189	201
11	1	3	139	206	212
11	0	0	140	243	249
11	9	0	141	275	290
11	0	7	142	307	316
12	3	6	143	22	31
12	8	6	144	31	56
12	0	7	145	82	94
12	6	1	146	127	135
12	8	3	147	138	150
12	2	7	148	158	165
12	5	4	149	191	199
12	5	4	150	199	213
12	2	2	151	239	250
12	8	6	152	318	326
12	7	4	153	326	335
13	4	5	154	10	21
13	7	4	155	39	51
13	6	1	156	70	86
13	5	4	157	121	128
13	12	3	158	158	169
13	4	5	159	200	215
13	9	7	160	227	234
13	4	5	161	249	260
13	1	1	162	301	307
13	6	1	163	321	336
14	7	0	164	9	19
14	4	5	165	36	57
14	8	6	166	66	76
14	3	2	167	105	113
14	7	4	168	128	146
14	0	0	169	165	176
14	6	1	170	201	206
14	5	4	171	213	225
14	9	7	172	243	251
14	6	1	173	254	269
14	5	4	174	276	282
14	12	3	175	284	301
15	6	4	176	0	13
15	4	5	177	57	78
15	1	3	178	90	101
15	3	6	179	138	149
15	1	3	180	150	158
15	12	3	181	169	180
15	7	0	182	188	196
15	8	6	183	196	209
15	4	5	184	215	225
15	5	4	185	246	257
15	9	0	186	257	262
15	4	5	187	276	287
15	2	2	188	298	306
15	5	2	189	317	328
16	3	6	190	11	22
16	9	7	191	23	35
16	7	4	192	71	85
16	5	4	193	107	121
16	9	0	194	122	135
16	9	0	195	144	153
16	8	6	196	165	173
16	4	5	197	177	182
16	5	4	198	225	234
16	6	1	199	238	254
16	2	7	200	277	286
16	1	1	201	296	301
16	2	7	202	316	326
17	3	6	203	0	11
17	9	7	204	35	44
17	7	4	205	51	71
17	9	0	206	84	103
17	1	3	207	131	137
17	1	1	208	158	172
17	9	0	209	196	205
17	1	3	210	246	257
17	8	6	211	262	275
17	1	1	212	284	296
17	9	0	213	296	316
18	1	1	214	5	13
18	1	3	215	28	37
18	1	3	216	37	46
18	0	7	217	47	60
18	6	1	218	86	104
18	4	5	219	182	200
18	2	2	220	206	212
18	8	3	221	212	221
18	5	4	222	234	246
18	0	7	223	251	263
18	3	2	224	291	298
18	4	5	225	302	310
18	6	1	226	310	321
19	2	2	227	11	17
19	0	0	228	26	47
19	2	2	229	50	58
19	1	3	230	68	74
19	1	3	231	101	123
19	4	5	232	123	141
19	6	1	233	181	189
19	8	3	234	189	196
19	6	1	235	222	233
19	3	6	236	238	248
19	3	2	237	262	277
19	6	4	238	284	303
19	0	0	239	316	329


Solution History:
