This is the output of Heuristic Solver for Dual resource constrained flexible job shop Scheduling Problem.
Input file is: wfjsp24_10.txt
Method: FaF
Seed: 4
Number of Jobs: 40
Number of Operations: 310
Number of Machines: 15
Number of Operators: 12
CPU Time: 33.3382
obj: 1393
Best found lower bound:0
Solver gap (best found lower bound and upper bound difference): Not known


Final Solution:
Job	Machine	Operator	Operation	Start Time	Finish Time
0	3	8	0	65	140
0	3	10	1	241	316
0	4	0	2	689	751
0	11	6	3	789	870
0	13	5	4	870	931
0	8	0	5	1147	1178
0	13	3	6	1211	1248
0	14	1	7	1296	1350
1	6	9	8	105	184
1	11	5	9	220	245
1	7	7	10	396	433
1	11	2	11	440	478
1	10	11	12	490	573
1	6	3	13	840	927
1	6	6	14	1096	1160
1	2	6	15	1160	1247
2	3	0	16	144	226
2	10	6	17	251	262
2	1	9	18	262	270
2	4	3	19	427	475
2	9	2	20	567	642
2	4	9	21	840	917
2	10	11	22	963	1017
2	6	5	23	1327	1393
3	13	8	24	140	182
3	11	5	25	245	268
3	7	7	26	443	492
3	10	2	27	729	748
3	1	9	28	917	1001
4	12	7	29	0	28
4	12	1	30	254	332
4	2	8	31	534	607
4	14	7	32	789	857
4	7	7	33	1028	1066
4	3	10	34	1164	1220
5	9	8	35	212	283
5	9	1	36	342	357
5	8	1	37	357	381
5	12	1	38	381	400
5	12	3	39	529	577
5	3	2	40	689	723
5	6	2	41	942	1034
5	0	4	42	1226	1291
6	9	9	43	357	453
6	0	6	44	460	473
6	11	0	45	580	594
6	12	1	46	736	808
6	0	9	47	1097	1142
6	5	8	48	1264	1277
7	8	11	49	215	305
7	12	0	50	598	689
7	8	10	51	944	971
7	1	3	52	1018	1091
7	11	3	53	1360	1369
8	9	10	54	116	198
8	11	5	55	268	340
8	12	2	56	342	361
8	3	8	57	463	534
8	0	3	58	665	703
8	6	5	59	764	772
8	14	1	60	880	969
8	13	5	61	1003	1055
8	14	0	62	1178	1260
9	7	6	63	142	207
9	1	11	64	403	490
9	5	4	65	629	706
9	11	6	66	870	914
9	13	8	67	943	987
9	14	1	68	1119	1135
9	6	3	69	1248	1271
9	5	4	70	1291	1311
9	3	8	71	1358	1380
10	11	4	72	49	99
10	5	3	73	382	427
10	12	3	74	577	598
10	7	1	75	808	880
10	2	7	76	1308	1355
11	13	9	77	0	37
11	8	7	78	73	107
11	8	6	79	473	554
11	7	6	80	623	656
11	1	11	81	689	725
11	1	10	82	1119	1144
11	2	7	83	1150	1160
11	9	9	84	1190	1271
11	6	9	85	1271	1308
12	9	2	86	306	342
12	8	0	87	381	450
12	3	7	88	566	634
12	8	1	89	971	988
12	3	8	90	1031	1112
13	9	1	91	31	99
13	10	0	92	109	144
13	5	3	93	162	182
13	1	11	94	306	394
13	14	0	95	490	542
13	9	10	96	666	739
13	8	10	97	793	866
13	0	0	98	904	970
13	4	11	99	1141	1219
13	12	4	100	1311	1392
14	4	3	101	0	72
14	14	7	102	241	330
14	6	1	103	641	731
14	2	7	104	857	899
14	14	7	105	998	1028
14	13	9	106	1147	1190
14	4	2	107	1238	1325
14	10	1	108	1350	1366
15	10	2	109	166	251
15	6	2	110	251	265
15	5	3	111	316	382
15	13	5	112	502	567
15	4	11	113	751	807
15	12	3	114	927	1018
15	13	6	115	1248	1323
16	6	6	116	0	78
16	13	2	117	361	440
16	14	6	118	554	623
16	13	8	119	686	771
16	2	2	120	910	942
16	5	8	121	1227	1264
16	9	3	122	1271	1360
16	11	3	123	1369	1390
17	5	3	124	200	279
17	7	4	125	284	304
17	5	4	126	519	542
17	0	4	127	800	846
17	4	2	128	1034	1067
17	12	4	129	1081	1110
17	8	7	130	1357	1389
18	7	4	131	0	49
18	2	2	132	60	82
18	4	6	133	312	400
18	7	7	134	433	443
18	7	7	135	492	566
18	14	9	136	729	744
18	1	9	137	744	807
18	9	1	138	1037	1119
18	14	10	139	1144	1164
18	10	8	140	1277	1343
19	14	0	141	0	79
19	12	4	142	186	234
19	9	10	143	455	545
19	10	0	144	751	814
19	11	4	145	1012	1081
19	13	9	146	1084	1097
19	8	1	147	1207	1296
20	10	8	148	0	65
20	6	9	149	270	357
20	6	6	150	417	460
20	14	0	151	476	490
20	3	5	152	732	764
20	2	8	153	771	850
20	4	7	154	930	998
20	2	2	155	1067	1149
20	10	2	156	1149	1238
21	12	3	157	72	162
21	1	2	158	270	306
21	2	5	159	633	657
21	10	9	160	658	729
21	5	11	161	807	883
21	6	5	162	1055	1082
21	1	2	163	1325	1386
22	0	5	164	84	173
22	6	6	165	207	250
22	3	5	166	340	413
22	4	9	167	514	584
22	8	11	168	651	688
22	14	6	169	744	789
22	6	3	170	789	840
22	10	11	171	883	963
22	11	8	172	1148	1227
22	3	5	173	1265	1327
23	9	1	174	0	31
23	14	1	175	99	189
23	0	4	176	368	420
23	5	4	177	542	629
23	1	2	178	674	689
23	5	3	179	712	778
23	3	10	180	971	985
23	10	6	181	1034	1096
23	7	7	182	1160	1180
23	0	9	183	1308	1361
24	7	6	184	78	142
24	8	11	185	142	215
24	12	4	186	420	508
24	8	11	187	573	651
24	7	4	188	736	800
24	11	6	189	914	948
24	8	1	190	988	1010
24	14	10	191	1031	1119
24	7	5	192	1196	1249
24	8	11	193	1298	1357
25	13	10	194	43	116
25	13	8	195	325	355
25	6	2	196	478	567
25	0	1	197	584	641
25	3	2	198	642	674
25	0	9	199	1001	1084
25	13	8	200	1112	1147
25	12	7	201	1268	1281
25	9	9	202	1361	1385
26	11	5	203	0	32
26	2	0	204	82	109
26	7	7	205	207	237
26	3	8	206	428	463
26	0	3	207	475	529
26	3	5	208	772	858
26	3	0	209	1116	1147
26	4	0	210	1342	1391
27	13	9	211	184	262
27	2	7	212	330	396
27	5	0	213	450	476
27	13	9	214	584	658
27	10	8	215	850	872
27	5	4	216	896	981
27	2	7	217	1281	1308
27	5	6	218	1323	1391
28	1	11	219	0	19
28	5	11	220	73	106
28	2	0	221	226	315
28	4	3	222	598	665
28	8	11	223	725	748
28	10	9	224	821	840
28	8	7	225	899	930
28	7	5	226	931	1003
28	11	0	227	1260	1342
29	1	9	228	37	105
29	13	8	229	283	325
29	7	10	230	325	380
29	0	1	231	537	584
29	9	2	232	748	834
29	2	6	233	948	1034
29	1	11	234	1219	1298
30	5	2	235	0	60
30	4	1	236	189	254
30	10	11	237	394	403
30	6	6	238	403	417
30	11	1	239	479	537
30	11	0	240	542	580
30	11	3	241	703	712
30	9	10	242	866	944
30	4	3	243	1091	1141
30	12	7	244	1180	1268
31	0	7	245	28	36
31	0	5	246	36	47
31	1	11	247	106	138
31	0	4	248	304	368
31	7	5	249	657	732
31	0	4	250	846	896
31	5	8	251	987	1030
31	1	5	252	1148	1196
32	14	10	253	380	455
32	1	10	254	545	594
32	1	9	255	807	821
32	4	1	256	1010	1032
32	0	3	257	1142	1211
33	11	4	258	99	186
33	0	7	259	704	785
33	8	11	260	1095	1141
33	3	10	261	1220	1240
33	13	10	262	1332	1344
34	0	5	263	173	220
34	10	0	264	344	375
34	14	7	265	634	704
34	11	4	266	981	1012
34	5	0	267	1037	1116
35	3	10	268	0	43
35	12	7	269	43	71
35	0	4	270	234	284
35	11	8	271	355	428
35	4	9	272	490	514
35	1	10	273	594	666
35	12	0	274	814	904
35	11	5	275	1082	1148
35	7	10	276	1249	1332
36	0	5	277	47	84
36	5	3	278	182	200
36	14	10	279	200	241
36	6	5	280	567	633
36	1	2	281	834	910
36	6	4	282	1160	1226
37	2	7	283	109	196
37	2	5	284	413	502
37	12	4	285	706	736
37	9	0	286	970	1037
37	12	4	287	1110	1159
37	7	10	288	1344	1360
37	7	10	289	1360	1382
38	8	11	290	19	73
38	4	6	291	262	312
38	10	0	292	315	344
38	10	1	293	403	479
38	5	4	294	508	519
38	2	6	295	657	742
38	3	8	296	872	943
38	3	10	297	985	1031
38	7	7	298	1066	1150
38	10	5	299	1249	1265
39	4	2	300	82	166
39	1	8	301	182	212
39	5	3	302	279	316
39	13	9	303	453	490
39	11	8	304	607	686
39	8	10	305	748	793
39	8	11	306	1017	1095
39	5	1	307	1135	1207
39	3	8	308	1343	1358
39	10	1	309	1366	1385


Solution History:
