This is the output of Heuristic Solver for Dual resource constrained flexible job shop Scheduling Problem.
Input file is: wfjsp23_4.txt
Method: FaF
Seed: 1
Number of Jobs: 30
Number of Operations: 381
Number of Machines: 15
Number of Operators: 12
CPU Time: 180.49
obj: 1596
Best found lower bound:0
Solver gap (best found lower bound and upper bound difference): Not known


Final Solution:
Job	Machine	Operator	Operation	Start Time	Finish Time
0	7	8	0	64	144
0	8	10	1	179	241
0	0	10	2	300	365
0	14	0	3	442	506
0	9	9	4	698	794
0	0	10	5	916	943
0	0	10	6	1045	1093
0	12	9	7	1135	1149
0	5	8	8	1163	1209
0	1	3	9	1224	1249
0	6	0	10	1275	1289
0	4	8	11	1348	1382
0	8	2	12	1415	1489
0	14	3	13	1498	1518
1	8	7	14	89	178
1	11	3	15	232	307
1	7	5	16	355	414
1	10	2	17	491	538
1	2	11	18	577	609
1	7	8	19	614	633
1	8	7	20	633	679
1	2	11	21	779	867
1	11	11	22	929	940
1	1	1	23	1014	1079
1	3	9	24	1199	1268
1	4	9	25	1268	1279
1	12	3	26	1279	1353
1	5	11	27	1512	1585
2	14	2	28	0	81
2	14	2	29	211	258
2	9	9	30	578	671
2	11	4	31	671	747
2	13	7	32	862	929
2	9	11	33	940	987
2	13	1	34	996	1014
2	4	7	35	1049	1115
2	6	2	36	1179	1207
2	11	8	37	1209	1229
2	13	9	38	1279	1344
2	3	4	39	1479	1525
3	9	10	40	117	179
3	13	1	41	212	245
3	3	10	42	245	300
3	0	1	43	516	587
3	5	1	44	587	662
3	6	5	45	892	955
3	13	9	46	956	989
3	12	4	47	1003	1026
3	9	5	48	1179	1246
3	4	8	49	1416	1445
3	11	8	50	1520	1568
4	13	7	51	0	29
4	0	9	52	189	292
4	6	0	53	292	336
4	2	1	54	470	485
4	5	1	55	485	516
4	4	3	56	627	721
4	1	3	57	767	779
4	7	0	58	927	998
4	0	2	59	1093	1137
4	5	7	60	1209	1270
4	8	6	61	1499	1549
4	10	7	62	1556	1589
5	2	0	63	0	11
5	3	7	64	29	56
5	9	7	65	201	251
5	5	11	66	269	329
5	5	2	67	420	463
5	4	3	68	594	627
5	7	8	69	633	687
5	6	5	70	955	1017
5	7	6	71	1023	1066
5	13	6	72	1067	1114
5	14	2	73	1341	1415
6	10	1	74	0	47
6	9	10	75	108	117
6	12	9	76	117	189
6	10	7	77	292	338
6	10	2	78	470	491
6	14	0	79	653	727
6	5	0	80	840	901
6	1	7	81	929	989
6	5	0	82	1007	1063
6	9	9	83	1344	1373
6	13	3	84	1389	1471
6	13	11	85	1480	1499
6	0	5	86	1540	1569
7	0	2	87	81	121
7	13	3	88	132	209
7	14	9	89	356	405
7	1	1	90	414	440
7	10	1	91	440	470
7	4	3	92	524	594
7	3	6	93	769	822
7	4	6	94	822	867
7	9	6	95	867	914
7	14	8	96	973	1042
7	7	10	97	1199	1268
7	10	1	98	1275	1318
7	2	8	99	1479	1491
7	9	3	100	1518	1566
8	5	3	101	0	27
8	8	7	102	59	89
8	5	1	103	162	212
8	5	11	104	224	241
8	9	9	105	405	494
8	3	5	106	643	718
8	8	3	107	721	767
8	8	0	108	797	840
8	4	2	109	915	980
8	11	9	110	989	1055
8	3	7	111	1270	1319
8	6	4	112	1321	1393
8	6	11	113	1399	1480
9	0	10	114	0	9
9	1	5	115	151	246
9	9	8	116	251	301
9	12	4	117	402	479
9	4	6	118	483	514
9	14	4	119	514	561
9	6	10	120	635	662
9	14	1	121	738	772
9	12	1	122	772	808
9	4	7	123	989	1049
9	11	3	124	1064	1110
9	7	6	125	1116	1191
9	0	1	126	1331	1410
9	4	4	127	1530	1577
10	10	1	128	47	76
10	10	11	129	79	156
10	0	10	130	365	431
10	1	3	131	483	524
10	13	1	132	662	709
10	7	2	133	715	733
10	4	11	134	867	915
10	9	11	135	987	1034
10	3	8	136	1042	1074
10	12	4	137	1074	1135
10	7	6	138	1273	1319
10	2	8	139	1465	1479
10	11	8	140	1498	1520
10	13	9	141	1541	1592
11	14	2	142	121	211
11	1	7	143	251	292
11	4	4	144	292	357
11	2	11	145	496	577
11	12	6	146	650	683
11	6	10	147	757	827
11	14	4	148	830	846
11	3	6	149	916	959
11	7	5	150	1067	1116
11	14	5	151	1116	1142
11	6	5	152	1142	1179
11	2	0	153	1289	1354
11	9	7	154	1407	1505
12	4	4	155	51	144
12	8	11	156	357	425
12	13	7	157	425	442
12	1	6	158	452	483
12	0	4	159	483	514
12	1	6	160	534	604
12	12	6	161	604	650
12	10	7	162	679	745
12	10	7	163	772	838
12	10	7	164	838	862
12	4	7	165	1115	1128
12	1	1	166	1139	1169
12	13	1	167	1169	1209
12	9	5	168	1246	1317
12	10	6	169	1343	1415
13	13	9	170	40	111
13	14	2	171	258	339
13	10	7	172	339	360
13	2	6	173	360	452
13	0	4	174	592	670
13	5	8	175	698	790
13	1	5	176	797	825
13	3	10	177	827	839
13	6	4	178	1026	1069
13	9	10	179	1121	1169
13	12	6	180	1191	1211
13	0	4	181	1211	1285
13	0	4	182	1285	1321
13	1	7	183	1321	1393
13	1	5	184	1401	1467
14	1	8	185	0	64
14	1	6	186	71	139
14	13	9	187	325	356
14	9	9	188	494	578
14	3	0	189	727	769
14	11	4	190	769	830
14	2	8	191	892	973
14	12	1	192	1211	1275
14	14	2	193	1281	1341
14	0	5	194	1467	1540
14	8	6	195	1549	1576
14	14	0	196	1576	1593
15	12	6	197	0	20
15	11	8	198	144	211
15	7	5	199	251	289
15	3	9	200	313	325
15	14	8	201	405	436
15	11	8	202	436	501
15	13	3	203	779	854
15	11	11	204	915	929
15	0	10	205	975	1045
15	3	10	206	1169	1199
15	2	0	207	1354	1430
15	11	3	208	1471	1498
15	5	11	209	1499	1512
15	9	3	210	1566	1594
16	11	3	211	27	95
16	7	5	212	289	355
16	3	4	213	357	400
16	3	4	214	561	592
16	13	11	215	609	655
16	5	9	216	671	698
16	0	5	217	718	733
16	5	1	218	808	838
16	1	1	219	838	881
16	3	8	220	1074	1163
16	4	8	221	1279	1348
16	7	0	222	1493	1563
17	7	5	223	0	56
17	5	0	224	93	162
17	11	8	225	211	232
17	5	11	226	241	269
17	13	5	227	501	595
17	0	2	228	670	715
17	9	8	229	806	853
17	14	3	230	854	900
17	8	3	231	900	975
17	9	11	232	1034	1082
17	6	0	233	1213	1275
17	8	10	234	1275	1344
17	12	10	235	1479	1577
18	3	9	236	0	9
18	2	0	237	11	41
18	2	0	238	162	225
18	12	8	239	375	402
18	13	7	240	442	501
18	14	0	241	575	624
18	11	2	242	839	912
18	5	1	243	924	996
18	13	5	244	1017	1067
18	2	0	245	1183	1213
18	0	1	246	1321	1331
18	3	10	247	1344	1380
18	5	8	248	1382	1416
18	10	6	249	1448	1499
19	5	0	250	41	93
19	7	11	251	156	224
19	1	8	252	301	327
19	2	11	253	329	357
19	4	3	254	383	433
19	7	0	255	506	575
19	0	2	256	733	798
19	8	2	257	980	1060
19	10	2	258	1060	1086
19	9	10	259	1093	1121
19	10	7	260	1128	1196
19	8	11	261	1346	1399
19	7	0	262	1430	1493
20	6	4	263	0	51
20	9	3	264	307	383
20	7	10	265	431	505
20	8	7	266	564	632
20	7	5	267	844	892
20	0	10	268	943	975
20	0	2	269	1137	1166
20	12	3	270	1353	1389
20	5	1	271	1416	1486
20	12	10	272	1577	1594
21	3	5	273	56	151
21	4	6	274	189	288
21	10	7	275	360	412
21	10	2	276	538	626
21	2	11	277	655	704
21	13	1	278	709	738
21	2	11	279	746	779
21	7	2	280	798	839
21	0	9	281	851	905
21	1	1	282	1079	1139
21	8	11	283	1148	1216
21	10	11	284	1216	1226
21	2	8	285	1229	1277
21	11	9	286	1373	1448
21	6	2	287	1489	1588
22	11	11	288	0	16
22	2	1	289	76	143
22	1	1	290	330	414
22	11	8	291	501	593
22	7	5	292	733	797
22	6	4	293	846	877
22	12	4	294	877	926
22	5	9	295	1063	1133
22	4	4	296	1135	1196
22	3	4	297	1393	1434
22	3	4	298	1434	1479
23	0	6	299	139	189
23	10	3	300	209	228
23	7	8	301	232	251
23	5	2	302	339	420
23	4	3	303	433	480
23	11	4	304	747	768
23	8	0	305	769	797
23	2	8	306	867	892
23	7	0	307	998	1007
23	1	3	308	1171	1224
23	11	11	309	1292	1346
23	0	6	310	1415	1448
23	1	1	311	1536	1595
24	0	11	312	16	79
24	10	0	313	228	292
24	6	0	314	336	366
24	8	11	315	425	496
24	8	7	316	501	564
24	1	8	317	604	614
24	3	10	318	848	916
24	2	0	319	1064	1133
24	13	6	320	1211	1273
24	9	10	321	1380	1407
24	12	10	322	1407	1479
25	9	9	323	9	40
25	2	6	324	49	71
25	11	3	325	95	132
25	6	4	326	281	291
25	13	9	327	292	313
25	3	10	328	505	554
25	6	10	329	554	635
25	3	6	330	959	1023
25	14	9	331	1149	1198
25	7	5	332	1319	1401
25	14	8	333	1445	1465
26	8	10	334	30	59
26	9	10	335	59	108
26	8	6	336	288	337
26	12	6	337	337	358
26	3	5	338	414	501
26	12	6	339	514	534
26	10	2	340	626	665
26	1	6	341	683	762
26	6	5	342	827	844
26	7	0	343	901	927
26	12	4	344	927	1003
26	11	3	345	1110	1171
26	10	6	346	1319	1343
26	1	1	347	1486	1536
26	0	5	348	1569	1596
27	4	6	349	20	49
27	2	1	350	143	161
27	8	1	351	245	281
27	6	0	352	366	442
27	7	8	353	593	604
27	2	11	354	704	746
27	13	7	355	746	772
27	2	3	356	975	1064
27	8	11	357	1082	1148
27	11	11	358	1229	1292
28	8	10	359	9	30
28	4	4	360	144	179
28	6	4	361	179	205
28	11	8	362	327	375
28	3	5	363	595	643
28	14	0	364	643	653
28	0	9	365	798	851
28	14	9	366	905	956
28	14	2	367	1207	1281
28	10	7	368	1505	1556
29	10	7	369	178	201
29	6	4	370	205	281
29	12	1	371	281	330
29	9	10	372	671	694
29	6	10	373	694	757
29	5	8	374	790	806
29	3	10	375	839	848
29	1	1	376	881	924
29	2	0	377	1133	1183
29	4	9	378	1448	1530
29	13	9	379	1530	1541
29	4	8	380	1577	1588


Solution History:
