This is the output of Heuristic Solver for Dual resource constrained flexible job shop Scheduling Problem.
Input file is: wfjsp17_6.txt
Method: FaF
Seed: 3
Number of Jobs: 15
Number of Operations: 134
Number of Machines: 5
Number of Operators: 4
CPU Time: 48.7233
obj: 1718
Best found lower bound:0
Solver gap (best found lower bound and upper bound difference): Not known


Final Solution:
Job	Machine	Operator	Operation	Start Time	Finish Time
0	1	3	0	169	231
0	4	3	1	231	271
0	0	1	2	404	466
0	3	2	3	614	655
0	1	3	4	720	814
0	0	2	5	946	1031
0	3	0	6	1130	1159
0	3	0	7	1159	1186
0	4	0	8	1378	1464
1	0	1	9	119	133
1	4	3	10	271	359
1	3	2	11	411	477
1	3	2	12	530	562
1	2	1	13	860	897
1	4	3	14	905	961
1	3	1	15	987	1070
1	0	1	16	1637	1717
2	2	3	17	0	90
2	3	1	18	133	160
2	3	1	19	271	316
2	3	2	20	477	530
2	2	0	21	541	584
2	2	1	22	1378	1460
2	1	3	23	1479	1554
2	0	2	24	1568	1630
3	4	0	25	0	43
3	3	2	26	52	85
3	4	0	27	179	188
3	1	0	28	305	371
3	4	3	29	573	657
3	3	0	30	657	708
3	4	3	31	858	872
3	2	0	32	1266	1354
3	3	2	33	1362	1434
3	1	3	34	1442	1479
4	4	3	35	412	484
4	4	0	36	720	760
4	4	0	37	877	902
4	3	1	38	902	987
4	2	1	39	1079	1115
4	4	1	40	1329	1378
4	1	3	41	1583	1628
4	4	3	42	1652	1717
5	3	1	43	186	271
5	0	2	44	310	399
5	0	1	45	626	676
5	2	1	46	776	860
5	1	3	47	872	905
5	1	0	48	1220	1266
5	3	2	49	1296	1310
5	3	1	50	1460	1542
5	1	3	51	1554	1583
5	3	1	52	1624	1637
6	2	3	53	90	137
6	2	0	54	217	305
6	1	2	55	399	411
6	2	1	56	695	776
6	3	0	57	812	877
6	1	0	58	1018	1081
6	2	1	59	1115	1160
6	0	2	60	1448	1533
6	4	1	61	1569	1583
6	1	2	62	1630	1718
7	3	2	63	0	52
7	2	3	64	137	158
7	2	1	65	160	186
7	2	0	66	456	541
7	1	2	67	655	695
7	0	2	68	1031	1117
7	1	2	69	1117	1191
7	3	2	70	1434	1448
7	0	2	71	1533	1568
7	2	0	72	1627	1664
8	3	1	73	316	404
8	0	1	74	484	524
8	3	2	75	562	605
8	1	2	76	605	614
8	1	0	77	630	654
8	2	1	78	1160	1241
8	1	3	79	1349	1442
8	4	0	80	1583	1594
8	4	3	81	1628	1652
9	1	3	82	158	169
9	4	3	83	484	573
9	0	1	84	676	695
9	0	2	85	745	820
9	0	3	86	1186	1274
9	1	3	87	1274	1326
9	1	3	88	1326	1349
9	4	0	89	1464	1498
10	0	1	90	16	101
10	0	1	91	101	119
10	0	1	92	466	484
10	4	3	93	657	695
10	0	2	94	695	745
10	4	3	95	814	858
10	0	2	96	858	946
10	4	1	97	1241	1329
10	4	1	98	1542	1569
11	0	2	99	150	224
11	4	3	100	359	412
11	3	0	101	708	720
11	1	2	102	820	856
11	3	0	103	1081	1130
11	0	3	104	1171	1186
11	4	0	105	1186	1220
11	2	0	106	1354	1376
11	3	1	107	1583	1624
12	4	0	108	54	144
12	4	0	109	144	179
12	4	0	110	188	217
12	2	0	111	371	456
12	4	3	112	695	720
12	4	0	113	760	812
12	4	3	114	961	1036
12	3	2	115	1209	1296
12	2	0	116	1498	1583
12	4	0	117	1594	1627
13	0	1	118	0	16
13	4	0	119	43	54
13	1	2	120	128	150
13	0	1	121	524	609
13	0	1	122	609	626
13	2	0	123	902	929
13	1	0	124	929	1018
13	4	3	125	1036	1099
14	3	2	126	85	128
14	0	2	127	224	310
14	2	0	128	584	630
14	2	1	129	1070	1079
14	4	3	130	1099	1171
14	3	2	131	1191	1209
14	3	2	132	1310	1362
14	2	0	133	1664	1715


Solution History:
