This is the output of Heuristic Solver for Dual resource constrained flexible job shop Scheduling Problem.
Input file is: wfjsp13_5.txt
Method: FaF
Seed: 4
Number of Jobs: 25
Number of Operations: 244
Number of Machines: 15
Number of Operators: 15
CPU Time: 36.1863
obj: 851
Best found lower bound:0
Solver gap (best found lower bound and upper bound difference): Not known


Final Solution:
Job	Machine	Operator	Operation	Start Time	Finish Time
0	6	2	0	0	14
0	13	4	1	82	124
0	8	11	2	207	295
0	10	12	3	295	355
0	5	14	4	532	602
0	1	1	5	615	649
0	4	6	6	649	715
0	7	11	7	715	757
1	10	4	8	0	49
1	9	13	9	49	86
1	8	9	10	174	207
1	0	13	11	254	317
1	11	6	12	385	406
1	6	1	13	418	432
1	11	6	14	435	502
1	7	11	15	608	673
1	3	14	16	725	735
1	4	6	17	781	830
2	14	6	18	71	136
2	10	3	19	147	188
2	0	13	20	223	254
2	4	0	21	296	333
2	8	4	22	365	393
2	11	6	23	406	435
2	0	12	24	570	662
2	0	5	25	662	707
2	2	10	26	725	762
2	3	7	27	818	841
3	11	0	28	0	8
3	6	3	29	97	145
3	14	6	30	145	230
3	10	3	31	231	287
3	4	12	32	370	434
3	6	2	33	474	562
3	1	1	34	664	747
3	6	1	35	796	832
3	0	5	36	832	846
4	7	5	37	0	46
4	12	0	38	136	217
4	7	8	39	217	286
4	0	13	40	341	399
4	2	7	41	428	458
4	12	0	42	464	534
4	6	3	43	617	652
4	14	7	44	661	678
4	10	3	45	783	847
5	4	9	46	81	170
5	9	4	47	174	257
5	6	1	48	371	418
5	7	11	49	418	494
5	1	3	50	494	572
5	4	6	51	587	596
5	8	9	52	603	639
5	9	13	53	662	736
5	13	4	54	774	809
6	0	12	55	0	89
6	0	13	56	89	109
6	13	5	57	174	213
6	6	1	58	274	371
6	2	13	59	414	428
6	2	13	60	468	494
6	2	13	61	494	558
6	8	9	62	585	603
6	5	14	63	603	647
6	2	2	64	647	679
6	6	2	65	679	768
7	4	11	66	0	81
7	12	0	67	98	136
7	2	2	68	173	216
7	4	5	69	216	231
7	12	8	70	286	374
7	14	10	71	388	474
7	9	12	72	478	524
7	1	1	73	581	615
7	4	6	74	625	638
7	8	9	75	639	723
7	6	2	76	768	796
7	8	9	77	796	845
8	2	10	78	10	86
8	1	1	79	121	206
8	10	3	80	206	231
8	13	14	81	337	398
8	3	8	82	412	461
8	9	4	83	468	478
8	8	4	84	478	503
8	5	14	85	503	513
8	13	4	86	551	561
8	3	10	87	574	664
8	14	7	88	678	773
9	3	8	89	0	50
9	7	5	90	50	80
9	13	5	91	233	337
9	3	9	92	337	382
9	5	3	93	382	390
9	12	5	94	417	464
9	5	12	95	662	737
9	10	12	96	738	783
10	8	9	97	26	75
10	8	8	98	75	98
10	9	12	99	98	143
10	9	14	100	257	320
10	9	7	101	345	358
10	10	2	102	358	427
10	13	14	103	427	503
10	3	10	104	503	574
10	13	4	105	643	689
10	3	14	106	735	818
11	2	10	107	86	172
11	11	10	108	172	204
11	14	6	109	301	385
11	4	9	110	434	477
11	4	9	111	477	509
11	13	4	112	515	551
11	1	1	113	572	581
11	10	3	114	652	730
11	4	6	115	730	758
11	4	6	116	758	781
12	11	0	117	8	23
12	7	11	118	81	149
12	0	13	119	187	223
12	4	0	120	333	370
12	3	8	121	382	412
12	1	0	122	443	464
12	13	4	123	561	643
12	5	3	124	749	763
13	10	4	125	49	81
13	1	1	126	98	121
13	4	6	127	231	296
13	7	11	128	308	407
13	11	6	129	502	510
13	12	0	130	534	552
13	14	7	131	566	598
13	14	7	132	598	661
14	2	1	133	0	10
14	11	14	134	95	156
14	7	5	135	156	170
14	6	14	136	170	181
14	1	9	137	207	254
14	9	13	138	428	468
14	10	5	139	560	652
14	13	4	140	689	707
14	10	3	141	730	738
14	11	0	142	822	840
15	6	14	143	14	95
15	5	2	144	98	173
15	6	1	145	206	274
15	9	13	146	320	341
15	11	3	147	345	375
15	1	0	148	375	443
15	0	5	149	474	560
15	2	2	150	562	633
15	7	11	151	673	702
15	0	5	152	707	739
15	9	13	153	739	819
16	5	3	154	0	30
16	12	2	155	30	98
16	13	4	156	124	174
16	2	10	157	301	388
16	0	13	158	399	414
16	0	9	159	414	428
16	14	1	160	474	555
16	11	0	161	555	630
16	3	14	162	664	725
16	11	0	163	759	822
16	9	4	164	822	851
17	12	6	165	0	19
17	14	6	166	19	71
17	0	13	167	109	187
17	6	3	168	188	204
17	13	7	169	213	233
17	11	7	170	233	272
17	5	3	171	390	458
17	10	8	172	463	544
17	11	0	173	630	697
17	8	9	174	723	792
17	1	12	175	792	849
18	13	7	176	0	82
18	3	7	177	82	149
18	5	7	178	173	192
18	7	7	179	192	212
18	14	10	180	230	301
18	1	3	181	301	339
18	1	5	182	339	358
18	4	6	183	510	546
18	4	6	184	546	587
18	9	13	185	587	662
18	12	8	186	700	775
18	5	8	187	775	843
19	10	5	188	99	147
19	3	11	189	149	199
19	11	7	190	272	345
19	8	4	191	413	440
19	9	12	192	524	570
19	12	11	193	572	595
19	1	1	194	649	664
19	0	5	195	790	824
19	3	7	196	841	851
20	9	13	197	0	43
20	5	3	198	43	97
20	12	0	199	217	285
20	8	4	200	295	365
20	8	4	201	393	413
20	7	11	202	494	572
20	6	3	203	572	617
20	2	10	204	679	725
20	7	11	205	757	849
21	1	1	206	10	98
21	2	2	207	216	255
21	2	9	208	255	301
21	0	9	209	317	333
21	12	5	210	374	417
21	0	2	211	428	438
21	0	2	212	438	474
21	8	4	213	503	515
21	7	8	214	572	608
21	12	8	215	608	700
21	5	3	216	738	749
21	1	1	217	749	788
22	8	9	218	0	26
22	10	5	219	81	99
22	3	12	220	199	286
22	7	11	221	295	308
22	3	7	222	461	485
22	10	7	223	544	555
22	14	7	224	555	566
22	5	14	225	647	662
22	0	5	226	739	790
23	8	8	227	98	174
23	9	7	228	358	427
23	10	12	229	434	463
23	5	3	230	463	476
23	3	7	231	485	502
23	5	7	232	513	532
23	4	6	233	596	625
23	13	4	234	707	774
24	11	0	235	23	90
24	5	14	236	192	254
24	5	2	237	255	339
24	5	2	238	339	355
24	2	9	239	388	413
24	6	1	240	432	473
24	8	9	241	515	585
24	11	0	242	697	759
24	2	10	243	762	851


Solution History:
