This is the output of Heuristic Solver for Dual resource constrained flexible job shop Scheduling Problem.
Input file is: wfjsp21_7.txt
Method: FaF
Seed: 1
Number of Jobs: 25
Number of Operations: 242
Number of Machines: 15
Number of Operators: 12
CPU Time: 27.8514
obj: 1060
Best found lower bound:0
Solver gap (best found lower bound and upper bound difference): Not known


Final Solution:
Job	Machine	Operator	Operation	Start Time	Finish Time
0	1	7	0	112	194
0	9	10	1	194	203
0	11	10	2	203	239
0	2	7	3	392	495
0	8	5	4	668	690
0	12	1	5	761	797
0	3	6	6	797	836
0	1	6	7	836	875
0	0	6	8	875	888
1	14	10	9	86	128
1	10	5	10	149	223
1	6	0	11	246	308
1	1	10	12	310	400
1	7	8	13	409	467
1	3	4	14	554	594
1	14	10	15	594	613
1	13	2	16	647	724
1	1	7	17	730	811
1	1	11	18	904	967
1	12	10	19	968	1033
2	14	9	20	0	67
2	4	6	21	224	250
2	14	1	22	334	348
2	12	0	23	442	527
2	3	11	24	594	607
2	6	0	25	714	770
2	12	1	26	797	808
2	5	4	27	820	896
3	6	4	28	0	46
3	9	2	29	112	142
3	12	10	30	239	310
3	8	2	31	420	500
3	6	1	32	566	638
3	1	3	33	648	660
3	7	7	34	660	730
3	3	6	35	974	1048
4	12	5	36	0	18
4	4	0	37	29	48
4	9	10	38	54	86
4	3	8	39	187	262
4	10	2	40	284	352
4	6	4	41	475	554
4	13	7	42	562	647
4	3	3	43	660	701
4	14	4	44	711	730
4	5	10	45	784	820
4	13	1	46	890	972
5	6	1	47	79	146
5	8	9	48	215	283
5	3	6	49	399	451
5	2	1	50	544	566
5	12	6	51	603	636
5	10	9	52	720	793
5	6	7	53	943	976
5	5	1	54	978	989
5	9	1	55	989	1044
6	12	3	56	84	152
6	13	9	57	166	215
6	14	7	58	257	296
6	4	0	59	308	332
6	12	11	60	352	374
6	8	8	61	374	409
6	7	8	62	504	560
6	5	5	63	690	758
6	0	6	64	888	972
6	2	5	65	980	1031
7	3	6	66	0	72
7	14	4	67	180	255
7	5	4	68	255	333
7	13	5	69	388	460
7	13	9	70	502	523
7	11	9	71	568	635
7	6	8	72	642	711
7	0	6	73	720	793
7	14	9	74	829	886
7	5	0	75	896	917
7	9	5	76	941	979
7	8	2	77	980	1052
8	2	7	78	77	112
8	14	9	79	133	166
8	9	3	80	268	353
8	3	8	81	361	373
8	0	0	82	396	415
8	2	10	83	696	754
8	5	10	84	758	784
8	13	9	85	793	820
8	7	7	86	825	879
9	12	3	87	33	84
9	7	11	88	84	139
9	6	1	89	146	157
9	4	3	90	364	442
9	11	11	91	442	476
9	0	11	92	476	518
9	5	2	93	617	635
9	5	1	94	638	673
9	6	8	95	770	841
9	6	0	96	865	879
9	5	0	97	917	978
9	1	5	98	1031	1049
10	0	0	99	48	104
10	5	0	100	104	192
10	7	11	101	233	260
10	3	6	102	451	530
10	9	11	103	532	593
10	11	11	104	838	865
10	4	3	105	865	923
10	1	11	106	967	1027
11	0	3	107	0	33
11	10	9	108	67	133
11	0	5	109	275	305
11	7	4	110	333	365
11	5	11	111	518	532
11	12	5	112	646	668
11	7	8	113	730	770
11	2	5	114	836	899
11	10	5	115	899	941
12	8	8	116	109	187
12	6	0	117	209	225
12	2	1	118	246	306
12	6	8	119	320	361
12	3	6	120	373	399
12	5	9	121	420	502
12	0	9	122	523	562
12	7	8	123	562	642
12	14	4	124	896	973
12	6	8	125	976	1060
13	2	7	126	41	77
13	11	10	127	157	191
13	8	0	128	192	209
13	14	1	129	306	334
13	6	4	130	437	475
13	4	10	131	489	502
13	2	1	132	502	544
13	9	10	133	613	696
13	9	3	134	701	712
13	2	2	135	937	980
14	5	1	136	0	79
14	4	3	137	157	224
14	14	2	138	352	420
14	4	3	139	442	454
14	13	1	140	461	495
14	11	5	141	523	568
14	11	6	142	672	720
14	2	5	143	758	836
14	4	3	144	923	997
14	4	3	145	997	1051
15	8	8	146	0	25
15	7	2	147	142	227
15	2	5	148	306	384
15	8	2	149	500	530
15	12	11	150	676	761
15	9	3	151	761	838
15	0	3	152	838	859
15	1	11	153	875	904
15	8	9	154	919	950
16	4	0	155	0	29
16	2	1	156	157	246
16	4	6	157	250	292
16	6	4	158	365	437
16	4	3	159	454	489
16	1	7	160	495	562
16	10	5	161	568	646
16	13	1	162	820	890
16	7	10	163	890	959
17	3	4	164	96	180
17	13	9	165	283	304
17	12	11	166	316	352
17	4	3	167	353	364
17	12	11	168	374	442
17	10	9	169	646	720
17	2	9	170	899	919
17	0	0	171	993	1031
18	2	2	172	0	12
18	13	2	173	23	55
18	1	4	174	55	96
18	3	8	175	262	320
18	0	0	176	332	358
18	10	9	177	392	409
18	4	4	178	594	630
18	1	0	179	660	714
18	3	3	180	714	736
18	0	0	181	978	993
19	1	7	182	0	41
19	4	6	183	72	157
19	0	6	184	157	179
19	9	7	185	203	257
19	7	11	186	260	316
19	13	9	187	376	388
19	5	0	188	532	617
19	14	4	189	630	711
19	11	11	190	771	838
19	3	8	191	841	938
19	3	8	192	938	974
20	7	11	193	0	68
20	12	11	194	169	233
20	0	3	195	233	268
20	0	0	196	358	396
20	0	3	197	562	648
20	11	2	198	724	771
20	14	9	199	820	829
20	14	7	200	976	1055
21	10	10	201	0	54
21	9	11	202	142	169
21	10	2	203	227	284
21	11	7	204	296	366
21	10	7	205	366	392
21	4	10	206	502	593
21	8	0	207	617	654
21	0	7	208	811	825
21	12	10	209	825	886
21	7	10	210	959	968
22	9	2	211	12	23
22	13	2	212	55	112
22	2	10	213	128	157
22	5	1	214	348	420
22	14	1	215	420	461
22	7	5	216	467	504
22	11	5	217	504	523
22	12	6	218	530	603
22	14	4	219	730	812
22	6	7	220	879	943
22	11	9	221	950	1031
23	11	5	222	18	68
23	11	5	223	68	149
23	0	6	224	179	219
23	13	5	225	223	275
23	13	9	226	304	376
23	1	10	227	400	489
23	14	3	228	489	562
23	11	6	229	636	672
23	4	1	230	673	756
23	8	2	231	771	848
23	9	2	232	848	937
23	13	4	233	973	1049
24	8	8	234	25	109
24	6	0	235	225	246
24	8	6	236	292	362
24	8	2	237	530	616
24	2	11	238	616	676
24	4	0	239	770	865
24	12	0	240	886	895
24	11	11	241	1031	1058


Solution History:
