This is the output of Heuristic Solver for Dual resource constrained flexible job shop Scheduling Problem.
Input file is: wfjsp17_5.txt
Method: FaF
Seed: 1
Number of Jobs: 15
Number of Operations: 130
Number of Machines: 5
Number of Operators: 4
CPU Time: 21.7084
obj: 1557
Best found lower bound:0
Solver gap (best found lower bound and upper bound difference): Not known


Final Solution:
Job	Machine	Operator	Operation	Start Time	Finish Time
0	2	1	0	0	14
0	1	1	1	14	52
0	3	3	2	319	403
0	0	0	3	573	639
0	0	0	4	639	707
0	0	0	5	868	904
0	3	3	6	1104	1170
0	1	1	7	1296	1333
0	4	3	8	1400	1446
0	1	2	9	1523	1557
1	4	2	10	12	41
1	2	0	11	270	341
1	4	3	12	417	438
1	3	3	13	620	633
1	0	0	14	1079	1147
1	0	0	15	1147	1211
1	2	2	16	1211	1220
1	1	1	17	1333	1380
2	3	3	18	110	177
2	3	3	19	185	226
2	1	2	20	342	370
2	2	2	21	448	487
2	0	0	22	800	830
2	4	2	23	969	997
2	1	1	24	1205	1296
2	3	3	25	1357	1400
3	0	0	26	0	41
3	4	3	27	41	62
3	4	3	28	177	185
3	0	0	29	216	259
3	0	0	30	409	503
3	4	3	31	711	773
3	3	1	32	1021	1088
3	3	2	33	1401	1484
4	4	1	34	62	150
4	2	1	35	176	214
4	3	3	36	226	239
4	3	3	37	571	620
4	1	1	38	841	922
4	0	0	39	931	1000
4	4	2	40	1304	1372
4	2	2	41	1372	1401
5	0	0	42	41	109
5	1	2	43	119	151
5	4	1	44	459	477
5	0	0	45	503	573
5	1	2	46	756	838
5	4	2	47	886	969
5	0	0	48	1306	1348
5	2	1	49	1413	1494
6	2	2	50	41	119
6	0	0	51	259	270
6	3	2	52	487	519
6	4	2	53	603	682
6	1	1	54	685	717
6	2	1	55	756	841
6	2	2	56	868	886
6	1	1	57	1169	1205
6	3	3	58	1271	1357
7	4	2	59	0	12
7	0	0	60	109	137
7	4	1	61	305	372
7	4	1	62	372	388
7	0	0	63	830	868
7	2	1	64	991	1021
7	0	0	65	1211	1306
7	4	3	66	1479	1557
8	0	0	67	137	173
8	1	1	68	717	756
8	3	3	69	773	788
8	4	3	70	788	872
8	3	3	71	872	954
8	0	0	72	1000	1043
8	0	0	73	1043	1079
8	3	1	74	1088	1102
8	2	2	75	1220	1304
8	0	0	76	1455	1487
9	3	3	77	62	110
9	0	0	78	341	409
9	1	3	79	438	520
9	0	0	80	904	931
9	4	1	81	1102	1169
9	0	0	82	1348	1399
9	0	0	83	1399	1410
9	4	3	84	1446	1471
9	4	3	85	1471	1479
10	1	1	86	52	62
10	4	1	87	214	305
10	2	1	88	541	627
10	2	2	89	682	728
10	2	2	90	728	756
10	4	2	91	1008	1093
10	2	2	92	1159	1208
10	0	0	93	1410	1420
11	0	0	94	173	216
11	3	3	95	239	319
11	1	1	96	388	427
11	4	1	97	477	520
11	2	1	98	627	648
11	1	1	99	648	685
11	1	1	100	922	991
11	4	2	101	997	1008
11	2	2	102	1093	1159
11	0	0	103	1487	1557
12	1	2	104	151	219
12	2	2	105	219	264
12	4	2	106	520	603
12	0	0	107	707	800
12	3	2	108	838	868
12	1	3	109	1019	1104
12	3	2	110	1484	1523
12	3	1	111	1523	1554
13	3	3	112	0	39
13	4	1	113	168	176
13	2	2	114	370	448
13	3	3	115	520	548
13	3	3	116	548	571
13	3	3	117	633	648
13	3	3	118	648	711
13	1	1	119	1380	1413
13	0	0	120	1420	1455
13	2	1	121	1494	1523
14	4	1	122	150	168
14	1	2	123	264	342
14	4	3	124	403	417
14	3	1	125	427	459
14	2	1	126	520	541
14	3	3	127	954	1019
14	3	3	128	1170	1263
14	4	3	129	1263	1271


Solution History:
