This is the output of Heuristic Solver for Dual resource constrained flexible job shop Scheduling Problem.
Input file is: wfjsp6_2.txt
Method: FaF
Seed: 4
Number of Jobs: 12
Number of Operations: 76
Number of Machines: 5
Number of Operators: 5
CPU Time: 2.47202
obj: 790
Best found lower bound:0
Solver gap (best found lower bound and upper bound difference): Not known


Final Solution:
Job	Machine	Operator	Operation	Start Time	Finish Time
0	4	1	0	91	171
0	4	1	1	171	247
0	3	3	2	255	278
0	0	4	3	309	347
0	4	1	4	434	451
0	4	1	5	451	479
0	0	4	6	528	592
0	0	4	7	650	659
1	3	3	8	108	187
1	4	1	9	247	290
1	4	1	10	377	434
1	0	4	11	500	516
1	1	0	12	525	597
1	4	1	13	640	707
2	0	4	14	248	309
2	3	3	15	334	406
2	1	0	16	493	525
2	3	3	17	743	787
3	0	2	18	0	17
3	1	0	19	17	74
3	2	2	20	189	266
3	0	4	21	347	440
3	2	4	22	592	650
3	0	4	23	659	723
4	0	4	24	63	128
4	1	0	25	134	151
4	0	4	26	152	164
4	4	1	27	290	377
4	2	2	28	438	463
4	3	3	29	463	543
4	4	1	30	553	640
5	3	3	31	90	108
5	3	3	32	187	255
5	1	0	33	272	351
5	0	2	34	592	648
5	1	0	35	684	704
5	4	1	36	707	759
6	2	4	37	26	63
6	1	0	38	421	493
6	2	2	39	502	591
6	1	0	40	597	616
6	3	3	41	728	743
6	4	1	42	759	790
7	1	0	43	0	17
7	4	1	44	17	57
7	2	2	45	63	138
7	1	0	46	151	191
7	2	2	47	338	438
7	3	3	48	629	728
7	0	4	49	728	790
8	4	1	50	57	91
8	1	0	51	191	258
8	2	2	52	463	502
9	2	4	53	0	26
9	0	2	54	26	59
9	1	0	55	74	121
9	0	4	56	128	152
9	2	2	57	266	338
9	3	3	58	406	462
9	0	4	59	516	528
9	3	3	60	597	629
9	2	2	61	650	701
9	1	0	62	704	786
10	2	2	63	138	189
10	1	0	64	351	421
10	4	1	65	479	531
10	4	1	66	531	553
11	3	3	67	0	90
11	1	0	68	121	134
11	0	4	69	164	248
11	1	0	70	258	272
11	3	3	71	278	334
11	0	4	72	440	500
11	3	3	73	543	597
11	1	0	74	616	684
11	2	2	75	701	786


Solution History:
