This is the output of Heuristic Solver for Dual resource constrained flexible job shop Scheduling Problem.
Input file is: wfjsp13_6.txt
Method: FaF
Seed: 1
Number of Jobs: 25
Number of Operations: 253
Number of Machines: 15
Number of Operators: 15
CPU Time: 14.0273
obj: 1038
Best found lower bound:0
Solver gap (best found lower bound and upper bound difference): Not known


Final Solution:
Job	Machine	Operator	Operation	Start Time	Finish Time
0	4	10	0	0	65
0	4	14	1	69	108
0	13	9	2	176	238
0	4	4	3	348	387
0	5	6	4	389	479
0	7	14	5	484	571
0	1	0	6	613	643
0	1	0	7	643	671
0	13	11	8	728	820
0	1	12	9	820	832
0	3	1	10	868	957
0	2	10	11	957	1025
1	2	13	12	0	30
1	5	3	13	47	84
1	5	3	14	84	151
1	5	11	15	297	386
1	8	1	16	412	494
1	0	6	17	523	610
1	3	7	18	624	653
1	6	1	19	663	708
1	14	10	20	770	825
1	0	3	21	831	873
1	11	5	22	905	989
2	11	14	23	0	69
2	4	5	24	158	225
2	4	7	25	225	266
2	5	11	26	267	297
2	0	4	27	338	347
2	3	0	28	379	445
2	8	11	29	494	578
2	5	13	30	596	651
2	4	5	31	803	818
2	8	5	32	818	905
2	3	1	33	957	1038
3	6	8	34	0	35
3	3	9	35	52	129
3	14	3	36	222	261
3	11	10	37	270	294
3	0	3	38	398	483
3	6	1	39	624	663
3	12	6	40	700	756
3	8	6	41	756	803
3	6	7	42	932	1002
4	13	6	43	0	84
4	0	14	44	169	257
4	9	13	45	285	349
4	6	13	46	349	433
4	1	0	47	489	524
4	11	8	48	524	568
4	3	4	49	568	581
4	9	14	50	622	710
4	7	4	51	717	749
4	6	1	52	760	774
4	12	8	53	849	901
4	10	13	54	901	987
5	1	12	55	0	9
5	7	12	56	31	102
5	5	13	57	197	258
5	0	14	58	279	338
5	1	2	59	444	489
5	14	13	60	506	596
5	11	5	61	607	620
5	14	5	62	620	707
5	6	1	63	708	760
5	11	3	64	809	831
5	5	13	65	873	898
5	7	4	66	898	982
6	6	7	67	35	76
6	2	5	68	225	313
6	10	2	69	353	420
6	9	2	70	420	435
6	6	4	71	488	521
6	11	5	72	569	607
6	0	3	73	610	699
6	3	7	74	727	765
6	1	2	75	905	949
6	8	11	76	982	990
7	0	14	77	108	131
7	2	8	78	131	224
7	13	8	79	299	388
7	5	11	80	480	491
7	1	0	81	524	550
7	3	4	82	550	560
7	2	8	83	570	662
7	7	12	84	662	678
7	0	9	85	707	793
7	9	6	86	880	967
8	3	1	87	0	52
8	1	6	88	84	107
8	10	12	89	139	169
8	14	0	90	276	361
8	3	0	91	361	379
8	4	4	92	387	403
8	13	9	93	403	444
8	4	10	94	496	554
8	3	4	95	581	624
8	5	13	96	693	780
8	4	14	97	914	1002
8	6	7	98	1002	1028
9	11	10	99	130	193
9	10	0	100	205	267
9	1	12	101	397	406
9	3	4	102	445	483
9	8	11	103	621	668
9	13	3	104	707	724
9	0	14	105	795	826
9	1	0	106	878	901
9	11	13	107	989	1025
10	10	0	108	49	139
10	13	9	109	139	176
10	10	0	110	176	205
10	7	9	111	307	392
10	5	5	112	491	517
10	5	5	113	517	569
10	1	12	114	678	747
10	10	7	115	768	860
10	14	12	116	860	949
10	8	11	117	990	1020
10	4	4	118	1020	1036
11	9	2	119	0	11
11	9	7	120	11	34
11	8	1	121	143	232
11	14	13	122	261	276
11	14	6	123	361	389
11	2	5	124	401	485
11	10	12	125	536	603
11	5	13	126	651	693
11	9	14	127	710	795
11	1	0	128	832	878
11	1	5	129	1001	1012
12	6	4	130	163	240
12	11	10	131	252	270
12	1	12	132	337	397
12	12	14	133	435	484
12	14	12	134	603	618
12	7	2	135	680	717
12	1	12	136	747	816
12	10	0	137	987	1036
13	8	11	138	0	52
13	14	5	139	106	158
13	9	6	140	199	285
13	13	9	141	444	530
13	6	1	142	536	624
13	11	10	143	625	659
13	8	11	144	668	728
13	6	1	145	774	862
13	6	7	146	862	932
13	12	9	147	995	1035
14	14	5	148	18	106
14	12	11	149	127	192
14	4	3	150	266	348
14	8	1	151	348	369
14	9	7	152	369	407
14	4	10	153	407	496
14	10	1	154	496	536
14	1	0	155	550	613
14	11	10	156	659	716
14	12	8	157	756	849
14	5	0	158	901	986
15	9	4	159	34	122
15	0	14	160	146	169
15	7	12	161	191	263
15	12	6	162	285	352
15	10	12	163	420	492
15	14	12	164	492	506
15	12	7	165	553	615
15	12	6	166	615	700
15	5	13	167	790	873
15	1	2	168	949	1001
16	12	9	169	0	27
16	11	8	170	78	130
16	4	6	171	130	158
16	14	6	172	158	196
16	12	11	173	196	267
16	9	13	174	435	501
16	13	9	175	530	621
16	13	9	176	621	707
16	11	3	177	724	809
16	7	4	178	836	896
16	0	3	179	921	1010
16	8	2	180	1020	1035
17	14	5	181	0	18
17	1	2	182	107	195
17	6	1	183	240	325
17	11	8	184	471	513
17	2	8	185	662	732
17	5	13	186	780	790
17	2	2	187	820	905
17	0	14	188	1010	1034
18	2	13	189	30	117
18	1	2	190	195	239
18	8	2	191	239	325
18	8	1	192	369	412
18	2	3	193	485	570
18	9	14	194	571	622
18	4	5	195	713	803
18	3	9	196	808	868
18	12	9	197	901	995
19	10	0	198	0	49
19	0	13	199	131	146
19	3	4	200	146	163
19	5	13	201	163	197
19	2	5	202	313	401
19	11	8	203	401	471
19	8	11	204	578	621
19	3	7	205	653	727
19	4	14	206	826	914
19	7	4	207	982	1015
20	7	4	208	0	31
20	11	8	209	69	78
20	13	10	210	84	115
20	0	14	211	257	279
20	1	4	212	406	444
20	6	7	213	444	488
20	12	7	214	488	553
20	13	11	215	820	910
21	5	3	216	0	47
21	12	11	217	52	119
21	7	9	218	263	307
21	11	10	219	307	401
21	4	10	220	554	625
21	2	2	221	732	820
21	0	3	222	873	921
21	9	6	223	967	1030
22	6	7	224	76	162
22	9	7	225	162	199
22	14	3	226	199	222
22	13	8	227	238	299
22	12	14	228	352	435
22	9	2	229	501	544
22	4	4	230	625	713
22	14	10	231	716	770
22	9	6	232	803	880
22	8	11	233	910	982
23	8	1	234	52	143
23	7	3	235	151	191
23	10	7	236	267	353
23	0	3	237	353	398
23	0	6	238	483	523
23	10	2	239	603	680
23	7	4	240	749	836
23	13	8	241	942	1036
24	0	2	242	11	107
24	12	6	243	119	127
24	11	10	244	193	252
24	1	4	245	252	337
24	14	11	246	389	480
24	7	3	247	571	610
24	10	0	248	680	768
24	3	0	249	768	808
24	11	10	250	831	905
24	13	8	251	910	942
24	14	12	252	949	1037


Solution History:
