This is the output of Heuristic Solver for Dual resource constrained flexible job shop Scheduling Problem.
Input file is: wfjsp5_8.txt
Method: FaF
Seed: 3
Number of Jobs: 10
Number of Operations: 65
Number of Machines: 5
Number of Operators: 5
CPU Time: 0.963193
obj: 726
Best found lower bound:0
Solver gap (best found lower bound and upper bound difference): Not known


Final Solution:
Job	Machine	Operator	Operation	Start Time	Finish Time
0	1	1	0	39	71
0	0	4	1	621	689
1	0	0	2	73	97
1	3	3	3	122	187
1	3	3	4	234	315
1	2	4	5	332	386
1	1	0	6	603	665
2	1	1	7	0	11
2	0	0	8	22	73
2	1	4	9	73	124
2	1	4	10	124	155
2	1	1	11	203	291
2	4	2	12	417	425
2	3	3	13	425	522
2	1	0	14	532	551
2	4	1	15	557	613
2	3	2	16	648	720
3	1	1	17	11	39
3	0	0	18	97	152
3	1	1	19	155	203
3	2	4	20	207	252
3	4	2	21	316	359
3	4	2	22	359	417
3	2	4	23	417	472
3	4	1	24	474	532
3	3	2	25	532	619
3	2	3	26	632	701
4	2	3	27	0	67
4	4	2	28	69	130
4	4	2	29	130	207
4	0	0	30	224	295
4	3	3	31	315	381
4	1	1	32	381	442
4	0	1	33	442	474
4	2	3	34	525	615
4	4	1	35	615	703
4	2	1	36	703	726
5	0	0	37	0	22
5	0	0	38	152	224
5	1	1	39	291	300
5	1	1	40	300	366
5	3	2	41	619	648
6	4	4	42	50	61
6	3	3	43	187	234
6	0	0	44	295	340
7	2	4	45	155	207
7	1	0	46	442	532
7	0	0	47	551	594
8	4	4	48	0	50
8	2	1	49	71	128
8	2	4	50	252	332
8	2	3	51	386	398
8	3	3	52	398	415
8	4	2	53	425	470
8	1	4	54	551	603
8	0	4	55	603	621
9	3	2	56	0	69
9	3	3	57	69	122
9	4	2	58	207	275
9	4	2	59	275	316
9	0	0	60	340	421
9	2	4	61	472	525
9	4	1	62	532	557
9	2	3	63	615	632
9	1	0	64	665	714


Solution History:
