This is the output of Heuristic Solver for Dual resource constrained flexible job shop Scheduling Problem.
Input file is: wfjsp22_5.txt
Method: FaF
Seed: 1
Number of Jobs: 30
Number of Operations: 210
Number of Machines: 15
Number of Operators: 12
CPU Time: 14.4791
obj: 877
Best found lower bound:0
Solver gap (best found lower bound and upper bound difference): Not known


Final Solution:
Job	Machine	Operator	Operation	Start Time	Finish Time
0	5	1	0	21	36
0	6	1	1	45	85
0	8	1	2	85	172
0	2	2	3	347	415
0	8	1	4	478	550
0	1	11	5	580	617
0	6	5	6	751	825
1	2	0	7	0	37
1	13	3	8	266	312
1	14	0	9	408	447
1	8	2	10	575	607
1	0	2	11	637	708
2	11	2	12	96	117
2	7	9	13	466	482
2	14	9	14	482	554
2	2	0	15	605	669
2	1	5	16	671	683
3	4	11	17	94	149
3	8	1	18	413	478
3	9	11	19	478	519
3	5	0	20	570	598
3	9	0	21	732	771
4	10	4	22	28	56
4	10	6	23	182	214
4	14	6	24	269	377
4	13	4	25	556	602
4	4	2	26	794	833
5	4	1	27	0	21
5	7	9	28	122	132
5	6	5	29	206	254
5	12	11	30	326	429
5	5	3	31	495	562
6	4	11	32	30	94
6	8	1	33	322	413
6	5	10	34	413	488
6	14	8	35	554	597
6	7	7	36	748	762
6	8	10	37	767	815
7	11	4	38	140	216
7	7	8	39	260	329
7	4	8	40	415	485
7	1	0	41	538	570
7	12	1	42	640	712
8	3	9	43	9	48
8	3	4	44	56	74
8	10	4	45	74	140
8	8	9	46	212	289
8	7	8	47	329	415
8	4	0	48	496	538
8	14	8	49	597	682
8	1	11	50	690	768
8	6	5	51	825	836
8	8	2	52	836	871
9	6	8	53	86	171
9	13	8	54	171	212
9	0	10	55	260	349
9	0	3	56	394	414
9	13	10	57	607	644
9	7	9	58	649	730
9	2	4	59	744	759
9	5	1	60	777	802
9	12	11	61	808	872
10	5	3	62	0	15
10	0	5	63	15	59
10	10	6	64	149	182
10	9	5	65	254	346
10	6	9	66	554	627
10	13	4	67	654	698
10	4	2	68	751	794
10	5	5	69	836	855
11	13	10	70	0	79
11	14	7	71	138	224
11	3	0	72	242	290
11	1	2	73	312	347
11	3	4	74	349	362
11	6	9	75	378	466
11	3	8	76	485	522
11	3	6	77	538	585
11	6	8	78	682	751
11	7	7	79	762	853
12	7	4	80	0	28
12	2	11	81	153	217
12	4	10	82	349	409
12	10	11	83	429	439
12	8	2	84	550	575
12	10	5	85	575	584
12	13	4	86	644	654
12	3	3	87	696	782
13	14	8	88	0	86
13	2	0	89	105	153
13	14	2	90	238	269
13	6	9	91	289	378
13	13	4	92	510	556
13	5	3	93	562	570
13	4	3	94	570	616
13	5	3	95	616	696
13	10	2	96	708	751
13	13	10	97	816	871
14	11	2	98	0	21
14	9	3	99	31	72
14	9	0	100	173	242
14	10	7	101	308	324
14	9	6	102	377	449
14	10	5	103	485	556
14	4	11	104	617	690
14	11	8	105	751	798
15	9	10	106	79	168
15	2	1	107	237	322
15	11	7	108	404	436
15	11	7	109	607	701
15	4	4	110	701	744
15	3	3	111	782	811
15	6	9	112	836	876
16	1	1	113	36	45
16	10	11	114	217	295
16	4	4	115	320	349
16	7	11	116	439	462
16	0	11	117	462	478
16	7	11	118	519	580
16	3	4	119	610	642
16	4	8	120	835	877
17	8	6	121	0	29
17	1	6	122	45	64
17	13	3	123	312	394
17	14	0	124	447	462
17	2	0	125	462	496
17	6	9	126	627	649
17	8	10	127	706	767
18	0	10	128	168	260
18	10	7	129	299	308
18	1	5	130	347	365
18	7	4	131	482	510
18	14	5	132	683	750
19	3	7	133	0	9
19	11	7	134	27	96
19	0	6	135	134	149
19	8	3	136	201	212
19	13	6	137	214	262
19	2	2	138	415	454
19	1	6	139	454	538
19	13	8	140	798	816
19	10	0	141	820	828
19	10	0	142	828	846
20	12	9	143	48	122
20	1	1	144	173	237
20	6	10	145	488	550
20	9	5	146	556	575
20	11	7	147	701	731
20	3	3	148	811	876
21	4	2	149	155	238
21	13	3	150	414	495
21	12	8	151	522	548
21	8	6	152	610	643
21	9	6	153	643	712
22	1	11	154	0	30
22	4	4	155	252	320
22	3	4	156	362	408
22	12	9	157	730	808
22	7	0	158	853	867
23	6	5	159	0	14
23	5	5	160	59	135
23	11	7	161	224	299
23	3	4	162	408	475
23	11	10	163	550	607
23	0	2	164	607	637
23	9	6	165	712	728
23	13	6	166	728	774
23	1	6	167	774	852
24	9	3	168	15	31
24	12	2	169	31	48
24	14	7	170	96	138
24	5	0	171	340	408
24	10	5	172	584	671
24	11	4	173	802	873
25	0	6	174	64	134
25	5	5	175	135	206
25	2	7	176	516	605
25	2	0	177	669	732
25	5	8	178	816	835
25	5	5	179	855	877
26	7	0	180	37	105
26	1	2	181	117	155
26	1	0	182	155	173
26	7	4	183	216	252
26	12	2	184	269	312
26	11	7	185	324	404
26	12	7	186	436	516
26	5	1	187	712	777
26	14	0	188	777	820
27	3	3	189	74	130
27	3	3	190	130	201
27	3	11	191	295	326
27	10	5	192	439	485
27	3	6	193	585	610
27	11	7	194	731	748
27	0	11	195	768	805
28	8	6	196	29	42
28	2	2	197	48	92
28	5	3	198	212	266
28	1	5	199	365	438
28	8	10	200	644	706
29	10	7	201	9	27
29	7	9	202	132	210
29	12	8	203	212	260
29	5	0	204	290	340
29	11	2	205	454	547
29	12	1	206	550	640
29	2	4	207	759	802
29	9	1	208	802	845
29	14	1	209	845	861


Solution History:
