This is the output of Heuristic Solver for Dual resource constrained flexible job shop Scheduling Problem.
Input file is: wfjsp13_1.txt
Method: FaF
Seed: 2
Number of Jobs: 25
Number of Operations: 248
Number of Machines: 15
Number of Operators: 15
CPU Time: 20.4682
obj: 896
Best found lower bound:0
Solver gap (best found lower bound and upper bound difference): Not known


Final Solution:
Job	Machine	Operator	Operation	Start Time	Finish Time
0	7	9	0	0	69
0	7	9	1	69	93
0	6	8	2	176	216
0	4	11	3	220	308
0	9	5	4	371	448
0	13	2	5	449	505
0	9	10	6	638	708
0	13	2	7	709	735
0	11	3	8	736	774
0	5	0	9	842	881
0	1	5	10	881	889
1	5	0	11	20	38
1	10	13	12	45	61
1	1	13	13	61	113
1	9	5	14	185	261
1	6	0	15	295	345
1	1	3	16	429	450
1	10	10	17	450	461
1	13	2	18	547	599
1	8	2	19	661	703
1	3	7	20	703	786
2	12	10	21	0	89
2	6	0	22	224	270
2	5	6	23	290	366
2	14	11	24	378	392
2	0	7	25	424	458
2	7	9	26	573	599
2	6	13	27	603	628
2	14	0	28	648	697
2	3	5	29	794	873
3	3	7	30	0	41
3	11	12	31	263	317
3	6	8	32	417	506
3	3	11	33	520	562
3	14	0	34	635	648
3	6	8	35	700	744
3	6	7	36	786	813
3	1	7	37	839	872
4	7	9	38	93	161
4	7	12	39	185	244
4	12	4	40	301	335
4	0	7	41	458	540
4	0	14	42	564	587
4	13	2	43	758	812
4	4	11	44	812	825
4	2	1	45	858	872
5	8	3	46	47	121
5	5	14	47	121	130
5	1	7	48	130	138
5	8	2	49	138	176
5	9	10	50	261	333
5	1	5	51	353	368
5	1	7	52	369	424
5	10	14	53	463	521
5	1	3	54	563	611
5	6	8	55	628	669
5	12	12	56	709	801
5	6	8	57	854	896
6	9	12	58	101	185
6	11	2	59	185	260
6	6	0	60	270	295
6	7	9	61	440	497
6	1	3	62	499	517
6	2	5	63	550	591
6	7	9	64	599	691
6	14	6	65	842	875
6	0	6	66	875	893
7	9	3	67	0	47
7	3	11	68	160	220
7	14	8	69	262	324
7	9	10	70	333	371
7	5	0	71	443	469
7	11	12	72	484	526
7	13	3	73	611	650
7	11	3	74	774	817
7	9	3	75	817	865
8	13	2	76	22	100
8	4	4	77	141	216
8	3	0	78	353	433
8	3	11	79	433	520
8	10	13	80	521	600
8	9	10	81	600	638
8	4	11	82	708	725
8	0	5	83	725	743
8	3	5	84	786	794
8	8	12	85	805	884
9	14	6	86	0	36
9	9	12	87	66	101
9	1	7	88	138	155
9	3	8	89	220	255
9	0	14	90	369	424
9	9	10	91	492	505
9	5	1	92	592	646
9	2	9	93	727	803
10	5	0	94	0	20
10	8	12	95	20	46
10	10	14	96	61	117
10	7	9	97	263	274
10	11	6	98	366	470
10	12	4	99	546	623
10	13	13	100	650	709
10	4	11	101	725	767
11	4	11	102	0	84
11	1	7	103	204	276
11	13	9	104	276	310
11	2	2	105	318	394
11	9	5	106	448	467
11	4	4	107	489	531
11	5	10	108	580	592
11	12	4	109	623	697
11	12	10	110	801	859
12	0	5	111	0	78
12	7	5	112	161	183
12	10	14	113	183	202
12	4	9	114	310	383
12	8	1	115	409	430
12	14	6	116	470	558
12	14	0	117	736	842
12	6	8	118	842	854
12	11	3	119	868	895
13	9	12	120	47	66
13	13	9	121	167	253
13	3	5	122	261	316
13	6	8	123	345	417
13	1	3	124	450	499
13	6	8	125	564	603
13	8	2	126	603	643
13	6	8	127	669	700
13	2	4	128	700	726
13	0	14	129	743	836
14	13	2	130	0	22
14	10	14	131	22	45
14	3	7	132	45	81
14	13	2	133	100	118
14	0	7	134	164	204
14	10	13	135	204	283
14	8	1	136	347	409
14	13	12	137	409	449
14	5	1	138	470	580
14	0	5	139	672	714
14	10	13	140	714	797
14	13	9	141	812	885
15	5	6	142	38	83
15	3	5	143	83	160
15	2	10	144	171	249
15	7	3	145	274	324
15	11	3	146	326	364
15	7	9	147	385	440
15	2	5	148	467	550
15	14	0	149	558	635
15	5	1	150	646	685
15	5	14	151	685	743
15	8	1	152	751	805
15	2	1	153	805	858
16	14	0	154	38	85
16	14	7	155	85	125
16	5	14	156	130	169
16	5	1	157	214	290
16	4	2	158	394	444
16	12	0	159	484	546
16	4	11	160	631	708
16	1	6	161	708	787
17	5	0	162	85	110
17	11	0	163	110	127
17	6	8	164	136	176
17	1	6	165	180	198
17	7	12	166	244	263
17	8	1	167	290	347
17	5	10	168	407	443
17	2	14	169	443	463
17	9	10	170	505	577
17	9	10	171	708	784
17	3	7	172	873	895
18	2	13	173	0	42
18	12	0	174	145	224
18	12	4	175	224	301
18	0	14	176	301	340
18	14	11	177	340	378
18	14	3	178	392	429
18	13	2	179	505	547
18	10	6	180	600	678
18	8	1	181	703	751
18	10	13	182	797	872
18	10	14	183	872	896
19	6	8	184	60	136
19	8	6	185	198	290
19	3	5	186	316	353
19	7	3	187	364	385
19	12	4	188	385	453
19	4	4	189	453	489
19	11	12	190	526	616
19	14	3	191	697	735
19	6	5	192	744	766
19	4	11	193	767	812
19	7	4	194	818	896
20	2	1	195	74	171
20	1	3	196	171	180
20	14	3	197	180	262
20	2	2	198	262	318
20	10	13	199	372	432
20	14	1	200	432	470
20	7	9	201	497	573
20	4	11	202	573	631
20	3	7	203	639	699
20	11	0	204	709	736
20	7	4	205	736	818
20	0	14	206	836	860
21	6	1	207	0	51
21	2	1	208	51	74
21	12	10	209	89	145
21	13	3	210	145	167
21	1	7	211	276	351
21	0	7	212	351	369
21	8	13	213	432	517
21	4	14	214	531	554
21	3	7	215	564	639
21	8	2	216	643	661
21	1	6	217	787	839
21	12	10	218	859	895
22	11	4	219	0	79
22	10	13	220	117	159
22	5	1	221	171	214
22	13	12	222	317	400
22	12	12	223	453	484
22	1	3	224	517	563
22	11	12	225	616	709
22	13	2	226	735	758
22	5	8	227	758	841
23	1	8	228	0	60
23	4	4	229	84	141
23	8	13	230	176	195
23	10	13	231	283	372
23	5	10	232	372	407
23	6	8	233	506	564
23	8	6	234	564	595
23	0	5	235	595	672
23	7	9	236	691	727
23	6	5	237	766	786
23	4	11	238	825	881
24	0	6	239	83	164
24	0	14	240	204	297
24	11	11	241	317	326
24	12	4	242	335	384
24	9	10	243	467	492
24	0	7	244	540	564
24	2	14	245	591	677
24	1	3	246	677	697
24	11	2	247	817	868


Solution History:
