This is the output of Heuristic Solver for Dual resource constrained flexible job shop Scheduling Problem.
Input file is: wfjsp9_1.txt
Method: FaF
Seed: 3
Number of Jobs: 15
Number of Operations: 136
Number of Machines: 5
Number of Operators: 5
CPU Time: 15.7636
obj: 1334
Best found lower bound:0
Solver gap (best found lower bound and upper bound difference): Not known


Final Solution:
Job	Machine	Operator	Operation	Start Time	Finish Time
0	1	4	0	8	86
0	0	1	1	130	151
0	2	0	2	451	503
0	1	0	3	503	598
0	0	3	4	649	728
0	1	0	5	878	933
0	3	2	6	1036	1108
0	0	3	7	1164	1197
1	2	0	8	21	63
1	3	0	9	214	253
1	4	3	10	313	323
1	1	4	11	377	393
1	0	3	12	728	742
1	1	1	13	755	798
1	0	3	14	826	887
1	1	1	15	1027	1081
1	4	4	16	1279	1306
2	1	4	17	0	8
2	3	0	18	100	156
2	4	3	19	189	235
2	1	4	20	393	496
2	2	0	21	689	783
2	3	2	22	897	944
2	4	4	23	982	1053
2	4	4	24	1053	1067
2	3	2	25	1175	1206
2	2	0	26	1287	1307
3	2	0	27	0	21
3	0	1	28	85	130
3	2	0	29	264	345
3	4	3	30	428	469
3	3	2	31	780	845
3	2	1	32	891	988
3	1	1	33	1081	1124
3	4	4	34	1172	1185
3	3	2	35	1277	1327
4	4	3	36	81	111
4	3	2	37	255	288
4	1	4	38	303	377
4	0	3	39	518	574
4	4	4	40	949	982
4	2	0	41	988	1082
4	3	2	42	1108	1133
4	2	0	43	1234	1287
4	4	0	44	1307	1316
4	2	0	45	1316	1330
5	3	2	46	0	76
5	2	2	47	76	86
5	2	0	48	255	264
5	4	3	49	275	313
5	0	3	50	574	649
5	1	1	51	852	869
5	0	3	52	887	943
5	2	0	53	1082	1140
5	4	4	54	1196	1234
6	4	3	55	0	41
6	2	2	56	144	255
6	4	3	57	390	428
6	2	0	58	783	878
6	0	3	59	1004	1064
6	0	3	60	1141	1164
6	3	2	61	1206	1277
6	4	4	62	1316	1334
7	1	4	63	158	200
7	0	1	64	283	374
7	4	4	65	510	541
7	1	1	66	689	709
7	1	1	67	709	755
7	1	1	68	798	852
7	3	2	69	944	1017
7	1	1	70	1213	1254
8	3	0	71	76	100
8	1	4	72	120	158
8	4	3	73	235	275
8	3	2	74	288	325
8	4	3	75	337	390
8	2	1	76	503	583
8	4	4	77	753	828
8	0	3	78	1064	1141
8	0	3	79	1197	1299
9	0	1	80	151	234
9	3	2	81	325	363
9	3	2	82	441	456
9	4	3	83	488	510
9	0	3	84	510	518
9	3	2	85	646	721
9	1	1	86	988	1027
9	2	0	87	1140	1176
9	0	3	88	1299	1316
10	1	4	89	86	120
10	3	0	90	156	214
10	3	2	91	363	376
10	0	1	92	428	474
10	3	2	93	527	603
10	3	2	94	603	625
10	3	2	95	625	646
10	4	4	96	661	727
10	2	1	97	878	891
10	1	1	98	1124	1213
11	0	1	99	0	85
11	0	1	100	234	283
11	3	2	101	403	441
11	2	1	102	583	667
11	0	3	103	742	826
11	3	2	104	845	883
11	0	3	105	943	1004
11	3	2	106	1017	1036
11	3	2	107	1133	1175
11	4	4	108	1185	1196
12	4	3	109	111	189
12	0	1	110	374	428
12	3	2	111	456	527
12	4	4	112	541	567
12	4	4	113	567	588
12	4	4	114	588	661
12	2	1	115	667	687
12	4	4	116	1067	1172
13	1	4	117	200	303
13	4	3	118	323	337
13	3	2	119	376	403
13	4	3	120	469	488
13	1	0	121	598	689
13	3	2	122	721	780
13	4	4	123	865	949
13	2	0	124	1176	1234
13	4	4	125	1234	1279
14	4	3	126	41	81
14	2	2	127	86	118
14	2	2	128	118	144
14	2	0	129	345	451
14	0	1	130	474	495
14	4	4	131	727	753
14	4	4	132	828	865
14	3	2	133	883	897
14	1	0	134	933	985
14	1	1	135	1254	1334


Solution History:
