This is the output of Heuristic Solver for Dual resource constrained flexible job shop Scheduling Problem.
Input file is: wfjsp5_5.txt
Method: FaF
Seed: 4
Number of Jobs: 10
Number of Operations: 71
Number of Machines: 5
Number of Operators: 5
CPU Time: 3.68873
obj: 721
Best found lower bound:0
Solver gap (best found lower bound and upper bound difference): Not known


Final Solution:
Job	Machine	Operator	Operation	Start Time	Finish Time
0	1	3	0	0	14
0	1	3	1	78	118
0	1	3	2	189	276
0	3	0	3	276	342
0	4	3	4	484	549
0	3	2	5	571	605
0	0	1	6	644	716
1	2	0	7	0	37
1	3	2	8	85	131
1	3	0	9	216	252
1	1	3	10	276	307
1	1	3	11	307	375
1	1	3	12	461	484
1	2	2	13	487	500
1	1	4	14	526	601
2	4	4	15	29	93
2	0	1	16	115	125
2	1	3	17	138	189
2	4	4	18	331	406
2	3	0	19	460	499
2	2	0	20	554	582
2	2	0	21	582	619
2	4	3	22	629	657
3	4	4	23	0	29
3	2	2	24	131	214
3	3	0	25	342	390
3	1	4	26	484	526
3	3	2	27	684	705
4	1	3	28	69	78
4	3	0	29	131	174
4	2	2	30	214	297
4	2	2	31	297	362
4	3	0	32	390	460
4	0	1	33	462	548
4	4	3	34	549	629
4	1	4	35	651	687
5	0	1	36	0	14
5	0	1	37	32	83
5	4	4	38	93	178
5	4	4	39	262	331
5	0	1	40	396	462
5	3	2	41	509	537
5	0	1	42	548	618
5	1	4	43	618	651
6	0	1	44	14	32
6	0	1	45	125	192
6	2	2	46	362	447
7	2	0	47	37	128
7	3	0	48	174	216
7	0	1	49	226	310
7	4	4	50	406	484
7	3	2	51	500	509
7	3	2	52	537	571
7	3	2	53	605	684
7	1	4	54	687	720
8	3	2	55	0	85
8	1	3	56	118	138
8	0	1	57	192	226
8	1	3	58	375	461
8	2	0	59	500	513
8	0	1	60	618	644
8	4	3	61	657	721
9	1	3	62	14	29
9	1	3	63	29	69
9	0	1	64	83	115
9	4	4	65	178	262
9	0	1	66	310	396
9	2	2	67	447	487
9	2	0	68	513	554
9	1	4	69	601	616
9	2	0	70	619	714


Solution History:
