This is the output of Heuristic Solver for Dual resource constrained flexible job shop Scheduling Problem.
Input file is: wfjsp18_4.txt
Method: FaF
Seed: 4
Number of Jobs: 20
Number of Operations: 163
Number of Machines: 10
Number of Operators: 8
CPU Time: 5.34481
obj: 1054
Best found lower bound:0
Solver gap (best found lower bound and upper bound difference): Not known


Final Solution:
Job	Machine	Operator	Operation	Start Time	Finish Time
0	2	1	0	0	74
0	6	7	1	166	225
0	9	0	2	365	439
0	9	3	3	439	508
0	5	4	4	508	603
0	9	3	5	621	650
0	2	4	6	902	949
0	4	5	7	960	975
0	9	3	8	994	1040
1	9	3	9	0	22
1	3	3	10	57	71
1	9	1	11	74	113
1	1	6	12	196	268
1	0	5	13	286	309
1	1	6	14	344	419
1	2	4	15	614	688
1	4	7	16	732	791
1	6	7	17	997	1046
2	0	0	18	0	32
2	3	3	19	71	87
2	7	5	20	174	220
2	6	1	21	412	486
2	2	1	22	605	614
2	7	1	23	614	677
2	3	1	24	922	995
3	0	0	25	32	42
3	9	1	26	188	259
3	7	6	27	420	502
3	0	4	28	691	788
3	3	7	29	791	840
3	2	4	30	949	1043
4	5	2	31	0	66
4	4	7	32	287	364
4	6	5	33	602	657
4	9	0	34	691	708
4	9	0	35	708	773
4	3	5	36	877	904
4	0	0	37	1029	1054
5	4	7	38	225	287
5	7	2	39	374	420
5	0	1	40	486	543
5	2	1	41	574	605
5	6	1	42	677	732
5	8	0	43	773	856
6	9	1	44	113	188
6	3	1	45	259	322
6	0	1	46	543	574
6	7	5	47	576	601
6	0	0	48	628	691
6	7	2	49	747	777
6	1	6	50	830	880
6	3	1	51	995	1026
7	2	3	52	87	184
7	3	4	53	215	259
7	0	2	54	309	324
7	2	5	55	429	456
7	4	2	56	498	574
7	5	3	57	717	730
7	2	3	58	730	804
7	5	1	59	882	922
7	5	2	60	989	1050
8	4	2	61	174	222
8	0	0	62	255	285
8	9	1	63	322	336
8	9	1	64	336	365
8	6	6	65	552	602
8	5	1	66	732	789
8	4	3	67	814	853
8	7	6	68	911	947
9	7	6	69	75	129
9	8	6	70	129	196
9	9	2	71	271	309
9	5	4	72	309	357
9	4	2	73	420	498
9	8	2	74	704	747
9	2	3	75	804	814
9	2	4	76	826	902
9	1	5	77	904	953
10	5	2	78	66	90
10	3	5	79	93	172
10	7	5	80	220	286
10	8	7	81	454	507
10	0	2	82	574	628
10	1	5	83	657	688
10	6	6	84	732	830
10	3	5	85	856	877
10	7	6	86	880	911
11	6	5	87	0	44
11	5	0	88	189	255
11	8	0	89	297	344
11	8	7	90	507	529
11	2	7	91	529	557
11	5	2	92	628	704
11	1	5	93	753	807
11	5	1	94	840	882
12	7	6	95	0	47
12	1	0	96	119	185
12	2	5	97	309	380
12	1	0	98	439	482
12	4	7	99	574	589
12	8	6	100	602	652
12	7	6	101	700	728
12	6	7	102	840	871
12	5	2	103	922	970
12	9	2	104	970	989
13	4	4	105	0	80
13	6	7	106	94	166
13	6	3	107	257	306
13	0	5	108	380	429
13	1	0	109	482	547
13	3	3	110	552	621
13	8	6	111	652	700
13	6	7	112	871	945
13	7	6	113	947	1026
13	3	1	114	1026	1036
14	8	7	115	0	94
14	0	2	116	324	374
14	8	7	117	374	454
14	4	7	118	700	732
14	9	2	119	872	921
14	4	3	120	927	960
14	8	3	121	960	994
15	3	3	122	22	57
15	1	0	123	57	119
15	7	2	124	135	174
15	5	4	125	357	437
15	1	0	126	547	626
15	0	5	127	807	856
15	0	0	128	856	884
15	0	0	129	884	961
15	0	0	130	961	1029
16	5	2	131	90	135
16	2	4	132	259	308
16	8	0	133	344	360
16	6	3	134	508	552
16	4	7	135	589	635
16	5	4	136	789	826
16	6	7	137	945	997
17	6	5	138	44	93
17	5	4	139	173	189
17	3	4	140	189	215
17	8	2	141	222	271
17	3	3	142	344	439
17	7	6	143	502	543
17	1	5	144	688	753
17	4	3	145	853	927
18	7	6	146	47	75
18	2	3	147	184	257
18	8	0	148	285	297
18	7	3	149	306	344
18	6	1	150	365	412
18	3	5	151	456	485
18	7	5	152	543	576
18	3	3	153	650	717
18	9	2	154	777	872
19	4	4	155	80	173
19	1	6	156	268	344
19	0	4	157	437	457
19	2	4	158	457	489
19	3	5	159	489	520
19	4	7	160	635	700
19	7	1	161	789	840
19	4	5	162	975	1051


Solution History:
