This is the output of Heuristic Solver for Dual resource constrained flexible job shop Scheduling Problem.
Input file is: wfjsp20_2.txt
Method: FaF
Seed: 4
Number of Jobs: 25
Number of Operations: 193
Number of Machines: 10
Number of Operators: 8
CPU Time: 8.25315
obj: 1255
Best found lower bound:0
Solver gap (best found lower bound and upper bound difference): Not known


Final Solution:
Job	Machine	Operator	Operation	Start Time	Finish Time
0	4	7	0	205	278
0	3	2	1	477	555
0	9	4	2	689	709
0	0	4	3	1062	1096
0	5	0	4	1200	1216
1	5	0	5	0	20
1	8	4	6	115	182
1	4	7	7	197	205
1	1	0	8	305	380
1	5	1	9	588	627
1	9	1	10	627	683
1	5	7	11	891	907
1	8	4	12	959	1029
1	9	4	13	1162	1232
2	7	3	14	16	78
2	3	3	15	139	207
2	0	2	16	254	286
2	9	4	17	295	340
2	2	1	18	507	530
2	8	5	19	549	611
2	3	4	20	611	689
2	6	1	21	772	853
2	1	3	22	919	979
2	0	7	23	1156	1226
3	7	2	24	129	194
3	6	2	25	205	224
3	4	1	26	338	350
3	5	6	27	406	492
3	8	7	28	524	546
3	2	5	29	691	767
3	3	3	30	828	919
3	7	2	31	995	1019
3	5	0	32	1067	1135
4	1	1	33	75	154
4	5	0	34	237	293
4	0	1	35	423	443
4	1	0	36	476	530
4	5	1	37	550	588
4	7	3	38	645	713
4	3	0	39	930	1012
4	1	6	40	1161	1181
4	7	0	41	1186	1200
4	7	0	42	1216	1245
5	7	3	43	0	16
5	9	4	44	75	115
5	1	4	45	182	252
5	4	4	46	492	530
5	2	4	47	801	899
5	3	2	48	1090	1179
6	5	6	49	37	103
6	7	5	50	335	362
6	0	7	51	454	524
6	6	6	52	595	633
6	2	2	53	658	684
6	2	4	54	769	801
6	9	7	55	847	891
6	8	5	56	926	954
6	3	3	57	1179	1246
7	4	2	58	0	56
7	8	2	59	194	205
7	0	2	60	224	254
7	1	0	61	380	431
7	0	2	62	760	840
7	6	6	63	881	938
7	8	1	64	1112	1185
8	2	0	65	20	74
8	5	0	66	117	136
8	5	6	67	311	396
8	1	3	68	461	476
8	7	3	69	476	556
8	6	1	70	757	772
8	9	4	71	899	959
8	1	4	72	1096	1161
8	6	1	73	1187	1241
9	4	3	74	78	139
9	6	5	75	248	335
9	9	1	76	350	403
9	0	2	77	555	609
9	7	0	78	844	930
9	0	7	79	945	957
9	0	7	80	957	1011
9	1	5	81	1048	1093
9	0	7	82	1097	1156
9	7	3	83	1162	1177
10	0	5	84	107	188
10	3	3	85	358	381
10	9	5	86	409	436
10	9	5	87	512	549
10	0	7	88	721	753
10	5	5	89	954	1040
10	6	5	90	1120	1187
11	8	5	91	27	107
11	5	1	92	154	229
11	5	0	93	293	305
11	0	1	94	403	423
11	6	5	95	436	512
11	5	0	96	629	697
11	8	7	97	789	847
11	4	1	98	853	946
11	2	7	99	1011	1097
12	8	4	100	0	17
12	9	0	101	136	207
12	9	3	102	207	267
12	2	2	103	419	477
12	2	4	104	530	596
12	4	2	105	684	760
12	0	1	106	1014	1045
12	4	6	107	1048	1095
12	4	2	108	1179	1254
13	6	2	109	56	119
13	8	2	110	361	419
13	5	6	111	492	519
13	0	7	112	676	721
13	9	3	113	721	782
13	2	2	114	908	981
13	7	1	115	1099	1112
14	1	6	116	0	14
14	6	6	117	14	37
14	3	3	118	267	358
14	1	0	119	530	629
14	5	5	120	769	797
14	5	5	121	797	863
14	5	0	122	1135	1186
15	4	7	123	176	197
15	3	1	124	229	259
15	0	5	125	362	381
15	7	6	126	396	406
15	4	7	127	546	567
15	4	7	128	567	582
15	4	7	129	582	592
15	1	0	130	769	841
15	7	2	131	1019	1030
16	3	0	132	84	117
16	2	5	133	188	248
16	7	6	134	257	311
16	1	6	135	706	758
16	3	7	136	758	789
16	5	7	137	907	945
16	8	1	138	1045	1099
17	2	7	139	84	176
17	7	6	140	200	257
17	5	4	141	709	769
17	0	5	142	863	926
17	9	4	143	1029	1062
17	4	6	144	1095	1161
18	9	5	145	0	27
18	1	4	146	252	295
18	6	4	147	340	412
18	7	0	148	431	464
18	9	3	149	556	614
18	7	3	150	614	645
18	9	3	151	782	828
18	7	2	152	1030	1090
18	8	5	153	1187	1253
19	3	7	154	72	84
19	2	7	155	278	370
19	0	2	156	609	658
19	6	1	157	683	757
19	1	6	158	844	881
19	1	6	159	995	1048
20	7	6	160	103	129
20	6	6	161	129	200
20	8	0	162	207	237
20	2	5	163	381	409
20	9	1	164	443	507
20	4	7	165	592	676
20	6	0	166	1014	1067
20	1	6	167	1181	1255
21	2	7	168	0	13
21	1	4	169	17	45
21	8	1	170	259	338
21	8	5	171	611	691
21	8	2	172	847	908
21	9	3	173	1071	1132
22	0	1	174	0	75
22	2	7	175	370	380
22	4	3	176	381	461
22	0	1	177	530	550
22	1	6	178	633	706
22	7	6	179	758	844
22	6	1	180	946	1014
22	6	5	181	1093	1120
23	3	7	182	13	72
23	0	2	183	286	361
23	3	7	184	381	454
23	8	0	185	697	769
23	7	6	186	938	995
23	9	3	187	1132	1162
24	9	4	188	45	75
24	8	4	189	419	492
24	6	6	190	519	595
24	9	3	191	979	1027
24	3	3	192	1027	1071


Solution History:
