This is the output of Heuristic Solver for Dual resource constrained flexible job shop Scheduling Problem.
Input file is: wfjsp15_10.txt
Method: FaF
Seed: 3
Number of Jobs: 30
Number of Operations: 385
Number of Machines: 15
Number of Operators: 15
CPU Time: 204.538
obj: 1448
Best found lower bound:0
Solver gap (best found lower bound and upper bound difference): Not known


Final Solution:
Job	Machine	Operator	Operation	Start Time	Finish Time
0	12	9	0	92	170
0	3	7	1	226	316
0	4	4	2	392	459
0	1	5	3	481	565
0	0	10	4	679	732
0	5	11	5	760	787
0	2	2	6	796	829
0	3	6	7	829	878
0	0	9	8	965	1054
0	7	3	9	1081	1106
0	11	14	10	1192	1229
0	7	12	11	1305	1337
0	10	8	12	1361	1447
1	6	10	13	91	167
1	13	0	14	179	245
1	14	1	15	315	397
1	10	14	16	464	543
1	9	8	17	626	639
1	6	1	18	752	761
1	3	8	19	781	824
1	7	3	20	828	899
1	10	1	21	984	1067
1	8	9	22	1213	1262
1	8	9	23	1262	1332
1	7	12	24	1359	1398
1	7	14	25	1398	1418
2	0	12	26	0	44
2	14	6	27	174	194
2	0	9	28	296	384
2	12	7	29	384	417
2	8	12	30	532	605
2	5	13	31	681	760
2	4	2	32	847	911
2	8	10	33	984	1016
2	10	13	34	1067	1131
2	10	13	35	1131	1204
2	4	10	36	1217	1230
2	1	3	37	1373	1394
2	0	4	38	1394	1413
3	9	13	39	0	43
3	12	9	40	57	92
3	0	9	41	456	546
3	8	4	42	621	684
3	10	0	43	740	832
3	1	5	44	1024	1038
3	3	6	45	1117	1130
3	6	9	46	1149	1213
3	9	0	47	1342	1389
3	4	2	48	1389	1403
4	0	3	49	120	215
4	6	13	50	337	423
4	14	2	51	603	632
4	3	7	52	647	713
4	1	5	53	724	732
4	12	13	54	777	852
4	13	12	55	1015	1092
4	2	5	56	1161	1179
4	14	6	57	1209	1273
4	0	10	58	1340	1372
4	6	1	59	1413	1422
5	3	11	60	0	86
5	11	5	61	222	271
5	12	8	62	421	507
5	2	8	63	534	602
5	10	0	64	647	740
5	14	12	65	765	838
5	9	0	66	984	1034
5	8	10	67	1166	1212
5	7	3	68	1213	1231
5	13	8	69	1235	1256
5	11	5	70	1332	1352
5	11	5	71	1352	1374
5	13	0	72	1392	1444
6	5	2	73	14	62
6	6	10	74	167	188
6	14	1	75	397	469
6	14	6	76	469	515
6	1	5	77	645	688
6	1	5	78	688	724
6	8	1	79	890	984
6	3	6	80	1130	1165
6	3	7	81	1275	1306
6	3	7	82	1407	1434
6	3	7	83	1434	1445
7	9	12	84	111	192
7	14	1	85	276	315
7	8	5	86	373	409
7	4	2	87	534	603
7	9	8	88	705	781
7	11	14	89	866	883
7	12	8	90	939	1023
7	4	10	91	1230	1299
7	6	10	92	1299	1329
7	14	6	93	1364	1382
8	13	8	94	22	117
8	4	8	95	117	167
8	7	13	96	217	291
8	13	8	97	337	421
8	2	2	98	460	530
8	10	14	99	543	627
8	6	1	100	670	752
8	5	11	101	836	908
8	1	5	102	934	1024
8	14	2	103	1030	1117
8	0	1	104	1179	1223
8	2	2	105	1223	1255
8	14	6	106	1273	1319
8	12	13	107	1373	1448
9	5	10	108	0	14
9	8	5	109	73	158
9	12	9	110	170	183
9	4	11	111	183	250
9	1	3	112	352	418
9	7	3	113	418	471
9	0	10	114	591	679
9	2	2	115	718	796
9	2	8	116	829	915
9	13	12	117	939	1015
9	1	11	118	1112	1181
9	1	5	119	1181	1262
9	13	12	120	1269	1305
9	10	8	121	1324	1361
10	10	8	122	172	257
10	7	13	123	291	316
10	6	13	124	478	554
10	10	7	125	627	646
10	0	10	126	793	818
10	10	13	127	854	891
10	4	4	128	1035	1066
10	12	3	129	1106	1139
10	3	6	130	1165	1207
10	1	13	131	1324	1369
11	4	7	132	0	19
11	2	0	133	82	170
11	13	0	134	170	179
11	10	8	135	257	337
11	5	11	136	337	350
11	1	5	137	418	481
11	1	5	138	565	645
11	6	9	139	645	670
11	1	5	140	732	801
11	0	9	141	818	890
11	3	6	142	944	995
11	4	4	143	1066	1155
11	11	5	144	1269	1332
11	8	10	145	1376	1441
12	14	9	146	0	12
12	1	14	147	149	229
12	3	7	148	316	380
12	13	11	149	496	575
12	5	13	150	641	681
12	11	14	151	778	792
12	7	3	152	792	828
12	1	5	153	855	934
12	11	11	154	1043	1112
12	9	0	155	1243	1333
13	14	6	156	12	93
13	8	12	157	192	272
13	4	11	158	272	306
13	8	11	159	306	335
13	5	10	160	421	493
13	7	4	161	536	621
13	11	1	162	621	652
13	8	6	163	762	826
13	14	12	164	838	916
13	0	9	165	916	965
13	3	6	166	1044	1117
13	12	8	167	1163	1234
13	11	12	168	1235	1269
13	8	11	169	1332	1376
13	14	6	170	1400	1446
14	5	2	171	62	150
14	13	0	172	245	334
14	3	6	173	380	446
14	6	13	174	446	478
14	9	7	175	536	626
14	0	10	176	732	779
14	2	14	177	950	1030
14	3	6	178	1030	1044
14	13	8	179	1092	1157
14	7	3	180	1163	1177
14	12	3	181	1234	1301
14	7	12	182	1337	1359
14	2	5	183	1394	1441
15	11	5	184	0	68
15	7	13	185	143	217
15	11	0	186	352	446
15	11	1	187	533	620
15	3	7	188	713	778
15	5	11	189	804	836
15	11	14	190	847	866
15	7	3	191	899	993
15	9	0	192	1073	1128
15	9	0	193	1128	1175
15	12	3	194	1301	1373
15	4	2	195	1403	1437
16	14	6	196	93	174
16	5	9	197	248	296
16	0	9	198	426	456
16	9	12	199	457	532
16	12	3	200	555	590
16	7	14	201	704	720
16	9	7	202	781	807
16	1	5	203	821	855
16	13	9	204	890	915
16	3	6	205	995	1025
16	9	0	206	1034	1073
16	2	5	207	1110	1161
16	4	2	208	1299	1387
17	0	13	209	44	76
17	10	1	210	76	125
17	6	10	211	257	337
17	7	7	212	471	536
17	2	8	213	602	626
17	4	4	214	692	770
17	10	0	215	832	854
17	11	11	216	950	1043
17	12	3	217	1139	1163
17	9	0	218	1175	1243
17	1	3	219	1394	1413
17	0	3	220	1413	1447
18	11	14	221	70	149
18	11	2	222	150	222
18	5	2	223	222	248
18	4	11	224	250	269
18	1	2	225	292	329
18	7	12	226	331	402
18	5	9	227	547	637
18	9	8	228	639	705
18	7	3	229	732	780
18	11	14	230	792	847
18	3	6	231	878	927
18	6	13	232	969	1046
18	8	10	233	1078	1166
18	10	14	234	1229	1312
18	5	9	235	1397	1442
19	9	12	236	44	111
19	0	3	237	111	120
19	5	11	238	150	163
19	12	6	239	324	373
19	5	10	240	493	526
19	4	8	241	526	534
19	8	11	242	685	758
19	11	14	243	883	950
19	6	9	244	1061	1149
19	0	1	245	1170	1179
19	10	13	246	1312	1324
19	6	1	247	1382	1413
20	1	3	248	0	68
20	14	6	249	194	276
20	9	12	250	276	331
20	2	2	251	413	460
20	12	3	252	507	555
20	7	14	253	627	704
20	12	9	254	734	777
20	0	10	255	779	793
20	1	5	256	801	821
20	5	7	257	908	981
20	5	7	258	1003	1092
20	5	11	259	1248	1332
20	6	1	260	1332	1382
20	14	6	261	1382	1400
21	6	8	262	0	10
21	12	9	263	12	57
21	8	4	264	158	191
21	10	10	265	337	407
21	4	4	266	470	505
21	13	11	267	575	650
21	11	14	268	732	778
21	6	9	269	778	806
21	8	10	270	1016	1078
21	5	7	271	1092	1179
21	10	13	272	1204	1226
21	3	7	273	1306	1375
22	2	0	274	0	82
22	9	1	275	192	255
22	11	5	276	271	352
22	2	2	277	374	413
22	9	7	278	417	435
22	0	10	279	547	591
22	12	3	280	591	656
22	13	12	281	692	765
22	13	1	282	765	831
22	9	0	283	895	984
22	2	14	284	1030	1110
22	7	3	285	1177	1213
22	6	1	286	1223	1290
22	14	6	287	1319	1364
22	7	4	288	1418	1434
23	13	1	289	0	22
23	8	1	290	22	73
23	3	7	291	86	138
23	12	9	292	183	210
23	5	11	293	350	421
23	10	14	294	451	464
23	3	0	295	557	647
23	14	6	296	693	762
23	9	7	297	807	856
23	10	10	298	892	978
23	6	13	299	1046	1061
23	13	12	300	1157	1235
23	1	2	301	1262	1296
23	3	7	302	1375	1407
23	9	12	303	1407	1444
24	6	10	304	14	91
24	2	5	305	170	222
24	2	14	306	302	374
24	3	0	307	446	510
24	8	4	308	510	527
24	5	10	309	527	547
24	14	6	310	566	598
24	12	9	311	670	734
24	5	11	312	787	804
24	8	1	313	831	890
24	6	13	314	892	969
24	7	3	315	993	1081
24	7	12	316	1106	1157
24	7	13	317	1231	1305
24	1	14	318	1418	1437
25	10	14	319	0	70
25	0	3	320	76	111
25	12	4	321	210	275
25	0	4	322	275	294
25	1	3	323	329	352
25	8	5	324	352	373
25	0	9	325	384	426
25	14	6	326	515	566
25	11	3	327	656	728
25	12	4	328	852	938
25	12	8	329	1023	1092
25	0	1	330	1116	1170
25	3	7	331	1207	1275
25	5	9	332	1332	1397
26	4	7	333	19	80
26	10	1	334	125	172
26	0	9	335	215	244
26	12	6	336	276	324
26	10	14	337	407	451
26	3	0	338	510	557
26	8	6	339	605	619
26	14	6	340	632	693
26	13	8	341	915	939
26	14	2	342	944	1030
26	0	1	343	1067	1116
26	5	11	344	1181	1248
26	0	4	345	1248	1340
27	7	4	346	58	138
27	3	7	347	149	226
27	1	3	348	229	292
27	8	12	349	409	457
27	2	2	350	632	718
27	7	14	351	720	732
27	6	10	352	818	892
27	14	6	353	927	944
27	5	7	354	981	1003
27	1	5	355	1038	1062
27	14	2	356	1117	1209
27	0	4	357	1223	1246
27	2	14	358	1320	1394
28	7	4	359	0	58
28	3	7	360	138	149
28	6	10	361	188	257
28	4	4	362	306	392
28	4	4	363	459	470
28	11	1	364	470	488
28	11	1	365	488	533
28	4	12	366	605	692
28	9	0	367	856	895
28	2	2	368	915	943
28	4	4	369	945	1035
28	11	14	370	1112	1192
28	1	1	371	1296	1323
28	11	11	372	1376	1446
29	1	13	373	76	143
29	2	14	374	229	302
29	13	11	375	421	496
29	6	13	376	554	641
29	13	11	377	650	685
29	4	4	378	770	847
29	4	11	379	911	945
29	1	5	380	1062	1106
29	4	4	381	1155	1217
29	2	8	382	1256	1320
29	9	0	383	1333	1342
29	13	4	384	1342	1392


Solution History:
