This is the output of Heuristic Solver for Dual resource constrained flexible job shop Scheduling Problem.
Input file is: wfjsp14_10.txt
Method: FaF
Seed: 2
Number of Jobs: 30
Number of Operations: 235
Number of Machines: 15
Number of Operators: 15
CPU Time: 14.8505
obj: 913
Best found lower bound:0
Solver gap (best found lower bound and upper bound difference): Not known


Final Solution:
Job	Machine	Operator	Operation	Start Time	Finish Time
0	12	3	0	19	91
0	3	8	1	115	191
0	4	10	2	205	267
0	11	14	3	473	553
0	13	1	4	608	674
0	2	9	5	674	701
0	13	1	6	761	796
0	3	7	7	822	873
1	6	13	8	71	150
1	2	14	9	157	182
1	7	13	10	203	240
1	4	2	11	267	301
1	6	13	12	422	500
1	9	1	13	524	608
1	6	8	14	654	716
1	10	8	15	716	804
2	3	7	16	28	115
2	10	14	17	145	157
2	6	2	18	165	174
2	3	7	19	272	317
2	12	4	20	399	471
2	4	4	21	481	566
2	10	7	22	567	615
2	11	12	23	801	870
3	1	0	24	75	120
3	8	6	25	137	157
3	0	9	26	252	300
3	7	11	27	339	357
3	3	7	28	615	703
4	3	7	29	0	28
4	0	4	30	156	238
4	2	13	31	347	420
4	14	3	32	441	508
4	11	2	33	624	662
4	3	7	34	769	822
5	4	10	35	0	70
5	8	10	36	104	116
5	8	6	37	116	137
5	0	4	38	137	156
5	12	6	39	351	399
5	0	10	40	447	477
5	14	14	41	600	689
5	0	4	42	750	815
6	9	1	43	104	194
6	0	9	44	238	252
6	11	12	45	374	387
6	12	3	46	639	710
6	11	12	47	736	781
6	5	9	48	822	837
7	10	1	49	195	287
7	5	11	50	388	473
7	10	0	51	615	644
7	3	7	52	703	769
7	11	12	53	892	900
8	9	11	54	0	72
8	11	5	55	200	276
8	11	14	56	276	294
8	3	7	57	317	386
8	0	0	58	411	447
8	12	4	59	471	480
8	14	6	60	511	600
8	5	14	61	702	744
8	14	14	62	822	906
9	1	0	63	120	188
9	5	11	64	231	321
9	12	8	65	481	553
9	11	14	66	553	598
9	0	9	67	602	650
9	12	8	68	815	831
9	9	13	69	846	869
9	6	13	70	869	888
9	9	7	71	888	909
10	14	9	72	190	234
10	8	4	73	257	306
10	2	2	74	585	608
10	10	0	75	644	716
10	8	10	76	730	778
11	13	12	77	0	38
11	8	10	78	70	104
11	11	14	79	294	373
11	3	7	80	386	419
11	3	7	81	487	518
11	13	9	82	580	602
11	2	2	83	608	620
11	7	4	84	661	750
11	14	9	85	788	822
12	14	9	86	0	32
12	14	3	87	234	297
12	3	7	88	419	487
12	6	8	89	639	654
12	6	6	90	718	808
13	6	6	91	0	68
13	9	8	92	72	104
13	5	2	93	146	165
13	1	14	94	188	276
13	14	3	95	297	346
13	9	8	96	347	427
13	8	6	97	427	511
13	8	11	98	544	608
13	2	9	99	701	787
13	2	0	100	788	877
14	14	9	101	32	102
14	4	10	102	119	205
14	13	9	103	366	453
14	10	7	104	522	567
14	3	0	105	582	614
14	7	12	106	614	661
14	9	11	107	676	763
14	10	10	108	893	907
15	10	14	109	69	145
15	6	13	110	150	163
15	13	0	111	230	297
15	13	9	112	300	366
15	4	8	113	430	481
15	12	8	114	553	639
15	13	10	115	810	881
16	5	2	116	51	146
16	13	12	117	152	230
16	1	5	118	276	346
16	13	9	119	466	553
16	2	2	120	553	585
16	5	2	121	663	702
16	9	13	122	763	846
16	11	12	123	870	892
17	5	11	124	165	231
17	7	12	125	357	374
17	5	11	126	473	498
17	2	2	127	508	549
17	1	5	128	637	666
17	12	3	129	773	804
17	8	1	130	804	840
18	4	4	131	70	119
18	11	5	132	150	168
18	8	6	133	168	257
18	2	8	134	285	295
18	7	14	135	374	447
18	1	5	136	447	461
18	1	5	137	508	571
18	11	12	138	662	736
18	11	12	139	781	801
18	0	4	140	815	883
19	7	13	141	0	71
19	12	3	142	180	230
19	10	1	143	287	379
19	10	1	144	455	522
19	9	11	145	608	676
19	12	8	146	804	815
19	12	9	147	837	912
20	10	8	148	0	69
20	6	2	149	174	264
20	6	10	150	267	310
20	4	10	151	310	322
20	11	12	152	387	421
20	2	2	153	421	508
20	4	4	154	566	642
20	1	5	155	666	753
20	10	3	156	804	893
21	12	3	157	91	180
21	12	8	158	230	260
21	2	8	159	260	285
21	10	1	160	379	455
21	5	13	161	500	577
21	11	3	162	598	624
21	1	5	163	839	900
22	0	1	164	0	89
22	7	7	165	158	203
22	3	7	166	203	272
22	8	4	167	306	385
22	4	10	168	390	430
22	1	5	169	461	508
22	6	3	170	508	560
22	13	1	171	674	761
22	7	11	172	763	844
22	4	8	173	844	910
23	11	14	174	34	68
23	14	9	175	102	190
23	7	13	176	240	283
23	1	5	177	346	436
23	13	9	178	453	466
23	1	5	179	571	637
23	0	9	180	650	663
23	12	3	181	710	773
23	4	2	182	773	795
23	7	11	183	844	898
24	8	4	184	0	70
24	11	5	185	70	150
24	12	6	186	260	351
24	14	3	187	351	441
24	7	12	188	473	538
24	3	0	189	538	582
24	8	6	190	608	627
24	8	6	191	627	718
24	6	6	192	808	860
24	8	6	193	860	913
25	13	12	194	38	111
25	11	5	195	168	200
25	6	2	196	310	399
25	11	12	197	421	473
25	13	9	198	553	580
25	0	13	199	663	746
25	14	0	200	746	788
25	13	10	201	796	810
25	2	0	202	877	906
26	11	5	203	0	34
26	2	5	204	34	58
26	10	13	205	163	195
26	9	8	206	195	230
26	2	8	207	295	347
26	6	10	208	562	639
26	4	2	209	730	761
26	4	2	210	795	844
27	7	11	211	72	158
27	0	0	212	300	362
27	5	11	213	362	388
27	9	0	214	447	524
27	0	3	215	562	584
27	5	13	216	584	663
27	14	2	217	702	727
27	5	2	218	844	912
28	12	3	219	0	19
28	5	2	220	19	51
28	9	12	221	230	322
28	4	10	222	322	390
28	6	6	223	399	422
28	7	14	224	447	465
28	8	11	225	511	544
28	7	12	226	544	612
28	5	14	227	744	822
29	1	0	228	0	75
29	13	12	229	111	152
29	7	13	230	283	339
29	0	0	231	362	411
29	0	10	232	477	562
29	4	10	233	642	730
29	1	5	234	753	839


Solution History:
