This is the output of Heuristic Solver for Dual resource constrained flexible job shop Scheduling Problem.
Input file is: wfjsp14_3.txt
Method: FaF
Seed: 1
Number of Jobs: 30
Number of Operations: 235
Number of Machines: 15
Number of Operators: 15
CPU Time: 22.1076
obj: 866
Best found lower bound:0
Solver gap (best found lower bound and upper bound difference): Not known


Final Solution:
Job	Machine	Operator	Operation	Start Time	Finish Time
0	0	8	0	0	72
0	8	5	1	76	89
0	11	6	2	89	103
0	11	10	3	236	321
0	1	13	4	328	407
0	13	5	5	451	517
0	0	8	6	576	648
0	4	14	7	669	703
0	4	13	8	760	857
1	10	5	9	0	12
1	7	5	10	12	76
1	12	13	11	129	227
1	3	11	12	229	246
1	1	11	13	478	564
1	13	7	14	568	656
1	5	8	15	723	752
1	3	8	16	810	866
2	9	6	17	0	15
2	3	13	18	20	87
2	1	13	19	87	102
2	12	13	20	102	129
2	13	2	21	254	297
2	3	11	22	311	394
2	10	5	23	394	451
2	14	3	24	537	566
2	5	8	25	653	723
2	5	9	26	752	855
3	1	11	27	0	9
3	10	10	28	12	44
3	1	11	29	141	229
3	2	4	30	284	325
3	4	14	31	372	400
3	14	1	32	469	535
3	10	10	33	647	710
3	7	12	34	781	848
4	3	12	35	87	188
4	14	8	36	218	306
4	2	4	37	325	341
4	8	2	38	342	372
4	7	7	39	427	514
4	8	5	40	537	551
4	4	2	41	636	659
4	3	13	42	664	719
4	11	10	43	722	755
4	2	1	44	809	864
5	14	10	45	45	141
5	7	7	46	148	215
5	14	1	47	306	386
5	4	14	48	400	415
5	1	11	49	463	478
5	5	12	50	496	554
5	3	13	51	597	664
5	14	4	52	732	767
5	12	1	53	784	808
5	11	14	54	808	866
6	8	14	55	0	25
6	8	14	56	25	53
6	7	7	57	77	148
6	5	12	58	289	368
6	0	0	59	368	459
6	6	9	60	467	555
6	3	3	61	580	592
6	6	9	62	669	724
6	10	2	63	731	838
7	9	0	64	15	58
7	2	4	65	58	86
7	1	1	66	236	300
7	8	2	67	300	342
7	2	6	68	443	539
7	7	3	69	568	580
7	1	11	70	687	773
8	5	14	71	145	206
8	5	12	72	368	403
8	4	14	73	415	504
8	8	4	74	695	725
8	13	5	75	732	783
8	0	0	76	821	836
9	2	3	77	20	53
9	9	0	78	95	108
9	2	4	79	188	260
9	5	12	80	403	496
9	5	12	81	603	653
9	6	12	82	653	669
9	13	2	83	669	703
9	10	10	84	710	722
10	0	8	85	72	144
10	10	3	86	145	183
10	11	10	87	321	355
10	11	10	88	355	378
10	2	4	89	413	443
10	7	7	90	514	568
10	6	5	91	576	629
10	3	8	92	752	776
10	2	4	93	780	809
11	12	1	94	0	37
11	5	3	95	62	145
11	14	8	96	145	180
11	5	12	97	206	289
11	12	3	98	358	456
11	8	3	99	465	537
11	1	11	100	564	625
11	11	4	101	625	657
11	7	12	102	685	781
11	14	7	103	784	854
12	5	9	104	0	37
12	11	6	105	76	85
12	8	5	106	89	154
12	8	5	107	154	200
12	4	6	108	234	295
12	8	10	109	378	465
12	10	10	110	465	551
12	10	10	111	551	647
12	14	5	112	677	732
12	13	5	113	783	812
13	5	12	114	37	62
13	1	11	115	102	141
13	14	8	116	180	218
13	1	14	117	300	312
13	6	9	118	399	467
13	12	1	119	597	676
14	4	3	120	0	17
14	12	11	121	37	102
14	12	3	122	240	285
14	9	13	123	294	328
14	3	11	124	394	463
14	3	8	125	521	576
14	9	6	126	755	811
15	6	9	127	113	174
15	8	7	128	215	292
15	0	0	129	459	540
15	0	5	130	551	576
15	4	6	131	578	636
15	3	13	132	719	740
15	0	0	133	753	821
16	6	7	134	0	47
16	4	7	135	47	77
16	11	1	136	171	236
16	7	13	137	236	294
16	9	14	138	328	372
16	1	13	139	407	460
16	5	12	140	554	603
16	8	14	141	631	657
16	7	7	142	657	685
16	12	7	143	685	784
17	13	2	144	141	219
17	12	14	145	227	240
17	9	14	146	240	263
17	2	4	147	341	413
17	1	11	148	625	687
17	9	6	149	811	866
18	13	2	150	17	60
18	3	3	151	188	227
18	6	9	152	241	270
18	0	0	153	273	343
18	4	1	154	539	578
18	7	3	155	592	629
18	8	4	156	657	695
18	8	14	157	782	803
18	8	10	158	803	848
19	14	4	159	0	45
19	9	0	160	58	95
19	11	6	161	103	161
19	12	3	162	285	358
19	7	7	163	364	427
19	11	4	164	443	490
19	9	6	165	636	691
19	6	3	166	724	814
19	0	0	167	836	864
20	0	10	168	144	235
20	2	4	169	260	284
20	7	7	170	294	354
20	4	14	171	504	539
20	11	2	172	659	668
20	2	1	173	708	780
21	13	2	174	60	141
21	4	6	175	171	234
21	4	6	176	295	365
21	13	8	177	365	443
21	14	9	178	566	669
21	0	0	179	677	753
21	3	8	180	776	810
22	2	13	181	0	20
22	11	6	182	20	76
22	6	9	183	174	241
22	9	6	184	372	443
22	2	0	185	540	634
22	8	14	186	727	782
22	12	4	187	809	835
22	10	3	188	838	855
23	2	4	189	86	188
23	13	2	190	219	254
23	9	14	191	263	292
23	13	8	192	306	343
23	9	14	193	539	631
23	2	3	194	634	708
23	11	10	195	755	800
24	10	14	196	53	110
24	8	14	197	206	215
24	6	9	198	270	341
24	7	7	199	354	364
24	11	2	200	378	441
24	3	13	201	463	518
24	4	14	202	659	669
24	1	11	203	773	846
25	6	9	204	47	113
25	10	5	205	282	337
25	14	1	206	386	469
25	9	5	207	521	532
25	8	2	208	551	631
26	1	11	209	9	36
26	0	0	210	235	273
26	6	9	211	341	399
26	13	2	212	517	543
26	4	13	213	740	760
27	9	0	214	108	219
27	10	5	215	251	282
27	9	8	216	443	521
27	12	13	217	521	597
27	11	4	218	597	612
27	9	6	219	691	755
28	13	2	220	0	17
28	4	1	221	77	171
28	10	5	222	200	251
28	10	5	223	337	383
28	10	2	224	451	460
28	11	4	225	490	588
28	0	5	226	648	677
28	13	2	227	703	731
28	12	4	228	835	863
29	1	1	229	37	73
29	10	14	230	110	143
29	3	11	231	246	311
29	12	2	232	460	509
29	4	14	233	703	727
29	6	5	234	814	850


Solution History:
