This is the output of Heuristic Solver for Dual resource constrained flexible job shop Scheduling Problem.
Input file is: wfjsp10_8.txt
Method: FaF
Seed: 2
Number of Jobs: 20
Number of Operations: 151
Number of Machines: 10
Number of Operators: 10
CPU Time: 6.61341
obj: 863
Best found lower bound:0
Solver gap (best found lower bound and upper bound difference): Not known


Final Solution:
Job	Machine	Operator	Operation	Start Time	Finish Time
0	6	7	0	37	66
0	5	0	1	242	304
0	1	7	2	338	367
0	3	1	3	488	547
0	3	3	4	733	800
1	2	3	5	17	71
1	6	1	6	169	230
1	9	8	7	291	301
1	1	1	8	367	418
1	6	3	9	426	480
1	9	8	10	483	512
1	4	5	11	743	831
1	6	0	12	831	839
2	9	0	13	94	199
2	8	9	14	218	236
2	4	4	15	405	461
2	0	5	16	471	541
2	6	0	17	552	578
2	9	6	18	592	653
2	0	6	19	653	696
3	9	9	20	0	41
3	1	9	21	41	79
3	7	9	22	79	136
3	4	4	23	144	203
3	4	5	24	275	338
3	3	3	25	338	426
3	2	2	26	536	605
3	4	5	27	659	726
3	9	8	28	726	791
3	8	8	29	791	863
4	0	1	30	0	66
4	4	5	31	79	144
4	1	7	32	275	338
4	5	6	33	502	541
4	2	2	34	605	695
4	0	6	35	696	779
4	4	5	36	831	860
5	5	0	37	0	22
5	0	4	38	66	140
5	6	1	39	140	151
5	6	1	40	230	296
5	8	6	41	473	502
5	4	8	42	593	604
5	4	8	43	604	648
5	1	7	44	814	854
6	2	2	45	161	220
6	8	9	46	236	319
6	4	5	47	338	380
6	5	0	48	440	491
6	7	4	49	598	651
6	1	9	50	734	814
7	6	7	51	367	379
7	4	5	52	380	396
7	2	2	53	489	536
7	5	3	54	547	599
7	5	3	55	599	616
7	6	0	56	707	779
8	9	6	57	41	94
8	7	3	58	201	269
8	8	4	59	362	405
8	2	2	60	405	489
8	9	8	61	528	592
8	2	2	62	695	720
8	4	5	63	726	743
8	9	9	64	814	855
9	6	7	65	66	135
9	8	8	66	135	149
9	6	1	67	151	169
9	8	9	68	319	361
9	5	0	69	366	421
9	1	1	70	421	480
9	9	8	71	512	528
9	3	1	72	547	616
9	7	7	73	671	716
10	1	3	74	79	108
10	1	3	75	108	138
10	0	5	76	220	247
10	2	2	77	316	379
10	6	7	78	379	420
10	0	5	79	607	635
10	3	3	80	659	733
11	1	6	81	0	24
11	3	1	82	79	133
11	7	3	83	138	201
11	0	6	84	263	349
11	7	7	85	451	544
11	3	3	86	616	659
11	5	1	87	720	785
11	5	1	88	785	844
12	5	0	89	22	94
12	5	6	90	94	151
12	1	7	91	204	275
12	9	8	92	301	391
12	0	5	93	541	607
12	7	4	94	651	671
12	2	2	95	720	787
12	7	4	96	808	862
13	2	2	97	71	161
13	0	5	98	161	220
13	4	4	99	220	275
13	3	3	100	275	338
13	9	8	101	391	483
13	5	1	102	616	720
13	0	6	103	779	851
14	3	9	104	136	218
14	5	0	105	218	242
14	0	5	106	247	263
14	6	1	107	296	367
14	7	7	108	544	574
14	7	7	109	574	598
14	8	7	110	598	649
14	2	2	111	787	851
15	6	7	112	0	37
15	8	6	113	151	218
15	5	0	114	304	366
15	7	9	115	366	451
15	4	4	116	461	511
15	8	4	117	511	589
15	0	5	118	635	647
15	9	0	119	653	707
15	6	0	120	779	795
16	8	8	121	43	111
16	1	7	122	138	204
16	3	6	123	218	252
16	4	9	124	511	593
16	1	9	125	593	636
16	8	8	126	649	709
17	7	4	127	0	46
17	3	5	128	61	79
17	9	8	129	199	228
17	9	8	130	228	291
17	7	4	131	291	362
17	0	5	132	406	471
17	1	3	133	480	547
17	6	9	134	636	704
17	1	9	135	704	734
17	8	4	136	734	789
18	2	2	137	0	17
18	4	5	138	17	61
18	2	2	139	220	249
18	0	6	140	349	406
18	5	0	141	421	440
18	3	9	142	451	488
18	6	0	143	578	636
18	6	0	144	795	829
19	8	8	145	0	43
19	2	2	146	249	316
19	8	6	147	406	473
19	6	0	148	491	552
19	4	5	149	648	659
19	7	7	150	716	808


Solution History:
