This is the output of Heuristic Solver for Dual resource constrained flexible job shop Scheduling Problem.
Input file is: wfjsp13_4.txt
Method: FaF
Seed: 4
Number of Jobs: 25
Number of Operations: 255
Number of Machines: 15
Number of Operators: 15
CPU Time: 39.7813
obj: 924
Best found lower bound:0
Solver gap (best found lower bound and upper bound difference): Not known


Final Solution:
Job	Machine	Operator	Operation	Start Time	Finish Time
0	1	10	0	28	100
0	8	2	1	150	213
0	4	10	2	270	335
0	0	13	3	335	399
0	2	1	4	410	505
0	10	3	5	608	641
0	8	11	6	656	702
0	4	10	7	833	846
0	9	14	8	856	906
1	11	10	9	0	19
1	9	4	10	19	36
1	7	5	11	38	84
1	3	7	12	103	168
1	1	9	13	383	405
1	14	5	14	444	532
1	7	5	15	544	618
1	6	13	16	644	708
1	7	8	17	822	868
1	0	9	18	887	923
2	11	13	19	19	36
2	14	3	20	42	88
2	0	8	21	106	185
2	10	5	22	286	299
2	3	5	23	299	362
2	12	0	24	462	533
2	7	14	25	533	544
2	14	1	26	571	645
2	2	9	27	672	741
3	0	7	28	0	94
3	7	3	29	162	213
3	12	3	30	216	312
3	12	0	31	315	379
3	6	10	32	387	453
3	9	2	33	483	530
3	9	14	34	551	567
3	9	14	35	567	635
3	12	14	36	682	712
3	10	5	37	712	735
3	13	2	38	737	801
3	12	3	39	878	921
4	2	2	40	0	56
4	11	13	41	194	228
4	2	9	42	239	291
4	1	9	43	315	383
4	11	14	44	460	533
4	3	0	45	533	596
4	5	0	46	596	626
4	11	12	47	646	669
4	0	1	48	670	733
4	7	8	49	768	796
4	5	7	50	835	885
5	6	0	51	42	72
5	5	11	52	96	199
5	1	0	53	235	275
5	7	2	54	280	293
5	11	13	55	305	332
5	11	12	56	332	413
5	3	3	57	413	426
5	5	6	58	507	588
5	13	4	59	697	737
5	10	5	60	737	796
5	1	1	61	796	836
5	8	11	62	881	914
6	1	0	63	0	11
6	8	2	64	106	132
6	9	4	65	192	240
6	9	4	66	240	299
6	7	3	67	367	406
6	1	9	68	406	436
6	2	4	69	519	579
6	2	8	70	579	641
6	5	10	71	644	677
6	6	4	72	866	914
7	10	12	73	71	146
7	11	13	74	146	194
7	2	9	75	221	230
7	11	13	76	230	305
7	9	3	77	435	483
7	9	2	78	530	551
7	1	2	79	598	672
7	8	11	80	702	764
7	3	6	81	799	860
8	13	9	82	0	60
8	6	0	83	72	100
8	6	10	84	176	270
8	13	8	85	328	349
8	13	8	86	349	378
8	4	8	87	387	426
8	10	3	88	491	562
8	12	14	89	635	682
8	14	2	90	682	704
8	5	0	91	704	734
8	5	0	92	734	807
8	2	1	93	838	894
9	13	2	94	60	106
9	1	0	95	113	162
9	7	2	96	213	280
9	9	7	97	367	435
9	3	9	98	436	479
9	5	6	99	626	640
9	13	4	100	647	697
9	14	2	101	704	735
9	8	11	102	764	791
9	0	9	103	839	887
9	13	2	104	887	909
10	7	3	105	88	162
10	0	12	106	245	321
10	9	3	107	321	367
10	2	1	108	367	410
10	8	12	109	462	527
10	6	10	110	578	644
10	9	3	111	644	692
10	7	8	112	698	768
10	2	9	113	768	838
11	1	10	114	19	28
11	5	11	115	199	305
11	5	11	116	305	362
11	10	5	117	362	444
11	11	12	118	669	696
11	9	3	119	696	742
11	5	0	120	807	835
11	5	7	121	885	918
12	7	5	122	0	38
12	14	5	123	88	153
12	2	9	124	171	221
12	7	2	125	293	365
12	5	6	126	414	489
12	11	12	127	533	581
12	3	6	128	596	623
12	7	5	129	623	698
12	4	10	130	768	833
12	12	3	131	833	878
13	12	12	132	0	46
13	2	12	133	56	71
13	12	14	134	71	121
13	12	14	135	121	165
13	10	5	136	246	286
13	4	10	137	335	387
13	10	7	138	444	491
13	5	6	139	491	507
13	13	7	140	507	530
13	10	3	141	562	608
13	1	10	142	677	767
13	11	13	143	875	923
14	4	6	144	0	66
14	1	0	145	162	235
14	3	1	146	263	293
14	7	2	147	406	476
14	2	1	148	505	519
14	12	13	149	533	567
14	13	4	150	604	647
14	10	5	151	796	823
14	10	14	152	823	856
14	4	0	153	856	920
15	4	6	154	66	167
15	3	1	155	171	263
15	8	0	156	379	462
15	4	9	157	517	538
15	6	10	158	550	578
15	2	8	159	641	672
15	11	12	160	696	763
15	14	3	161	763	809
16	8	8	162	27	106
16	6	10	163	110	176
16	4	7	164	199	226
16	2	9	165	230	239
16	8	14	166	239	269
16	1	0	167	275	315
16	6	4	168	315	380
16	4	13	169	447	517
16	8	11	170	527	590
16	3	6	171	704	799
16	7	8	172	799	822
16	14	5	173	823	917
17	3	1	174	0	70
17	10	5	175	153	246
17	13	8	176	246	278
17	2	9	177	291	303
17	2	1	178	303	344
17	13	4	179	380	425
17	4	8	180	426	447
17	0	11	181	447	526
17	1	2	182	562	598
17	0	9	183	598	670
17	8	11	184	791	858
17	10	12	185	858	924
18	10	14	186	0	68
18	5	11	187	68	96
18	13	12	188	152	232
18	8	14	189	333	375
18	13	4	190	425	488
18	3	0	191	626	704
18	9	4	192	742	806
18	6	4	193	806	866
19	5	11	194	0	66
19	3	4	195	74	103
19	8	2	196	132	150
19	9	4	197	171	192
19	14	7	198	284	367
19	0	13	199	399	444
19	11	12	200	444	455
19	3	9	201	479	509
19	11	12	202	581	646
19	6	14	203	712	803
19	1	0	204	836	848
19	1	10	205	848	918
20	8	8	206	0	27
20	11	13	207	36	115
20	0	8	208	219	245
20	10	6	209	299	315
20	11	12	210	413	443
20	1	8	211	498	562
20	4	7	212	669	735
20	9	2	213	806	854
20	13	2	214	854	887
21	6	3	215	0	39
21	9	4	216	39	74
21	1	0	217	100	113
21	4	7	218	168	199
21	4	6	219	230	269
21	12	14	220	379	460
21	6	10	221	460	550
21	12	13	222	567	635
21	10	6	223	641	694
21	11	12	224	763	829
21	8	11	225	858	881
22	14	0	226	11	42
22	2	9	227	71	171
22	12	14	228	171	216
22	14	7	229	230	284
22	8	14	230	284	333
22	14	11	231	367	444
22	1	8	232	447	498
22	4	9	233	538	598
22	4	7	234	604	669
22	0	7	235	735	830
22	0	12	236	830	839
22	3	6	237	860	889
23	9	1	238	74	142
23	9	1	239	142	171
23	14	6	240	171	230
23	14	1	241	532	571
23	8	11	242	590	656
23	12	13	243	712	781
23	11	13	244	829	875
23	3	6	245	889	919
24	6	10	246	100	110
24	13	4	247	110	152
24	0	8	248	185	219
24	13	8	249	278	328
24	5	6	250	362	414
24	13	7	251	530	604
24	4	9	252	741	768
24	12	13	253	781	810
24	7	8	254	868	921


Solution History:
