This is the output of Heuristic Solver for Dual resource constrained flexible job shop Scheduling Problem.
Input file is: wfjsp16_9.txt
Method: FaF
Seed: 4
Number of Jobs: 40
Number of Operations: 284
Number of Machines: 15
Number of Operators: 15
CPU Time: 20.1726
obj: 1069
Best found lower bound:0
Solver gap (best found lower bound and upper bound difference): Not known


Final Solution:
Job	Machine	Operator	Operation	Start Time	Finish Time
0	14	9	0	14	103
0	13	4	1	323	375
0	1	2	2	593	660
0	2	0	3	688	745
0	1	14	4	815	851
1	10	8	5	58	146
1	7	11	6	186	250
1	8	3	7	250	267
1	14	6	8	329	387
1	2	1	9	405	466
1	12	7	10	646	735
1	12	7	11	863	944
1	9	12	12	984	1068
2	7	5	13	70	110
2	0	14	14	117	139
2	11	5	15	286	343
2	2	1	16	392	405
2	11	0	17	592	688
2	9	8	18	816	838
2	4	9	19	889	911
2	4	0	20	1024	1063
3	8	7	21	57	101
3	14	9	22	190	202
3	5	0	23	345	364
3	14	9	24	387	406
3	2	1	25	490	550
3	7	11	26	598	655
4	2	4	27	107	210
4	11	0	28	419	517
4	13	13	29	561	642
4	1	13	30	660	717
4	10	8	31	968	1025
5	1	14	32	58	117
5	0	13	33	196	266
5	3	9	34	372	386
5	11	0	35	517	592
5	8	14	36	738	776
5	13	4	37	865	887
5	12	7	38	944	958
5	13	4	39	979	1040
6	11	1	40	30	94
6	9	1	41	227	302
6	2	3	42	368	392
6	5	6	43	423	443
6	6	11	44	443	462
6	8	5	45	621	663
6	4	3	46	663	704
6	14	9	47	813	885
6	3	9	48	912	957
6	9	3	49	957	976
7	4	3	50	0	89
7	4	3	51	150	178
7	9	4	52	375	438
7	4	7	53	445	476
7	3	12	54	494	524
7	10	5	55	663	747
7	5	6	56	842	945
7	2	1	57	971	985
7	7	2	58	1032	1059
8	12	1	59	94	190
8	10	8	60	247	300
8	12	2	61	372	413
8	5	6	62	500	592
8	6	10	63	721	777
8	13	4	64	801	865
8	9	3	65	894	955
8	0	12	66	968	984
9	7	2	67	0	8
9	13	5	68	126	158
9	5	8	69	691	752
9	0	6	70	757	779
9	0	2	71	935	968
10	1	8	72	0	33
10	13	13	73	63	126
10	7	11	74	250	340
10	6	11	75	347	401
10	10	2	76	553	581
10	6	10	77	639	721
10	12	7	78	819	863
10	0	2	79	881	935
10	0	14	80	987	1022
10	0	14	81	1022	1059
11	8	7	82	25	57
11	11	5	83	161	176
11	5	0	84	364	419
11	1	1	85	551	587
11	10	1	86	822	895
12	0	6	87	48	101
12	12	14	88	247	268
12	14	0	89	309	329
12	0	12	90	353	440
12	2	8	91	551	595
12	1	3	92	717	806
13	9	12	93	126	227
13	13	2	94	247	299
13	1	10	95	339	354
13	3	6	96	387	423
13	6	10	97	565	620
13	9	1	98	662	737
13	13	4	99	887	979
14	8	7	100	132	157
14	11	5	101	176	237
14	2	8	102	306	343
14	1	3	103	412	434
14	3	14	104	524	629
14	6	14	105	851	909
14	1	3	106	990	1045
15	5	11	107	69	171
15	7	11	108	174	186
15	7	5	109	343	402
15	9	3	110	438	497
15	2	8	111	595	614
15	0	4	112	677	757
15	14	13	113	889	993
16	8	7	114	0	25
16	12	0	115	25	50
16	4	3	116	89	150
16	6	12	117	285	347
16	13	5	118	463	519
16	5	1	119	592	619
16	8	5	120	776	804
16	0	2	121	815	881
16	1	10	122	931	990
17	7	5	123	9	70
17	8	7	124	157	241
17	5	6	125	267	326
17	2	8	126	343	368
17	7	5	127	402	454
17	2	1	128	466	490
17	5	8	129	619	691
17	14	11	130	726	813
17	8	5	131	866	971
17	5	6	132	1013	1069
18	2	4	133	33	92
18	8	7	134	101	132
18	2	0	135	210	233
18	0	13	136	336	353
18	1	13	137	354	412
18	14	4	138	480	547
18	3	9	139	629	654
18	11	6	140	688	744
18	2	0	141	894	971
19	9	12	142	48	126
19	1	1	143	190	226
19	12	9	144	484	567
19	4	13	145	801	889
19	6	14	146	909	953
19	6	14	147	953	987
20	11	1	148	0	30
20	6	10	149	148	217
20	4	7	150	244	312
20	10	2	151	413	479
20	13	13	152	530	561
20	4	1	153	619	629
20	13	14	154	642	718
20	2	4	155	757	788
20	12	7	156	958	1043
20	10	8	157	1043	1063
21	5	6	158	0	29
21	3	6	159	29	41
21	13	8	160	160	239
21	11	10	161	354	417
21	5	6	162	443	500
21	10	2	163	581	593
21	11	0	164	745	822
21	7	8	165	894	966
21	4	0	166	971	1024
22	6	10	167	56	148
22	8	3	168	267	364
22	12	7	169	567	646
22	7	12	170	655	730
22	3	12	171	842	912
22	3	9	172	1003	1054
23	12	3	173	190	247
23	3	4	174	438	480
23	14	11	175	667	726
23	3	12	176	730	759
23	8	5	177	804	866
24	10	10	178	0	54
24	5	11	179	56	69
24	0	14	180	139	196
24	2	0	181	233	306
24	5	0	182	329	345
24	4	7	183	476	566
24	14	4	184	578	667
24	2	4	185	667	677
24	10	1	186	895	968
24	8	5	187	971	1026
25	5	6	188	171	231
25	13	8	189	239	247
25	14	9	190	406	465
25	6	10	191	620	639
25	10	1	192	639	662
25	0	14	193	779	815
25	11	13	194	1008	1067
26	2	4	195	0	33
26	10	1	196	302	378
26	10	2	197	479	508
26	7	0	198	822	894
26	8	5	199	1026	1066
27	3	9	200	0	14
27	11	6	201	101	161
27	1	10	202	226	282
27	1	13	203	434	527
27	8	2	204	663	738
27	1	10	205	851	931
28	3	0	206	123	198
28	4	9	207	202	244
28	12	10	208	417	484
28	13	5	209	519	530
28	0	12	210	530	617
28	2	12	211	617	643
28	4	12	212	912	968
29	12	0	213	0	24
29	11	5	214	237	286
29	13	4	215	309	323
29	9	3	216	497	573
29	6	10	217	777	796
29	6	10	218	796	850
30	0	12	219	0	19
30	9	2	220	19	46
30	3	14	221	198	247
30	0	13	222	266	336
30	6	11	223	401	422
30	0	6	224	617	674
30	12	7	225	735	819
30	2	1	226	985	1049
31	14	4	227	210	309
31	8	14	228	431	496
31	14	4	229	547	578
31	2	3	230	806	893
31	14	13	231	993	1008
32	3	0	232	50	123
32	3	9	233	247	302
32	13	8	234	375	463
32	5	12	235	759	842
32	11	11	236	921	1004
33	14	9	237	103	190
33	5	6	238	231	267
33	1	10	239	282	339
33	8	8	240	496	537
33	1	8	241	537	551
33	9	3	242	573	659
33	7	2	243	738	807
33	3	9	244	957	1003
33	2	7	245	1049	1068
34	6	11	246	0	56
34	10	8	247	146	160
34	12	14	248	268	367
34	8	5	249	537	621
34	10	1	250	747	822
34	5	6	251	945	1013
35	0	12	252	19	48
35	12	2	253	50	91
35	9	2	254	302	372
35	6	10	255	484	565
35	9	8	256	752	816
35	7	2	257	968	1032
36	14	5	258	0	9
36	6	12	259	227	285
36	7	11	260	462	555
36	3	9	261	654	689
36	9	8	262	838	894
37	13	13	263	0	63
37	1	13	264	126	188
37	3	9	265	302	372
37	4	7	266	384	445
37	6	9	267	465	482
37	10	2	268	508	553
37	7	11	269	555	598
37	13	13	270	718	801
37	11	11	271	822	921
37	6	10	272	990	1068
38	1	8	273	33	58
38	2	4	274	92	107
38	8	14	275	367	431
38	4	9	276	567	607
38	3	6	277	779	842
39	7	2	278	110	174
39	10	2	279	174	244
39	4	7	280	312	384
39	0	12	281	440	494
39	4	9	282	704	799
39	14	11	283	1008	1051


Solution History:
