This is the output of Heuristic Solver for Dual resource constrained flexible job shop Scheduling Problem.
Input file is: wfjsp15_5.txt
Method: FaF
Seed: 5
Number of Jobs: 30
Number of Operations: 360
Number of Machines: 15
Number of Operators: 15
CPU Time: 124.378
obj: 1237
Best found lower bound:0
Solver gap (best found lower bound and upper bound difference): Not known


Final Solution:
Job	Machine	Operator	Operation	Start Time	Finish Time
0	6	3	0	43	57
0	8	0	1	200	238
0	2	13	2	266	350
0	8	13	3	357	419
0	9	14	4	433	497
0	1	1	5	574	608
0	1	1	6	708	780
0	13	4	7	816	857
0	14	8	8	857	906
0	12	2	9	942	983
0	0	5	10	1008	1039
0	11	6	11	1154	1224
1	1	1	12	16	39
1	7	5	13	86	99
1	4	12	14	234	304
1	14	1	15	382	448
1	5	1	16	526	536
1	5	14	17	630	681
1	7	0	18	719	787
1	8	0	19	960	1003
1	10	7	20	1015	1044
1	0	13	21	1184	1225
2	14	7	22	18	46
2	12	0	23	46	80
2	13	5	24	185	281
2	3	6	25	382	430
2	7	5	26	507	546
2	13	14	27	609	630
2	12	2	28	655	663
2	0	5	29	751	796
2	2	10	30	946	1030
2	8	13	31	1068	1124
3	11	14	32	137	208
3	0	9	33	266	352
3	1	3	34	412	505
3	8	0	35	549	586
3	12	2	36	598	613
3	9	13	37	613	660
3	12	6	38	769	850
3	14	8	39	906	979
3	14	13	40	1010	1068
3	8	5	41	1124	1154
4	6	3	42	57	127
4	7	7	43	169	204
4	1	3	44	239	256
4	13	6	45	281	351
4	3	7	46	431	516
4	9	4	47	660	748
4	6	8	48	790	841
4	13	14	49	909	990
4	6	3	50	1063	1141
4	13	2	51	1141	1152
5	2	2	52	0	34
5	3	8	53	188	267
5	13	4	54	437	469
5	6	12	55	473	564
5	9	14	56	591	609
5	12	2	57	613	655
5	2	10	58	865	946
5	10	3	59	946	958
5	14	8	60	979	1004
5	9	4	61	1077	1143
6	3	7	62	0	15
6	3	8	63	52	92
6	7	5	64	99	129
6	8	4	65	268	357
6	14	13	66	448	526
6	7	7	67	546	590
6	7	7	68	590	644
6	12	6	69	850	868
6	8	9	70	874	958
6	0	5	71	1039	1124
6	7	0	72	1127	1168
7	3	12	73	15	52
7	7	9	74	70	86
7	14	10	75	211	315
7	13	6	76	351	382
7	11	7	77	382	431
7	8	9	78	658	727
7	5	14	79	743	825
7	3	7	80	928	953
7	4	11	81	1006	1074
7	6	3	82	1141	1190
8	6	3	83	0	10
8	7	8	84	25	50
8	7	9	85	50	60
8	7	9	86	60	70
8	3	8	87	92	188
8	9	0	88	273	372
8	8	11	89	449	506
8	3	8	90	516	544
8	14	12	91	599	684
8	10	3	92	778	824
8	4	11	93	828	837
8	13	4	94	857	900
8	4	5	95	921	1004
8	3	12	96	1108	1150
8	10	2	97	1191	1234
9	0	5	98	0	23
9	2	2	99	34	75
9	2	13	100	118	181
9	10	4	101	202	215
9	1	3	102	256	326
9	5	2	103	378	444
9	9	14	104	528	591
9	2	10	105	598	644
9	11	13	106	660	749
9	1	1	107	793	875
9	10	12	108	978	1015
9	11	6	109	1043	1154
9	10	2	110	1154	1191
9	12	1	111	1192	1223
10	4	11	112	48	88
10	2	2	113	109	118
10	5	12	114	135	208
10	2	1	115	350	379
10	8	13	116	419	442
10	5	2	117	444	458
10	14	13	118	543	599
10	0	5	119	684	717
10	13	6	120	732	769
10	8	0	121	835	865
10	10	3	122	958	978
10	10	7	123	1044	1126
10	12	1	124	1177	1192
11	6	3	125	10	43
11	11	6	126	61	82
11	10	4	127	137	202
11	0	9	128	352	447
11	2	10	129	460	469
11	2	10	130	469	490
11	9	14	131	497	528
11	1	1	132	608	675
11	0	5	133	675	684
11	2	10	134	699	767
11	4	11	135	812	828
11	12	2	136	868	879
11	7	0	137	918	960
11	7	9	138	986	1029
11	12	1	139	1093	1177
12	10	4	140	0	18
12	8	0	141	18	26
12	5	11	142	26	44
12	9	6	143	194	273
12	14	10	144	315	382
12	4	0	145	415	480
12	13	2	146	480	500
12	13	2	147	570	598
12	12	2	148	686	755
12	11	12	149	759	842
12	9	0	150	1003	1077
12	13	14	151	1077	1103
12	6	3	152	1190	1225
13	5	14	153	44	115
13	9	6	154	133	161
13	5	14	155	208	270
13	7	7	156	279	325
13	2	10	157	382	460
13	6	2	158	460	473
13	12	8	159	487	503
13	11	6	160	503	588
13	7	0	161	644	719
13	14	10	162	767	836
13	12	2	163	879	942
13	11	6	164	1010	1043
13	6	3	165	1047	1063
13	1	0	166	1077	1127
13	3	12	167	1150	1223
14	11	6	168	0	16
14	0	5	169	23	41
14	2	2	170	75	109
14	2	13	171	181	241
14	10	11	172	265	341
14	12	8	173	421	487
14	8	4	174	594	658
14	8	9	175	727	792
14	7	9	176	792	874
14	6	12	177	913	977
14	5	8	178	1074	1093
14	1	9	179	1127	1149
14	14	7	180	1151	1218
15	10	4	181	39	79
15	9	9	182	116	133
15	7	7	183	133	169
15	7	7	184	204	247
15	7	5	185	325	405
15	5	8	186	547	627
15	4	6	187	662	732
15	8	0	188	792	835
15	9	0	189	865	913
15	8	4	190	1003	1068
15	8	5	191	1154	1185
15	7	8	192	1185	1231
16	9	9	193	0	25
16	8	0	194	26	42
16	0	5	195	42	76
16	10	4	196	79	89
16	4	11	197	172	217
16	3	8	198	267	315
16	5	1	199	458	526
16	6	3	200	574	640
16	11	6	201	641	659
16	2	2	202	782	865
16	10	3	203	891	945
16	5	11	204	958	1006
16	2	10	205	1030	1122
17	12	1	206	80	170
17	6	2	207	266	307
17	4	0	208	372	415
17	2	10	209	490	507
17	2	10	210	561	598
17	5	14	211	681	691
17	0	5	212	717	751
17	1	1	213	780	793
17	3	7	214	811	844
17	11	13	215	933	1010
17	2	10	216	1122	1137
17	8	5	217	1185	1226
18	1	3	218	135	163
18	14	10	219	193	211
18	6	12	220	369	456
18	13	4	221	469	479
18	10	4	222	479	504
18	5	1	223	536	547
18	12	2	224	663	672
18	12	2	225	672	686
18	11	13	226	842	889
18	9	4	227	1143	1226
19	1	12	228	73	135
19	14	10	229	135	160
19	1	3	230	163	175
19	14	10	231	175	193
19	4	12	232	217	234
19	8	0	233	238	268
19	9	14	234	372	433
19	1	3	235	505	574
19	6	3	236	640	708
19	3	7	237	730	811
19	14	10	238	836	853
19	7	5	239	881	904
19	3	7	240	953	996
19	12	2	241	1023	1093
19	14	8	242	1093	1143
20	9	13	243	25	116
20	12	1	244	289	343
20	10	11	245	343	363
20	4	0	246	480	508
20	14	7	247	526	543
20	10	8	248	627	700
20	9	13	249	749	766
20	0	6	250	975	1008
20	7	9	251	1029	1121
20	13	2	252	1121	1131
20	11	6	253	1224	1232
21	11	6	254	16	31
21	8	10	255	42	66
21	10	4	256	89	137
21	7	7	257	247	279
21	5	14	258	279	308
21	3	7	259	343	382
21	3	7	260	644	730
21	13	4	261	769	816
21	3	7	262	844	928
21	2	10	263	1137	1222
22	11	0	264	82	123
22	6	2	265	127	217
22	2	13	266	241	266
22	1	3	267	326	412
22	0	9	268	535	630
22	0	9	269	630	654
22	10	3	270	708	778
22	5	14	271	825	885
22	1	1	272	929	993
22	5	14	273	1103	1186
23	1	1	274	0	16
23	10	4	275	18	39
23	14	7	276	46	129
23	6	4	277	217	266
23	12	8	278	343	421
23	11	6	279	431	498
23	12	4	280	504	541
23	4	5	281	546	584
23	3	6	282	588	641
23	9	13	283	766	839
23	0	6	284	881	975
23	6	3	285	978	1047
23	0	13	286	1124	1165
23	13	0	287	1168	1236
24	4	0	288	0	17
24	5	14	289	115	133
24	1	3	290	175	239
24	7	5	291	405	477
24	8	0	292	508	549
24	13	11	293	630	719
24	2	2	294	767	782
24	5	14	295	885	909
24	13	14	296	990	1072
24	14	7	297	1143	1151
24	0	8	298	1165	1184
25	14	10	299	0	18
25	0	6	300	82	130
25	12	1	301	170	213
25	4	12	302	304	368
25	12	4	303	541	594
25	1	1	304	675	708
25	4	11	305	732	812
25	7	5	306	904	918
25	1	1	307	920	929
25	5	8	308	1006	1074
25	5	14	309	1186	1233
26	7	8	310	0	25
26	4	9	311	25	48
26	8	10	312	66	135
26	13	5	313	135	185
26	12	1	314	246	289
26	5	2	315	308	378
26	7	5	316	477	507
26	2	10	317	507	561
26	4	5	318	584	662
26	5	14	319	691	743
26	4	11	320	837	921
26	9	4	321	921	1003
26	1	1	322	1047	1075
26	1	11	323	1152	1232
27	4	11	324	88	172
27	0	9	325	172	241
27	0	9	326	241	266
27	6	14	327	308	369
27	13	4	328	382	396
27	0	9	329	447	535
27	10	11	330	535	625
27	0	5	331	796	881
27	1	1	332	881	920
27	12	2	333	983	1023
27	3	12	334	1023	1108
27	4	9	335	1152	1237
28	11	6	336	31	61
28	9	6	337	161	194
28	12	1	338	213	246
28	3	8	339	315	343
28	13	4	340	396	437
28	14	12	341	684	759
28	10	3	342	824	891
28	11	13	343	891	933
28	5	11	344	933	958
28	13	2	345	1103	1116
29	12	11	346	0	22
29	1	1	347	39	73
29	11	0	348	123	137
29	8	0	349	137	200
29	10	2	350	217	265
29	10	11	351	363	449
29	13	2	352	500	570
29	11	0	353	588	621
29	2	10	354	644	699
29	6	8	355	708	790
29	6	12	356	842	913
29	7	9	357	960	986
29	1	1	358	993	1047
29	4	11	359	1074	1152


Solution History:
