This is the output of Heuristic Solver for Dual resource constrained flexible job shop Scheduling Problem.
Input file is: wfjsp6_6.txt
Method: FaF
Seed: 3
Number of Jobs: 12
Number of Operations: 72
Number of Machines: 5
Number of Operators: 5
CPU Time: 3.03123
obj: 815
Best found lower bound:0
Solver gap (best found lower bound and upper bound difference): Not known


Final Solution:
Job	Machine	Operator	Operation	Start Time	Finish Time
0	4	1	0	0	75
0	3	3	1	75	116
0	1	1	2	158	220
0	2	0	3	324	366
0	3	3	4	387	476
0	0	1	5	491	583
0	4	0	6	583	612
0	1	4	7	632	658
0	0	1	8	669	756
1	0	4	9	311	324
1	3	3	10	476	558
2	0	4	11	0	73
2	1	1	12	125	158
2	0	4	13	210	246
2	1	1	14	266	326
2	0	1	15	326	411
2	1	4	16	556	632
2	2	2	17	690	775
2	3	3	18	785	813
3	2	0	19	227	276
3	2	2	20	466	519
3	4	0	21	528	570
3	2	2	22	608	690
4	0	4	23	73	148
4	2	0	24	161	227
4	0	4	25	273	311
4	3	3	26	351	387
4	4	0	27	387	396
4	1	4	28	403	468
4	0	1	29	583	669
4	1	1	30	758	809
5	2	3	31	0	13
5	2	0	32	66	161
5	4	2	33	266	343
5	4	2	34	343	378
5	0	1	35	411	491
5	3	3	36	745	785
5	0	4	37	790	815
6	1	2	38	0	85
6	1	1	39	85	125
6	4	2	40	169	218
6	1	2	41	220	266
6	1	4	42	326	392
6	4	0	43	396	481
6	2	2	44	519	608
6	4	0	45	612	661
6	3	3	46	661	745
6	2	2	47	775	811
7	3	3	48	25	69
7	3	3	49	138	154
7	3	3	50	154	236
7	3	3	51	236	265
7	1	4	52	392	403
7	4	0	53	481	528
7	3	3	54	558	645
7	3	3	55	645	658
7	1	4	56	658	745
7	4	0	57	745	810
8	0	4	58	148	210
8	2	0	59	276	324
8	2	2	60	378	466
9	3	3	61	13	25
9	1	4	62	468	556
10	2	0	63	13	66
10	3	3	64	116	138
10	0	4	65	246	273
11	4	2	66	85	169
11	4	1	67	220	261
11	3	3	68	265	351
11	4	0	69	661	727
11	1	4	70	745	758
11	0	4	71	758	790


Solution History:
