This is the output of Heuristic Solver for Dual resource constrained flexible job shop Scheduling Problem.
Input file is: wfjsp15_10.txt
Method: FaF
Seed: 1
Number of Jobs: 30
Number of Operations: 385
Number of Machines: 15
Number of Operators: 15
CPU Time: 97.4121
obj: 1449
Best found lower bound:0
Solver gap (best found lower bound and upper bound difference): Not known


Final Solution:
Job	Machine	Operator	Operation	Start Time	Finish Time
0	0	13	0	44	122
0	1	5	1	241	322
0	4	7	2	374	436
0	1	5	3	476	560
0	14	3	4	575	622
0	11	2	5	748	783
0	2	13	6	790	821
0	3	6	7	872	921
0	0	3	8	948	1041
0	4	2	9	1128	1156
0	8	4	10	1156	1192
0	7	3	11	1208	1244
0	10	10	12	1365	1449
1	6	2	13	85	169
1	13	0	14	195	261
1	9	12	15	311	406
1	10	14	16	468	547
1	9	8	17	645	658
1	6	6	18	753	762
1	3	2	19	783	830
1	7	4	20	830	902
1	10	14	21	1038	1112
1	12	6	22	1176	1225
1	8	10	23	1225	1291
1	11	12	24	1291	1328
1	14	3	25	1336	1357
2	0	12	26	0	44
2	10	8	27	172	189
2	0	9	28	277	365
2	12	4	29	372	407
2	3	2	30	571	648
2	5	14	31	700	778
2	4	6	32	797	865
2	9	1	33	1020	1056
2	12	7	34	1088	1150
2	10	1	35	1187	1268
2	4	2	36	1349	1364
2	14	3	37	1404	1423
2	1	3	38	1425	1444
3	9	13	39	0	43
3	12	8	40	76	109
3	0	9	41	395	485
3	8	11	42	598	662
3	10	1	43	802	892
3	7	11	44	902	917
3	11	11	45	1037	1050
3	2	13	46	1168	1237
3	3	8	47	1255	1299
3	4	2	48	1364	1378
4	0	1	49	155	246
4	6	13	50	327	413
4	14	3	51	549	575
4	3	7	52	650	716
4	7	12	53	734	742
4	12	7	54	763	845
4	13	12	55	1008	1085
4	0	0	56	1181	1202
4	14	0	57	1205	1269
4	11	12	58	1328	1360
4	6	9	59	1392	1400
5	3	11	60	0	86
5	11	14	61	221	267
5	12	4	62	407	495
5	2	13	63	527	597
5	10	1	64	647	738
5	8	9	65	852	928
5	9	1	66	1056	1104
5	8	4	67	1106	1154
5	1	5	68	1186	1202
5	7	3	69	1244	1270
5	1	5	70	1270	1290
5	14	3	71	1315	1336
5	13	4	72	1336	1394
6	5	14	73	69	120
6	14	6	74	162	180
6	14	9	75	180	248
6	14	3	76	454	499
6	1	0	77	671	716
6	1	0	78	785	823
6	8	12	79	928	1007
6	3	6	80	1120	1155
6	3	7	81	1223	1254
6	9	7	82	1346	1370
6	1	14	83	1375	1387
7	9	12	84	111	192
7	8	10	85	352	384
7	13	12	86	429	467
7	4	7	87	489	557
7	9	8	88	724	800
7	2	9	89	829	843
7	12	7	90	929	1015
7	4	2	91	1156	1225
7	6	2	92	1400	1432
7	3	6	93	1432	1449
8	13	10	94	19	109
8	4	4	95	128	186
8	7	13	96	208	282
8	13	1	97	348	429
8	2	13	98	459	527
8	10	1	99	547	629
8	6	3	100	762	849
8	5	13	101	858	933
8	1	5	102	937	1027
8	14	6	103	1035	1120
8	0	0	104	1135	1181
8	2	13	105	1237	1267
8	14	3	106	1270	1315
8	0	13	107	1367	1445
9	5	10	108	0	14
9	8	4	109	14	99
9	12	8	110	160	172
9	4	4	111	195	267
9	1	5	112	346	413
9	7	11	113	413	464
9	0	0	114	551	643
9	2	13	115	717	790
9	2	2	116	843	931
9	13	11	117	931	1008
9	1	5	118	1027	1096
9	11	11	119	1187	1272
9	13	4	120	1286	1323
9	11	3	121	1360	1404
10	10	8	122	189	274
10	7	13	123	302	327
10	6	9	124	485	551
10	10	1	125	629	647
10	0	4	126	717	739
10	10	1	127	892	933
10	4	11	128	1008	1037
10	10	8	129	1112	1141
10	4	2	130	1225	1261
10	1	5	131	1320	1369
11	4	7	132	0	19
11	2	0	133	98	186
11	13	0	134	186	195
11	2	14	135	268	347
11	5	2	136	347	362
11	1	5	137	413	476
11	1	13	138	597	671
11	6	6	139	671	693
11	1	0	140	716	785
11	0	10	141	829	897
11	3	6	142	970	1021
11	4	2	143	1037	1128
11	8	10	144	1291	1353
11	4	7	145	1378	1445
12	2	9	146	0	11
12	1	5	147	154	241
12	3	6	148	257	325
12	13	12	149	467	545
12	5	10	150	649	693
12	10	1	151	760	774
12	7	4	152	786	822
12	1	5	153	858	937
12	11	11	154	1050	1119
12	9	7	155	1255	1346
13	14	6	156	0	81
13	8	11	157	179	260
13	8	11	158	291	325
13	8	10	159	325	352
13	5	10	160	440	512
13	7	14	161	547	623
13	11	12	162	628	657
13	6	6	163	693	753
13	14	14	164	778	855
13	0	0	165	897	948
13	3	8	166	1038	1110
13	11	11	167	1119	1187
13	13	12	168	1249	1286
13	8	1	169	1354	1404
13	8	12	170	1404	1449
14	5	14	171	120	203
14	13	1	172	261	348
14	3	6	173	348	414
14	6	2	174	450	481
14	9	8	175	558	645
14	0	13	176	671	717
14	2	13	177	933	1014
14	3	6	178	1021	1035
14	8	4	179	1043	1106
14	7	3	180	1194	1208
14	12	6	181	1225	1291
14	2	13	182	1347	1367
14	2	5	183	1369	1416
15	11	5	184	0	68
15	7	13	185	134	208
15	11	0	186	349	443
15	11	12	187	549	628
15	3	5	188	716	780
15	5	11	189	824	856
15	4	8	190	872	895
15	7	4	191	917	1009
15	5	9	192	1093	1139
15	10	8	193	1141	1187
15	12	9	194	1291	1359
15	5	11	195	1368	1398
16	14	6	196	81	162
16	5	10	197	262	311
16	0	9	198	365	395
16	9	8	199	477	558
16	12	6	200	615	653
16	0	0	201	653	668
16	5	10	202	797	824
16	1	13	203	824	858
16	14	14	204	858	879
16	7	4	205	1009	1043
16	2	0	206	1043	1080
16	6	10	207	1165	1223
16	4	2	208	1261	1349
17	12	3	209	0	29
17	10	1	210	69	118
17	6	3	211	238	326
17	7	11	212	464	530
17	2	5	213	597	620
17	4	2	214	650	727
17	10	1	215	738	760
17	11	2	216	948	1035
17	12	6	217	1155	1176
17	9	8	218	1187	1255
17	1	14	219	1387	1406
17	7	4	220	1406	1438
18	11	5	221	68	154
18	11	3	222	154	221
18	5	10	223	238	262
18	4	7	224	268	286
18	14	2	225	286	325
18	7	11	226	327	402
18	5	10	227	564	649
18	9	8	228	658	724
18	7	12	229	742	786
18	11	12	230	831	887
18	3	6	231	921	970
18	6	10	232	977	1055
18	13	12	233	1163	1249
18	10	1	234	1268	1354
18	5	9	235	1400	1445
19	9	12	236	44	111
19	4	4	237	186	195
19	5	14	238	203	218
19	12	8	239	320	372
19	11	0	240	443	480
19	4	7	241	480	489
19	8	12	242	662	734
19	11	3	243	887	948
19	6	10	244	1069	1165
19	8	4	245	1192	1201
19	10	10	246	1354	1365
19	6	9	247	1365	1392
20	1	0	248	11	80
20	8	9	249	99	179
20	9	12	250	256	311
20	14	3	251	407	454
20	12	6	252	495	540
20	7	14	253	623	700
20	12	7	254	716	763
20	8	4	255	763	780
20	10	1	256	780	802
20	5	9	257	933	1001
20	5	9	258	1001	1093
20	5	14	259	1219	1302
20	3	0	260	1371	1419
20	14	1	261	1423	1441
21	1	0	262	0	11
21	12	8	263	29	76
21	8	11	264	260	291
21	10	7	265	291	374
21	10	8	266	421	456
21	13	4	267	551	634
21	11	12	268	786	831
21	6	3	269	849	883
21	14	14	270	977	1031
21	9	1	271	1104	1186
21	7	11	272	1272	1296
21	3	8	273	1299	1371
22	2	9	274	11	98
22	9	12	275	192	256
22	11	0	276	267	349
22	2	14	277	419	459
22	9	7	278	459	477
22	0	4	279	502	551
22	12	6	280	551	615
22	13	9	281	674	754
22	13	0	282	823	885
22	9	1	283	933	1020
22	2	13	284	1087	1168
22	1	5	285	1202	1234
22	6	6	286	1291	1357
22	14	12	287	1360	1401
22	11	1	288	1404	1420
23	13	8	289	0	19
23	4	7	290	80	128
23	3	7	291	128	180
23	12	7	292	180	207
23	5	2	293	362	440
23	10	8	294	456	468
23	3	2	295	483	571
23	14	3	296	682	760
23	9	8	297	800	846
23	10	0	298	948	1038
23	6	10	299	1055	1069
23	13	12	300	1085	1163
23	1	5	301	1290	1320
23	9	8	302	1379	1409
23	9	8	303	1409	1446
24	6	2	304	0	85
24	12	8	305	109	160
24	2	14	306	347	419
24	3	6	307	419	483
24	8	10	308	529	544
24	5	10	309	544	564
24	1	5	310	564	593
24	12	4	311	653	716
24	5	6	312	778	797
24	8	5	313	797	852
24	14	14	314	879	959
24	7	3	315	1043	1131
24	0	4	316	1202	1249
24	7	14	317	1302	1375
24	1	14	318	1406	1425
25	10	1	319	0	69
25	0	1	320	122	155
25	12	7	321	207	268
25	7	13	322	282	302
25	1	5	323	322	346
25	14	3	324	389	407
25	6	13	325	413	450
25	14	3	326	499	549
25	11	11	327	662	739
25	12	7	328	845	929
25	12	7	329	1015	1088
25	0	0	330	1088	1135
25	3	7	331	1155	1223
25	5	11	332	1302	1368
26	4	7	333	19	80
26	10	10	334	118	163
26	0	9	335	248	277
26	12	8	336	277	320
26	10	8	337	374	421
26	8	11	338	544	586
26	8	11	339	586	598
26	14	3	340	622	682
26	13	11	341	791	816
26	6	10	342	897	977
26	0	13	343	1041	1087
26	5	9	344	1139	1219
26	0	0	345	1272	1363
27	7	3	346	55	134
27	3	6	347	180	257
27	14	3	348	326	389
27	8	10	349	389	440
27	2	5	350	620	709
27	11	2	351	739	748
27	0	9	352	754	829
27	14	14	353	959	977
27	4	8	354	985	1003
27	2	8	355	1014	1038
27	14	14	356	1120	1205
27	0	4	357	1249	1272
27	2	13	358	1272	1347
28	7	14	359	0	55
28	5	14	360	55	69
28	6	10	361	169	238
28	4	4	362	286	372
28	4	7	363	436	448
28	0	0	364	485	502
28	11	0	365	502	549
28	4	7	366	557	650
28	13	11	367	754	791
28	3	8	368	846	872
28	4	8	369	895	985
28	1	5	370	1096	1186
28	1	5	371	1234	1259
28	12	6	372	1359	1426
29	1	11	373	86	150
29	2	2	374	186	268
29	8	1	375	440	529
29	6	9	376	551	639
29	13	9	377	639	674
29	4	10	378	727	796
29	9	11	379	856	888
29	9	12	380	888	926
29	7	3	381	1131	1194
29	6	9	382	1223	1291
29	9	8	383	1371	1379
29	13	11	384	1398	1440


Solution History:
