This is the output of Heuristic Solver for Dual resource constrained flexible job shop Scheduling Problem.
Input file is: wfjsp9_8.txt
Method: FaF
Seed: 4
Number of Jobs: 15
Number of Operations: 133
Number of Machines: 5
Number of Operators: 5
CPU Time: 11.3315
obj: 1412
Best found lower bound:0
Solver gap (best found lower bound and upper bound difference): Not known


Final Solution:
Job	Machine	Operator	Operation	Start Time	Finish Time
0	0	0	0	0	27
0	4	1	1	80	137
0	3	1	2	138	169
0	2	3	3	662	726
0	3	1	4	726	799
0	1	4	5	963	1017
0	1	1	6	1051	1112
0	1	1	7	1187	1198
1	1	4	8	0	47
1	1	4	9	172	223
1	0	0	10	501	531
1	1	4	11	552	649
1	4	2	12	732	741
1	3	2	13	866	954
1	4	4	14	1019	1041
1	2	3	15	1066	1127
2	2	3	16	22	91
2	2	3	17	91	119
2	2	3	18	275	335
2	2	3	19	495	543
2	2	3	20	543	589
2	4	2	21	741	783
2	1	4	22	817	868
2	0	0	23	946	1005
2	3	2	24	1071	1134
2	0	0	25	1318	1407
3	0	0	26	27	101
3	2	3	27	119	186
3	4	2	28	370	440
3	3	1	29	493	569
3	1	0	30	695	756
3	1	0	31	756	816
3	1	4	32	909	963
3	1	1	33	1019	1051
3	3	2	34	1134	1224
3	2	3	35	1267	1354
4	4	1	36	0	25
4	1	4	37	145	172
4	1	4	38	271	345
4	2	3	39	589	599
4	2	3	40	726	792
4	4	1	41	799	825
4	0	0	42	937	946
4	4	1	43	971	1019
4	2	3	44	1191	1234
4	4	1	45	1304	1354
5	2	3	46	186	275
5	4	2	47	440	481
5	4	2	48	481	528
5	4	1	49	825	881
5	1	1	50	1112	1187
5	3	2	51	1252	1265
5	4	1	52	1288	1304
5	1	4	53	1357	1402
6	4	1	54	25	80
6	3	2	55	121	138
6	0	0	56	299	373
6	1	4	57	420	473
6	2	3	58	599	662
6	1	4	59	868	909
6	0	0	60	1005	1086
6	3	2	61	1265	1325
6	1	4	62	1333	1357
7	2	3	63	0	22
7	3	1	64	293	341
7	1	4	65	345	420
7	3	1	66	420	435
7	0	0	67	563	582
7	1	4	68	649	695
7	3	2	69	954	1009
7	0	0	70	1221	1277
7	1	4	71	1316	1333
8	3	1	72	169	238
8	0	0	73	249	299
8	0	0	74	531	563
8	4	2	75	563	590
8	0	0	76	660	682
8	0	4	77	756	817
8	0	0	78	1086	1133
8	3	2	79	1224	1252
9	3	2	80	0	74
9	0	0	81	173	195
9	4	2	82	275	340
9	3	1	83	435	493
9	0	0	84	582	660
9	4	1	85	881	971
9	2	3	86	1023	1066
9	4	4	87	1115	1194
9	4	1	88	1354	1408
10	0	0	89	101	173
10	3	1	90	238	293
10	2	3	91	335	409
10	1	4	92	473	552
10	3	1	93	639	699
10	4	2	94	711	732
10	3	2	95	799	866
10	0	0	96	879	937
10	4	1	97	1198	1288
10	2	3	98	1354	1411
11	4	2	99	209	275
11	3	1	100	341	399
11	2	3	101	409	495
11	4	2	102	590	711
11	0	0	103	817	879
11	0	0	104	1133	1221
11	0	0	105	1277	1301
11	0	0	106	1301	1318
12	4	2	107	138	209
12	4	2	108	340	370
12	3	1	109	399	419
12	3	1	110	569	627
12	2	3	111	792	856
12	2	3	112	915	956
12	3	2	113	1009	1071
12	1	4	114	1263	1316
13	1	4	115	47	145
13	1	4	116	223	271
13	0	0	117	373	452
13	3	1	118	627	639
13	0	4	119	695	756
13	4	2	120	783	798
13	2	3	121	956	1023
13	4	4	122	1041	1115
13	2	3	123	1234	1267
13	3	2	124	1325	1412
14	3	2	125	74	121
14	0	0	126	195	249
14	0	0	127	452	501
14	4	2	128	528	549
14	3	1	129	699	726
14	2	3	130	856	915
14	2	3	131	1127	1191
14	1	4	132	1198	1263


Solution History:
