This is the output of Heuristic Solver for Dual resource constrained flexible job shop Scheduling Problem.
Input file is: wfjsp16_3.txt
Method: FaF
Seed: 2
Number of Jobs: 40
Number of Operations: 307
Number of Machines: 15
Number of Operators: 15
CPU Time: 17.1699
obj: 1111
Best found lower bound:0
Solver gap (best found lower bound and upper bound difference): Not known


Final Solution:
Job	Machine	Operator	Operation	Start Time	Finish Time
0	0	8	0	0	72
0	9	6	1	90	102
0	11	6	2	102	116
0	11	4	3	284	383
0	1	8	4	400	484
0	1	8	5	595	666
0	6	11	6	786	867
0	0	10	7	886	922
0	8	10	8	1011	1107
1	10	5	9	0	12
1	7	5	10	43	107
1	12	11	11	278	373
1	3	11	12	387	404
1	14	9	13	580	674
1	7	12	14	763	846
1	5	14	15	885	913
1	3	8	16	992	1048
2	12	4	17	0	14
2	2	0	18	31	107
2	7	13	19	115	128
2	12	4	20	194	220
2	3	12	21	276	329
2	7	13	22	360	459
2	2	3	23	625	693
2	7	12	24	735	763
2	5	14	25	781	853
2	6	9	26	947	1040
3	1	11	27	0	9
3	10	5	28	12	43
3	1	8	29	229	331
3	4	2	30	366	405
3	4	14	31	519	547
3	14	9	32	674	736
3	10	2	33	769	830
3	2	1	34	983	1049
4	3	12	35	37	138
4	14	7	36	285	387
4	4	2	37	405	422
4	3	3	38	510	538
4	7	3	39	538	620
4	9	10	40	710	723
4	10	2	41	746	769
4	3	13	42	829	884
4	6	9	43	911	947
4	2	1	44	1049	1104
5	13	7	45	98	192
5	4	3	46	217	291
5	4	1	47	433	517
5	13	11	48	517	532
5	1	8	49	580	595
5	3	10	50	651	709
5	3	8	51	752	817
5	5	14	52	929	963
5	8	5	53	988	1009
5	12	3	54	1013	1077
6	8	14	55	0	25
6	8	14	56	25	53
6	5	14	57	177	265
6	5	3	58	329	408
6	0	0	59	410	501
6	11	2	60	637	741
6	3	8	61	743	752
6	1	8	62	817	874
6	12	11	63	874	967
7	13	7	64	14	54
7	4	13	65	87	115
7	1	8	66	331	388
7	8	5	67	478	525
7	1	8	68	666	743
7	7	12	69	846	855
7	9	0	70	873	964
8	6	5	71	107	165
8	5	14	72	295	324
8	8	5	73	547	617
8	8	13	74	703	732
8	14	9	75	839	895
8	11	6	76	972	982
9	2	13	77	0	31
9	14	10	78	47	56
9	14	7	79	214	285
9	5	12	80	519	612
9	4	6	81	801	855
9	6	9	82	895	911
9	1	8	83	933	967
9	10	5	84	1082	1094
10	0	8	85	72	144
10	10	1	86	309	350
10	11	4	87	383	419
10	8	5	88	525	547
10	2	13	89	594	625
10	7	7	90	681	735
10	12	4	91	808	856
10	7	12	92	970	998
10	7	12	93	1062	1090
11	12	13	94	35	74
11	5	14	95	84	177
11	8	10	96	184	228
11	2	6	97	248	325
11	6	9	98	434	516
11	12	4	99	586	682
11	2	1	100	693	744
11	11	1	101	790	825
11	13	7	102	825	922
11	10	5	103	1013	1082
12	5	9	104	0	37
12	11	10	105	37	46
12	9	1	106	102	168
12	11	1	107	172	213
12	2	6	108	355	428
12	14	4	109	456	553
12	10	1	110	586	681
12	7	12	111	855	945
12	7	12	112	1014	1062
12	4	6	113	1075	1108
13	5	4	114	37	61
13	9	0	115	214	257
13	0	0	116	301	340
13	1	8	117	388	400
13	0	0	118	501	585
13	11	1	119	825	908
14	4	6	120	0	16
14	1	5	121	165	229
14	13	2	122	278	318
14	2	4	123	428	456
14	3	7	124	538	611
14	0	10	125	802	858
14	13	5	126	922	986
15	6	9	127	44	105
15	8	10	128	263	352
15	1	8	129	484	580
15	0	0	130	585	611
15	10	5	131	830	893
15	10	2	132	893	916
15	0	11	133	1042	1106
16	1	11	134	9	59
16	4	6	135	59	87
16	6	11	136	165	248
16	7	13	137	302	360
16	5	12	138	471	509
16	4	14	139	547	598
16	9	14	140	649	710
16	9	0	141	802	829
16	4	6	142	880	909
16	10	3	143	916	1013
17	7	13	144	128	204
17	12	11	145	373	386
17	9	14	146	398	421
17	2	13	147	520	594
17	12	4	148	731	786
17	11	6	149	909	972
18	13	7	150	54	98
18	9	6	151	172	214
18	2	6	152	214	248
18	0	0	153	340	410
18	9	10	154	604	649
18	11	1	155	744	780
18	8	2	156	830	871
18	7	12	157	945	970
18	11	6	158	1029	1074
19	6	1	159	0	44
19	9	1	160	44	90
19	11	4	161	220	284
19	14	7	162	387	455
19	12	1	163	517	586
19	6	2	164	586	637
19	2	3	165	771	837
19	4	7	166	922	1003
19	0	11	167	1011	1042
20	0	8	168	144	227
20	8	5	169	403	428
20	7	7	170	459	519
20	3	12	171	612	651
20	11	1	172	780	790
20	2	1	173	911	983
21	8	10	174	56	139
21	13	2	175	209	278
21	6	9	176	365	434
21	13	11	177	532	620
21	14	9	178	736	839
21	0	10	179	922	1011
21	3	8	180	1048	1082
22	12	4	181	14	35
22	11	6	182	116	172
22	6	9	183	248	315
22	12	11	184	446	516
22	6	11	185	637	735
22	8	2	186	922	988
22	13	2	187	1049	1075
22	3	8	188	1082	1104
23	14	9	189	117	214
23	8	5	190	229	258
23	2	6	191	325	355
23	13	11	192	404	435
23	4	6	193	649	732
23	2	3	194	837	911
23	14	4	195	1055	1100
24	14	3	196	56	117
24	12	4	197	123	131
24	10	1	198	350	433
24	12	11	199	435	446
24	11	6	200	574	633
24	6	11	201	735	786
24	0	0	202	788	802
24	14	4	203	906	978
25	12	4	204	131	194
25	8	5	205	428	478
25	13	5	206	620	685
25	14	4	207	895	906
25	14	4	208	978	1055
26	5	14	209	61	84
26	0	0	210	263	301
26	6	9	211	516	574
26	1	8	212	967	992
26	7	12	213	998	1014
27	3	12	214	138	237
27	4	3	215	291	329
27	9	14	216	421	508
27	4	6	217	732	801
27	5	14	218	913	929
27	9	0	219	964	1040
28	13	7	220	0	14
28	7	13	221	204	302
28	3	12	222	329	387
28	3	3	223	474	510
28	7	7	224	519	528
28	13	7	225	735	824
28	1	8	226	874	902
28	13	2	227	1021	1049
28	12	3	228	1077	1104
29	1	11	229	59	96
29	0	10	230	228	263
29	3	3	231	408	474
29	12	4	232	682	731
29	0	10	233	858	886
29	9	0	234	1040	1084
30	3	10	235	0	37
30	10	1	236	213	309
30	9	14	237	328	398
30	8	13	238	625	703
30	2	3	239	744	771
30	12	4	240	786	808
30	5	14	241	853	885
30	11	6	242	982	1029
30	1	13	243	1032	1068
31	2	0	244	107	180
31	11	10	245	419	508
31	7	7	246	649	681
31	6	2	247	871	892
31	8	5	248	893	922
31	11	14	249	1077	1111
32	10	2	250	43	104
32	13	7	251	192	201
32	5	14	252	265	295
32	10	2	253	500	577
32	1	5	254	746	813
32	1	8	255	902	933
32	13	7	256	1075	1103
33	4	6	257	16	57
33	12	11	258	248	278
33	5	12	259	408	471
33	14	4	260	553	580
33	0	0	261	710	788
33	5	14	262	1033	1077
34	4	3	263	117	217
34	4	2	264	329	366
34	2	13	265	459	520
34	0	0	266	611	710
34	12	11	267	967	1011
35	7	12	268	0	36
35	8	10	269	139	184
35	6	9	270	315	365
35	13	6	271	435	503
35	5	12	272	651	705
35	9	10	273	775	802
35	4	6	274	855	880
35	3	13	275	956	992
35	1	13	276	992	1032
36	9	0	277	0	28
36	9	5	278	258	328
36	11	6	279	508	574
36	9	10	280	723	775
36	3	13	281	884	956
37	14	3	282	0	47
37	10	2	283	104	209
37	8	10	284	352	403
37	9	10	285	508	604
37	4	7	286	611	649
37	10	5	287	685	746
37	9	0	288	829	873
37	5	14	289	963	1033
37	1	13	290	1068	1109
38	12	4	291	74	123
38	2	0	292	180	204
38	13	5	293	328	396
38	5	14	294	612	648
38	5	14	295	710	781
38	4	7	296	1003	1075
38	7	12	297	1090	1101
39	11	2	298	0	21
39	1	11	299	96	163
39	3	12	300	237	276
39	10	2	301	433	500
39	5	14	302	509	519
39	13	3	303	693	720
39	8	13	304	732	829
39	13	2	305	988	1021
39	6	9	306	1040	1106


Solution History:
