This is the output of Heuristic Solver for Dual resource constrained flexible job shop Scheduling Problem.
Input file is: wfjsp24_3.txt
Method: FaF
Seed: 5
Number of Jobs: 40
Number of Operations: 307
Number of Machines: 15
Number of Operators: 12
CPU Time: 35.2165
obj: 1326
Best found lower bound:0
Solver gap (best found lower bound and upper bound difference): Not known


Final Solution:
Job	Machine	Operator	Operation	Start Time	Finish Time
0	9	5	0	0	65
0	7	9	1	115	129
0	5	9	2	266	281
0	11	7	3	417	502
0	8	8	4	518	589
0	13	6	5	713	785
0	0	11	6	859	933
0	0	5	7	1005	1040
0	4	2	8	1178	1282
1	10	4	9	0	12
1	7	7	10	41	99
1	8	8	11	299	384
1	3	0	12	405	425
1	1	0	13	662	757
1	11	0	14	962	1059
1	5	8	15	1094	1125
1	3	6	16	1221	1283
2	12	3	17	49	65
2	3	3	18	65	130
2	1	3	19	197	210
2	12	1	20	304	331
2	4	5	21	393	441
2	7	5	22	492	598
2	10	9	23	637	700
2	7	7	24	700	727
2	5	11	25	1015	1087
2	0	11	26	1162	1256
3	1	7	27	0	9
3	14	4	28	12	42
3	7	9	29	129	223
3	14	4	30	439	476
3	4	8	31	640	671
3	14	1	32	813	879
3	14	9	33	949	1014
3	4	2	34	1115	1178
4	1	10	35	20	115
4	7	11	36	323	413
4	11	0	37	559	576
4	3	0	38	576	604
4	3	3	39	764	833
4	8	8	40	850	864
4	4	2	41	893	916
4	3	8	42	985	1040
4	12	3	43	1133	1166
4	10	1	44	1230	1278
5	13	3	45	248	346
5	1	6	46	374	451
5	4	6	47	526	611
5	4	6	48	611	627
5	1	6	49	627	643
5	12	3	50	836	886
5	3	6	51	888	954
5	14	9	52	1014	1047
5	10	1	53	1209	1230
5	11	8	54	1267	1321
6	13	9	55	35	61
6	8	5	56	65	92
6	5	8	57	186	265
6	5	0	58	281	360
6	0	11	59	505	594
6	11	7	60	823	917
6	3	1	61	965	976
6	6	8	62	1040	1094
6	2	7	63	1102	1189
7	13	0	64	61	100
7	4	2	65	100	127
7	8	3	66	406	465
7	1	7	67	572	610
7	12	3	68	988	1081
7	0	11	69	1087	1097
7	1	0	70	1116	1211
8	5	10	71	115	174
8	14	9	72	347	376
8	6	2	73	561	640
8	13	7	74	917	944
8	13	5	75	954	1005
8	10	4	76	1057	1066
9	11	1	77	37	65
9	2	1	78	73	87
9	14	9	79	281	347
9	5	9	80	413	495
9	1	5	81	882	931
9	6	2	82	1094	1112
9	13	5	83	1125	1153
9	12	8	84	1212	1223
10	11	6	85	75	155
10	10	11	86	287	323
10	11	1	87	502	539
10	11	0	88	640	662
10	2	10	89	686	717
10	9	9	90	901	949
10	12	3	91	1081	1133
10	3	6	92	1165	1191
10	2	10	93	1272	1302
11	12	1	94	0	37
11	12	5	95	149	231
11	14	9	96	231	266
11	2	4	97	280	363
11	6	3	98	465	561
11	8	3	99	616	688
11	2	2	100	809	860
11	11	2	101	924	956
11	13	7	102	1005	1102
11	14	5	103	1157	1221
12	5	9	104	0	35
12	2	2	105	59	73
12	8	10	106	174	241
12	1	0	107	241	277
12	4	8	108	451	518
12	14	1	109	539	649
12	10	9	110	700	786
12	7	1	111	976	1075
12	7	1	112	1075	1129
12	13	9	113	1283	1313
13	5	11	114	36	59
13	9	10	115	293	338
13	14	1	116	390	427
13	6	4	117	429	439
13	6	2	118	640	714
13	12	1	119	886	965
14	4	8	120	0	16
14	2	2	121	205	266
14	12	10	122	351	399
14	2	2	123	447	479
14	11	1	124	662	728
14	0	3	125	934	988
14	0	11	126	1097	1162
15	6	4	127	70	125
15	0	2	128	266	347
15	1	10	129	483	572
15	4	4	130	771	799
15	4	2	131	956	1018
15	10	4	132	1034	1057
15	11	5	133	1065	1125
16	0	2	134	0	37
16	5	2	135	73	99
16	11	7	136	253	317
16	12	3	137	561	616
16	2	7	138	616	649
16	4	8	139	671	715
16	14	3	140	886	934
16	9	2	141	1039	1065
16	4	4	142	1083	1115
16	10	9	143	1115	1208
17	11	7	144	187	253
17	12	10	145	338	351
17	9	2	146	351	375
17	12	3	147	690	764
17	8	8	148	792	850
17	2	10	149	973	1034
18	13	0	150	100	143
18	3	8	151	265	299
18	6	7	152	317	346
18	2	4	153	363	429
18	5	7	154	649	699
18	10	8	155	864	899
18	10	4	156	926	959
18	9	2	157	1065	1089
18	8	2	158	1282	1326
19	6	0	159	0	44
19	9	1	160	87	124
19	7	6	161	237	299
19	10	10	162	399	483
19	9	10	163	623	686
19	0	2	164	714	751
19	2	4	165	860	926
19	6	4	166	1164	1252
19	14	5	167	1283	1310
20	0	2	168	127	205
20	5	8	169	384	409
20	7	11	170	598	663
20	1	5	171	771	807
20	6	5	172	807	819
20	2	7	173	1189	1262
21	13	6	174	155	237
21	4	5	175	330	393
21	12	4	176	616	690
21	14	11	177	690	762
21	1	6	178	954	1058
21	8	10	179	1060	1132
21	3	6	180	1283	1318
22	2	10	181	0	20
22	6	4	182	125	179
22	6	4	183	179	245
22	12	6	184	451	526
22	2	10	185	717	809
22	8	10	186	1132	1187
22	13	0	187	1248	1274
22	2	7	188	1302	1318
23	2	7	189	99	187
23	11	1	190	331	363
23	10	1	191	363	390
23	9	4	192	476	512
23	4	10	193	809	887
23	7	10	194	887	968
23	14	9	195	1242	1283
24	0	11	196	59	120
24	12	1	197	124	133
24	6	7	198	346	417
24	12	8	199	440	451
24	11	0	200	757	823
24	6	0	201	823	880
24	5	11	202	1006	1015
24	14	9	203	1047	1115
25	12	1	204	231	304
25	0	3	205	347	406
25	8	4	206	690	767
25	10	2	207	916	924
25	5	11	208	933	1006
26	14	4	209	42	70
26	0	11	210	413	459
26	13	5	211	656	711
26	2	7	212	944	973
26	1	0	213	1211	1229
27	3	0	214	143	240
27	3	6	215	299	336
27	9	1	216	736	813
27	6	0	217	880	962
27	11	8	218	1125	1142
27	9	8	219	1142	1212
28	13	3	220	0	15
28	4	5	221	231	330
28	7	5	222	441	492
28	3	0	223	604	640
28	2	1	224	649	659
28	13	6	225	785	888
28	14	1	226	1129	1157
28	9	9	227	1212	1242
28	9	5	228	1248	1276
29	1	3	229	130	171
29	0	3	230	210	248
29	10	10	231	572	623
29	12	9	232	786	836
29	6	7	233	973	1002
29	9	1	234	1278	1322
30	11	6	235	0	34
30	10	11	236	193	287
30	13	7	237	502	569
30	9	4	238	959	1034
30	2	5	239	1040	1065
30	0	4	240	1066	1083
30	8	10	241	1187	1217
30	11	8	242	1223	1267
30	7	7	243	1267	1294
31	4	11	244	127	193
31	3	0	245	425	518
31	14	7	246	777	811
31	6	2	247	1018	1039
31	1	0	248	1087	1116
31	5	3	249	1239	1277
32	10	8	250	16	85
32	13	9	251	376	385
32	13	9	252	385	413
32	6	8	253	715	792
32	1	5	254	819	882
32	3	6	255	1191	1221
32	13	5	256	1221	1248
33	4	6	257	34	75
33	9	4	258	245	280
33	11	8	259	589	640
33	9	5	260	711	736
33	9	9	261	836	901
33	0	11	262	1256	1289
34	9	1	263	133	224
34	12	8	264	409	440
34	2	2	265	479	539
34	0	11	266	762	859
34	12	1	267	1166	1209
35	7	11	268	0	36
35	8	10	269	241	293
35	11	0	270	363	405
35	3	6	271	643	713
35	5	2	272	751	804
35	4	5	273	931	954
35	4	10	274	1034	1060
35	3	6	275	1129	1165
35	10	0	276	1278	1322
36	8	7	277	9	41
36	9	2	278	375	447
36	10	9	279	495	567
36	7	7	280	727	777
36	3	6	281	1058	1129
37	3	3	282	15	49
37	10	8	283	85	186
37	0	11	284	459	505
37	9	4	285	512	612
37	4	5	286	736	771
37	10	4	287	799	860
37	6	4	288	1115	1164
37	5	3	289	1166	1239
37	5	3	290	1277	1326
38	12	9	291	65	115
38	1	3	292	171	197
38	13	1	293	427	502
38	5	0	294	518	559
38	5	9	295	567	637
38	8	10	296	1217	1272
38	13	5	297	1313	1323
39	2	2	298	37	59
39	8	5	299	92	149
39	3	6	300	336	374
39	13	5	301	598	656
39	7	11	302	663	672
39	8	2	303	864	893
39	8	8	304	899	985
39	1	0	305	1059	1087
39	6	4	306	1252	1312


Solution History:
