This is the output of Heuristic Solver for Dual resource constrained flexible job shop Scheduling Problem.
Input file is: wfjsp14_6.txt
Method: FaF
Seed: 5
Number of Jobs: 30
Number of Operations: 238
Number of Machines: 15
Number of Operators: 15
CPU Time: 21.6948
obj: 944
Best found lower bound:0
Solver gap (best found lower bound and upper bound difference): Not known


Final Solution:
Job	Machine	Operator	Operation	Start Time	Finish Time
0	4	5	0	77	155
0	4	5	1	155	193
0	12	4	2	202	268
0	3	7	3	291	330
0	2	5	4	416	507
0	8	1	5	509	600
0	1	5	6	733	762
0	1	0	7	764	792
0	10	13	8	812	896
1	1	12	9	18	30
1	3	9	10	32	127
1	2	8	11	192	271
1	2	1	12	383	416
1	3	11	13	446	481
1	6	13	14	487	550
1	5	0	15	627	712
1	4	10	16	873	944
2	8	1	17	43	127
2	3	9	18	127	154
2	6	1	19	215	260
2	5	3	20	386	439
2	0	14	21	478	519
2	3	7	22	522	606
2	11	8	23	659	731
2	14	3	24	794	850
3	2	10	25	0	36
3	12	11	26	36	67
3	0	11	27	67	78
3	3	9	28	154	215
3	13	6	29	251	335
3	9	2	30	423	471
3	4	10	31	570	582
3	9	4	32	656	743
3	11	8	33	743	815
3	8	9	34	855	891
4	13	14	35	0	80
4	9	7	36	111	148
4	10	12	37	199	226
4	10	5	38	321	412
4	3	11	39	481	517
4	13	9	40	604	667
4	10	13	41	768	812
4	6	0	42	870	936
5	13	11	43	80	165
5	3	4	44	333	428
5	4	14	45	522	570
5	10	13	46	647	730
5	1	0	47	792	827
5	4	7	48	827	873
5	3	1	49	928	943
6	9	7	50	20	111
6	11	10	51	111	140
6	14	12	52	167	176
6	3	9	53	215	267
6	12	11	54	339	429
6	1	2	55	576	588
6	0	3	56	591	672
6	1	5	57	672	733
6	7	12	58	820	885
6	1	2	59	888	933
7	9	2	60	148	237
7	13	6	61	237	251
7	11	9	62	291	376
7	7	8	63	532	590
7	3	1	64	606	627
7	0	3	65	672	699
7	6	1	66	755	840
8	4	5	67	0	38
8	14	10	68	265	356
8	14	10	69	460	517
8	9	11	70	582	598
8	0	6	71	699	735
8	0	14	72	903	943
9	0	14	73	80	168
9	0	2	74	239	279
9	1	13	75	304	347
9	6	1	76	427	436
9	0	14	77	455	478
9	9	2	78	488	576
9	7	12	79	717	820
9	5	5	80	842	854
10	12	9	81	0	23
10	3	11	82	23	32
10	2	8	83	271	363
10	2	8	84	363	383
10	7	12	85	419	508
10	10	13	86	550	647
10	5	0	87	712	764
10	1	0	88	827	852
10	10	12	89	910	940
11	5	3	90	178	262
11	8	1	91	363	381
11	3	11	92	429	446
11	0	11	93	519	560
11	4	14	94	707	756
11	14	6	95	901	944
12	14	3	96	80	167
12	4	7	97	338	432
12	6	1	98	436	463
12	5	0	99	463	541
12	2	2	100	627	681
12	7	12	101	707	717
12	10	13	102	730	768
12	4	14	103	768	815
12	10	12	104	896	910
12	5	13	105	910	941
13	9	11	106	0	20
13	11	8	107	52	90
13	8	1	108	260	363
13	8	9	109	381	415
13	10	5	110	509	537
13	7	14	111	624	707
13	5	5	112	764	790
13	5	5	113	790	842
14	2	10	114	36	106
14	10	12	115	226	321
14	2	3	116	507	591
14	1	2	117	591	627
14	4	4	118	627	643
14	13	10	119	667	680
14	9	4	120	784	805
14	13	6	121	810	899
15	14	12	122	0	14
15	14	3	123	54	80
15	14	10	124	176	265
15	13	6	125	335	406
15	13	6	126	406	451
15	2	2	127	681	767
15	13	9	128	899	941
16	10	0	129	54	64
16	5	13	130	105	178
16	11	13	131	178	194
16	1	13	132	194	245
16	1	0	133	347	399
16	7	12	134	508	524
16	7	14	135	590	624
16	8	11	136	706	773
16	9	11	137	888	941
17	7	3	138	0	53
17	10	0	139	64	124
17	11	5	140	194	283
17	4	7	141	432	522
17	14	12	142	524	613
17	11	10	143	625	659
17	13	10	144	726	784
17	11	5	145	857	941
18	6	6	146	0	61
18	10	12	147	124	158
18	14	10	148	372	460
18	12	11	149	598	663
18	9	4	150	805	888
19	1	13	151	0	18
19	0	4	152	24	65
19	12	4	153	67	150
19	10	7	154	158	199
19	1	13	155	245	304
19	11	8	156	471	532
19	11	5	157	537	625
19	14	3	158	705	794
19	0	14	159	815	903
20	0	4	160	0	24
20	7	2	161	53	134
20	0	11	162	168	239
20	6	0	163	260	340
20	14	10	164	356	372
20	1	0	165	399	459
20	1	6	166	459	549
20	3	7	167	627	713
20	14	3	168	850	901
20	12	8	169	916	944
21	11	8	170	0	52
21	6	6	171	61	88
21	8	0	172	218	259
21	12	4	173	429	510
21	6	6	174	550	626
21	8	11	175	773	855
22	1	12	176	30	121
22	6	1	177	127	215
22	7	14	178	223	280
22	0	14	179	367	455
22	9	2	180	471	488
22	10	1	181	488	509
22	13	9	182	509	604
22	6	1	183	627	712
22	11	8	184	815	857
22	2	7	185	873	934
23	5	0	186	0	11
23	7	6	187	134	221
23	3	9	188	267	291
23	11	8	189	383	471
23	9	4	190	743	784
23	2	2	191	784	869
24	8	1	192	0	43
24	2	8	193	106	192
24	7	4	194	280	333
24	6	13	195	347	427
24	10	13	196	427	487
24	12	9	197	667	761
24	3	10	198	787	840
24	6	0	199	852	870
24	1	2	200	870	888
25	4	5	201	38	77
25	5	3	202	262	350
25	9	8	203	598	656
25	8	11	204	663	706
25	3	7	205	713	787
26	8	0	206	127	218
26	9	11	207	239	272
26	5	3	208	350	386
26	7	12	209	409	419
26	13	3	210	451	483
26	0	11	211	560	582
26	2	10	212	591	625
26	6	1	213	712	755
26	12	8	214	857	916
27	5	13	215	18	105
27	12	4	216	150	202
27	12	11	217	272	339
27	9	2	218	339	383
27	12	4	219	510	594
27	14	12	220	638	705
27	3	1	221	840	928
28	10	2	222	0	53
28	13	14	223	168	223
28	0	14	224	280	367
28	9	2	225	383	423
28	14	12	226	613	638
28	4	6	227	643	699
28	12	9	228	761	850
29	14	0	229	14	54
29	4	7	230	199	288
29	4	2	231	288	338
29	7	12	232	338	409
29	8	9	233	415	485
29	5	0	234	541	627
29	13	10	235	680	726
29	0	6	236	735	810
29	7	4	237	888	935


Solution History:
