This is the output of Heuristic Solver for Dual resource constrained flexible job shop Scheduling Problem.
Input file is: wfjsp10_9.txt
Method: FaF
Seed: 3
Number of Jobs: 20
Number of Operations: 148
Number of Machines: 10
Number of Operators: 10
CPU Time: 20.3869
obj: 824
Best found lower bound:0
Solver gap (best found lower bound and upper bound difference): Not known


Final Solution:
Job	Machine	Operator	Operation	Start Time	Finish Time
0	4	8	0	132	204
0	9	4	1	404	443
0	1	9	2	520	592
0	9	1	3	618	692
0	1	2	4	795	824
1	9	2	5	55	151
1	7	5	6	176	238
1	9	7	7	239	258
1	1	2	8	289	347
1	2	8	9	347	405
1	4	4	10	460	549
1	3	0	11	573	652
1	3	0	12	652	727
2	6	6	13	0	44
2	4	4	14	44	68
2	8	7	15	167	226
2	7	5	16	316	330
2	2	8	17	477	570
2	7	5	18	590	613
2	6	7	19	683	703
2	5	9	20	786	823
3	2	4	21	154	196
3	5	9	22	228	241
3	8	3	23	396	415
3	5	2	24	560	582
3	4	3	25	683	743
3	7	5	26	743	795
4	1	6	27	44	134
4	6	0	28	134	211
4	6	6	29	273	357
4	6	7	30	460	519
4	6	7	31	703	763
5	9	1	32	0	55
5	6	0	33	55	129
5	5	9	34	216	228
5	6	6	35	357	445
5	7	5	36	483	518
5	5	2	37	526	545
5	5	2	38	545	560
5	9	1	39	560	618
6	3	3	40	156	220
6	9	7	41	258	351
6	7	5	42	355	377
6	8	3	43	377	396
6	5	7	44	406	425
6	3	0	45	425	465
6	8	3	46	603	656
6	1	6	47	673	754
6	1	6	48	754	795
6	9	1	49	801	820
7	2	4	50	196	285
7	5	9	51	316	348
7	1	9	52	348	406
7	4	8	53	406	432
7	8	3	54	495	521
7	6	7	55	521	584
7	7	5	56	613	689
7	4	3	57	743	755
7	7	5	58	795	824
8	2	4	59	68	154
8	6	6	60	213	254
8	8	5	61	269	302
8	8	3	62	415	495
8	0	6	63	529	584
8	1	9	64	592	661
8	5	2	65	707	786
8	0	8	66	787	801
9	0	4	67	0	8
9	4	4	68	8	42
9	5	8	69	68	128
9	7	5	70	330	355
9	9	1	71	443	480
10	1	6	72	134	170
10	0	1	73	171	248
10	4	4	74	285	371
10	7	5	75	377	429
10	4	7	76	432	460
10	3	0	77	465	542
10	2	2	78	585	630
10	4	7	79	631	683
10	9	5	80	692	722
10	3	0	81	727	763
11	7	2	82	0	30
11	1	2	83	30	43
11	0	1	84	389	441
11	5	7	85	584	625
11	2	4	86	631	725
12	0	1	87	97	149
12	9	2	88	212	229
12	6	6	89	254	273
12	3	0	90	316	416
12	5	2	91	479	526
12	6	6	92	584	673
13	8	7	93	84	167
13	1	6	94	170	213
13	1	7	95	226	239
13	8	5	96	239	269
13	5	2	97	348	406
13	7	5	98	518	590
13	9	1	99	722	801
14	0	9	100	8	38
14	0	9	101	38	97
14	3	5	102	119	156
14	7	5	103	156	176
14	0	1	104	248	347
14	5	2	105	425	479
14	4	3	106	755	816
15	8	7	107	0	84
15	3	5	108	106	119
15	2	8	109	285	343
15	7	5	110	429	483
15	2	8	111	570	585
15	0	8	112	656	730
15	2	4	113	730	820
16	0	1	114	149	171
16	9	2	115	184	212
16	7	9	116	241	316
16	8	3	117	316	373
16	1	9	118	465	520
16	9	1	119	520	551
16	3	0	120	551	573
16	0	8	121	585	656
16	0	8	122	730	787
17	3	5	123	0	61
17	4	3	124	68	132
17	4	8	125	204	262
17	1	2	126	264	289
17	0	1	127	347	389
17	2	2	128	406	424
17	0	6	129	445	529
17	4	4	130	549	631
17	8	9	131	661	752
17	3	0	132	763	822
18	5	8	133	0	68
18	9	2	134	151	184
18	5	2	135	241	264
18	5	8	136	264	281
18	9	7	137	351	404
18	1	9	138	406	465
18	8	3	139	521	546
18	8	3	140	546	603
18	5	2	141	630	707
19	2	3	142	0	65
19	3	5	143	65	106
19	5	9	144	128	216
19	3	3	145	220	316
19	2	8	146	432	477
19	6	7	147	763	792


Solution History:
