This is the output of Heuristic Solver for Dual resource constrained flexible job shop Scheduling Problem.
Input file is: wfjsp23_3.txt
Method: FaF
Seed: 1
Number of Jobs: 30
Number of Operations: 385
Number of Machines: 15
Number of Operators: 12
CPU Time: 167.229
obj: 1674
Best found lower bound:0
Solver gap (best found lower bound and upper bound difference): Not known


Final Solution:
Job	Machine	Operator	Operation	Start Time	Finish Time
0	10	4	0	34	95
0	11	0	1	95	110
0	9	2	2	167	183
0	11	6	3	350	431
0	13	1	4	471	543
0	4	6	5	571	641
0	1	3	6	778	855
0	3	8	7	873	909
0	13	6	8	1008	1111
0	3	1	9	1122	1138
0	11	5	10	1157	1215
0	3	6	11	1323	1418
0	5	9	12	1490	1507
0	5	10	13	1512	1611
1	3	6	14	0	88
1	12	4	15	132	162
1	12	8	16	341	395
1	7	7	17	404	419
1	5	3	18	489	559
1	4	6	19	641	653
1	13	7	20	681	711
1	1	6	21	730	778
1	0	2	22	829	921
1	10	0	23	1062	1132
1	5	11	24	1245	1273
1	2	10	25	1339	1411
1	14	9	26	1507	1600
2	6	2	27	0	9
2	14	11	28	26	54
2	4	10	29	156	257
2	7	7	30	370	404
2	14	1	31	413	443
2	7	11	32	501	561
2	9	5	33	585	644
2	3	3	34	712	774
2	9	10	35	873	970
2	7	6	36	1162	1259
2	12	10	37	1326	1339
2	13	1	38	1342	1371
2	9	1	39	1461	1539
2	1	7	40	1563	1577
2	3	3	41	1632	1655
3	13	5	42	0	55
3	7	11	43	82	112
3	14	11	44	203	264
3	1	7	45	419	503
3	1	6	46	653	730
3	12	6	47	866	947
3	6	4	48	951	967
3	12	10	49	1014	1027
3	5	11	50	1190	1245
3	12	4	51	1263	1326
3	12	9	52	1451	1490
3	13	1	53	1567	1588
3	14	10	54	1611	1665
4	10	11	55	0	26
4	5	3	56	27	54
4	12	9	57	178	262
4	8	8	58	275	341
4	1	8	59	507	604
4	13	7	60	711	805
4	14	11	61	843	854
4	8	3	62	855	908
4	14	10	63	1027	1123
4	8	2	64	1167	1210
4	8	10	65	1216	1244
4	11	5	66	1334	1390
4	9	2	67	1410	1458
4	0	7	68	1577	1662
4	14	4	69	1665	1673
5	5	10	70	62	156
5	1	8	71	216	275
5	14	1	72	443	471
5	5	9	73	559	632
5	0	2	74	647	677
5	2	10	75	700	765
5	10	0	76	773	787
5	2	6	77	821	852
5	13	5	78	998	1008
5	10	4	79	1143	1208
5	0	8	80	1219	1292
5	2	6	81	1418	1482
5	2	2	82	1604	1622
5	8	2	83	1622	1660
5	12	8	84	1660	1671
6	6	8	85	19	100
6	5	9	86	263	303
6	0	5	87	320	355
6	14	3	88	363	386
6	12	8	89	395	422
6	13	1	90	543	598
6	3	0	91	661	704
6	12	9	92	803	828
6	12	5	93	839	866
6	10	4	94	919	951
6	7	1	95	990	1073
6	12	9	96	1219	1259
6	1	0	97	1262	1338
6	0	8	98	1428	1510
7	12	1	99	40	116
7	10	4	100	178	229
7	1	6	101	278	316
7	12	6	102	431	533
7	9	5	103	644	713
7	14	4	104	747	781
7	7	8	105	785	795
7	4	8	106	795	862
7	0	11	107	1062	1106
7	0	11	108	1116	1190
7	6	3	109	1352	1449
7	8	2	110	1513	1604
8	0	2	111	32	131
8	10	4	112	291	344
8	14	5	113	556	585
8	1	3	114	615	640
8	4	10	115	655	700
8	6	10	116	765	799
8	12	6	117	992	1003
8	4	5	118	1024	1089
8	1	3	119	1134	1209
8	14	11	120	1420	1434
8	4	4	121	1438	1501
9	7	1	122	0	40
9	7	11	123	54	82
9	12	10	124	262	330
9	5	2	125	397	452
9	12	3	126	656	712
9	0	5	127	747	805
9	5	11	128	887	958
9	2	2	129	1095	1167
9	0	10	130	1190	1216
9	9	5	131	1216	1274
9	4	11	132	1283	1304
9	7	5	133	1462	1527
9	0	5	134	1527	1569
10	0	3	135	0	27
10	13	3	136	216	280
10	7	1	137	298	365
10	9	1	138	365	405
10	2	2	139	452	504
10	8	3	140	559	615
10	4	0	141	704	733
10	4	11	142	748	777
10	10	9	143	953	1046
10	14	1	144	1138	1218
10	7	9	145	1337	1351
10	9	4	146	1351	1379
10	7	5	147	1390	1462
10	4	5	148	1584	1640
11	4	10	149	0	62
11	6	0	150	179	222
11	13	7	151	299	337
11	0	5	152	355	386
11	8	4	153	419	491
11	2	7	154	533	585
11	9	11	155	713	748
11	9	9	156	828	862
11	8	3	157	908	930
11	12	6	158	947	992
11	6	7	159	1066	1111
11	12	8	160	1181	1219
11	7	6	161	1259	1323
11	14	11	162	1434	1504
11	13	3	163	1504	1566
12	2	7	164	0	38
12	1	3	165	54	120
12	14	1	166	120	203
12	14	5	167	386	413
12	4	8	168	422	507
12	8	9	169	535	559
12	7	11	170	627	688
12	14	5	171	713	747
12	11	5	172	829	839
12	11	0	173	839	921
12	6	4	174	967	1049
12	10	1	175	1218	1282
12	14	7	176	1292	1360
12	13	0	177	1382	1460
12	10	0	178	1523	1636
13	11	8	179	132	210
13	9	1	180	210	248
13	14	1	181	276	298
13	10	11	182	396	457
13	6	10	183	483	551
13	13	1	184	806	877
13	1	3	185	930	1029
13	7	7	186	1111	1160
13	9	11	187	1304	1328
13	8	4	188	1328	1345
13	12	4	189	1501	1599
14	11	0	190	0	28
14	13	0	191	66	95
14	4	4	192	95	132
14	3	3	193	280	363
14	10	4	194	501	568
14	7	9	195	703	748
14	2	4	196	857	919
14	0	11	197	1106	1116
14	13	3	198	1209	1293
14	6	0	199	1338	1352
14	10	4	200	1382	1438
14	11	6	201	1586	1644
15	1	2	202	19	32
15	8	7	203	38	111
15	9	11	204	264	335
15	3	3	205	435	489
15	6	2	206	678	757
15	14	10	207	859	868
15	8	2	208	944	1028
15	2	2	209	1210	1236
15	14	10	210	1244	1289
15	6	0	211	1460	1523
15	7	1	212	1539	1567
15	11	5	213	1569	1584
16	13	6	214	95	199
16	3	6	215	242	278
16	13	0	216	342	424
16	11	0	217	555	633
16	14	3	218	640	656
16	5	11	219	777	843
16	1	7	220	899	916
16	5	11	221	958	1062
16	13	9	222	1127	1188
16	1	0	223	1226	1262
16	9	10	224	1289	1298
16	12	8	225	1339	1428
16	7	11	226	1575	1603
16	3	3	227	1604	1632
16	2	5	228	1640	1669
17	0	2	229	131	167
17	6	2	230	236	272
17	5	10	231	330	381
17	2	9	232	402	446
17	0	11	233	688	713
17	5	0	234	733	773
17	5	11	235	854	887
17	3	7	236	973	1066
17	9	5	237	1089	1157
17	5	10	238	1411	1487
17	9	8	239	1550	1579
18	1	8	240	0	19
18	3	8	241	100	132
18	3	6	242	199	242
18	10	11	243	344	372
18	7	10	244	419	483
18	6	4	245	568	678
18	10	4	246	829	857
18	0	2	247	921	944
18	9	10	248	984	1014
18	12	6	249	1127	1162
18	6	4	250	1208	1263
18	5	11	251	1273	1283
18	5	7	252	1360	1388
18	1	8	253	1579	1656
19	6	0	254	110	179
19	5	7	255	181	210
19	7	1	256	248	276
19	11	6	257	316	350
19	1	10	258	381	415
19	9	2	259	504	554
19	13	0	260	633	661
19	10	4	261	678	747
19	4	8	262	909	942
19	5	8	263	1081	1181
19	9	9	264	1188	1216
19	6	5	265	1274	1334
19	1	7	266	1388	1478
19	13	9	267	1616	1674
20	14	5	268	55	86
20	2	2	269	183	236
20	14	9	270	303	346
20	7	11	271	561	627
20	8	9	272	748	803
20	0	5	273	805	829
20	4	5	274	866	890
20	14	9	275	913	953
20	1	3	276	1096	1134
20	14	1	277	1371	1406
20	4	11	278	1504	1575
21	9	9	279	0	65
21	2	9	280	115	178
21	6	4	281	344	409
21	11	0	282	478	516
21	12	10	283	551	655
21	2	6	284	778	821
21	7	1	285	877	990
21	9	4	286	1049	1086
21	3	7	287	1160	1224
21	13	8	288	1293	1339
21	2	6	289	1510	1586
21	6	4	290	1599	1648
22	2	9	291	65	115
22	8	7	292	115	140
22	10	4	293	229	291
22	11	0	294	516	555
22	11	1	295	649	716
22	11	1	296	744	806
22	9	8	297	862	873
22	14	5	298	890	913
22	8	3	299	1029	1096
22	8	4	300	1096	1143
22	3	2	301	1236	1310
22	10	2	302	1458	1468
22	1	7	303	1478	1507
23	7	11	304	112	201
23	7	5	305	201	233
23	6	2	306	272	335
23	5	11	307	381	396
23	3	7	308	503	533
23	0	2	309	556	647
23	9	2	310	757	820
23	12	9	311	1046	1127
23	4	0	312	1132	1226
23	2	9	313	1259	1337
23	11	1	314	1406	1461
23	10	0	315	1636	1664
24	9	5	316	86	139
24	10	4	317	162	178
24	5	0	318	222	263
24	3	3	319	386	435
24	0	5	320	455	556
24	12	8	321	712	785
24	7	7	322	805	867
24	11	0	323	980	1062
24	11	7	324	1224	1292
24	5	3	325	1293	1352
24	0	2	326	1391	1410
24	3	3	327	1449	1498
24	13	9	328	1600	1616
25	4	0	329	263	342
25	8	9	330	346	402
25	13	1	331	598	627
25	3	1	332	627	649
25	11	1	333	716	744
25	1	7	334	867	899
25	0	8	335	944	1027
25	10	0	336	1352	1382
25	8	10	337	1487	1512
25	3	7	338	1512	1563
26	3	7	339	140	181
26	2	5	340	236	320
26	6	0	341	438	478
26	8	8	342	615	708
26	6	10	343	799	859
26	9	10	344	970	984
26	11	1	345	1073	1122
26	2	6	346	1482	1510
26	1	8	347	1510	1550
26	7	11	348	1603	1655
27	11	0	349	28	66
27	8	5	350	140	196
27	1	7	351	337	370
27	10	11	352	457	501
27	14	9	353	502	535
27	5	9	354	632	703
27	14	4	355	781	829
27	11	0	356	921	980
27	6	10	357	1123	1190
27	0	2	358	1310	1391
27	9	1	359	1588	1668
28	12	4	360	0	34
28	1	3	361	120	216
28	2	2	362	335	397
28	4	4	363	409	419
28	0	5	364	419	455
28	2	7	365	585	681
28	10	9	366	862	907
28	13	5	367	913	998
28	14	5	368	1008	1024
28	2	2	369	1028	1095
28	10	1	370	1282	1342
28	8	9	371	1351	1451
28	10	2	372	1468	1513
28	3	3	373	1575	1604
29	11	7	374	210	299
29	6	0	375	424	438
29	9	9	376	446	502
29	4	6	377	533	571
29	10	0	378	787	828
29	3	7	379	916	965
29	2	7	380	965	973
29	1	8	381	1029	1081
29	11	10	382	1298	1324
29	4	11	383	1328	1420
29	3	3	384	1566	1575


Solution History:
