This is the output of Heuristic Solver for Dual resource constrained flexible job shop Scheduling Problem.
Input file is: wfjsp8_6.txt
Method: FaF
Seed: 2
Number of Jobs: 15
Number of Operations: 122
Number of Machines: 5
Number of Operators: 5
CPU Time: 16.8992
obj: 1284
Best found lower bound:0
Solver gap (best found lower bound and upper bound difference): Not known


Final Solution:
Job	Machine	Operator	Operation	Start Time	Finish Time
0	1	4	0	0	62
0	2	2	1	168	208
0	0	1	2	217	279
0	4	0	3	285	327
0	1	2	4	554	642
0	0	3	5	745	830
0	2	2	6	940	969
0	0	4	7	1008	1035
0	3	3	8	1199	1284
1	1	4	9	62	76
1	4	0	10	156	245
1	1	4	11	308	382
1	2	0	12	480	513
1	2	0	13	646	682
1	4	0	14	802	859
1	3	3	15	1016	1099
1	0	1	16	1204	1284
2	2	2	17	0	84
2	2	2	18	105	132
2	3	3	19	267	312
2	1	4	20	382	442
2	3	4	21	593	634
2	4	0	22	859	954
2	4	2	23	969	1040
2	0	1	24	1046	1103
3	4	0	25	25	68
3	1	4	26	76	108
3	4	0	27	147	156
3	3	3	28	173	245
3	4	2	29	458	542
3	4	1	30	566	613
3	2	0	31	682	696
3	2	2	32	859	940
3	2	0	33	998	1079
3	1	4	34	1149	1186
4	1	4	35	232	308
4	0	1	36	374	415
4	4	1	37	542	566
4	4	1	38	613	698
4	1	4	39	708	746
4	3	4	40	779	828
4	3	3	41	971	1016
4	4	2	42	1143	1208
5	3	3	43	0	85
5	2	2	44	343	431
5	2	0	45	431	480
5	0	3	46	660	745
5	3	2	47	745	778
5	2	0	48	1079	1124
5	4	2	49	1208	1220
6	1	4	50	108	203
6	1	4	51	203	232
6	3	3	52	254	267
6	2	2	53	296	343
6	3	3	54	444	531
6	1	2	55	542	554
6	2	0	56	696	776
6	1	1	57	933	999
6	1	4	58	1046	1108
6	2	0	59	1124	1175
7	3	3	60	85	173
7	4	0	61	327	340
7	4	1	62	698	785
7	0	4	63	845	898
7	0	4	64	936	958
7	4	2	65	1040	1066
7	1	4	66	1186	1277
8	0	1	67	90	132
8	1	4	68	442	533
8	1	4	69	642	708
8	3	3	70	871	887
8	4	2	71	1066	1099
8	1	4	72	1108	1149
9	0	1	73	0	90
9	2	2	74	132	168
9	3	3	75	401	444
9	1	4	76	533	541
9	0	3	77	636	660
9	2	2	78	778	859
9	2	0	79	1175	1265
9	2	0	80	1265	1278
10	4	0	81	0	25
10	3	3	82	245	254
10	4	0	83	340	430
10	0	1	84	513	532
10	0	3	85	532	607
10	1	1	86	785	880
10	1	1	87	880	933
10	1	1	88	1022	1046
10	4	2	89	1252	1284
11	0	1	90	132	217
11	3	4	91	541	557
11	4	0	92	785	802
11	3	3	93	830	871
11	0	4	94	958	1008
11	4	2	95	1099	1143
12	2	2	96	208	296
12	3	3	97	312	401
12	4	2	98	431	458
12	2	0	99	513	591
12	2	0	100	591	646
12	3	2	101	646	658
12	0	4	102	898	936
12	3	3	103	1099	1147
12	0	1	104	1188	1204
12	4	2	105	1220	1252
13	2	2	106	84	105
13	4	0	107	245	285
13	0	1	108	415	513
13	3	4	109	557	593
13	0	3	110	607	636
13	3	3	111	887	971
13	2	0	112	971	998
13	3	3	113	1147	1199
14	4	0	114	68	147
14	0	1	115	279	374
14	3	2	116	658	743
14	1	4	117	746	779
14	0	4	118	830	845
14	4	0	119	954	965
14	1	1	120	999	1022
14	0	1	121	1103	1188


Solution History:
