This is the output of Heuristic Solver for Dual resource constrained flexible job shop Scheduling Problem.
Input file is: wfjsp12_2.txt
Method: FaF
Seed: 2
Number of Jobs: 25
Number of Operations: 193
Number of Machines: 10
Number of Operators: 10
CPU Time: 13.102
obj: 1032
Best found lower bound:0
Solver gap (best found lower bound and upper bound difference): Not known


Final Solution:
Job	Machine	Operator	Operation	Start Time	Finish Time
0	4	9	0	178	251
0	2	9	1	473	544
0	0	7	2	619	643
0	8	2	3	894	934
0	4	4	4	940	955
1	5	0	5	0	20
1	8	5	6	115	182
1	5	3	7	201	212
1	1	5	8	215	289
1	0	7	9	580	619
1	9	8	10	633	692
1	0	9	11	692	707
1	8	2	12	754	829
1	0	0	13	909	976
2	7	2	14	0	56
2	3	6	15	61	136
2	1	8	16	136	171
2	3	3	17	238	282
2	3	3	18	380	404
2	3	3	19	404	459
2	3	3	20	536	613
2	6	7	21	643	725
2	0	0	22	844	909
2	6	7	23	937	1013
3	7	2	24	56	123
3	6	7	25	131	150
3	1	0	26	171	182
3	9	1	27	284	377
3	0	7	28	478	499
3	7	5	29	701	774
3	3	5	30	774	865
3	3	5	31	865	881
3	9	4	32	955	1020
4	1	8	33	23	103
4	5	3	34	140	201
4	0	4	35	221	245
4	1	2	36	339	391
4	4	1	37	434	470
4	7	5	38	633	701
4	1	9	39	793	881
4	1	9	40	881	901
4	7	3	41	901	916
4	7	3	42	991	1023
5	4	4	43	0	16
5	9	1	44	84	126
5	7	5	45	462	531
5	9	5	46	531	567
5	2	1	47	699	799
5	3	5	48	881	965
6	6	7	49	67	131
6	3	6	50	153	185
6	0	9	51	275	345
6	6	0	52	422	459
6	6	9	53	544	570
6	2	0	54	612	645
6	3	3	55	711	758
6	6	7	56	819	843
6	5	3	57	916	979
7	5	3	58	81	140
7	3	6	59	140	153
7	3	5	60	185	215
7	1	2	61	290	339
7	0	7	62	499	580
7	3	3	63	613	666
7	5	6	64	733	809
8	2	9	65	31	86
8	7	2	66	201	223
8	5	0	67	278	364
8	5	6	68	406	421
8	4	1	69	470	550
8	8	2	70	616	631
8	9	8	71	692	749
8	8	2	72	829	894
8	4	4	73	894	940
9	5	0	74	20	78
9	6	7	75	150	237
9	4	4	76	324	385
9	2	9	77	418	473
9	1	4	78	483	576
9	4	4	79	645	657
9	0	9	80	707	761
9	4	4	81	824	868
9	1	9	82	901	958
9	8	5	83	1009	1025
10	7	2	84	123	201
10	3	3	85	215	238
10	6	7	86	298	324
10	8	8	87	332	367
10	5	0	88	367	400
10	5	6	89	646	733
10	6	7	90	843	910
11	4	4	91	16	89
11	0	4	92	89	155
11	5	0	93	212	224
11	5	0	94	254	278
11	6	7	95	324	400
11	2	0	96	544	612
11	8	2	97	631	686
11	4	4	98	733	824
11	2	1	99	941	1030
12	8	5	100	57	74
12	9	1	101	126	197
12	9	1	102	197	264
12	2	6	103	349	406
12	9	3	104	459	526
12	4	4	105	657	733
12	0	9	106	761	793
12	0	0	107	793	844
12	4	9	108	958	1032
13	6	7	109	0	67
13	8	8	110	189	247
13	0	9	111	251	275
13	0	7	112	418	463
13	9	5	113	567	633
13	2	1	114	870	941
13	8	2	115	941	955
14	1	5	116	0	13
14	9	1	117	61	84
14	3	5	118	289	380
14	1	4	119	391	483
14	5	6	120	524	556
14	5	6	121	849	914
14	5	0	122	979	1030
15	2	9	123	13	31
15	7	2	124	223	255
15	9	1	125	264	284
15	7	3	126	368	379
15	6	0	127	400	422
15	0	7	128	463	478
15	4	1	129	550	560
15	1	0	130	714	786
15	4	4	131	868	878
16	3	5	132	23	55
16	2	6	133	189	248
16	7	8	134	531	585
16	1	4	135	585	641
16	6	7	136	725	761
16	5	6	137	809	849
16	8	2	138	955	1009
17	2	9	139	86	178
17	6	7	140	237	298
17	5	6	141	421	485
17	2	1	142	645	699
17	9	8	143	749	784
17	1	8	144	958	1024
18	9	6	145	0	27
18	8	5	146	74	115
18	0	4	147	155	221
18	7	2	148	255	290
18	4	1	149	385	434
18	5	6	150	485	524
18	7	8	151	585	632
18	2	1	152	799	870
18	7	6	153	916	991
19	1	5	154	13	23
19	8	8	155	247	332
19	0	9	156	366	418
19	6	9	157	570	643
19	0	9	158	643	678
19	7	3	159	774	838
20	3	8	160	0	21
20	4	0	161	89	157
20	1	0	162	182	208
20	2	6	163	322	349
20	7	2	164	391	462
20	4	1	165	560	645
20	6	7	166	761	819
20	9	8	167	851	924
21	2	9	168	0	13
21	5	0	169	224	254
21	8	8	170	367	447
21	8	8	171	447	527
21	8	2	172	686	754
21	9	8	173	784	851
22	0	3	174	0	81
22	2	8	175	178	189
22	4	4	176	251	324
22	0	9	177	345	366
22	3	2	178	462	536
22	5	6	179	556	646
22	1	0	180	646	714
22	6	7	181	910	937
23	8	1	182	0	57
23	2	6	183	248	322
23	6	0	184	459	540
23	8	2	185	540	616
23	7	3	186	838	899
23	9	8	187	924	953
24	9	6	188	27	61
24	7	3	189	290	368
24	9	5	190	380	447
24	3	3	191	666	711
24	3	5	192	965	1009


Solution History:
