This is the output of Heuristic Solver for Dual resource constrained flexible job shop Scheduling Problem.
Input file is: wfjsp10_2.txt
Method: FaF
Seed: 4
Number of Jobs: 20
Number of Operations: 160
Number of Machines: 10
Number of Operators: 10
CPU Time: 6.46195
obj: 881
Best found lower bound:0
Solver gap (best found lower bound and upper bound difference): Not known


Final Solution:
Job	Machine	Operator	Operation	Start Time	Finish Time
0	4	1	0	112	192
0	4	0	1	392	460
0	4	3	2	662	682
0	9	1	3	682	721
0	2	1	4	838	854
1	4	1	5	16	44
1	8	2	6	131	203
1	5	9	7	203	214
1	5	4	8	214	293
1	8	9	9	387	426
1	6	3	10	426	476
1	5	3	11	476	493
1	1	4	12	529	594
1	1	5	13	740	806
2	1	4	14	0	61
2	9	6	15	65	133
2	0	9	16	293	326
2	8	9	17	344	387
2	0	7	18	387	403
2	9	6	19	413	472
2	4	5	20	473	551
2	7	1	21	585	675
2	5	4	22	675	733
2	0	2	23	743	814
3	3	6	24	0	65
3	5	3	25	77	95
3	0	7	26	192	202
3	1	2	27	203	290
3	9	6	28	290	316
3	1	2	29	394	474
3	2	8	30	503	586
3	8	5	31	718	734
3	3	8	32	814	881
4	5	3	33	0	77
4	8	3	34	203	264
4	6	3	35	264	288
4	1	2	36	326	378
4	6	3	37	378	416
4	7	1	38	479	552
4	6	6	39	607	694
4	3	8	40	780	803
4	2	1	41	824	838
4	1	2	42	838	868
5	4	0	43	0	16
5	6	5	44	115	153
5	0	7	45	202	272
5	7	7	46	272	313
5	5	5	47	375	473
5	3	8	48	683	780
6	7	4	49	61	123
6	3	8	50	138	166
6	9	6	51	198	264
6	1	2	52	290	326
6	7	1	53	326	351
6	6	6	54	575	607
6	0	7	55	632	677
6	1	0	56	721	740
6	8	0	57	740	810
7	4	1	58	44	112
7	1	0	59	115	126
7	0	7	60	164	192
7	4	5	61	192	250
7	8	5	62	264	344
7	9	0	63	595	648
7	7	9	64	675	751
8	2	8	65	17	75
8	5	3	66	95	118
8	3	8	67	232	320
8	2	8	68	320	332
8	3	8	69	332	405
8	2	4	70	487	501
8	2	8	71	586	648
8	6	6	72	694	755
8	7	7	73	755	815
9	0	2	74	18	86
9	2	9	75	86	193
9	6	3	76	288	343
9	2	4	77	343	397
9	2	4	78	397	487
9	1	4	79	594	607
9	1	4	80	607	665
9	6	6	81	755	799
9	9	6	82	799	859
9	8	5	83	859	874
10	5	3	84	118	198
10	2	4	85	297	320
10	4	0	86	320	341
10	5	5	87	344	375
10	3	8	88	405	435
10	3	9	89	503	587
10	4	3	90	755	823
11	0	7	91	86	164
11	3	8	92	166	232
11	2	1	93	286	297
11	5	1	94	297	321
11	7	1	95	351	430
11	3	8	96	435	503
11	6	6	97	513	575
11	8	2	98	575	662
11	5	9	99	795	881
12	2	8	100	0	17
12	6	0	101	48	115
12	9	6	102	133	198
12	7	9	103	214	270
12	0	7	104	490	556
12	0	7	105	556	632
12	4	3	106	632	662
12	8	0	107	662	718
12	2	1	108	721	788
13	9	5	109	0	63
13	1	0	110	126	177
13	8	9	111	426	458
13	1	2	112	474	520
13	4	3	113	551	618
13	0	7	114	677	743
13	3	8	115	803	814
14	7	7	116	0	14
14	1	5	117	63	85
14	2	1	118	193	286
14	0	7	119	403	490
14	7	1	120	552	585
14	3	9	121	587	652
14	4	3	122	823	880
15	0	2	123	0	18
15	1	5	124	85	113
15	6	5	125	153	172
15	4	0	126	250	259
15	0	9	127	272	293
15	1	2	128	378	394
15	1	4	129	520	529
15	4	3	130	682	755
15	7	7	131	815	824
16	7	7	132	24	58
16	3	8	133	75	138
16	4	0	134	341	392
16	8	0	135	460	511
16	9	0	136	511	544
16	5	5	137	551	587
16	1	2	138	665	721
17	8	9	139	0	85
17	4	0	140	259	315
17	9	6	141	348	413
17	5	3	142	493	547
17	3	8	143	652	683
17	5	4	144	733	795
18	6	0	145	16	48
18	8	2	146	86	131
18	6	0	147	177	248
18	9	6	148	316	348
18	7	1	149	430	479
18	6	6	150	479	513
18	8	2	151	520	568
18	5	5	152	587	653
18	0	4	153	814	877
19	7	7	154	14	24
19	7	4	155	123	214
19	9	0	156	544	595
19	2	5	157	653	718
19	2	1	158	788	824
19	7	0	159	824	876


Solution History:
