This is the output of Heuristic Solver for Dual resource constrained flexible job shop Scheduling Problem.
Input file is: wfjsp19_8.txt
Method: FaF
Seed: 2
Number of Jobs: 20
Number of Operations: 197
Number of Machines: 10
Number of Operators: 8
CPU Time: 22.1633
obj: 1270
Best found lower bound:0
Solver gap (best found lower bound and upper bound difference): Not known


Final Solution:
Job	Machine	Operator	Operation	Start Time	Finish Time
0	6	0	0	0	24
0	1	0	1	200	262
0	9	6	2	267	300
0	1	4	3	401	465
0	7	6	4	535	616
0	2	1	5	793	854
0	7	1	6	1132	1199
0	5	5	7	1221	1231
1	9	1	8	300	357
1	6	7	9	370	430
1	6	7	10	491	518
1	9	6	11	709	791
1	1	3	12	863	871
1	3	7	13	1163	1246
1	6	7	14	1246	1268
2	3	0	15	24	82
2	0	4	16	226	296
2	7	3	17	299	327
2	7	1	18	376	437
2	3	7	19	518	561
2	2	1	20	665	711
2	8	4	21	726	767
2	6	2	22	924	982
2	9	2	23	1057	1108
2	1	0	24	1210	1268
3	1	4	25	17	100
3	4	6	26	138	208
3	2	2	27	308	382
3	0	5	28	421	493
3	5	2	29	508	581
3	1	1	30	599	665
3	0	5	31	698	771
3	6	0	32	821	878
3	8	0	33	938	983
3	1	4	34	983	1068
3	3	7	35	1068	1150
3	8	4	36	1184	1211
3	4	5	37	1231	1258
4	5	3	38	0	67
4	6	2	39	241	250
4	9	1	40	467	536
4	2	4	41	629	658
4	5	5	42	688	696
4	9	6	43	791	833
4	4	7	44	952	990
4	9	2	45	1221	1269
5	9	1	46	44	132
5	8	5	47	312	349
5	4	6	48	376	435
5	9	6	49	643	709
5	5	2	50	711	786
5	1	4	51	964	978
5	7	1	52	982	997
5	6	7	53	1026	1068
5	5	3	54	1102	1161
6	1	1	55	0	15
6	2	4	56	100	168
6	9	6	57	208	267
6	3	2	58	445	508
6	5	5	59	592	630
6	1	0	60	737	818
6	0	5	61	836	895
6	7	6	62	950	976
6	6	3	63	1081	1102
6	0	4	64	1140	1184
7	8	5	65	60	134
7	1	2	66	183	200
7	3	3	67	233	255
7	7	3	68	255	299
7	3	3	69	327	375
7	6	7	70	430	491
7	2	1	71	711	727
7	5	5	72	895	964
7	9	2	73	982	1028
7	3	2	74	1028	1057
7	0	1	75	1057	1087
7	5	2	76	1196	1221
8	3	0	77	82	144
8	5	7	78	192	231
8	1	3	79	487	518
8	4	7	80	566	650
8	1	4	81	831	855
8	9	0	82	878	938
8	0	1	83	1199	1262
9	4	2	84	0	78
9	5	2	85	96	183
9	8	5	86	273	312
9	5	4	87	329	401
9	7	6	88	471	535
9	0	0	89	544	616
9	0	4	90	771	831
9	2	1	91	882	952
9	8	0	92	983	1061
9	7	0	93	1061	1121
9	8	0	94	1121	1139
9	6	6	95	1173	1244
10	0	5	96	0	60
10	6	7	97	108	192
10	8	5	98	209	273
10	1	0	99	273	328
10	3	2	100	382	445
10	2	0	101	456	543
10	6	3	102	544	651
10	8	5	103	771	836
10	7	6	104	836	918
10	7	6	105	918	950
10	4	5	106	1038	1056
10	1	4	107	1068	1140
10	6	6	108	1142	1173
10	1	3	109	1191	1210
10	8	4	110	1211	1265
11	7	6	111	66	138
11	2	1	112	257	299
11	0	5	113	349	421
11	5	5	114	630	688
11	4	7	115	736	820
11	2	6	116	976	1020
11	4	5	117	1056	1143
11	8	7	118	1150	1163
12	7	6	119	0	66
12	2	2	120	78	96
12	2	1	121	180	249
12	1	0	122	328	398
12	9	1	123	437	467
12	4	4	124	467	553
12	0	3	125	651	698
12	7	3	126	698	753
12	3	7	127	820	862
12	2	1	128	866	882
12	9	1	129	952	982
12	7	1	130	997	1056
12	4	5	131	1143	1214
13	0	3	132	67	138
13	8	3	133	375	442
13	4	4	134	658	726
13	8	3	135	836	863
13	4	5	136	990	1038
13	5	3	137	1059	1081
13	0	1	138	1087	1132
14	9	1	139	15	44
14	6	7	140	51	108
14	0	3	141	138	157
14	6	2	142	200	241
14	5	2	143	250	308
14	4	7	144	335	370
14	8	3	145	442	487
14	3	2	146	581	648
14	1	0	147	675	737
14	3	3	148	753	820
14	9	1	149	854	866
14	1	3	150	871	964
14	3	5	151	964	990
14	5	3	152	992	1059
14	2	2	153	1142	1196
15	3	7	154	0	15
15	3	3	155	157	233
15	3	0	156	262	272
15	6	6	157	300	343
15	9	1	158	536	599
15	8	0	159	616	675
15	4	7	160	868	952
15	5	3	161	1161	1191
16	2	4	162	0	17
16	7	5	163	138	209
16	4	7	164	231	249
16	4	7	165	249	335
16	7	6	166	343	376
16	2	4	167	566	629
16	9	6	168	629	643
16	3	2	169	648	711
16	2	1	170	727	793
16	6	7	171	990	1026
16	2	6	172	1084	1142
16	9	0	173	1142	1203
17	0	4	174	168	226
17	2	0	175	398	456
17	4	4	176	553	566
17	5	2	177	821	894
17	7	3	178	1210	1270
18	9	0	179	144	199
18	8	5	180	493	592
18	4	4	181	855	868
18	6	2	182	894	924
18	0	4	183	934	962
18	6	2	184	1108	1137
19	8	7	185	15	51
19	1	1	186	132	180
19	2	1	187	249	257
19	0	4	188	296	329
19	7	6	189	437	471
19	0	3	190	518	544
19	6	7	191	651	736
19	6	2	192	786	821
19	8	4	193	868	890
19	8	4	194	890	934
19	5	3	195	964	992
19	2	6	196	1020	1084


Solution History:
