This is the output of Heuristic Solver for Dual resource constrained flexible job shop Scheduling Problem.
Input file is: wfjsp9_4.txt
Method: FaF
Seed: 5
Number of Jobs: 15
Number of Operations: 137
Number of Machines: 5
Number of Operators: 5
CPU Time: 5.10956
obj: 1388
Best found lower bound:0
Solver gap (best found lower bound and upper bound difference): Not known


Final Solution:
Job	Machine	Operator	Operation	Start Time	Finish Time
0	1	2	0	36	110
0	4	2	1	221	284
0	4	0	2	382	456
0	3	0	3	702	766
0	0	1	4	881	984
0	2	1	5	986	1017
0	0	2	6	1123	1166
0	0	1	7	1167	1179
0	4	4	8	1306	1356
1	1	4	9	0	23
1	1	2	10	23	36
1	1	3	11	236	272
1	1	3	12	315	383
1	3	2	13	590	613
1	4	0	14	618	691
1	1	3	15	780	875
1	4	2	16	924	985
1	4	4	17	1184	1231
2	3	0	18	0	33
2	0	1	19	57	72
2	1	2	20	110	159
2	3	2	21	351	432
2	1	3	22	452	463
2	4	0	23	555	618
2	0	1	24	808	881
2	3	0	25	890	901
2	0	2	26	1050	1123
2	3	0	27	1307	1379
3	2	3	28	0	96
3	4	4	29	141	190
3	2	4	30	385	475
3	0	1	31	642	708
3	3	0	32	821	890
3	1	3	33	1040	1083
3	0	1	34	1179	1194
3	2	3	35	1207	1275
3	4	4	36	1356	1384
4	4	2	37	0	23
4	3	0	38	171	235
4	0	1	39	338	388
4	0	1	40	451	514
4	0	1	41	543	574
4	3	2	42	651	702
4	4	4	43	1010	1091
4	2	1	44	1093	1167
4	0	1	45	1194	1257
4	1	2	46	1353	1383
5	0	1	47	0	28
5	4	4	48	76	141
5	3	0	49	308	338
5	2	4	50	550	601
5	1	3	51	875	905
5	1	3	52	905	997
5	3	0	53	1050	1094
5	2	3	54	1275	1289
5	0	1	55	1339	1369
6	3	0	56	235	308
6	1	3	57	383	395
6	4	0	58	484	555
6	4	2	59	776	816
6	4	2	60	861	924
6	3	0	61	1213	1257
6	0	1	62	1257	1287
6	0	1	63	1369	1380
7	0	1	64	28	57
7	0	1	65	208	261
7	0	1	66	388	451
7	3	2	67	499	542
7	2	4	68	601	637
7	2	4	69	637	691
7	2	4	70	873	937
7	1	2	71	1166	1200
7	3	0	72	1257	1307
8	2	4	73	192	268
8	1	3	74	272	315
8	3	0	75	338	348
8	1	3	76	463	534
8	0	1	77	757	808
8	0	4	78	986	1010
8	2	1	79	1017	1093
8	2	3	80	1289	1354
9	4	4	81	23	76
9	2	3	82	135	192
9	3	2	83	467	499
9	1	3	84	534	635
9	3	0	85	766	790
9	3	0	86	790	821
9	0	2	87	1010	1050
9	3	0	88	1094	1166
9	3	0	89	1166	1213
10	3	0	90	94	120
10	1	2	91	159	189
10	2	4	92	302	385
10	1	3	93	395	452
10	2	4	94	751	793
10	4	2	95	816	861
10	3	0	96	901	974
10	1	2	97	1200	1266
10	1	2	98	1310	1353
11	3	0	99	33	45
11	1	3	100	192	236
11	4	0	101	351	382
11	4	0	102	456	484
11	3	2	103	542	590
11	1	3	104	686	706
11	1	3	105	706	780
11	3	0	106	974	1050
12	3	0	107	45	94
12	2	3	108	96	135
12	0	1	109	144	208
12	2	4	110	475	550
12	1	3	111	635	686
12	4	2	112	702	776
12	2	4	113	793	873
12	1	3	114	1083	1093
12	4	4	115	1093	1184
12	0	1	116	1287	1339
13	0	1	117	72	144
13	2	4	118	268	302
13	4	2	119	302	351
13	3	2	120	432	467
13	0	1	121	514	543
13	3	2	122	613	651
13	2	4	123	691	751
13	1	3	124	997	1040
13	1	3	125	1093	1166
13	4	4	126	1231	1306
14	3	0	127	120	171
14	4	2	128	190	221
14	0	1	129	261	338
14	0	1	130	574	642
14	0	1	131	708	757
14	2	4	132	937	986
14	4	2	133	986	1003
14	2	3	134	1167	1207
14	1	2	135	1266	1310
14	2	3	136	1354	1388


Solution History:
