This is the output of Heuristic Solver for Dual resource constrained flexible job shop Scheduling Problem.
Input file is: wfjsp12_10.txt
Method: FaF
Seed: 2
Number of Jobs: 25
Number of Operations: 194
Number of Machines: 10
Number of Operators: 10
CPU Time: 16.7748
obj: 1122
Best found lower bound:0
Solver gap (best found lower bound and upper bound difference): Not known


Final Solution:
Job	Machine	Operator	Operation	Start Time	Finish Time
0	5	4	0	0	72
0	9	0	1	164	254
0	5	2	2	487	558
0	2	3	3	628	714
0	4	3	4	715	776
0	8	8	5	881	908
0	9	0	6	921	956
0	2	2	7	1057	1108
1	6	1	8	0	88
1	7	7	9	252	278
1	8	8	10	390	422
1	3	8	11	448	480
1	9	4	12	548	633
1	0	1	13	688	770
1	2	7	14	779	841
1	7	2	15	887	975
2	2	2	16	117	199
2	5	5	17	254	267
2	4	9	18	384	392
2	2	3	19	392	439
2	7	7	20	523	591
2	4	1	21	602	688
2	8	8	22	838	881
2	4	6	23	940	1010
3	1	9	24	106	147
3	8	2	25	464	487
3	4	1	26	554	602
3	5	5	27	704	721
3	0	9	28	770	856
4	3	9	29	0	28
4	0	3	30	75	152
4	1	8	31	234	319
4	0	9	32	505	569
4	7	2	33	639	675
4	8	2	34	995	1057
5	4	6	35	0	79
5	1	4	36	91	106
5	8	8	37	126	147
5	1	6	38	319	338
5	4	9	39	338	384
5	8	8	40	551	584
5	3	8	41	914	1004
5	9	3	42	1004	1068
6	6	6	43	148	236
6	0	8	44	426	440
6	7	7	45	440	453
6	1	0	46	476	543
6	0	9	47	569	615
6	7	2	48	975	990
7	6	6	49	417	504
7	6	6	50	571	658
7	1	2	51	686	715
7	5	5	52	818	887
7	3	3	53	905	914
8	5	5	54	174	254
8	4	0	55	254	334
8	8	4	56	335	356
8	0	7	57	362	426
8	6	6	58	537	571
8	0	9	59	615	623
8	8	8	60	652	742
8	8	8	61	795	838
8	4	1	62	1010	1097
9	4	6	63	79	148
9	9	1	64	254	346
9	9	4	65	464	533
9	7	7	66	591	638
9	9	4	67	791	840
9	2	7	68	841	857
9	5	5	69	887	911
9	3	8	70	1004	1024
9	2	7	71	1030	1052
10	6	1	72	88	146
10	2	2	73	264	312
10	0	8	74	331	352
10	5	7	75	639	704
10	5	7	76	1056	1101
11	8	8	77	0	39
11	9	1	78	346	382
11	5	5	79	388	474
11	6	6	80	504	537
11	3	5	81	578	617
11	4	0	82	688	715
11	5	5	83	806	818
11	0	9	84	962	1050
11	1	0	85	1065	1101
12	2	2	86	79	117
12	2	2	87	199	264
12	2	3	88	552	628
12	8	8	89	780	795
12	2	7	90	857	944
13	9	3	91	0	68
13	9	0	92	68	102
13	4	1	93	223	241
13	8	3	94	242	335
13	6	3	95	335	384
13	3	5	96	480	562
13	9	4	97	633	712
13	1	2	98	715	785
13	9	4	99	840	921
13	6	4	100	1010	1091
14	3	9	101	28	105
14	0	3	102	152	242
14	3	4	103	242	331
14	6	6	104	658	698
14	8	4	105	743	780
14	4	1	106	780	829
14	8	3	107	914	995
14	6	4	108	1091	1105
15	5	5	109	91	174
15	4	6	110	241	253
15	6	6	111	253	317
15	8	8	112	487	551
15	3	3	113	776	823
15	4	6	114	832	920
15	3	9	115	1050	1120
16	8	8	116	39	126
16	7	2	117	360	440
16	7	7	118	453	523
16	1	0	119	543	625
16	2	7	120	714	744
16	2	8	121	744	779
16	1	4	122	921	1010
16	3	8	123	1024	1049
17	4	1	124	148	223
17	4	9	125	392	408
17	8	3	126	439	464
17	0	9	127	464	505
17	6	4	128	712	743
17	7	2	129	785	816
17	9	0	130	956	992
18	2	7	131	0	50
18	5	4	132	72	91
18	1	9	133	147	233
18	0	8	134	352	362
18	9	1	135	382	464
18	9	4	136	533	548
18	0	9	137	623	686
18	5	5	138	721	806
18	5	5	139	1004	1027
18	0	8	140	1050	1119
19	7	2	141	0	77
19	9	0	142	102	164
19	0	9	143	242	331
19	1	0	144	413	476
19	6	6	145	764	832
19	0	9	146	856	867
19	0	9	147	867	962
20	0	5	148	0	75
20	3	4	149	106	195
20	2	2	150	312	360
20	4	9	151	408	419
20	4	9	152	419	449
20	3	5	153	617	698
20	9	0	154	715	791
20	3	3	155	823	905
20	2	7	156	944	1030
21	7	7	157	165	252
21	8	6	158	356	390
21	6	6	159	390	417
21	8	8	160	584	652
21	6	1	161	832	917
21	5	5	162	1027	1056
21	8	5	163	1057	1121
22	7	7	164	79	165
22	3	4	165	195	242
22	5	5	166	267	339
22	1	0	167	339	413
22	5	2	168	558	594
22	5	2	169	594	639
22	7	9	170	721	770
22	1	0	171	830	918
22	5	5	172	918	1004
22	7	6	173	1010	1075
23	2	7	174	50	79
23	8	8	175	147	234
23	5	5	176	339	388
23	4	1	177	464	554
23	3	5	178	562	578
23	3	6	179	698	764
23	1	0	180	791	805
23	7	2	181	816	887
23	4	6	182	920	940
23	7	6	183	1075	1122
24	1	0	184	0	67
24	7	7	185	278	358
24	3	4	186	358	448
24	2	3	187	464	552
24	1	0	188	625	686
24	7	9	189	686	721
24	1	0	190	805	830
24	6	1	191	917	1009
24	1	0	192	1010	1065
24	9	3	193	1068	1117


Solution History:
