This is the output of Heuristic Solver for Dual resource constrained flexible job shop Scheduling Problem.
Input file is: wfjsp8_3.txt
Method: FaF
Seed: 1
Number of Jobs: 15
Number of Operations: 127
Number of Machines: 5
Number of Operators: 5
CPU Time: 7.01651
obj: 1400
Best found lower bound:0
Solver gap (best found lower bound and upper bound difference): Not known


Final Solution:
Job	Machine	Operator	Operation	Start Time	Finish Time
0	4	3	0	11	83
0	4	4	1	130	143
0	1	2	2	232	250
0	2	1	3	283	386
0	0	0	4	695	774
0	3	0	5	774	852
0	3	0	6	947	1030
0	0	1	7	1112	1151
0	1	4	8	1285	1383
1	1	2	9	18	35
1	0	4	10	214	279
1	0	0	11	309	403
1	1	2	12	527	545
1	2	2	13	545	645
1	4	4	14	705	807
1	3	0	15	1156	1185
1	4	3	16	1234	1286
2	1	4	17	0	18
2	1	2	18	35	111
2	2	1	19	192	205
2	0	4	20	279	308
2	3	3	21	381	429
2	3	1	22	561	664
2	2	2	23	770	837
2	0	1	24	947	979
2	3	0	25	1030	1113
2	2	2	26	1172	1273
3	4	3	27	0	11
3	4	3	28	83	117
3	4	3	29	204	308
3	2	1	30	463	502
3	2	2	31	645	672
3	3	1	32	711	774
3	4	4	33	977	1040
3	1	4	34	1121	1189
4	1	2	35	135	232
4	0	0	36	403	495
4	0	0	37	495	514
4	4	4	38	603	634
4	0	1	39	774	850
4	3	1	40	852	867
4	1	3	41	965	989
4	1	3	42	1062	1121
4	0	1	43	1259	1298
4	3	1	44	1351	1399
5	2	1	45	88	192
5	1	2	46	343	419
5	1	3	47	545	623
5	0	0	48	675	695
5	3	1	49	695	711
5	2	2	50	870	931
5	1	3	51	989	1062
5	4	3	52	1174	1211
5	4	3	53	1211	1234
5	3	1	54	1298	1351
6	2	1	55	0	25
6	2	1	56	25	56
6	2	1	57	205	283
6	1	2	58	448	527
6	2	2	59	672	770
6	4	4	60	879	977
6	4	4	61	1057	1067
6	4	3	62	1121	1174
6	0	0	63	1298	1394
7	4	4	64	308	356
7	2	1	65	386	414
7	3	3	66	477	540
7	0	0	67	542	579
7	3	1	68	867	939
7	2	2	69	997	1007
7	3	0	70	1185	1298
8	3	0	71	163	226
8	1	2	72	419	448
8	4	4	73	528	603
8	2	2	74	931	961
8	2	2	75	1111	1172
8	1	4	76	1383	1396
9	2	1	77	56	88
9	4	3	78	117	129
9	4	4	79	356	431
9	1	3	80	723	795
9	0	1	81	979	1035
9	4	4	82	1040	1057
9	4	4	83	1067	1101
9	4	4	84	1101	1114
10	0	4	85	53	130
10	3	3	86	429	477
10	2	1	87	502	539
10	3	1	88	540	561
10	2	2	89	837	870
10	1	3	90	918	965
10	3	0	91	1113	1156
10	2	2	92	1273	1299
10	4	3	93	1362	1393
11	3	0	94	40	80
11	3	0	95	80	163
11	3	0	96	269	309
11	4	4	97	431	528
11	1	3	98	623	723
11	1	3	99	795	867
11	1	3	100	867	918
11	2	2	101	961	997
11	1	4	102	1189	1285
11	4	3	103	1286	1362
12	3	0	104	0	40
12	0	4	105	40	53
12	0	4	106	143	214
12	1	2	107	250	304
12	3	3	108	309	381
12	0	0	109	579	675
12	0	0	110	852	947
12	2	2	111	1007	1111
12	0	1	112	1205	1259
12	2	2	113	1299	1334
13	1	2	114	111	135
13	3	0	115	226	269
13	1	2	116	304	343
13	3	1	117	664	677
13	4	4	118	807	879
13	0	1	119	1035	1112
14	0	4	120	18	35
14	4	3	121	143	204
14	2	1	122	414	463
14	0	0	123	514	542
14	4	4	124	634	705
14	0	1	125	1151	1205
14	2	2	126	1334	1400


Solution History:
