This is the output of Heuristic Solver for Dual resource constrained flexible job shop Scheduling Problem.
Input file is: wfjsp12_10.txt
Method: FaF
Seed: 5
Number of Jobs: 25
Number of Operations: 194
Number of Machines: 10
Number of Operators: 10
CPU Time: 10.7204
obj: 1130
Best found lower bound:0
Solver gap (best found lower bound and upper bound difference): Not known


Final Solution:
Job	Machine	Operator	Operation	Start Time	Finish Time
0	5	5	0	50	127
0	9	0	1	292	382
0	5	3	2	482	553
0	2	7	3	624	708
0	0	8	4	708	759
0	8	2	5	811	842
0	3	4	6	896	929
0	2	3	7	1028	1085
1	6	4	8	79	165
1	3	9	9	272	300
1	8	8	10	348	380
1	8	8	11	380	410
1	4	2	12	432	521
1	0	9	13	538	625
1	2	7	14	776	838
1	7	2	15	899	987
2	2	7	16	72	153
2	4	1	17	156	169
2	0	9	18	303	311
2	4	9	19	311	361
2	7	1	20	526	597
2	4	6	21	605	691
2	3	8	22	759	808
2	4	6	23	1059	1129
3	1	8	24	65	108
3	8	8	25	325	348
3	4	2	26	521	573
3	5	5	27	636	653
3	0	3	28	877	965
4	9	6	29	0	31
4	0	9	30	47	116
4	1	4	31	255	342
4	2	7	32	708	776
4	7	1	33	776	812
4	5	5	34	907	958
5	4	1	35	75	156
5	1	8	36	176	189
5	0	8	37	189	211
5	1	6	38	236	255
5	4	0	39	382	432
5	2	7	40	432	464
5	4	6	41	691	779
5	2	3	42	965	1028
6	6	4	43	165	255
6	2	2	44	396	411
6	7	1	45	597	611
6	5	5	46	653	721
6	4	0	47	901	948
6	1	9	48	1074	1086
7	5	5	49	207	298
7	8	8	50	410	496
7	8	3	51	660	689
7	5	5	52	838	907
7	3	9	53	929	937
8	5	5	54	127	207
8	4	3	55	207	279
8	0	7	56	405	423
8	7	1	57	457	526
8	3	8	58	565	599
8	1	0	59	624	633
8	8	2	60	690	784
8	8	2	61	842	889
8	4	0	62	948	1037
9	1	8	63	108	176
9	6	6	64	442	530
9	9	4	65	549	618
9	7	1	66	618	667
9	9	4	67	770	819
9	2	7	68	925	941
9	1	9	69	941	967
9	4	0	70	1037	1059
9	2	3	71	1085	1109
10	0	9	72	0	47
10	2	2	73	348	396
10	0	9	74	428	451
10	6	3	75	690	756
10	5	2	76	1076	1123
11	8	8	77	0	39
11	9	0	78	99	141
11	5	3	79	394	482
11	6	6	80	530	563
11	0	9	81	666	697
11	8	2	82	784	811
11	1	9	83	916	926
11	3	4	84	937	1026
11	1	9	85	1042	1074
12	3	3	86	101	139
12	2	2	87	272	337
12	2	7	88	552	624
12	3	8	89	692	707
12	2	7	90	838	925
13	1	0	91	0	65
13	9	0	92	65	99
13	1	6	93	203	222
13	7	7	94	246	335
13	7	1	95	405	457
13	3	5	96	483	565
13	9	4	97	618	697
13	1	0	98	721	787
13	9	0	99	819	901
13	7	2	100	987	1076
14	3	4	101	0	79
14	0	1	102	211	303
14	3	5	103	394	483
14	6	2	104	644	690
14	4	6	105	779	809
14	6	4	106	849	896
14	9	1	107	988	1069
14	6	0	108	1069	1084
15	8	6	109	120	203
15	1	6	110	222	236
15	3	3	111	327	394
15	1	0	112	557	624
15	3	9	113	707	758
15	4	6	114	809	897
15	6	6	115	987	1058
16	8	6	116	39	120
16	7	7	117	170	246
16	7	7	118	335	405
16	1	0	119	475	557
16	5	5	120	806	838
16	0	3	121	838	877
16	9	1	122	901	988
16	5	4	123	1052	1076
17	4	1	124	0	75
17	4	3	125	279	298
17	8	5	126	565	587
17	0	9	127	625	666
17	0	9	128	786	813
17	6	4	129	820	849
17	1	9	130	1086	1126
18	5	5	131	0	50
18	3	3	132	79	101
18	3	9	133	188	272
18	2	2	134	337	348
18	9	4	135	382	462
18	1	9	136	462	475
18	0	9	137	475	538
18	5	5	138	721	806
18	3	4	139	1026	1051
18	0	7	140	1052	1120
19	2	7	141	0	72
19	9	0	142	230	292
19	0	1	143	311	404
19	6	2	144	573	644
19	8	8	145	889	954
19	2	8	146	954	965
19	0	8	147	965	1052
20	0	9	148	116	180
20	2	2	149	180	272
20	5	5	150	298	342
20	1	4	151	342	356
20	4	6	152	573	605
20	3	8	153	613	692
20	9	4	154	697	770
20	3	8	155	808	889
20	8	5	156	977	1066
21	9	0	157	141	230
21	6	6	158	255	287
21	3	3	159	300	327
21	8	8	160	496	564
21	1	0	161	633	721
21	0	9	162	759	786
21	8	5	163	1066	1130
22	7	2	164	0	88
22	3	3	165	139	188
22	6	6	166	287	356
22	1	9	167	361	428
22	5	3	168	553	591
22	5	5	169	591	636
22	7	1	170	667	716
22	1	9	171	832	916
22	5	7	172	958	1052
22	3	8	173	1052	1114
23	8	8	174	211	238
23	8	8	175	238	325
23	5	5	176	342	391
23	9	4	177	462	549
23	3	8	178	599	613
23	6	3	179	756	820
23	1	9	180	820	832
23	7	1	181	832	899
23	8	5	182	958	977
23	7	1	183	1076	1126
24	6	3	184	0	77
24	7	2	185	88	170
24	6	6	186	356	442
24	2	7	187	464	552
24	8	3	188	591	660
24	7	1	189	716	755
24	1	0	190	787	812
24	6	6	191	897	987
24	1	9	192	987	1042
24	9	4	193	1076	1123


Solution History:
