This is the output of Heuristic Solver for Dual resource constrained flexible job shop Scheduling Problem.
Input file is: wfjsp18_5.txt
Method: FaF
Seed: 4
Number of Jobs: 20
Number of Operations: 143
Number of Machines: 10
Number of Operators: 8
CPU Time: 6.64902
obj: 898
Best found lower bound:0
Solver gap (best found lower bound and upper bound difference): Not known


Final Solution:
Job	Machine	Operator	Operation	Start Time	Finish Time
0	6	1	0	0	14
0	6	4	1	49	93
0	6	1	2	162	249
0	3	0	3	385	451
0	4	2	4	667	732
0	3	3	5	792	827
0	7	3	6	827	891
1	7	3	7	0	39
1	5	1	8	44	91
1	3	0	9	349	385
1	4	2	10	636	667
1	4	5	11	779	854
2	0	0	12	39	64
2	2	6	13	82	96
2	6	3	14	426	501
2	2	6	15	572	638
2	5	4	16	758	770
3	2	4	17	0	49
3	4	7	18	333	402
3	8	2	19	501	542
3	2	6	20	542	572
3	2	6	21	753	796
4	9	5	22	0	29
4	9	4	23	173	201
4	7	4	24	315	408
4	3	0	25	564	607
4	4	0	26	854	895
5	2	6	27	49	72
5	8	0	28	72	83
5	8	0	29	451	501
5	4	2	30	550	636
5	6	0	31	686	749
6	9	4	32	201	265
6	6	3	33	333	426
6	9	4	34	486	566
6	3	0	35	607	644
6	6	0	36	749	763
6	5	4	37	797	842
7	9	6	38	275	351
7	5	2	39	361	432
7	0	2	40	432	496
7	7	5	41	514	546
7	0	2	42	810	878
8	0	2	43	0	33
8	4	2	44	33	51
8	8	0	45	83	150
8	4	2	46	243	328
8	5	1	47	432	523
8	0	1	48	561	605
8	6	1	49	605	686
8	0	2	50	732	810
8	9	5	51	854	863
8	9	5	52	863	898
9	3	7	53	17	110
9	4	0	54	159	193
9	7	3	55	213	301
9	8	5	56	338	356
9	2	1	57	388	429
9	1	7	58	621	714
9	3	7	59	714	727
9	2	6	60	727	753
9	6	1	61	817	881
10	1	7	62	0	17
10	9	5	63	29	69
10	1	7	64	126	160
10	1	7	65	242	333
10	7	4	66	408	486
10	1	1	67	523	561
10	4	3	68	738	779
10	5	4	69	779	797
11	1	3	70	39	126
11	7	3	71	126	213
11	0	0	72	213	256
11	2	1	73	333	374
11	2	1	74	374	388
11	3	7	75	467	558
11	7	7	76	558	590
11	0	4	77	644	691
11	7	4	78	691	758
11	2	6	79	796	878
12	6	1	80	14	44
12	5	4	81	93	167
12	4	3	82	501	550
12	5	3	83	550	560
12	8	5	84	560	585
12	1	4	85	585	594
12	9	7	86	611	621
12	5	3	87	655	738
13	4	2	88	70	159
13	1	7	89	160	212
13	5	7	90	212	242
13	3	0	91	256	349
13	8	5	92	356	407
13	9	5	93	457	465
13	1	5	94	465	514
13	8	5	95	585	672
13	6	0	96	763	802
13	8	4	97	845	892
14	9	5	98	152	173
14	4	5	99	200	243
14	5	1	100	249	318
14	6	1	101	318	329
14	9	6	102	351	425
14	5	3	103	560	626
14	8	5	104	672	743
14	8	0	105	802	845
15	9	5	106	69	152
15	8	2	107	159	241
15	2	3	108	301	333
15	2	6	109	429	521
15	0	4	110	605	644
15	0	1	111	691	722
15	5	7	112	854	896
16	3	0	113	0	8
16	2	6	114	189	275
16	0	4	115	282	315
16	0	2	116	328	353
16	4	7	117	402	417
16	6	0	118	501	564
16	8	5	119	743	778
16	9	7	120	792	827
17	8	0	121	8	39
17	4	2	122	51	70
17	2	6	123	96	174
17	0	4	124	265	282
17	8	5	125	407	441
17	7	7	126	590	611
17	2	6	127	638	705
18	8	5	128	243	338
18	5	2	129	353	361
18	9	5	130	441	457
18	5	3	131	626	655
18	3	7	132	727	792
19	2	6	133	72	82
19	6	1	134	93	162
19	2	6	135	174	189
19	3	5	136	189	200
19	4	7	137	417	467
19	3	0	138	644	685
19	1	1	139	722	817
19	9	7	140	827	845
19	3	7	141	845	854
19	2	6	142	878	896


Solution History:
