This is the output of Heuristic Solver for Dual resource constrained flexible job shop Scheduling Problem.
Input file is: wfjsp18_10.txt
Method: FaF
Seed: 4
Number of Jobs: 20
Number of Operations: 148
Number of Machines: 10
Number of Operators: 8
CPU Time: 12.0183
obj: 1046
Best found lower bound:0
Solver gap (best found lower bound and upper bound difference): Not known


Final Solution:
Job	Machine	Operator	Operation	Start Time	Finish Time
0	7	1	0	38	118
0	5	3	1	218	300
0	9	5	2	343	405
0	8	4	3	527	617
0	3	7	4	635	686
0	1	7	5	725	754
0	2	5	6	801	837
0	4	6	7	863	912
1	0	7	8	105	194
1	9	1	9	231	259
1	3	7	10	291	333
1	6	3	11	393	429
1	2	6	12	523	610
1	8	1	13	790	874
1	8	1	14	874	940
1	5	6	15	953	1034
2	8	6	16	198	279
2	3	7	17	279	291
2	4	6	18	296	304
2	2	6	19	304	353
2	9	6	20	418	486
2	0	2	21	691	777
2	7	7	22	893	942
2	4	4	23	962	1041
3	2	5	24	67	113
3	0	0	25	219	242
3	0	2	26	477	525
3	1	2	27	525	545
3	4	4	28	625	714
4	6	2	29	83	115
4	1	7	30	194	267
4	5	4	31	422	509
4	6	2	32	545	613
4	5	6	33	618	660
4	4	4	34	912	962
5	3	4	35	64	146
5	3	4	36	146	161
5	4	4	37	164	185
5	2	1	38	209	231
5	1	4	39	267	315
5	4	2	40	443	477
5	4	0	41	477	567
5	1	6	42	798	863
6	4	2	43	185	271
6	2	1	44	277	292
6	6	4	45	512	527
6	8	0	46	691	762
6	0	0	47	930	980
6	6	0	48	1029	1043
7	2	1	49	118	209
7	7	2	50	271	353
7	5	3	51	814	843
7	2	3	52	925	1002
7	8	3	53	1002	1011
8	1	7	54	0	75
8	0	0	55	242	322
8	4	4	56	322	340
8	2	6	57	353	418
8	7	5	58	454	495
8	5	6	59	610	618
8	2	5	60	709	801
8	7	7	61	822	869
8	6	2	62	947	1029
9	2	5	63	0	67
9	8	1	64	296	384
9	6	3	65	429	512
9	3	5	66	561	610
9	8	3	67	625	677
9	9	6	68	739	756
9	1	7	69	869	893
9	6	2	70	925	947
9	2	3	71	1011	1035
10	4	2	72	115	164
10	0	0	73	322	370
10	7	5	74	610	630
10	9	1	75	666	739
10	5	3	76	765	814
11	3	2	77	0	43
11	9	2	78	43	83
11	1	7	79	333	414
11	0	7	80	414	449
11	4	3	81	588	625
11	9	1	82	639	666
11	8	6	83	762	774
11	6	4	84	815	907
11	1	6	85	912	951
12	7	1	86	0	38
12	7	4	87	198	267
12	5	3	88	512	588
12	2	5	89	692	709
12	0	2	90	836	925
13	4	4	91	0	64
13	0	7	92	75	105
13	8	6	93	279	296
13	6	3	94	300	393
13	7	5	95	405	454
13	3	7	96	454	540
13	0	0	97	567	660
13	1	6	98	660	725
13	6	4	99	725	815
13	3	7	100	965	1046
14	8	6	101	0	77
14	4	2	102	353	443
14	1	7	103	545	635
14	7	2	104	645	689
14	7	7	105	689	719
14	3	1	106	739	790
14	9	0	107	843	930
14	7	7	108	942	956
15	5	3	109	58	144
15	8	6	110	186	198
15	6	5	111	198	266
15	9	5	112	266	343
15	3	1	113	384	431
15	5	3	114	677	765
15	4	0	115	765	843
16	6	0	116	0	82
16	7	5	117	118	190
16	2	1	118	431	500
16	7	1	119	500	594
16	6	2	120	613	645
16	0	2	121	777	816
16	3	5	122	837	929
16	5	5	123	929	953
17	5	3	124	144	218
17	2	1	125	259	277
17	8	6	126	486	509
17	9	1	127	594	639
17	0	0	128	660	691
17	1	6	129	774	798
17	0	0	130	980	1024
18	5	3	131	0	58
18	4	6	132	77	97
18	1	6	133	97	186
18	3	4	134	186	198
18	5	4	135	340	422
18	2	6	136	509	523
18	2	5	137	630	692
18	2	3	138	843	925
18	3	1	139	940	965
18	9	1	140	965	1039
19	8	0	141	82	157
19	9	0	142	157	219
19	8	0	143	384	475
19	9	5	144	495	561
19	7	7	145	754	822
19	9	2	146	822	836
19	1	5	147	953	1042


Solution History:
