This is the output of Heuristic Solver for Dual resource constrained flexible job shop Scheduling Problem.
Input file is: wfjsp17_8.txt
Method: FaF
Seed: 4
Number of Jobs: 15
Number of Operations: 133
Number of Machines: 5
Number of Operators: 4
CPU Time: 10.247
obj: 1744
Best found lower bound:0
Solver gap (best found lower bound and upper bound difference): Not known


Final Solution:
Job	Machine	Operator	Operation	Start Time	Finish Time
0	1	0	0	0	24
0	4	0	1	245	302
0	3	3	2	452	484
0	2	0	3	939	998
0	3	3	4	1102	1183
0	1	2	5	1206	1260
0	1	0	6	1260	1316
0	1	2	7	1626	1639
1	1	1	8	168	222
1	1	1	9	282	340
1	4	1	10	618	646
1	1	2	11	662	759
1	0	1	12	764	772
1	3	3	13	1005	1102
1	0	1	14	1250	1268
1	1	2	15	1520	1574
2	2	1	16	0	69
2	2	1	17	69	97
2	2	2	18	140	201
2	3	3	19	484	530
2	3	3	20	802	846
2	4	1	21	866	908
2	1	2	22	1108	1159
2	4	2	23	1260	1311
2	3	3	24	1314	1378
2	1	0	25	1397	1485
3	4	0	26	24	99
3	4	1	27	99	168
3	2	0	28	302	358
3	3	3	29	670	748
3	1	2	30	849	916
3	0	1	31	969	1034
3	4	0	32	1144	1201
3	1	0	33	1316	1351
3	3	3	34	1378	1477
3	2	0	35	1551	1639
4	0	2	36	71	96
4	2	2	37	114	140
4	4	0	38	171	245
4	4	2	39	569	580
4	3	3	40	594	670
4	0	1	41	727	755
4	0	1	42	755	764
4	1	2	43	1159	1206
4	4	2	44	1396	1437
4	4	0	45	1501	1551
5	2	2	46	201	299
5	4	2	47	373	413
5	4	2	48	413	459
5	4	1	49	908	969
5	1	0	50	1032	1104
5	2	1	51	1456	1467
5	4	0	52	1485	1501
5	0	1	53	1511	1558
6	0	2	54	19	71
6	2	2	55	97	114
6	1	1	56	340	407
6	0	2	57	519	569
6	0	0	58	824	897
6	2	0	59	897	939
6	0	1	60	1034	1118
6	2	2	61	1467	1520
6	1	1	62	1644	1669
7	0	2	63	0	19
7	3	3	64	269	315
7	2	1	65	544	618
7	0	2	66	627	644
7	0	1	67	772	790
7	4	2	68	1064	1108
7	4	2	69	1311	1362
7	0	2	70	1574	1626
7	1	0	71	1728	1744
8	3	3	72	146	223
8	2	0	73	472	520
8	1	0	74	595	622
8	4	0	75	772	802
8	0	0	76	802	824
8	0	1	77	1268	1331
8	1	0	78	1351	1397
8	0	2	79	1437	1462
9	3	3	80	0	75
9	0	2	81	299	323
9	0	2	82	459	519
9	3	3	83	530	594
9	2	0	84	622	699
9	1	2	85	916	1012
9	0	1	86	1467	1511
9	3	3	87	1576	1648
9	0	1	88	1685	1744
10	0	0	89	99	171
10	3	3	90	379	430
10	1	0	91	520	595
10	2	0	92	699	772
10	3	3	93	939	1005
10	1	0	94	1014	1032
10	3	3	95	1183	1251
10	0	1	96	1331	1392
10	3	3	97	1477	1576
10	2	2	98	1639	1689
11	0	1	99	222	282
11	3	3	100	315	379
11	2	0	101	385	472
11	1	2	102	759	849
11	2	0	103	1201	1258
11	4	1	104	1558	1644
11	0	0	105	1644	1668
11	0	1	106	1669	1685
12	3	3	107	75	146
12	2	0	108	358	385
12	3	3	109	430	452
12	3	3	110	748	802
12	2	1	111	802	866
12	4	0	112	1108	1144
12	3	3	113	1251	1314
12	4	2	114	1689	1738
13	1	1	115	407	496
13	4	1	116	496	544
13	4	1	117	646	727
13	2	1	118	790	802
13	3	3	119	879	939
13	4	0	120	998	1014
13	2	1	121	1118	1185
13	0	1	122	1185	1250
13	4	2	123	1362	1396
13	3	3	124	1648	1744
14	3	3	125	223	269
14	0	2	126	323	373
14	0	2	127	580	627
14	1	2	128	644	662
14	3	3	129	846	879
14	2	2	130	1012	1064
14	2	1	131	1392	1456
14	1	0	132	1669	1728


Solution History:
