This is the output of Heuristic Solver for Dual resource constrained flexible job shop Scheduling Problem.
Input file is: wfjsp18_10.txt
Method: FaF
Seed: 5
Number of Jobs: 20
Number of Operations: 148
Number of Machines: 10
Number of Operators: 8
CPU Time: 11.5151
obj: 1039
Best found lower bound:0
Solver gap (best found lower bound and upper bound difference): Not known


Final Solution:
Job	Machine	Operator	Operation	Start Time	Finish Time
0	7	4	0	40	126
0	5	6	1	130	211
0	9	6	2	211	274
0	8	4	3	517	607
0	3	2	4	670	729
0	1	4	5	845	876
0	2	6	6	905	936
0	4	0	7	988	1039
1	6	5	8	0	86
1	9	5	9	86	111
1	3	7	10	225	267
1	5	2	11	277	311
1	2	3	12	476	565
1	6	5	13	600	682
1	8	0	14	759	821
1	5	2	15	833	915
2	8	3	16	283	370
2	8	3	17	370	384
2	4	6	18	394	402
2	6	5	19	476	524
2	9	1	20	531	603
2	1	4	21	607	692
2	2	2	22	785	833
2	2	6	23	936	1005
3	2	1	24	208	253
3	4	6	25	340	361
3	0	0	26	373	423
3	1	6	27	766	787
3	4	0	28	822	910
4	2	6	29	0	30
4	9	5	30	111	183
4	5	2	31	311	404
4	6	5	32	412	476
4	5	6	33	604	646
4	4	0	34	673	726
5	2	1	35	113	190
5	3	7	36	190	203
5	3	7	37	203	225
5	4	4	38	225	244
5	6	0	39	260	311
5	9	1	40	467	503
5	4	0	41	508	598
5	4	0	42	598	673
6	0	7	43	277	365
6	2	6	44	380	394
6	3	7	45	412	425
6	2	3	46	565	640
6	1	5	47	787	837
6	2	1	48	851	865
7	0	2	49	0	91
7	7	1	50	320	402
7	5	5	51	682	708
7	2	1	52	708	781
7	8	4	53	876	885
8	1	7	54	0	75
8	0	7	55	111	188
8	4	6	56	361	380
8	2	1	57	402	467
8	5	6	58	570	604
8	5	5	59	708	717
8	4	4	60	726	822
8	7	1	61	885	934
8	6	3	62	948	1035
9	2	1	63	45	113
9	8	3	64	384	476
9	6	5	65	524	600
9	3	2	66	616	670
9	8	3	67	707	759
9	0	2	68	768	785
9	8	4	69	822	845
9	8	6	70	885	905
9	2	1	71	1015	1039
10	4	0	72	116	167
10	0	0	73	460	508
10	7	1	74	508	531
10	9	6	75	646	715
10	5	6	76	717	766
11	3	1	77	0	45
11	1	7	78	75	111
11	1	4	79	126	208
11	0	0	80	423	460
11	1	4	81	460	495
11	9	2	82	503	530
11	6	3	83	846	859
11	6	3	84	859	948
11	8	6	85	1005	1039
12	7	4	86	0	40
12	7	1	87	255	320
12	5	2	88	404	479
12	1	7	89	561	576
12	0	7	90	897	984
13	4	0	91	0	65
13	5	6	92	100	130
13	8	3	93	264	283
13	6	5	94	323	412
13	7	7	95	425	475
13	3	7	96	475	561
13	0	7	97	605	690
13	1	7	98	692	758
13	6	3	99	759	846
13	3	2	100	956	1038
14	8	3	101	0	86
14	4	4	102	244	337
14	4	6	103	402	489
14	7	2	104	572	616
14	6	0	105	726	758
14	3	7	106	758	807
14	9	1	107	934	1015
14	7	4	108	1015	1031
15	8	3	109	86	171
15	8	3	110	171	185
15	6	0	111	189	260
15	1	6	112	274	340
15	3	7	113	365	412
15	0	7	114	807	897
15	4	0	115	910	988
16	6	2	116	91	173
16	7	5	117	183	255
16	2	5	118	255	323
16	5	6	119	489	570
16	0	4	120	692	726
16	0	2	121	729	768
16	3	5	122	837	929
16	5	2	123	929	956
17	5	6	124	30	100
17	2	1	125	190	208
17	8	4	126	495	517
17	7	2	127	531	572
17	0	7	128	576	605
17	1	4	129	885	912
17	0	7	130	984	1026
18	4	0	131	65	116
18	4	0	132	167	189
18	0	2	133	189	277
18	3	4	134	337	349
18	1	4	135	349	437
18	3	4	136	437	453
18	2	3	137	640	707
18	9	6	138	787	872
18	3	5	139	929	951
18	5	5	140	956	1024
19	8	3	141	185	264
19	9	0	142	311	373
19	8	1	143	607	696
19	9	5	144	717	783
19	7	1	145	783	851
19	9	1	146	872	885
19	1	4	147	912	1001


Solution History:
