This is the output of Heuristic Solver for Dual resource constrained flexible job shop Scheduling Problem.
Input file is: wfjsp7_1.txt
Method: FaF
Seed: 5
Number of Jobs: 12
Number of Operations: 85
Number of Machines: 5
Number of Operators: 5
CPU Time: 5.32519
obj: 828
Best found lower bound:0
Solver gap (best found lower bound and upper bound difference): Not known


Final Solution:
Job	Machine	Operator	Operation	Start Time	Finish Time
0	3	2	0	0	71
0	0	3	1	114	137
0	2	1	2	165	211
0	1	0	3	477	572
0	4	3	4	653	732
1	4	4	5	95	162
1	3	2	6	207	279
1	1	0	7	299	335
1	4	4	8	484	522
1	3	2	9	608	643
1	3	2	10	643	651
1	1	4	11	704	720
1	1	4	12	720	734
1	0	1	13	774	820
2	4	0	14	0	61
2	1	0	15	62	112
2	1	0	16	278	299
2	3	2	17	316	327
2	3	2	18	327	389
2	4	4	19	401	451
2	1	4	20	574	677
3	0	3	21	137	235
3	3	2	22	389	436
3	3	2	23	436	512
3	4	4	24	560	574
3	3	2	25	577	608
3	2	0	26	724	744
4	2	1	27	0	25
4	1	0	28	112	161
4	2	1	29	211	290
4	4	4	30	356	401
4	3	2	31	512	577
4	2	0	32	631	724
4	1	4	33	734	781
5	0	3	34	0	13
5	2	1	35	25	67
5	4	4	36	67	95
5	3	2	37	174	207
5	0	3	38	250	326
5	0	3	39	326	382
5	4	4	40	451	484
5	0	1	41	625	715
5	3	2	42	726	751
6	2	1	43	67	124
6	1	0	44	161	174
6	1	0	45	174	188
6	4	4	46	240	314
6	2	1	47	365	377
6	2	1	48	556	566
6	4	3	49	574	612
6	4	3	50	732	811
7	0	3	51	235	250
7	0	3	52	382	438
7	0	3	53	438	495
7	4	4	54	522	560
7	4	3	55	612	653
8	1	0	56	188	278
8	4	4	57	314	356
8	2	1	58	377	476
8	0	1	59	571	625
8	1	4	60	677	704
8	3	2	61	751	822
9	1	4	62	0	20
9	1	4	63	20	62
9	3	2	64	71	174
9	4	4	65	209	240
9	2	1	66	290	310
9	1	0	67	335	387
9	2	0	68	572	631
9	0	1	69	715	774
9	1	4	70	781	819
10	0	3	71	13	37
10	2	1	72	124	165
10	4	4	73	165	209
10	3	2	74	279	316
10	2	1	75	316	365
10	2	1	76	476	556
10	2	0	77	744	825
11	0	3	78	37	114
11	1	0	79	387	477
11	0	3	80	495	571
11	3	2	81	651	689
11	3	2	82	689	704
11	3	2	83	704	726
11	0	3	84	820	828


Solution History:
