This is the output of Heuristic Solver for Dual resource constrained flexible job shop Scheduling Problem.
Input file is: wfjsp19_4.txt
Method: FaF
Seed: 5
Number of Jobs: 20
Number of Operations: 216
Number of Machines: 10
Number of Operators: 8
CPU Time: 7.45187
obj: 1423
Best found lower bound:0
Solver gap (best found lower bound and upper bound difference): Not known


Final Solution:
Job	Machine	Operator	Operation	Start Time	Finish Time
0	2	7	0	119	201
0	6	7	1	201	260
0	9	1	2	278	353
0	9	0	3	466	528
0	6	6	4	625	731
0	2	5	5	743	772
0	4	2	6	776	819
0	9	6	7	894	909
0	3	3	8	916	965
0	9	0	9	965	988
0	1	0	10	988	1001
0	6	6	11	1004	1042
0	1	1	12	1091	1159
0	2	5	13	1291	1313
0	4	2	14	1344	1420
1	3	3	15	70	165
1	3	3	16	215	276
1	7	3	17	655	702
1	3	1	18	820	852
1	5	0	19	874	890
1	9	2	20	989	1036
1	9	0	21	1180	1254
2	5	0	22	0	10
2	6	5	23	27	90
2	5	2	24	191	271
2	8	2	25	271	284
2	5	2	26	284	366
2	7	3	27	415	502
2	4	5	28	502	595
2	3	5	29	772	820
2	0	2	30	820	914
2	2	1	31	916	982
2	9	6	32	1042	1119
2	2	4	33	1176	1223
2	7	5	34	1230	1248
2	7	6	35	1329	1395
2	1	6	36	1395	1422
3	0	4	37	0	22
3	0	5	38	90	152
3	7	5	39	201	254
3	2	5	40	367	427
3	5	2	41	435	471
3	2	4	42	473	526
3	1	7	43	556	635
3	4	4	44	923	1010
3	5	3	45	1060	1130
3	2	7	46	1136	1170
3	3	5	47	1205	1230
3	4	7	48	1271	1334
4	7	6	49	47	81
4	7	6	50	254	305
4	6	1	51	525	556
4	9	6	52	802	894
4	7	3	53	1130	1174
4	1	0	54	1363	1376
4	8	0	55	1376	1407
5	7	6	56	81	162
5	9	6	57	162	176
5	1	0	58	216	289
5	6	7	59	415	461
5	7	6	60	562	623
5	8	0	61	662	706
5	0	1	62	738	769
5	7	1	63	769	781
5	3	1	64	852	881
5	6	5	65	882	933
5	6	6	66	940	1004
5	4	2	67	1209	1256
5	8	0	68	1305	1337
5	3	1	69	1365	1421
6	8	3	70	0	64
6	1	1	71	70	104
6	3	3	72	165	215
6	1	0	73	289	367
6	5	2	74	471	518
6	7	3	75	545	558
6	2	3	76	584	655
6	4	2	77	712	763
6	7	1	78	891	915
6	0	2	79	915	989
6	4	5	80	1019	1087
6	3	4	81	1116	1176
6	7	2	82	1256	1313
6	5	2	83	1313	1344
7	4	4	84	176	258
7	6	5	85	470	492
7	1	7	86	525	556
7	0	2	87	668	712
7	7	1	88	1025	1091
7	6	7	89	1091	1136
7	9	0	90	1337	1363
8	2	5	91	0	27
8	4	2	92	107	176
8	4	4	93	258	312
8	6	3	94	373	415
8	3	4	95	526	575
8	9	1	96	625	699
8	1	7	97	724	795
8	5	1	98	982	1025
8	1	7	99	1025	1039
8	5	1	100	1159	1203
8	1	6	101	1203	1232
8	0	4	102	1254	1283
8	2	5	103	1313	1360
8	7	3	104	1395	1414
9	5	4	105	22	103
9	5	4	106	103	175
9	8	3	107	326	373
9	9	2	108	373	420
9	3	7	109	461	525
9	6	1	110	556	625
9	5	4	111	649	698
9	8	0	112	706	773
9	8	7	113	795	878
9	7	1	114	881	891
9	0	0	115	1001	1106
9	4	2	116	1157	1209
9	8	3	117	1209	1291
9	3	1	118	1337	1365
9	6	7	119	1365	1414
10	4	2	120	0	28
10	3	1	121	40	70
10	6	1	122	104	144
10	2	5	123	302	367
10	3	4	124	377	424
10	9	0	125	528	598
10	1	7	126	635	724
10	4	4	127	874	923
10	4	5	128	1087	1118
10	0	5	129	1118	1205
10	3	1	130	1233	1302
11	0	2	131	28	77
11	2	5	132	254	302
11	5	0	133	367	382
11	0	1	134	481	525
11	7	1	135	702	738
11	0	0	136	773	806
11	1	0	137	806	866
11	3	7	138	1039	1088
11	9	0	139	1289	1305
11	9	3	140	1365	1388
12	7	6	141	0	47
12	8	0	142	109	212
12	2	5	143	427	470
12	8	0	144	598	662
12	5	4	145	698	781
12	9	6	146	909	940
12	2	4	147	1010	1092
12	1	6	148	1159	1173
12	2	5	149	1248	1291
12	0	5	150	1360	1407
13	6	7	151	0	27
13	8	2	152	77	107
13	3	4	153	312	377
13	1	6	154	377	476
13	9	3	155	702	798
13	7	5	156	933	1019
13	7	2	157	1106	1129
13	4	2	158	1129	1157
13	6	7	159	1170	1205
13	6	7	160	1205	1271
14	0	5	161	152	201
14	8	6	162	476	562
14	5	4	163	781	874
14	5	3	164	1034	1060
14	9	0	165	1279	1289
14	1	7	166	1334	1361
15	9	1	167	0	40
15	9	6	168	176	253
15	8	0	169	382	466
15	3	4	170	575	649
15	2	3	171	813	916
15	2	4	172	1092	1116
15	1	6	173	1232	1329
16	9	0	174	40	109
16	6	7	175	260	361
16	4	7	176	361	388
16	5	2	177	420	435
16	4	4	178	435	473
16	7	3	179	502	545
16	2	3	180	558	584
16	0	2	181	594	668
16	2	1	182	781	813
16	8	7	183	878	978
16	8	2	184	1036	1106
16	8	0	185	1106	1180
16	2	4	186	1360	1423
17	2	7	187	87	119
17	1	1	188	144	216
17	8	3	189	284	326
17	0	1	190	353	416
17	5	2	191	518	594
17	4	5	192	595	661
17	6	5	193	820	882
17	3	3	194	965	1034
17	7	3	195	1174	1205
17	5	4	196	1233	1254
17	9	0	197	1254	1279
17	0	4	198	1283	1360
18	2	7	199	27	74
18	4	7	200	74	87
18	0	1	201	248	278
18	0	1	202	416	481
18	3	5	203	661	743
18	4	2	204	763	776
18	5	0	205	890	962
18	9	6	206	1119	1147
18	6	3	207	1291	1365
19	1	0	208	10	39
19	7	2	209	176	191
19	2	1	210	216	248
19	7	6	211	305	370
19	6	6	212	731	802
19	8	7	213	978	1025
19	5	1	214	1203	1233
19	3	1	215	1302	1337


Solution History:
