This is the output of Heuristic Solver for Dual resource constrained flexible job shop Scheduling Problem.
Input file is: wfjsp20_8.txt
Method: FaF
Seed: 4
Number of Jobs: 25
Number of Operations: 186
Number of Machines: 10
Number of Operators: 8
CPU Time: 20.2053
obj: 1207
Best found lower bound:0
Solver gap (best found lower bound and upper bound difference): Not known


Final Solution:
Job	Machine	Operator	Operation	Start Time	Finish Time
0	5	0	0	22	49
0	1	0	1	249	311
0	3	3	2	452	481
0	2	0	3	677	731
0	1	1	4	820	887
1	1	6	5	42	97
1	3	6	6	219	291
1	6	5	7	341	353
1	4	7	8	456	504
1	8	7	9	559	607
1	6	0	10	871	897
1	9	6	11	1006	1088
1	0	1	12	1089	1097
2	4	0	13	160	249
2	9	1	14	387	407
2	2	7	15	504	559
2	8	2	16	727	799
2	6	0	17	845	871
2	0	4	18	900	965
2	7	5	19	1102	1143
3	4	6	20	98	139
3	5	5	21	263	302
3	2	3	22	306	357
3	9	1	23	407	462
3	4	6	24	530	598
3	8	2	25	617	710
3	0	3	26	751	821
3	6	0	27	897	971
3	8	2	28	1060	1130
3	4	0	29	1130	1204
4	7	1	30	0	68
4	5	3	31	98	165
4	7	1	32	326	387
4	6	3	33	667	707
4	7	5	34	711	817
4	3	3	35	954	1042
4	5	0	36	1046	1072
5	9	7	37	136	163
5	5	3	38	165	232
5	7	6	39	458	469
5	6	1	40	517	586
5	5	7	41	607	636
5	4	2	42	799	810
5	1	4	43	1022	1065
5	8	2	44	1130	1165
6	7	3	45	261	306
6	0	3	46	357	452
6	0	3	47	481	519
6	6	0	48	791	845
6	3	2	49	896	951
6	5	0	50	971	1046
7	1	4	51	22	36
7	0	2	52	46	64
7	7	2	53	171	212
7	3	4	54	385	445
7	7	2	55	547	566
7	5	6	56	1088	1163
8	3	7	57	74	125
8	0	5	58	147	225
8	6	5	59	225	263
8	1	4	60	500	589
8	3	6	61	598	663
8	7	2	62	844	870
8	6	6	63	971	993
8	7	5	64	1143	1181
9	1	4	65	111	187
9	3	4	66	299	315
9	1	4	67	315	333
9	6	5	68	353	394
9	5	6	69	415	458
9	6	1	70	586	641
9	5	7	71	641	658
9	6	5	72	993	1071
9	9	1	73	1097	1146
10	0	3	74	0	30
10	8	5	75	34	66
10	7	3	76	232	261
10	4	1	77	263	326
10	3	6	78	490	530
10	2	2	79	870	896
10	8	2	80	981	1060
11	1	0	81	0	22
11	4	3	82	30	98
11	2	2	83	212	275
11	2	0	84	599	677
11	8	6	85	806	887
11	9	1	86	948	986
11	4	7	87	986	1061
11	2	0	88	1072	1126
12	3	6	89	139	219
12	8	2	90	305	364
12	4	2	91	364	439
12	5	0	92	521	599
12	2	0	93	731	791
12	0	4	94	965	984
12	3	4	95	1075	1143
12	6	1	96	1146	1207
13	8	2	97	66	171
13	2	7	98	357	408
13	2	2	99	439	499
13	3	3	100	535	598
13	1	1	101	717	803
13	7	5	102	873	955
13	2	7	103	1127	1202
14	2	5	104	66	147
14	0	0	105	453	477
14	0	3	106	519	535
14	9	5	107	546	612
14	4	7	108	667	701
14	9	6	109	744	768
14	4	7	110	1075	1127
14	0	3	111	1136	1206
15	9	5	112	0	34
15	8	1	113	206	263
15	6	6	114	291	341
15	6	5	115	394	478
15	6	3	116	707	751
15	5	4	117	781	881
15	9	6	118	993	1006
15	7	1	119	1013	1072
15	6	1	120	1072	1089
16	9	4	121	36	111
16	6	1	122	140	206
16	5	0	123	488	521
16	5	6	124	663	744
16	0	5	125	821	873
16	1	4	126	1143	1199
17	6	2	127	0	46
17	6	0	128	49	68
17	8	2	129	275	305
17	5	0	130	311	365
17	9	1	131	641	717
17	4	7	132	717	791
17	3	3	133	821	888
17	1	6	134	888	966
17	2	3	135	1042	1068
17	9	6	136	1163	1206
18	3	7	137	53	74
18	1	4	138	187	227
18	0	5	139	302	335
18	1	6	140	341	393
18	7	6	141	469	490
18	9	6	142	768	806
18	4	7	143	848	905
18	7	5	144	955	990
19	3	6	145	0	42
19	0	4	146	227	299
19	7	0	147	396	453
19	4	3	148	598	667
19	1	4	149	673	686
19	3	4	150	686	781
20	1	6	151	393	415
20	8	5	152	478	546
20	0	2	153	566	617
20	9	1	154	806	820
20	5	3	155	888	954
21	9	7	156	125	136
21	2	7	157	163	211
21	9	7	158	211	281
21	7	2	159	499	547
21	1	4	160	589	673
21	4	2	161	810	844
21	0	4	162	881	900
21	1	3	163	1068	1136
22	5	4	164	0	18
22	7	0	165	68	160
22	5	0	166	365	396
22	8	7	167	408	456
22	5	0	168	477	488
22	2	7	169	791	848
22	9	1	170	887	948
22	2	4	171	984	1022
23	2	7	172	0	53
23	9	7	173	281	355
23	1	4	174	445	500
23	2	7	175	905	976
23	3	7	176	1061	1075
24	0	1	177	68	140
24	3	4	178	333	385
24	9	1	179	462	517
24	0	5	180	617	711
24	0	2	181	711	727
24	8	2	182	951	981
24	1	1	183	986	1013
24	7	5	184	1072	1102
24	8	2	185	1165	1194


Solution History:
