This is the output of Heuristic Solver for Dual resource constrained flexible job shop Scheduling Problem.
Input file is: wfjsp13_4.txt
Method: FaF
Seed: 1
Number of Jobs: 25
Number of Operations: 255
Number of Machines: 15
Number of Operators: 15
CPU Time: 30.1813
obj: 924
Best found lower bound:0
Solver gap (best found lower bound and upper bound difference): Not known


Final Solution:
Job	Machine	Operator	Operation	Start Time	Finish Time
0	1	9	0	0	71
0	8	7	1	137	198
0	12	12	2	376	445
0	13	8	3	446	513
0	2	1	4	532	627
0	10	3	5	650	683
0	8	10	6	718	763
0	4	0	7	767	780
0	9	4	8	801	853
1	12	10	9	0	20
1	6	13	10	72	87
1	0	7	11	94	137
1	3	4	12	137	209
1	1	0	13	264	289
1	14	2	14	385	461
1	7	5	15	533	607
1	6	13	16	607	671
1	6	14	17	753	804
1	5	5	18	826	860
2	13	2	19	0	17
2	14	6	20	37	83
2	0	12	21	213	288
2	2	0	22	339	348
2	8	0	23	348	411
2	12	12	24	445	513
2	10	5	25	516	530
2	11	13	26	530	598
2	2	9	27	756	825
3	0	7	28	0	94
3	7	8	29	128	176
3	12	6	30	231	321
3	0	1	31	335	401
3	6	14	32	417	485
3	10	3	33	533	580
3	9	7	34	588	604
3	13	4	35	650	722
3	12	11	36	740	768
3	11	12	37	772	792
3	11	3	38	801	867
3	9	4	39	867	917
4	2	1	40	0	57
4	2	11	41	256	287
4	2	9	42	287	339
4	1	9	43	339	407
4	11	13	44	453	525
4	3	9	45	525	590
4	5	14	46	600	630
4	8	11	47	630	655
4	5	14	48	657	724
4	11	12	49	740	772
4	5	7	50	860	910
5	4	8	51	82	111
5	5	5	52	122	218
5	1	10	53	221	260
5	9	7	54	333	347
5	12	12	55	347	376
5	11	13	56	376	453
5	13	2	57	513	526
5	11	2	58	664	740
5	13	4	59	740	780
5	10	10	60	790	850
5	1	1	61	850	890
5	0	12	62	890	919
6	4	0	63	0	13
6	14	6	64	13	37
6	3	4	65	77	128
6	3	3	66	209	265
6	3	3	67	357	404
6	1	9	68	407	437
6	2	4	69	472	532
6	2	9	70	627	690
6	0	12	71	792	824
6	6	14	72	871	921
7	10	0	73	13	89
7	11	13	74	143	191
7	2	9	75	193	202
7	11	13	76	240	315
7	14	2	77	338	385
7	9	7	78	393	413
7	1	10	79	551	626
7	8	10	80	657	718
7	3	6	81	794	855
8	7	5	82	0	56
8	6	13	83	87	114
8	8	7	84	198	286
8	4	7	85	286	308
8	13	8	86	312	341
8	13	8	87	341	391
8	10	5	88	439	516
8	6	7	89	516	566
8	12	6	90	581	605
8	5	10	91	630	657
8	2	9	92	690	756
8	14	2	93	765	821
9	13	2	94	17	63
9	10	6	95	89	135
9	10	3	96	281	355
9	9	7	97	413	481
9	7	3	98	490	533
9	5	14	99	588	600
9	13	4	100	600	650
9	14	11	101	655	688
9	0	8	102	716	745
9	0	8	103	745	792
9	4	0	104	842	859
10	7	10	105	57	128
10	0	12	106	137	213
10	9	7	107	347	393
10	7	3	108	451	490
10	4	0	109	502	567
10	4	0	110	567	635
10	9	7	111	636	684
10	4	0	112	701	767
10	14	2	113	821	895
11	1	9	114	71	81
11	13	11	115	101	188
11	8	11	116	287	336
11	10	5	117	357	439
11	14	6	118	513	542
11	9	3	119	684	730
11	5	10	120	763	790
11	5	8	121	792	826
12	13	11	122	66	101
12	14	2	123	110	175
12	4	0	124	221	264
12	7	10	125	264	334
12	2	11	126	394	472
12	5	10	127	476	524
12	3	9	128	590	618
12	7	5	129	669	744
12	13	11	130	780	850
12	11	3	131	867	908
13	3	4	132	0	48
13	9	3	133	71	90
13	1	0	134	90	138
13	12	14	135	185	229
13	10	14	136	231	267
13	6	4	137	365	417
13	5	6	138	417	464
13	12	12	139	513	529
13	9	14	140	562	588
13	0	8	141	595	641
13	1	1	142	674	777
13	7	8	143	826	877
14	4	9	144	111	175
14	7	8	145	176	244
14	5	8	146	247	278
14	7	10	147	334	402
14	3	6	148	470	484
14	12	6	149	542	581
14	1	1	150	627	674
14	10	7	151	684	711
14	5	14	152	724	753
14	6	14	153	804	871
15	9	3	154	116	208
15	3	5	155	265	357
15	4	10	156	408	476
15	4	7	157	481	502
15	1	10	158	524	551
15	14	2	159	551	586
15	11	2	160	598	664
15	8	0	161	859	910
16	8	12	162	46	118
16	6	10	163	128	194
16	4	10	164	194	220
16	2	9	165	220	229
16	2	4	166	230	256
16	6	4	167	256	300
16	6	4	168	300	365
16	8	0	169	411	495
16	8	11	170	566	629
16	3	6	171	699	794
16	7	5	172	800	824
16	2	9	173	825	924
17	6	13	174	0	72
17	10	6	175	135	231
17	13	8	176	280	312
17	4	7	177	312	327
17	2	11	178	348	394
17	13	8	179	394	446
17	3	4	180	447	470
17	8	11	181	495	566
17	9	7	182	604	636
17	0	8	183	641	716
17	12	13	184	768	837
17	10	10	185	850	915
18	4	8	186	13	82
18	5	5	187	92	122
18	1	0	188	138	221
18	0	12	189	288	335
18	5	14	190	352	417
18	3	6	191	618	699
18	10	7	192	711	770
18	4	0	193	780	842
19	5	11	194	0	66
19	9	3	195	90	116
19	8	12	196	118	135
19	9	4	197	209	230
19	5	14	198	281	352
19	3	1	199	404	447
19	1	9	200	447	457
19	3	6	201	484	513
19	5	8	202	524	588
19	6	13	203	671	749
19	14	2	204	749	765
19	1	1	205	777	850
20	11	10	206	30	57
20	12	14	207	57	155
20	5	5	208	218	247
20	10	14	209	267	281
20	11	13	210	315	345
20	1	9	211	457	522
20	4	0	212	635	701
20	9	3	213	730	777
20	13	11	214	850	882
21	8	14	215	0	46
21	3	4	216	48	77
21	5	5	217	77	92
21	11	13	218	114	143
21	2	1	219	150	193
21	9	1	220	230	333
21	4	6	221	333	408
21	10	3	222	580	650
21	7	5	223	744	800
21	0	12	224	824	890
21	1	6	225	890	913
22	11	12	226	0	30
22	2	1	227	57	150
22	11	2	228	191	240
22	14	2	229	248	295
22	7	3	230	404	451
22	0	1	231	451	528
22	13	4	232	532	576
22	7	5	233	607	669
22	12	12	234	673	740
22	8	7	235	770	858
22	13	11	236	882	891
22	3	1	237	891	922
23	9	3	238	0	71
23	12	14	239	155	185
23	14	11	240	188	248
23	14	0	241	295	338
23	9	14	242	485	562
23	12	12	243	605	673
23	14	11	244	688	736
23	3	6	245	855	885
24	10	6	246	0	12
24	11	2	247	63	110
24	6	13	248	194	228
24	13	9	249	229	280
24	14	2	250	461	513
24	0	12	251	529	595
24	9	3	252	777	801
24	12	13	253	837	866
24	4	13	254	866	920


Solution History:
