This is the output of Heuristic Solver for Dual resource constrained flexible job shop Scheduling Problem.
Input file is: wfjsp17_2.txt
Method: FaF
Seed: 3
Number of Jobs: 15
Number of Operations: 141
Number of Machines: 5
Number of Operators: 4
CPU Time: 23.2047
obj: 1767
Best found lower bound:0
Solver gap (best found lower bound and upper bound difference): Not known


Final Solution:
Job	Machine	Operator	Operation	Start Time	Finish Time
0	4	2	0	170	250
0	3	3	1	330	408
0	4	2	2	955	975
0	0	2	3	1038	1076
0	0	0	4	1151	1166
0	1	3	5	1220	1245
0	0	2	6	1485	1549
0	0	2	7	1685	1694
1	1	3	8	249	330
1	1	1	9	457	497
1	2	1	10	625	675
1	3	0	11	719	735
1	1	1	12	779	848
1	1	1	13	890	957
1	4	1	14	1455	1511
1	0	2	15	1549	1614
1	0	2	16	1652	1685
2	2	3	17	11	58
2	0	0	18	500	517
2	3	2	19	571	624
2	0	0	20	735	814
2	3	0	21	814	897
2	1	1	22	1007	1072
2	1	3	23	1156	1220
2	1	2	24	1245	1312
2	0	0	25	1313	1330
2	3	2	26	1392	1405
3	1	1	27	121	218
3	1	2	28	330	355
3	4	1	29	377	457
3	3	2	30	624	713
3	1	3	31	728	746
3	0	0	32	1245	1313
3	1	2	33	1313	1392
3	4	1	34	1403	1455
3	2	3	35	1665	1690
4	3	2	36	0	50
4	1	3	37	408	445
4	3	2	38	464	537
4	4	2	39	868	955
4	1	1	40	957	980
4	1	1	41	980	994
4	1	1	42	1072	1101
4	3	3	43	1245	1262
4	0	2	44	1614	1652
4	2	3	45	1690	1767
5	1	1	46	0	40
5	2	3	47	445	535
5	4	2	48	719	811
5	4	1	49	1101	1158
5	2	3	50	1262	1296
5	2	3	51	1296	1369
5	0	0	52	1397	1431
5	2	0	53	1558	1579
5	1	3	54	1601	1637
6	1	2	55	50	97
6	3	0	56	97	120
6	2	1	57	238	309
6	2	3	58	779	840
6	0	1	59	848	860
6	1	1	60	860	890
6	2	3	61	1068	1126
6	3	0	62	1579	1659
6	3	0	63	1659	1712
7	2	3	64	58	138
7	3	3	65	138	197
7	3	3	66	225	249
7	0	0	67	400	500
7	1	1	68	994	1007
7	3	0	69	1064	1138
7	0	0	70	1138	1151
7	2	3	71	1369	1430
7	3	3	72	1430	1490
7	3	3	73	1490	1541
8	0	1	74	309	377
8	2	3	75	535	623
8	0	1	76	675	730
8	4	2	77	811	868
8	3	0	78	897	980
8	2	3	79	1142	1156
8	4	1	80	1589	1638
8	1	1	81	1667	1713
8	4	1	82	1713	1767
9	0	0	83	0	16
9	4	0	84	16	96
9	3	3	85	197	225
9	4	0	86	273	294
9	4	0	87	294	329
9	0	2	88	537	571
9	2	3	89	840	928
9	0	2	90	975	1038
9	4	1	91	1511	1589
9	0	2	92	1694	1767
10	1	2	93	97	110
10	1	1	94	218	238
10	3	2	95	250	330
10	2	0	96	330	400
10	4	0	97	517	568
10	1	3	98	625	715
10	3	2	99	1155	1244
10	4	1	100	1245	1264
10	0	0	101	1330	1397
10	1	3	102	1541	1601
11	4	2	103	110	170
11	0	0	104	206	273
11	1	1	105	550	625
11	0	0	106	635	666
11	4	0	107	1016	1064
11	2	0	108	1174	1245
11	4	1	109	1264	1319
11	2	0	110	1431	1484
11	2	3	111	1637	1665
12	0	1	112	75	121
12	2	0	113	138	206
12	4	0	114	568	635
12	2	3	115	715	728
12	4	0	116	980	995
12	0	2	117	1076	1099
12	4	1	118	1158	1245
12	1	2	119	1405	1485
12	1	1	120	1638	1667
13	3	2	121	408	464
13	1	1	122	497	550
13	1	3	123	746	771
13	2	3	124	963	993
13	4	0	125	995	1016
13	2	3	126	1031	1042
13	2	3	127	1042	1068
13	2	3	128	1126	1142
13	0	0	129	1166	1174
13	2	0	130	1484	1558
14	2	3	131	0	11
14	0	1	132	40	75
14	1	2	133	355	408
14	4	0	134	666	719
14	2	1	135	730	779
14	2	3	136	928	963
14	2	3	137	993	1031
14	1	2	138	1101	1155
14	4	1	139	1319	1403
14	3	0	140	1712	1766


Solution History:
