This is the output of Heuristic Solver for Dual resource constrained flexible job shop Scheduling Problem.
Input file is: wfjsp24_10.txt
Method: FaF
Seed: 1
Number of Jobs: 40
Number of Operations: 310
Number of Machines: 15
Number of Operators: 12
CPU Time: 48.2502
obj: 1401
Best found lower bound:0
Solver gap (best found lower bound and upper bound difference): Not known


Final Solution:
Job	Machine	Operator	Operation	Start Time	Finish Time
0	3	2	0	66	146
0	3	10	1	305	380
0	13	6	2	489	552
0	11	4	3	781	868
0	13	9	4	973	1037
0	8	7	5	1153	1180
0	13	8	6	1226	1257
0	9	0	7	1329	1388
1	6	3	8	94	185
1	2	2	9	209	237
1	5	4	10	282	316
1	10	1	11	417	451
1	10	11	12	582	665
1	9	1	13	796	880
1	6	0	14	932	994
1	2	0	15	1082	1171
2	3	7	16	211	298
2	10	9	17	300	311
2	1	9	18	311	319
2	4	3	19	385	433
2	9	4	20	433	501
2	4	11	21	793	869
2	10	9	22	1105	1160
2	12	7	23	1316	1384
3	12	3	24	205	253
3	11	3	25	253	273
3	10	1	26	371	417
3	7	6	27	1031	1052
3	1	8	28	1053	1139
4	3	0	29	149	181
4	12	8	30	254	327
4	2	10	31	675	747
4	14	0	32	789	857
4	11	1	33	1045	1081
4	3	7	34	1180	1233
5	9	1	35	140	219
5	4	3	36	273	288
5	10	5	37	348	369
5	0	7	38	369	389
5	12	3	39	478	526
5	3	3	40	599	635
5	6	9	41	829	914
5	0	5	42	1178	1244
6	7	10	43	68	151
6	3	2	44	495	511
6	11	6	45	553	566
6	12	0	46	571	642
6	12	7	47	908	952
6	14	6	48	1337	1351
7	8	4	49	186	282
7	12	4	50	644	733
7	8	4	51	868	894
7	1	9	52	1160	1229
7	11	2	53	1384	1393
8	9	0	54	31	110
8	11	5	55	273	345
8	12	1	56	353	371
8	3	8	57	520	591
8	0	5	58	627	661
8	14	1	59	880	889
8	14	1	60	889	978
8	13	2	61	1044	1093
8	14	6	62	1256	1337
9	3	2	63	422	495
9	1	11	64	495	582
9	5	3	65	727	799
9	11	5	66	956	1002
9	5	4	67	1053	1102
9	14	0	68	1172	1188
9	6	3	69	1190	1213
9	11	2	70	1274	1294
9	0	7	71	1294	1316
10	11	4	72	49	99
10	5	3	73	433	478
10	12	1	74	553	571
10	10	9	75	1037	1105
10	14	6	76	1351	1398
11	13	9	77	0	37
11	8	11	78	144	183
11	8	10	79	380	464
11	7	2	80	591	630
11	7	1	81	757	794
11	1	5	82	826	850
11	3	5	83	932	943
11	9	4	84	962	1049
11	6	6	85	1145	1179
12	14	7	86	0	32
12	8	7	87	298	367
12	9	2	88	630	710
12	1	10	89	932	947
12	3	10	90	1023	1103
13	2	5	91	0	64
13	10	6	92	78	111
13	3	3	93	185	205
13	1	11	94	373	461
13	14	7	95	465	517
13	9	9	96	528	602
13	8	11	97	665	737
13	0	3	98	916	986
13	4	11	99	1160	1238
13	2	0	100	1240	1329
14	4	3	101	0	72
14	14	3	102	290	385
14	6	1	103	583	673
14	10	11	104	869	908
14	14	1	105	978	1012
14	7	7	106	1055	1100
14	4	3	107	1240	1330
14	1	10	108	1330	1344
15	10	5	109	131	219
15	6	5	110	219	230
15	5	4	111	359	426
15	13	5	112	562	627
15	4	11	113	737	793
15	12	2	114	796	888
15	13	8	115	1257	1328
16	6	6	116	0	78
16	13	6	117	290	367
16	14	3	118	526	599
16	13	5	119	736	826
16	2	8	120	944	974
16	14	7	121	1020	1055
16	9	8	122	1142	1226
16	0	4	123	1320	1344
17	5	11	124	201	277
17	2	8	125	503	520
17	5	8	126	591	614
17	0	9	127	744	784
17	4	6	128	1052	1081
17	12	2	129	1093	1126
17	8	7	130	1233	1265
18	7	4	131	0	49
18	2	3	132	72	94
18	4	11	133	288	373
18	7	5	134	420	430
18	7	7	135	517	591
18	14	0	136	711	727
18	8	7	137	742	809
18	11	8	138	868	941
18	11	2	139	1252	1274
18	10	9	140	1324	1393
19	14	7	141	51	123
19	11	1	142	451	517
19	3	8	143	695	790
19	10	8	144	805	868
19	9	4	145	894	962
19	12	10	146	1290	1303
19	8	11	147	1319	1399
20	10	8	148	0	65
20	6	1	149	248	338
20	6	9	150	353	397
20	14	9	151	397	410
20	11	1	152	517	553
20	2	6	153	859	944
20	4	7	154	952	1020
20	13	10	155	1103	1187
20	10	11	156	1239	1319
21	12	4	157	99	186
21	1	4	158	319	357
21	10	0	159	461	492
21	10	6	160	726	798
21	5	2	161	888	973
21	6	5	162	1027	1054
21	1	5	163	1244	1304
22	0	1	164	51	140
22	7	0	165	181	229
22	2	8	166	432	503
22	4	2	167	511	589
22	11	1	168	673	709
22	11	4	169	733	781
22	6	9	170	784	829
22	10	6	171	944	1031
22	11	4	172	1166	1252
22	4	1	173	1330	1400
23	9	0	174	0	31
23	14	7	175	123	211
23	0	9	176	254	300
23	5	8	177	614	695
23	1	10	178	747	761
23	5	3	179	799	865
23	3	5	180	943	956
23	9	3	181	1076	1142
23	8	1	182	1180	1202
23	0	4	183	1344	1391
24	8	10	184	0	68
24	11	6	185	111	185
24	12	0	186	371	461
24	8	10	187	464	543
24	0	6	188	798	859
24	13	9	189	934	973
24	6	5	190	1002	1027
24	14	1	191	1081	1172
24	7	4	192	1252	1304
24	13	8	193	1328	1384
25	13	5	194	64	131
25	11	8	195	189	224
25	6	6	196	408	489
25	0	4	197	528	576
25	3	0	198	642	674
25	0	0	199	994	1082
25	7	5	200	1120	1155
25	12	7	201	1277	1290
25	3	10	202	1303	1329
26	11	1	203	0	36
26	2	8	204	164	189
26	7	5	205	230	260
26	3	7	206	389	422
26	0	9	207	477	528
26	7	10	208	947	1023
26	3	2	209	1126	1157
26	10	0	210	1188	1239
27	13	10	211	151	228
27	7	5	212	430	496
27	5	4	213	501	525
27	13	6	214	646	726
27	10	9	215	914	934
27	5	8	216	974	1053
27	2	3	217	1213	1240
27	5	3	218	1330	1397
28	12	2	219	0	20
28	5	11	220	57	90
28	2	2	221	326	413
28	4	7	222	591	659
28	6	1	223	709	735
28	7	1	224	736	757
28	8	7	225	809	840
28	7	0	226	857	932
28	9	9	227	1245	1324
29	5	8	228	96	164
29	13	0	229	229	275
29	7	5	230	370	420
29	0	7	231	422	465
29	9	2	232	710	796
29	2	3	233	986	1076
29	11	2	234	1294	1384
30	5	11	235	0	57
30	4	6	236	185	246
30	7	5	237	260	268
30	6	1	238	338	353
30	13	9	239	410	477
30	2	3	240	635	672
30	11	3	241	718	727
30	13	10	242	839	911
30	4	7	243	1100	1153
30	12	10	244	1190	1277
31	0	7	245	32	40
31	0	7	246	40	51
31	1	9	247	51	78
31	8	4	248	576	644
31	7	5	249	661	736
31	0	3	250	865	916
31	5	11	251	1116	1160
31	14	1	252	1202	1256
32	9	10	253	228	305
32	1	10	254	626	675
32	1	8	255	790	805
32	4	2	256	1022	1044
32	0	4	257	1102	1166
33	7	0	258	275	370
33	0	7	259	661	742
33	8	11	260	1070	1116
33	3	5	261	1157	1178
33	13	8	262	1384	1394
34	0	9	263	154	198
34	10	9	264	319	348
34	14	9	265	602	675
34	11	1	266	1012	1045
34	5	6	267	1179	1251
35	3	2	268	20	66
35	12	8	269	66	96
35	0	9	270	198	254
35	11	8	271	359	432
35	4	11	272	461	484
35	1	9	273	675	744
35	8	11	274	908	992
35	11	6	275	1081	1145
35	7	5	276	1304	1390
36	2	0	277	110	149
36	5	11	278	183	201
36	14	6	279	246	290
36	6	5	280	496	562
36	1	5	281	850	932
36	6	5	282	1054	1120
37	2	2	283	237	326
37	2	10	284	543	626
37	10	0	285	674	711
37	14	0	286	727	789
37	12	3	287	1142	1190
37	6	9	288	1229	1245
37	1	10	289	1378	1401
38	8	11	290	90	144
38	1	2	291	146	209
38	10	1	292	219	248
38	10	0	293	492	567
38	5	1	294	571	583
38	2	10	295	761	839
38	3	7	296	840	908
38	3	2	297	973	1022
38	7	2	298	1157	1244
38	1	4	299	1304	1320
39	4	9	300	78	154
39	1	8	301	224	254
39	5	8	302	327	359
39	13	6	303	367	408
39	11	6	304	566	646
39	4	3	305	672	718
39	8	11	306	992	1070
39	5	1	307	1256	1328
39	1	10	308	1344	1359
39	3	10	309	1359	1378


Solution History:
