This is the output of Heuristic Solver for Dual resource constrained flexible job shop Scheduling Problem.
Input file is: wfjsp8_6.txt
Method: FaF
Seed: 3
Number of Jobs: 15
Number of Operations: 122
Number of Machines: 5
Number of Operators: 5
CPU Time: 7.1939
obj: 1294
Best found lower bound:0
Solver gap (best found lower bound and upper bound difference): Not known


Final Solution:
Job	Machine	Operator	Operation	Start Time	Finish Time
0	1	4	0	0	62
0	4	1	1	321	361
0	3	4	2	432	498
0	4	1	3	499	540
0	1	2	4	567	655
0	0	3	5	796	881
0	2	2	6	999	1028
0	0	4	7	1075	1102
0	3	3	8	1133	1218
1	1	4	9	62	76
1	4	1	10	154	236
1	3	4	11	366	432
1	2	0	12	510	543
1	2	0	13	658	694
1	4	2	14	705	761
1	3	3	15	968	1051
1	0	4	16	1216	1292
2	2	0	17	116	207
2	2	0	18	207	235
2	1	2	19	254	302
2	3	4	20	498	551
2	3	4	21	641	682
2	4	2	22	761	855
2	4	0	23	945	1020
2	0	4	24	1160	1216
3	4	1	25	24	60
3	1	4	26	76	108
3	1	2	27	116	125
3	1	2	28	371	444
3	2	0	29	572	658
3	4	2	30	658	705
3	2	0	31	815	829
3	2	2	32	918	999
3	0	4	33	999	1075
3	3	3	34	1218	1259
4	3	4	35	108	185
4	4	1	36	236	275
4	4	1	37	475	499
4	4	1	38	540	625
4	3	4	39	682	718
4	1	1	40	733	784
4	1	1	41	1025	1071
4	4	0	42	1226	1292
5	0	3	43	0	85
5	1	2	44	165	254
5	2	0	45	278	327
5	3	4	46	551	641
5	3	3	47	1051	1085
5	1	1	48	1095	1141
5	4	0	49	1213	1226
6	3	2	50	0	89
6	0	3	51	98	131
6	4	1	52	140	154
6	4	1	53	275	321
6	2	0	54	327	415
6	1	1	55	722	733
6	1	1	56	817	906
6	1	1	57	906	972
6	4	0	58	1072	1146
6	2	2	59	1201	1246
7	3	4	60	185	273
7	1	2	61	358	371
7	2	0	62	415	510
7	0	3	63	548	601
7	0	3	64	675	697
7	4	0	65	918	945
7	2	2	66	1117	1201
8	1	2	67	125	165
8	1	2	68	444	529
8	1	1	69	655	722
8	1	1	70	784	798
8	0	4	71	1102	1134
8	1	1	72	1141	1183
9	0	3	73	131	220
9	2	0	74	235	278
9	0	3	75	495	539
9	0	3	76	539	548
9	0	3	77	772	796
9	2	0	78	829	917
9	2	2	79	1028	1117
9	4	0	80	1146	1157
10	4	1	81	0	24
10	3	3	82	89	98
10	3	4	83	273	366
10	4	1	84	366	387
10	0	3	85	697	772
10	3	3	86	881	968
10	1	1	87	972	1025
10	1	1	88	1071	1095
10	3	3	89	1259	1294
11	0	3	90	220	304
11	1	2	91	338	358
11	1	1	92	798	817
11	4	2	93	855	893
11	0	4	94	896	946
11	2	2	95	1246	1289
12	2	0	96	0	95
12	4	1	97	387	475
12	2	0	98	543	572
12	0	3	99	601	675
12	3	4	100	718	778
12	3	4	101	778	789
12	0	4	102	946	984
12	3	3	103	1085	1133
12	0	4	104	1145	1160
12	4	0	105	1179	1213
13	2	2	106	95	116
13	1	2	107	302	338
13	0	3	108	392	495
13	1	2	109	529	567
13	4	1	110	625	653
13	3	4	111	789	879
13	4	2	112	893	918
13	4	0	113	1020	1072
14	4	1	114	60	140
14	0	3	115	304	392
14	2	0	116	694	779
14	2	0	117	779	815
14	0	4	118	881	896
14	0	4	119	1134	1145
14	4	0	120	1157	1179
14	1	1	121	1183	1279


Solution History:
