This is the output of Heuristic Solver for Dual resource constrained flexible job shop Scheduling Problem.
Input file is: wfjsp7_1.txt
Method: FaF
Seed: 3
Number of Jobs: 12
Number of Operations: 85
Number of Machines: 5
Number of Operators: 5
CPU Time: 2.16391
obj: 842
Best found lower bound:0
Solver gap (best found lower bound and upper bound difference): Not known


Final Solution:
Job	Machine	Operator	Operation	Start Time	Finish Time
0	3	2	0	0	71
0	4	4	1	154	179
0	1	4	2	191	237
0	1	0	3	403	498
0	4	4	4	638	715
1	4	0	5	227	288
1	3	2	6	323	395
1	4	4	7	463	496
1	4	4	8	529	567
1	3	2	9	672	707
1	3	2	10	707	715
1	1	0	11	715	733
1	2	1	12	746	760
1	1	0	13	788	837
2	4	4	14	13	80
2	4	0	15	179	227
2	1	4	16	237	260
2	4	4	17	351	361
2	3	2	18	395	457
2	1	0	19	498	546
2	0	3	20	646	745
3	3	2	21	71	181
3	3	2	22	517	564
3	4	4	23	567	638
3	0	3	24	745	759
3	3	2	25	782	813
3	4	4	26	818	842
4	2	0	27	0	21
4	0	3	28	87	140
4	2	1	29	201	280
4	4	4	30	361	406
4	0	3	31	417	473
4	0	3	32	549	646
4	3	2	33	730	782
5	4	4	34	0	13
5	2	1	35	22	64
5	4	4	36	115	143
5	3	2	37	181	214
5	0	3	38	239	315
5	2	1	39	315	385
5	4	4	40	496	529
5	2	1	41	538	636
5	3	2	42	813	838
6	2	1	43	64	121
6	4	4	44	143	154
6	1	4	45	179	191
6	1	4	46	260	338
6	1	4	47	338	349
6	2	1	48	385	395
6	2	1	49	494	538
6	0	3	50	759	834
7	0	3	51	72	87
7	1	0	52	112	178
7	3	2	53	457	517
7	4	4	54	715	753
7	4	4	55	773	818
8	1	0	56	22	112
8	4	0	57	288	332
8	2	1	58	395	494
8	3	2	59	602	672
8	1	0	60	680	705
8	1	0	61	733	788
9	1	1	62	0	22
9	0	3	63	24	72
9	0	3	64	140	239
9	3	2	65	252	286
9	4	0	66	332	351
9	1	0	67	351	403
9	1	0	68	546	596
9	2	1	69	636	706
9	2	1	70	706	746
10	0	3	71	0	24
10	4	4	72	80	115
10	3	2	73	214	252
10	3	2	74	286	323
10	4	4	75	406	463
10	1	0	76	596	680
10	2	1	77	760	839
11	2	1	78	121	201
11	0	3	79	315	417
11	0	3	80	473	549
11	3	2	81	564	602
11	3	2	82	715	730
11	4	4	83	753	773
11	0	3	84	834	842


Solution History:
