This is the output of Heuristic Solver for Dual resource constrained flexible job shop Scheduling Problem.
Input file is: wfjsp11_10.txt
Method: FaF
Seed: 1
Number of Jobs: 20
Number of Operations: 190
Number of Machines: 10
Number of Operators: 10
CPU Time: 7.73717
obj: 1147
Best found lower bound:0
Solver gap (best found lower bound and upper bound difference): Not known


Final Solution:
Job	Machine	Operator	Operation	Start Time	Finish Time
0	7	7	0	31	107
0	8	1	1	250	334
0	1	0	2	364	427
0	6	9	3	632	716
0	8	0	4	834	887
0	6	1	5	999	1030
0	5	9	6	1088	1119
1	5	6	7	0	48
1	7	7	8	107	193
1	5	6	9	201	226
1	4	9	10	282	316
1	9	9	11	386	418
1	0	5	12	430	519
1	9	3	13	533	617
1	0	8	14	639	700
1	7	7	15	700	789
1	4	4	16	855	937
1	6	1	17	985	999
1	4	4	18	1018	1027
1	3	7	19	1028	1076
1	2	8	20	1081	1147
2	9	9	21	0	83
2	9	2	22	180	231
2	5	6	23	231	310
2	2	3	24	345	390
2	3	6	25	419	442
2	4	4	26	470	524
2	6	9	27	529	546
2	4	4	28	546	634
2	7	7	29	665	695
2	5	9	30	823	897
2	4	4	31	937	1018
2	0	8	32	1018	1081
2	9	3	33	1092	1128
3	6	9	34	83	145
3	3	8	35	260	334
3	1	0	36	350	364
3	0	5	37	406	430
3	2	8	38	466	485
3	0	5	39	519	567
3	0	5	40	701	735
3	2	6	41	735	829
3	8	6	42	1066	1139
4	0	5	43	68	156
4	4	3	44	191	206
4	2	6	45	404	419
4	2	8	46	501	567
4	4	4	47	634	680
4	2	5	48	687	701
4	0	5	49	894	985
5	4	4	50	70	157
5	3	5	51	180	209
5	9	9	52	316	386
5	2	6	53	395	404
5	8	1	54	473	553
5	0	8	55	567	639
5	2	5	56	653	674
5	0	5	57	735	804
5	2	6	58	829	867
5	9	3	59	994	1003
5	9	3	60	1003	1092
6	1	4	61	22	70
6	1	0	62	196	285
6	4	4	63	316	388
6	5	2	64	472	562
6	5	2	65	671	750
6	8	0	66	785	834
6	7	2	67	857	908
6	7	7	68	1076	1092
6	1	0	69	1120	1146
7	3	7	70	0	19
7	4	5	71	44	68
7	6	2	72	271	329
7	7	7	73	441	490
7	5	2	74	648	671
7	8	0	75	713	785
7	1	8	76	877	926
7	8	0	77	974	1017
8	8	1	78	214	250
8	4	4	79	388	470
8	1	0	80	667	704
8	7	7	81	979	1012
8	4	4	82	1027	1054
8	0	5	83	1081	1093
9	8	1	84	88	178
9	8	1	85	178	214
9	6	2	86	231	271
9	1	0	87	285	350
9	5	2	88	395	472
9	4	4	89	524	541
9	6	9	90	546	632
9	5	2	91	750	823
9	6	2	92	823	857
9	6	1	93	884	903
9	3	2	94	908	1001
9	5	9	95	1038	1088
10	3	8	96	24	110
10	5	6	97	111	201
10	0	5	98	260	330
10	6	9	99	444	529
10	3	6	100	602	689
10	4	4	101	689	769
10	0	5	102	804	894
10	4	4	103	1054	1143
11	0	5	104	0	44
11	1	0	105	164	196
11	3	5	106	209	258
11	3	8	107	334	413
11	2	8	108	485	501
11	2	5	109	567	653
11	2	5	110	674	687
11	3	7	111	837	903
11	8	0	112	903	974
11	3	2	113	1076	1129
12	8	1	114	0	88
12	9	4	115	231	313
12	7	7	116	313	394
12	8	1	117	394	473
12	7	7	118	490	560
12	1	0	119	585	667
12	3	6	120	689	723
12	1	1	121	723	762
12	4	4	122	769	855
12	6	1	123	857	884
12	7	7	124	908	979
12	0	5	125	985	1003
12	3	2	126	1003	1028
12	1	2	127	1028	1075
12	6	1	128	1110	1141
13	4	8	129	0	24
13	6	9	130	145	187
13	6	3	131	395	444
13	2	8	132	701	720
13	9	3	133	786	876
14	6	9	134	187	197
14	5	6	135	310	395
14	9	9	136	418	432
14	3	6	137	531	602
14	6	1	138	903	985
15	1	4	139	0	22
15	3	8	140	110	180
15	4	3	141	206	281
15	6	2	142	329	395
15	8	1	143	553	646
15	8	1	144	646	713
15	9	3	145	713	786
15	7	7	146	789	801
15	2	6	147	867	950
15	5	9	148	969	1038
16	2	3	149	0	95
16	9	3	150	95	143
16	2	3	151	143	156
16	4	3	152	157	191
16	2	9	153	197	282
16	0	5	154	330	406
16	9	3	155	444	533
16	5	2	156	562	648
16	6	9	157	716	803
16	7	7	158	803	837
16	1	8	159	852	877
16	5	9	160	897	969
16	2	6	161	969	1059
17	7	2	162	0	31
17	7	7	163	238	303
17	1	0	164	427	518
17	3	8	165	723	770
17	6	1	166	1030	1110
18	6	0	167	0	75
18	5	0	168	75	111
18	7	7	169	193	238
18	7	7	170	394	441
18	3	6	171	442	531
18	9	3	172	617	705
18	3	8	173	770	836
18	9	3	174	876	907
18	1	8	175	926	1013
18	8	0	176	1017	1066
19	1	2	177	70	164
19	9	2	178	164	180
19	0	8	179	180	245
19	0	8	180	245	260
19	2	3	181	282	345
19	8	1	182	345	367
19	2	8	183	419	466
19	1	0	184	518	585
19	7	7	185	585	665
19	1	1	186	762	852
19	9	3	187	907	994
19	7	5	188	1012	1076
19	1	0	189	1076	1120


Solution History:
