This is the output of Heuristic Solver for Dual resource constrained flexible job shop Scheduling Problem.
Input file is: wfjsp16_8.txt
Method: FaF
Seed: 4
Number of Jobs: 40
Number of Operations: 295
Number of Machines: 15
Number of Operators: 15
CPU Time: 32.7426
obj: 1055
Best found lower bound:0
Solver gap (best found lower bound and upper bound difference): Not known


Final Solution:
Job	Machine	Operator	Operation	Start Time	Finish Time
0	14	5	0	245	273
0	5	8	1	295	370
0	13	7	2	426	454
0	1	2	3	595	654
0	12	7	4	712	793
1	1	14	5	162	215
1	6	0	6	224	286
1	9	4	7	333	343
1	6	10	8	485	534
1	10	9	9	538	584
1	8	4	10	710	738
1	14	4	11	812	918
1	5	1	12	960	970
2	2	3	13	144	233
2	12	9	14	235	258
2	12	4	15	343	405
2	3	11	16	409	477
2	12	7	17	684	712
2	4	8	18	839	904
2	6	2	19	906	951
3	1	3	20	21	66
3	7	5	21	66	103
3	1	14	22	215	273
3	11	12	23	285	350
3	4	2	24	350	408
3	0	14	25	506	602
3	4	3	26	651	720
3	3	5	27	720	788
3	6	9	28	831	906
3	3	11	29	956	1026
4	4	2	30	235	296
4	7	3	31	308	375
4	2	1	32	385	443
4	7	5	33	459	498
4	1	12	34	684	777
4	12	2	35	810	903
4	3	1	36	927	956
5	10	1	37	80	107
5	11	12	38	150	217
5	7	7	39	296	307
5	3	0	40	483	554
5	3	4	41	660	688
5	14	1	42	722	731
5	5	7	43	803	845
5	13	3	44	897	931
6	7	8	45	130	177
6	10	10	46	318	414
6	2	6	47	443	481
6	13	11	48	546	597
6	13	2	49	654	714
6	0	13	50	903	976
7	0	4	51	0	12
7	8	4	52	12	29
7	9	4	53	228	266
7	6	0	54	429	483
7	2	4	55	792	810
7	1	14	56	839	908
8	7	7	57	0	52
8	0	13	58	197	264
8	1	6	59	346	385
8	3	0	60	554	659
8	10	9	61	680	747
8	7	5	62	802	828
8	12	2	63	951	973
8	10	3	64	973	1015
9	4	14	65	90	158
9	7	8	66	177	193
9	7	5	67	278	296
9	13	7	68	308	344
9	0	14	69	459	506
9	11	8	70	639	700
9	11	8	71	744	761
9	11	12	72	897	964
9	9	5	73	1011	1050
10	3	0	74	0	27
10	7	8	75	103	130
10	13	11	76	149	180
10	9	4	77	266	333
10	1	6	78	385	427
10	7	5	79	828	856
10	9	11	80	859	936
11	10	9	81	0	26
11	2	6	82	44	112
11	6	0	83	166	224
11	6	0	84	352	429
11	9	4	85	568	660
11	14	6	86	683	720
11	7	6	87	720	795
11	4	8	88	989	1053
12	6	10	89	0	76
12	10	7	90	162	219
12	3	11	91	275	344
12	2	3	92	500	572
12	4	7	93	582	651
12	5	10	94	783	803
12	5	7	95	845	917
12	13	2	96	973	1033
13	3	11	97	52	149
13	14	5	98	151	215
13	0	0	99	286	341
13	8	8	100	462	529
13	10	9	101	584	680
13	0	13	102	772	857
13	9	5	103	938	1011
14	9	4	104	136	228
14	8	6	105	231	264
14	8	13	106	264	283
14	8	13	107	346	414
14	1	7	108	654	684
14	3	4	109	688	710
14	8	4	110	738	792
14	8	13	111	987	1050
15	4	7	112	52	90
15	1	7	113	90	162
15	8	13	114	414	462
15	9	4	115	473	568
15	12	6	116	595	639
15	14	1	117	731	812
15	4	8	118	826	839
15	2	1	119	970	1025
15	2	11	120	1026	1042
16	13	3	121	66	144
16	11	5	122	380	447
16	4	7	123	454	488
16	7	5	124	634	716
16	5	7	125	917	960
16	6	10	126	1002	1051
17	9	2	127	0	47
17	9	2	128	47	63
17	12	2	129	85	115
17	4	2	130	296	350
17	11	12	131	448	518
17	1	2	132	531	595
17	0	13	133	706	772
17	11	12	134	777	846
17	13	3	135	870	897
17	7	7	136	960	1009
18	11	3	137	0	21
18	8	6	138	112	154
18	12	2	139	203	232
18	14	10	140	415	485
18	7	5	141	542	562
18	6	1	142	624	665
18	8	6	143	795	859
18	14	6	144	948	980
19	14	6	145	0	36
19	4	9	146	166	235
19	5	3	147	434	496
19	6	1	148	556	624
19	2	10	149	772	783
19	3	1	150	812	899
20	2	11	151	24	44
20	5	10	152	150	217
20	12	1	153	443	501
20	6	10	154	534	547
20	10	0	155	814	886
21	8	8	156	0	9
21	13	5	157	9	61
21	7	8	158	210	278
21	7	8	159	405	459
21	12	6	160	501	595
21	5	10	161	623	650
21	11	12	162	846	866
21	10	0	163	886	958
22	1	2	164	66	82
22	6	9	165	85	166
22	11	5	166	352	380
22	0	14	167	409	459
22	14	13	168	485	495
22	0	14	169	648	706
22	2	11	170	706	772
22	0	13	171	857	903
23	10	0	172	108	160
23	9	11	173	344	408
23	13	3	174	599	648
23	10	0	175	756	814
23	12	9	176	906	922
24	11	12	177	63	142
24	13	11	178	180	246
24	5	3	179	375	434
24	11	8	180	557	639
24	3	5	181	788	802
24	11	12	182	866	897
24	12	10	183	924	951
24	12	9	184	973	1007
24	12	9	185	1007	1041
25	12	9	186	36	85
25	8	6	187	154	165
25	14	5	188	215	245
25	4	12	189	415	448
25	14	13	190	495	523
25	2	11	191	599	696
25	5	14	192	977	1012
26	0	13	193	12	33
26	10	1	194	36	80
26	2	1	195	112	143
26	8	6	196	286	346
26	2	6	197	481	500
26	2	3	198	572	599
26	4	8	199	782	826
26	4	8	200	904	989
27	4	12	201	0	50
27	14	5	202	108	151
27	5	7	203	219	295
27	12	2	204	408	438
27	1	2	205	438	465
27	14	12	206	604	683
27	4	2	207	720	782
27	12	2	208	793	810
27	1	14	209	908	977
28	12	1	210	0	36
28	2	1	211	233	310
28	10	9	212	414	468
28	7	5	213	562	634
28	13	14	214	714	767
28	2	10	215	858	924
29	5	10	216	79	150
29	12	2	217	195	203
29	12	9	218	258	338
29	7	5	219	498	542
29	9	1	220	665	722
29	13	14	221	767	839
29	10	3	222	1015	1053
30	8	4	223	29	71
30	3	11	224	246	275
30	0	6	225	275	286
30	5	1	226	501	556
30	5	10	227	650	697
30	13	3	228	839	870
31	9	4	229	71	136
31	13	3	230	246	308
31	3	14	231	344	409
31	0	14	232	602	648
31	6	9	233	756	831
31	7	3	234	938	960
31	13	2	235	1033	1053
32	12	2	236	115	195
32	6	5	237	296	352
32	14	12	238	523	604
32	2	9	239	924	957
32	11	12	240	964	1055
33	1	14	241	0	8
33	0	13	242	118	197
33	11	12	243	217	285
33	14	13	244	285	332
33	1	2	245	465	531
33	8	13	246	624	695
33	5	10	247	697	766
33	14	6	248	922	948
33	13	3	249	960	969
33	14	0	250	980	1052
34	3	0	251	27	52
34	0	13	252	53	118
34	10	10	253	219	318
34	7	8	254	375	405
34	9	4	255	408	473
34	13	11	256	477	546
34	6	0	257	665	756
34	9	11	258	784	859
34	1	6	259	980	1052
35	14	0	260	53	108
35	7	8	261	193	210
35	0	9	262	341	405
35	8	13	263	529	592
35	3	1	264	899	927
35	6	10	265	951	1002
36	5	14	266	8	79
36	1	14	267	273	343
36	4	7	268	488	582
36	9	3	269	722	775
36	8	6	270	859	922
36	0	4	271	987	1019
37	3	1	272	149	233
37	14	12	273	350	415
37	5	10	274	556	623
37	8	13	275	695	704
37	9	11	276	775	784
37	7	5	277	856	938
38	2	11	278	0	24
38	11	8	279	24	63
38	8	6	280	165	231
38	13	7	281	344	426
38	11	8	282	529	557
38	8	13	283	592	624
38	12	6	284	639	683
38	1	3	285	777	837
38	8	4	286	922	987
38	5	7	287	1012	1051
39	14	13	288	36	53
39	8	8	289	71	100
39	11	12	290	142	150
39	2	1	291	310	385
39	10	9	292	468	538
39	11	8	293	700	744
39	2	10	294	810	858


Solution History:
