This is the output of Heuristic Solver for Dual resource constrained flexible job shop Scheduling Problem.
Input file is: wfjsp18_2.txt
Method: FaF
Seed: 2
Number of Jobs: 20
Number of Operations: 160
Number of Machines: 10
Number of Operators: 8
CPU Time: 9.442
obj: 1040
Best found lower bound:0
Solver gap (best found lower bound and upper bound difference): Not known


Final Solution:
Job	Machine	Operator	Operation	Start Time	Finish Time
0	4	5	0	0	76
0	4	0	1	263	331
0	4	4	2	414	434
0	4	5	3	759	797
0	0	1	4	845	860
1	0	1	5	75	95
1	8	6	6	95	169
1	9	7	7	211	222
1	5	7	8	327	406
1	0	3	9	406	449
1	6	4	10	478	534
1	5	7	11	566	583
1	1	3	12	676	741
1	1	6	13	855	921
2	1	3	14	0	61
2	9	2	15	65	134
2	0	2	16	153	185
2	8	1	17	324	368
2	1	0	18	392	411
2	9	2	19	448	503
2	4	5	20	506	584
2	9	5	21	584	672
2	5	0	22	687	752
2	0	3	23	860	924
3	3	2	24	0	65
3	5	7	25	193	211
3	0	3	26	263	275
3	1	6	27	307	392
3	3	0	28	530	552
3	1	7	29	583	659
3	1	0	30	752	845
3	8	5	31	882	898
3	5	7	32	944	1009
4	5	1	33	116	193
4	8	1	34	270	324
4	6	3	35	348	373
4	1	6	36	503	561
4	0	3	37	566	603
4	7	3	38	603	676
4	6	6	39	722	810
4	3	0	40	845	864
4	2	0	41	868	882
4	8	5	42	967	995
5	5	0	43	0	17
5	6	1	44	33	75
5	0	2	45	185	260
5	2	6	46	406	445
5	5	3	47	752	850
5	3	4	48	943	1040
6	7	7	49	28	94
6	3	4	50	189	217
6	0	3	51	275	348
6	8	1	52	380	419
6	7	3	53	503	528
6	6	2	54	535	570
6	7	7	55	676	732
6	8	5	56	732	759
6	8	5	57	898	967
7	9	4	58	0	56
7	1	6	59	85	95
7	7	3	60	178	210
7	7	3	61	210	263
7	8	1	62	468	548
7	9	5	63	672	730
7	7	7	64	802	878
8	1	7	65	122	183
8	5	7	66	222	246
8	3	4	67	300	388
8	2	6	68	392	406
8	3	0	69	456	530
8	2	1	70	548	562
8	2	1	71	722	778
8	6	1	72	860	917
8	7	2	73	932	988
9	5	0	74	48	116
9	2	0	75	116	212
9	6	2	76	260	315
9	2	5	77	446	506
9	2	6	78	562	651
9	1	7	79	659	672
9	9	4	80	739	795
9	6	6	81	810	855
9	9	4	82	868	922
9	8	5	83	995	1010
10	5	7	84	246	327
10	2	0	85	340	359
10	3	0	86	434	456
10	5	3	87	456	487
10	3	0	88	552	583
10	3	4	89	583	666
10	4	2	90	808	871
11	3	4	91	73	146
11	8	1	92	193	270
11	2	1	93	368	380
11	0	3	94	380	405
11	1	7	95	411	487
11	8	1	96	571	639
11	6	2	97	658	714
11	8	5	98	797	882
11	4	0	99	882	975
12	0	1	100	95	112
12	6	6	101	169	242
12	9	6	102	242	307
12	7	2	103	315	366
12	5	7	104	487	566
12	0	1	105	639	717
12	7	7	106	732	768
12	6	1	107	917	965
12	2	6	108	965	1038
13	9	5	109	136	199
13	1	0	110	212	263
13	3	0	111	411	434
13	6	4	112	434	478
13	4	2	113	584	658
13	0	1	114	778	845
13	3	4	115	932	943
14	7	7	116	12	28
14	1	3	117	61	84
14	3	4	118	217	300
14	7	2	119	366	448
14	7	7	120	768	802
14	3	2	121	871	932
14	4	0	122	975	1028
15	0	4	123	56	73
15	1	7	124	95	122
15	6	2	125	134	153
15	4	0	126	331	340
15	4	4	127	389	414
15	0	3	128	487	502
15	1	1	129	562	571
15	4	4	130	666	739
15	7	6	131	921	930
16	0	1	132	0	33
16	4	5	133	76	136
16	9	5	134	326	386
16	8	1	135	419	468
16	0	2	136	503	535
16	5	0	137	583	620
16	1	1	138	965	1021
17	8	6	139	0	85
17	4	5	140	199	260
17	9	5	141	386	446
17	0	2	142	717	773
17	3	2	143	773	808
17	5	7	144	878	944
18	5	0	145	17	48
18	4	4	146	146	189
18	2	5	147	260	326
18	4	0	148	359	389
18	7	6	149	448	503
18	7	3	150	528	566
18	8	0	151	639	687
18	2	4	152	795	868
18	0	3	153	924	987
19	7	7	154	0	12
19	7	3	155	94	178
19	9	4	156	534	583
19	2	6	157	651	722
19	1	6	158	930	963
19	7	3	159	988	1038


Solution History:
