This is the output of Heuristic Solver for Dual resource constrained flexible job shop Scheduling Problem.
Input file is: wfjsp20_8.txt
Method: FaF
Seed: 1
Number of Jobs: 25
Number of Operations: 186
Number of Machines: 10
Number of Operators: 8
CPU Time: 27.2135
obj: 1223
Best found lower bound:0
Solver gap (best found lower bound and upper bound difference): Not known


Final Solution:
Job	Machine	Operator	Operation	Start Time	Finish Time
0	6	0	0	0	24
0	1	4	1	322	394
0	3	6	2	405	438
0	3	2	3	759	818
0	7	0	4	1150	1223
1	1	0	5	24	82
1	6	1	6	84	145
1	9	3	7	282	294
1	5	7	8	607	658
1	1	6	9	776	828
1	0	0	10	853	883
1	3	3	11	883	971
1	9	1	12	1104	1112
2	1	1	13	208	297
2	9	6	14	383	405
2	3	3	15	448	509
2	7	1	16	794	863
2	1	1	17	863	891
2	0	1	18	905	965
2	4	2	19	1177	1223
3	5	6	20	0	40
3	5	4	21	119	161
3	2	3	22	231	282
3	9	3	23	322	382
3	6	3	24	382	448
3	8	6	25	558	646
3	2	0	26	776	853
3	4	2	27	952	1020
3	8	2	28	1048	1118
3	1	1	29	1138	1206
4	2	0	30	144	205
4	4	1	31	297	362
4	7	1	32	362	423
4	5	5	33	565	601
4	2	5	34	601	686
4	5	4	35	1013	1109
4	1	1	36	1112	1138
5	4	6	37	136	160
5	7	3	38	160	231
5	8	2	39	531	542
5	6	1	40	557	626
5	5	7	41	658	687
5	7	3	42	866	874
5	9	4	43	894	940
5	6	3	44	1110	1149
6	8	7	45	210	265
6	0	0	46	283	373
6	2	4	47	522	559
6	9	3	48	573	620
6	3	2	49	818	873
6	1	6	50	914	989
7	1	1	51	0	12
7	7	3	52	44	59
7	0	2	53	138	184
7	3	2	54	347	401
7	1	0	55	460	477
7	0	4	56	1145	1222
8	3	4	57	69	119
8	6	1	58	145	208
8	2	7	59	347	394
8	1	0	60	477	558
8	9	4	61	792	854
8	6	5	62	941	968
8	6	5	63	1089	1110
8	7	5	64	1112	1150
9	1	3	65	82	151
9	3	7	66	159	175
9	5	4	67	210	232
9	6	5	68	296	337
9	0	2	69	557	605
9	6	6	70	646	695
9	5	7	71	797	814
9	4	0	72	883	952
9	9	3	73	1042	1090
10	0	2	74	105	138
10	5	7	75	175	210
10	4	0	76	373	398
10	4	2	77	401	465
10	3	6	78	518	558
10	8	1	79	768	794
10	8	2	80	873	952
11	6	6	81	40	67
11	4	6	82	67	136
11	8	5	83	139	205
11	7	6	84	438	518
11	8	1	85	681	768
11	2	4	86	854	894
11	0	3	87	971	1042
11	2	2	88	1118	1177
12	3	7	89	265	340
12	8	5	90	340	403
12	2	4	91	451	522
12	4	7	92	531	607
12	2	3	93	701	767
12	9	7	94	870	894
12	6	5	95	968	1036
12	6	3	96	1149	1214
13	8	2	97	0	105
13	6	5	98	234	296
13	4	2	99	465	531
13	3	4	100	559	623
13	0	4	101	636	718
13	0	0	102	1064	1145
13	8	5	103	1150	1215
14	0	2	104	184	280
14	9	4	105	294	322
14	0	3	106	620	636
14	9	5	107	686	752
14	4	3	108	767	797
14	8	3	109	797	818
14	4	7	110	818	870
14	4	1	111	1038	1102
15	7	3	112	0	44
15	7	0	113	82	144
15	5	7	114	394	451
15	6	5	115	471	555
15	6	2	116	712	759
15	5	6	117	828	914
15	9	1	118	965	977
15	7	0	119	1010	1064
15	3	5	120	1074	1089
16	9	7	121	11	89
16	2	2	122	282	347
16	5	6	123	349	383
16	3	2	124	624	712
16	7	5	125	886	927
16	4	7	126	1116	1173
17	5	5	127	75	119
17	2	5	128	119	139
17	4	6	129	160	193
17	5	4	130	232	292
17	9	1	131	423	499
17	4	3	132	636	701
17	7	6	133	701	773
17	6	5	134	787	855
17	2	7	135	1002	1029
17	2	7	136	1067	1116
18	2	5	137	0	21
18	1	4	138	161	201
18	9	5	139	205	234
18	1	4	140	394	451
18	1	2	141	605	624
18	9	5	142	752	787
18	7	0	143	952	1010
18	8	2	144	1020	1048
19	3	4	145	23	69
19	0	0	146	398	460
19	1	0	147	624	686
19	0	4	148	718	792
19	6	5	149	927	941
19	3	6	150	1140	1221
20	3	4	151	0	23
20	8	5	152	403	471
20	0	1	153	499	557
20	6	1	154	891	905
20	5	4	155	940	1013
21	9	7	156	0	11
21	2	5	157	21	74
21	9	7	158	89	159
21	7	6	159	300	349
21	1	0	160	686	776
21	6	5	161	855	886
21	3	7	162	980	1002
21	1	6	163	1002	1079
22	5	3	164	59	75
22	4	0	165	205	283
22	5	3	166	294	322
22	8	7	167	471	519
22	5	5	168	555	565
22	7	0	169	565	623
22	9	1	170	977	1038
22	6	5	171	1038	1074
23	7	6	172	251	300
23	9	3	173	509	573
23	8	3	174	818	866
23	2	7	175	909	980
23	9	3	176	1090	1104
24	0	1	177	12	84
24	3	6	178	193	251
24	9	1	179	626	681
24	5	7	180	687	797
24	2	7	181	894	909
24	2	7	182	1029	1067
24	7	6	183	1079	1112
24	3	4	184	1112	1140
24	2	7	185	1177	1210


Solution History:
