This is the output of Heuristic Solver for Dual resource constrained flexible job shop Scheduling Problem.
Input file is: wfjsp7_6.txt
Method: FaF
Seed: 3
Number of Jobs: 12
Number of Operations: 96
Number of Machines: 5
Number of Operators: 5
CPU Time: 4.04944
obj: 1026
Best found lower bound:0
Solver gap (best found lower bound and upper bound difference): Not known


Final Solution:
Job	Machine	Operator	Operation	Start Time	Finish Time
0	4	0	0	25	87
0	2	2	1	87	127
0	0	1	2	146	208
0	2	2	3	361	403
0	0	3	4	492	581
0	0	3	5	634	719
0	2	2	6	768	797
0	0	4	7	854	881
0	4	0	8	939	1025
1	0	4	9	38	51
1	0	4	10	51	146
1	3	3	11	173	239
1	3	4	12	338	370
1	0	3	13	409	448
1	4	0	14	476	533
1	3	3	15	745	828
1	0	4	16	937	1013
2	2	2	17	0	84
2	2	2	18	159	186
2	1	1	19	276	325
2	1	1	20	344	405
2	2	2	21	520	562
2	4	0	22	565	660
2	4	0	23	750	825
2	0	4	24	881	937
3	0	4	25	0	38
3	1	1	26	96	130
3	4	0	27	163	172
3	1	1	28	210	276
3	2	2	29	276	361
3	3	4	30	370	416
3	4	0	31	533	548
3	2	2	32	797	878
3	3	2	33	911	987
3	1	1	34	987	1026
4	4	0	35	87	163
4	4	0	36	172	212
4	0	4	37	212	237
4	4	0	38	384	476
4	2	2	39	562	598
4	4	0	40	700	750
4	3	3	41	828	873
4	4	0	42	873	939
5	3	3	43	88	173
5	2	2	44	186	274
5	3	4	45	520	568
5	3	4	46	655	745
5	3	2	47	878	911
5	2	3	48	936	980
5	0	4	49	1013	1026
6	1	1	50	0	96
6	1	2	51	130	159
6	3	4	52	239	250
6	4	0	53	302	349
6	3	4	54	416	509
6	3	4	55	509	520
6	1	1	56	527	616
6	1	1	57	683	749
6	1	1	58	763	826
6	2	3	59	980	1026
7	3	3	60	0	88
7	4	0	61	371	384
7	1	1	62	405	494
7	0	3	63	581	634
7	0	3	64	719	741
7	0	4	65	795	822
7	1	1	66	891	983
8	1	4	67	170	210
8	0	3	68	323	409
8	1	1	69	616	683
8	1	1	70	749	763
8	0	4	71	822	854
8	2	3	72	878	913
9	3	4	73	250	338
9	2	2	74	403	439
9	0	3	75	448	492
9	1	1	76	494	503
9	1	1	77	503	527
9	2	2	78	598	679
9	2	2	79	679	768
9	1	1	80	879	891
10	4	0	81	0	25
10	1	4	82	159	170
10	4	0	83	212	302
10	4	0	84	349	371
10	2	2	85	439	520
10	3	4	86	568	655
10	1	1	87	826	879
10	2	3	88	913	936
10	3	2	89	987	1021
11	0	3	90	239	323
11	1	1	91	325	344
11	4	0	92	548	565
11	4	0	93	660	700
11	0	4	94	745	795
11	4	0	95	825	870


Solution History:
