This is the output of Heuristic Solver for Dual resource constrained flexible job shop Scheduling Problem.
Input file is: wfjsp24_8.txt
Method: FaF
Seed: 3
Number of Jobs: 40
Number of Operations: 295
Number of Machines: 15
Number of Operators: 12
CPU Time: 43.7708
obj: 1279
Best found lower bound:0
Solver gap (best found lower bound and upper bound difference): Not known


Final Solution:
Job	Machine	Operator	Operation	Start Time	Finish Time
0	6	8	0	66	92
0	11	0	1	360	417
0	13	0	2	417	443
0	1	1	3	689	743
0	3	0	4	1139	1214
1	14	10	5	40	111
1	10	7	6	259	328
1	9	8	7	339	351
1	11	6	8	417	460
1	4	6	9	671	728
1	8	4	10	791	821
1	8	2	11	932	1019
1	4	3	12	1158	1166
2	9	8	13	256	339
2	12	6	14	460	485
2	12	11	15	487	554
2	3	4	16	654	724
2	12	0	17	830	856
2	4	4	18	894	955
2	4	3	19	1205	1252
3	10	5	20	152	193
3	7	10	21	221	267
3	0	9	22	307	357
3	2	6	23	361	417
3	1	9	24	424	491
3	0	9	25	698	790
3	4	6	26	811	888
3	3	8	27	1066	1132
3	6	2	28	1137	1199
3	10	7	29	1199	1276
4	2	9	30	21	86
4	6	8	31	181	256
4	9	5	32	351	414
4	10	4	33	508	551
4	0	6	34	888	973
4	11	11	35	1007	1104
4	8	5	36	1194	1221
5	10	1	37	60	84
5	11	1	38	231	294
5	3	8	39	351	360
5	3	4	40	724	791
5	10	3	41	841	870
5	12	0	42	874	882
5	5	4	43	1098	1145
5	12	6	44	1157	1193
6	0	6	45	42	97
6	6	8	46	97	181
6	10	4	47	468	508
6	8	11	48	554	603
6	12	0	49	932	991
6	0	8	50	1132	1207
7	2	1	51	0	13
7	8	10	52	23	40
7	9	2	53	136	178
7	5	5	54	709	761
7	10	5	55	761	776
7	5	4	56	1145	1212
8	4	8	57	17	66
8	0	9	58	357	424
8	14	2	59	441	474
8	1	1	60	743	824
8	1	11	61	915	967
8	3	4	62	1024	1054
8	12	7	63	1057	1078
8	8	5	64	1221	1264
9	1	2	65	71	136
9	5	6	66	170	184
9	14	3	67	280	302
9	13	3	68	310	350
9	4	8	69	605	655
9	11	8	70	728	784
9	13	3	71	933	952
9	11	5	72	1117	1194
9	13	4	73	1212	1251
10	1	7	74	37	70
10	7	1	75	84	114
10	12	0	76	251	275
10	10	7	77	328	400
10	13	6	78	485	521
10	7	11	79	815	842
10	5	5	80	1011	1086
11	9	10	81	0	23
11	0	1	82	177	231
11	0	2	83	241	304
11	6	11	84	340	418
11	8	2	85	690	776
11	14	11	86	967	1007
11	7	3	87	1019	1084
11	6	11	88	1202	1268
12	11	0	89	0	75
12	9	9	90	204	256
12	3	8	91	360	429
12	3	5	92	515	596
12	2	0	93	644	714
12	12	0	94	856	874
12	0	9	95	1065	1131
12	2	1	96	1176	1237
13	3	11	97	79	178
13	14	11	98	216	270
13	1	3	99	350	416
13	8	1	100	495	553
13	1	1	101	824	912
13	1	11	102	1104	1202
13	1	8	103	1207	1277
14	3	5	104	265	347
14	8	10	105	362	391
14	8	11	106	468	487
14	11	9	107	491	554
14	6	6	108	640	671
14	10	10	109	694	714
14	8	10	110	884	930
14	8	3	111	1087	1158
15	13	1	112	28	60
15	14	2	113	304	369
15	7	10	114	391	453
15	5	7	115	456	541
15	7	4	116	606	654
15	11	7	117	860	947
15	2	10	118	951	963
15	6	4	119	963	1024
15	14	2	120	1024	1041
16	7	3	121	0	68
16	11	1	122	294	360
16	14	8	123	496	530
16	9	5	124	877	972
16	6	8	125	1024	1066
16	9	7	126	1078	1138
17	3	5	127	0	43
17	9	2	128	55	71
17	2	3	129	155	185
17	4	2	130	187	241
17	7	10	131	485	548
17	1	2	132	596	660
17	0	9	133	999	1065
17	13	10	134	1066	1130
17	9	7	135	1138	1166
17	3	0	136	1214	1263
18	4	8	137	0	17
18	8	4	138	96	135
18	12	0	139	329	355
18	6	11	140	418	468
18	6	2	141	671	690
18	13	3	142	694	731
18	14	3	143	731	796
18	12	6	144	1193	1225
19	14	7	145	0	37
19	10	5	146	84	152
19	11	9	147	790	853
19	2	9	148	853	918
19	12	9	149	918	928
19	3	8	150	928	1019
20	2	10	151	135	155
20	7	10	152	155	221
20	12	2	153	776	830
20	6	11	154	902	915
20	10	1	155	1104	1176
21	8	2	156	0	9
21	12	2	157	9	55
21	14	1	158	369	430
21	7	4	159	551	606
21	12	9	160	606	698
21	5	2	161	902	932
21	14	10	162	932	951
21	10	3	163	952	1019
22	3	11	164	59	79
22	0	9	165	97	177
22	11	9	166	177	204
22	0	6	167	521	578
22	6	6	168	578	590
22	0	8	169	790	847
22	5	9	170	932	999
22	4	3	171	1166	1205
23	10	4	172	202	250
23	0	1	173	634	689
23	3	7	174	810	860
23	10	3	175	870	933
23	2	6	176	1142	1157
24	4	3	177	79	151
24	12	0	178	275	329
24	4	4	179	345	397
24	11	7	180	623	705
24	6	10	181	714	727
24	0	11	182	847	880
24	12	6	183	1011	1042
24	7	5	184	1086	1117
24	0	6	185	1225	1260
25	10	6	186	0	42
25	8	4	187	87	96
25	7	10	188	453	485
25	11	7	189	554	592
25	10	1	190	592	616
25	2	0	191	738	828
25	5	10	192	1237	1272
26	0	9	193	0	21
26	5	4	194	42	87
26	2	3	195	185	214
26	4	9	196	554	605
26	2	1	197	616	634
26	2	0	198	714	738
26	10	3	199	796	841
26	4	6	200	1057	1142
27	4	4	201	250	301
27	8	4	202	301	345
27	4	3	203	416	482
27	12	1	204	554	584
27	11	7	205	592	623
27	5	5	206	623	709
27	11	7	207	947	1002
27	12	1	208	1087	1104
27	9	2	209	1199	1277
28	5	4	210	0	42
28	2	6	211	281	361
28	10	7	212	400	456
28	5	10	213	548	617
28	14	10	214	617	682
28	2	0	215	1067	1139
29	5	6	216	97	170
29	8	2	217	178	187
29	4	3	218	482	553
29	6	6	219	590	640
29	7	8	220	847	922
29	4	7	221	1002	1057
29	10	4	222	1057	1098
30	8	5	223	43	80
30	14	11	224	178	208
30	4	3	225	302	310
30	9	5	226	414	478
30	5	5	227	776	824
30	7	5	228	976	1011
31	9	7	229	71	136
31	13	4	230	136	202
31	3	0	231	443	513
31	3	0	232	596	644
31	6	2	233	830	902
31	13	0	234	909	932
31	5	10	235	1221	1237
32	12	0	236	174	251
32	6	9	237	256	307
32	7	11	238	739	815
32	2	10	239	963	991
32	9	10	240	991	1066
33	13	3	241	68	79
33	7	10	242	284	362
33	8	4	243	397	468
33	6	2	244	474	530
33	1	2	245	530	596
33	7	11	246	674	739
33	5	4	247	824	894
33	4	6	248	973	1000
33	13	6	249	1000	1011
33	13	9	250	1131	1201
34	1	11	251	0	23
34	11	0	252	75	149
34	1	7	253	174	259
34	9	5	254	478	515
34	9	8	255	530	596
34	10	3	256	631	694
34	6	10	257	727	821
34	2	0	258	991	1067
34	11	9	259	1201	1279
35	14	1	260	114	169
35	7	10	261	267	284
35	0	8	262	429	496
35	8	10	263	821	884
35	3	0	264	884	909
35	7	1	265	922	976
36	3	5	266	193	265
36	1	11	267	270	340
36	4	6	268	728	811
36	9	5	269	824	877
36	8	1	270	1030	1087
36	9	7	271	1166	1197
37	5	6	272	184	281
37	2	1	273	430	495
37	8	11	274	603	674
37	13	10	275	682	693
37	9	7	276	705	714
37	7	10	277	1130	1221
38	2	10	278	111	135
38	12	7	279	136	174
38	2	3	280	214	280
38	2	0	281	513	594
38	9	5	282	596	621
38	9	8	283	655	688
38	12	7	284	714	757
38	1	1	285	976	1030
38	1	2	286	1041	1102
38	14	2	287	1102	1137
39	13	1	288	13	28
39	6	11	289	28	59
39	11	11	290	208	216
39	12	2	291	369	441
39	0	3	292	578	631
39	14	8	293	688	728
39	13	7	294	757	810


Solution History:
