This is the output of Heuristic Solver for Dual resource constrained flexible job shop Scheduling Problem.
Input file is: wfjsp14_7.txt
Method: FaF
Seed: 5
Number of Jobs: 30
Number of Operations: 236
Number of Machines: 15
Number of Operators: 15
CPU Time: 42.1997
obj: 844
Best found lower bound:0
Solver gap (best found lower bound and upper bound difference): Not known


Final Solution:
Job	Machine	Operator	Operation	Start Time	Finish Time
0	6	8	0	50	126
0	9	7	1	183	195
0	11	5	2	195	231
0	1	0	3	400	495
0	0	0	4	497	520
0	14	1	5	621	661
0	3	2	6	673	707
0	4	11	7	707	747
1	0	1	8	0	10
1	10	8	9	10	44
1	9	7	10	104	183
1	6	1	11	255	317
1	7	9	12	317	393
1	2	4	13	400	460
1	12	6	14	518	559
1	3	10	15	559	574
1	8	12	16	645	728
1	2	1	17	773	839
2	8	0	18	0	56
2	11	5	19	102	181
2	14	8	20	199	269
2	14	7	21	272	298
2	4	6	22	357	366
2	11	5	23	428	500
2	3	2	24	579	589
2	6	3	25	654	712
2	14	14	26	712	727
2	1	3	27	760	834
3	5	13	28	80	142
3	13	4	29	168	202
3	1	1	30	317	400
3	4	2	31	423	501
3	9	14	32	621	699
4	12	5	33	0	12
4	10	4	34	55	128
4	3	0	35	134	223
4	4	14	36	259	283
4	4	11	37	283	303
4	3	0	38	343	380
4	3	10	39	468	540
4	9	1	40	540	621
4	13	9	41	647	719
4	13	9	42	741	826
5	3	2	43	0	35
5	14	7	44	38	57
5	14	7	45	298	338
5	6	12	46	354	441
5	10	8	47	585	653
5	9	0	48	701	762
6	3	3	49	37	94
6	4	3	50	94	120
6	11	10	51	274	311
6	0	5	52	319	397
6	8	1	53	400	430
6	5	13	54	444	455
6	6	7	55	516	563
6	12	6	56	563	631
6	3	2	57	798	839
7	14	7	58	0	38
7	4	0	59	63	87
7	3	0	60	94	119
7	10	2	61	199	232
7	7	9	62	261	310
7	12	7	63	338	400
7	10	8	64	512	585
7	1	3	65	712	760
8	2	10	66	37	105
8	14	2	67	119	199
8	3	0	68	285	343
8	13	3	69	398	468
8	13	9	70	499	521
8	0	0	71	521	583
8	2	4	72	584	648
8	0	6	73	709	782
9	14	14	74	63	119
9	5	12	75	257	276
9	6	12	76	317	354
9	7	13	77	492	563
9	2	4	78	726	765
10	10	2	79	319	355
10	9	11	80	367	464
10	3	10	81	540	551
10	14	14	82	601	620
10	5	1	83	717	773
11	11	6	84	0	18
11	9	4	85	22	55
11	8	12	86	87	152
11	12	4	87	208	263
11	14	8	88	367	412
11	6	12	89	441	451
11	4	2	90	501	579
11	7	13	91	720	750
11	0	6	92	782	823
11	12	5	93	826	841
12	5	13	94	0	35
12	11	5	95	35	102
12	3	0	96	119	134
12	4	3	97	203	259
12	11	5	98	259	274
12	2	14	99	283	363
12	14	12	100	452	523
12	11	5	101	596	626
12	10	8	102	653	742
12	9	11	103	786	843
13	7	10	104	0	34
13	12	11	105	143	208
13	1	6	106	252	308
13	12	5	107	400	428
13	10	8	108	446	512
13	5	14	109	574	601
13	13	9	110	601	633
13	13	9	111	633	647
13	12	6	112	682	709
13	6	7	113	767	804
14	1	1	114	88	166
14	8	8	115	269	320
14	8	1	116	430	496
14	6	3	117	641	654
14	14	1	118	661	705
15	6	12	119	10	50
15	5	13	120	50	80
15	1	1	121	166	248
15	0	5	122	276	319
15	7	14	123	393	481
15	1	3	124	499	577
15	3	2	125	707	798
15	14	12	126	812	844
16	13	4	127	128	168
16	8	12	128	243	257
16	9	12	129	276	313
16	8	4	130	321	362
16	1	10	131	577	593
16	11	6	132	631	682
17	13	9	133	29	120
17	8	12	134	152	160
17	0	6	135	160	198
17	13	3	136	259	328
17	4	2	137	366	423
17	14	12	138	523	590
17	1	10	139	593	606
17	12	5	140	631	671
17	6	7	141	717	767
18	0	6	142	26	78
18	10	8	143	128	199
18	2	10	144	199	273
18	4	6	145	308	357
18	8	14	146	363	390
18	7	13	147	563	647
18	2	4	148	648	726
18	4	11	149	747	783
19	0	6	150	78	153
19	5	13	151	171	254
19	0	11	152	254	276
19	11	10	153	311	335
19	14	8	154	338	367
19	10	8	155	416	446
19	11	5	156	500	579
19	4	11	157	579	622
19	12	10	158	709	790
19	4	0	159	790	827
20	4	14	160	0	63
20	6	14	161	126	216
20	13	3	162	328	398
20	6	7	163	452	516
20	3	2	164	589	673
20	13	9	165	719	741
20	12	10	166	790	826
20	7	13	167	826	835
21	12	11	168	72	143
21	2	4	169	460	547
21	8	11	170	547	566
21	5	12	171	601	638
21	0	0	172	667	685
22	2	3	173	0	37
22	8	12	174	56	87
22	3	0	175	223	285
22	5	13	176	347	376
22	5	13	177	419	444
22	2	4	178	547	584
22	4	11	179	622	692
22	9	0	180	762	786
23	0	5	181	12	26
23	12	11	182	26	72
23	4	3	183	120	203
23	0	11	184	208	233
23	9	11	185	313	367
23	5	13	186	376	419
23	3	10	187	460	468
23	5	14	188	481	574
23	7	13	189	647	720
23	11	5	190	750	813
24	7	2	191	35	115
24	5	13	192	142	171
24	7	9	193	194	261
24	12	4	194	263	321
24	2	4	195	363	400
24	8	1	196	496	535
24	0	0	197	583	667
24	7	13	198	750	808
24	7	13	199	808	818
25	8	12	200	160	243
25	10	6	201	366	416
25	9	13	202	464	492
25	6	3	203	577	641
25	11	5	204	682	750
26	13	9	205	0	29
26	9	7	206	195	272
26	9	11	207	492	533
26	0	0	208	685	701
26	5	4	209	773	827
27	6	8	210	0	10
27	9	11	211	10	22
27	9	7	212	57	104
27	6	14	213	216	255
27	5	13	214	276	347
27	14	7	215	412	452
27	13	3	216	468	499
27	11	5	217	579	596
27	5	7	218	645	717
27	14	12	219	728	812
28	1	1	220	10	88
28	7	9	221	120	194
28	13	6	222	202	252
28	11	10	223	335	418
28	3	6	224	418	460
28	12	6	225	460	518
28	13	9	226	521	591
28	1	10	227	606	695
28	8	14	228	728	797
28	6	7	229	804	840
29	2	10	230	105	197
29	10	2	231	232	319
29	0	9	232	397	497
29	8	7	233	566	645
29	10	8	234	742	811
29	11	14	235	813	836


Solution History:
