This is the output of Heuristic Solver for Dual resource constrained flexible job shop Scheduling Problem.
Input file is: wfjsp12_6.txt
Method: FaF
Seed: 1
Number of Jobs: 25
Number of Operations: 201
Number of Machines: 10
Number of Operators: 10
CPU Time: 17.015
obj: 1156
Best found lower bound:0
Solver gap (best found lower bound and upper bound difference): Not known


Final Solution:
Job	Machine	Operator	Operation	Start Time	Finish Time
0	4	0	0	36	98
0	9	8	1	184	230
0	2	4	2	247	308
0	9	7	3	366	403
0	5	9	4	552	646
0	3	5	5	655	743
0	2	6	6	807	836
0	0	9	7	838	864
0	6	1	8	958	1044
1	1	1	9	70	85
1	0	7	10	101	196
1	1	1	11	337	414
1	9	7	12	453	490
1	9	7	13	573	614
1	7	0	14	639	706
1	7	0	15	706	802
1	0	7	16	1071	1148
2	5	2	17	80	165
2	8	6	18	197	224
2	3	2	19	296	344
2	0	2	20	364	418
2	9	7	21	614	653
2	9	7	22	696	782
2	5	2	23	824	900
2	1	9	24	1021	1077
3	4	1	25	0	36
3	1	1	26	36	70
3	4	0	27	98	107
3	8	6	28	224	286
3	7	4	29	436	520
3	6	5	30	521	566
3	8	6	31	690	705
3	5	2	32	734	815
3	5	2	33	900	982
3	3	8	34	1100	1139
4	9	8	35	106	184
4	4	8	36	329	369
4	5	9	37	369	393
4	1	1	38	414	500
4	1	8	39	622	664
4	3	5	40	743	793
4	6	1	41	913	958
4	5	2	42	1033	1107
5	8	6	43	58	151
5	0	7	44	265	360
5	6	3	45	378	426
5	8	8	46	780	869
5	8	3	47	905	939
5	1	3	48	1077	1121
5	9	9	49	1134	1150
6	3	9	50	24	111
6	7	5	51	161	190
6	0	7	52	196	208
6	9	1	53	230	284
6	8	6	54	475	568
6	6	5	55	568	579
6	6	1	56	666	747
6	2	6	57	836	897
6	3	5	58	944	1005
6	2	5	59	1100	1145
7	5	9	60	166	258
7	6	3	61	426	436
7	0	1	62	506	595
7	6	1	63	614	666
7	1	9	64	865	886
7	9	8	65	965	991
7	7	6	66	1021	1110
8	8	6	67	151	197
8	5	9	68	393	483
8	3	5	69	590	655
8	0	2	70	658	673
8	7	6	71	987	1021
8	7	6	72	1110	1149
9	7	5	73	73	161
9	0	7	74	208	247
9	9	7	75	403	444
9	9	7	76	444	453
9	7	4	77	520	543
9	1	8	78	686	780
9	3	5	79	852	944
9	6	1	80	1044	1056
10	0	9	81	0	24
10	6	3	82	107	116
10	3	2	83	166	255
10	5	2	84	344	364
10	9	7	85	490	573
10	7	0	86	802	890
10	5	2	87	982	1033
10	8	0	88	1035	1059
10	1	3	89	1121	1156
11	8	0	90	286	378
11	2	4	91	402	419
11	0	2	92	595	614
11	4	4	93	668	710
11	3	5	94	793	842
11	5	2	95	1107	1152
12	4	0	96	107	196
12	7	5	97	196	290
12	9	9	98	338	366
12	4	4	99	594	668
12	0	2	100	673	727
12	5	2	101	815	824
12	8	3	102	869	905
12	8	3	103	939	987
12	8	0	104	987	1002
12	8	0	105	1002	1035
13	9	3	106	0	18
13	5	2	107	44	80
13	1	8	108	230	329
13	4	0	109	506	544
13	8	6	110	568	596
13	6	1	111	818	913
13	4	4	112	976	1001
13	0	7	113	1013	1071
14	0	7	114	26	101
14	2	4	115	308	402
14	6	5	116	436	521
14	8	6	117	741	773
14	0	9	118	821	838
14	3	5	119	842	852
14	7	0	120	890	912
14	2	3	121	987	1076
15	6	0	122	0	18
15	5	2	123	18	44
15	6	3	124	301	378
15	5	9	125	483	552
15	9	7	126	653	696
15	4	4	127	710	802
15	4	0	128	1059	1105
16	5	2	129	0	9
16	2	4	130	171	247
16	0	7	131	247	265
16	3	6	132	344	404
16	4	4	133	544	594
16	6	1	134	595	614
16	8	6	135	705	741
16	0	9	136	741	821
16	9	9	137	1081	1134
17	8	6	138	0	58
17	2	4	139	106	171
17	7	5	140	290	383
17	3	2	141	506	590
17	8	6	142	596	690
17	2	6	143	774	807
17	7	0	144	912	987
17	8	4	145	1059	1143
18	7	5	146	0	73
18	4	6	147	286	325
18	2	3	148	518	599
18	6	1	149	747	818
18	6	1	150	1056	1138
19	3	8	151	0	22
19	2	4	152	22	63
19	6	3	153	116	214
19	3	2	154	255	296
19	8	6	155	404	475
19	1	8	156	504	567
19	5	9	157	646	734
19	9	8	158	869	965
19	3	5	159	1005	1100
20	1	7	160	0	26
20	9	8	161	33	106
20	5	9	162	258	338
20	4	0	163	411	491
20	4	0	164	491	506
20	1	8	165	567	622
20	1	3	166	780	865
20	4	4	167	891	976
20	4	4	168	1001	1053
20	4	0	169	1122	1151
21	1	1	170	85	139
21	3	9	171	139	166
21	4	8	172	369	411
21	7	0	173	559	639
21	9	7	174	782	866
21	2	6	175	897	986
22	6	3	176	18	107
22	6	3	177	214	301
22	7	5	178	383	436
22	2	3	179	436	518
22	7	0	180	544	559
22	1	8	181	664	686
22	2	3	182	686	774
22	0	7	183	866	958
22	1	9	184	977	1021
22	9	8	185	1021	1081
23	9	8	186	22	33
23	4	0	187	196	282
23	8	0	188	378	403
23	3	8	189	411	504
23	0	2	190	614	658
23	1	9	191	886	977
24	2	4	192	63	106
24	1	1	193	139	226
24	9	1	194	284	337
24	0	2	195	418	506
24	2	3	196	599	671
24	4	4	197	802	891
24	0	7	198	958	1013
24	4	0	199	1105	1122
24	6	1	200	1138	1155


Solution History:
