This is the output of Heuristic Solver for Dual resource constrained flexible job shop Scheduling Problem.
Input file is: wfjsp7_4.txt
Method: FaF
Seed: 1
Number of Jobs: 12
Number of Operations: 95
Number of Machines: 5
Number of Operators: 5
CPU Time: 3.82103
obj: 952
Best found lower bound:0
Solver gap (best found lower bound and upper bound difference): Not known


Final Solution:
Job	Machine	Operator	Operation	Start Time	Finish Time
0	2	4	0	0	87
0	4	2	1	159	222
0	3	0	2	282	350
0	4	2	3	393	457
0	0	1	4	571	674
0	2	4	5	782	813
0	0	1	6	833	880
0	0	1	7	880	892
0	3	2	8	899	946
1	0	1	9	0	25
1	1	3	10	129	143
1	3	0	11	156	199
1	4	2	12	222	291
1	2	4	13	316	339
1	1	3	14	399	493
1	0	1	15	495	571
1	4	0	16	728	787
1	1	4	17	903	952
2	3	0	18	79	112
2	0	1	19	193	208
2	1	4	20	266	313
2	3	0	21	350	424
2	0	1	22	429	438
2	4	0	23	570	633
2	0	1	24	730	803
3	3	0	25	0	11
3	0	1	26	25	97
3	0	1	27	355	429
3	3	2	28	505	586
3	3	2	29	746	795
3	2	4	30	813	903
4	0	1	31	97	163
4	3	0	32	213	282
4	4	2	33	346	393
4	3	0	34	451	467
4	2	4	35	677	743
4	0	1	36	803	833
4	1	3	37	876	901
5	4	2	38	0	64
5	0	1	39	208	258
5	2	4	40	339	398
5	0	1	41	464	495
5	3	2	42	618	669
5	4	0	43	831	914
6	2	3	44	143	218
6	2	3	45	218	283
6	1	3	46	316	347
6	3	0	47	467	493
6	4	0	48	505	570
6	3	2	49	669	703
6	3	2	50	795	846
6	4	0	51	914	944
7	1	3	52	0	92
7	3	0	53	112	156
7	3	0	54	199	213
7	2	3	55	283	316
7	2	4	56	398	486
7	3	0	57	493	505
7	1	3	58	680	754
7	4	0	59	787	831
7	0	1	60	892	951
8	3	0	61	35	79
8	0	1	62	163	193
8	1	3	63	347	360
8	3	0	64	424	451
8	1	3	65	523	567
8	2	4	66	618	677
8	3	2	67	703	746
8	2	4	68	746	782
9	2	4	69	87	141
9	1	4	70	143	205
9	0	1	71	322	355
9	4	2	72	457	504
9	2	4	73	542	618
9	1	3	74	637	680
9	4	0	75	717	728
9	1	3	76	754	825
9	1	3	77	825	876
10	3	0	78	11	35
10	4	2	79	64	159
10	1	4	80	205	266
10	4	2	81	291	346
10	2	4	82	486	542
10	3	2	83	586	618
10	4	0	84	633	717
10	3	2	85	846	868
10	3	2	86	868	899
11	1	3	87	92	129
11	0	1	88	258	322
11	1	3	89	360	399
11	0	1	90	438	464
11	1	3	91	493	523
11	1	3	92	567	637
11	0	1	93	674	730
11	2	3	94	903	941


Solution History:
