This is the output of Heuristic Solver for Dual resource constrained flexible job shop Scheduling Problem.
Input file is: wfjsp15_6.txt
Method: FaF
Seed: 5
Number of Jobs: 30
Number of Operations: 388
Number of Machines: 15
Number of Operators: 15
CPU Time: 78.5063
obj: 1552
Best found lower bound:0
Solver gap (best found lower bound and upper bound difference): Not known


Final Solution:
Job	Machine	Operator	Operation	Start Time	Finish Time
0	9	2	0	43	105
0	2	5	1	110	149
0	13	10	2	237	293
0	0	4	3	322	364
0	5	0	4	468	564
0	10	4	5	649	736
0	13	6	6	809	837
0	11	10	7	873	901
0	1	6	8	924	1011
0	10	2	9	1066	1080
0	2	5	10	1131	1222
0	3	13	11	1269	1340
0	5	3	12	1379	1413
0	5	11	13	1500	1534
1	4	6	14	26	81
1	3	13	15	156	244
1	4	10	16	301	373
1	9	2	17	423	514
1	5	5	18	564	591
1	3	7	19	769	816
1	11	10	20	816	873
1	7	3	21	915	956
1	2	5	22	1002	1093
1	12	11	23	1132	1198
1	1	12	24	1205	1264
1	8	1	25	1458	1499
1	9	7	26	1499	1536
2	4	4	27	0	8
2	11	3	28	44	111
2	10	0	29	232	317
2	11	14	30	404	450
2	3	1	31	502	518
2	11	5	32	645	726
2	12	14	33	737	817
2	11	11	34	901	942
2	13	14	35	985	1054
2	5	6	36	1179	1216
2	4	4	37	1261	1285
2	8	1	38	1346	1430
2	6	13	39	1506	1543
3	8	1	40	26	75
3	4	7	41	124	170
3	13	10	42	176	237
3	9	2	43	338	423
3	6	7	44	489	578
3	2	10	45	639	695
3	4	10	46	695	787
3	6	1	47	972	1006
3	0	6	48	1022	1065
3	9	4	49	1075	1091
3	1	13	50	1091	1179
3	11	13	51	1241	1269
3	0	6	52	1306	1319
3	6	5	53	1319	1363
3	7	12	54	1446	1536
4	2	10	55	0	9
4	14	12	56	126	197
4	0	9	57	197	258
4	5	7	58	347	404
4	1	6	59	500	548
4	12	14	60	650	737
4	3	7	61	816	830
4	5	13	62	834	921
4	1	2	63	1013	1066
4	5	7	64	1134	1155
4	1	13	65	1179	1205
4	2	2	66	1286	1371
4	4	4	67	1475	1515
5	0	9	68	84	176
5	3	1	69	244	323
5	1	12	70	419	431
5	5	11	71	437	468
5	14	13	72	534	573
5	14	3	73	671	759
5	3	9	74	866	908
5	11	11	75	942	986
5	8	6	76	1013	1022
5	3	13	77	1060	1083
5	0	6	78	1216	1306
5	14	0	79	1325	1425
6	4	10	80	9	18
6	5	13	81	44	68
6	2	5	82	98	110
6	9	2	83	203	293
6	4	14	84	474	492
6	3	1	85	518	599
6	4	2	86	604	693
6	9	8	87	787	844
6	9	2	88	885	909
6	12	8	89	987	1019
6	10	2	90	1080	1171
6	9	7	91	1180	1198
6	10	4	92	1324	1343
6	10	4	93	1343	1385
6	1	6	94	1446	1501
7	10	4	95	10	53
7	8	11	96	274	360
7	2	8	97	448	542
7	6	1	98	759	786
7	13	8	99	844	911
7	8	2	100	934	995
7	14	12	101	1166	1175
7	5	3	102	1292	1328
7	6	13	103	1369	1416
7	13	9	104	1423	1440
7	6	13	105	1475	1506
7	11	10	106	1518	1537
8	10	4	107	53	95
8	2	1	108	152	242
8	7	6	109	371	408
8	8	9	110	420	450
8	10	4	111	470	555
8	9	4	112	604	631
8	14	11	113	759	815
8	9	8	114	911	982
8	14	12	115	1071	1166
8	2	5	116	1371	1456
8	3	11	117	1469	1500
9	11	13	118	0	13
9	14	5	119	13	24
9	12	8	120	39	62
9	12	6	121	213	301
9	8	9	122	360	376
9	4	4	123	444	470
9	9	2	124	514	604
9	0	9	125	764	824
9	6	1	126	927	972
9	12	11	127	1198	1288
9	0	6	128	1319	1362
9	4	2	129	1379	1390
9	11	10	130	1390	1463
10	7	12	131	0	15
10	7	14	132	84	134
10	1	0	133	164	215
10	1	0	134	215	232
10	12	6	135	301	333
10	1	12	136	431	500
10	12	14	137	530	577
10	9	8	138	636	694
10	1	13	139	777	834
10	12	4	140	901	987
10	0	6	141	1065	1152
10	1	12	142	1264	1356
10	11	10	143	1356	1390
10	6	13	144	1416	1475
11	7	14	145	134	222
11	0	9	146	258	319
11	8	9	147	376	420
11	12	14	148	577	650
11	1	13	149	718	777
11	1	6	150	837	924
11	4	10	151	990	1010
11	11	3	152	1086	1127
11	7	14	153	1159	1241
11	7	14	154	1323	1362
11	13	9	155	1440	1503
12	7	12	156	15	82
12	10	4	157	95	180
12	7	14	158	222	310
12	8	9	159	450	546
12	13	6	160	623	646
12	7	12	161	646	717
12	10	4	162	736	805
12	12	11	163	833	901
12	0	2	164	912	927
12	3	7	165	950	1013
12	7	8	166	1069	1159
12	8	1	167	1214	1299
12	5	3	168	1328	1379
12	8	1	169	1430	1458
12	3	1	170	1500	1552
13	8	6	171	0	26
13	4	7	172	82	124
13	6	5	173	192	276
13	11	8	174	276	352
13	6	5	175	403	488
13	13	6	176	646	732
13	8	0	177	759	844
13	6	1	178	873	927
13	5	3	179	1004	1086
13	13	14	180	1140	1156
13	5	5	181	1222	1243
13	12	9	182	1288	1376
13	5	3	183	1413	1499
14	5	3	184	0	43
14	1	0	185	98	164
14	13	10	186	165	176
14	3	1	187	323	407
14	0	14	188	450	474
14	13	3	189	536	623
14	6	0	190	649	693
14	7	3	191	760	845
14	13	14	192	912	959
14	14	0	193	985	1071
14	4	4	194	1209	1261
14	7	6	195	1362	1445
14	10	2	196	1475	1538
15	3	13	197	68	156
15	2	13	198	244	292
15	13	3	199	307	323
15	0	4	200	364	380
15	7	8	201	408	444
15	0	9	202	616	708
15	14	12	203	815	879
15	7	3	204	956	1000
15	6	0	205	1094	1172
15	14	0	206	1175	1270
15	3	13	207	1340	1369
15	8	9	208	1503	1535
16	3	11	209	0	9
16	11	13	210	13	44
16	14	10	211	83	105
16	12	3	212	137	177
16	14	12	213	197	241
16	7	14	214	310	370
16	13	6	215	408	496
16	8	11	216	616	662
16	13	6	217	732	809
16	3	7	218	908	950
16	4	10	219	1040	1137
16	6	8	220	1172	1244
16	0	14	221	1362	1450
16	13	6	222	1503	1548
17	14	10	223	24	83
17	8	11	224	188	274
17	14	6	225	333	371
17	12	14	226	371	393
17	11	10	227	450	507
17	3	1	228	599	684
17	7	12	229	717	760
17	10	4	230	805	892
17	3	13	231	1013	1060
17	13	14	232	1060	1140
17	9	7	233	1198	1284
17	1	12	234	1356	1446
17	14	0	235	1510	1551
18	5	6	236	81	156
18	10	4	237	180	225
18	14	12	238	275	326
18	14	13	239	460	534
18	8	11	240	662	747
18	2	2	241	787	872
18	6	1	242	1006	1094
18	3	11	243	1117	1125
18	3	9	244	1132	1190
18	4	2	245	1390	1475
19	1	0	246	0	98
19	11	8	247	168	207
19	6	5	248	276	363
19	13	14	249	496	530
19	1	6	250	548	618
19	6	5	251	618	645
19	9	2	252	694	787
19	14	12	253	879	893
19	14	0	254	894	985
19	8	1	255	1094	1175
19	5	5	256	1243	1291
19	9	11	257	1344	1389
19	9	11	258	1389	1414
19	11	10	259	1463	1518
20	9	7	260	0	43
20	6	7	261	43	82
20	11	3	262	111	137
20	8	11	263	144	188
20	1	12	264	326	419
20	2	3	265	419	448
20	0	11	266	474	522
20	2	8	267	542	636
20	0	9	268	708	764
20	6	1	269	786	873
20	10	12	270	922	991
20	11	3	271	1127	1202
20	13	3	272	1202	1292
20	11	10	273	1292	1352
20	10	4	274	1385	1473
21	12	8	275	62	94
21	4	7	276	170	257
21	10	13	277	376	460
21	14	13	278	573	660
21	3	9	279	830	866
21	10	12	280	893	922
21	13	14	281	959	985
21	4	10	282	1137	1209
21	8	1	283	1299	1346
21	9	11	284	1414	1469
21	2	5	285	1523	1546
22	13	11	286	55	144
22	1	4	287	232	322
22	5	7	288	322	347
22	0	11	289	380	437
22	0	11	290	522	616
22	1	13	291	671	718
22	11	5	292	726	779
22	2	5	293	874	917
22	8	9	294	917	934
22	4	10	295	1010	1040
22	12	9	296	1045	1132
22	11	13	297	1205	1241
22	10	4	298	1286	1324
22	13	9	299	1383	1423
22	2	5	300	1456	1523
23	0	14	301	0	84
23	11	8	302	207	257
23	12	7	303	404	489
23	11	10	304	582	639
23	2	8	305	695	787
23	9	7	306	844	885
23	2	5	307	917	1002
23	5	7	308	1086	1100
23	5	7	309	1155	1176
23	7	14	310	1241	1323
23	0	14	311	1450	1535
24	12	8	312	0	39
24	12	8	313	94	132
24	13	10	314	144	165
24	14	12	315	241	275
24	9	2	316	293	338
24	10	13	317	366	376
24	4	4	318	380	444
24	4	4	319	559	604
24	5	7	320	604	666
24	7	3	321	845	915
24	11	11	322	986	1080
24	2	5	323	1093	1131
24	3	9	324	1190	1269
24	14	0	325	1425	1510
25	2	2	326	10	32
25	6	1	327	82	152
25	14	0	328	371	456
25	7	12	329	536	630
25	4	5	330	787	874
25	8	2	331	995	1013
25	12	8	332	1019	1045
25	3	11	333	1083	1117
25	10	2	334	1196	1286
25	14	0	335	1286	1325
26	2	5	336	32	98
26	12	6	337	177	213
26	5	3	338	231	307
26	10	0	339	317	366
26	6	5	340	366	403
26	8	9	341	546	612
26	1	3	342	623	671
26	5	7	343	671	769
26	5	13	344	921	1004
26	0	6	345	1152	1179
26	0	4	346	1180	1205
26	2	10	347	1222	1283
26	13	8	348	1292	1383
26	1	3	349	1501	1549
27	10	2	350	0	10
27	13	11	351	10	55
27	11	8	352	137	168
27	4	7	353	257	301
27	11	8	354	352	404
27	11	10	355	507	582
27	8	0	356	844	894
27	4	10	357	901	990
27	9	4	358	990	1075
27	10	2	359	1171	1196
27	6	8	360	1244	1279
27	3	7	361	1379	1468
28	9	2	362	105	203
28	5	3	363	203	231
28	2	13	364	292	354
28	3	1	365	407	502
28	4	5	366	502	559
28	3	1	367	684	750
28	0	14	368	824	912
28	7	12	369	1000	1069
28	8	0	370	1071	1089
28	9	4	371	1091	1180
28	9	11	372	1288	1344
28	12	8	373	1383	1479
29	3	9	374	9	64
29	14	10	375	105	126
29	6	5	376	152	192
29	13	3	377	323	408
29	7	3	378	448	536
29	10	0	379	564	649
29	6	0	380	693	759
29	12	11	381	817	833
29	0	9	382	934	1021
29	10	7	383	1021	1064
29	5	7	384	1100	1134
29	8	1	385	1175	1214
29	4	7	386	1285	1379
29	12	8	387	1479	1540


Solution History:
