This is the output of Heuristic Solver for Dual resource constrained flexible job shop Scheduling Problem.
Input file is: wfjsp8_8.txt
Method: FaF
Seed: 3
Number of Jobs: 15
Number of Operations: 112
Number of Machines: 5
Number of Operators: 5
CPU Time: 2.99328
obj: 1196
Best found lower bound:0
Solver gap (best found lower bound and upper bound difference): Not known


Final Solution:
Job	Machine	Operator	Operation	Start Time	Finish Time
0	0	0	0	201	228
0	4	2	1	417	479
0	3	2	2	479	507
0	1	1	3	808	867
0	1	1	4	1070	1137
1	2	1	5	0	56
1	0	0	6	228	290
1	4	2	7	359	369
1	1	4	8	408	455
1	4	4	9	600	654
1	0	0	10	854	884
1	1	1	11	982	1070
1	0	0	12	1186	1194
2	3	3	13	44	141
2	0	0	14	290	309
2	1	4	15	354	408
2	4	4	16	521	600
2	2	3	17	621	649
2	4	4	18	882	944
2	4	4	19	1053	1098
3	3	3	20	0	44
3	1	0	21	61	105
3	1	4	22	201	252
3	1	4	23	252	313
3	3	1	24	313	371
3	1	1	25	584	671
3	4	1	26	671	746
3	2	3	27	768	835
3	2	3	28	910	971
3	3	2	29	1125	1196
4	1	0	30	0	61
4	0	4	31	83	155
4	3	3	32	244	306
4	4	1	33	371	416
4	3	2	34	648	738
4	0	0	35	884	973
4	2	3	36	1113	1142
5	2	1	37	201	225
5	4	2	38	281	350
5	4	2	39	350	359
5	2	3	40	555	621
5	0	0	41	753	784
5	1	1	42	800	808
5	1	1	43	934	982
5	4	4	44	1098	1139
6	2	1	45	225	278
6	2	3	46	386	475
6	4	1	47	479	521
6	4	1	48	746	794
6	4	4	49	800	862
6	2	3	50	971	1049
7	1	0	51	105	118
7	4	2	52	118	133
7	0	0	53	383	431
7	0	0	54	560	616
7	3	2	55	826	843
7	1	1	56	867	934
8	0	4	57	33	83
8	2	1	58	132	201
8	1	4	59	313	354
8	0	0	60	616	697
8	3	2	61	843	903
8	3	2	62	903	930
8	0	0	63	1048	1066
8	1	4	64	1139	1186
9	2	1	65	56	132
9	3	3	66	141	157
9	0	4	67	179	201
9	3	2	68	371	417
9	3	2	69	507	562
9	0	0	70	697	753
9	2	3	71	893	910
9	3	2	72	930	993
9	2	3	73	1142	1189
10	0	4	74	0	33
10	4	2	75	89	116
10	3	3	76	157	183
10	1	4	77	455	519
10	0	0	78	784	831
10	0	0	79	831	854
10	0	0	80	973	1048
11	0	4	81	155	179
11	0	0	82	329	383
11	3	1	83	417	475
11	2	3	84	475	555
11	3	2	85	562	648
11	2	3	86	725	768
11	3	2	87	1060	1125
11	4	1	88	1139	1193
12	1	0	89	118	193
12	3	3	90	193	244
12	2	3	91	312	386
12	2	3	92	649	725
12	3	2	93	738	803
12	4	4	94	862	882
12	3	2	95	993	1060
12	0	0	96	1128	1186
13	4	2	97	0	89
13	4	2	98	133	195
13	0	0	99	431	486
13	1	1	100	521	584
13	1	4	101	671	767
13	4	4	102	944	1053
13	0	0	103	1066	1128
14	4	2	104	195	281
14	2	1	105	281	312
14	0	0	106	312	329
14	0	0	107	486	560
14	1	4	108	767	800
14	3	2	109	803	826
14	2	3	110	835	893
14	2	3	111	1049	1113


Solution History:
