This is the output of Heuristic Solver for Dual resource constrained flexible job shop Scheduling Problem.
Input file is: wfjsp20_10.txt
Method: FaF
Seed: 2
Number of Jobs: 25
Number of Operations: 194
Number of Machines: 10
Number of Operators: 8
CPU Time: 8.2766
obj: 1374
Best found lower bound:0
Solver gap (best found lower bound and upper bound difference): Not known


Final Solution:
Job	Machine	Operator	Operation	Start Time	Finish Time
0	5	3	0	0	72
0	9	0	1	333	423
0	5	1	2	522	593
0	2	3	3	745	831
0	0	4	4	986	1045
0	8	0	5	1140	1171
0	6	5	6	1190	1221
0	5	4	7	1310	1374
1	6	1	8	112	206
1	7	5	9	257	283
1	5	5	10	283	323
1	8	7	11	467	497
1	4	0	12	666	761
1	0	2	13	901	983
1	2	1	14	983	1045
1	7	1	15	1140	1228
2	2	2	16	76	158
2	4	4	17	159	173
2	1	5	18	248	257
2	4	0	19	279	329
2	1	5	20	590	656
2	4	6	21	787	871
2	8	0	22	1093	1140
2	6	5	23	1221	1289
3	4	6	24	347	386
3	2	2	25	519	542
3	4	5	26	542	590
3	5	2	27	807	826
3	0	5	28	1065	1156
4	6	7	29	0	30
4	0	0	30	203	279
4	1	4	31	489	576
4	2	4	32	838	905
4	7	5	33	917	951
4	8	0	34	1309	1371
5	0	0	35	75	152
5	1	2	36	158	172
5	2	4	37	173	194
5	2	1	38	298	320
5	4	0	39	616	666
5	6	7	40	798	830
5	4	6	41	917	1003
5	9	6	42	1185	1250
6	6	1	43	206	298
6	0	2	44	400	415
6	2	2	45	505	519
6	5	2	46	826	901
6	4	3	47	1108	1161
6	1	7	48	1327	1339
7	5	3	49	72	166
7	5	3	50	655	745
7	1	1	51	878	907
7	5	3	52	1040	1108
7	3	7	53	1122	1130
8	0	6	54	0	75
8	4	3	55	173	259
8	8	0	56	522	543
8	7	6	57	623	692
8	8	1	58	705	744
8	0	5	59	812	821
8	8	3	60	855	950
8	1	2	61	986	1033
8	4	3	62	1161	1252
9	1	6	63	263	331
9	6	5	64	396	486
9	9	2	65	630	703
9	0	2	66	753	807
9	9	6	67	1044	1093
9	8	0	68	1171	1189
9	1	6	69	1250	1274
9	4	0	70	1285	1307
9	2	3	71	1340	1364
10	0	0	72	152	203
10	2	4	73	444	489
10	0	6	74	534	555
10	0	7	75	582	650
10	2	4	76	1197	1249
11	8	1	77	0	41
11	9	7	78	144	186
11	5	1	79	408	496
11	6	3	80	616	655
11	0	2	81	703	738
11	8	3	82	831	855
11	1	4	83	973	986
11	3	2	84	1033	1122
11	1	7	85	1339	1371
12	5	1	86	323	359
12	2	4	87	380	444
12	2	5	88	656	728
12	5	4	89	905	920
12	2	1	90	1045	1140
13	1	5	91	0	64
13	9	7	92	98	128
13	1	7	93	128	144
13	3	2	94	219	310
13	7	5	95	486	536
13	3	4	96	576	658
13	9	5	97	728	812
13	2	1	98	907	982
13	9	6	99	1093	1174
13	7	1	100	1228	1317
14	8	6	101	75	151
14	0	2	102	310	400
14	6	7	103	497	582
14	6	7	104	758	798
14	3	0	105	889	921
14	6	4	106	921	971
14	8	7	107	1200	1287
14	6	5	108	1289	1303
15	8	6	109	151	234
15	1	5	110	234	248
15	3	7	111	333	400
15	8	6	112	555	623
15	3	4	113	658	711
15	4	0	114	1003	1093
15	3	7	115	1130	1200
16	3	4	116	71	159
16	7	6	117	396	468
16	7	0	118	543	616
16	1	6	119	706	787
16	4	5	120	887	917
16	6	7	121	1080	1119
16	1	2	122	1122	1211
16	3	2	123	1236	1263
17	4	0	124	0	74
17	4	6	125	331	347
17	8	1	126	497	522
17	0	7	127	650	691
17	8	7	128	985	1015
17	7	6	129	1017	1044
17	3	2	130	1263	1299
18	7	4	131	0	49
18	3	4	132	49	71
18	7	4	133	287	380
18	7	6	134	386	396
18	9	3	135	445	527
18	1	6	136	692	706
18	0	0	137	826	889
18	5	3	138	950	1040
18	5	2	139	1211	1236
18	0	5	140	1303	1371
19	2	2	141	0	76
19	9	7	142	271	333
19	0	0	143	423	516
19	6	7	144	691	758
19	8	7	145	1015	1080
19	2	6	146	1174	1185
19	0	0	147	1190	1285
20	9	7	148	30	98
20	2	4	149	194	287
20	8	3	150	394	445
20	4	6	151	468	479
20	4	6	152	479	509
20	3	4	153	711	792
20	9	7	154	830	899
20	3	0	155	921	1003
20	2	3	156	1252	1340
21	9	7	157	186	271
21	8	3	158	355	394
21	3	6	159	509	534
21	8	1	160	629	705
21	1	1	161	790	878
21	0	5	162	1156	1190
21	5	4	163	1249	1310
22	7	5	164	64	150
22	3	2	165	172	219
22	6	5	166	323	396
22	1	7	167	400	467
22	5	1	168	593	629
22	5	1	169	745	790
22	7	4	170	792	838
22	9	7	171	899	985
22	5	4	172	1111	1197
22	3	2	173	1299	1365
23	8	6	174	234	263
23	8	3	175	263	355
23	5	1	176	359	408
23	9	3	177	527	616
23	0	2	178	738	753
23	3	5	179	821	887
23	9	6	180	1003	1017
23	7	4	181	1045	1111
23	8	7	182	1287	1309
23	7	1	183	1317	1373
24	6	1	184	41	112
24	7	5	185	150	230
24	3	2	186	415	505
24	2	2	187	542	630
24	8	0	188	761	826
24	7	6	189	871	906
24	1	5	190	951	973
24	6	5	191	973	1065
24	1	6	192	1274	1327
24	9	6	193	1327	1374


Solution History:
