This is the output of Heuristic Solver for Dual resource constrained flexible job shop Scheduling Problem.
Input file is: wfjsp17_1.txt
Method: FaF
Seed: 1
Number of Jobs: 15
Number of Operations: 136
Number of Machines: 5
Number of Operators: 4
CPU Time: 16.6138
obj: 1614
Best found lower bound:0
Solver gap (best found lower bound and upper bound difference): Not known


Final Solution:
Job	Machine	Operator	Operation	Start Time	Finish Time
0	3	3	0	0	71
0	4	0	1	225	248
0	1	1	2	409	457
0	2	0	3	731	837
0	0	3	4	931	1010
0	1	1	5	1448	1503
0	3	3	6	1503	1575
0	4	0	7	1587	1614
1	2	0	8	21	63
1	3	2	9	330	368
1	4	0	10	420	429
1	1	3	11	518	534
1	1	3	12	534	548
1	1	2	13	563	606
1	4	0	14	978	1039
1	4	0	15	1178	1226
1	1	1	16	1503	1524
2	1	2	17	0	9
2	2	0	18	63	123
2	1	3	19	255	301
2	0	1	20	560	651
2	0	3	21	786	884
2	3	2	22	970	1013
2	3	3	23	1351	1427
2	4	2	24	1430	1444
2	2	0	25	1482	1520
2	2	0	26	1520	1540
3	2	0	27	0	21
3	0	2	28	78	127
3	2	3	29	441	518
3	2	0	30	648	690
3	3	1	31	836	895
3	0	1	32	1188	1277
3	3	3	33	1299	1351
3	0	1	34	1391	1406
3	2	2	35	1571	1613
4	1	2	36	9	35
4	2	2	37	225	262
4	2	0	38	354	420
4	3	1	39	482	541
4	4	1	40	721	757
4	2	0	41	837	931
4	3	1	42	1027	1050
4	2	0	43	1323	1376
4	2	0	44	1376	1389
4	2	0	45	1468	1482
5	4	1	46	140	219
5	1	1	47	219	228
5	0	1	48	313	322
5	4	1	49	371	409
5	4	1	50	757	836
5	0	3	51	916	931
5	1	1	52	961	1027
5	3	1	53	1050	1104
5	4	2	54	1444	1482
6	0	2	55	35	78
6	0	2	56	127	225
6	4	0	57	443	487
6	0	2	58	1013	1108
6	0	1	59	1113	1167
6	0	1	60	1167	1188
6	1	2	61	1200	1265
6	3	3	62	1575	1594
7	1	3	63	71	113
7	0	2	64	371	466
7	4	0	65	487	522
7	4	1	66	702	721
7	1	2	67	812	858
7	1	2	68	1108	1162
7	0	1	69	1277	1336
7	1	1	70	1406	1448
8	0	1	71	0	22
8	2	0	72	159	201
8	3	3	73	217	255
8	3	3	74	404	441
8	0	2	75	466	510
8	1	3	76	634	711
8	4	2	77	895	970
8	2	3	78	1186	1261
8	1	1	79	1524	1614
9	1	3	80	113	187
9	4	0	81	308	354
9	1	3	82	548	563
9	2	0	83	628	648
9	0	1	84	651	660
9	3	3	85	711	786
9	3	2	86	1162	1200
9	0	2	87	1535	1571
9	0	3	88	1594	1611
10	3	3	89	187	217
10	2	2	90	262	315
10	3	2	91	315	330
10	0	2	92	510	560
10	4	2	93	606	677
10	0	3	94	884	902
10	3	1	95	942	961
10	4	0	96	1039	1099
10	3	1	97	1104	1113
10	1	2	98	1265	1354
11	0	1	99	228	313
11	0	1	100	322	371
11	3	1	101	660	702
11	2	3	102	1010	1092
11	4	0	103	1099	1178
11	3	3	104	1261	1299
11	0	1	105	1336	1391
11	3	3	106	1427	1446
11	3	3	107	1446	1488
11	3	3	108	1488	1501
12	4	1	109	62	140
12	4	0	110	248	308
12	3	3	111	563	634
12	2	0	112	690	710
12	2	0	113	710	731
12	2	3	114	1092	1167
12	2	3	115	1167	1186
12	4	0	116	1226	1323
13	1	3	117	301	404
13	4	0	118	429	443
13	3	1	119	457	482
13	3	1	120	541	560
13	0	2	121	702	786
13	1	1	122	895	942
13	2	0	123	1389	1468
13	0	2	124	1482	1535
13	4	0	125	1540	1587
14	4	1	126	22	62
14	2	0	127	123	159
14	2	0	128	201	225
14	2	0	129	522	628
14	0	2	130	677	702
14	1	2	131	786	812
14	4	2	132	858	895
14	3	3	133	902	916
14	2	0	134	931	978
14	4	2	135	1354	1430


Solution History:
