This is the output of Heuristic Solver for Dual resource constrained flexible job shop Scheduling Problem.
Input file is: wfjsp9_1.txt
Method: FaF
Seed: 1
Number of Jobs: 15
Number of Operations: 136
Number of Machines: 5
Number of Operators: 5
CPU Time: 12.4268
obj: 1341
Best found lower bound:0
Solver gap (best found lower bound and upper bound difference): Not known


Final Solution:
Job	Machine	Operator	Operation	Start Time	Finish Time
0	3	1	0	38	114
0	4	3	1	241	268
0	1	4	2	279	325
0	1	0	3	523	618
0	0	3	4	713	792
0	3	2	5	962	1033
0	3	2	6	1183	1255
0	4	0	7	1309	1336
1	2	0	8	21	63
1	3	2	9	251	286
1	3	2	10	323	331
1	1	4	11	331	347
1	2	1	12	530	544
1	1	0	13	618	667
1	1	4	14	895	966
1	1	4	15	966	1018
1	4	0	16	1284	1309
2	3	1	17	28	38
2	3	1	18	114	180
2	4	3	19	268	314
2	1	4	20	405	508
2	2	1	21	544	642
2	3	2	22	755	802
2	3	2	23	802	878
2	4	3	24	1104	1120
2	3	2	25	1126	1157
2	3	2	26	1157	1183
3	2	0	27	0	21
3	0	1	28	230	275
3	2	0	29	305	386
3	4	3	30	462	503
3	0	3	31	657	713
3	4	0	32	863	960
3	1	4	33	1160	1207
3	0	1	34	1218	1233
3	2	2	35	1294	1340
4	1	4	36	0	24
4	2	0	37	100	138
4	1	4	38	205	279
4	0	1	39	465	530
4	1	4	40	784	818
4	2	1	41	920	1018
4	3	2	42	1033	1058
4	3	2	43	1058	1126
4	2	0	44	1229	1242
4	1	4	45	1306	1318
5	1	4	46	24	102
5	0	2	47	125	134
5	2	0	48	296	305
5	4	3	49	424	462
5	0	3	50	541	616
5	0	3	51	792	807
5	0	3	52	1043	1099
5	0	1	53	1169	1218
5	4	0	54	1242	1284
6	4	3	55	0	41
6	2	0	56	187	296
6	4	3	57	503	541
6	2	1	58	642	741
6	0	3	59	807	867
6	0	1	60	1099	1120
6	1	4	61	1207	1268
6	3	1	62	1300	1320
7	0	2	63	0	44
7	0	1	64	324	415
7	4	4	65	660	691
7	4	0	66	844	863
7	4	0	67	960	1007
7	2	0	68	1104	1163
7	2	0	69	1163	1229
7	1	4	70	1268	1306
8	3	1	71	0	28
8	4	3	72	81	119
8	3	2	73	213	251
8	3	2	74	286	323
8	0	1	75	415	465
8	2	1	76	741	821
8	2	1	77	821	900
8	0	3	78	905	982
8	0	3	79	1239	1341
9	0	2	80	44	125
9	4	3	81	384	424
9	1	4	82	508	523
9	4	4	83	541	561
9	3	2	84	561	572
9	3	2	85	572	647
9	3	2	86	647	689
9	2	2	87	1262	1294
9	3	1	88	1320	1339
10	2	0	89	63	100
10	2	0	90	138	187
10	0	1	91	213	230
10	1	4	92	347	405
10	3	2	93	467	543
10	0	3	94	616	634
10	3	2	95	689	710
10	4	0	96	784	844
10	3	2	97	878	889
10	1	4	98	1068	1160
11	0	2	99	134	213
11	0	1	100	275	324
11	3	2	101	358	396
11	4	4	102	561	660
11	4	4	103	712	784
11	0	3	104	867	905
11	0	3	105	982	1043
11	2	1	106	1242	1262
11	3	1	107	1262	1300
11	1	4	108	1318	1331
12	4	3	109	149	227
12	4	3	110	314	384
12	3	2	111	396	467
12	2	0	112	492	512
12	4	4	113	691	712
12	1	4	114	818	895
12	2	1	115	900	920
12	4	0	116	1007	1104
13	1	4	117	102	205
13	4	3	118	227	241
13	3	2	119	331	358
13	3	2	120	543	560
13	1	0	121	689	780
13	3	2	122	903	962
13	2	1	123	1018	1095
13	0	1	124	1120	1169
13	4	3	125	1198	1239
14	4	3	126	41	81
14	4	3	127	119	149
14	3	1	128	180	210
14	2	0	129	386	492
14	0	3	130	634	657
14	1	0	131	667	689
14	3	2	132	710	755
14	3	2	133	889	903
14	1	4	134	1018	1068
14	4	3	135	1120	1198


Solution History:
