This is the output of Heuristic Solver for Dual resource constrained flexible job shop Scheduling Problem.
Input file is: wfjsp14_5.txt
Method: FaF
Seed: 4
Number of Jobs: 30
Number of Operations: 210
Number of Machines: 15
Number of Operators: 15
CPU Time: 10.4634
obj: 728
Best found lower bound:0
Solver gap (best found lower bound and upper bound difference): Not known


Final Solution:
Job	Machine	Operator	Operation	Start Time	Finish Time
0	12	1	0	0	14
0	6	2	1	15	55
0	8	11	2	55	143
0	12	1	3	242	314
0	5	8	4	398	466
0	1	3	5	495	530
0	1	12	6	640	704
1	2	1	7	14	51
1	13	4	8	140	186
1	14	12	9	289	331
1	8	5	10	431	463
1	10	4	11	543	613
2	11	0	12	8	31
2	3	10	13	116	131
2	14	6	14	380	447
2	2	4	15	644	708
2	1	8	16	708	719
3	2	1	17	51	98
3	11	3	18	217	284
3	10	4	19	354	395
3	0	9	20	573	603
3	13	14	21	603	650
4	10	11	22	18	47
4	11	0	23	106	136
4	14	12	24	186	289
4	6	2	25	505	548
4	4	11	26	582	622
5	4	5	27	0	21
5	11	0	28	31	39
5	6	9	29	60	108
5	12	1	30	314	405
5	0	9	31	603	668
6	4	5	32	21	93
6	6	9	33	108	210
6	5	3	34	299	379
6	5	12	35	467	506
6	7	5	36	609	622
6	6	1	37	625	676
7	11	0	38	136	217
7	7	10	39	231	300
7	4	12	40	331	391
7	1	0	41	411	443
7	5	3	42	653	721
8	3	7	43	0	32
8	3	9	44	42	60
8	10	3	45	73	137
8	8	13	46	232	314
8	7	10	47	314	400
8	4	10	48	400	448
8	10	7	49	460	541
8	11	13	50	554	631
8	6	1	51	676	686
8	8	13	52	686	723
9	9	13	53	0	74
9	13	4	54	105	140
9	0	5	55	220	308
9	0	5	56	308	328
9	13	11	57	391	428
9	7	11	58	428	509
9	2	13	59	509	523
9	2	10	60	523	550
9	3	10	61	658	725
10	5	2	62	0	15
10	0	12	63	18	59
10	2	2	64	140	172
10	6	2	65	329	418
10	6	2	66	418	496
10	1	3	67	530	568
10	2	10	68	568	612
10	2	4	69	613	629
11	13	4	70	21	105
11	14	12	71	105	186
11	7	14	72	186	231
11	1	0	73	232	268
11	3	7	74	283	296
11	8	9	75	322	406
11	3	8	76	467	498
11	8	4	77	498	543
11	6	2	78	548	623
11	7	5	79	623	710
12	10	3	80	48	73
12	2	2	81	172	244
12	3	11	82	296	345
12	10	4	83	345	354
12	8	9	84	406	431
12	10	7	85	431	439
12	6	2	86	496	505
12	3	7	87	541	627
13	14	6	88	0	85
13	5	7	89	118	165
13	4	6	90	202	231
13	6	8	91	237	329
13	3	11	92	345	390
13	5	8	93	390	398
13	4	10	94	448	494
13	5	14	95	506	586
13	10	2	96	623	664
13	13	14	97	668	722
14	13	4	98	0	21
14	9	13	99	74	116
14	9	9	100	242	313
14	9	0	101	313	325
14	9	14	102	325	389
14	12	1	103	405	471
14	4	5	104	495	563
14	11	13	105	631	675
15	9	13	106	116	205
15	2	2	107	244	329
15	11	6	108	329	360
15	14	6	109	447	531
15	0	12	110	531	568
15	3	10	111	627	658
15	6	1	112	686	723
16	11	0	113	0	8
16	10	3	114	137	215
16	4	6	115	231	259
16	1	11	116	268	294
16	0	5	117	411	426
16	9	14	118	448	504
16	3	8	119	504	536
16	10	2	120	664	702
17	8	9	121	0	29
17	1	3	122	29	48
17	13	4	123	186	268
17	3	7	124	268	283
17	10	4	125	395	427
17	10	7	126	439	460
17	8	8	127	615	686
18	0	5	128	129	220
18	8	9	129	314	322
18	1	0	130	325	342
18	7	5	131	582	609
18	14	6	132	617	682
19	2	10	133	0	12
19	11	0	134	39	106
19	4	6	135	106	119
19	8	0	136	222	232
19	13	0	137	268	310
19	13	0	138	493	534
19	14	6	139	534	617
19	13	14	140	650	668
19	10	7	141	703	711
19	10	4	142	711	728
20	12	8	143	54	128
20	1	8	144	128	195
20	13	4	145	428	493
20	9	12	146	506	525
20	11	13	147	525	554
20	1	12	148	568	640
21	4	6	149	119	202
21	13	7	150	310	391
21	7	7	151	400	428
21	8	5	152	463	495
21	9	0	153	582	651
22	1	3	154	0	28
22	4	6	155	259	325
22	9	9	156	525	573
22	12	11	157	625	708
22	7	5	158	710	723
23	6	8	159	0	13
23	5	7	160	42	118
23	8	11	161	143	222
23	10	4	162	268	335
23	9	14	163	389	448
23	11	3	164	463	495
23	11	10	165	495	513
23	13	0	166	534	582
23	4	7	167	627	703
24	5	8	168	15	34
24	12	8	169	34	54
24	3	8	170	202	237
24	5	14	171	237	299
24	3	12	172	391	467
24	7	11	173	509	575
25	0	2	174	59	129
25	5	7	175	165	236
25	2	13	176	329	426
25	2	13	177	426	483
25	4	5	178	563	582
25	9	0	179	692	714
26	7	14	180	0	62
26	1	12	181	62	102
26	1	5	182	102	121
26	7	14	183	145	183
26	12	1	184	199	242
26	0	5	185	328	411
26	0	9	186	431	518
26	5	3	187	586	653
26	14	6	188	682	727
27	3	10	189	60	116
27	3	10	190	131	202
27	9	9	191	210	242
27	1	0	192	443	493
27	12	1	193	561	584
27	2	4	194	629	644
27	0	9	195	668	704
28	3	7	196	32	42
28	2	1	197	98	140
28	10	11	198	222	268
28	1	0	199	342	411
28	8	8	200	543	615
29	10	12	201	0	18
29	7	14	202	62	145
29	12	1	203	145	199
29	14	8	204	331	380
29	11	3	205	380	463
29	12	1	206	471	561
29	12	1	207	584	625
29	9	0	208	651	692
29	0	2	209	704	720


Solution History:
