This is the output of Heuristic Solver for Dual resource constrained flexible job shop Scheduling Problem.
Input file is: wfjsp14_5.txt
Method: FaF
Seed: 3
Number of Jobs: 30
Number of Operations: 210
Number of Machines: 15
Number of Operators: 15
CPU Time: 15.2217
obj: 735
Best found lower bound:0
Solver gap (best found lower bound and upper bound difference): Not known


Final Solution:
Job	Machine	Operator	Operation	Start Time	Finish Time
0	6	14	0	13	28
0	6	9	1	28	72
0	8	9	2	72	163
0	2	7	3	164	234
0	12	1	4	250	314
0	9	4	5	533	574
0	6	1	6	665	735
1	2	1	7	10	47
1	13	4	8	367	413
1	14	8	9	413	458
1	8	13	10	510	544
1	12	11	11	633	697
2	11	3	12	0	21
2	3	8	13	55	69
2	11	3	14	102	167
2	2	7	15	487	553
2	9	6	16	574	585
3	2	1	17	47	94
3	14	6	18	198	263
3	11	3	19	281	322
3	10	3	20	425	453
3	13	2	21	550	595
4	10	2	22	37	65
4	10	11	23	215	252
4	14	8	24	316	412
4	13	4	25	413	459
4	9	0	26	696	733
5	3	7	27	0	23
5	12	5	28	54	62
5	13	4	29	120	168
5	12	5	30	392	487
5	10	2	31	680	732
6	4	12	32	0	64
6	0	13	33	114	200
6	5	2	34	362	442
6	5	1	35	442	478
6	5	1	36	478	492
6	1	3	37	688	733
7	11	3	38	21	102
7	7	10	39	223	292
7	4	0	40	345	411
7	2	2	41	639	667
7	5	14	42	667	729
8	10	2	43	0	37
8	3	10	44	37	55
8	10	2	45	65	132
8	8	5	46	172	254
8	7	11	47	327	408
8	4	0	48	411	453
8	10	11	49	490	566
8	11	14	50	573	655
8	6	14	51	655	665
8	3	7	52	681	713
9	6	12	53	72	157
9	13	4	54	168	203
9	0	13	55	203	303
9	0	5	56	303	323
9	0	13	57	323	360
9	7	11	58	408	489
9	13	2	59	538	550
9	2	2	60	613	639
9	2	13	61	669	733
10	8	5	62	28	45
10	0	13	63	72	114
10	4	0	64	208	240
10	0	12	65	360	448
10	6	8	66	470	548
10	12	0	67	582	620
10	0	5	68	620	661
10	3	7	69	666	681
11	13	14	70	28	112
11	14	6	71	112	198
11	3	8	72	208	254
11	1	0	73	275	311
11	7	0	74	311	327
11	8	9	75	334	418
11	6	2	76	442	470
11	3	14	77	505	559
11	6	9	78	559	628
11	7	9	79	628	719
12	7	0	80	0	28
12	2	1	81	94	164
12	4	10	82	292	345
12	10	3	83	362	371
12	8	9	84	418	443
12	10	3	85	453	461
12	13	2	86	470	480
12	3	7	87	559	645
13	14	6	88	0	85
13	5	7	89	99	146
13	4	0	90	240	270
13	6	12	91	270	359
13	3	6	92	377	424
13	11	10	93	440	448
13	4	0	94	453	501
13	5	1	95	501	589
13	10	11	96	589	633
13	13	4	97	655	703
14	13	4	98	0	21
14	12	2	99	161	202
14	9	14	100	212	275
14	4	9	101	275	288
14	9	13	102	377	448
14	12	5	103	487	556
14	5	1	104	589	660
14	8	8	105	676	722
15	9	4	106	21	109
15	2	7	107	234	323
15	11	3	108	323	353
15	14	10	109	458	546
15	0	8	110	548	587
15	4	12	111	590	623
15	10	3	112	641	680
16	13	4	113	112	120
16	10	11	114	142	215
16	14	6	115	263	294
16	10	3	116	371	394
16	11	3	117	486	500
16	7	0	118	501	568
16	0	5	119	587	620
16	4	12	120	623	661
17	8	5	121	0	28
17	1	8	122	29	48
17	13	4	123	203	285
17	14	8	124	300	316
17	10	3	125	394	425
17	1	3	126	576	599
17	8	13	127	608	669
18	6	12	128	176	260
18	8	9	129	297	305
18	3	11	130	305	324
18	10	4	131	461	490
18	14	10	132	546	611
19	2	1	133	0	10
19	3	8	134	69	139
19	5	2	135	146	161
19	8	5	136	163	172
19	1	9	137	228	275
19	1	1	138	314	356
19	1	1	139	356	440
19	4	6	140	513	533
19	10	3	141	633	641
19	14	8	142	657	676
20	12	5	143	80	159
20	1	1	144	164	228
20	6	14	145	362	424
20	9	4	146	513	533
20	11	6	147	545	573
20	1	0	148	620	688
21	4	11	149	64	142
21	2	7	150	323	397
21	11	3	151	461	486
21	1	3	152	545	576
21	9	6	153	585	653
22	1	8	154	0	29
22	4	0	155	142	208
22	3	8	156	254	300
22	2	7	157	397	487
22	7	0	158	568	582
23	6	14	159	0	13
23	5	7	160	23	99
23	11	3	161	209	281
23	10	2	162	295	362
23	9	6	163	448	513
23	11	3	164	513	545
23	10	11	165	566	584
23	14	8	166	611	657
23	4	5	167	661	730
24	9	9	168	0	17
24	12	5	169	62	80
24	11	3	170	167	209
24	5	14	171	300	362
24	3	14	172	424	505
24	11	10	173	655	724
25	0	13	174	0	72
25	9	14	175	156	212
25	13	4	176	285	367
25	4	12	177	533	590
25	3	7	178	645	666
25	12	6	179	697	717
26	7	0	180	28	96
26	1	0	181	96	132
26	6	12	182	157	176
26	7	9	183	186	223
26	8	5	184	254	297
26	9	6	185	297	377
26	0	12	186	448	532
26	8	13	187	544	608
26	14	12	188	676	722
27	12	11	189	0	54
27	3	8	190	139	208
27	8	9	191	305	334
27	13	2	192	480	538
27	12	5	193	556	579
27	1	3	194	599	614
27	13	4	195	614	655
28	3	10	196	23	34
28	9	14	197	112	156
28	10	2	198	252	295
28	12	5	199	323	392
28	8	13	200	448	510
29	14	6	201	85	103
29	7	10	202	103	186
29	12	2	203	202	250
29	5	11	204	252	300
29	11	10	205	353	440
29	1	9	206	443	545
29	2	4	207	574	613
29	9	6	208	653	696
29	0	6	209	717	732


Solution History:
