This is the output of Heuristic Solver for Dual resource constrained flexible job shop Scheduling Problem.
Input file is: wfjsp11_9.txt
Method: FaF
Seed: 3
Number of Jobs: 20
Number of Operations: 214
Number of Machines: 10
Number of Operators: 10
CPU Time: 16.4859
obj: 1191
Best found lower bound:0
Solver gap (best found lower bound and upper bound difference): Not known


Final Solution:
Job	Machine	Operator	Operation	Start Time	Finish Time
0	1	9	0	0	72
0	6	0	1	81	123
0	8	8	2	271	331
0	7	2	3	331	396
0	6	0	4	396	429
0	2	3	5	437	524
0	6	7	6	531	593
0	7	5	7	595	613
0	6	0	8	651	712
0	8	9	9	727	791
0	8	9	10	791	880
0	8	3	11	880	958
0	8	9	12	958	1041
1	7	4	13	0	44
1	0	6	14	126	147
1	1	6	15	169	225
1	2	3	16	363	378
1	9	1	17	427	523
1	5	2	18	664	686
1	7	2	19	929	951
1	1	1	20	985	1023
1	3	0	21	1023	1074
1	2	6	22	1115	1128
2	6	0	23	0	19
2	2	8	24	113	135
2	6	0	25	149	212
2	7	1	26	234	288
2	5	7	27	350	440
2	9	4	28	606	691
2	3	7	29	828	922
2	9	1	30	929	985
2	8	9	31	1117	1174
3	3	7	32	192	249
3	1	2	33	529	595
3	9	2	34	595	606
3	7	1	35	785	860
3	8	5	36	1083	1117
4	8	3	37	0	19
4	7	5	38	288	300
4	4	8	39	443	501
4	5	4	40	537	606
4	0	4	41	810	906
5	2	6	42	15	40
5	1	6	43	147	169
5	8	3	44	224	246
5	5	4	45	271	305
5	0	1	46	582	626
5	4	8	47	804	879
5	7	1	48	885	929
5	5	9	49	938	957
6	4	1	50	100	202
6	1	6	51	343	378
6	4	4	52	378	441
6	7	5	53	613	639
6	7	5	54	750	776
6	2	3	55	776	846
6	9	4	56	985	1070
6	2	6	57	1128	1141
7	0	8	58	0	33
7	0	6	59	40	126
7	5	8	60	219	271
7	2	6	61	301	341
7	1	2	62	396	467
7	0	6	63	523	578
7	5	2	64	606	664
7	8	9	65	665	727
7	9	5	66	778	792
7	9	5	67	909	917
7	5	7	68	998	1027
7	5	7	69	1027	1087
7	7	2	70	1087	1111
7	4	3	71	1113	1142
7	4	3	72	1142	1169
8	6	0	73	19	81
8	3	5	74	81	167
8	0	9	75	267	318
8	5	4	76	318	349
8	5	9	77	455	537
8	2	3	78	593	643
8	3	6	79	773	828
8	7	1	80	860	885
8	1	2	81	885	921
8	6	5	82	1006	1036
8	6	5	83	1036	1051
8	6	9	84	1051	1106
8	2	6	85	1141	1190
9	7	4	86	44	138
9	8	3	87	138	193
9	1	2	88	225	242
9	8	7	89	249	268
9	6	0	90	321	395
9	2	3	91	401	437
9	3	0	92	554	651
9	2	3	93	674	770
9	1	6	94	828	871
9	3	0	95	922	934
9	2	6	96	995	1027
9	0	8	97	1031	1087
9	5	8	98	1087	1175
10	4	1	99	0	100
10	7	4	100	138	166
10	7	5	101	167	234
10	3	5	102	249	286
10	2	6	103	378	401
10	8	7	104	443	531
10	2	3	105	539	593
10	7	5	106	639	694
10	9	4	107	694	778
10	1	7	108	811	823
10	2	6	109	879	938
10	7	2	110	951	1010
10	2	3	111	1033	1049
10	0	4	112	1087	1156
11	9	2	113	82	177
11	5	2	114	192	214
11	0	9	115	237	267
11	8	8	116	354	429
11	1	6	117	595	658
11	7	5	118	694	750
11	0	1	119	750	785
11	2	3	120	846	871
11	0	4	121	906	972
11	6	7	122	1106	1163
12	3	5	123	0	61
12	2	8	124	135	219
12	6	0	125	263	321
12	8	8	126	331	354
12	0	9	127	371	415
12	6	6	128	429	453
12	4	8	129	501	573
12	3	7	130	651	720
12	1	7	131	720	811
12	9	5	132	853	909
12	4	3	133	971	1033
12	1	2	134	1115	1148
12	1	2	135	1148	1174
13	2	6	136	0	15
13	0	9	137	318	371
13	8	9	138	537	609
13	0	4	139	785	810
13	3	0	140	934	993
14	8	3	141	19	115
14	1	2	142	242	307
14	1	1	143	307	343
14	9	1	144	350	427
14	3	0	145	436	514
14	3	0	146	514	554
14	2	3	147	643	674
14	1	6	148	674	711
14	6	0	149	787	859
14	0	8	150	972	1031
14	2	3	151	1049	1113
14	7	5	152	1117	1148
14	4	3	153	1169	1181
15	2	8	154	40	113
15	6	0	155	123	149
15	9	4	156	177	264
15	2	3	157	341	363
15	7	9	158	415	444
15	0	4	159	512	523
15	4	8	160	573	655
15	4	8	161	655	717
15	3	0	162	720	773
15	6	0	163	773	787
15	5	2	164	796	875
15	6	5	165	919	1006
15	4	1	166	1053	1108
16	5	7	167	0	87
16	9	7	168	268	350
16	3	5	169	350	436
16	0	4	170	441	512
16	7	5	171	524	595
16	6	7	172	595	650
16	0	1	173	679	738
16	5	2	174	758	796
16	9	5	175	796	853
16	6	0	176	884	919
16	2	6	177	938	995
16	7	2	178	1010	1072
16	7	2	179	1072	1084
16	3	0	180	1138	1191
17	9	2	181	0	82
17	5	7	182	87	103
17	0	9	183	147	237
17	4	3	184	246	337
17	5	9	185	444	455
17	7	5	186	455	524
17	8	9	187	609	665
17	5	2	188	686	758
17	2	3	189	871	879
17	1	7	190	922	979
17	5	7	191	979	998
17	4	1	192	1033	1053
17	8	5	193	1053	1083
17	3	0	194	1083	1138
17	6	5	195	1163	1190
18	5	7	196	103	192
18	8	3	197	193	224
18	2	6	198	225	301
18	3	5	199	301	341
18	8	8	200	429	443
18	9	1	201	523	582
18	0	1	202	626	679
18	4	8	203	879	971
18	1	6	204	1027	1115
18	9	1	205	1115	1188
19	1	9	206	72	144
19	6	0	207	212	263
19	1	2	208	467	529
19	2	3	209	529	539
19	4	8	210	717	804
19	6	0	211	859	884
19	5	9	212	884	938
19	3	0	213	993	1019


Solution History:
