This is the output of Heuristic Solver for Dual resource constrained flexible job shop Scheduling Problem.
Input file is: wfjsp23_5.txt
Method: FaF
Seed: 3
Number of Jobs: 30
Number of Operations: 360
Number of Machines: 15
Number of Operators: 12
CPU Time: 95.4795
obj: 1489
Best found lower bound:0
Solver gap (best found lower bound and upper bound difference): Not known


Final Solution:
Job	Machine	Operator	Operation	Start Time	Finish Time
0	6	1	0	0	14
0	8	1	1	114	154
0	2	10	2	180	259
0	12	2	3	408	474
0	11	4	4	523	594
0	6	8	5	732	774
0	1	2	6	872	942
0	7	4	7	942	983
0	14	6	8	999	1054
0	6	7	9	1090	1126
0	0	3	10	1192	1224
0	6	5	11	1233	1308
1	11	2	12	211	232
1	7	4	13	279	292
1	4	2	14	316	383
1	2	7	15	467	535
1	4	0	16	608	619
1	5	0	17	668	715
1	7	0	18	785	853
1	0	2	19	986	1025
1	13	3	20	1046	1076
1	0	10	21	1242	1282
2	14	2	22	0	28
2	12	9	23	113	152
2	13	10	24	259	362
2	4	10	25	501	545
2	5	8	26	617	659
2	13	7	27	693	714
2	7	4	28	767	775
2	10	4	29	844	892
2	2	10	30	1158	1242
2	1	11	31	1275	1332
3	11	2	32	79	147
3	0	3	33	303	389
3	1	10	34	545	629
3	8	2	35	633	669
3	12	7	36	676	692
3	9	3	37	713	759
3	6	5	38	964	1040
3	14	0	39	1189	1258
3	14	0	40	1294	1358
3	8	0	41	1358	1389
4	6	10	42	50	114
4	14	6	43	140	176
4	1	1	44	288	305
4	8	1	45	305	376
4	3	3	46	625	710
4	14	6	47	741	830
4	12	9	48	1051	1094
4	3	9	49	1094	1170
4	7	9	50	1283	1356
4	3	3	51	1403	1412
5	1	0	52	0	34
5	3	9	53	155	229
5	13	4	54	369	401
5	6	7	55	582	676
5	9	11	56	837	855
5	14	0	57	855	894
5	2	4	58	1066	1158
5	10	11	59	1191	1204
5	14	9	60	1258	1283
5	7	11	61	1387	1451
6	3	3	62	0	15
6	3	3	63	15	55
6	0	6	64	188	222
6	6	9	65	229	308
6	3	3	66	547	625
6	7	6	67	628	676
6	6	8	68	685	732
6	3	7	69	856	873
6	14	8	70	901	985
6	5	3	71	1307	1389
6	6	5	72	1397	1443
7	2	7	73	0	36
7	7	11	74	43	59
7	14	8	75	254	353
7	9	6	76	499	529
7	0	5	77	647	694
7	3	7	78	776	845
7	9	10	79	855	943
7	9	8	80	985	1010
7	8	0	81	1102	1171
7	11	4	82	1433	1486
8	8	6	83	0	10
8	7	11	84	18	43
8	9	5	85	53	62
8	7	11	86	80	90
8	5	5	87	286	375
8	9	6	88	375	470
8	2	9	89	550	596
8	4	1	90	621	648
8	2	2	91	701	799
8	10	0	92	894	938
8	10	7	93	1081	1090
8	11	8	94	1138	1184
8	4	1	95	1189	1272
8	3	11	96	1344	1387
8	10	8	97	1437	1483
9	5	5	98	0	21
9	2	7	99	36	81
9	2	11	100	102	165
9	9	6	101	176	188
9	1	11	102	353	417
9	4	10	103	423	501
9	13	4	104	594	664
9	12	5	105	694	741
9	11	1	106	836	924
9	4	11	107	1046	1128
9	7	4	108	1158	1190
9	2	10	109	1302	1391
9	10	8	110	1397	1437
9	7	11	111	1451	1484
10	0	0	112	52	88
10	14	0	113	88	98
10	3	11	114	252	330
10	2	4	115	338	369
10	8	8	116	468	491
10	2	7	117	535	550
10	14	5	118	560	626
10	1	2	119	840	872
10	4	4	120	901	936
10	10	2	121	955	986
10	10	0	122	1171	1189
10	10	7	123	1209	1291
10	3	3	124	1389	1403
11	13	4	125	0	32
11	7	11	126	59	80
11	1	1	127	154	221
11	11	4	128	431	523
11	6	9	129	536	545
11	13	7	130	550	569
11	9	6	131	598	628
11	9	11	132	759	816
11	0	2	133	831	840
11	5	3	134	876	944
11	4	3	135	1031	1046
11	2	7	136	1047	1057
11	14	0	137	1060	1102
11	4	1	138	1272	1311
11	14	7	139	1374	1477
12	10	11	140	0	18
12	8	8	141	23	32
12	9	6	142	32	50
12	9	3	143	219	298
12	3	7	144	398	467
12	9	6	145	529	598
12	9	5	146	628	647
12	13	4	147	664	693
12	12	11	148	859	931
12	11	2	149	1025	1108
12	5	7	150	1126	1209
12	1	6	151	1373	1403
12	2	10	152	1446	1485
13	5	1	153	48	114
13	7	6	154	114	140
13	5	11	155	190	252
13	7	4	156	292	338
13	2	1	157	376	459
13	6	5	158	545	560
13	7	7	159	569	582
13	11	9	160	596	684
13	7	4	161	693	767
13	7	4	162	983	1052
13	14	1	163	1120	1189
13	8	6	164	1264	1295
13	9	5	165	1308	1325
13	10	5	166	1351	1397
13	13	3	167	1412	1481
14	0	10	168	0	21
14	8	0	169	34	52
14	9	5	170	62	107
14	6	4	171	115	183
14	10	6	172	288	369
14	0	3	173	389	454
14	10	11	174	586	657
14	8	3	175	759	826
14	13	3	176	948	1031
14	7	11	177	1216	1275
14	5	10	178	1282	1302
14	12	2	179	1326	1346
14	0	0	180	1407	1476
15	10	4	181	58	98
15	4	0	182	182	199
15	7	0	183	199	236
15	7	4	184	236	279
15	7	8	185	353	433
15	5	11	186	506	586
15	6	4	187	775	841
15	0	5	188	844	891
15	9	0	189	1012	1060
15	1	11	190	1128	1191
15	3	4	191	1288	1317
15	2	10	192	1391	1446
16	11	8	193	0	23
16	8	6	194	74	90
16	1	0	195	98	139
16	10	2	196	147	157
16	11	2	197	157	199
16	3	0	198	342	392
16	7	1	199	459	524
16	1	0	200	715	785
16	1	11	201	817	837
16	11	0	202	938	1012
16	10	8	203	1012	1067
16	10	6	204	1295	1343
16	5	1	205	1390	1473
17	12	7	206	174	268
17	12	9	207	353	395
17	8	9	208	395	448
17	5	11	209	491	506
17	11	9	210	684	724
17	10	7	211	724	733
17	4	8	212	859	901
17	1	2	213	942	955
17	8	6	214	1054	1087
17	12	9	215	1170	1258
17	4	2	216	1410	1421
17	8	9	217	1433	1475
18	11	4	218	32	58
18	8	8	219	155	173
18	6	9	220	449	536
18	13	8	221	578	591
18	10	8	222	659	685
18	3	7	223	845	856
18	11	1	224	924	933
18	13	1	225	933	948
18	12	11	226	990	1045
18	9	3	227	1224	1307
19	12	9	228	44	113
19	10	11	229	165	190
19	4	2	230	199	211
19	8	2	231	232	249
19	11	2	232	249	269
19	5	3	233	454	482
19	14	0	234	485	553
19	1	10	235	629	699
19	11	9	236	724	795
19	3	9	237	956	1032
19	8	9	238	1032	1051
19	0	5	239	1075	1100
19	9	6	240	1162	1210
19	11	4	241	1216	1288
19	12	2	242	1346	1408
20	3	8	243	70	155
20	10	5	244	237	286
20	8	8	245	449	468
20	0	6	246	470	499
20	8	6	247	676	694
20	3	9	248	886	956
20	9	1	249	956	970
20	6	5	250	1040	1075
20	6	5	251	1144	1233
20	3	11	252	1332	1344
20	4	4	253	1402	1410
21	0	2	254	28	44
21	4	8	255	44	70
21	5	0	256	139	182
21	5	1	257	254	281
21	1	11	258	417	448
21	3	7	259	733	776
21	12	8	260	776	859
21	12	11	261	931	990
21	9	10	262	1062	1153
21	6	1	263	1311	1390
22	12	9	264	0	44
22	13	7	265	81	174
22	4	2	266	383	408
22	1	5	267	448	540
22	0	2	268	542	633
22	1	9	269	795	817
22	0	5	270	891	964
22	2	7	271	964	1032
22	1	1	272	1056	1120
22	11	7	273	1291	1374
23	8	3	274	55	74
23	0	6	275	90	113
23	14	8	276	176	254
23	11	2	277	269	316
23	11	7	278	316	398
23	8	1	279	524	588
23	12	1	280	588	621
23	4	11	281	657	697
23	0	11	282	697	750
23	4	10	283	943	1016
23	0	2	284	1108	1192
23	8	2	285	1192	1259
23	13	8	286	1352	1397
23	4	2	287	1421	1489
24	4	1	288	14	30
24	10	4	289	98	115
24	1	6	290	222	288
24	12	2	291	474	542
24	8	6	292	694	741
24	8	6	293	830	917
24	3	7	294	1032	1047
24	5	7	295	1057	1081
24	13	3	296	1081	1163
24	7	9	297	1371	1380
24	0	0	298	1389	1407
25	5	1	299	30	48
25	8	3	300	173	219
25	12	7	301	268	315
25	3	3	302	482	547
25	4	0	303	553	608
25	2	2	304	669	701
25	4	10	305	772	852
25	3	4	306	1052	1066
25	1	11	307	1204	1214
25	12	2	308	1259	1326
25	11	9	309	1380	1433
26	6	10	310	21	50
26	13	6	311	50	73
26	0	10	312	114	180
26	13	4	313	183	233
26	1	0	314	305	342
26	5	5	315	375	447
26	5	8	316	591	617
26	2	0	317	619	668
26	4	10	318	699	772
26	13	1	319	795	836
26	1	1	320	970	1056
26	10	6	321	1090	1162
26	1	6	322	1343	1373
26	1	6	323	1403	1488
27	4	3	324	74	171
27	0	0	325	236	303
27	12	11	326	330	353
27	6	10	327	362	423
27	6	8	328	433	449
27	10	8	329	491	578
27	10	5	330	741	844
27	8	6	331	917	999
27	0	10	332	1025	1062
27	12	5	333	1100	1144
27	3	8	334	1184	1269
27	4	4	335	1317	1402
28	10	5	336	21	53
28	4	1	337	221	254
28	6	9	338	308	345
28	13	4	339	401	431
28	13	11	340	448	491
28	5	1	341	715	795
28	2	9	342	817	886
28	2	0	343	1258	1294
28	9	5	344	1325	1351
28	14	9	345	1358	1371
29	9	6	346	10	29
29	1	2	347	44	79
29	2	11	348	90	102
29	9	5	349	107	176
29	10	5	350	190	237
29	10	0	351	392	485
29	9	1	352	648	713
29	11	2	353	799	831
29	5	3	354	831	876
29	6	7	355	876	958
29	7	8	356	1067	1138
29	7	4	357	1190	1216
29	1	6	358	1216	1264
29	13	8	359	1269	1352


Solution History:
