This is the output of Heuristic Solver for Dual resource constrained flexible job shop Scheduling Problem.
Input file is: wfjsp7_3.txt
Method: FaF
Seed: 5
Number of Jobs: 12
Number of Operations: 104
Number of Machines: 5
Number of Operators: 5
CPU Time: 5.53336
obj: 1172
Best found lower bound:0
Solver gap (best found lower bound and upper bound difference): Not known


Final Solution:
Job	Machine	Operator	Operation	Start Time	Finish Time
0	0	0	0	36	120
0	2	1	1	173	189
0	0	0	2	204	223
0	2	1	3	267	370
0	3	3	4	483	560
0	1	3	5	632	710
0	4	1	6	740	821
0	0	0	7	982	1023
0	0	0	8	1081	1172
1	1	4	9	0	15
1	3	3	10	49	111
1	0	0	11	291	385
1	1	2	12	502	520
1	2	2	13	520	620
1	2	2	14	803	900
1	1	3	15	977	1006
1	1	3	16	1006	1066
2	1	2	17	15	35
2	1	2	18	35	111
2	1	2	19	111	126
2	0	0	20	263	291
2	4	4	21	300	361
2	3	3	22	386	483
2	2	2	23	669	736
2	1	3	24	757	786
2	3	0	25	855	938
2	2	2	26	999	1100
3	4	3	27	0	11
3	4	4	28	63	96
3	4	4	29	171	269
3	0	0	30	521	557
3	4	1	31	557	587
3	0	4	32	649	717
3	4	4	33	821	884
3	3	1	34	1059	1122
4	3	3	35	111	213
4	1	2	36	392	502
4	0	0	37	502	521
4	4	1	38	527	557
4	0	4	39	575	649
4	3	0	40	762	778
4	2	2	41	778	803
4	1	3	42	837	896
4	4	4	43	935	970
4	3	1	44	1122	1170
5	2	1	45	69	173
5	1	2	46	208	284
5	4	4	47	436	527
5	0	4	48	557	575
5	2	2	49	653	669
5	4	1	50	678	740
5	3	0	51	778	855
5	0	0	52	941	982
5	0	0	53	1058	1081
5	2	2	54	1100	1163
6	2	1	55	0	25
6	2	1	56	25	56
6	2	1	57	189	267
6	1	2	58	313	392
6	2	1	59	407	511
6	0	4	60	717	819
6	0	1	61	877	889
6	2	2	62	936	999
6	1	4	63	1070	1171
7	4	4	64	15	63
7	4	4	65	269	300
7	3	3	66	323	386
7	0	0	67	461	498
7	4	1	68	587	678
7	2	2	69	766	776
7	3	1	70	941	1047
8	3	3	71	213	275
8	1	2	72	284	313
8	4	4	73	361	436
8	2	2	74	736	766
8	1	3	75	896	952
8	3	1	76	1047	1059
9	0	0	77	0	36
9	2	1	78	56	69
9	4	4	79	96	171
9	1	3	80	560	632
9	0	1	81	821	877
9	4	4	82	884	901
9	4	4	83	901	935
9	4	3	84	1070	1084
10	0	0	85	120	204
10	3	3	86	275	323
10	2	1	87	370	407
10	1	4	88	527	551
10	2	2	89	620	653
10	1	3	90	710	757
10	0	1	91	889	941
10	1	3	92	952	977
10	0	0	93	1023	1058
11	3	3	94	11	49
11	1	2	95	126	208
11	0	0	96	223	263
11	0	0	97	385	461
11	3	0	98	560	671
11	3	0	99	671	762
11	1	3	100	786	837
11	2	2	101	900	936
11	4	4	102	970	1070
11	4	3	103	1084	1160


Solution History:
