This is the output of Heuristic Solver for Dual resource constrained flexible job shop Scheduling Problem.
Input file is: wfjsp24_4.txt
Method: FaF
Seed: 4
Number of Jobs: 40
Number of Operations: 306
Number of Machines: 15
Number of Operators: 12
CPU Time: 38.743
obj: 1318
Best found lower bound:0
Solver gap (best found lower bound and upper bound difference): Not known


Final Solution:
Job	Machine	Operator	Operation	Start Time	Finish Time
0	1	11	0	175	248
0	8	7	1	265	327
0	1	11	2	428	494
0	0	6	3	561	623
0	14	5	4	936	1032
0	9	5	5	1032	1065
0	6	10	6	1106	1154
0	0	10	7	1154	1166
0	0	1	8	1252	1301
1	11	6	9	0	19
1	1	11	10	33	46
1	3	9	11	193	227
1	6	0	12	239	307
1	7	10	13	331	353
1	8	6	14	429	501
1	7	0	15	676	752
1	8	7	16	1143	1203
1	8	0	17	1209	1264
2	0	9	18	0	31
2	11	9	19	31	48
2	9	7	20	219	265
2	7	10	21	491	569
2	6	10	22	626	637
2	7	9	23	856	922
2	2	1	24	1085	1159
3	2	0	25	0	10
3	14	3	26	168	243
3	2	11	27	248	319
3	12	9	28	623	713
3	7	5	29	755	804
3	12	7	30	1203	1305
4	0	4	31	192	258
4	6	10	32	373	440
4	5	3	33	576	628
4	9	11	34	872	888
4	2	10	35	904	972
4	2	1	36	1159	1189
4	11	2	37	1200	1223
5	11	4	38	58	122
5	13	5	39	145	196
5	2	3	40	440	496
5	6	0	41	529	563
5	3	4	42	667	722
5	1	11	43	1059	1129
6	11	7	44	137	219
6	3	7	45	331	394
6	14	0	46	489	522
6	13	5	47	555	577
6	0	11	48	640	705
6	7	0	49	821	850
6	8	7	50	873	923
6	0	9	51	970	997
7	5	8	52	153	256
7	1	8	53	385	428
7	7	10	54	478	491
7	12	10	55	569	599
7	11	8	56	702	783
7	3	4	57	802	814
7	11	2	58	849	925
7	2	1	59	1041	1085
7	10	3	60	1249	1313
8	1	3	61	128	168
8	0	4	62	258	292
8	2	11	63	319	331
8	5	3	64	496	520
8	14	1	65	562	606
8	3	5	66	814	870
8	13	6	67	880	929
8	14	5	68	1214	1245
9	0	2	69	43	99
9	2	11	70	111	175
9	8	6	71	327	368
9	10	1	72	368	414
9	10	2	73	676	750
9	5	2	74	750	805
9	4	8	75	887	897
9	10	3	76	1174	1249
9	11	11	77	1263	1314
10	6	9	78	87	110
10	1	5	79	288	362
10	8	6	80	368	429
10	4	3	81	520	575
10	10	3	82	856	909
10	9	3	83	909	940
10	12	7	84	1003	1095
10	13	0	85	1105	1129
10	2	1	86	1189	1222
11	4	8	87	0	35
11	11	2	88	224	297
11	12	7	89	394	443
11	9	5	90	453	479
11	3	0	91	632	662
11	2	11	92	721	789
11	2	0	93	985	1041
11	7	10	94	1268	1311
12	10	3	95	0	46
12	7	9	96	227	291
12	1	7	97	494	560
12	1	1	98	637	684
12	9	7	99	688	703
12	9	6	100	726	777
12	14	1	101	782	815
12	8	1	102	815	844
12	7	10	103	1214	1268
12	13	5	104	1295	1314
13	7	5	105	65	145
13	12	6	106	202	293
13	12	3	107	311	360
13	10	1	108	452	495
13	3	7	109	738	802
13	6	10	110	807	874
13	1	10	111	983	1039
13	5	8	112	1062	1126
13	14	2	113	1126	1200
13	12	1	114	1305	1314
14	13	3	115	46	128
14	5	7	116	443	493
14	10	9	117	773	856
14	11	7	118	925	957
14	9	7	119	957	1003
14	7	11	120	1028	1059
14	2	1	121	1222	1252
15	5	11	122	0	33
15	3	4	123	130	192
15	4	3	124	272	311
15	9	9	125	355	422
15	4	4	126	575	667
15	11	11	127	789	840
15	3	4	128	1006	1035
15	7	5	129	1065	1140
15	5	0	130	1140	1209
16	12	1	131	0	49
16	0	11	132	361	412
16	2	11	133	412	427
16	3	4	134	526	566
16	4	6	135	679	726
16	4	6	136	1062	1099
16	0	6	137	1170	1230
17	2	8	138	35	83
17	5	8	139	83	97
17	9	6	140	130	154
17	11	7	141	637	688
17	1	1	142	688	782
17	1	3	143	940	983
17	4	8	144	997	1062
17	1	11	145	1129	1201
18	5	0	146	43	74
18	7	0	147	150	220
18	2	0	148	220	233
18	12	10	149	443	478
18	13	1	150	495	538
18	6	10	151	599	626
18	7	2	152	643	674
18	6	11	153	888	955
18	9	9	154	1121	1213
19	3	10	155	239	331
19	11	2	156	379	448
19	4	2	157	483	506
19	6	9	158	563	591
19	13	1	159	606	637
19	14	5	160	690	755
19	0	9	161	922	970
19	8	2	162	1013	1094
20	0	9	163	422	490
20	14	5	164	529	555
20	2	10	165	789	798
20	12	8	166	969	997
20	6	10	167	1166	1211
21	6	5	168	0	65
21	8	2	169	99	181
21	9	9	170	291	355
21	3	8	171	428	523
21	9	8	172	523	547
21	14	4	173	815	909
21	6	11	174	955	1028
21	10	3	175	1078	1174
21	9	11	176	1233	1263
21	2	0	177	1264	1276
22	9	10	178	0	39
22	8	2	179	181	224
22	8	1	180	538	562
22	14	5	181	608	690
22	13	7	182	703	738
22	8	2	183	925	1013
23	8	7	184	0	67
23	10	1	185	182	251
23	6	0	186	307	373
23	2	5	187	577	608
23	0	10	188	720	789
23	0	2	189	807	849
23	5	0	190	850	913
23	5	2	191	1223	1314
24	9	10	192	39	106
24	2	6	193	501	561
24	13	0	194	752	821
24	3	7	195	1095	1126
24	8	7	196	1126	1143
24	2	0	197	1276	1301
25	14	2	198	297	379
25	14	3	199	390	440
25	11	8	200	577	588
25	9	9	201	591	623
25	3	4	202	941	1006
25	12	4	203	1095	1187
26	1	6	204	19	33
26	12	9	205	110	193
26	11	4	206	297	325
26	11	4	207	448	526
26	5	11	208	547	576
26	10	0	209	662	676
26	9	11	210	840	872
26	1	5	211	872	936
26	4	6	212	1099	1170
26	3	8	213	1192	1246
27	13	0	214	10	43
27	4	2	215	448	483
27	8	7	216	562	589
27	5	1	217	1021	1036
27	13	0	218	1076	1105
28	7	2	219	0	43
28	13	5	220	196	288
28	4	3	221	726	801
28	10	9	222	997	1064
28	3	6	223	1256	1309
29	0	10	224	106	172
29	1	8	225	362	385
29	11	8	226	547	577
29	5	3	227	628	725
29	12	8	228	897	945
29	14	3	229	1032	1078
29	6	9	230	1213	1259
30	14	0	231	74	150
30	9	6	232	154	202
30	4	4	233	376	436
30	12	9	234	490	558
30	6	10	235	637	720
30	0	10	236	798	807
30	3	10	237	874	904
30	5	1	238	958	1021
30	9	9	239	1263	1290
31	14	4	240	0	58
31	14	1	241	251	290
31	5	0	242	373	441
31	7	11	243	576	640
31	1	3	244	801	842
31	3	4	245	909	941
31	2	10	246	972	981
31	11	3	247	983	1026
31	1	11	248	1201	1233
31	13	5	249	1245	1295
32	5	1	250	99	153
32	6	10	251	172	239
32	4	3	252	243	272
32	12	3	253	360	390
32	1	8	254	588	635
32	2	8	255	635	702
32	0	1	256	849	912
32	7	5	257	1140	1214
32	11	6	258	1230	1256
32	9	9	259	1290	1318
33	0	1	260	292	358
33	0	11	261	494	547
33	9	6	262	623	679
33	9	6	263	777	829
33	6	10	264	1039	1106
34	10	7	265	67	137
34	5	8	266	288	358
34	11	7	267	589	637
34	12	8	268	852	887
34	12	8	269	945	969
34	3	0	270	1041	1076
34	3	8	271	1126	1192
35	5	8	272	271	288
35	7	5	273	362	453
35	10	2	274	548	643
35	5	1	275	913	958
35	13	6	276	958	1061
36	12	1	277	49	99
36	10	1	278	153	182
36	7	6	279	293	327
36	4	4	280	327	376
36	14	0	281	441	489
36	12	9	282	713	773
36	4	7	283	802	873
36	10	9	284	1064	1073
36	9	9	285	1073	1121
36	1	8	286	1246	1316
37	3	6	287	33	130
37	1	8	288	256	271
37	3	0	289	566	632
37	10	0	290	913	985
37	4	4	291	1187	1282
38	1	11	292	46	111
38	11	11	293	331	361
38	10	1	294	414	452
38	12	8	295	783	852
38	11	4	296	1035	1094
39	4	9	297	48	87
39	4	8	298	97	149
39	6	5	299	479	529
39	10	2	300	529	548
39	9	11	301	705	721
39	6	4	302	722	798
39	13	6	303	829	880
39	13	6	304	929	950
39	11	2	305	1094	1124


Solution History:
