This is the output of Heuristic Solver for Dual resource constrained flexible job shop Scheduling Problem.
Input file is: wfjsp6_3.txt
Method: FaF
Seed: 4
Number of Jobs: 12
Number of Operations: 65
Number of Machines: 5
Number of Operators: 5
CPU Time: 1.44714
obj: 749
Best found lower bound:0
Solver gap (best found lower bound and upper bound difference): Not known


Final Solution:
Job	Machine	Operator	Operation	Start Time	Finish Time
0	4	3	0	65	139
0	0	0	1	197	214
0	2	2	2	239	254
0	3	3	3	292	377
0	3	3	4	449	526
0	2	2	5	680	749
1	1	4	6	0	77
1	1	4	7	140	176
1	3	1	8	185	289
1	4	1	9	292	309
1	0	4	10	382	447
1	1	4	11	515	614
1	4	4	12	632	649
1	4	4	13	649	749
2	0	0	14	41	133
2	3	3	15	419	449
2	2	2	16	516	578
2	1	4	17	614	632
3	1	2	18	347	423
3	2	2	19	504	516
4	3	1	20	0	27
4	2	2	21	28	76
4	3	1	22	84	185
4	0	4	23	314	382
4	3	3	24	392	419
4	4	1	25	433	515
4	0	0	26	612	708
5	2	2	27	17	28
5	4	3	28	30	65
5	2	2	29	76	178
5	1	4	30	178	219
5	1	4	31	219	246
5	0	4	32	246	314
5	4	1	33	369	433
5	0	4	34	447	515
5	0	0	35	515	612
5	3	1	36	627	728
6	2	2	37	0	17
6	0	0	38	214	242
6	2	0	39	254	335
6	3	3	40	377	392
6	4	1	41	515	541
6	1	3	42	632	691
7	0	0	43	0	41
7	1	4	44	77	140
7	1	2	45	254	347
7	1	2	46	423	504
7	4	1	47	541	624
7	1	3	48	691	709
7	3	1	49	728	743
8	2	2	50	178	239
8	2	0	51	335	412
8	1	3	52	709	748
9	4	3	53	9	30
9	4	1	54	309	369
10	3	1	55	27	52
10	3	1	56	52	84
10	4	3	57	139	215
10	4	3	58	215	292
10	2	0	59	412	503
10	2	2	60	578	680
11	4	3	61	0	9
11	0	0	62	133	197
11	3	3	63	526	627
11	0	0	64	708	749


Solution History:
