This is the output of Heuristic Solver for Dual resource constrained flexible job shop Scheduling Problem.
Input file is: wfjsp6_6.txt
Method: FaF
Seed: 4
Number of Jobs: 12
Number of Operations: 72
Number of Machines: 5
Number of Operators: 5
CPU Time: 1.68049
obj: 841
Best found lower bound:0
Solver gap (best found lower bound and upper bound difference): Not known


Final Solution:
Job	Machine	Operator	Operation	Start Time	Finish Time
0	3	4	0	0	62
0	3	4	1	62	103
0	1	4	2	125	186
0	2	0	3	312	354
0	3	3	4	364	453
0	2	2	5	458	546
0	4	0	6	631	660
0	1	1	7	660	687
0	0	4	8	708	794
1	0	1	9	348	362
1	3	3	10	639	721
2	0	1	11	0	77
2	1	2	12	91	125
2	0	1	13	219	257
2	1	4	14	292	351
2	4	0	15	361	457
2	1	1	16	552	632
2	2	2	17	723	808
2	3	2	18	808	837
3	4	2	19	0	46
3	2	3	20	107	160
3	4	0	21	523	565
3	2	2	22	641	723
4	0	1	23	77	156
4	2	0	24	160	226
4	0	1	25	257	297
4	0	1	26	362	396
4	2	2	27	449	458
4	4	0	28	458	523
4	0	4	29	566	651
4	1	1	30	775	826
5	2	3	31	0	13
5	2	3	32	13	107
5	4	2	33	263	340
5	1	4	34	351	388
5	0	4	35	399	475
5	3	3	36	599	639
5	0	4	37	651	676
6	4	0	38	46	138
6	3	3	39	160	196
6	1	4	40	196	246
6	1	4	41	246	292
6	1	1	42	399	466
6	1	1	43	466	552
6	2	2	44	552	641
6	4	0	45	660	709
6	3	3	46	721	805
6	2	3	47	808	841
7	1	2	48	46	91
7	3	4	49	103	117
7	3	3	50	196	278
7	2	0	51	279	312
7	1	4	52	388	399
7	3	3	53	453	499
7	3	3	54	499	586
7	3	3	55	586	599
7	1	1	56	687	775
7	4	0	57	775	840
8	0	1	58	156	219
8	0	1	59	297	348
8	0	4	60	475	566
9	3	2	61	125	136
9	2	2	62	361	449
10	2	0	63	226	279
10	4	2	64	340	361
10	0	4	65	794	821
11	4	2	66	138	222
11	4	2	67	222	263
11	3	3	68	278	364
11	4	0	69	565	631
11	1	1	70	632	646
11	0	4	71	676	708


Solution History:
