This is the output of Heuristic Solver for Dual resource constrained flexible job shop Scheduling Problem.
Input file is: wfjsp13_3.txt
Method: FaF
Seed: 4
Number of Jobs: 25
Number of Operations: 243
Number of Machines: 15
Number of Operators: 15
CPU Time: 25.7944
obj: 903
Best found lower bound:0
Solver gap (best found lower bound and upper bound difference): Not known


Final Solution:
Job	Machine	Operator	Operation	Start Time	Finish Time
0	11	10	0	30	97
0	13	3	1	128	141
0	5	11	2	257	272
0	7	13	3	327	405
0	1	1	4	440	519
0	1	11	5	520	592
0	0	10	6	780	853
0	0	10	7	863	899
1	13	3	8	27	128
1	4	14	9	134	147
1	13	3	10	147	219
1	8	10	11	275	360
1	11	10	12	360	375
1	3	11	13	397	493
1	13	7	14	540	628
1	5	14	15	653	681
1	3	12	16	700	759
1	4	14	17	788	805
1	2	4	18	812	893
1	11	6	19	894	903
2	5	14	20	0	26
2	3	12	21	152	205
2	7	13	22	228	327
2	7	13	23	405	471
2	3	11	24	493	520
2	5	4	25	576	653
2	13	7	26	659	752
2	0	10	27	853	863
3	11	6	28	0	30
3	3	12	29	51	152
3	14	1	30	209	249
3	1	1	31	294	322
3	14	8	32	344	409
3	4	3	33	446	512
3	2	3	34	540	608
3	1	11	35	790	878
4	7	13	36	82	176
4	2	0	37	183	202
4	3	7	38	281	308
4	7	13	39	471	553
4	9	6	40	556	569
4	9	6	41	569	594
4	7	13	42	700	758
4	6	9	43	829	865
5	10	5	44	74	122
5	9	10	45	191	275
5	4	6	46	284	353
5	4	6	47	353	442
5	13	5	48	523	538
5	1	11	49	592	607
5	12	2	50	640	690
5	7	13	51	769	834
5	4	14	52	855	891
6	8	3	53	0	21
6	7	13	54	21	82
6	12	14	55	96	120
6	8	7	56	138	168
6	13	3	57	219	295
6	5	12	58	332	411
6	14	8	59	502	596
6	11	10	60	608	702
6	1	11	61	718	728
6	6	2	62	751	804
7	12	11	63	0	93
7	9	10	64	102	146
7	14	1	65	179	209
7	1	5	66	231	292
7	1	1	67	322	359
7	1	1	68	359	440
7	7	12	69	553	562
7	9	0	70	595	686
7	5	4	71	716	776
7	5	3	72	778	812
7	14	1	73	818	901
8	13	4	74	0	27
8	1	8	75	59	119
8	6	5	76	193	204
8	3	12	77	246	281
8	0	7	78	318	331
8	2	4	79	353	425
8	5	12	80	425	518
8	4	2	81	581	640
8	6	3	82	734	751
8	11	14	83	754	786
8	12	14	84	818	829
9	0	9	85	59	137
9	11	6	86	162	210
9	0	0	87	210	251
9	8	7	88	251	275
9	2	4	89	323	353
9	10	10	90	375	432
9	0	0	91	432	491
9	0	0	92	491	517
9	7	12	93	562	590
9	2	3	94	608	646
9	12	1	95	692	769
9	8	7	96	830	871
10	2	0	97	20	96
10	6	9	98	204	286
10	12	2	99	342	442
10	2	4	100	489	540
10	5	4	101	540	576
10	3	13	102	576	679
10	8	14	103	681	754
10	9	0	104	780	818
10	6	9	105	818	829
11	9	6	106	30	92
11	8	4	107	92	138
11	12	4	108	138	204
11	14	8	109	251	344
11	10	10	110	522	608
11	7	12	111	608	698
11	14	9	112	762	818
11	4	2	113	818	855
11	12	13	114	876	900
12	14	1	115	0	43
12	14	1	116	142	179
12	9	6	117	275	284
12	10	3	118	295	365
12	11	7	119	392	476
12	4	3	120	512	529
12	2	4	121	653	710
12	12	13	122	834	876
13	9	10	123	0	28
13	5	14	124	28	96
13	2	8	125	203	251
13	0	0	126	251	318
13	11	14	127	476	538
13	0	8	128	596	665
13	0	5	129	668	740
13	13	3	130	752	778
13	10	5	131	793	856
13	10	2	132	856	879
14	11	6	133	102	162
14	0	9	134	162	204
14	1	5	135	204	231
14	6	9	136	286	356
14	12	2	137	442	497
14	6	9	138	515	552
14	1	11	139	607	661
14	1	11	140	661	718
14	8	3	141	871	898
15	4	7	142	0	32
15	6	2	143	85	192
15	11	6	144	210	275
15	5	14	145	289	305
15	5	12	146	305	332
15	14	8	147	409	475
15	8	7	148	476	540
15	6	9	149	552	616
15	10	5	150	741	793
15	9	0	151	818	855
15	6	9	152	865	894
16	10	5	153	131	193
16	5	4	154	204	254
16	11	11	155	275	313
16	8	3	156	407	446
16	8	14	157	446	467
16	8	5	158	619	668
16	10	2	159	692	741
16	1	11	160	756	790
17	0	8	161	0	59
17	8	7	162	168	246
17	12	2	163	276	342
17	0	0	164	392	429
17	2	4	165	429	489
17	0	0	166	517	595
17	6	7	167	628	659
17	4	6	168	705	788
17	12	1	169	792	818
18	10	2	170	0	56
18	4	7	171	56	93
18	9	6	172	93	102
18	2	0	173	102	183
18	13	5	174	295	381
18	9	14	175	381	446
18	6	9	176	446	515
18	11	14	177	538	605
18	14	9	178	616	719
18	8	7	179	754	830
18	7	12	180	837	876
19	2	13	181	0	20
19	6	5	182	20	74
19	10	11	183	194	257
19	9	14	184	305	378
19	10	10	185	432	522
19	8	5	186	540	594
19	12	14	187	605	630
19	3	13	188	679	700
19	2	8	189	716	804
19	13	3	190	812	845
19	9	5	191	856	887
20	4	7	192	93	134
20	4	14	193	147	235
20	2	4	194	254	323
20	8	3	195	365	407
20	4	2	196	529	581
20	12	14	197	630	638
20	6	3	198	659	734
20	7	12	199	759	769
20	11	6	200	788	847
21	3	12	201	0	51
21	10	5	202	122	131
21	1	8	203	131	203
21	12	2	204	204	276
21	0	7	205	331	392
21	13	5	206	392	457
21	14	1	207	604	614
21	10	1	208	614	692
21	5	8	209	692	716
21	0	0	210	740	778
21	3	12	211	778	837
21	13	3	212	845	870
22	7	5	213	0	17
22	5	11	214	96	194
22	10	1	215	257	294
22	9	6	216	446	528
22	12	1	217	528	604
22	8	5	218	604	619
22	9	10	219	715	780
22	10	7	220	879	895
23	14	1	221	43	142
23	7	13	222	176	228
23	4	14	223	235	281
23	5	14	224	281	289
23	3	11	225	313	397
23	14	8	226	475	502
23	9	6	227	528	556
23	9	0	228	686	715
23	14	9	229	719	762
23	13	4	230	778	812
23	3	8	231	843	897
24	1	9	232	0	59
24	8	2	233	59	85
24	9	10	234	146	191
24	3	12	235	205	246
24	6	9	236	356	443
24	13	5	237	457	523
24	4	6	238	640	705
24	1	11	239	728	756
24	12	1	240	769	792
24	5	8	241	812	843
24	11	6	242	847	894


Solution History:
