This is the output of Heuristic Solver for Dual resource constrained flexible job shop Scheduling Problem.
Input file is: wfjsp13_2.txt
Method: FaF
Seed: 3
Number of Jobs: 25
Number of Operations: 271
Number of Machines: 15
Number of Operators: 15
CPU Time: 74.4247
obj: 990
Best found lower bound:0
Solver gap (best found lower bound and upper bound difference): Not known


Final Solution:
Job	Machine	Operator	Operation	Start Time	Finish Time
0	4	0	0	33	107
0	7	9	1	190	261
0	14	9	2	261	281
0	14	9	3	281	317
0	13	2	4	347	363
0	6	10	5	425	450
0	0	5	6	460	524
0	6	0	7	626	636
0	13	10	8	677	765
0	9	7	9	853	889
0	6	13	10	919	969
0	8	1	11	971	986
1	0	14	12	0	62
1	8	1	13	82	154
1	2	12	14	154	212
1	2	0	15	286	355
1	5	3	16	359	391
1	1	7	17	425	467
1	7	12	18	476	499
1	13	12	19	525	584
1	9	7	20	591	669
1	13	9	21	782	864
1	6	13	22	868	919
1	10	5	23	919	990
2	9	3	24	0	65
2	8	1	25	65	82
2	14	14	26	200	212
2	5	3	27	268	359
2	12	1	28	381	402
2	10	3	29	402	475
2	1	4	30	558	651
2	5	5	31	678	695
2	4	6	32	696	763
2	3	8	33	844	923
3	2	12	34	0	50
3	12	2	35	51	80
3	3	8	36	250	308
3	3	8	37	337	370
3	12	9	38	465	533
3	14	9	39	699	782
3	2	12	40	811	832
3	7	11	41	848	863
3	14	10	42	884	917
3	11	6	43	969	984
4	1	13	44	40	80
4	9	7	45	141	215
4	8	1	46	225	268
4	7	10	47	268	354
4	11	6	48	384	471
4	4	5	49	612	674
4	3	8	50	704	734
4	12	14	51	804	866
4	4	6	52	866	899
4	13	10	53	921	948
4	13	10	54	948	985
5	11	6	55	0	43
5	0	8	56	62	86
5	3	8	57	181	250
5	6	7	58	308	369
5	2	1	59	369	381
5	6	10	60	381	412
5	8	14	61	425	472
5	1	4	62	476	558
5	7	11	63	587	644
5	7	11	64	684	757
5	2	12	65	832	884
6	6	7	66	0	20
6	14	9	67	68	146
6	1	4	68	193	206
6	11	6	69	213	291
6	0	4	70	291	305
6	10	14	71	329	381
6	12	5	72	402	460
6	6	13	73	520	568
6	2	1	74	615	683
6	0	14	75	704	804
6	1	5	76	823	878
6	3	8	77	923	985
7	5	3	78	87	171
7	4	0	79	177	190
7	1	14	80	236	285
7	1	5	81	285	331
7	9	12	82	387	439
7	0	2	83	439	455
7	11	6	84	555	633
7	11	6	85	633	656
7	5	5	86	695	716
7	10	0	87	726	757
7	10	0	88	757	790
7	10	0	89	790	876
8	14	9	90	0	68
8	9	7	91	68	141
8	11	6	92	143	213
8	12	12	93	223	235
8	12	12	94	235	261
8	8	1	95	288	368
8	4	13	96	415	493
8	4	14	97	545	592
8	12	12	98	628	734
8	14	4	99	786	870
8	1	4	100	878	895
8	4	6	101	899	969
9	8	5	102	0	58
9	2	12	103	92	139
9	8	1	104	154	225
9	6	11	105	225	306
9	12	11	106	340	376
9	9	7	107	467	513
9	7	11	108	513	587
9	11	13	109	678	735
9	12	2	110	735	784
9	1	5	111	796	823
9	5	3	112	823	867
9	14	14	113	921	979
10	10	5	114	61	132
10	1	4	115	181	193
10	0	7	116	380	393
10	14	11	117	398	421
10	11	6	118	471	555
10	8	3	119	648	731
10	3	8	120	816	844
10	13	14	121	866	921
11	14	14	122	146	200
11	8	1	123	268	288
11	11	6	124	291	321
11	1	7	125	401	425
11	7	12	126	467	476
11	10	5	127	573	596
11	4	5	128	596	612
11	6	0	129	617	626
11	6	8	130	734	807
11	6	8	131	807	816
12	4	0	132	0	33
12	13	14	133	62	119
12	0	13	134	157	212
12	9	7	135	249	308
12	12	11	136	308	340
12	7	0	137	355	390
12	4	14	138	493	545
12	8	3	139	555	648
12	10	2	140	662	726
12	5	5	141	726	796
12	11	13	142	813	868
12	1	7	143	895	926
13	11	6	144	43	110
13	7	11	145	117	150
13	12	2	146	168	213
13	2	0	147	219	286
13	3	8	148	308	337
13	3	0	149	412	467
13	10	2	150	475	514
13	0	8	151	525	569
13	5	13	152	569	632
13	2	12	153	735	811
13	5	3	154	811	821
13	9	2	155	904	988
14	12	2	156	0	51
14	9	12	157	308	387
14	8	14	158	387	425
14	14	11	159	425	485
14	6	0	160	593	617
14	3	14	161	642	700
14	1	4	162	760	786
14	5	3	163	867	894
15	13	8	164	0	62
15	12	2	165	80	168
15	5	3	166	171	230
15	0	4	167	305	380
15	6	8	168	412	425
15	9	12	169	439	467
15	14	10	170	490	572
15	14	9	171	628	699
15	3	13	172	735	813
15	8	1	173	813	881
15	2	0	174	884	959
16	7	11	175	0	11
16	5	4	176	11	87
16	1	4	177	87	107
16	1	4	178	107	181
16	14	9	179	317	398
16	7	9	180	398	465
16	6	13	181	493	520
16	3	0	182	540	593
16	6	0	183	653	724
16	8	3	184	731	811
16	7	11	185	863	938
16	7	11	186	938	985
17	7	11	187	11	40
17	11	6	188	110	143
17	13	2	189	363	437
17	3	0	190	467	540
17	14	12	191	584	628
17	5	13	192	632	678
17	8	1	193	881	955
17	2	0	194	959	975
18	2	12	195	50	92
18	0	13	196	92	157
18	6	11	197	157	203
18	1	5	198	331	401
18	2	1	199	402	495
18	9	7	200	513	591
18	13	10	201	593	677
18	0	8	202	677	704
18	4	6	203	763	833
18	0	2	204	833	904
18	8	1	205	955	971
18	1	7	206	977	990
19	10	1	207	28	61
19	10	5	208	132	225
19	4	13	209	268	351
19	4	13	210	351	415
19	8	3	211	475	555
19	12	9	212	561	627
19	6	0	213	636	653
19	2	1	214	683	735
19	9	7	215	813	853
19	11	10	216	868	884
19	11	12	217	884	969
19	4	13	218	969	986
20	10	1	219	0	28
20	6	7	220	28	64
20	7	9	221	150	190
20	12	12	222	213	223
20	4	13	223	223	268
20	11	6	224	321	384
20	6	10	225	572	593
20	9	7	226	669	743
20	0	4	227	904	953
21	3	8	228	113	181
21	13	10	229	197	267
21	5	4	230	391	476
21	12	9	231	533	561
21	1	4	232	730	760
21	12	2	233	784	797
21	0	2	234	804	823
21	1	7	235	926	977
22	3	10	236	0	54
22	4	0	237	107	177
22	5	3	238	230	268
22	12	12	239	268	279
22	10	14	240	290	305
22	10	14	241	305	329
22	3	8	242	370	412
22	10	2	243	514	573
22	0	8	244	573	663
22	4	6	245	674	696
22	7	10	246	765	848
22	12	9	247	949	983
23	3	10	248	54	113
23	13	10	249	119	197
23	6	0	250	203	219
23	9	7	251	219	249
23	10	4	252	249	290
23	6	10	253	450	490
23	2	1	254	495	531
23	2	1	255	531	615
23	10	2	256	615	662
23	7	11	257	662	684
23	11	1	258	735	812
23	5	3	259	894	990
24	1	13	260	0	40
24	7	11	261	40	117
24	1	4	262	206	236
24	0	2	263	236	277
24	13	2	264	277	347
24	13	8	265	437	525
24	3	14	266	593	642
24	1	4	267	651	730
24	9	7	268	743	813
24	12	9	269	866	949
24	0	4	270	953	983


Solution History:
