This is the output of Heuristic Solver for Dual resource constrained flexible job shop Scheduling Problem.
Input file is: wfjsp5_5.txt
Method: FaF
Seed: 1
Number of Jobs: 10
Number of Operations: 71
Number of Machines: 5
Number of Operators: 5
CPU Time: 0.538129
obj: 742
Best found lower bound:0
Solver gap (best found lower bound and upper bound difference): Not known


Final Solution:
Job	Machine	Operator	Operation	Start Time	Finish Time
0	1	3	0	0	14
0	1	3	1	63	103
0	1	3	2	103	190
0	3	0	3	226	292
0	4	4	4	298	365
0	3	2	5	615	649
0	0	1	6	649	721
1	2	0	7	64	101
1	3	0	8	101	145
1	3	0	9	145	181
1	1	3	10	276	307
1	1	3	11	307	375
1	1	3	12	461	484
1	2	2	13	490	503
1	1	3	14	567	642
2	2	0	15	0	64
2	0	1	16	85	95
2	2	2	17	202	257
2	4	4	18	365	440
2	2	2	19	503	544
2	2	0	20	557	585
2	2	0	21	585	622
2	4	4	22	713	742
3	4	4	23	0	29
3	2	2	24	257	340
3	3	0	25	340	388
3	4	1	26	520	557
3	2	0	27	709	734
4	1	3	28	14	23
4	4	4	29	29	77
4	1	3	30	190	276
4	2	2	31	340	405
4	3	0	32	405	475
4	1	3	33	484	567
4	4	4	34	567	647
4	1	3	35	675	710
5	3	2	36	0	13
5	0	1	37	34	85
5	0	1	38	127	212
5	4	4	39	229	298
5	0	1	40	454	520
5	3	2	41	544	572
5	0	1	42	573	643
5	1	3	43	643	675
6	0	1	44	16	34
6	4	4	45	77	145
6	2	2	46	405	490
7	2	2	47	101	184
7	3	0	48	184	226
7	0	1	49	246	330
7	4	4	50	440	518
7	3	2	51	572	581
7	3	2	52	581	615
7	2	0	53	622	709
7	1	3	54	710	742
8	3	2	55	13	98
8	2	2	56	184	202
8	0	1	57	212	246
8	1	3	58	375	461
8	3	0	59	516	529
8	0	0	60	529	557
8	4	4	61	647	713
9	0	1	62	0	16
9	1	3	63	23	63
9	0	1	64	95	127
9	4	4	65	145	229
9	0	1	66	330	416
9	0	1	67	416	454
9	3	0	68	475	516
9	0	1	69	557	573
9	3	2	70	649	733


Solution History:
