This is the output of Heuristic Solver for Dual resource constrained flexible job shop Scheduling Problem.
Input file is: wfjsp14_7.txt
Method: FaF
Seed: 1
Number of Jobs: 30
Number of Operations: 236
Number of Machines: 15
Number of Operators: 15
CPU Time: 19.1466
obj: 851
Best found lower bound:0
Solver gap (best found lower bound and upper bound difference): Not known


Final Solution:
Job	Machine	Operator	Operation	Start Time	Finish Time
0	6	13	0	57	130
0	9	12	1	230	242
0	11	5	2	257	293
0	1	10	3	408	508
0	12	7	4	534	556
0	14	10	5	603	641
0	3	10	6	646	680
0	14	12	7	711	751
1	2	1	8	0	8
1	10	8	9	10	44
1	9	4	10	107	191
1	0	8	11	223	298
1	7	8	12	298	379
1	2	14	13	379	440
1	8	7	14	556	592
1	1	8	15	598	617
1	8	4	16	681	767
1	9	13	17	776	848
2	14	12	18	0	66
2	11	5	19	158	237
2	14	12	20	242	309
2	4	11	21	317	346
2	13	9	22	390	400
2	11	5	23	400	472
2	6	14	24	516	531
2	6	14	25	531	593
2	14	12	26	656	668
2	1	3	27	721	795
3	10	8	28	44	88
3	13	9	29	164	194
3	1	3	30	323	401
3	4	6	31	513	586
3	3	0	32	750	843
4	1	10	33	0	12
4	8	14	34	12	88
4	3	6	35	149	223
4	12	11	36	223	245
4	3	6	37	276	298
4	3	6	38	377	413
4	10	3	39	482	560
4	9	12	40	560	643
4	13	9	41	644	716
4	13	6	42	767	850
5	3	2	43	0	35
5	8	7	44	91	115
5	9	12	45	191	230
5	6	12	46	365	452
5	11	5	47	649	716
5	6	12	48	751	821
6	3	6	49	36	88
6	3	6	50	88	109
6	12	11	51	122	154
6	0	6	52	298	371
6	8	1	53	424	454
6	5	13	54	456	467
6	0	0	55	483	525
6	5	8	56	617	689
6	3	6	57	690	728
7	4	6	58	0	36
7	1	0	59	100	122
7	3	0	60	122	147
7	12	11	61	154	188
7	2	10	62	269	332
7	12	7	63	339	401
7	10	3	64	560	641
7	1	3	65	795	843
8	2	1	66	8	77
8	6	14	67	130	223
8	3	2	68	317	377
8	13	9	69	400	469
8	13	9	70	508	530
8	0	0	71	544	606
8	2	1	72	612	673
8	8	4	73	767	844
9	14	10	74	66	120
9	11	7	75	237	257
9	6	1	76	324	361
9	7	10	77	508	582
9	2	1	78	800	834
10	12	7	79	303	339
10	9	7	80	401	481
10	3	2	81	481	492
10	3	2	82	492	505
10	5	8	83	782	850
11	5	7	84	0	22
11	9	7	85	22	55
11	10	2	86	186	253
11	12	7	87	257	303
11	14	10	88	365	408
11	5	13	89	467	478
11	6	7	90	593	668
11	7	14	91	740	769
11	14	14	92	769	810
11	12	11	93	823	838
12	5	13	94	22	57
12	11	5	95	91	158
12	4	11	96	188	197
12	4	9	97	197	253
12	11	5	98	293	308
12	8	1	99	361	424
12	14	8	100	439	513
12	11	5	101	551	581
12	10	2	102	646	737
12	12	7	103	747	793
13	7	11	104	11	50
13	12	11	105	57	122
13	1	3	106	272	323
13	2	10	107	332	362
13	3	2	108	505	562
13	5	1	109	584	612
13	13	9	110	612	644
13	14	12	111	644	656
13	12	10	112	717	740
13	9	13	113	740	776
14	1	3	114	122	195
14	8	11	115	263	316
14	8	12	116	454	519
14	2	4	117	578	597
14	14	12	118	668	711
15	6	4	119	10	54
15	5	12	120	66	102
15	1	3	121	195	272
15	6	1	122	283	324
15	7	11	123	420	500
15	1	8	124	513	598
15	9	14	125	643	736
15	14	2	126	811	847
16	13	9	127	128	164
16	2	10	128	164	181
16	14	7	129	200	233
16	8	14	130	316	358
16	4	11	131	405	418
16	2	1	132	673	717
17	13	3	133	29	121
17	8	12	134	146	154
17	0	8	135	159	198
17	13	9	136	253	321
17	4	2	137	420	477
17	14	1	138	516	584
17	4	10	139	690	703
17	13	6	140	728	767
17	11	5	141	806	849
18	11	9	142	0	53
18	10	8	143	88	159
18	4	2	144	253	317
18	4	11	145	346	405
18	14	8	146	408	439
18	7	13	147	582	666
18	2	1	148	717	800
18	4	9	149	805	842
19	0	5	150	0	80
19	5	13	151	159	242
19	8	11	152	245	263
19	14	12	153	309	337
19	14	12	154	337	365
19	10	4	155	382	408
19	11	5	156	472	551
19	4	6	157	586	627
19	12	11	158	627	717
19	4	11	159	717	748
20	4	2	160	36	95
20	2	10	161	181	269
20	13	9	162	321	390
20	2	4	163	440	502
20	3	2	164	562	646
20	0	0	165	690	714
20	12	11	166	793	823
20	7	10	167	833	843
21	6	1	168	223	283
21	10	3	169	408	482
21	14	10	170	584	603
21	5	8	171	689	728
21	11	5	172	728	743
22	11	7	173	55	91
22	8	12	174	115	146
22	3	6	175	223	276
22	5	13	176	313	342
22	5	13	177	431	456
22	2	4	178	502	539
22	4	6	179	627	690
22	3	0	180	728	750
23	7	13	181	0	11
23	12	10	182	12	57
23	14	7	183	120	200
23	0	8	184	200	223
23	9	0	185	334	388
23	5	13	186	388	431
23	13	9	187	469	478
23	5	13	188	478	564
23	1	3	189	641	721
23	11	5	190	743	806
24	7	9	191	53	128
24	5	13	192	130	159
24	7	1	193	159	221
24	7	14	194	223	285
24	4	6	195	477	513
24	2	4	196	539	578
24	0	0	197	606	690
24	7	10	198	769	822
24	7	10	199	822	833
25	8	0	200	154	236
25	10	4	201	337	382
25	3	6	202	413	435
25	6	1	203	454	516
25	11	5	204	581	649
26	13	3	205	0	29
26	9	0	206	242	334
26	8	11	207	519	556
26	2	14	208	597	610
26	5	8	209	728	782
27	6	8	210	0	10
27	9	13	211	11	22
27	9	4	212	55	107
27	0	6	213	109	149
27	5	13	214	242	313
27	7	2	215	379	420
27	13	9	216	478	508
27	0	0	217	525	544
27	12	11	218	556	626
27	6	7	219	668	747
28	1	0	220	12	100
28	4	2	221	100	186
28	13	4	222	194	249
28	11	5	223	308	389
28	3	6	224	435	477
28	12	7	225	481	534
28	13	9	226	534	604
28	7	13	227	666	740
28	10	2	228	740	811
28	0	7	229	811	851
29	2	1	230	77	158
29	10	4	231	253	337
29	0	0	232	388	483
29	8	4	233	597	681
29	0	9	234	716	805
29	6	12	235	821	840


Solution History:
