This is the output of Heuristic Solver for Dual resource constrained flexible job shop Scheduling Problem.
Input file is: wfjsp18_6.txt
Method: FaF
Seed: 2
Number of Jobs: 20
Number of Operations: 160
Number of Machines: 10
Number of Operators: 8
CPU Time: 18.1664
obj: 1123
Best found lower bound:0
Solver gap (best found lower bound and upper bound difference): Not known


Final Solution:
Job	Machine	Operator	Operation	Start Time	Finish Time
0	3	7	0	17	75
0	3	4	1	81	122
0	1	4	2	122	185
0	4	0	3	185	228
0	2	5	4	499	594
0	9	6	5	653	752
0	3	7	6	778	807
0	3	7	7	807	833
0	6	5	8	834	919
1	2	4	9	0	15
1	7	1	10	82	164
1	8	2	11	316	390
1	0	6	12	446	481
1	6	4	13	488	527
1	9	6	14	592	653
1	8	0	15	743	839
1	1	2	16	1044	1120
2	0	7	17	108	199
2	5	7	18	210	238
2	8	2	19	390	436
2	2	5	20	439	499
2	7	7	21	518	566
2	5	7	22	566	654
2	5	7	23	834	910
2	3	3	24	1060	1122
3	0	6	25	0	42
3	0	7	26	75	108
3	0	6	27	239	250
3	5	1	28	254	327
3	3	3	29	446	531
3	0	5	30	660	706
3	1	2	31	795	808
3	3	6	32	842	932
3	2	5	33	968	1045
3	9	0	34	1069	1106
4	6	5	35	21	97
4	0	4	36	199	239
4	3	4	37	239	264
4	4	5	38	284	375
4	1	0	39	408	448
4	1	2	40	734	784
4	1	4	41	869	913
4	8	4	42	1060	1122
5	6	5	43	97	188
5	4	1	44	491	580
5	2	3	45	692	740
5	2	3	46	814	905
5	0	7	47	910	944
5	6	6	48	991	1034
5	8	3	49	1046	1060
6	8	1	50	0	82
6	3	6	51	151	178
6	5	2	52	243	254
6	9	2	53	254	300
6	9	2	54	436	523
6	3	3	55	531	544
6	8	3	56	544	627
6	4	1	57	668	740
6	1	2	58	937	999
6	8	3	59	1001	1046
7	4	2	60	63	154
7	5	7	61	199	210
7	6	4	62	401	488
7	7	0	63	651	704
7	7	0	64	704	726
7	5	5	65	806	834
7	7	2	66	834	925
8	7	4	67	15	54
8	8	0	68	448	541
8	0	5	69	594	660
8	6	5	70	761	774
8	6	5	71	774	806
8	8	3	72	905	944
9	8	0	73	89	178
9	0	3	74	324	364
9	9	3	75	382	426
9	3	6	76	580	591
9	2	3	77	668	692
9	9	6	78	752	842
9	3	4	79	969	1058
9	2	5	80	1102	1114
10	7	4	81	54	81
10	3	6	82	178	191
10	6	5	83	191	284
10	9	3	84	364	382
10	6	4	85	602	677
10	7	1	86	740	828
10	8	0	87	839	892
10	0	5	88	944	968
10	6	6	89	1076	1112
11	7	4	90	316	401
11	2	5	91	421	439
11	3	0	92	544	563
11	0	4	93	761	797
11	0	4	94	819	869
11	6	6	95	1034	1076
12	2	3	96	17	105
12	9	2	97	154	243
12	7	7	98	401	428
12	0	6	99	481	549
12	0	5	100	706	760
12	6	4	101	806	819
12	9	0	102	892	935
12	6	6	103	935	991
12	9	0	104	1020	1035
12	7	0	105	1035	1069
13	6	5	106	0	21
13	8	3	107	193	231
13	2	3	108	231	324
13	3	6	109	324	363
13	0	6	110	549	580
13	6	4	111	677	761
13	1	2	112	808	833
13	2	5	113	1045	1102
14	7	1	114	164	244
14	6	7	115	305	399
14	7	0	116	566	651
14	5	7	117	654	686
14	8	0	118	726	743
14	5	2	119	784	795
14	1	4	120	913	937
14	5	1	121	937	1026
15	3	7	122	0	17
15	1	6	123	42	69
15	2	3	124	105	193
15	0	6	125	250	316
15	8	3	126	627	668
15	5	7	127	686	778
15	1	2	128	999	1044
16	5	2	129	0	9
16	5	0	130	9	89
16	9	6	131	133	151
16	3	4	132	264	316
16	2	0	133	356	408
16	2	2	134	594	612
16	1	2	135	700	734
16	2	3	136	740	814
16	8	3	137	944	1001
17	4	2	138	9	63
17	9	6	139	69	133
17	5	1	140	327	414
17	7	7	141	428	518
17	4	1	142	580	668
17	3	4	143	937	969
17	0	7	144	969	1028
17	5	1	145	1028	1117
18	7	7	146	244	305
18	1	0	147	316	356
18	3	6	148	363	446
18	9	2	149	523	592
18	4	1	150	828	910
19	9	3	151	0	17
19	3	6	152	191	230
19	8	0	153	231	316
19	4	5	154	375	421
19	4	1	155	421	491
19	6	4	156	527	602
19	1	2	157	612	700
19	4	0	158	935	1020
19	0	7	159	1028	1123


Solution History:
