This is the output of Heuristic Solver for Dual resource constrained flexible job shop Scheduling Problem.
Input file is: wfjsp19_3.txt
Method: FaF
Seed: 4
Number of Jobs: 20
Number of Operations: 209
Number of Machines: 10
Number of Operators: 8
CPU Time: 11.6228
obj: 1456
Best found lower bound:0
Solver gap (best found lower bound and upper bound difference): Not known


Final Solution:
Job	Machine	Operator	Operation	Start Time	Finish Time
0	5	5	0	0	67
0	5	3	1	67	81
0	8	7	2	81	97
0	9	6	3	219	318
0	5	1	4	351	435
0	6	0	5	476	559
0	1	6	6	644	716
0	1	3	7	821	859
0	8	2	8	862	975
0	3	5	9	983	997
0	9	2	10	1018	1080
0	3	7	11	1177	1278
0	8	5	12	1297	1314
0	4	5	13	1314	1414
1	8	2	14	364	461
1	8	3	15	476	504
1	7	2	16	504	566
1	9	7	17	914	930
1	6	0	18	1006	1082
1	6	4	19	1164	1175
1	1	1	20	1338	1365
2	2	5	21	67	119
2	8	5	22	119	221
2	9	6	23	318	381
2	4	6	24	456	484
2	1	6	25	574	644
2	6	3	26	644	745
2	8	3	27	1046	1057
2	8	4	28	1075	1109
2	4	5	29	1134	1236
2	5	4	30	1244	1281
2	9	2	31	1326	1355
2	0	0	32	1363	1432
3	9	6	33	0	57
3	4	3	34	81	146
3	8	4	35	223	325
3	4	3	36	518	619
3	3	2	37	622	640
3	3	1	38	713	741
3	5	1	39	818	900
3	0	4	40	908	923
3	5	4	41	923	949
3	0	1	42	1042	1101
3	3	7	43	1141	1177
3	5	4	44	1177	1233
3	2	0	45	1240	1333
4	4	7	46	0	75
4	4	3	47	146	224
4	4	7	48	348	366
4	4	6	49	381	396
4	2	5	50	440	490
4	8	7	51	606	677
4	2	7	52	677	715
4	0	1	53	741	763
4	2	5	54	781	834
4	7	2	55	834	862
4	4	3	56	862	895
4	3	7	57	1006	1083
4	9	6	58	1248	1320
4	8	3	59	1337	1441
5	4	5	60	224	326
5	2	5	61	388	398
5	7	4	62	405	458
5	1	0	63	716	812
5	8	2	64	975	1018
5	2	2	65	1080	1108
5	4	5	66	1236	1297
5	4	5	67	1414	1456
6	6	0	68	0	91
6	9	6	69	115	124
6	9	7	70	445	555
6	9	0	71	559	622
6	8	4	72	817	848
6	9	7	73	930	1006
6	7	4	74	1010	1038
6	4	6	75	1068	1123
6	8	4	76	1233	1244
6	6	6	77	1401	1434
6	7	2	78	1437	1448
7	1	7	79	140	220
7	0	1	80	636	708
7	6	6	81	841	899
7	8	3	82	1057	1075
7	3	5	83	1102	1134
7	5	6	84	1134	1148
8	0	4	85	0	72
8	1	7	86	102	140
8	7	2	87	190	226
8	8	7	88	325	348
8	3	4	89	369	404
8	0	1	90	435	489
8	0	1	91	489	541
8	4	3	92	619	643
8	2	5	93	752	781
8	5	1	94	781	818
8	3	7	95	818	902
8	5	4	96	1038	1075
8	1	0	97	1164	1240
8	2	4	98	1356	1454
9	7	2	99	84	180
9	6	2	100	226	277
9	8	5	101	504	537
9	7	5	102	570	672
9	9	2	103	716	792
9	4	2	104	792	832
9	9	6	105	1148	1158
9	8	3	106	1158	1224
9	5	1	107	1365	1419
10	6	0	108	91	168
10	1	7	109	220	323
10	8	7	110	715	817
10	1	3	111	895	999
10	4	3	112	999	1046
10	7	5	113	1066	1102
10	0	6	114	1164	1190
10	3	7	115	1278	1321
10	7	2	116	1401	1437
10	5	6	117	1437	1448
11	5	1	118	102	186
11	5	1	119	186	269
11	0	4	120	325	341
11	7	0	121	341	405
11	9	0	122	405	445
11	1	0	123	445	473
11	0	1	124	541	613
11	7	4	125	706	761
11	0	4	126	848	908
11	5	4	127	949	1010
11	1	0	128	1082	1164
11	1	1	129	1266	1338
11	7	0	130	1338	1363
12	9	6	131	57	115
12	0	4	132	153	175
12	1	7	133	366	439
12	5	6	134	716	758
12	3	4	135	778	806
12	2	5	136	997	1066
12	6	4	137	1109	1164
13	2	2	138	0	36
13	7	2	139	36	84
13	6	4	140	175	223
13	2	0	141	306	334
13	2	5	142	334	363
13	6	3	143	375	476
13	4	5	144	682	752
13	3	4	145	761	778
13	9	0	146	812	839
13	2	5	147	911	983
13	2	2	148	1108	1164
13	9	6	149	1190	1248
13	7	2	150	1266	1326
13	9	2	151	1355	1401
13	1	1	152	1419	1454
14	8	3	153	0	64
14	7	0	154	267	306
14	2	5	155	398	440
14	8	5	156	537	570
14	0	1	157	613	636
14	9	0	158	636	676
14	9	0	159	676	716
14	3	1	160	902	939
14	0	1	161	1101	1164
14	7	1	162	1189	1266
15	9	6	163	124	184
15	6	3	164	309	365
15	6	2	165	566	622
15	6	6	166	899	998
15	5	3	167	1075	1104
16	0	3	168	224	309
16	2	5	169	363	388
16	4	6	170	396	456
16	7	2	171	461	503
16	3	7	172	555	565
16	2	5	173	834	911
16	7	0	174	914	1006
16	2	2	175	1164	1231
16	5	4	176	1281	1356
17	0	4	177	72	153
17	2	0	178	168	267
17	3	2	179	277	364
17	4	6	180	484	518
17	3	4	181	520	544
17	2	4	182	544	607
17	3	2	183	640	713
17	6	3	184	745	821
17	0	1	185	939	1042
17	8	3	186	1109	1158
17	7	1	187	1164	1189
17	0	3	188	1320	1337
17	3	7	189	1337	1441
18	0	6	190	184	219
18	0	4	191	341	369
18	8	7	192	570	606
18	5	4	193	607	706
18	1	6	194	999	1068
19	1	1	195	0	42
19	1	1	196	42	102
19	7	2	197	180	190
19	5	1	198	269	351
19	6	3	199	365	375
19	5	4	200	458	520
19	1	6	201	520	574
19	4	5	202	672	682
19	0	6	203	763	841
19	9	0	204	841	914
19	9	7	205	1083	1141
19	0	3	206	1224	1310
19	6	3	207	1310	1320
19	6	6	208	1320	1401


Solution History:
