This is the output of Heuristic Solver for Dual resource constrained flexible job shop Scheduling Problem.
Input file is: wfjsp16_9.txt
Method: FaF
Seed: 5
Number of Jobs: 40
Number of Operations: 284
Number of Machines: 15
Number of Operators: 15
CPU Time: 16.01
obj: 1071
Best found lower bound:0
Solver gap (best found lower bound and upper bound difference): Not known


Final Solution:
Job	Machine	Operator	Operation	Start Time	Finish Time
0	9	11	0	126	212
0	13	11	1	326	370
0	1	13	2	515	586
0	8	6	3	738	808
0	8	7	4	988	1014
1	10	8	5	58	146
1	7	5	6	189	251
1	8	12	7	308	326
1	14	0	8	329	388
1	2	3	9	392	453
1	12	9	10	638	722
1	9	2	11	801	888
1	9	14	12	962	1051
2	12	0	13	24	68
2	0	1	14	104	122
2	11	10	15	294	351
2	2	3	16	478	493
2	11	5	17	656	739
2	12	7	18	856	876
2	4	0	19	946	965
2	0	1	20	973	1011
3	8	7	21	55	99
3	14	6	22	194	206
3	5	9	23	320	342
3	14	0	24	388	407
3	2	7	25	523	580
3	7	4	26	839	896
4	2	4	27	107	210
4	11	10	28	430	515
4	13	6	29	560	649
4	1	13	30	668	725
4	10	5	31	1007	1063
5	1	13	32	63	123
5	0	2	33	218	284
5	3	9	34	433	447
5	14	9	35	541	632
5	8	3	36	808	839
5	12	7	37	876	895
5	4	0	38	933	946
5	13	8	39	974	1032
6	12	7	40	130	188
6	9	8	41	213	294
6	4	4	42	313	338
6	2	3	43	370	392
6	6	14	44	431	452
6	10	2	45	617	651
6	4	0	46	711	755
6	14	12	47	844	925
6	1	13	48	954	1003
6	9	2	49	1051	1068
7	4	3	50	55	144
7	4	12	51	268	298
7	9	4	52	341	404
7	0	6	53	462	489
7	4	0	54	613	638
7	10	10	55	695	776
7	5	8	56	815	905
7	2	1	57	1014	1028
7	12	1	58	1028	1057
8	11	9	59	33	112
8	10	8	60	160	213
8	12	7	61	275	321
8	5	11	62	481	565
8	12	3	63	579	638
8	13	5	64	801	876
8	9	4	65	896	957
8	0	13	66	1011	1025
9	7	2	67	0	8
9	13	13	68	126	155
9	14	0	69	466	538
9	0	1	70	739	760
9	7	5	71	974	1007
10	1	8	72	0	33
10	13	11	73	63	126
10	7	5	74	251	343
10	6	10	75	361	412
10	2	7	76	580	612
10	6	14	77	645	731
10	12	7	78	812	856
10	0	1	79	864	915
10	6	2	80	962	991
10	0	13	81	1025	1066
11	8	3	82	25	55
11	11	9	83	171	185
11	5	2	84	350	408
11	8	5	85	555	596
11	10	10	86	856	934
12	0	6	87	50	103
12	6	12	88	194	218
12	14	0	89	309	329
12	0	2	90	491	586
12	2	7	91	612	661
12	1	13	92	725	832
13	14	12	93	114	194
13	13	4	94	242	297
13	1	9	95	348	361
13	3	14	96	390	431
13	6	14	97	565	624
13	9	8	98	651	732
13	13	5	99	876	960
14	9	4	100	0	31
14	11	10	101	185	246
14	2	3	102	308	345
14	1	9	103	414	433
14	3	10	104	541	629
14	1	13	105	832	888
14	0	1	106	915	973
15	5	0	107	68	165
15	7	5	108	179	189
15	7	5	109	343	402
15	9	4	110	404	461
15	2	8	111	504	523
15	1	13	112	586	668
15	14	4	113	957	1056
16	8	7	114	0	25
16	4	7	115	25	55
16	4	3	116	144	205
16	6	14	117	218	279
16	13	6	118	504	560
16	3	10	119	629	667
16	8	7	120	703	728
16	0	9	121	791	862
16	1	3	122	1003	1060
17	7	5	123	9	70
17	8	14	124	130	218
17	5	6	125	260	319
17	2	3	126	345	370
17	7	5	127	402	454
17	2	3	128	454	478
17	5	11	129	651	732
17	14	12	130	767	844
17	8	3	131	844	940
17	5	6	132	960	1016
18	2	4	133	33	92
18	8	7	134	99	130
18	2	4	135	210	234
18	4	4	136	298	313
18	1	9	137	361	414
18	5	8	138	584	643
18	3	10	139	667	695
18	11	5	140	739	795
18	2	9	141	864	946
19	9	1	142	31	104
19	1	1	143	184	220
19	12	2	144	408	491
19	4	0	145	755	833
19	3	14	146	881	928
19	6	14	147	928	962
20	11	1	148	0	30
20	6	10	149	56	125
20	4	12	150	338	405
20	1	13	151	433	501
20	3	9	152	511	541
20	5	12	153	565	580
20	13	2	154	651	723
20	2	9	155	723	754
20	12	7	156	895	980
20	3	9	157	1052	1071
21	5	6	158	0	29
21	3	6	159	29	41
21	13	13	160	155	233
21	11	13	161	351	421
21	5	1	162	422	481
21	10	10	163	521	534
21	4	0	164	638	711
21	7	4	165	755	839
21	4	0	166	1016	1069
22	8	3	167	218	308
22	8	7	168	326	420
22	12	3	169	493	579
22	7	4	170	593	675
22	3	6	171	810	881
22	3	2	172	991	1045
23	12	2	173	68	125
23	9	1	174	296	341
23	11	1	175	521	588
23	10	2	176	588	617
23	2	3	177	661	718
24	10	10	178	0	54
24	5	2	179	54	68
24	0	6	180	122	176
24	2	0	181	234	307
24	5	1	182	408	422
24	4	7	183	422	512
24	14	12	184	682	767
24	2	1	185	855	864
24	10	10	186	934	1002
24	8	7	187	1014	1070
25	5	0	188	165	224
25	13	4	189	234	242
25	14	0	190	407	466
25	6	14	191	624	645
25	8	6	192	682	703
25	0	9	193	760	791
25	11	10	194	1005	1063
26	2	9	195	0	33
26	10	1	196	220	296
26	10	7	197	661	692
26	6	11	198	732	801
26	8	3	199	940	988
27	3	12	200	0	14
27	11	9	201	112	171
27	1	13	202	233	291
27	10	11	203	371	460
27	8	12	204	596	676
27	1	2	205	888	953
28	3	2	206	125	209
28	4	12	207	218	268
28	12	1	208	341	404
28	9	11	209	461	474
28	0	1	210	639	739
28	14	13	211	925	954
28	4	0	212	965	1016
29	12	0	213	0	24
29	11	10	214	246	294
29	13	11	215	309	326
29	9	4	216	480	550
29	6	11	217	801	823
29	5	6	218	1016	1071
30	0	14	219	0	21
30	0	9	220	185	218
30	3	9	221	218	265
30	0	2	222	284	350
30	6	10	223	412	430
30	11	5	224	596	656
30	12	7	225	728	812
30	2	9	226	946	1014
31	14	11	227	212	309
31	4	0	228	538	613
31	14	6	229	649	682
31	2	1	230	760	855
31	14	4	231	1056	1068
32	3	14	232	41	124
32	3	9	233	265	320
32	13	8	234	416	504
32	5	8	235	732	815
32	11	11	236	922	1005
33	14	12	237	14	114
33	5	6	238	224	260
33	1	13	239	291	348
33	13	8	240	371	416
33	1	13	241	501	515
33	9	11	242	565	651
33	7	4	243	675	755
33	6	14	244	823	871
33	2	9	245	1028	1052
34	6	11	246	0	56
34	10	8	247	146	160
34	12	7	248	188	275
34	8	12	249	474	555
34	10	10	250	776	856
34	3	12	251	928	990
35	0	2	252	21	50
35	7	5	253	139	179
35	6	14	254	279	361
35	6	14	255	480	565
35	9	3	256	732	795
35	7	8	257	905	974
36	14	5	258	0	9
36	6	10	259	125	182
36	7	5	260	454	545
36	3	6	261	703	738
36	5	6	262	905	960
37	13	13	263	0	63
37	1	1	264	123	184
37	3	6	265	320	390
37	0	6	266	390	462
37	6	4	267	462	480
37	10	1	268	481	521
37	7	4	269	550	593
37	13	2	270	723	801
37	11	11	271	823	922
37	6	12	272	991	1068
38	1	8	273	33	58
38	2	4	274	92	107
38	8	12	275	420	474
38	10	8	276	534	584
38	3	14	277	738	810
39	7	5	278	70	139
39	10	8	279	296	371
39	3	9	280	447	511
39	0	1	281	588	639
39	4	0	282	833	933
39	13	8	283	1032	1069


Solution History:
