This is the output of Heuristic Solver for Dual resource constrained flexible job shop Scheduling Problem.
Input file is: wfjsp6_2.txt
Method: FaF
Seed: 2
Number of Jobs: 12
Number of Operations: 76
Number of Machines: 5
Number of Operators: 5
CPU Time: 2.5939
obj: 791
Best found lower bound:0
Solver gap (best found lower bound and upper bound difference): Not known


Final Solution:
Job	Machine	Operator	Operation	Start Time	Finish Time
0	4	1	0	145	225
0	2	2	1	248	320
0	3	0	2	427	446
0	4	1	3	492	531
0	0	3	4	569	585
0	4	1	5	585	613
0	0	4	6	657	721
0	1	3	7	737	747
1	3	3	8	108	187
1	3	3	9	187	227
1	3	3	10	254	304
1	0	3	11	450	466
1	1	4	12	507	572
1	0	3	13	585	656
2	4	1	14	0	56
2	3	4	15	360	425
2	1	4	16	447	482
2	1	3	17	747	791
3	0	2	18	0	17
3	1	0	19	18	75
3	2	2	20	171	248
3	0	4	21	266	359
3	2	2	22	640	705
3	3	0	23	706	774
4	0	4	24	84	149
4	1	0	25	156	173
4	0	4	26	240	252
4	4	1	27	337	424
4	1	4	28	427	447
4	3	0	29	515	595
4	4	1	30	613	700
5	3	0	31	0	17
5	1	0	32	75	143
5	1	0	33	280	359
5	0	3	34	396	450
5	1	4	35	482	507
5	4	1	36	700	752
6	4	1	37	225	263
6	3	0	38	446	515
6	2	2	39	528	617
6	1	4	40	633	657
6	3	0	41	692	706
6	4	1	42	752	783
7	1	3	43	0	18
7	4	1	44	56	96
7	2	2	45	96	171
7	1	0	46	173	213
7	2	2	47	398	498
7	3	0	48	595	692
7	0	4	49	721	783
8	0	2	50	17	46
8	1	0	51	213	280
8	0	3	52	360	396
9	2	4	53	0	26
9	0	2	54	46	79
9	4	1	55	96	145
9	3	3	56	227	254
9	4	1	57	263	337
9	1	0	58	359	427
9	4	1	59	479	492
9	2	2	60	498	528
9	4	1	61	531	584
9	1	3	62	657	737
10	2	4	63	26	84
10	2	2	64	320	398
10	0	3	65	466	520
10	2	2	66	617	640
11	3	3	67	18	108
11	1	0	68	143	156
11	0	4	69	156	240
11	0	4	70	252	266
11	3	3	71	304	360
11	4	1	72	424	479
11	0	3	73	520	569
11	1	4	74	572	633
11	2	2	75	705	790


Solution History:
