This is the output of Heuristic Solver for Dual resource constrained flexible job shop Scheduling Problem.
Input file is: wfjsp11_7.txt
Method: FaF
Seed: 1
Number of Jobs: 20
Number of Operations: 199
Number of Machines: 10
Number of Operators: 10
CPU Time: 9.50146
obj: 1056
Best found lower bound:0
Solver gap (best found lower bound and upper bound difference): Not known


Final Solution:
Job	Machine	Operator	Operation	Start Time	Finish Time
0	5	6	0	218	293
0	0	2	1	302	316
0	9	2	2	316	358
0	0	0	3	662	757
0	1	0	4	791	814
0	2	7	5	888	928
1	1	1	6	0	28
1	3	5	7	28	64
1	9	8	8	84	96
1	8	4	9	139	179
1	4	8	10	212	289
1	2	3	11	349	417
1	8	4	12	455	536
1	2	1	13	536	593
1	2	0	14	593	632
1	7	9	15	632	648
1	9	7	16	654	731
1	1	7	17	814	888
1	4	9	18	982	1036
2	8	4	19	0	66
2	1	1	20	96	169
2	9	2	21	223	252
2	2	2	22	252	265
2	3	5	23	329	402
2	4	9	24	437	450
2	3	0	25	471	525
2	4	0	26	525	537
2	7	8	27	537	613
2	4	8	28	629	681
2	6	6	29	748	781
2	6	6	30	856	934
2	9	8	31	968	1043
3	0	3	32	0	78
3	4	9	33	78	88
3	8	4	34	179	247
3	7	7	35	248	327
3	7	8	36	329	352
3	0	1	37	386	411
3	1	7	38	452	488
3	6	2	39	494	559
3	5	2	40	565	645
3	9	7	41	731	811
3	7	0	42	863	947
3	0	5	43	947	983
4	5	6	44	0	24
4	9	8	45	46	84
4	4	8	46	132	212
4	1	7	47	334	400
4	3	0	48	413	471
4	1	7	49	549	601
4	2	0	50	632	654
4	0	0	51	814	851
4	8	4	52	851	923
4	5	2	53	923	951
4	3	2	54	971	982
4	0	2	55	983	1029
5	3	5	56	64	131
5	6	0	57	131	172
5	5	6	58	178	218
5	0	3	59	255	274
5	3	5	60	307	329
5	0	1	61	334	369
5	2	3	62	417	470
5	3	5	63	525	593
5	4	8	64	681	765
5	0	3	65	851	899
5	6	6	66	934	1006
6	6	0	67	28	113
6	0	3	68	194	255
6	6	0	69	302	359
6	0	1	70	369	386
6	8	4	71	398	455
6	9	9	72	521	593
6	3	5	73	612	689
6	0	2	74	765	811
6	9	8	75	887	907
6	2	7	76	928	965
6	2	7	77	965	1039
7	4	9	78	39	74
7	2	7	79	131	164
7	1	9	80	667	764
7	8	4	81	805	816
7	5	2	82	951	967
8	0	3	83	78	126
8	7	3	84	126	153
8	0	0	85	274	302
8	6	0	86	359	413
8	5	6	87	413	473
8	8	4	88	682	739
8	4	9	89	765	777
8	6	6	90	781	856
8	6	3	91	1006	1038
9	1	1	92	28	64
9	7	7	93	64	82
9	8	4	94	110	139
9	2	7	95	164	238
9	2	7	96	238	248
9	0	5	97	411	465
9	5	5	98	473	491
9	0	3	99	601	662
9	6	6	100	675	748
9	3	5	101	748	773
9	2	1	102	773	864
10	9	8	103	0	46
10	3	9	104	221	255
10	7	8	105	352	405
10	1	7	106	601	654
10	5	3	107	797	830
10	1	1	108	888	945
11	6	0	109	0	28
11	5	6	110	145	178
11	9	2	111	181	194
11	6	0	112	243	271
11	9	9	113	271	313
11	4	9	114	450	521
11	6	6	115	565	611
11	8	4	116	739	805
11	8	4	117	959	972
11	3	5	118	983	1028
12	2	7	119	0	42
12	1	1	120	64	96
12	1	1	121	169	251
12	4	8	122	289	329
12	5	6	123	339	412
12	8	4	124	598	682
12	5	2	125	682	765
12	5	3	126	766	797
12	8	4	127	923	959
12	1	1	128	1036	1053
13	3	5	129	0	26
13	4	8	130	96	132
13	3	2	131	132	148
13	0	3	132	153	194
13	1	1	133	251	334
13	7	7	134	405	414
13	1	7	135	414	452
13	5	6	136	491	565
13	9	1	137	593	650
13	4	9	138	777	845
13	2	1	139	873	886
13	4	9	140	938	982
13	5	6	141	1006	1056
14	3	5	142	255	307
14	9	2	143	358	430
14	6	2	144	430	494
14	8	4	145	536	598
14	1	0	146	764	791
14	4	9	147	845	938
14	7	0	148	947	1042
15	8	4	149	80	110
15	2	3	150	274	349
15	7	8	151	414	495
15	5	2	152	645	664
15	0	3	153	899	925
15	3	3	154	938	971
15	5	3	155	971	1002
16	5	6	156	24	98
16	9	9	157	98	150
16	3	9	158	150	221
16	6	2	159	271	302
16	4	9	160	329	398
16	9	1	161	430	514
16	0	3	162	514	601
16	6	6	163	611	675
16	7	3	164	675	766
16	7	8	165	766	789
16	5	2	166	830	859
16	2	1	167	864	873
16	3	5	168	873	938
16	1	1	169	945	1036
16	8	4	170	1036	1052
17	4	9	171	0	39
17	8	4	172	66	80
17	7	7	173	82	117
17	9	2	174	150	181
17	6	0	175	181	243
17	5	6	176	293	318
17	5	6	177	318	339
17	4	9	178	398	437
17	4	0	179	537	591
17	3	5	180	593	612
17	1	9	181	654	667
17	2	1	182	728	773
17	3	5	183	773	851
17	9	8	184	863	887
17	9	8	185	907	968
18	5	6	186	98	145
18	0	5	187	145	153
18	8	4	188	311	398
18	2	1	189	654	728
18	5	2	190	859	920
19	2	2	191	42	131
19	9	2	192	194	223
19	8	4	193	247	311
19	1	7	194	488	549
19	4	9	195	593	629
19	3	5	196	689	728
19	7	8	197	789	863
19	8	4	198	972	1031


Solution History:
