This is the output of Heuristic Solver for Dual resource constrained flexible job shop Scheduling Problem.
Input file is: wfjsp11_7.txt
Method: FaF
Seed: 2
Number of Jobs: 20
Number of Operations: 199
Number of Machines: 10
Number of Operators: 10
CPU Time: 14.2867
obj: 1058
Best found lower bound:0
Solver gap (best found lower bound and upper bound difference): Not known


Final Solution:
Job	Machine	Operator	Operation	Start Time	Finish Time
0	3	5	0	26	101
0	3	2	1	115	124
0	2	2	2	544	586
0	0	0	3	666	761
0	1	1	4	779	804
0	1	1	5	888	929
1	1	1	6	0	28
1	7	0	7	28	69
1	2	1	8	93	103
1	0	5	9	231	267
1	9	8	10	321	400
1	5	5	11	400	473
1	8	4	12	503	584
1	2	1	13	586	643
1	2	1	14	643	676
1	8	4	15	725	742
1	9	7	16	757	834
1	6	2	17	872	938
1	4	9	18	978	1032
2	8	4	19	0	66
2	9	8	20	66	131
2	9	7	21	131	164
2	8	4	22	192	202
2	4	4	23	271	349
2	1	7	24	365	381
2	3	0	25	388	442
2	0	1	26	574	586
2	7	8	27	586	662
2	8	4	28	668	725
2	6	9	29	725	758
2	6	2	30	758	841
2	9	7	31	978	1058
3	0	3	32	0	78
3	5	6	33	89	103
3	8	4	34	124	192
3	7	0	35	192	281
3	1	7	36	332	353
3	2	1	37	385	412
3	1	7	38	454	490
3	6	0	39	490	553
3	5	6	40	620	697
3	9	9	41	835	910
3	5	6	42	927	1008
3	0	3	43	1008	1048
4	1	1	44	28	57
4	1	1	45	57	93
4	4	9	46	174	271
4	8	5	47	271	345
4	4	9	48	349	420
4	1	7	49	551	603
4	7	8	50	662	683
4	1	7	51	714	751
4	8	4	52	818	890
4	3	5	53	922	947
4	3	3	54	948	961
4	0	3	55	961	1002
5	4	9	56	67	139
5	9	8	57	167	209
5	5	3	58	209	252
5	0	2	59	267	291
5	9	8	60	297	321
5	8	4	61	413	446
5	2	2	62	486	544
5	3	5	63	613	681
5	4	8	64	683	767
5	0	3	65	803	851
5	6	2	66	938	1015
6	6	2	67	28	115
6	0	5	68	163	231
6	6	2	69	291	350
6	5	6	70	356	374
6	8	4	71	446	503
6	9	8	72	503	582
6	0	2	73	586	664
6	0	0	74	761	803
6	4	0	75	837	858
6	2	7	76	858	895
6	2	7	77	895	969
7	4	9	78	139	174
7	8	4	79	232	268
7	4	9	80	444	520
7	9	9	81	582	596
7	3	5	82	961	980
8	8	4	83	66	124
8	7	8	84	131	153
8	0	3	85	291	316
8	6	2	86	350	407
8	7	3	87	416	475
8	1	7	88	603	653
8	8	4	89	742	752
8	0	3	90	851	924
8	4	0	91	945	974
9	4	9	92	36	67
9	2	7	93	76	91
9	3	2	94	124	159
9	2	1	95	224	296
9	2	1	96	296	305
9	0	3	97	316	365
9	5	6	98	374	392
9	0	1	99	416	474
9	6	3	100	609	687
9	3	5	101	710	735
9	1	1	102	804	888
10	6	6	103	115	167
10	3	2	104	228	261
10	7	9	105	289	347
10	0	3	106	365	416
10	7	0	107	858	886
10	3	5	108	980	1041
11	6	0	109	0	28
11	2	1	110	103	137
11	7	8	111	153	167
11	6	6	112	167	200
11	9	8	113	258	297
11	1	7	114	381	454
11	6	0	115	553	608
11	8	4	116	752	818
11	8	4	117	890	903
11	2	0	118	974	1034
12	2	7	119	0	42
12	5	3	120	176	206
12	1	7	121	255	332
12	3	5	122	345	383
12	5	6	123	473	546
12	8	4	124	584	668
12	5	6	125	697	779
12	5	6	126	891	927
12	8	4	127	1002	1038
12	1	1	128	1038	1055
13	3	5	129	0	26
13	2	7	130	42	76
13	5	5	131	103	118
13	0	5	132	119	163
13	1	7	133	177	255
13	7	9	134	281	289
13	7	0	135	347	388
13	5	6	136	546	620
13	9	9	137	620	689
13	4	9	138	767	835
13	2	7	139	837	851
13	8	4	140	962	1002
13	5	6	141	1008	1058
14	5	3	142	119	176
14	5	6	143	253	331
14	2	2	144	412	486
14	3	5	145	564	613
14	1	7	146	653	677
14	4	8	147	858	945
14	7	8	148	945	1025
15	8	4	149	202	232
15	2	1	150	305	385
15	7	3	151	475	559
15	6	2	152	687	702
15	1	1	153	751	779
15	6	2	154	841	872
15	0	3	155	924	948
16	5	6	156	0	74
16	1	0	157	93	135
16	3	2	158	159	228
16	6	3	159	253	288
16	3	0	160	288	343
16	9	8	161	400	483
16	0	1	162	483	574
16	4	0	163	609	666
16	7	3	164	687	778
16	2	3	165	778	799
16	5	6	166	799	825
16	2	0	167	825	837
16	3	5	168	857	922
16	1	1	169	929	1020
16	8	4	170	1038	1054
17	4	8	171	0	36
17	5	6	172	74	89
17	7	7	173	91	126
17	1	0	174	135	177
17	6	6	175	200	253
17	5	6	176	331	356
17	4	9	177	420	444
17	3	0	178	444	482
17	4	9	179	520	574
17	3	5	180	681	700
17	3	9	181	700	710
17	9	2	182	710	757
17	3	5	183	757	835
17	3	5	184	835	857
17	9	9	185	910	978
18	0	3	186	78	119
18	1	7	187	353	365
18	3	5	188	482	564
18	2	1	189	676	750
18	5	6	190	825	891
19	2	1	191	137	224
19	9	8	192	224	258
19	8	4	193	349	413
19	1	7	194	490	551
19	4	3	195	574	609
19	1	7	196	677	714
19	7	8	197	778	852
19	8	4	198	903	962


Solution History:
