This is the output of Heuristic Solver for Dual resource constrained flexible job shop Scheduling Problem.
Input file is: wfjsp21_5.txt
Method: FaF
Seed: 4
Number of Jobs: 25
Number of Operations: 244
Number of Machines: 15
Number of Operators: 12
CPU Time: 30.2177
obj: 990
Best found lower bound:0
Solver gap (best found lower bound and upper bound difference): Not known


Final Solution:
Job	Machine	Operator	Operation	Start Time	Finish Time
0	6	1	0	0	14
0	13	6	1	181	227
0	8	9	2	227	315
0	10	11	3	323	383
0	8	6	4	538	610
0	8	9	5	652	689
0	10	5	6	742	813
0	7	4	7	848	889
1	10	4	8	0	49
1	9	5	9	101	140
1	8	2	10	178	210
1	0	6	11	313	384
1	11	10	12	421	442
1	7	9	13	551	567
1	11	4	14	584	656
1	8	10	15	713	775
1	2	0	16	877	887
1	2	2	17	902	947
2	14	0	18	84	152
2	10	8	19	160	202
2	7	7	20	229	258
2	4	0	21	340	377
2	10	4	22	473	501
2	11	7	23	517	547
2	0	6	24	707	802
2	12	8	25	810	857
2	9	3	26	870	909
2	8	3	27	909	930
3	11	0	28	0	8
3	13	8	29	8	56
3	14	1	30	174	259
3	10	4	31	263	313
3	11	7	32	442	509
3	6	1	33	552	640
3	2	11	34	735	815
3	11	4	35	914	960
3	5	5	36	960	975
4	7	9	37	0	47
4	12	5	38	162	238
4	7	7	39	258	327
4	0	11	40	440	498
4	9	10	41	530	566
4	5	0	42	662	730
4	9	0	43	740	777
4	14	0	44	859	877
4	14	6	45	921	990
5	4	11	46	91	188
5	9	3	47	193	286
5	6	8	48	378	423
5	7	9	49	475	551
5	1	6	50	629	707
5	4	0	51	730	740
5	6	7	52	751	787
5	9	3	53	791	870
5	12	2	54	870	902
6	3	9	55	47	127
6	0	5	56	140	160
6	0	6	57	277	313
6	7	9	58	378	459
6	13	4	59	461	473
6	8	6	60	480	509
6	2	11	61	512	576
6	1	11	62	589	606
6	0	11	63	649	691
6	4	11	64	691	724
6	6	9	65	819	909
7	4	10	66	0	81
7	12	7	67	118	162
7	2	0	68	191	232
7	4	2	69	248	263
7	12	7	70	327	418
7	9	10	71	442	530
7	3	4	72	538	584
7	1	2	73	725	760
7	4	4	74	762	776
7	8	1	75	776	860
7	8	1	76	860	889
7	3	7	77	940	988
8	2	1	78	14	89
8	1	6	79	92	181
8	10	8	80	202	228
8	13	4	81	313	380
8	12	8	82	466	513
8	14	8	83	600	612
8	8	2	84	627	652
8	5	0	85	652	662
8	13	4	86	662	672
8	3	3	87	687	773
8	10	5	88	851	945
9	5	5	89	0	47
9	7	4	90	103	131
9	6	9	91	131	220
9	3	11	92	383	434
9	11	7	93	509	517
9	4	8	94	612	658
9	5	8	95	730	810
9	10	8	96	945	989
10	8	2	97	0	45
10	8	8	98	56	79
10	9	0	99	152	191
10	9	8	100	286	359
10	4	4	101	380	393
10	10	4	102	393	461
10	13	3	103	480	551
10	3	3	104	616	687
10	11	4	105	776	823
10	3	8	106	857	940
11	2	1	107	89	174
11	11	4	108	198	232
11	14	6	109	384	472
11	4	2	110	472	511
11	1	0	111	522	555
11	13	3	112	564	599
11	13	4	113	672	680
11	4	10	114	776	857
11	4	11	115	862	892
11	1	6	116	892	917
12	11	7	117	10	25
12	7	4	118	131	198
12	0	0	119	233	268
12	5	5	120	405	444
12	8	6	121	509	538
12	1	6	122	610	629
12	13	4	123	680	762
12	14	0	124	777	792
13	9	5	125	67	101
13	11	4	126	232	253
13	4	11	127	264	323
13	6	1	128	426	509
13	2	10	129	600	609
13	12	7	130	621	639
13	14	1	131	640	671
13	0	11	132	892	949
14	2	7	133	0	10
14	11	2	134	111	178
14	4	11	135	188	202
14	6	4	136	253	263
14	1	2	137	263	310
14	1	2	138	310	352
14	10	5	139	650	742
14	13	3	140	773	791
14	10	5	141	829	838
14	11	4	142	960	979
15	6	7	143	25	118
15	5	3	144	118	193
15	6	10	145	279	341
15	7	8	146	359	378
15	4	2	147	421	446
15	1	0	148	454	522
15	0	0	149	555	649
15	2	2	150	652	725
15	11	4	151	823	848
15	14	0	152	887	921
15	4	0	153	921	988
16	3	11	154	0	29
16	12	11	155	29	91
16	13	6	156	227	277
16	2	1	157	340	426
16	7	9	158	459	475
16	0	11	159	498	512
16	14	5	160	516	592
16	11	1	161	671	743
16	3	7	162	787	856
16	11	10	163	857	914
16	0	11	164	949	982
17	9	3	165	0	15
17	14	0	166	36	84
17	0	10	167	160	233
17	6	1	168	263	279
17	13	1	169	279	297
17	11	1	170	297	339
17	5	5	171	444	516
17	10	2	172	546	627
17	7	8	173	658	727
17	0	6	174	819	889
17	1	10	175	917	981
18	13	10	176	81	158
18	3	7	177	162	229
18	4	2	178	229	248
18	5	0	179	268	292
18	14	9	180	315	378
18	1	0	181	378	414
18	1	0	182	436	454
18	4	8	183	513	555
18	4	8	184	555	600
18	9	10	185	638	713
18	7	9	186	744	819
18	5	7	187	856	924
19	7	4	188	49	103
19	3	8	189	229	279
19	11	2	190	352	421
19	8	3	191	437	468
19	9	5	192	592	638
19	12	7	193	639	662
19	0	6	194	802	819
19	13	11	195	819	862
19	2	4	196	889	902
20	9	3	197	15	57
20	5	3	198	57	111
20	12	5	199	238	307
20	8	10	200	341	403
20	8	0	201	414	436
20	7	9	202	567	645
20	12	9	203	689	744
20	2	2	204	823	868
20	7	1	205	889	980
21	1	6	206	0	92
21	2	10	207	233	273
21	2	0	208	292	340
21	0	10	209	403	421
21	12	8	210	423	466
21	10	4	211	501	510
21	0	2	212	512	546
21	9	11	213	576	589
21	13	11	214	606	642
21	6	7	215	662	751
21	5	5	216	838	851
21	2	2	217	947	988
22	0	0	218	8	36
22	10	5	219	49	67
22	3	3	220	286	372
22	8	3	221	468	480
22	5	10	222	566	600
22	10	5	223	638	650
22	9	11	224	724	735
22	5	5	225	813	829
22	8	3	226	930	980
23	8	8	227	79	160
23	9	3	228	372	437
23	10	4	229	510	538
23	5	3	230	551	564
23	3	3	231	599	616
23	5	10	232	616	637
23	11	1	233	743	772
23	14	0	234	792	859
24	11	2	235	45	111
24	5	11	236	202	264
24	5	5	237	307	405
24	0	7	238	421	440
24	2	2	239	446	471
24	6	1	240	509	552
24	12	7	241	552	621
24	1	2	242	760	823
24	6	9	243	909	989


Solution History:
