This is the output of Heuristic Solver for Dual resource constrained flexible job shop Scheduling Problem.
Input file is: Dauzere_01a.txt
Method: FaFM_30_50_600
Seed: 2
Number of Jobs: 10
Number of Operations: 196
Number of Machines: 5
Number of Operators: 4
CPU Time: 291.177
obj: 2987
Best found lower bound:0
Solver gap (best found lower bound and upper bound difference): Not known


Final Solution:
Job	Machine	Operator	Operation	Start Time	Finish Time
0	0	0	0	106	148
0	2	2	1	198	264
0	4	3	2	720	746
0	3	1	3	918	937
0	0	0	4	999	1098
0	4	0	5	1129	1153
0	0	3	6	1256	1322
0	1	1	7	1486	1515
0	2	0	8	1629	1718
0	4	3	9	1722	1749
0	4	3	10	1749	1816
0	2	2	11	1830	1863
0	4	3	12	1900	1914
0	2	0	13	1944	2006
0	0	3	14	2753	2851
1	0	0	15	0	41
1	1	1	16	346	436
1	0	0	17	475	538
1	0	0	18	538	590
1	1	1	19	763	860
1	2	2	20	937	1013
1	4	0	21	1098	1129
1	3	2	22	1231	1331
1	4	0	23	1357	1368
1	2	2	24	1480	1503
1	3	2	25	1566	1658
1	3	2	26	1658	1681
1	1	1	27	2132	2210
1	4	3	28	2210	2253
1	4	3	29	2253	2323
1	0	3	30	2559	2613
1	3	2	31	2613	2671
1	0	3	32	2711	2753
1	1	1	33	2825	2874
1	1	1	34	2874	2943
2	2	2	35	0	77
2	0	0	36	148	228
2	3	2	37	401	487
2	4	3	38	511	556
2	4	3	39	619	720
2	4	0	40	925	999
2	1	3	41	1013	1038
2	1	3	42	1038	1133
2	2	0	43	1245	1318
2	3	2	44	1331	1378
2	2	2	45	1378	1441
2	4	0	46	1445	1501
2	0	3	47	1501	1537
2	0	3	48	1537	1633
2	0	0	49	1796	1835
2	4	3	50	1835	1900
2	1	1	51	2244	2319
2	4	3	52	2323	2387
2	0	3	53	2613	2673
2	1	1	54	2704	2732
2	3	2	55	2746	2770
2	3	2	56	2796	2834
2	0	3	57	2851	2928
3	3	1	58	0	81
3	2	2	59	525	597
3	1	1	60	604	669
3	0	0	61	717	761
3	0	0	62	761	817
3	2	2	63	873	937
3	2	2	64	1159	1231
3	1	1	65	1282	1379
3	0	0	66	1379	1410
3	2	2	67	1763	1830
3	3	2	68	1944	1964
3	2	0	69	2104	2165
3	1	1	70	2210	2244
3	0	0	71	2270	2366
3	3	2	72	2372	2407
3	1	1	73	2441	2523
3	4	0	74	2559	2599
3	1	1	75	2599	2665
4	1	3	76	0	99
4	1	3	77	99	168
4	3	2	78	307	401
4	1	1	79	436	479
4	2	2	80	487	525
4	1	1	81	550	604
4	2	2	82	775	873
4	1	3	83	918	964
4	2	2	84	1074	1159
4	2	2	85	1441	1480
4	1	1	86	1515	1612
4	1	1	87	1852	1915
4	1	1	88	1915	2014
4	4	3	89	2049	2097
4	1	1	90	2104	2132
4	3	2	91	2132	2197
4	3	2	92	2197	2298
4	1	1	93	2372	2441
4	1	1	94	2523	2591
4	4	0	95	2741	2842
4	3	2	96	2888	2932
5	3	1	97	168	271
5	1	1	98	272	346
5	4	3	99	399	485
5	2	2	100	656	729
5	4	3	101	746	769
5	4	3	102	1189	1218
5	1	1	103	1454	1486
5	2	0	104	1503	1529
5	2	0	105	1529	1629
5	0	3	106	1633	1722
5	0	3	107	1934	2005
5	2	2	108	2047	2067
5	3	2	109	2452	2541
5	0	3	110	2673	2711
5	4	0	111	2913	2986
6	2	2	112	264	307
6	2	0	113	339	445
6	1	3	114	485	511
6	1	1	115	511	550
6	0	3	116	819	915
6	3	1	117	1019	1100
6	1	1	118	1189	1282
6	0	3	119	1322	1375
6	4	3	120	1375	1410
6	0	3	121	1410	1460
6	3	2	122	1503	1566
6	0	0	123	1835	1894
6	0	0	124	2006	2104
6	3	2	125	2671	2746
6	1	1	126	2746	2825
6	0	3	127	2928	2939
6	1	1	128	2943	2981
7	2	2	129	77	138
7	1	3	130	168	225
7	3	1	131	487	506
7	3	2	132	597	656
7	1	1	133	669	763
7	4	3	134	769	819
7	4	0	135	819	895
7	4	0	136	895	925
7	1	3	137	964	1013
7	1	3	138	1133	1189
7	4	3	139	1218	1256
7	1	1	140	1379	1454
7	0	3	141	1460	1500
7	0	0	142	1722	1796
7	1	1	143	2014	2083
7	3	2	144	2083	2128
7	1	1	145	2319	2342
7	3	1	146	2342	2372
7	3	2	147	2407	2452
7	0	0	148	2465	2559
7	4	0	149	2599	2661
7	1	1	150	2665	2704
7	4	0	151	2842	2913
7	2	2	152	2932	2954
7	3	2	153	2954	2980
8	4	0	154	41	106
8	2	2	155	138	198
8	4	0	156	228	300
8	4	0	157	300	339
8	0	0	158	590	635
8	0	0	159	635	717
8	2	2	160	729	775
8	3	1	161	937	1019
8	2	2	162	1019	1074
8	3	1	163	1100	1175
8	4	0	164	1410	1445
8	1	1	165	1692	1776
8	1	1	166	1809	1852
8	2	2	167	1863	1944
8	4	3	168	2005	2049
8	1	1	169	2083	2104
8	0	3	170	2104	2171
8	0	0	171	2171	2270
8	3	2	172	2298	2320
8	2	2	173	2320	2355
8	2	0	174	2366	2465
8	4	3	175	2465	2556
8	0	3	176	2939	2987
9	3	1	177	81	168
9	1	3	178	225	272
9	0	3	179	272	334
9	4	3	180	339	399
9	2	0	181	445	475
9	4	3	182	556	619
9	1	1	183	860	918
9	0	0	184	1153	1245
9	2	0	185	1318	1357
9	1	1	186	1612	1692
9	2	2	187	1718	1763
9	1	1	188	1776	1809
9	0	0	189	1894	1934
9	3	2	190	1964	2047
9	0	3	191	2387	2465
9	3	2	192	2541	2611
9	4	0	193	2661	2741
9	2	2	194	2770	2796
9	3	2	195	2834	2888


Solution History:
