This is the output of Heuristic Solver for Dual resource constrained flexible job shop Scheduling Problem.
Input file is: Dauzere_09a.txt
Method: FaFM_30_50_600
Seed: 5
Number of Jobs: 15
Number of Operations: 293
Number of Machines: 8
Number of Operators: 6
CPU Time: 190.021
obj: 2879
Best found lower bound:0
Solver gap (best found lower bound and upper bound difference): Not known


Final Solution:
Job	Machine	Operator	Operation	Start Time	Finish Time
0	3	2	0	268	293
0	2	3	1	296	359
0	1	3	2	443	476
0	0	0	3	576	662
0	3	2	4	748	773
0	7	4	5	833	899
0	4	0	6	1002	1034
0	1	1	7	1050	1061
0	0	2	8	1139	1205
0	7	5	9	1618	1716
0	4	5	10	1976	2018
0	2	3	11	2027	2123
0	3	2	12	2205	2271
0	3	2	13	2271	2319
0	7	5	14	2502	2597
1	6	4	15	74	148
1	2	3	16	207	238
1	3	1	17	413	510
1	1	1	18	510	528
1	5	2	19	576	602
1	5	4	20	649	740
1	0	0	21	740	761
1	2	3	22	965	1043
1	4	0	23	1076	1113
1	4	0	24	1252	1320
1	5	4	25	1320	1369
1	6	4	26	1369	1426
1	5	2	27	1472	1510
1	3	2	28	1924	1979
1	7	5	29	2018	2089
1	6	4	30	2089	2168
1	5	4	31	2168	2249
1	1	1	32	2461	2550
1	7	5	33	2665	2707
1	0	0	34	2778	2876
2	7	5	35	22	97
2	1	1	36	125	149
2	1	1	37	149	241
2	6	4	38	424	503
2	6	4	39	602	649
2	0	0	40	662	726
2	2	3	41	774	827
2	4	0	42	1034	1076
2	4	0	43	1113	1208
2	7	5	44	1219	1255
2	5	3	45	1257	1318
2	6	4	46	1426	1496
2	3	2	47	1582	1644
2	1	1	48	1745	1801
2	6	3	49	1867	1901
2	2	3	50	1901	1926
2	1	1	51	1938	1980
2	6	4	52	2011	2087
2	2	3	53	2299	2377
2	7	4	54	2411	2481
2	5	4	55	2530	2598
2	3	1	56	2663	2707
2	4	5	57	2707	2767
3	2	3	58	0	63
3	3	2	59	118	189
3	1	1	60	528	622
3	3	2	61	716	748
3	4	5	62	779	846
3	0	0	63	924	947
3	1	1	64	986	1050
3	7	5	65	1255	1291
3	7	5	66	1291	1389
3	0	0	67	1415	1446
3	1	1	68	1615	1697
3	5	2	69	1713	1753
3	0	0	70	1791	1854
3	1	1	71	2063	2158
3	4	5	72	2267	2339
3	4	0	73	2534	2625
3	4	0	74	2625	2668
3	2	3	75	2671	2706
4	0	0	76	0	54
4	2	3	77	115	207
4	4	5	78	220	263
4	2	3	79	359	443
4	6	4	80	558	602
4	2	3	81	680	774
4	2	3	82	895	965
4	0	2	83	1034	1139
4	5	3	84	1211	1257
4	3	2	85	1337	1366
4	5	2	86	1410	1472
4	1	1	87	1518	1615
4	5	2	88	1644	1713
4	6	4	89	1741	1805
4	7	4	90	1850	1948
4	0	0	91	1965	2014
4	3	2	92	2319	2423
4	0	0	93	2466	2534
4	6	4	94	2598	2687
4	5	2	95	2743	2815
4	7	5	96	2860	2879
5	6	4	97	45	74
5	5	4	98	168	199
5	0	0	99	213	236
5	7	5	100	501	605
5	6	4	101	740	833
5	3	2	102	945	1015
5	3	2	103	1015	1034
5	1	1	104	1302	1394
5	1	1	105	1394	1430
5	2	3	106	1689	1765
5	6	4	107	1805	1850
5	2	3	108	2123	2223
5	4	5	109	2241	2267
5	2	3	110	2431	2467
5	7	5	111	2767	2860
6	0	0	112	136	213
6	0	0	113	236	332
6	0	0	114	394	446
6	4	0	115	456	496
6	5	2	116	773	826
6	5	3	117	827	895
6	6	4	118	1106	1167
6	4	0	119	1515	1613
6	0	0	120	1613	1686
6	3	2	121	1753	1835
6	3	2	122	1835	1846
6	0	0	123	1854	1886
6	7	5	124	2089	2148
6	0	0	125	2327	2383
6	4	0	126	2668	2687
6	0	0	127	2687	2742
6	1	1	128	2783	2877
7	7	5	129	97	149
7	5	4	130	199	274
7	7	4	131	274	304
7	1	1	132	339	387
7	7	5	133	414	468
7	4	0	134	496	539
7	2	3	135	566	644
7	2	3	136	644	680
7	6	4	137	941	1013
7	5	3	138	1139	1211
7	1	1	139	1246	1285
7	1	1	140	1285	1302
7	4	0	141	1320	1356
7	3	2	142	1366	1410
7	7	5	143	1716	1812
7	1	1	144	1872	1938
7	6	4	145	1971	2011
7	5	2	146	2032	2100
7	0	0	147	2108	2132
7	1	1	148	2158	2183
7	1	1	149	2368	2436
7	3	2	150	2525	2586
7	7	5	151	2597	2665
7	0	0	152	2742	2778
7	2	3	153	2801	2846
8	4	0	154	54	136
8	6	4	155	304	348
8	5	2	156	387	476
8	0	2	157	476	529
8	3	2	158	602	680
8	3	2	159	680	716
8	1	1	160	870	954
8	4	5	161	954	1000
8	1	1	162	1061	1138
8	3	2	163	1294	1337
8	2	3	164	1370	1388
8	0	0	165	1446	1515
8	6	4	166	1543	1643
8	4	0	167	1686	1702
8	4	0	168	1702	1739
8	5	3	169	1926	2027
8	0	0	170	2152	2239
8	1	1	171	2288	2334
8	4	5	172	2415	2502
8	2	3	173	2630	2671
8	6	4	174	2687	2746
8	6	4	175	2764	2825
8	5	3	176	2846	2878
9	1	1	177	0	66
9	1	1	178	66	125
9	1	1	179	241	339
9	4	0	180	539	574
9	1	1	181	790	870
9	7	4	182	899	941
9	0	0	183	947	986
9	1	1	184	1138	1178
9	6	4	185	1234	1320
9	5	2	186	1510	1582
9	2	3	187	1610	1674
9	3	2	188	1846	1924
9	7	4	189	1948	1971
9	3	2	190	1979	2032
9	0	0	191	2132	2152
9	5	4	192	2249	2290
9	6	4	193	2316	2340
9	1	1	194	2550	2627
9	2	3	195	2706	2801
10	3	2	196	0	61
10	5	2	197	293	387
10	5	4	198	503	558
10	1	1	199	622	711
10	0	0	200	761	824
10	4	5	201	889	952
10	2	3	202	1043	1139
10	6	4	203	1182	1234
10	3	1	204	1430	1518
10	2	3	205	1542	1610
10	1	1	206	1697	1745
10	4	5	207	1812	1909
10	3	2	208	2112	2205
10	6	3	209	2263	2299
10	4	5	210	2339	2415
10	0	0	211	2448	2466
10	0	2	212	2586	2648
10	6	4	213	2746	2764
10	3	2	214	2815	2878
11	5	4	215	148	168
11	4	5	216	263	354
11	1	1	217	387	413
11	2	3	218	476	566
11	4	5	219	624	677
11	3	2	220	826	879
11	3	2	221	879	945
11	0	0	222	986	1002
11	1	1	223	1178	1246
11	2	3	224	1388	1459
11	6	4	225	1496	1543
11	7	5	226	1569	1618
11	0	0	227	1739	1774
11	0	0	228	1774	1791
11	1	1	229	1980	2063
11	5	2	230	2100	2112
11	1	1	231	2183	2288
11	5	4	232	2290	2316
11	5	2	233	2423	2507
11	1	1	234	2627	2663
11	1	1	235	2707	2748
12	5	4	236	0	45
12	0	2	237	61	118
12	2	3	238	238	296
12	4	5	239	354	414
12	7	5	240	468	501
12	0	0	241	824	924
12	7	5	242	1000	1097
12	4	0	243	1208	1252
12	0	0	244	1356	1415
12	2	3	245	1459	1542
12	5	3	246	1765	1867
12	4	0	247	2018	2108
12	4	5	248	2148	2241
12	0	0	249	2383	2448
12	5	2	250	2507	2525
12	5	2	251	2648	2743
13	4	5	252	149	220
13	6	4	253	348	424
13	7	5	254	677	779
13	4	5	255	846	889
13	7	5	256	1097	1156
13	7	5	257	1156	1219
13	3	2	258	1264	1294
13	7	5	259	1389	1482
13	6	4	260	1643	1657
13	2	3	261	1674	1689
13	1	1	262	1801	1872
13	4	5	263	1909	1976
13	2	3	264	2223	2263
13	6	4	265	2340	2411
13	2	3	266	2467	2543
13	6	4	267	2825	2876
14	4	5	268	0	22
14	2	3	269	63	115
14	3	2	270	189	268
14	0	0	271	332	359
14	0	0	272	359	394
14	4	0	273	446	456
14	0	2	274	529	576
14	7	5	275	605	624
14	1	1	276	711	790
14	1	1	277	954	986
14	5	4	278	1013	1106
14	6	4	279	1167	1182
14	0	2	280	1205	1264
14	2	3	281	1318	1370
14	7	5	282	1482	1569
14	6	4	283	1657	1741
14	0	0	284	1886	1965
14	0	0	285	2239	2327
14	1	1	286	2334	2368
14	2	3	287	2377	2431
14	1	1	288	2436	2461
14	6	4	289	2481	2530
14	2	3	290	2543	2581
14	2	3	291	2581	2630
14	1	1	292	2748	2783


Solution History:
