This is the output of Heuristic Solver for Dual resource constrained flexible job shop Scheduling Problem.
Input file is: Dauzere_02a.txt
Method: FaFM_30_50_600
Seed: 5
Number of Jobs: 10
Number of Operations: 196
Number of Machines: 5
Number of Operators: 4
CPU Time: 186.529
obj: 2934
Best found lower bound:0
Solver gap (best found lower bound and upper bound difference): Not known


Final Solution:
Job	Machine	Operator	Operation	Start Time	Finish Time
0	0	3	0	200	243
0	2	2	1	350	416
0	4	3	2	595	621
0	1	3	3	636	655
0	0	3	4	692	790
0	4	0	5	987	1011
0	4	0	6	1268	1334
0	2	2	7	1337	1367
0	1	3	8	1715	1802
0	2	2	9	1854	1881
0	4	0	10	1887	1953
0	1	1	11	2083	2118
0	4	0	12	2140	2151
0	1	1	13	2614	2676
0	4	3	14	2836	2934
1	4	3	15	69	111
1	3	2	16	185	279
1	0	3	17	397	461
1	2	2	18	464	515
1	3	1	19	828	925
1	2	2	20	939	1015
1	2	2	21	1015	1047
1	3	1	22	1206	1303
1	2	2	23	1325	1337
1	4	0	24	1427	1447
1	1	3	25	1600	1692
1	1	3	26	1692	1715
1	3	1	27	1885	1963
1	3	2	28	2033	2076
1	2	2	29	2113	2183
1	4	3	30	2411	2465
1	3	2	31	2465	2523
1	0	3	32	2535	2577
1	2	2	33	2629	2681
1	0	0	34	2756	2825
2	4	3	35	111	188
2	4	0	36	292	372
2	4	0	37	372	458
2	1	1	38	546	592
2	2	2	39	693	794
2	1	3	40	927	1001
2	0	3	41	1032	1057
2	3	2	42	1111	1206
2	0	3	43	1227	1301
2	3	1	44	1329	1376
2	0	3	45	1377	1440
2	3	1	46	1622	1678
2	3	1	47	1678	1713
2	0	3	48	1955	2051
2	3	2	49	2076	2113
2	3	1	50	2118	2184
2	2	2	51	2283	2357
2	3	1	52	2385	2449
2	0	0	53	2449	2505
2	3	2	54	2598	2629
2	2	2	55	2681	2705
2	2	2	56	2771	2809
2	3	2	57	2857	2934
3	2	2	58	0	81
3	4	0	59	219	292
3	3	1	60	393	458
3	1	1	61	592	636
3	3	1	62	772	828
3	4	3	63	863	927
3	3	1	64	1007	1079
3	0	3	65	1440	1536
3	1	1	66	1557	1588
3	2	2	67	1666	1733
3	0	0	68	1762	1779
3	1	3	69	1891	1955
3	3	2	70	1996	2033
3	4	0	71	2217	2313
3	2	2	72	2357	2392
3	2	0	73	2505	2587
3	0	0	74	2587	2627
3	2	2	75	2705	2771
4	0	0	76	44	139
4	0	3	77	243	312
4	4	0	78	458	552
4	2	0	79	552	595
4	2	0	80	595	634
4	0	0	81	634	688
4	0	0	82	888	987
4	1	3	83	1057	1103
4	0	3	84	1103	1188
4	0	3	85	1188	1227
4	1	1	86	1376	1473
4	0	3	87	1536	1600
4	2	2	88	1733	1833
4	3	1	89	1837	1885
4	0	0	90	2053	2081
4	4	0	91	2151	2217
4	3	1	92	2282	2385
4	4	3	93	2465	2535
4	4	3	94	2577	2644
4	4	3	95	2721	2822
4	2	0	96	2825	2870
5	1	1	97	209	312
5	0	3	98	523	595
5	3	2	99	607	693
5	1	1	100	703	772
5	1	3	101	790	813
5	4	0	102	1011	1037
5	3	1	103	1079	1111
5	3	1	104	1303	1329
5	3	2	105	1445	1549
5	1	3	106	1802	1891
5	2	2	107	1925	1996
5	2	0	108	2037	2053
5	1	3	109	2227	2316
5	4	3	110	2644	2682
5	1	1	111	2861	2934
6	4	0	112	0	44
6	3	2	113	81	185
6	3	1	114	367	393
6	4	3	115	655	692
6	0	0	116	790	888
6	2	2	117	1206	1286
6	4	0	118	1334	1427
6	4	0	119	1447	1496
6	3	1	120	1588	1622
6	3	1	121	1713	1760
6	4	0	122	1825	1887
6	0	0	123	2081	2140
6	3	1	124	2184	2282
6	3	2	125	2523	2598
6	0	0	126	2677	2756
6	0	3	127	2825	2836
6	2	0	128	2895	2933
7	3	1	129	0	62
7	1	1	130	69	122
7	2	0	131	200	219
7	3	1	132	312	367
7	3	2	133	515	607
7	1	3	134	813	863
7	2	2	135	863	939
7	0	3	136	1001	1032
7	4	0	137	1037	1085
7	4	0	138	1211	1268
7	0	3	139	1301	1339
7	2	2	140	1367	1445
7	4	0	141	1496	1538
7	2	2	142	1549	1622
7	0	0	143	1693	1762
7	4	0	144	1779	1825
7	2	2	145	1833	1854
7	4	3	146	2051	2082
7	4	3	147	2082	2127
7	1	3	148	2316	2411
7	1	1	149	2449	2511
7	4	3	150	2682	2721
7	1	1	151	2769	2840
7	1	1	152	2840	2861
7	0	0	153	2870	2895
8	1	3	154	0	69
8	0	0	155	139	200
8	2	2	156	279	350
8	0	3	157	359	397
8	2	2	158	416	464
8	1	1	159	464	546
8	1	1	160	655	703
8	3	1	161	925	1007
8	4	0	162	1085	1136
8	4	0	163	1136	1211
8	2	2	164	1286	1325
8	1	1	165	1473	1557
8	2	2	166	1622	1666
8	3	1	167	1760	1837
8	2	2	168	1881	1925
8	4	0	169	1953	1974
8	4	0	170	1974	2037
8	1	3	171	2127	2227
8	2	2	172	2261	2283
8	4	0	173	2313	2347
8	0	0	174	2347	2446
8	1	1	175	2676	2769
8	3	2	176	2809	2857
9	1	1	177	122	209
9	0	3	178	312	359
9	0	3	179	461	523
9	4	0	180	692	752
9	4	0	181	752	782
9	2	2	182	794	857
9	2	2	183	1047	1103
9	1	1	184	1111	1203
9	0	3	185	1339	1377
9	4	0	186	1538	1618
9	0	0	187	1618	1660
9	4	0	188	1660	1693
9	1	1	189	1963	2003
9	1	1	190	2003	2083
9	2	2	191	2183	2261
9	2	2	192	2392	2462
9	1	1	193	2511	2591
9	1	1	194	2591	2614
9	0	0	195	2627	2677


Solution History:
