This is the output of Heuristic Solver for Dual resource constrained flexible job shop Scheduling Problem.
Input file is: Dauzere_05a.txt
Method: FaFM_30_50_600
Seed: 3
Number of Jobs: 10
Number of Operations: 196
Number of Machines: 5
Number of Operators: 4
CPU Time: 158.071
obj: 2923
Best found lower bound:0
Solver gap (best found lower bound and upper bound difference): Not known


Final Solution:
Job	Machine	Operator	Operation	Start Time	Finish Time
0	0	0	0	0	39
0	2	2	1	316	381
0	4	0	2	508	542
0	3	1	3	574	595
0	0	0	4	752	842
0	4	0	5	997	1026
0	4	0	6	1230	1295
0	2	2	7	1326	1359
0	1	3	8	1700	1782
0	2	0	9	1876	1900
0	4	3	10	1953	2019
0	1	3	11	2019	2055
0	4	0	12	2089	2104
0	2	2	13	2215	2277
0	4	3	14	2648	2742
1	3	1	15	0	39
1	3	2	16	146	231
1	0	3	17	316	379
1	4	0	18	669	724
1	1	3	19	763	854
1	2	2	20	861	934
1	4	0	21	1083	1119
1	3	1	22	1182	1274
1	1	3	23	1327	1348
1	3	1	24	1441	1465
1	1	3	25	1612	1700
1	1	3	26	1782	1808
1	3	2	27	1850	1929
1	3	1	28	2006	2052
1	2	2	29	2141	2215
1	4	0	30	2284	2336
1	3	1	31	2387	2441
1	0	3	32	2460	2501
1	3	2	33	2501	2553
1	0	0	34	2823	2892
2	4	3	35	127	206
2	4	0	36	206	287
2	4	0	37	430	508
2	1	3	38	514	564
2	2	2	39	611	707
2	1	1	40	943	1015
2	0	0	41	1056	1083
2	3	1	42	1093	1182
2	2	2	43	1258	1326
2	2	2	44	1432	1477
2	0	3	45	1477	1534
2	3	1	46	1652	1709
2	4	0	47	1727	1764
2	0	0	48	1764	1852
2	3	2	49	1929	1966
2	2	2	50	2012	2076
2	3	1	51	2145	2218
2	3	1	52	2218	2287
2	4	0	53	2336	2389
2	3	1	54	2441	2472
2	3	1	55	2472	2501
2	2	0	56	2501	2538
2	3	2	57	2748	2826
3	2	2	58	65	146
3	4	0	59	287	359
3	3	1	60	510	574
3	3	1	61	595	640
3	3	1	62	778	829
3	4	3	63	854	917
3	3	2	64	934	1010
3	0	3	65	1348	1436
3	1	3	66	1441	1474
3	2	2	67	1522	1590
3	0	0	68	1852	1876
3	1	1	69	1911	1972
3	3	1	70	1972	2006
3	4	0	71	2193	2284
3	2	2	72	2357	2394
3	2	2	73	2418	2497
3	2	2	74	2621	2669
3	2	0	75	2707	2772
4	0	0	76	39	134
4	0	0	77	134	200
4	3	2	78	387	476
4	2	2	79	476	520
4	2	2	80	520	562
4	1	3	81	564	620
4	0	0	82	842	937
4	1	3	83	1022	1069
4	2	2	84	1176	1258
4	0	3	85	1286	1327
4	1	1	86	1348	1441
4	0	0	87	1592	1658
4	2	2	88	1709	1804
4	4	3	89	1871	1917
4	0	0	90	2000	2026
4	4	0	91	2104	2175
4	3	1	92	2287	2387
4	4	0	93	2389	2460
4	4	3	94	2501	2567
4	4	3	95	2742	2838
4	2	2	96	2877	2922
5	1	1	97	127	229
5	0	3	98	443	514
5	3	1	99	699	778
5	3	1	100	829	897
5	4	3	101	917	944
5	4	0	102	1026	1056
5	2	2	103	1141	1176
5	3	1	104	1274	1307
5	3	1	105	1465	1563
5	1	1	106	1824	1911
5	2	2	107	2076	2141
5	0	0	108	2175	2193
5	1	1	109	2501	2587
5	4	3	110	2608	2648
5	1	1	111	2852	2923
6	4	3	112	0	40
6	3	1	113	231	332
6	3	1	114	476	510
6	4	0	115	542	579
6	0	3	116	620	716
6	2	2	117	1067	1141
6	4	0	118	1368	1457
6	4	0	119	1457	1506
6	3	1	120	1563	1600
6	3	1	121	1600	1652
6	4	3	122	1808	1871
6	0	0	123	1900	1958
6	3	1	124	2052	2145
6	3	1	125	2587	2663
6	3	2	126	2669	2748
6	0	0	127	2772	2783
6	2	0	128	2783	2823
7	3	1	129	39	101
7	0	3	130	206	267
7	2	2	131	290	316
7	3	1	132	332	387
7	4	0	133	579	669
7	1	3	134	716	763
7	2	2	135	787	861
7	0	3	136	944	977
7	0	3	137	977	1022
7	4	0	138	1174	1230
7	3	1	139	1307	1346
7	3	2	140	1359	1432
7	4	0	141	1506	1548
7	2	2	142	1590	1661
7	4	0	143	1661	1727
7	3	1	144	1782	1824
7	2	2	145	1966	1993
7	1	3	146	2138	2172
7	1	3	147	2172	2218
7	1	3	148	2313	2400
7	1	3	149	2400	2460
7	4	3	150	2567	2608
7	1	1	151	2756	2825
7	4	3	152	2838	2860
7	0	0	153	2892	2921
8	2	2	154	0	65
8	2	2	155	231	290
8	4	0	156	359	430
8	1	1	157	430	471
8	2	2	158	562	611
8	2	2	159	707	787
8	1	1	160	897	943
8	3	1	161	1015	1093
8	4	0	162	1119	1174
8	4	0	163	1295	1368
8	2	2	164	1477	1522
8	1	3	165	1534	1612
8	2	2	166	1661	1709
8	3	1	167	1709	1782
8	2	2	168	1804	1850
8	2	2	169	1993	2012
8	4	0	170	2026	2089
8	1	3	171	2218	2313
8	2	2	172	2394	2418
8	4	0	173	2460	2497
8	0	0	174	2538	2630
8	1	1	175	2663	2756
8	3	2	176	2826	2877
9	1	3	177	40	127
9	0	3	178	267	316
9	0	3	179	379	443
9	3	1	180	640	699
9	4	0	181	724	752
9	2	0	182	937	997
9	2	2	183	1010	1067
9	1	3	184	1069	1160
9	0	3	185	1160	1204
9	1	3	186	1204	1286
9	0	0	187	1548	1592
9	4	3	188	1917	1953
9	0	0	189	1958	2000
9	1	3	190	2055	2138
9	2	2	191	2277	2357
9	2	2	192	2553	2621
9	0	0	193	2630	2707
9	1	1	194	2825	2852
9	4	3	195	2860	2917


Solution History:
