This is the output of Heuristic Solver for Dual resource constrained flexible job shop Scheduling Problem.
Input file is: Dauzere_03a.txt
Method: FaFM_30_50_600
Seed: 3
Number of Jobs: 10
Number of Operations: 196
Number of Machines: 5
Number of Operators: 4
CPU Time: 126.195
obj: 2917
Best found lower bound:0
Solver gap (best found lower bound and upper bound difference): Not known


Final Solution:
Job	Machine	Operator	Operation	Start Time	Finish Time
0	1	1	0	41	83
0	2	2	1	244	310
0	2	2	2	513	539
0	3	2	3	539	558
0	4	0	4	897	996
0	4	0	5	996	1020
0	1	1	6	1104	1170
0	1	1	7	1373	1402
0	1	1	8	1482	1571
0	1	1	9	1571	1594
0	2	2	10	2081	2148
0	4	3	11	2443	2476
0	4	3	12	2476	2490
0	0	0	13	2549	2611
0	3	1	14	2729	2823
1	1	1	15	0	41
1	0	0	16	165	255
1	1	3	17	297	361
1	0	0	18	456	508
1	2	2	19	694	789
1	3	2	20	1029	1105
1	0	3	21	1147	1179
1	2	2	22	1181	1281
1	0	3	23	1331	1343
1	0	0	24	1538	1558
1	4	3	25	1602	1694
1	2	2	26	1955	1978
1	2	2	27	1978	2060
1	1	1	28	2069	2113
1	4	0	29	2165	2236
1	1	3	30	2490	2544
1	3	1	31	2561	2619
1	0	3	32	2685	2727
1	0	0	33	2745	2794
1	1	1	34	2846	2915
2	3	2	35	0	77
2	3	1	36	231	311
2	2	2	37	382	468
2	2	2	38	468	513
2	1	3	39	584	685
2	4	0	40	823	897
2	2	2	41	981	1006
2	4	3	42	1022	1117
2	2	2	43	1281	1355
2	2	2	44	1355	1402
2	4	0	45	1472	1536
2	0	0	46	1740	1796
2	4	3	47	1806	1842
2	4	0	48	1842	1937
2	0	3	49	1963	2000
2	4	0	50	2069	2135
2	2	2	51	2148	2222
2	3	1	52	2225	2289
2	3	1	53	2289	2345
2	4	0	54	2379	2407
2	0	3	55	2661	2685
2	4	0	56	2710	2745
2	3	2	57	2840	2917
3	4	3	58	112	193
3	2	2	59	310	382
3	4	3	60	423	492
3	0	0	61	621	665
3	4	0	62	665	721
3	3	1	63	816	882
3	1	1	64	1032	1104
3	0	3	65	1235	1331
3	1	3	66	1343	1373
3	1	1	67	1594	1657
3	4	3	68	1738	1758
3	1	1	69	1800	1861
3	3	2	70	1918	1955
3	3	1	71	2113	2209
3	2	2	72	2222	2257
3	1	1	73	2345	2427
3	0	0	74	2509	2549
3	2	2	75	2588	2654
4	3	1	76	136	231
4	3	1	77	311	379
4	3	1	78	379	473
4	1	1	79	473	516
4	2	2	80	606	644
4	0	0	81	769	823
4	3	1	82	882	981
4	0	0	83	1052	1099
4	4	0	84	1147	1231
4	3	1	85	1332	1370
4	0	3	86	1397	1494
4	4	3	87	1538	1602
4	0	0	88	1641	1740
4	4	3	89	1758	1806
4	0	3	90	1842	1874
4	0	3	91	2000	2065
4	1	3	92	2170	2271
4	0	3	93	2271	2341
4	0	3	94	2341	2408
4	0	0	95	2408	2509
4	3	1	96	2516	2561
5	0	0	97	62	165
5	0	0	98	547	621
5	3	1	99	730	816
5	2	2	100	908	981
5	3	2	101	1006	1029
5	4	3	102	1117	1146
5	1	1	103	1170	1202
5	4	3	104	1373	1397
5	2	2	105	1484	1588
5	0	3	106	1874	1963
5	4	0	107	1996	2069
5	3	1	108	2209	2225
5	3	1	109	2427	2516
5	1	1	110	2619	2658
5	0	0	111	2794	2867
6	0	3	112	0	43
6	1	3	113	193	297
6	0	0	114	303	329
6	0	0	115	508	547
6	1	3	116	685	781
6	0	3	117	866	946
6	1	1	118	1202	1295
6	0	0	119	1558	1607
6	0	0	120	1607	1641
6	3	1	121	1657	1704
6	2	2	122	1714	1777
6	4	0	123	1937	1996
6	4	0	124	2281	2379
6	2	2	125	2430	2505
6	2	2	126	2505	2588
6	0	3	127	2650	2661
6	2	2	128	2804	2840
7	2	0	129	0	62
7	1	1	130	83	136
7	2	2	131	222	244
7	0	0	132	329	384
7	4	3	133	492	584
7	2	2	134	644	694
7	0	3	135	946	1022
7	0	0	136	1022	1052
7	0	0	137	1099	1147
7	0	3	138	1179	1235
7	1	1	139	1295	1332
7	4	0	140	1397	1472
7	3	1	141	1704	1746
7	2	2	142	1777	1850
7	2	2	143	1850	1918
7	1	1	144	1924	1970
7	3	2	145	2060	2081
7	4	0	146	2135	2165
7	4	0	147	2236	2281
7	2	2	148	2335	2430
7	1	3	149	2544	2606
7	0	3	150	2611	2650
7	3	1	151	2658	2729
7	4	3	152	2818	2840
7	4	3	153	2840	2866
8	4	3	154	43	112
8	2	2	155	162	222
8	0	0	156	384	456
8	1	1	157	516	555
8	2	2	158	558	606
8	3	1	159	618	700
8	0	0	160	721	769
8	1	3	161	781	866
8	1	1	162	981	1032
8	2	2	163	1105	1181
8	0	0	164	1362	1397
8	2	2	165	1402	1484
8	0	3	166	1494	1538
8	2	2	167	1588	1669
8	4	3	168	1694	1738
8	1	1	169	1779	1800
8	1	1	170	1861	1924
8	1	1	171	1970	2069
8	0	3	172	2148	2170
8	4	3	173	2408	2443
8	4	0	174	2611	2710
8	1	3	175	2727	2818
8	4	3	176	2866	2914
9	2	2	177	77	162
9	0	0	178	255	303
9	4	3	179	361	423
9	3	1	180	558	618
9	3	1	181	700	730
9	2	2	182	789	852
9	2	2	183	852	908
9	4	0	184	1231	1323
9	4	0	185	1323	1362
9	1	1	186	1402	1482
9	2	2	187	1669	1714
9	1	1	188	1746	1779
9	0	0	189	1796	1836
9	0	3	190	2065	2148
9	2	2	191	2257	2335
9	2	2	192	2654	2724
9	2	2	193	2724	2804
9	1	1	194	2823	2846
9	0	0	195	2867	2917


Solution History:
