This is the output of Heuristic Solver for Dual resource constrained flexible job shop Scheduling Problem.
Input file is: Dauzere_02a.txt
Method: FaFM_30_50_600
Seed: 1
Number of Jobs: 10
Number of Operations: 196
Number of Machines: 5
Number of Operators: 4
CPU Time: 134.487
obj: 2925
Best found lower bound:0
Solver gap (best found lower bound and upper bound difference): Not known


Final Solution:
Job	Machine	Operator	Operation	Start Time	Finish Time
0	2	0	0	146	188
0	2	0	1	207	269
0	4	3	2	364	390
0	1	3	3	395	414
0	2	2	4	494	592
0	4	0	5	632	656
0	4	3	6	891	957
0	4	3	7	957	987
0	1	3	8	1699	1786
0	2	0	9	1832	1855
0	4	3	10	1962	2029
0	1	1	11	2065	2100
0	4	3	12	2105	2119
0	2	0	13	2291	2353
0	4	0	14	2652	2746
1	2	2	15	0	42
1	1	1	16	95	185
1	0	0	17	317	380
1	2	2	18	443	494
1	1	3	19	750	845
1	0	0	20	909	985
1	4	3	21	987	1019
1	3	2	22	1150	1250
1	2	2	23	1250	1262
1	3	1	24	1266	1286
1	1	3	25	1526	1618
1	1	1	26	1620	1644
1	3	1	27	1644	1722
1	3	2	28	1861	1904
1	2	2	29	1925	1995
1	4	3	30	2283	2337
1	3	2	31	2515	2573
1	2	2	32	2574	2616
1	2	2	33	2616	2668
1	0	3	34	2691	2764
2	3	2	35	127	204
2	3	2	36	204	287
2	4	3	37	414	500
2	1	3	38	500	545
2	4	0	39	656	757
2	3	1	40	826	900
2	0	0	41	1015	1039
2	3	1	42	1054	1150
2	2	2	43	1330	1404
2	2	2	44	1404	1451
2	0	3	45	1463	1526
2	3	1	46	1722	1778
2	3	1	47	1778	1813
2	0	0	48	1923	2018
2	3	2	49	2066	2103
2	2	0	50	2127	2193
2	2	0	51	2193	2268
2	3	2	52	2376	2440
2	0	3	53	2507	2567
2	3	2	54	2668	2699
2	2	2	55	2699	2723
2	2	2	56	2723	2761
2	3	2	57	2761	2838
3	0	0	58	0	81
3	4	3	59	292	364
3	3	1	60	476	541
3	3	1	61	640	684
3	3	1	62	770	826
3	3	2	63	904	968
3	3	1	64	982	1054
3	0	3	65	1367	1463
3	1	1	66	1482	1513
3	2	2	67	1527	1594
3	0	0	68	1632	1649
3	1	1	69	1924	1985
3	0	0	70	2093	2127
3	4	3	71	2184	2283
3	3	2	72	2341	2376
3	2	0	73	2492	2574
3	0	3	74	2647	2691
3	2	0	75	2761	2827
4	1	1	76	0	95
4	1	1	77	185	253
4	0	0	78	444	538
4	2	2	79	592	638
4	2	2	80	671	709
4	0	0	81	757	811
4	2	2	82	968	1066
4	1	3	83	1092	1138
4	0	0	84	1138	1222
4	0	0	85	1222	1260
4	1	3	86	1270	1367
4	0	0	87	1569	1632
4	2	2	88	1667	1767
4	3	2	89	1813	1861
4	0	0	90	1895	1923
4	4	3	91	2119	2184
4	3	2	92	2205	2306
4	4	3	93	2337	2407
4	4	0	94	2424	2492
4	4	3	95	2775	2876
4	2	0	96	2877	2922
5	1	1	97	253	356
5	0	3	98	545	617
5	3	1	99	684	770
5	1	3	100	1019	1092
5	1	1	101	1242	1266
5	2	2	102	1301	1330
5	2	2	103	1451	1483
5	3	1	104	1513	1539
5	4	0	105	1699	1799
5	1	1	106	1834	1924
5	2	2	107	1995	2066
5	0	0	108	2077	2093
5	1	1	109	2435	2524
5	4	0	110	2574	2613
5	1	1	111	2852	2925
6	4	3	112	61	104
6	3	2	113	287	391
6	3	1	114	395	421
6	3	1	115	601	640
6	0	0	116	811	909
6	2	2	117	1066	1146
6	4	0	118	1299	1392
6	4	0	119	1440	1489
6	3	1	120	1539	1573
6	3	1	121	1573	1620
6	4	3	122	1899	1962
6	0	0	123	2018	2077
6	3	2	124	2103	2205
6	3	2	125	2440	2515
6	3	1	126	2586	2665
6	0	3	127	2764	2775
6	2	2	128	2838	2874
7	4	3	129	0	61
7	0	3	130	104	161
7	2	0	131	188	207
7	3	1	132	421	476
7	4	0	133	538	632
7	1	3	134	700	750
7	2	2	135	828	904
7	0	0	136	985	1015
7	0	0	137	1090	1138
7	4	3	138	1214	1270
7	3	1	139	1286	1323
7	3	1	140	1323	1398
7	4	0	141	1398	1440
7	2	2	142	1594	1667
7	0	3	143	1786	1854
7	4	3	144	1854	1899
7	2	2	145	1904	1925
7	4	3	146	2029	2060
7	4	3	147	2060	2105
7	1	1	148	2341	2435
7	1	1	149	2524	2586
7	4	0	150	2613	2652
7	1	1	151	2665	2736
7	4	3	152	2876	2898
7	0	3	153	2898	2924
8	2	0	154	81	146
8	0	3	155	161	221
8	4	3	156	221	292
8	1	1	157	356	395
8	2	2	158	395	443
8	1	3	159	617	700
8	1	3	160	845	891
8	1	1	161	900	982
8	4	0	162	1039	1090
8	4	3	163	1138	1214
8	2	2	164	1262	1301
8	1	1	165	1398	1482
8	2	2	166	1483	1527
8	4	3	167	1618	1699
8	2	2	168	1767	1811
8	1	1	169	1813	1834
8	1	1	170	2100	2163
8	1	1	171	2163	2262
8	2	0	172	2268	2291
8	3	2	173	2306	2341
8	0	3	174	2407	2507
8	1	1	175	2759	2852
8	3	2	176	2874	2922
9	3	2	177	42	127
9	0	0	178	269	317
9	0	0	179	380	444
9	3	1	180	541	601
9	2	2	181	638	671
9	2	2	182	709	772
9	2	2	183	772	828
9	1	1	184	1150	1242
9	0	0	185	1260	1299
9	4	0	186	1489	1569
9	0	0	187	1649	1691
9	4	0	188	1799	1832
9	0	0	189	1855	1895
9	1	1	190	1985	2065
9	1	1	191	2262	2341
9	2	0	192	2353	2424
9	0	3	193	2567	2647
9	1	1	194	2736	2759
9	0	0	195	2827	2877


Solution History:
