This is the output of Heuristic Solver for Dual resource constrained flexible job shop Scheduling Problem.
Input file is: Dauzere_06a.txt
Method: FaFM_30_50_600
Seed: 3
Number of Jobs: 10
Number of Operations: 196
Number of Machines: 5
Number of Operators: 4
CPU Time: 225.14
obj: 2878
Best found lower bound:0
Solver gap (best found lower bound and upper bound difference): Not known


Final Solution:
Job	Machine	Operator	Operation	Start Time	Finish Time
0	1	3	0	167	207
0	2	0	1	403	468
0	2	0	2	652	683
0	3	1	3	743	764
0	2	2	4	804	897
0	3	1	5	944	970
0	4	0	6	971	1036
0	1	1	7	1297	1328
0	4	0	8	1363	1449
0	1	1	9	1708	1734
0	2	0	10	1905	1970
0	4	3	11	2073	2109
0	4	0	12	2388	2404
0	4	0	13	2603	2660
0	3	1	14	2695	2785
1	2	2	15	0	42
1	4	0	16	188	274
1	3	2	17	328	387
1	0	3	18	425	477
1	3	2	19	566	659
1	1	3	20	742	816
1	0	3	21	1003	1037
1	0	3	22	1224	1316
1	4	0	23	1449	1466
1	0	3	24	1481	1509
1	2	2	25	1710	1798
1	2	2	26	1798	1820
1	3	2	27	1820	1895
1	1	1	28	1972	2013
1	1	1	29	2013	2078
1	4	3	30	2152	2208
1	4	0	31	2330	2388
1	0	3	32	2575	2618
1	2	2	33	2687	2735
1	1	1	34	2812	2878
2	3	1	35	45	122
2	1	1	36	279	352
2	3	2	37	387	470
2	2	0	38	470	518
2	1	1	39	650	742
2	4	0	40	805	876
2	0	3	41	895	923
2	4	0	42	1036	1128
2	4	0	43	1128	1199
2	2	2	44	1228	1279
2	4	0	45	1543	1604
2	0	0	46	1604	1656
2	1	1	47	1810	1849
2	1	1	48	1849	1939
2	0	3	49	1969	2009
2	4	3	50	2009	2073
2	3	2	51	2098	2171
2	3	2	52	2171	2235
2	2	0	53	2278	2330
2	1	1	54	2331	2362
2	0	3	55	2369	2399
2	3	1	56	2616	2653
2	3	2	57	2807	2878
3	4	0	58	109	188
3	2	2	59	206	276
3	4	0	60	276	340
3	0	3	61	604	653
3	2	0	62	683	737
3	4	0	63	740	805
3	4	0	64	876	944
3	2	2	65	1133	1228
3	1	1	66	1370	1404
3	1	1	67	1579	1643
3	4	3	68	1683	1707
3	1	1	69	2078	2139
3	3	2	70	2235	2274
3	3	2	71	2274	2368
3	0	3	72	2399	2435
3	1	1	73	2540	2616
3	3	1	74	2653	2695
3	4	3	75	2808	2873
4	3	1	76	122	213
4	3	1	77	213	279
4	0	3	78	335	425
4	1	1	79	450	497
4	4	3	80	506	551
4	4	3	81	551	604
4	2	2	82	985	1077
4	0	3	83	1115	1167
4	4	0	84	1199	1275
4	3	2	85	1356	1397
4	1	1	86	1486	1579
4	2	2	87	1651	1710
4	0	0	88	1744	1841
4	4	3	89	1854	1900
4	2	0	90	1970	1999
4	3	2	91	2034	2098
4	1	1	92	2139	2237
4	0	3	93	2301	2369
4	4	0	94	2404	2467
4	0	3	95	2477	2575
4	0	0	96	2780	2826
5	1	1	97	352	450
5	1	1	98	497	574
5	3	1	99	764	851
5	1	1	100	851	915
5	3	1	101	915	944
5	4	0	102	944	971
5	1	1	103	1049	1084
5	2	2	104	1324	1356
5	2	2	105	1397	1496
5	0	0	106	1656	1744
5	4	3	107	1785	1854
5	0	0	108	1888	1905
5	3	2	109	1952	2034
5	4	0	110	2561	2603
5	2	2	111	2735	2807
6	3	1	112	0	45
6	1	3	113	68	167
6	0	3	114	477	506
6	3	2	115	704	743
6	2	2	116	897	985
6	0	3	117	1037	1115
6	3	1	118	1212	1297
6	0	3	119	1316	1366
6	0	3	120	1558	1595
6	3	1	121	1734	1784
6	3	2	122	1895	1952
6	0	0	123	2061	2115
6	4	3	124	2208	2301
6	2	2	125	2394	2467
6	2	2	126	2467	2543
6	0	0	127	2728	2740
6	0	0	128	2740	2780
7	0	0	129	0	58
7	0	0	130	58	109
7	2	2	131	121	147
7	0	3	132	207	266
7	2	0	133	566	652
7	4	3	134	689	740
7	0	3	135	816	895
7	0	3	136	923	954
7	0	3	137	954	1003
7	0	3	138	1167	1224
7	1	1	139	1328	1370
7	0	3	140	1405	1481
7	2	2	141	1496	1538
7	2	2	142	1538	1609
7	1	1	143	1643	1708
7	2	0	144	1841	1888
7	4	3	145	1900	1925
7	1	1	146	1939	1972
7	4	3	147	2109	2152
7	2	0	148	2192	2278
7	1	1	149	2362	2426
7	0	3	150	2435	2477
7	0	0	151	2660	2728
7	4	3	152	2751	2778
7	4	3	153	2778	2808
8	4	3	154	0	68
8	2	2	155	147	206
8	0	3	156	266	335
8	3	2	157	470	507
8	2	0	158	518	566
8	1	1	159	574	650
8	3	2	160	659	704
8	3	1	161	970	1049
8	1	1	162	1084	1135
8	3	1	163	1135	1212
8	2	2	164	1279	1324
8	1	1	165	1404	1486
8	0	3	166	1509	1558
8	4	3	167	1604	1683
8	4	3	168	1707	1753
8	1	1	169	1785	1810
8	2	0	170	1999	2061
8	1	1	171	2237	2331
8	3	2	172	2368	2394
8	1	1	173	2426	2463
8	4	0	174	2467	2561
8	1	3	175	2618	2705
8	4	3	176	2705	2751
9	2	2	177	42	121
9	3	2	178	279	328
9	4	0	179	340	403
9	3	2	180	507	566
9	0	3	181	653	689
9	2	2	182	743	804
9	2	2	183	1077	1133
9	4	0	184	1275	1363
9	0	3	185	1366	1405
9	4	0	186	1466	1543
9	2	2	187	1609	1651
9	1	3	188	1753	1785
9	0	3	189	1925	1969
9	0	0	190	2115	2192
9	3	1	191	2463	2540
9	2	2	192	2543	2612
9	2	2	193	2612	2687
9	1	1	194	2785	2812
9	0	0	195	2826	2877


Solution History:
