This is the output of Heuristic Solver for Dual resource constrained flexible job shop Scheduling Problem.
Input file is: Dauzere_12a.txt
Method: FaFM_30_50_600
Seed: 4
Number of Jobs: 15
Number of Operations: 293
Number of Machines: 8
Number of Operators: 6
CPU Time: 223.007
obj: 2832
Best found lower bound:0
Solver gap (best found lower bound and upper bound difference): Not known


Final Solution:
Job	Machine	Operator	Operation	Start Time	Finish Time
0	1	1	0	0	27
0	4	5	1	154	217
0	1	1	2	266	304
0	0	0	3	537	620
0	1	1	4	654	683
0	3	2	5	877	945
0	4	5	6	1116	1151
0	0	0	7	1211	1227
0	4	0	8	1322	1387
0	5	2	9	1411	1496
0	7	4	10	1544	1582
0	2	3	11	1899	1996
0	6	4	12	2201	2264
0	4	0	13	2322	2368
0	2	3	14	2700	2787
1	0	0	15	93	166
1	1	1	16	174	207
1	3	2	17	399	494
1	0	0	18	514	537
1	7	5	19	593	616
1	5	2	20	687	773
1	1	1	21	855	877
1	2	3	22	1002	1073
1	0	0	23	1102	1141
1	6	4	24	1223	1290
1	4	0	25	1387	1437
1	4	5	26	1504	1557
1	5	2	27	1708	1748
1	3	1	28	1851	1903
1	1	1	29	1916	1987
1	5	4	30	2025	2096
1	5	2	31	2142	2219
1	7	5	32	2401	2486
1	2	3	33	2486	2527
1	5	2	34	2616	2710
2	7	5	35	0	71
2	2	3	36	102	129
2	1	1	37	304	395
2	0	0	38	438	514
2	6	4	39	565	611
2	4	0	40	620	679
2	2	3	41	742	795
2	2	3	42	795	834
2	4	0	43	1008	1102
2	1	1	44	1281	1320
2	5	2	45	1353	1411
2	4	5	46	1575	1641
2	3	2	47	1645	1708
2	4	0	48	1799	1855
2	6	4	49	1882	1917
2	0	2	50	1920	1948
2	0	0	51	1981	2024
2	3	2	52	2068	2142
2	3	1	53	2176	2251
2	7	5	54	2328	2401
2	0	0	55	2621	2688
2	7	5	56	2691	2737
2	7	5	57	2773	2831
3	6	4	58	33	95
3	3	2	59	277	347
3	2	3	60	485	576
3	5	2	61	580	611
3	4	5	62	711	781
3	0	0	63	799	831
3	0	0	64	831	895
3	6	4	65	1290	1325
3	2	3	66	1401	1495
3	6	3	67	1563	1592
3	7	5	68	1641	1719
3	5	2	69	1748	1790
3	0	2	70	1858	1920
3	7	5	71	2068	2162
3	4	0	72	2368	2440
3	6	4	73	2454	2539
3	5	2	74	2572	2616
3	2	3	75	2616	2653
4	2	3	76	53	102
4	7	4	77	165	249
4	0	0	78	249	293
4	6	4	79	338	418
4	2	3	80	612	655
4	2	3	81	655	742
4	4	5	82	781	851
4	5	4	83	930	1027
4	5	4	84	1172	1223
4	1	1	85	1253	1281
4	1	3	86	1342	1401
4	1	1	87	1468	1558
4	3	2	88	1577	1645
4	0	0	89	1669	1732
4	7	5	90	1969	2068
4	2	3	91	2078	2123
4	6	4	92	2264	2358
4	0	2	93	2396	2465
4	2	3	94	2527	2614
4	4	5	95	2625	2691
4	0	0	96	2721	2742
5	6	4	97	0	33
5	4	0	98	60	93
5	1	1	99	94	116
5	7	4	100	473	565
5	2	3	101	912	1002
5	3	2	102	1082	1146
5	3	2	103	1283	1304
5	7	5	104	1337	1424
5	1	1	105	1603	1638
5	2	3	106	1736	1807
5	1	1	107	2127	2176
5	5	2	108	2219	2311
5	1	3	109	2343	2369
5	7	5	110	2486	2523
5	6	4	111	2651	2739
6	3	2	112	107	182
6	0	0	113	293	386
6	0	0	114	386	438
6	4	5	115	534	577
6	0	0	116	701	750
6	6	4	117	750	817
6	6	4	118	817	873
6	1	1	119	1160	1253
6	0	0	120	1599	1669
6	6	4	121	1803	1882
6	3	1	122	1903	1916
6	1	1	123	1987	2021
6	6	4	124	2142	2201
6	3	1	125	2381	2433
6	4	0	126	2440	2460
6	4	0	127	2460	2513
6	1	1	128	2740	2828
7	3	2	129	0	54
7	0	0	130	166	237
7	3	2	131	243	277
7	3	2	132	347	399
7	6	4	133	418	473
7	4	5	134	496	534
7	1	1	135	576	654
7	5	2	136	773	807
7	3	2	137	807	877
7	0	0	138	1141	1211
7	7	5	139	1211	1252
7	2	3	140	1267	1283
7	6	4	141	1325	1362
7	1	1	142	1558	1603
7	2	3	143	1608	1701
7	0	0	144	1732	1797
7	6	4	145	1917	1959
7	6	4	146	1959	2025
7	1	1	147	2025	2055
7	0	0	148	2110	2139
7	5	2	149	2311	2378
7	5	3	150	2423	2482
7	7	5	151	2523	2588
7	0	0	152	2688	2721
7	2	3	153	2787	2829
8	7	5	154	71	154
8	4	5	155	217	261
8	7	5	156	261	350
8	1	1	157	484	540
8	3	2	158	611	687
8	1	1	159	687	719
8	5	3	160	834	912
8	1	1	161	971	1014
8	1	1	162	1014	1093
8	3	2	163	1146	1188
8	2	3	164	1245	1267
8	0	0	165	1437	1505
8	0	0	166	1505	1599
8	2	3	167	1701	1718
8	6	4	168	1764	1803
8	2	3	169	1807	1899
8	2	3	170	1996	2078
8	5	4	171	2096	2142
8	4	5	172	2203	2287
8	7	5	173	2287	2328
8	1	1	174	2433	2486
8	6	4	175	2560	2620
8	6	4	176	2620	2651
9	1	1	177	27	94
9	1	1	178	207	266
9	1	1	179	395	484
9	3	1	180	540	576
9	7	5	181	903	982
9	7	5	182	982	1025
9	5	4	183	1027	1060
9	3	2	184	1188	1230
9	7	5	185	1252	1337
9	2	3	186	1495	1563
9	1	1	187	1638	1705
9	3	1	188	1774	1851
9	5	2	189	1948	1975
9	1	1	190	2055	2102
9	1	1	191	2102	2127
9	2	3	192	2228	2271
9	6	4	193	2358	2385
9	1	1	194	2486	2557
9	0	0	195	2742	2832
10	0	0	196	0	60
10	5	4	197	249	338
10	7	5	198	380	435
10	6	4	199	659	744
10	1	1	200	796	855
10	6	4	201	873	930
10	7	5	202	1025	1116
10	0	2	203	1230	1283
10	3	1	204	1320	1401
10	3	1	205	1401	1468
10	5	4	206	1503	1544
10	7	5	207	1873	1969
10	3	2	208	1975	2068
10	4	5	209	2162	2203
10	1	3	210	2271	2343
10	0	2	211	2378	2396
10	0	0	212	2561	2621
10	3	1	213	2642	2667
10	3	2	214	2762	2825
11	0	2	215	60	83
11	6	3	216	182	266
11	2	3	217	339	369
11	5	2	218	494	580
11	0	0	219	750	799
11	4	5	220	851	903
11	1	1	221	908	971
11	0	0	222	986	1008
11	1	1	223	1093	1160
11	2	3	224	1180	1245
11	0	2	225	1304	1353
11	5	4	226	1582	1630
11	5	4	227	1630	1670
11	2	3	228	1718	1736
11	4	0	229	1900	1981
11	2	3	230	2212	2228
11	3	1	231	2251	2349
11	3	1	232	2349	2381
11	1	1	233	2557	2642
11	1	1	234	2667	2700
11	1	1	235	2700	2740
12	5	3	236	0	53
12	1	1	237	116	174
12	5	2	238	182	243
12	4	5	239	435	496
12	2	3	240	576	612
12	0	0	241	895	986
12	2	3	242	1073	1160
12	4	5	243	1160	1207
12	4	0	244	1260	1322
12	3	2	245	1496	1577
12	6	4	246	1670	1764
12	4	0	247	2024	2110
12	2	3	248	2123	2212
12	0	0	249	2254	2322
12	6	4	250	2539	2560
12	5	4	251	2739	2832
13	6	4	252	95	165
13	5	3	253	369	443
13	7	5	254	616	711
13	3	2	255	945	994
13	6	4	256	1060	1115
13	5	4	257	1115	1172
13	4	0	258	1227	1260
13	6	4	259	1414	1503
13	4	5	260	1557	1575
13	2	3	261	1592	1608
13	1	1	262	1705	1774
13	0	2	263	1797	1858
13	4	0	264	1858	1900
13	6	4	265	2385	2454
13	5	2	266	2495	2572
13	3	2	267	2710	2762
14	5	2	268	83	107
14	2	3	269	129	182
14	2	3	270	266	339
14	4	5	271	350	380
14	2	3	272	443	485
14	4	5	273	577	593
14	6	4	274	611	659
14	0	0	275	679	701
14	3	1	276	719	796
14	1	1	277	877	908
14	3	2	278	994	1082
14	6	3	279	1160	1180
14	5	3	280	1283	1342
14	6	4	281	1362	1414
14	7	5	282	1424	1504
14	4	5	283	1719	1799
14	7	5	284	1799	1873
14	0	0	285	2139	2222
14	0	0	286	2222	2254
14	2	3	287	2369	2423
14	3	2	288	2465	2495
14	4	0	289	2513	2561
14	7	5	290	2588	2625
14	2	3	291	2653	2700
14	7	5	292	2737	2773


Solution History:
