This is the output of Heuristic Solver for Dual resource constrained flexible job shop Scheduling Problem.
Input file is: Dauzere_06a.txt
Method: FaFM_30_50_600
Seed: 4
Number of Jobs: 10
Number of Operations: 196
Number of Machines: 5
Number of Operators: 4
CPU Time: 189.943
obj: 2932
Best found lower bound:0
Solver gap (best found lower bound and upper bound difference): Not known


Final Solution:
Job	Machine	Operator	Operation	Start Time	Finish Time
0	1	1	0	39	78
0	2	2	1	154	223
0	2	0	2	457	488
0	3	1	3	508	529
0	4	0	4	767	858
0	4	3	5	978	1010
0	1	1	6	1046	1114
0	2	2	7	1399	1432
0	3	1	8	1605	1691
0	1	1	9	1790	1816
0	2	2	10	1858	1924
0	4	0	11	2166	2204
0	4	3	12	2488	2507
0	0	0	13	2517	2580
0	3	2	14	2654	2748
1	1	1	15	0	39
1	0	0	16	147	234
1	4	0	17	304	367
1	0	3	18	523	575
1	2	2	19	679	773
1	1	1	20	942	1016
1	0	0	21	1030	1063
1	2	0	22	1111	1205
1	1	3	23	1317	1329
1	0	3	24	1465	1493
1	4	0	25	1604	1693
1	2	2	26	1765	1787
1	2	2	27	2078	2157
1	1	3	28	2192	2232
1	1	3	29	2368	2432
1	4	3	30	2432	2488
1	3	2	31	2496	2558
1	0	0	32	2611	2656
1	2	0	33	2656	2701
1	1	1	34	2866	2932
2	3	2	35	0	75
2	1	1	36	182	255
2	2	2	37	337	422
2	1	1	38	460	508
2	1	3	39	709	801
2	4	0	40	858	929
2	3	1	41	1016	1046
2	4	3	42	1088	1179
2	4	0	43	1205	1276
2	1	1	44	1554	1604
2	1	1	45	1691	1759
2	0	0	46	1804	1856
2	1	3	47	1870	1910
2	4	3	48	1910	1997
2	1	1	49	1997	2037
2	4	0	50	2084	2149
2	2	2	51	2230	2306
2	0	0	52	2348	2412
2	2	2	53	2419	2475
2	4	3	54	2535	2569
2	0	0	55	2580	2611
2	4	3	56	2624	2664
2	3	2	57	2860	2931
3	4	0	58	68	147
3	2	2	59	267	337
3	4	0	60	488	552
3	0	0	61	575	620
3	4	0	62	678	734
3	3	2	63	925	990
3	2	2	64	1000	1071
3	2	2	65	1224	1319
3	3	1	66	1320	1357
3	1	1	67	1490	1554
3	4	3	68	1707	1731
3	0	0	69	1944	2007
3	1	3	70	2066	2105
3	3	1	71	2212	2303
3	0	0	72	2479	2517
3	1	1	73	2661	2737
3	2	0	74	2772	2814
3	2	0	75	2814	2879
4	3	1	76	78	169
4	3	1	77	267	333
4	0	0	78	367	457
4	2	2	79	488	534
4	2	2	80	585	628
4	4	0	81	628	678
4	0	3	82	880	978
4	3	2	83	1071	1118
4	0	3	84	1236	1317
4	3	1	85	1357	1397
4	1	1	86	1397	1490
4	3	2	87	1542	1605
4	0	0	88	1707	1804
4	3	1	89	1859	1908
4	3	2	90	1997	2032
4	0	0	91	2204	2272
4	1	3	92	2272	2368
4	0	0	93	2412	2479
4	0	3	94	2664	2728
4	0	3	95	2728	2826
4	0	3	96	2826	2871
5	4	3	97	182	281
5	1	1	98	383	460
5	3	1	99	723	810
5	2	0	100	929	1000
5	3	2	101	1118	1146
5	1	1	102	1171	1200
5	1	1	103	1200	1235
5	2	0	104	1475	1509
5	2	0	105	1509	1604
5	0	0	106	1856	1944
5	4	3	107	1997	2066
5	0	0	108	2149	2166
5	3	1	109	2303	2385
5	3	1	110	2385	2431
5	2	0	111	2701	2772
6	3	2	112	223	267
6	1	3	113	281	380
6	3	2	114	459	486
6	3	1	115	623	664
6	3	2	116	834	925
6	4	3	117	1010	1088
6	3	1	118	1235	1320
6	0	3	119	1329	1379
6	0	3	120	1379	1416
6	3	2	121	1432	1485
6	3	2	122	1485	1542
6	0	3	123	1649	1707
6	4	3	124	1731	1824
6	2	2	125	2157	2230
6	4	0	126	2272	2348
6	3	2	127	2475	2496
6	1	1	128	2737	2777
7	2	0	129	0	66
7	0	3	130	68	123
7	4	3	131	380	403
7	0	3	132	464	523
7	3	1	133	529	623
7	2	2	134	628	679
7	0	3	135	801	880
7	0	0	136	1000	1030
7	0	0	137	1063	1111
7	0	3	138	1179	1236
7	4	0	139	1439	1475
7	0	3	140	1573	1649
7	3	2	141	1721	1765
7	2	2	142	1787	1858
7	2	2	143	1924	1994
7	2	2	144	2032	2078
7	1	3	145	2105	2127
7	1	3	146	2127	2161
7	2	2	147	2375	2419
7	1	1	148	2509	2597
7	1	1	149	2597	2661
7	3	2	150	2748	2789
7	3	2	151	2789	2860
7	4	3	152	2871	2898
7	4	3	153	2898	2928
8	4	3	154	0	68
8	1	3	155	123	182
8	0	0	156	234	304
8	3	2	157	422	459
8	2	2	158	534	585
8	1	3	159	585	662
8	0	3	160	662	709
8	1	1	161	810	891
8	1	1	162	891	942
8	3	2	163	1146	1224
8	4	0	164	1276	1312
8	2	2	165	1319	1399
8	0	3	166	1416	1465
8	2	2	167	1647	1721
8	4	3	168	1824	1870
8	1	1	169	1910	1935
8	3	1	170	1935	1997
8	3	1	171	2037	2135
8	0	3	172	2166	2192
8	4	3	173	2232	2272
8	3	2	174	2558	2654
8	1	1	175	2777	2866
8	0	0	176	2879	2929
9	2	2	177	75	154
9	3	1	178	333	383
9	4	3	179	403	464
9	3	1	180	664	723
9	0	0	181	734	767
9	2	2	182	773	834
9	1	1	183	1114	1171
9	4	0	184	1312	1400
9	4	0	185	1400	1439
9	4	3	186	1493	1573
9	2	2	187	1605	1647
9	1	1	188	1759	1790
9	3	1	189	1816	1859
9	0	0	190	2007	2084
9	3	1	191	2135	2212
9	2	2	192	2306	2375
9	1	1	193	2432	2509
9	4	3	194	2509	2535
9	4	3	195	2569	2624


Solution History:
