This is the output of Heuristic Solver for Dual resource constrained flexible job shop Scheduling Problem.
Input file is: Mk04.txt
Method: FaFM_30_50_600
Seed: 5
Number of Jobs: 15
Number of Operations: 90
Number of Machines: 8
Number of Operators: 6
CPU Time: 52.943
obj: 100
Best found lower bound:0
Solver gap (best found lower bound and upper bound difference): Not known


Final Solution:
Job	Machine	Operator	Operation	Start Time	Finish Time
0	0	0	0	6	12
0	0	0	1	12	18
0	5	4	2	18	27
0	3	1	3	46	51
0	7	5	4	66	77
0	2	3	5	84	86
0	5	2	6	89	99
0	5	2	7	99	100
1	5	2	8	5	12
1	5	2	9	12	13
1	0	0	10	39	45
1	5	2	11	55	68
1	1	1	12	79	82
1	5	2	13	83	85
1	6	3	14	98	100
2	5	2	15	0	1
2	2	3	16	2	4
2	2	3	17	4	6
2	3	1	18	12	21
2	2	3	19	71	84
2	3	1	20	88	95
3	6	3	21	0	2
3	0	0	22	27	33
3	6	4	23	36	46
3	2	3	24	47	48
3	3	2	25	76	83
4	6	4	26	2	6
4	6	3	27	18	27
4	3	2	28	27	37
4	7	5	29	39	50
4	0	0	30	61	75
4	1	1	31	82	88
4	4	5	32	89	100
5	5	2	33	1	3
5	2	3	34	6	7
5	6	4	35	7	12
5	5	2	36	14	15
5	4	0	37	45	55
5	2	3	38	55	71
5	0	0	39	75	85
5	5	2	40	85	89
5	0	0	41	94	100
6	4	5	42	0	11
6	2	3	43	11	18
6	5	4	44	46	48
6	5	4	45	48	51
6	2	3	46	86	90
7	3	1	47	2	7
7	4	5	48	11	17
7	1	1	49	21	30
7	5	4	50	31	36
7	5	2	51	37	45
7	6	4	52	65	77
8	0	0	53	0	6
8	0	2	54	18	27
8	2	3	55	27	35
8	7	4	56	51	60
8	3	1	57	60	68
8	5	2	58	68	72
8	6	4	59	77	81
8	2	3	60	90	97
8	1	1	61	97	100
9	4	5	62	30	39
9	0	2	63	45	55
9	6	4	64	60	65
9	3	1	65	68	76
9	6	4	66	81	92
10	7	5	67	17	30
10	0	0	68	55	61
10	1	1	69	76	79
10	3	1	70	95	97
11	3	1	71	0	2
11	5	4	72	15	18
11	0	0	73	33	39
11	2	3	74	48	55
11	7	5	75	77	89
11	6	4	76	92	98
12	5	2	77	3	5
12	2	3	78	7	11
12	5	2	79	13	14
12	4	5	80	55	66
13	4	0	81	18	23
13	5	4	82	27	31
13	3	1	83	37	46
14	3	1	84	7	12
14	6	4	85	12	15
14	2	3	86	35	47
14	1	1	87	51	54
14	3	1	88	54	58
14	0	0	89	85	94


Solution History:
