This is the output of Heuristic Solver for Dual resource constrained flexible job shop Scheduling Problem.
Input file is: Mk05.txt
Method: FaFM_30_50_600
Seed: 5
Number of Jobs: 15
Number of Operations: 106
Number of Machines: 4
Number of Operators: 3
CPU Time: 71.8452
obj: 302
Best found lower bound:0
Solver gap (best found lower bound and upper bound difference): Not known


Final Solution:
Job	Machine	Operator	Operation	Start Time	Finish Time
0	2	0	0	0	5
0	0	0	1	78	86
0	1	2	2	113	122
0	2	0	3	127	137
0	1	2	4	140	148
0	0	0	5	170	175
1	2	0	6	59	69
1	1	1	7	214	219
1	3	1	8	264	274
1	3	0	9	276	281
1	1	1	10	290	296
2	2	0	11	21	36
2	2	0	12	36	41
2	0	0	13	190	195
2	0	0	14	195	203
2	1	1	15	203	208
2	3	0	16	208	214
2	1	1	17	241	247
2	2	2	18	279	291
3	3	1	19	0	9
3	3	1	20	64	74
3	0	0	21	146	154
3	3	0	22	162	170
3	1	1	23	174	180
3	3	0	24	203	208
3	3	1	25	256	264
4	0	2	26	7	14
4	3	0	27	95	101
4	3	1	28	112	125
4	2	2	29	171	181
4	2	2	30	193	204
4	1	1	31	247	256
5	3	1	32	18	28
5	1	1	33	95	101
5	2	0	34	108	116
5	0	2	35	131	140
5	3	0	36	175	181
5	3	1	37	192	203
5	1	2	38	223	235
5	0	2	39	250	261
5	0	2	40	271	279
6	2	0	41	5	13
6	3	1	42	36	49
6	1	1	43	49	54
6	1	1	44	54	64
6	2	2	45	204	213
7	0	2	46	0	7
7	2	0	47	13	21
7	3	1	48	28	36
7	0	2	49	104	113
7	2	2	50	158	171
7	3	1	51	219	233
7	2	0	52	267	276
7	1	1	53	285	290
8	2	0	54	46	51
8	3	1	55	74	88
8	1	1	56	106	112
8	1	2	57	122	131
8	3	1	58	134	143
8	0	2	59	213	223
8	0	0	60	236	244
8	1	1	61	279	285
8	2	0	62	295	302
9	1	2	63	33	43
9	0	2	64	60	71
9	0	2	65	94	104
9	2	0	66	137	146
9	1	1	67	162	167
9	2	0	68	214	222
9	2	0	69	229	236
9	3	0	70	289	295
9	1	1	71	296	302
10	1	2	72	23	33
10	0	0	73	86	94
10	1	1	74	101	106
10	2	2	75	148	158
10	3	0	76	244	250
10	2	0	77	250	258
10	2	0	78	258	267
11	3	0	79	51	59
11	2	2	80	80	93
11	3	0	81	101	108
11	1	1	82	180	192
11	2	2	83	236	250
11	0	0	84	281	289
12	3	1	85	9	18
12	2	0	86	69	78
12	3	1	87	153	162
12	1	1	88	167	174
12	3	0	89	181	190
12	1	1	90	208	214
12	0	2	91	291	302
13	1	2	92	14	23
13	0	0	93	41	46
13	0	2	94	46	60
13	1	2	95	71	80
13	3	1	96	88	95
13	3	1	97	125	134
13	3	1	98	143	153
14	2	0	99	116	127
14	0	0	100	154	162
14	2	2	101	181	193
14	2	0	102	222	229
14	3	1	103	233	241
14	1	2	104	261	271
14	1	1	105	274	279


Solution History:
