This is the output of Heuristic Solver for Dual resource constrained flexible job shop Scheduling Problem.
Input file is: Mk09.txt
Method: FaFM_30_50_600
Seed: 4
Number of Jobs: 20
Number of Operations: 240
Number of Machines: 10
Number of Operators: 6
CPU Time: 403.225
obj: 474
Best found lower bound:0
Solver gap (best found lower bound and upper bound difference): Not known


Final Solution:
Job	Machine	Operator	Operation	Start Time	Finish Time
0	1	5	0	66	77
0	7	2	1	144	161
0	7	5	2	161	179
0	0	3	3	179	192
0	1	5	4	196	214
0	8	1	5	236	242
0	6	4	6	318	330
0	0	3	7	356	364
0	8	3	8	404	419
0	3	1	9	434	450
0	1	5	10	451	457
0	3	5	11	457	465
1	7	2	12	57	74
1	4	0	13	87	93
1	1	1	14	95	105
1	7	2	15	111	119
1	2	0	16	151	162
1	0	3	17	168	177
1	6	4	18	187	198
1	0	3	19	228	239
1	6	4	20	241	253
1	0	0	21	276	286
1	2	0	22	292	303
1	3	1	23	411	427
1	6	3	24	451	462
2	5	4	25	19	32
2	4	4	26	42	53
2	1	1	27	79	95
2	0	3	28	107	124
2	6	4	29	167	178
2	3	5	30	243	262
2	0	0	31	266	276
2	0	3	32	301	315
2	4	0	33	337	343
2	2	0	34	376	387
2	2	2	35	445	463
3	5	4	36	0	12
3	0	3	37	26	36
3	0	3	38	95	107
3	7	2	39	182	199
3	3	5	40	226	243
3	7	2	41	253	270
3	3	5	42	342	352
3	9	2	43	366	372
3	2	2	44	407	424
3	6	3	45	430	442
3	0	3	46	462	474
4	7	2	47	0	17
4	3	5	48	36	54
4	4	4	49	72	85
4	4	4	50	134	145
4	3	5	51	150	160
4	9	2	52	161	182
4	6	3	53	211	216
4	7	2	54	287	301
4	4	0	55	303	316
4	1	1	56	317	322
4	3	5	57	360	368
4	7	2	58	372	383
4	0	3	59	385	395
4	0	0	60	432	439
5	6	3	61	13	26
5	1	1	62	34	50
5	0	3	63	124	138
5	2	0	64	176	193
5	4	4	65	208	219
5	6	4	66	307	318
5	7	2	67	335	352
5	7	2	68	352	366
5	1	1	69	366	371
5	6	4	70	374	382
5	0	0	71	446	452
6	7	2	72	17	37
6	7	2	73	74	91
6	4	0	74	93	102
6	3	5	75	179	196
6	0	0	76	202	212
6	1	1	77	226	231
6	1	1	78	242	250
6	4	0	79	250	256
6	3	5	80	270	279
6	0	0	81	286	292
6	5	4	82	330	351
6	6	4	83	363	374
6	3	1	84	450	457
6	1	1	85	457	473
7	0	3	86	0	13
7	4	4	87	13	19
7	4	4	88	32	42
7	3	5	89	54	66
7	8	1	90	144	155
7	1	1	91	155	167
7	6	4	92	178	187
7	1	1	93	188	193
7	1	1	94	263	278
7	3	5	95	279	286
7	0	3	96	330	343
7	3	5	97	352	360
7	4	4	98	424	434
8	7	5	99	91	111
8	1	1	100	118	123
8	0	3	101	143	159
8	3	1	102	203	219
8	4	4	103	219	228
8	6	4	104	228	241
8	1	1	105	255	263
8	8	3	106	271	284
8	8	3	107	284	294
8	1	5	108	392	406
8	7	2	109	463	474
9	3	5	110	11	28
9	0	3	111	58	65
9	2	0	112	70	87
9	1	5	113	214	223
9	8	3	114	242	256
9	3	5	115	262	270
9	4	4	116	272	282
9	3	5	117	286	296
9	0	3	118	343	356
9	2	0	119	365	376
9	5	4	120	382	394
9	0	0	121	422	432
10	8	1	122	7	18
10	4	0	123	23	32
10	5	4	124	85	99
10	3	5	125	111	128
10	0	0	126	222	228
10	4	4	127	262	272
10	6	4	128	294	307
10	2	0	129	316	337
10	0	0	130	412	422
10	3	1	131	427	434
11	4	0	132	0	5
11	0	3	133	48	58
11	3	2	134	91	111
11	8	1	135	123	132
11	6	3	136	138	143
11	6	4	137	198	208
11	1	1	138	305	317
11	7	2	139	321	335
11	3	1	140	389	395
11	4	4	141	395	405
11	9	2	142	424	445
12	1	1	143	26	34
12	2	0	144	49	70
12	8	1	145	132	144
12	4	4	146	157	167
12	1	1	147	167	175
12	3	1	148	196	203
12	1	1	149	278	291
12	7	2	150	301	321
12	0	3	151	364	374
12	0	3	152	374	385
12	6	3	153	442	451
13	4	0	154	5	13
13	0	3	155	36	48
13	9	2	156	119	144
13	1	1	157	175	188
13	6	3	158	261	266
13	0	3	159	294	301
13	3	5	160	324	342
13	3	1	161	382	389
13	6	3	162	395	404
13	2	0	163	463	474
14	0	0	164	13	23
14	3	5	165	77	90
14	1	1	166	105	110
14	1	1	167	110	118
14	4	4	168	126	134
14	8	3	169	216	224
14	1	1	170	250	255
14	4	4	171	256	262
14	3	5	172	305	324
14	2	0	173	343	354
14	0	0	174	401	412
14	6	3	175	419	430
15	7	2	176	37	57
15	0	3	177	65	75
15	2	0	178	102	123
15	8	3	179	201	211
15	7	2	180	219	236
15	6	3	181	256	261
15	6	4	182	282	294
15	1	5	183	296	305
15	5	4	184	351	363
15	1	5	185	376	392
15	3	1	186	395	411
15	4	4	187	413	424
15	0	0	188	439	446
15	9	5	189	465	472
16	1	1	190	18	26
16	8	1	191	61	79
16	6	4	192	111	126
16	7	2	193	199	219
16	4	0	194	239	244
16	4	0	195	244	250
16	0	0	196	256	266
16	6	3	197	266	271
16	0	3	198	315	330
16	1	1	199	337	360
16	3	5	200	368	376
16	2	0	201	387	401
16	0	0	202	452	462
17	1	5	203	0	11
17	3	5	204	28	36
17	4	4	205	53	63
17	4	4	206	63	72
17	2	0	207	137	151
17	4	0	208	228	239
17	8	1	209	371	382
17	1	5	210	406	422
17	1	5	211	422	431
17	7	5	212	431	451
17	4	4	213	451	469
18	2	0	214	32	49
18	0	3	215	80	95
18	6	4	216	99	111
18	1	5	217	128	150
18	2	0	218	162	176
18	0	3	219	192	201
18	3	1	220	219	226
18	1	1	221	231	236
18	9	2	222	236	242
18	7	2	223	242	253
18	1	1	224	291	296
18	6	4	225	405	413
18	4	4	226	434	446
19	3	1	227	0	7
19	1	1	228	50	61
19	6	3	229	75	80
19	2	0	230	123	137
19	4	4	231	145	157
19	0	3	232	159	168
19	4	0	233	193	202
19	0	0	234	212	222
19	7	2	235	270	287
19	8	1	236	296	305
19	1	1	237	322	337
19	2	0	238	354	365
19	9	2	239	383	407


Solution History:
