This is the output of Heuristic Solver for Dual resource constrained flexible job shop Scheduling Problem.
Input file is: wfjsp22_1.txt
Method: FaFM_30_50_600
Seed: 2
Number of Jobs: 30
Number of Operations: 215
Number of Machines: 15
Number of Operators: 12
CPU Time: 258.192
obj: 899
Best found lower bound:0
Solver gap (best found lower bound and upper bound difference): Not known


Final Solution:
Job	Machine	Operator	Operation	Start Time	Finish Time
0	11	3	0	52	122
0	4	7	1	371	396
0	6	10	2	577	623
0	3	1	3	726	821
0	9	8	4	821	897
1	7	10	5	91	152
1	14	1	6	157	234
1	10	3	7	343	376
1	5	10	8	379	418
1	0	7	9	455	490
1	11	0	10	490	502
1	10	0	11	502	518
1	1	0	12	667	683
1	1	11	13	834	886
2	12	11	14	90	146
2	0	8	15	161	206
2	1	8	16	343	366
2	8	11	17	378	387
2	0	7	18	396	455
2	8	6	19	459	499
2	11	7	20	508	600
3	12	7	21	0	89
3	10	7	22	182	227
3	5	11	23	294	378
3	12	3	24	378	392
3	11	11	25	689	723
3	14	11	26	723	744
4	10	0	27	0	23
4	14	1	28	91	140
4	3	1	29	295	376
4	12	3	30	413	450
4	2	10	31	506	575
4	13	3	32	591	669
4	13	6	33	670	714
5	14	3	34	41	52
5	2	8	35	73	114
5	3	8	36	114	138
5	1	4	37	198	232
5	7	4	38	232	300
5	4	6	39	572	627
5	12	7	40	629	662
5	0	9	41	701	784
5	1	11	42	807	834
6	13	10	43	0	54
6	4	5	44	79	92
6	5	0	45	114	128
6	8	9	46	144	223
6	13	5	47	331	341
6	1	8	48	366	374
6	8	9	49	499	536
6	10	4	50	783	865
7	14	1	51	140	157
7	1	8	52	232	287
7	2	3	53	450	506
7	12	8	54	535	574
7	11	3	55	783	824
8	3	11	56	0	90
8	6	2	57	96	140
8	9	5	58	168	251
8	8	11	59	387	441
8	6	1	60	552	577
8	7	3	61	727	783
9	6	9	62	56	75
9	0	9	63	75	118
9	4	6	64	131	214
9	12	7	65	227	257
9	9	5	66	412	430
9	9	1	67	430	477
9	1	0	68	518	568
9	3	8	69	649	710
9	13	0	70	848	893
10	13	6	71	105	131
10	7	4	72	161	198
10	13	3	73	228	267
10	11	10	74	276	314
10	9	1	75	477	525
10	3	8	76	577	649
10	12	7	77	743	815
11	2	3	78	122	202
11	5	11	79	204	294
11	10	6	80	376	448
11	13	5	81	449	488
11	10	4	82	584	601
11	5	4	83	683	702
11	5	0	84	757	766
12	8	9	85	223	302
12	14	2	86	314	352
12	13	10	87	352	379
12	4	3	88	396	413
12	9	2	89	538	571
12	0	2	90	571	624
12	9	5	91	647	660
12	7	2	92	668	724
13	8	6	93	0	69
13	5	2	94	76	96
13	8	9	95	118	144
13	2	0	96	256	310
13	10	6	97	448	459
13	3	5	98	496	577
13	9	5	99	577	647
13	11	6	100	723	779
13	14	7	101	819	860
14	7	4	102	0	87
14	6	10	103	152	237
14	0	10	104	237	276
14	1	8	105	374	431
14	4	5	106	431	449
14	14	11	107	644	689
14	9	5	108	723	734
15	11	0	109	128	208
15	1	8	110	287	343
15	9	5	111	343	412
15	7	4	112	434	456
15	3	9	113	474	496
15	4	6	114	499	572
15	8	0	115	572	593
15	2	4	116	702	783
15	0	9	117	784	872
16	6	3	118	0	12
16	11	3	119	12	41
16	8	0	120	77	96
16	6	6	121	237	320
16	3	0	122	376	423
16	2	1	123	577	654
16	5	0	124	703	757
16	6	6	125	779	818
16	8	3	126	824	861
16	4	5	127	861	897
17	9	1	128	53	80
17	10	7	129	89	182
17	13	3	130	202	228
17	1	0	131	645	667
17	3	2	132	861	898
18	14	9	133	0	15
18	2	8	134	28	73
18	12	3	135	267	343
18	11	0	136	431	489
18	13	4	137	491	529
18	5	9	138	536	626
18	5	10	139	626	665
18	4	7	140	665	741
18	13	0	141	766	848
18	5	7	142	860	899
19	3	2	143	157	234
19	4	7	144	295	371
19	14	1	145	376	429
19	7	4	146	456	491
19	7	4	147	529	584
19	12	10	148	665	743
19	14	10	149	744	819
20	13	6	150	69	105
20	5	11	151	146	204
20	8	6	152	320	376
20	10	3	153	518	574
20	1	0	154	593	645
21	14	10	155	54	91
21	9	4	156	300	343
21	5	10	157	418	493
21	8	1	158	683	726
21	9	5	159	734	795
22	5	2	160	0	76
22	1	4	161	87	161
22	0	6	162	214	236
22	12	3	163	574	591
22	6	6	164	818	858
23	8	0	165	96	114
23	3	2	166	140	157
23	4	1	167	234	295
23	11	10	168	314	351
23	2	1	169	654	678
23	2	2	170	783	858
24	9	5	171	92	168
24	3	5	172	251	272
24	2	0	173	310	359
24	2	2	174	359	436
24	12	11	175	450	535
24	11	7	176	600	629
24	11	6	177	629	670
24	5	11	178	768	807
25	6	9	179	15	56
25	10	2	180	234	314
25	7	9	181	389	434
25	6	2	182	436	514
25	14	1	183	525	552
25	0	9	184	626	701
25	8	8	185	726	816
25	3	1	186	821	861
25	12	3	187	861	880
26	9	1	188	0	53
26	14	7	189	257	291
26	7	9	190	302	389
26	14	9	191	434	474
26	6	2	192	514	538
26	6	2	193	624	668
26	4	5	194	795	855
27	1	8	195	431	516
27	7	8	196	516	527
27	14	11	197	552	644
27	9	5	198	660	723
27	10	2	199	724	779
27	6	6	200	858	894
28	4	5	201	0	79
28	2	0	202	208	256
28	6	3	203	669	727
28	4	11	204	744	768
28	11	10	205	824	899
29	0	8	206	0	28
29	1	0	207	28	77
29	13	8	208	138	161
29	13	5	209	272	331
29	0	4	210	343	361
29	11	4	211	361	431
29	0	7	212	490	508
29	8	4	213	601	683
29	10	0	214	683	703


Solution History:
