This is the output of Heuristic Solver for Dual resource constrained flexible job shop Scheduling Problem.
Input file is: wfjsp17_4.txt
Method: FaFM_30_50_600
Seed: 3
Number of Jobs: 15
Number of Operations: 137
Number of Machines: 5
Number of Operators: 4
CPU Time: 138.009
obj: 1674
Best found lower bound:0
Solver gap (best found lower bound and upper bound difference): Not known


Final Solution:
Job	Machine	Operator	Operation	Start Time	Finish Time
0	1	3	0	23	104
0	4	3	1	315	376
0	2	3	2	866	940
0	4	3	3	940	1002
0	2	3	4	1103	1193
0	2	3	5	1193	1224
0	0	1	6	1346	1389
0	0	1	7	1389	1402
0	3	1	8	1625	1674
1	4	1	9	0	23
1	4	1	10	199	214
1	1	0	11	428	463
1	1	0	12	522	589
1	3	1	13	630	655
1	4	1	14	802	875
1	3	1	15	916	991
1	2	2	16	1564	1625
1	4	2	17	1625	1674
2	0	0	18	0	32
2	2	2	19	120	137
2	0	2	20	211	258
2	3	1	21	456	531
2	0	1	22	531	541
2	4	1	23	655	718
2	0	0	24	902	975
2	2	0	25	975	985
2	4	2	26	1253	1324
2	3	0	27	1378	1450
3	3	2	28	0	81
3	3	2	29	329	378
3	0	2	30	574	668
3	0	0	31	776	842
3	3	1	32	991	1061
3	1	2	33	1065	1108
3	0	0	34	1127	1142
3	1	0	35	1450	1515
3	0	0	36	1609	1639
4	1	3	37	0	23
4	4	1	38	137	199
4	0	1	39	301	347
4	2	3	40	533	592
4	2	3	41	667	703
4	3	0	42	723	776
4	2	3	43	1224	1302
4	2	2	44	1324	1399
4	0	1	45	1436	1501
4	1	0	46	1515	1545
5	3	1	47	111	137
5	1	3	48	152	215
5	2	0	49	302	331
5	3	2	50	378	429
5	1	3	51	494	522
5	1	2	52	973	1065
5	3	1	53	1077	1117
5	3	1	54	1117	1132
5	0	1	55	1273	1303
6	3	1	56	214	288
6	3	1	57	288	301
6	1	2	58	766	840
6	1	2	59	862	906
6	0	0	60	1068	1127
6	3	1	61	1202	1242
6	0	1	62	1242	1273
6	1	3	63	1302	1316
7	3	2	64	186	211
7	0	1	65	403	456
7	2	0	66	463	522
7	3	1	67	541	580
7	1	0	68	692	723
7	2	3	69	1049	1103
7	1	0	70	1215	1277
7	0	1	71	1402	1436
7	3	1	72	1575	1625
8	2	0	73	196	274
8	1	2	74	286	329
8	2	3	75	522	533
8	1	0	76	622	692
8	0	2	77	717	766
8	3	2	78	840	862
8	2	2	79	1439	1527
8	1	3	80	1570	1631
9	4	3	81	215	268
9	0	1	82	347	403
9	0	2	83	543	574
9	4	1	84	718	802
9	4	2	85	1108	1132
9	3	0	86	1277	1308
9	1	3	87	1316	1356
9	0	0	88	1545	1609
9	1	3	89	1631	1674
10	3	1	90	85	111
10	0	2	91	258	286
10	1	0	92	359	428
10	0	2	93	460	514
10	2	3	94	779	821
10	2	3	95	821	866
10	0	0	96	1002	1068
10	3	1	97	1132	1202
10	0	1	98	1303	1346
11	4	1	99	72	85
11	1	3	100	104	152
11	2	3	101	376	404
11	4	2	102	514	543
11	3	1	103	580	630
11	0	0	104	985	1002
11	1	0	105	1142	1215
11	3	1	106	1501	1575
12	4	1	107	23	72
12	2	2	108	81	120
12	0	0	109	132	196
12	2	3	110	592	667
12	0	2	111	668	717
12	1	2	112	906	973
12	4	2	113	1171	1243
12	4	2	114	1243	1253
12	4	3	115	1356	1447
12	4	3	116	1522	1570
13	0	0	117	32	104
13	0	0	118	104	132
13	4	3	119	268	315
13	2	0	120	331	359
13	2	2	121	429	460
13	1	0	122	589	622
13	0	0	123	842	902
13	4	2	124	1132	1171
13	3	0	125	1308	1378
13	4	3	126	1447	1522
14	3	2	127	137	186
14	2	0	128	274	302
14	4	3	129	404	494
14	2	3	130	703	779
14	3	1	131	875	916
14	4	3	132	1002	1049
14	4	1	133	1061	1077
14	2	2	134	1399	1439
14	2	2	135	1527	1564
14	2	0	136	1639	1672


Solution History:
