This is the output of Heuristic Solver for Dual resource constrained flexible job shop Scheduling Problem.
Input file is: wfjsp20_7.txt
Method: FaFM_30_50_600
Seed: 2
Number of Jobs: 25
Number of Operations: 200
Number of Machines: 10
Number of Operators: 8
CPU Time: 312.35
obj: 1232
Best found lower bound:0
Solver gap (best found lower bound and upper bound difference): Not known


Final Solution:
Job	Machine	Operator	Operation	Start Time	Finish Time
0	1	0	0	54	139
0	3	2	1	169	182
0	1	5	2	322	358
0	0	1	3	707	802
0	2	1	4	802	827
0	5	3	5	921	961
0	3	4	6	986	1019
0	0	7	7	1071	1108
1	9	1	8	0	8
1	4	3	9	76	111
1	2	7	10	150	232
1	9	0	11	261	318
1	0	2	12	354	433
1	2	1	13	577	632
1	9	4	14	746	784
1	7	3	15	820	837
1	4	3	16	837	921
1	8	2	17	1098	1171
2	1	0	18	0	54
2	7	6	19	108	176
2	3	4	20	230	295
2	2	7	21	401	438
2	4	5	22	525	534
2	3	4	23	621	694
2	4	4	24	694	706
2	3	0	25	707	761
2	8	2	26	906	915
2	3	4	27	1019	1093
3	9	3	28	29	76
3	3	4	29	90	115
3	6	4	30	115	194
3	7	5	31	358	435
3	7	6	32	932	1006
4	7	6	33	98	108
4	1	5	34	222	298
4	5	3	35	343	422
4	2	7	36	475	497
4	7	7	37	521	542
4	1	7	38	707	745
4	1	0	39	879	942
4	9	1	40	954	1022
4	4	0	41	1049	1134
4	7	3	42	1139	1227
5	8	2	43	0	34
5	4	5	44	298	322
5	9	5	45	486	525
5	7	3	46	570	652
5	9	1	47	893	954
5	3	0	48	1144	1202
6	9	1	49	150	207
6	7	3	50	220	246
6	2	6	51	260	299
6	3	4	52	558	621
6	0	7	53	681	707
6	9	1	54	882	893
6	0	5	55	893	934
6	8	7	56	934	1008
6	4	0	57	1008	1049
7	8	2	58	126	169
7	4	0	59	239	261
7	3	4	60	295	319
7	0	2	61	522	557
7	2	1	62	827	882
7	5	3	63	961	1025
7	9	3	64	1025	1105
7	0	7	65	1108	1163
8	0	7	66	232	316
8	4	0	67	322	407
8	2	1	68	521	577
8	2	1	69	632	691
8	5	6	70	773	796
8	8	4	71	857	906
8	1	0	72	942	999
8	9	4	73	1155	1232
9	5	7	74	108	150
9	7	3	75	195	220
9	2	7	76	438	475
9	9	5	77	534	608
9	5	4	78	707	745
10	1	0	79	167	204
10	8	2	80	263	337
10	4	7	81	663	677
10	6	7	82	745	763
10	4	5	83	1168	1229
11	0	2	84	101	126
11	3	0	85	139	167
11	0	6	86	459	513
11	5	6	87	513	580
11	6	2	88	656	701
11	8	2	89	701	712
11	1	2	90	745	823
11	1	7	91	850	877
11	5	7	92	883	919
11	7	1	93	1022	1036
12	5	3	94	0	29
12	8	2	95	34	101
12	5	6	96	176	186
12	6	5	97	435	486
12	6	7	98	497	517
12	1	0	99	534	592
12	9	6	100	666	746
12	3	0	101	851	879
12	1	6	102	1006	1102
12	5	6	103	1102	1159
13	9	1	104	207	239
13	5	3	105	286	343
13	3	0	106	474	534
13	5	6	107	580	613
13	0	6	108	802	856
13	5	1	109	1036	1064
13	8	1	110	1064	1098
13	3	4	111	1128	1144
13	1	7	112	1163	1189
13	2	7	113	1189	1227
14	2	5	114	81	144
14	3	4	115	319	371
14	7	1	116	455	521
14	5	6	117	756	773
14	0	1	118	1163	1221
15	4	7	119	14	58
15	6	6	120	67	98
15	8	2	121	182	263
15	5	3	122	422	465
15	9	4	123	784	857
15	6	2	124	915	999
15	6	2	125	999	1086
15	6	4	126	1093	1128
16	7	3	127	246	286
16	0	2	128	337	354
16	6	7	129	374	401
16	0	2	130	557	597
16	0	7	131	1052	1071
16	5	6	132	1159	1211
17	7	5	133	0	81
17	5	7	134	99	108
17	3	0	135	407	446
17	8	3	136	491	570
17	6	2	137	597	656
17	6	2	138	823	906
17	8	7	139	919	934
17	8	7	140	1008	1051
17	2	5	141	1052	1100
18	0	4	142	0	57
18	0	5	143	144	222
18	1	6	144	358	432
18	0	5	145	632	681
18	5	5	146	681	707
18	7	3	147	731	820
18	3	4	148	906	986
18	9	3	149	1105	1139
19	3	1	150	8	75
19	4	3	151	111	195
19	7	6	152	299	317
19	7	6	153	317	346
19	3	0	154	446	474
19	0	5	155	608	632
19	5	5	156	809	883
19	0	5	157	934	975
19	0	5	158	975	1052
19	8	2	159	1171	1202
20	2	6	160	0	67
20	2	1	161	301	385
20	9	1	162	385	455
20	1	0	163	630	687
20	4	5	164	707	786
20	6	5	165	786	809
20	3	0	166	822	851
20	6	4	167	1144	1155
21	4	4	168	437	517
21	4	7	169	542	626
21	1	0	170	687	707
21	6	2	171	712	745
21	1	2	172	1202	1217
22	5	4	173	57	90
22	3	4	174	194	230
22	6	7	175	316	374
22	8	2	176	437	465
22	8	3	177	465	491
22	4	7	178	626	663
22	3	0	179	761	822
22	3	0	180	1202	1226
23	4	7	181	0	14
23	0	7	182	58	99
23	5	6	183	186	260
23	1	6	184	432	459
23	1	2	185	465	522
23	9	6	186	613	666
23	5	6	187	746	756
23	8	7	188	763	850
23	7	6	189	856	932
23	2	1	190	1100	1161
24	9	1	191	76	150
24	4	0	192	204	239
24	6	1	193	239	301
24	8	4	194	371	437
24	6	4	195	517	558
24	1	0	196	592	630
24	7	3	197	652	731
24	1	5	198	1102	1154
24	4	5	199	1154	1168


Solution History:
