This is the output of Heuristic Solver for Dual resource constrained flexible job shop Scheduling Problem.
Input file is: wfjsp15_4.txt
Method: FaFM_30_50_600
Seed: 3
Number of Jobs: 30
Number of Operations: 381
Number of Machines: 15
Number of Operators: 15
CPU Time: 720.596
obj: 1307
Best found lower bound:0
Solver gap (best found lower bound and upper bound difference): Not known


Final Solution:
Job	Machine	Operator	Operation	Start Time	Finish Time
0	11	2	0	35	112
0	1	8	1	184	243
0	1	8	2	335	411
0	10	7	3	492	554
0	9	1	4	576	675
0	2	9	5	693	719
0	1	1	6	720	759
0	8	11	7	859	871
0	6	4	8	916	963
0	1	8	9	963	986
0	7	5	10	1002	1019
0	1	8	11	1109	1154
0	9	1	12	1209	1278
0	10	6	13	1278	1297
1	6	13	14	15	86
1	6	13	15	155	255
1	14	0	16	266	325
1	10	10	17	343	389
1	4	7	18	452	492
1	7	10	19	492	509
1	3	3	20	509	556
1	7	3	21	556	631
1	14	11	22	643	654
1	0	13	23	706	771
1	3	6	24	850	918
1	4	14	25	935	946
1	5	10	26	961	1028
1	7	5	27	1069	1148
2	10	10	28	27	120
2	14	3	29	220	266
2	12	12	30	317	403
2	3	0	31	561	625
2	14	7	32	657	722
2	0	13	33	821	868
2	4	10	34	913	928
2	11	13	35	951	1019
2	0	7	36	1040	1068
2	7	5	37	1148	1171
2	11	11	38	1191	1253
2	3	7	39	1253	1304
3	14	1	40	68	125
3	13	8	41	125	160
3	3	6	42	214	266
3	0	11	43	430	498
3	5	5	44	546	621
3	0	8	45	638	706
3	13	11	46	808	841
3	1	10	47	928	955
3	9	0	48	955	1020
3	3	7	49	1140	1168
3	7	5	50	1171	1222
4	13	11	51	0	29
4	1	8	52	243	335
4	8	11	53	338	372
4	2	9	54	372	386
4	14	0	55	402	432
4	3	1	56	432	506
4	1	10	57	700	711
4	1	1	58	759	833
4	0	13	59	868	916
4	8	12	60	1075	1137
4	6	4	61	1168	1212
4	1	9	62	1217	1246
5	2	0	63	0	11
5	3	0	64	11	40
5	9	3	65	100	150
5	8	11	66	278	338
5	9	14	67	470	520
5	14	6	68	527	561
5	10	7	69	561	621
5	12	11	70	660	722
5	8	14	71	746	782
5	1	1	72	833	883
5	14	2	73	1025	1099
6	1	1	74	21	68
6	12	12	75	83	93
6	12	12	76	93	164
6	10	5	77	172	219
6	10	5	78	219	240
6	2	9	79	547	626
6	5	0	80	626	687
6	2	9	81	719	771
6	10	6	82	920	973
6	9	14	83	1107	1137
6	13	12	84	1137	1220
6	13	2	85	1220	1239
6	14	3	86	1266	1292
7	0	4	87	0	40
7	9	3	88	150	217
7	12	12	89	217	270
7	13	9	90	270	292
7	10	10	91	316	343
7	4	0	92	492	561
7	4	6	93	590	647
7	9	1	94	675	720
7	4	7	95	722	771
7	5	10	96	803	867
7	12	14	97	867	935
7	12	3	98	1018	1064
7	2	9	99	1136	1148
7	9	1	100	1165	1209
8	5	7	101	0	27
8	3	0	102	50	81
8	5	0	103	153	203
8	5	0	104	246	263
8	9	3	105	266	353
8	12	12	106	447	530
8	9	1	107	530	576
8	8	2	108	644	683
8	5	0	109	687	756
8	11	3	110	836	905
8	5	7	111	913	961
8	5	0	112	1168	1234
8	4	13	113	1235	1306
9	3	0	114	40	50
9	11	11	115	120	212
9	12	12	116	270	317
9	4	14	117	369	440
9	9	14	118	440	470
9	14	6	119	481	527
9	4	8	120	561	590
9	10	7	121	621	657
9	8	14	122	712	746
9	14	5	123	770	830
9	10	12	124	846	894
9	2	12	125	894	963
9	0	7	126	963	1040
9	11	11	127	1253	1300
10	10	10	128	0	27
10	3	6	129	121	214
10	0	4	130	228	297
10	13	4	131	297	344
10	6	3	132	452	503
10	7	10	133	539	556
10	12	12	134	609	660
10	4	6	135	660	697
10	3	6	136	709	741
10	9	2	137	759	811
10	6	0	138	813	864
10	13	12	139	963	978
10	5	11	140	1028	1053
10	13	2	141	1239	1289
11	0	4	142	92	187
11	0	4	143	187	228
11	4	14	144	302	369
11	2	9	145	386	475
11	2	9	146	520	547
11	13	13	147	615	684
11	8	14	148	699	712
11	9	2	149	720	759
11	9	2	150	854	902
11	8	12	151	980	1007
11	9	14	152	1020	1052
11	10	6	153	1052	1126
11	14	2	154	1126	1218
12	4	7	155	115	208
12	8	11	156	212	278
12	10	10	157	296	316
12	8	2	158	428	461
12	8	2	159	461	493
12	13	13	160	518	587
12	0	8	161	590	638
12	10	12	162	660	727
12	11	3	163	746	821
12	10	6	164	822	846
12	5	0	165	867	878
12	10	6	166	973	1005
12	13	4	167	1025	1065
12	5	11	168	1065	1130
12	2	9	169	1148	1217
13	14	6	170	0	68
13	14	1	171	125	220
13	10	5	172	240	262
13	2	1	173	264	356
13	5	6	174	378	459
13	14	11	175	562	643
13	11	14	176	668	697
13	3	6	177	697	709
13	6	10	178	711	754
13	5	0	179	756	803
13	12	12	180	823	843
13	7	8	181	849	920
13	0	8	182	920	955
13	1	8	183	1037	1109
13	10	6	184	1126	1202
14	9	3	185	25	100
14	1	2	186	121	184
14	0	9	187	320	352
14	6	13	188	359	426
14	13	4	189	684	728
14	7	8	190	733	797
14	2	9	191	797	878
14	13	9	192	878	937
14	14	11	193	963	1025
14	3	7	194	1073	1140
14	8	14	195	1140	1169
14	11	14	196	1174	1191
15	12	12	197	0	20
15	5	0	198	81	153
15	9	1	199	220	264
15	2	9	200	356	367
15	9	12	201	403	431
15	13	4	202	440	507
15	13	11	203	728	808
15	11	3	204	821	836
15	8	11	205	871	938
15	13	11	206	938	963
15	2	1	207	1062	1136
15	9	4	208	1137	1161
15	8	7	209	1225	1241
15	9	14	210	1278	1306
16	8	14	211	30	97
16	7	7	212	208	274
16	3	7	213	274	322
16	3	7	214	322	351
16	7	5	215	413	456
16	7	10	216	509	539
16	6	4	217	587	604
16	11	14	218	638	668
16	1	1	219	883	922
16	3	9	220	992	1073
16	4	13	221	1083	1153
16	0	8	222	1190	1264
17	7	5	223	0	56
17	7	5	224	56	139
17	11	10	225	212	233
17	11	2	226	259	289
17	7	5	227	297	391
17	1	8	228	411	458
17	5	5	229	495	546
17	11	3	230	699	746
17	8	14	231	782	859
17	9	2	232	902	950
17	6	4	233	963	1025
17	6	10	234	1028	1095
17	12	3	235	1107	1201
18	3	1	236	0	10
18	3	7	237	81	113
18	2	9	238	130	194
18	5	10	239	263	292
18	11	2	240	365	428
18	14	0	241	432	481
18	12	12	242	530	609
18	1	10	243	631	700
18	4	13	244	771	810
18	5	10	245	878	908
18	12	3	246	935	946
18	12	3	247	1064	1107
18	5	11	248	1130	1164
18	14	3	249	1218	1266
19	5	7	250	27	76
19	7	10	251	139	206
19	11	10	252	233	259
19	10	5	253	262	296
19	9	3	254	353	400
19	11	13	255	428	496
19	0	11	256	498	562
19	10	6	257	741	822
19	10	5	258	894	920
19	2	9	259	963	990
19	6	0	260	1095	1168
19	8	10	261	1174	1225
19	1	9	262	1246	1306
20	4	8	263	29	81
20	2	9	264	194	259
20	3	7	265	351	417
20	8	2	266	572	644
20	0	7	267	771	821
20	11	13	268	916	951
20	8	2	269	951	980
20	13	2	270	980	1023
20	2	12	271	1220	1290
20	5	10	272	1291	1306
21	13	11	273	29	120
21	4	14	274	208	302
21	13	4	275	344	391
21	10	10	276	391	482
21	11	14	277	520	570
21	13	13	278	587	615
21	7	3	279	670	699
21	14	5	280	723	770
21	7	8	281	797	849
21	6	4	282	864	916
21	4	14	283	946	1010
21	4	14	284	1010	1020
21	7	5	285	1020	1069
21	11	10	286	1095	1174
21	6	4	287	1212	1305
22	6	13	288	0	15
22	2	9	289	67	130
22	11	2	290	289	365
22	1	8	291	458	552
22	11	14	292	570	638
22	7	3	293	638	670
22	3	4	294	801	850
22	8	12	295	1007	1075
22	0	9	296	1075	1134
22	3	7	297	1168	1214
22	10	6	298	1214	1260
23	0	4	299	40	92
23	10	10	300	120	137
23	13	8	301	160	179
23	5	6	302	297	378
23	12	3	303	403	447
23	11	13	304	496	518
23	12	12	305	727	757
23	2	9	306	771	796
23	6	0	307	803	813
23	1	8	308	986	1037
23	9	14	309	1052	1107
23	0	1	310	1136	1165
23	8	0	311	1241	1303
24	12	12	312	20	83
24	13	2	313	184	252
24	6	13	314	255	284
24	14	0	315	325	402
24	2	9	316	626	693
24	11	3	317	905	916
24	3	1	318	922	992
24	2	1	319	992	1062
24	13	4	320	1065	1129
24	1	8	321	1154	1182
24	12	14	322	1201	1273
25	11	2	323	0	35
25	2	9	324	46	67
25	8	14	325	97	140
25	8	14	326	140	149
25	0	9	327	297	320
25	13	4	328	391	440
25	6	4	329	507	587
25	3	5	330	625	684
25	6	10	331	754	802
25	7	5	332	920	1002
25	14	2	333	1099	1118
26	8	14	334	0	30
26	1	6	335	68	121
26	8	14	336	149	200
26	7	6	337	274	297
26	0	1	338	356	430
26	6	7	339	430	452
26	5	5	340	459	495
26	1	10	341	556	631
26	8	2	342	683	699
26	7	5	343	699	723
26	12	12	344	757	823
26	4	0	345	1020	1081
26	0	11	346	1165	1190
26	5	5	347	1234	1280
26	0	8	348	1280	1307
27	4	8	349	0	29
27	2	9	350	29	46
27	5	0	351	203	246
27	6	13	352	284	359
27	3	7	353	417	426
27	2	9	354	475	520
27	8	2	355	543	572
27	4	7	356	821	913
27	12	3	357	946	1018
27	11	13	358	1019	1083
28	1	9	359	0	21
28	4	8	360	81	115
28	10	5	361	139	172
28	8	11	362	372	422
28	8	2	363	493	543
28	7	8	364	723	733
28	3	4	365	741	801
28	14	5	366	830	879
28	14	0	367	879	955
28	7	10	368	1245	1291
29	9	3	369	0	25
29	6	13	370	86	155
29	12	12	371	164	216
29	7	5	372	391	413
29	6	4	373	604	660
29	6	4	374	660	679
29	3	5	375	684	695
29	9	2	376	811	854
29	10	6	377	1005	1052
29	4	13	378	1153	1235
29	7	10	379	1235	1245
29	12	12	380	1290	1303


Solution History:
