This is the output of Heuristic Solver for Dual resource constrained flexible job shop Scheduling Problem.
Input file is: wfjsp24_2.txt
Method: FaFM_30_50_600
Seed: 1
Number of Jobs: 40
Number of Operations: 288
Number of Machines: 15
Number of Operators: 12
CPU Time: 183.168
obj: 1237
Best found lower bound:0
Solver gap (best found lower bound and upper bound difference): Not known


Final Solution:
Job	Machine	Operator	Operation	Start Time	Finish Time
0	2	7	0	232	305
0	4	10	1	450	528
0	4	0	2	644	663
0	14	3	3	680	720
0	5	0	4	1008	1023
1	6	0	5	0	24
1	0	11	6	56	117
1	1	7	7	127	135
1	0	1	8	615	690
1	1	9	9	705	745
1	14	1	10	813	865
1	8	1	11	865	880
1	1	4	12	888	956
1	8	8	13	1158	1227
2	14	11	14	0	56
2	2	3	15	147	215
2	13	5	16	255	283
2	1	9	17	535	579
2	3	11	18	718	737
2	10	10	19	752	813
2	8	8	20	880	958
2	13	2	21	998	1086
2	0	11	22	1088	1143
2	6	9	23	1143	1210
3	12	10	24	58	120
3	8	1	25	150	167
3	1	6	26	284	296
3	1	6	27	296	382
3	12	9	28	453	475
3	8	1	29	690	764
3	7	8	30	794	880
3	14	10	31	1079	1102
3	0	11	32	1143	1220
4	3	8	33	165	253
4	2	1	34	325	377
4	0	4	35	377	402
4	3	8	36	663	718
4	3	4	37	791	828
4	9	10	38	828	896
4	13	5	39	1086	1166
4	12	0	40	1171	1195
4	2	0	41	1195	1209
4	12	0	42	1209	1234
5	11	7	43	0	15
5	11	1	44	35	77
5	7	9	45	326	407
5	8	10	46	407	450
5	7	3	47	590	680
5	11	7	48	752	839
6	10	11	49	171	226
6	5	4	50	249	280
6	11	11	51	292	349
6	13	8	52	405	443
6	3	3	53	462	491
6	2	0	54	521	554
6	11	7	55	709	752
6	0	8	56	958	978
6	3	1	57	1067	1138
7	6	4	58	75	136
7	2	7	59	136	147
7	3	4	60	280	310
7	4	0	61	332	385
7	4	2	62	674	759
7	5	0	63	798	851
7	11	8	64	1078	1154
8	10	11	65	117	171
8	12	9	66	181	202
8	6	9	67	242	326
8	13	7	68	332	347
8	13	5	69	687	760
8	9	0	70	784	798
8	10	11	71	920	972
8	11	10	72	975	1036
8	2	7	73	1058	1110
9	8	5	74	0	56
9	1	4	75	166	249
9	9	11	76	410	461
9	3	11	77	601	655
9	5	0	78	663	749
9	4	10	79	813	828
9	4	0	80	897	948
9	1	9	81	964	1010
9	9	11	82	1036	1088
9	6	3	83	1217	1235
10	11	2	84	77	155
10	11	8	85	253	277
10	5	5	86	283	304
10	0	2	87	580	614
10	10	5	88	614	646
10	10	10	89	668	752
10	13	5	90	760	827
11	9	6	91	0	73
11	11	1	92	167	238
11	14	2	93	312	323
11	5	7	94	475	503
11	10	7	95	503	576
11	12	9	96	638	705
11	4	1	97	764	813
11	6	3	98	928	1015
11	14	2	99	1132	1216
12	1	0	100	87	104
12	4	7	101	147	221
12	8	8	102	277	339
12	12	11	103	363	410
12	7	0	104	454	521
12	1	4	105	610	684
12	9	3	106	720	753
12	5	1	107	944	993
12	9	6	108	1158	1230
13	7	10	109	0	58
13	14	9	110	76	128
13	3	1	111	508	537
13	9	3	112	546	590
13	14	11	113	737	795
13	14	3	114	1015	1079
13	10	3	115	1079	1093
14	5	4	116	0	14
14	0	4	117	14	37
14	11	7	118	382	466
14	8	5	119	475	558
14	12	11	120	833	860
14	8	11	121	972	1030
14	7	10	122	1102	1149
15	10	0	123	242	263
15	0	7	124	305	332
15	5	5	125	370	396
15	9	6	126	396	405
15	10	0	127	408	430
15	4	0	128	554	569
15	6	6	129	569	580
15	6	3	130	834	912
15	9	9	131	923	931
16	4	1	132	0	35
16	9	3	133	91	144
16	2	1	134	377	428
16	9	11	135	461	512
16	1	2	136	759	792
16	7	9	137	883	923
16	8	6	138	1099	1158
17	12	3	139	215	299
17	6	8	140	339	394
17	7	10	141	528	585
17	13	2	142	615	674
17	1	9	143	1010	1046
17	11	3	144	1155	1217
18	5	4	145	47	75
18	9	6	146	167	210
18	9	3	147	299	374
18	11	7	148	576	608
18	2	6	149	693	751
18	7	0	150	751	784
18	6	3	151	789	834
18	2	7	152	896	966
18	7	10	153	1172	1231
19	5	4	154	37	47
19	5	6	155	75	167
19	12	10	156	306	363
19	0	8	157	718	794
19	8	11	158	795	833
19	11	1	159	892	944
20	13	0	160	24	49
20	3	8	161	66	133
20	1	4	162	136	166
20	5	5	163	447	475
20	13	9	164	475	535
20	12	9	165	745	832
20	4	5	166	1018	1075
20	13	5	167	1166	1235
21	13	8	168	0	12
21	12	7	169	15	44
21	14	2	170	215	296
21	14	2	171	499	575
21	3	5	172	905	972
21	1	4	173	1171	1237
22	8	1	174	77	150
22	0	7	175	221	232
22	10	0	176	263	332
22	7	0	177	430	454
22	0	8	178	454	527
22	8	8	179	580	663
22	8	6	180	1036	1099
22	14	2	181	1102	1132
23	4	7	182	44	96
23	6	0	183	153	224
23	13	1	184	537	615
23	10	5	185	827	905
23	7	5	186	972	1018
23	12	9	187	1114	1139
24	11	7	188	349	382
24	1	4	189	420	487
24	4	0	190	569	644
24	6	5	191	646	687
24	5	0	192	851	897
25	1	2	193	0	76
25	6	0	194	136	153
25	7	10	195	198	240
25	5	5	196	304	370
25	12	9	197	410	453
25	5	11	198	512	572
25	2	7	199	966	1058
25	5	4	200	1084	1157
26	3	3	201	375	462
26	1	6	202	493	520
26	14	10	203	585	668
26	6	4	204	687	744
26	5	3	205	912	928
26	12	0	206	948	961
26	4	0	207	976	1008
27	10	3	208	0	91
27	0	10	209	120	198
27	4	10	210	242	306
27	14	2	211	865	945
27	10	7	212	1167	1236
28	7	0	213	69	87
28	14	9	214	128	181
28	13	10	215	363	405
28	11	3	216	529	546
28	0	6	217	876	952
28	4	0	218	961	976
28	2	9	219	1210	1233
29	4	0	220	104	136
29	7	5	221	139	179
29	14	2	222	372	381
29	3	5	223	558	601
29	12	4	224	961	1021
30	6	0	225	49	69
30	9	6	226	210	284
30	14	2	227	323	372
30	11	7	228	608	682
30	12	11	229	860	920
30	0	8	230	978	1076
30	12	9	231	1085	1114
31	3	8	232	133	165
31	14	9	233	202	215
31	13	9	234	215	242
31	0	8	235	527	580
31	14	2	236	945	998
32	3	4	237	310	375
32	5	5	238	396	435
32	4	5	239	435	447
32	10	11	240	576	591
32	11	7	241	682	709
32	3	4	242	744	791
32	12	4	243	1021	1084
33	13	5	244	56	139
33	4	0	245	224	242
33	2	1	246	428	508
33	1	4	247	579	610
33	4	7	248	839	896
33	3	1	249	993	1067
33	6	9	250	1067	1085
33	9	3	251	1093	1126
33	10	7	252	1126	1167
34	6	6	253	520	561
34	2	6	254	656	693
34	2	6	255	751	836
34	13	9	256	836	883
34	7	10	257	1149	1172
35	2	9	258	0	76
35	7	1	259	240	325
35	1	2	260	382	420
35	14	2	261	420	499
35	5	3	262	753	789
35	2	6	263	836	876
35	13	10	264	896	975
35	3	1	265	1138	1236
36	3	8	266	12	66
36	2	6	267	580	656
36	9	11	268	656	718
36	9	6	269	952	1036
36	9	3	270	1126	1155
37	2	7	271	96	127
37	0	11	272	232	292
37	12	4	273	487	575
37	11	1	274	880	892
37	7	0	275	1023	1091
37	1	0	276	1091	1171
38	13	2	277	155	215
38	6	0	278	394	408
38	11	3	279	491	529
38	12	9	280	579	638
38	3	4	281	828	888
38	7	9	282	931	964
39	8	5	283	179	255
39	13	2	284	296	312
39	6	6	285	408	493
39	0	2	286	794	865
39	11	10	287	1036	1078


Solution History:
