This is the output of Heuristic Solver for Dual resource constrained flexible job shop Scheduling Problem.
Input file is: wfjsp9_2.txt
Method: FaFM_30_50_600
Seed: 5
Number of Jobs: 15
Number of Operations: 141
Number of Machines: 5
Number of Operators: 5
CPU Time: 116.157
obj: 1419
Best found lower bound:0
Solver gap (best found lower bound and upper bound difference): Not known


Final Solution:
Job	Machine	Operator	Operation	Start Time	Finish Time
0	4	1	0	188	266
0	4	1	1	479	557
0	4	1	2	607	629
0	0	2	3	863	898
0	3	3	4	1094	1111
0	1	0	5	1184	1204
0	0	4	6	1228	1292
0	3	3	7	1365	1375
1	1	0	8	96	171
1	1	0	9	242	282
1	0	3	10	384	436
1	3	4	11	472	489
1	1	0	12	594	663
1	1	0	13	759	826
1	4	1	14	926	982
1	0	4	15	1163	1228
1	0	4	16	1301	1334
2	2	0	17	0	44
2	2	2	18	190	213
2	3	3	19	331	384
2	0	3	20	436	513
2	3	3	21	769	850
2	4	1	22	873	926
2	1	0	23	943	1014
2	2	4	24	1037	1102
2	0	2	25	1112	1129
2	0	4	26	1334	1346
3	3	3	27	130	230
3	1	0	28	304	325
3	1	0	29	421	501
3	3	3	30	680	769
3	1	0	31	856	873
3	0	2	32	898	966
3	4	1	33	1068	1145
3	4	1	34	1145	1197
3	3	3	35	1234	1262
4	3	3	36	0	50
4	2	2	37	213	251
4	0	4	38	318	383
4	0	4	39	646	738
4	0	2	40	844	863
4	1	0	41	929	943
4	0	2	42	966	992
4	3	3	43	1077	1094
4	3	3	44	1111	1151
4	2	2	45	1188	1263
5	4	1	46	0	43
5	2	2	47	274	361
5	2	2	48	577	663
5	4	1	49	729	786
5	2	2	50	795	828
5	4	1	51	1001	1068
5	0	2	52	1129	1163
5	2	2	53	1163	1188
5	3	3	54	1375	1412
6	1	0	55	49	96
6	0	4	56	220	244
6	4	1	57	358	430
6	0	4	58	532	593
6	3	3	59	667	680
6	1	0	60	826	856
6	2	4	61	883	941
6	3	3	62	999	1077
6	3	3	63	1314	1365
7	3	3	64	50	130
7	3	3	65	230	282
7	4	1	66	336	358
7	3	3	67	564	652
7	3	3	68	652	667
7	2	2	69	715	795
7	0	2	70	831	844
7	2	4	71	1102	1163
7	4	1	72	1252	1307
7	1	0	73	1359	1410
8	0	4	74	110	171
8	1	0	75	325	421
8	1	0	76	501	556
8	2	2	77	663	715
8	0	4	78	738	831
8	2	4	79	869	883
8	0	2	80	992	1045
8	1	0	81	1284	1330
8	4	1	82	1362	1416
9	0	2	83	0	16
9	4	1	84	43	121
9	2	2	85	251	274
9	1	0	86	282	304
9	3	4	87	489	526
9	0	4	88	593	627
9	1	0	89	663	759
9	1	0	90	1050	1117
9	1	0	91	1204	1284
9	0	4	92	1346	1419
10	1	4	93	0	13
10	1	4	94	24	49
10	2	2	95	110	190
10	0	4	96	244	318
10	4	1	97	430	479
10	4	1	98	629	729
10	3	3	99	861	950
10	4	1	100	982	1001
10	0	2	101	1045	1112
10	4	1	102	1307	1362
11	0	2	103	57	108
11	1	0	104	171	242
11	3	4	105	384	472
11	4	1	106	572	607
11	3	3	107	950	999
11	1	0	108	1117	1184
11	4	1	109	1197	1252
11	2	2	110	1263	1314
11	2	2	111	1314	1341
12	0	4	112	171	220
12	4	1	113	266	336
12	2	2	114	410	481
12	2	2	115	530	543
12	4	0	116	557	572
12	1	0	117	572	594
12	4	1	118	786	873
12	3	3	119	1151	1234
12	1	0	120	1330	1359
13	2	4	121	49	110
13	3	3	122	282	331
13	0	3	123	513	532
13	3	3	124	532	564
13	0	4	125	627	646
13	3	3	126	850	861
13	1	0	127	1014	1036
13	1	0	128	1036	1050
13	0	4	129	1292	1301
13	2	2	130	1341	1419
14	1	4	131	13	24
14	0	2	132	24	57
14	4	1	133	121	188
14	2	2	134	361	410
14	2	2	135	481	530
14	2	2	136	543	577
14	2	4	137	831	869
14	1	0	138	873	929
14	2	4	139	941	1037
14	3	3	140	1262	1314


Solution History:
