This is the output of Heuristic Solver for Dual resource constrained flexible job shop Scheduling Problem.
Input file is: wfjsp22_2.txt
Method: FaFM_30_50_600
Seed: 5
Number of Jobs: 30
Number of Operations: 225
Number of Machines: 15
Number of Operators: 12
CPU Time: 215.643
obj: 964
Best found lower bound:0
Solver gap (best found lower bound and upper bound difference): Not known


Final Solution:
Job	Machine	Operator	Operation	Start Time	Finish Time
0	2	7	0	0	73
0	13	5	1	471	537
0	4	11	2	537	558
0	14	2	3	602	641
0	14	9	4	653	667
1	4	0	5	107	127
1	4	0	6	127	197
1	1	6	7	204	213
1	0	10	8	228	313
1	0	8	9	414	453
1	14	6	10	546	602
1	8	6	11	602	618
1	0	8	12	750	821
1	13	2	13	893	957
2	1	9	14	14	72
2	0	11	15	80	142
2	1	9	16	147	181
2	1	6	17	213	256
2	8	1	18	273	293
2	10	1	19	468	523
2	9	7	20	659	735
2	13	5	21	735	816
2	6	3	22	820	873
2	6	9	23	882	949
3	12	11	24	0	56
3	8	1	25	103	120
3	8	9	26	135	147
3	5	4	27	206	297
3	3	4	28	297	317
3	8	8	29	334	414
3	3	3	30	509	598
3	5	3	31	726	744
3	0	6	32	866	933
4	10	1	33	140	217
4	2	9	34	293	351
4	10	6	35	363	392
4	3	11	36	402	452
4	5	4	37	478	513
4	12	10	38	694	773
4	14	10	39	773	856
4	11	2	40	859	886
4	2	7	41	893	907
4	4	5	42	923	953
5	12	10	43	58	77
5	7	3	44	77	115
5	7	3	45	115	192
5	4	11	46	206	246
5	7	3	47	389	479
5	12	0	48	866	962
6	4	2	49	0	62
6	3	6	50	256	290
6	11	1	51	401	468
6	11	7	52	468	503
6	9	0	53	503	529
6	13	5	54	537	572
6	3	8	55	684	730
6	0	8	56	730	750
6	3	4	57	751	815
7	13	10	58	0	58
7	2	9	59	73	86
7	11	9	60	86	113
7	13	7	61	187	243
7	11	7	62	312	391
7	1	4	63	524	583
7	11	9	64	730	803
8	9	5	65	0	57
8	6	4	66	57	77
8	14	2	67	77	155
8	13	5	68	385	398
8	13	5	69	398	471
8	9	5	70	573	588
8	3	1	71	607	665
8	2	9	72	667	730
8	2	7	73	907	959
9	2	10	74	86	144
9	6	5	75	163	247
9	1	0	76	269	326
9	2	9	77	351	409
9	2	9	78	409	490
9	3	8	79	490	502
9	1	4	80	650	707
9	1	4	81	707	751
9	8	11	82	853	907
9	10	5	83	907	923
10	11	8	84	0	79
10	11	1	85	120	139
10	5	6	86	183	204
10	1	0	87	326	360
10	0	11	88	453	488
10	10	1	89	523	607
10	4	2	90	641	704
11	9	7	91	107	187
11	9	9	92	223	293
11	14	11	93	299	311
11	0	8	94	313	334
11	10	7	95	392	465
11	9	7	96	592	659
11	4	0	97	707	758
11	12	0	98	773	866
11	14	3	99	873	964
12	10	0	100	0	18
12	3	6	101	18	91
12	0	4	102	146	206
12	11	2	103	206	259
12	7	6	104	290	363
12	1	2	105	363	444
12	13	8	106	579	614
12	9	7	107	735	782
12	2	9	108	805	882
13	11	11	109	142	199
13	12	3	110	289	338
13	7	3	111	479	509
13	9	0	112	529	573
13	7	1	113	726	798
13	9	6	114	801	866
13	4	5	115	890	902
14	1	4	116	0	14
14	0	4	117	14	37
14	10	5	118	57	140
14	9	10	119	313	391
14	3	8	120	453	483
14	11	3	121	598	657
14	5	1	122	675	726
15	5	6	123	0	18
15	8	1	124	73	103
15	12	9	125	113	135
15	6	5	126	140	149
15	10	0	127	217	239
15	4	2	128	259	275
15	3	11	129	347	356
15	8	7	130	782	853
15	0	10	131	856	866
16	4	7	132	73	107
16	14	11	133	246	299
16	2	0	134	573	626
16	5	11	135	626	675
16	7	1	136	798	833
16	13	7	137	853	893
16	3	8	138	893	952
17	12	10	139	144	228
17	6	10	140	503	553
17	7	10	141	553	610
17	11	11	142	675	730
17	1	6	143	766	801
17	11	1	144	889	958
18	5	0	145	29	58
18	9	0	146	58	103
18	2	3	147	223	289
18	9	10	148	391	425
18	2	9	149	490	547
18	10	0	150	626	662
18	6	0	151	662	707
18	5	3	152	760	820
18	3	8	153	821	893
19	5	0	154	18	29
19	5	6	155	91	183
19	12	3	156	338	389
19	0	2	157	535	602
19	8	9	158	618	653
19	8	11	159	907	957
20	5	11	160	58	80
20	3	8	161	96	163
20	9	3	162	192	223
20	11	7	163	284	312
20	13	5	164	323	385
20	14	6	165	392	475
20	0	11	166	488	535
20	5	4	167	834	908
21	13	2	168	62	75
21	12	0	169	239	269
21	6	4	170	317	410
21	14	6	171	475	546
21	12	9	172	547	614
21	10	11	173	794	850
22	8	1	174	0	73
22	7	0	175	206	217
22	10	5	176	247	315
22	7	0	177	363	387
22	1	2	178	444	524
22	12	10	179	614	694
22	8	6	180	703	766
22	0	6	181	933	961
23	7	1	182	217	273
23	6	0	183	432	503
23	8	8	184	503	579
23	6	5	185	588	661
23	11	2	186	805	859
23	10	1	187	860	889
24	5	11	188	311	347
24	1	4	189	583	650
24	2	2	190	730	805
24	4	5	191	816	859
24	5	4	192	908	952
25	1	4	193	77	146
25	13	5	194	149	163
25	2	9	195	181	223
25	6	8	196	249	309
25	5	11	197	356	402
25	5	4	198	410	478
25	7	6	199	618	703
25	9	10	200	866	944
26	3	8	201	163	249
26	13	1	202	293	323
26	0	1	203	334	401
26	0	8	204	614	684
26	5	3	205	744	760
26	5	4	206	820	834
26	4	5	207	859	890
27	4	2	208	275	363
27	8	10	209	425	501
27	4	11	210	558	616
27	13	5	211	661	734
27	10	11	212	734	794
28	6	8	213	79	96
28	14	2	214	155	205
28	13	7	215	243	284
28	11	7	216	503	518
28	11	7	217	518	592
28	4	0	218	758	773
28	7	1	219	833	860
29	6	3	220	0	35
29	7	3	221	35	73
29	4	0	222	197	206
29	4	0	223	387	432
29	10	3	224	662	724


Solution History:
