This is the output of Heuristic Solver for Dual resource constrained flexible job shop Scheduling Problem.
Input file is: wfjsp13_7.txt
Method: FaFM_30_50_600
Seed: 3
Number of Jobs: 25
Number of Operations: 242
Number of Machines: 15
Number of Operators: 15
CPU Time: 183.368
obj: 876
Best found lower bound:0
Solver gap (best found lower bound and upper bound difference): Not known


Final Solution:
Job	Machine	Operator	Operation	Start Time	Finish Time
0	1	3	0	52	127
0	9	1	1	169	178
0	9	13	2	340	381
0	2	0	3	415	512
0	0	11	4	578	601
0	10	2	5	601	643
0	8	12	6	643	671
0	14	14	7	741	788
0	2	14	8	788	797
1	7	9	9	0	37
1	9	11	10	73	169
1	6	3	11	169	233
1	7	9	12	248	324
1	4	2	13	324	383
1	8	7	14	405	441
1	1	12	15	485	507
1	8	14	16	536	626
1	10	10	17	643	719
1	13	7	18	721	792
1	12	5	19	795	861
2	14	12	20	0	67
2	4	10	21	126	152
2	1	8	22	174	188
2	12	7	23	262	346
2	2	1	24	401	414
2	6	7	25	453	514
2	10	2	26	530	539
2	1	3	27	685	759
3	6	7	28	0	46
3	7	9	29	104	129
3	12	6	30	183	262
3	8	12	31	272	363
3	9	13	32	381	447
3	12	5	33	510	522
3	7	8	34	553	628
3	9	13	35	801	873
4	12	10	36	0	19
4	4	10	37	19	38
4	9	11	38	40	73
4	3	13	39	163	232
4	10	2	40	251	319
4	6	12	41	367	453
4	13	3	42	485	571
4	3	10	43	571	606
4	14	10	44	721	741
4	8	4	45	756	797
4	13	6	46	797	874
5	6	7	47	46	122
5	0	0	48	201	257
5	3	6	49	317	369
5	4	11	50	383	408
5	12	11	51	408	440
5	4	10	52	502	566
5	14	8	53	690	721
5	3	2	54	726	740
5	6	8	55	740	792
6	3	13	56	62	138
6	4	10	57	152	193
6	14	7	58	197	235
6	9	13	59	323	340
6	6	1	60	340	367
6	10	6	61	371	405
6	14	2	62	470	524
6	5	13	63	556	621
6	7	9	64	672	747
6	1	3	65	759	807
7	11	5	66	0	79
7	14	7	67	122	197
7	5	14	68	215	295
7	13	3	69	355	425
7	13	6	70	425	443
7	11	5	71	443	500
7	1	1	72	526	585
7	1	3	73	585	660
7	9	12	74	671	713
7	5	12	75	713	732
7	3	2	76	740	776
7	8	8	77	797	871
8	2	3	78	14	52
8	12	6	79	72	113
8	11	5	80	263	337
8	5	14	81	393	410
8	5	8	82	410	426
8	3	9	83	467	525
8	11	12	84	526	546
8	1	3	85	660	685
8	7	1	86	755	809
9	12	6	87	21	72
9	14	12	88	72	116
9	5	2	89	116	127
9	4	10	90	235	315
9	11	5	91	337	365
9	8	1	92	367	401
9	1	6	93	405	423
9	5	13	94	521	556
9	13	6	95	574	654
9	3	2	96	654	666
9	3	2	97	666	726
9	1	3	98	858	876
10	0	1	99	33	91
10	5	14	100	127	215
10	7	9	101	215	248
10	14	2	102	383	470
10	13	6	103	654	696
10	11	14	104	707	734
10	10	10	105	741	802
10	1	3	106	807	858
11	0	1	107	0	33
11	10	2	108	127	194
11	0	11	109	257	285
11	13	3	110	323	355
11	10	0	111	355	371
11	12	7	112	383	405
11	7	8	113	628	672
11	2	4	114	693	756
11	10	4	115	810	852
12	10	4	116	45	127
12	6	4	117	127	142
12	13	4	118	142	192
12	11	5	119	219	263
12	1	6	120	263	296
12	5	14	121	296	393
12	0	8	122	436	475
12	7	8	123	475	553
12	12	11	124	601	684
12	9	0	125	713	798
13	2	0	126	52	93
13	13	1	127	93	135
13	2	1	128	178	195
13	14	1	129	303	333
13	0	0	130	377	415
13	1	12	131	507	526
13	9	11	132	526	578
13	9	1	133	585	669
13	12	5	134	684	693
13	0	9	135	779	819
14	5	2	136	0	79
14	11	5	137	160	219
14	14	1	138	235	303
14	1	6	139	303	317
14	12	7	140	346	383
14	11	5	141	400	443
14	0	6	142	522	574
14	11	12	143	574	640
14	5	13	144	732	801
14	14	0	145	801	862
15	8	11	146	15	40
15	7	9	147	129	211
15	2	4	148	322	400
15	13	6	149	443	482
15	12	5	150	522	596
15	5	13	151	621	704
15	0	5	152	704	722
15	11	10	153	808	832
15	3	2	154	838	871
16	13	6	155	0	21
16	2	8	156	93	174
16	4	10	157	193	235
16	6	13	158	235	323
16	11	5	159	365	400
16	1	3	160	425	485
16	14	0	161	606	690
16	11	12	162	734	808
16	2	14	163	810	873
17	8	12	164	116	205
17	13	1	165	205	226
17	9	7	166	235	261
17	4	10	167	490	502
17	6	7	168	514	579
17	2	4	169	606	693
17	13	6	170	696	715
17	0	9	171	831	870
18	2	3	172	0	14
18	5	2	173	79	109
18	1	3	174	127	163
18	2	4	175	271	322
18	10	4	176	485	510
18	10	4	177	510	530
18	10	2	178	539	578
18	0	5	179	722	779
18	3	2	180	779	803
18	0	1	181	819	831
19	1	0	182	0	41
19	4	10	183	41	126
19	0	0	184	134	159
19	9	11	185	178	232
19	7	9	186	324	371
19	3	9	187	371	380
19	5	1	188	436	521
19	14	0	189	524	606
19	11	14	190	640	707
19	12	6	191	715	795
19	3	2	192	803	838
20	7	9	193	37	104
20	12	6	194	113	183
20	2	4	195	195	232
20	2	4	196	232	271
20	0	11	197	285	377
20	7	14	198	410	467
20	3	9	199	525	535
20	8	1	200	671	755
21	10	4	201	0	45
21	3	13	202	138	163
21	10	2	203	194	251
21	9	0	204	261	321
21	10	0	205	321	349
21	4	10	206	408	490
21	3	10	207	606	642
21	2	4	208	797	810
21	5	12	209	810	866
21	7	10	210	866	876
22	8	8	211	0	15
22	13	8	212	21	80
22	0	0	213	93	134
22	3	3	214	233	316
22	14	10	215	333	374
22	7	10	216	374	407
22	0	1	217	415	436
22	12	11	218	440	510
22	6	7	219	579	658
22	6	7	220	658	721
22	4	11	221	786	871
23	3	13	222	0	62
23	11	5	223	79	160
23	0	0	224	160	201
23	1	8	225	201	259
23	13	8	226	259	323
23	1	8	227	323	405
23	10	4	228	405	485
23	0	6	229	485	522
23	2	4	230	530	606
23	0	5	231	606	684
23	4	11	232	684	786
23	6	7	233	792	869
24	8	14	234	40	116
24	6	1	235	142	163
24	8	12	236	205	272
24	3	9	237	380	467
24	8	14	238	467	536
24	4	9	239	566	667
24	12	13	240	704	713
24	11	1	241	832	860


Solution History:
