This is the output of Heuristic Solver for Dual resource constrained flexible job shop Scheduling Problem.
Input file is: wfjsp16_3.txt
Method: FaFM_30_50_600
Seed: 5
Number of Jobs: 40
Number of Operations: 307
Number of Machines: 15
Number of Operators: 15
CPU Time: 545.089
obj: 1083
Best found lower bound:0
Solver gap (best found lower bound and upper bound difference): Not known


Final Solution:
Job	Machine	Operator	Operation	Start Time	Finish Time
0	11	6	0	28	94
0	13	6	1	94	106
0	11	7	2	152	167
0	7	3	3	350	428
0	1	8	4	434	518
0	13	4	5	521	592
0	3	3	6	678	761
0	0	13	7	794	830
0	1	11	8	841	923
1	10	5	9	0	12
1	3	13	10	157	221
1	12	11	11	237	332
1	11	6	12	391	406
1	14	1	13	467	558
1	13	6	14	640	742
1	8	14	15	810	837
1	3	8	16	894	950
2	12	14	17	44	58
2	2	0	18	64	140
2	3	7	19	140	152
2	5	14	20	197	223
2	3	13	21	312	369
2	3	11	22	400	483
2	10	10	23	507	570
2	4	1	24	650	680
2	5	8	25	717	787
2	6	9	26	925	1018
3	1	8	27	0	9
3	11	1	28	94	130
3	1	1	29	252	349
3	6	9	30	355	390
3	1	8	31	406	434
3	2	4	32	644	706
3	14	9	33	863	925
3	2	4	34	971	1033
4	3	11	35	0	98
4	14	8	36	174	262
4	6	12	37	262	275
4	3	11	38	373	400
4	3	11	39	520	590
4	8	14	40	658	672
4	9	0	41	679	705
4	5	4	42	787	837
4	7	12	43	873	907
4	3	11	44	977	1027
5	13	6	45	106	206
5	4	6	46	298	367
5	14	1	47	387	467
5	2	4	48	603	620
5	13	6	49	625	640
5	12	13	50	683	734
5	7	12	51	747	815
5	4	6	52	850	885
5	8	5	53	975	996
5	11	6	54	1030	1083
6	12	14	55	0	24
6	8	10	56	33	61
6	7	14	57	117	190
6	12	14	58	441	515
6	14	7	59	568	668
6	11	2	60	711	815
6	3	10	61	849	859
6	6	5	62	859	912
6	12	2	63	953	1056
7	13	2	64	0	39
7	4	1	65	40	68
7	1	8	66	349	406
7	8	2	67	535	577
7	12	13	68	601	683
7	7	12	69	686	695
7	9	0	70	705	796
8	6	12	71	0	63
8	14	3	72	323	350
8	6	3	73	601	678
8	5	4	74	901	930
8	13	3	75	982	1033
8	6	9	76	1066	1077
9	11	6	77	0	28
9	0	7	78	37	50
9	8	5	79	148	218
9	0	13	80	497	576
9	0	7	81	705	769
9	6	5	82	833	849
9	5	4	83	930	966
9	6	9	84	1053	1066
10	0	7	85	50	127
10	11	4	86	218	266
10	11	4	87	334	370
10	11	6	88	370	391
10	2	4	89	706	736
10	13	6	90	742	796
10	12	1	91	796	839
10	0	0	92	1022	1048
10	7	12	93	1048	1076
11	2	4	94	0	36
11	7	13	95	38	117
11	14	9	96	281	322
11	2	0	97	368	444
11	6	9	98	459	541
11	8	2	99	577	658
11	1	5	100	709	768
11	11	2	101	815	848
11	13	7	102	885	982
11	8	5	103	996	1067
12	5	9	104	0	37
12	9	5	105	39	50
12	12	4	106	115	172
12	11	4	107	172	218
12	4	6	108	237	298
12	8	2	109	358	454
12	14	9	110	764	863
12	7	12	111	907	997
12	7	12	112	997	1045
12	4	3	113	1045	1081
13	12	14	114	58	80
13	1	13	115	117	157
13	14	1	116	350	387
13	9	14	117	431	440
13	6	3	118	761	833
13	11	1	119	848	931
14	4	1	120	68	87
14	2	0	121	237	301
14	12	11	122	332	373
14	8	2	123	454	484
14	0	5	124	577	649
14	7	12	125	825	873
14	4	6	126	885	942
15	5	3	127	132	197
15	0	9	128	206	281
15	0	7	129	414	497
15	2	4	130	620	644
15	1	5	131	649	709
15	8	14	132	888	908
15	14	10	133	990	1045
16	0	0	134	0	37
16	2	0	135	37	64
16	10	2	136	91	158
16	12	7	137	172	235
16	4	13	138	369	411
16	4	13	139	452	497
16	5	8	140	669	717
16	8	14	141	769	795
16	4	6	142	821	850
16	12	2	143	850	953
17	7	3	144	197	273
17	7	12	145	275	290
17	5	14	146	296	321
17	2	4	147	444	516
17	14	1	148	931	990
17	9	13	149	1015	1071
18	13	2	150	39	82
18	5	3	151	91	132
18	6	12	152	232	261
18	2	0	153	301	368
18	4	13	154	411	452
18	11	6	155	537	578
18	8	14	156	733	769
18	8	14	157	867	888
18	11	1	158	990	1030
19	14	1	159	0	40
19	1	14	160	80	114
19	0	8	161	281	340
19	12	4	162	373	441
19	9	0	163	444	511
19	11	6	164	578	625
19	8	14	165	672	733
19	0	0	166	830	908
19	0	10	167	1048	1075
20	0	9	168	127	206
20	10	7	169	305	330
20	7	3	170	428	495
20	4	1	171	568	608
20	7	12	172	815	825
20	2	10	173	859	943
21	8	10	174	61	144
21	13	7	175	237	305
21	6	9	176	390	459
21	11	6	177	472	537
21	1	9	178	542	646
21	0	0	179	908	984
21	3	11	180	1027	1062
22	12	14	181	24	44
22	6	12	182	63	118
22	10	2	183	158	222
22	9	14	184	358	431
22	2	8	185	518	603
22	7	12	186	635	686
22	12	13	187	734	761
22	3	8	188	950	972
23	14	8	189	80	174
23	0	10	190	380	413
23	10	10	191	478	507
23	6	5	192	543	577
23	4	1	193	680	758
23	2	8	194	787	857
23	11	11	195	931	977
24	4	11	196	183	237
24	14	8	197	262	273
24	10	7	198	330	414
24	12	2	199	521	530
24	12	3	200	539	601
24	5	8	201	614	669
24	14	9	202	726	738
24	1	11	203	768	841
25	1	8	204	9	79
25	8	3	205	273	323
25	3	10	206	769	849
25	10	3	207	896	904
25	10	7	208	982	1061
26	5	14	209	223	246
26	0	10	210	341	380
26	13	5	211	431	486
26	1	14	212	518	542
26	4	6	213	942	959
27	9	5	214	50	148
27	8	14	215	323	358
27	9	0	216	511	588
27	6	11	217	678	760
27	8	14	218	795	810
27	9	14	219	922	988
28	10	3	220	75	91
28	4	11	221	98	183
28	7	12	222	290	343
28	3	11	223	483	520
28	5	5	224	535	543
28	3	11	225	590	674
28	0	7	226	674	705
28	9	0	227	796	825
28	9	14	228	988	1015
29	6	12	229	118	164
29	10	5	230	222	254
29	10	5	231	254	304
29	4	1	232	608	650
29	0	13	233	769	794
29	9	13	234	876	922
30	8	10	235	0	33
30	9	10	236	254	341
30	5	12	237	343	427
30	4	7	238	497	568
30	2	4	239	736	761
30	12	7	240	769	793
30	8	14	241	837	867
30	6	9	242	1018	1053
30	1	14	243	1053	1083
31	2	0	244	140	213
31	3	13	245	221	312
31	11	14	246	625	657
31	13	7	247	862	885
31	2	10	248	943	971
31	5	8	249	972	1007
32	10	3	250	12	75
32	9	10	251	148	159
32	13	6	252	206	237
32	10	10	253	698	769
32	5	4	254	837	901
32	1	13	255	963	1001
32	13	4	256	1033	1063
33	4	13	257	0	38
33	12	4	258	86	115
33	14	9	259	668	726
33	14	9	260	738	764
33	10	3	261	904	979
33	0	0	262	984	1022
34	1	1	263	157	252
34	6	9	264	323	355
34	5	12	265	427	480
34	7	12	266	539	635
34	11	2	267	658	711
35	7	7	268	0	35
35	8	2	269	222	266
35	6	2	270	275	323
35	10	10	271	414	478
35	7	3	272	495	539
35	2	4	273	761	785
35	4	6	274	796	821
35	3	8	275	859	894
35	1	13	276	923	963
36	9	5	277	12	39
36	11	4	278	266	334
36	11	6	279	406	472
36	7	12	280	695	747
36	13	7	281	796	862
37	14	9	282	40	80
37	9	10	283	159	254
37	8	5	284	486	535
37	10	10	285	570	666
37	10	10	286	666	698
37	10	5	287	769	830
37	9	13	288	830	876
37	8	5	289	912	975
37	5	8	290	1007	1056
38	5	4	291	37	86
38	2	0	292	213	237
38	13	5	293	305	373
38	5	12	294	493	535
38	5	14	295	543	614
38	4	6	296	959	1019
38	1	14	297	1019	1031
39	11	1	298	130	152
39	6	12	299	164	232
39	5	14	300	246	296
39	13	5	301	373	431
39	5	12	302	480	493
39	13	2	303	493	521
39	9	0	304	588	679
39	4	1	305	758	788
39	10	3	306	833	896


Solution History:
