This is the output of Heuristic Solver for Dual resource constrained flexible job shop Scheduling Problem.
Input file is: wfjsp24_3.txt
Method: FaFM_30_50_600
Seed: 5
Number of Jobs: 40
Number of Operations: 307
Number of Machines: 15
Number of Operators: 12
CPU Time: 447.761
obj: 1330
Best found lower bound:0
Solver gap (best found lower bound and upper bound difference): Not known


Final Solution:
Job	Machine	Operator	Operation	Start Time	Finish Time
0	10	4	0	24	85
0	7	9	1	109	123
0	1	3	2	336	353
0	7	11	3	355	443
0	8	8	4	481	552
0	1	3	5	596	672
0	8	9	6	749	828
0	0	11	7	876	912
0	1	10	8	1195	1284
1	10	9	9	123	135
1	4	8	10	197	259
1	8	8	11	344	429
1	6	4	12	471	487
1	1	3	13	672	772
1	11	2	14	1001	1103
1	8	3	15	1107	1135
1	3	6	16	1201	1263
2	9	11	17	40	55
2	3	6	18	113	179
2	7	9	19	202	212
2	12	3	20	269	295
2	13	0	21	683	726
2	3	0	22	726	818
2	2	5	23	860	923
2	3	6	24	961	988
2	14	4	25	1107	1193
2	13	1	26	1194	1297
3	10	4	27	15	24
3	11	2	28	24	57
3	3	6	29	306	404
3	7	7	30	443	474
3	4	0	31	613	643
3	14	4	32	813	878
3	14	10	33	984	1046
3	13	5	34	1116	1171
4	1	7	35	0	88
4	11	6	36	179	278
4	5	3	37	353	368
4	3	3	38	508	536
4	3	5	39	536	611
4	9	5	40	770	783
4	4	4	41	878	903
4	5	10	42	1046	1097
4	12	1	43	1116	1151
4	3	6	44	1151	1201
5	13	3	45	123	221
5	7	11	46	221	290
5	4	0	47	401	485
5	2	10	48	544	561
5	1	10	49	561	576
5	4	10	50	661	712
5	1	3	51	772	843
5	5	9	52	878	912
5	9	4	53	1006	1031
5	11	8	54	1220	1274
6	8	10	55	0	25
6	11	2	56	57	84
6	5	7	57	264	347
6	12	5	58	366	438
6	0	5	59	438	534
6	12	4	60	636	734
6	13	1	61	860	869
6	6	3	62	991	1052
6	12	4	63	1203	1300
7	2	5	64	181	216
7	4	2	65	374	401
7	1	2	66	401	462
7	12	9	67	828	872
7	12	1	68	969	1051
7	7	5	69	1078	1089
7	1	7	70	1091	1177
8	2	5	71	216	275
8	14	9	72	346	375
8	14	11	73	610	683
8	13	5	74	736	764
8	14	3	75	1052	1107
8	8	2	76	1243	1256
9	3	3	77	0	28
9	0	11	78	28	40
9	2	5	79	61	133
9	5	0	80	167	258
9	5	2	81	474	523
9	6	0	82	555	574
9	11	5	83	961	992
9	10	9	84	1019	1031
10	0	11	85	683	757
10	11	7	86	763	807
10	11	6	87	816	852
10	11	6	88	852	875
10	2	7	89	944	975
10	13	8	90	978	1029
10	0	8	91	1029	1083
10	7	11	92	1099	1124
10	2	10	93	1284	1314
11	12	4	94	85	127
11	14	1	95	177	260
11	14	9	96	269	304
11	2	1	97	466	542
11	6	2	98	770	870
11	8	3	99	885	957
11	2	4	100	1046	1105
11	11	10	101	1105	1135
11	0	8	102	1137	1219
11	10	9	103	1239	1309
12	9	5	104	0	32
12	6	0	105	43	57
12	7	9	106	135	202
12	1	0	107	300	336
12	3	3	108	443	508
12	14	11	109	508	610
12	10	8	110	780	880
12	7	10	111	883	984
12	2	2	112	1152	1206
12	4	2	113	1206	1243
13	5	11	114	0	23
13	14	1	115	110	153
13	11	2	116	290	336
13	6	4	117	543	553
13	0	11	118	936	1010
13	5	3	119	1171	1246
14	10	4	120	0	15
14	2	10	121	576	638
14	13	0	122	643	683
14	2	6	123	710	743
14	0	5	124	783	860
14	2	2	125	1105	1152
14	9	5	126	1234	1290
15	13	1	127	56	110
15	8	2	128	137	213
15	0	8	129	552	625
15	8	7	130	625	651
15	4	11	131	813	876
15	10	10	132	1135	1159
15	5	2	133	1256	1318
16	8	9	134	213	257
16	2	6	135	278	306
16	11	0	136	336	401
16	10	9	137	537	590
16	2	2	138	663	699
16	4	10	139	712	757
16	14	10	140	757	806
16	8	10	141	857	883
16	7	6	142	988	1019
16	10	9	143	1031	1124
17	11	7	144	88	154
17	9	1	145	399	416
17	9	4	146	434	460
17	12	6	147	743	816
17	12	1	148	907	969
17	2	7	149	1220	1282
18	13	0	150	0	43
18	3	6	151	79	113
18	13	3	152	221	252
18	2	5	153	306	366
18	4	0	154	574	613
18	10	4	155	734	766
18	10	4	156	973	1006
18	7	9	157	1214	1239
18	0	11	158	1273	1314
19	6	0	159	57	101
19	6	0	160	101	142
19	0	10	161	244	306
19	14	9	162	375	449
19	7	7	163	552	615
19	13	0	164	818	860
19	9	2	165	870	929
19	6	0	166	1115	1198
19	14	11	167	1212	1240
20	4	6	168	0	79
20	12	10	169	449	473
20	10	1	170	667	723
20	3	3	171	843	885
20	11	5	172	992	1001
20	4	11	173	1010	1099
21	12	4	174	127	217
21	4	0	175	485	555
21	6	2	176	588	663
21	11	7	177	878	944
21	1	0	178	959	1058
21	7	11	179	1124	1212
21	3	0	180	1265	1305
22	12	10	181	63	83
22	3	7	182	204	264
22	10	11	183	290	355
22	12	10	184	473	544
22	6	8	185	880	978
22	7	6	186	1019	1076
22	13	5	187	1091	1116
22	2	10	188	1314	1330
23	14	9	189	0	94
23	8	5	190	275	304
23	10	11	191	476	502
23	13	7	192	516	547
23	9	1	193	547	641
23	14	9	194	912	981
23	8	8	195	1274	1318
24	10	11	196	152	209
24	14	3	197	260	269
24	6	4	198	269	339
24	6	4	199	460	471
24	11	2	200	523	588
24	6	0	201	1058	1115
24	14	4	202	1193	1203
24	14	3	203	1246	1320
25	1	2	204	213	290
25	8	8	205	429	481
25	11	5	206	666	736
25	7	9	207	740	749
25	5	7	208	807	878
26	5	0	209	142	167
26	0	2	210	336	374
26	6	4	211	487	543
26	0	11	212	757	782
26	8	5	213	1001	1016
27	7	8	214	0	100
27	3	0	215	264	300
27	9	10	216	306	383
27	12	4	217	553	636
27	5	7	218	651	667
27	9	2	219	929	1000
28	10	9	220	94	109
28	4	8	221	259	344
28	10	4	222	383	434
28	11	7	223	474	516
28	10	9	224	529	537
28	3	6	225	626	710
28	14	1	226	723	751
28	13	7	227	1064	1091
28	9	1	228	1297	1326
29	14	9	229	304	346
29	10	11	230	443	476
29	11	5	231	611	666
29	4	4	232	766	813
29	4	11	233	912	936
29	9	9	234	1169	1214
30	13	1	235	260	292
30	6	7	236	347	434
30	9	9	237	460	529
30	8	9	238	662	740
30	13	7	239	1035	1064
30	0	8	240	1083	1099
30	5	3	241	1137	1171
30	11	7	242	1177	1220
30	1	5	243	1290	1319
31	9	11	244	90	152
31	13	1	245	292	399
31	13	6	246	472	503
31	3	1	247	885	907
31	2	5	248	1019	1046
31	5	8	249	1099	1137
32	0	10	250	183	244
32	10	4	251	250	260
32	10	4	252	355	383
32	10	4	253	903	973
32	5	7	254	975	1035
32	3	5	255	1046	1078
32	10	10	256	1159	1195
33	9	11	257	55	90
33	12	3	258	295	328
33	11	1	259	416	466
33	9	1	260	641	667
33	9	2	261	699	770
33	0	11	262	1240	1273
34	1	8	263	100	197
34	12	4	264	217	250
34	5	3	265	536	596
34	6	7	266	667	763
34	12	1	267	1151	1194
35	5	10	268	25	63
35	5	2	269	84	137
35	6	7	270	154	204
35	13	6	271	404	472
35	7	6	272	503	552
35	2	10	273	638	661
35	9	11	274	783	806
35	3	5	275	923	961
35	11	6	276	1275	1320
36	8	5	277	32	61
36	5	3	278	368	443
36	10	9	279	590	662
36	9	10	280	806	857
36	3	6	281	1078	1149
37	3	3	282	28	62
37	0	10	283	83	183
37	0	8	284	625	664
37	1	0	285	860	959
37	2	9	286	981	1019
37	12	1	287	1051	1116
37	9	9	288	1124	1169
37	8	5	289	1171	1234
37	6	7	290	1282	1327
38	12	1	291	0	56
38	2	1	292	153	177
38	13	6	293	552	626
38	5	8	294	667	705
38	5	8	295	705	780
38	2	1	296	791	856
38	7	6	297	1263	1275
39	2	2	298	0	22
39	8	3	299	62	123
39	4	5	300	133	181
39	2	10	301	383	449
39	5	2	302	462	474
39	13	1	303	764	791
39	13	6	304	875	960
39	8	3	305	960	991
39	6	0	306	1198	1265


Solution History:
