This is the output of Heuristic Solver for Dual resource constrained flexible job shop Scheduling Problem.
Input file is: wfjsp23_4.txt
Method: FaFM_30_50_600
Seed: 5
Number of Jobs: 30
Number of Operations: 381
Number of Machines: 15
Number of Operators: 12
CPU Time: 505.682
obj: 1591
Best found lower bound:0
Solver gap (best found lower bound and upper bound difference): Not known


Final Solution:
Job	Machine	Operator	Operation	Start Time	Finish Time
0	7	9	0	169	238
0	1	11	1	268	329
0	0	1	2	435	502
0	9	3	3	583	647
0	9	6	4	656	749
0	9	3	5	800	828
0	1	3	6	918	957
0	9	11	7	1027	1040
0	5	8	8	1040	1086
0	0	2	9	1124	1149
0	6	2	10	1149	1164
0	1	5	11	1186	1229
0	14	8	12	1310	1384
0	6	0	13	1416	1441
1	6	9	14	0	70
1	0	5	15	166	245
1	9	3	16	441	502
1	10	2	17	502	549
1	2	1	18	586	619
1	2	1	19	619	635
1	8	3	20	754	800
1	7	2	21	914	989
1	14	0	22	1021	1032
1	3	4	23	1044	1109
1	3	4	24	1109	1181
1	4	11	25	1202	1213
1	0	11	26	1213	1284
1	5	1	27	1450	1525
2	14	2	28	0	81
2	2	3	29	184	233
2	12	6	30	529	615
2	3	10	31	649	713
2	11	6	32	931	1005
2	9	11	33	1040	1087
2	13	9	34	1087	1104
2	4	11	35	1134	1202
2	3	4	36	1316	1344
2	7	9	37	1368	1390
2	13	9	38	1390	1455
2	3	4	39	1472	1518
3	9	10	40	55	117
3	13	9	41	138	169
3	11	6	42	238	288
3	8	10	43	413	480
3	8	10	44	808	878
3	0	10	45	891	957
3	12	7	46	994	1029
3	12	7	47	1029	1052
3	9	6	48	1135	1200
3	14	1	49	1200	1233
3	13	3	50	1281	1329
4	2	5	51	245	272
4	1	6	52	428	525
4	0	6	53	615	656
4	7	8	54	663	680
4	2	3	55	681	712
4	3	0	56	732	808
4	1	10	57	880	891
4	13	9	58	918	993
4	0	1	59	1149	1197
4	5	11	60	1284	1347
4	0	11	61	1501	1549
4	10	3	62	1554	1591
5	4	9	63	121	133
5	10	3	64	233	257
5	9	9	65	281	331
5	8	2	66	344	400
5	9	5	67	517	563
5	13	11	68	689	723
5	10	11	69	755	817
5	9	9	70	853	918
5	3	4	71	1181	1215
5	4	3	72	1399	1446
5	14	0	73	1490	1566
6	10	3	74	93	145
6	9	10	75	181	190
6	3	8	76	270	336
6	5	2	77	403	452
6	5	8	78	453	474
6	14	9	79	509	582
6	7	8	80	680	743
6	10	1	81	1010	1067
6	10	3	82	1099	1152
6	1	8	83	1153	1185
6	13	0	84	1188	1272
6	4	4	85	1294	1316
6	8	7	86	1433	1458
7	5	3	87	53	92
7	10	7	88	157	220
7	0	2	89	251	294
7	7	10	90	365	390
7	11	4	91	390	418
7	8	1	92	512	586
7	5	1	93	758	814
7	6	2	94	999	1041
7	9	6	95	1088	1135
7	2	10	96	1168	1232
7	1	5	97	1232	1298
7	14	0	98	1441	1490
7	11	2	99	1498	1512
7	2	1	100	1526	1570
8	7	6	101	101	130
8	8	6	102	130	165
8	5	11	103	173	223
8	7	2	104	326	344
8	13	9	105	354	423
8	10	1	106	635	709
8	9	6	107	749	799
8	7	5	108	810	857
8	4	8	109	972	1038
8	11	9	110	1104	1170
8	12	6	111	1215	1267
8	5	11	112	1373	1438
8	12	9	113	1513	1588
9	0	1	114	145	155
9	1	1	115	155	260
9	12	4	116	263	311
9	12	8	117	386	453
9	4	9	118	454	481
9	3	4	119	509	560
9	6	4	120	630	661
9	10	11	121	723	755
9	12	9	122	758	793
9	14	0	123	854	914
9	5	1	124	920	959
9	2	8	125	1086	1153
9	0	2	126	1407	1498
9	1	6	127	1526	1574
10	2	6	128	69	101
10	10	0	129	274	350
10	3	7	130	403	475
10	12	10	131	480	529
10	13	7	132	554	608
10	6	0	133	716	732
10	4	3	134	829	873
10	12	3	135	876	918
10	4	11	136	923	957
10	9	5	137	972	1026
10	7	9	138	1191	1237
10	2	10	139	1237	1251
10	5	11	140	1347	1373
10	8	7	141	1470	1516
11	0	11	142	30	125
11	6	2	143	162	203
11	4	7	144	306	371
11	2	3	145	502	583
11	12	7	146	630	664
11	13	5	147	735	810
11	4	11	148	817	829
11	3	8	149	882	925
11	3	5	150	925	972
11	14	1	151	972	1001
11	6	2	152	1164	1198
11	11	2	153	1198	1265
11	9	5	154	1298	1399
12	4	4	155	0	93
12	2	0	156	113	184
12	8	7	157	220	240
12	3	9	158	481	509
12	14	9	159	582	613
12	13	9	160	613	681
12	12	1	161	709	758
12	10	7	162	818	884
12	10	0	163	914	983
12	10	0	164	983	1010
12	5	0	165	1010	1021
12	10	1	166	1067	1097
12	13	1	167	1104	1144
12	4	3	168	1329	1399
12	2	6	169	1446	1526
13	13	7	170	0	70
13	14	2	171	81	162
13	8	0	172	184	208
13	9	6	173	341	428
13	0	4	174	661	739
13	14	2	175	739	820
13	3	8	176	854	882
13	13	5	177	902	918
13	1	3	178	957	998
13	5	3	179	1231	1281
13	14	8	180	1287	1310
13	0	10	181	1328	1403
13	1	10	182	1403	1435
13	1	3	183	1446	1520
13	4	7	184	1520	1591
14	1	8	185	0	64
14	3	10	186	190	256
14	13	9	187	423	454
14	6	11	188	534	602
14	1	10	189	602	649
14	4	2	190	678	739
14	11	8	191	768	852
14	12	4	192	923	987
14	12	1	193	1301	1361
14	11	7	194	1361	1433
14	5	3	195	1525	1554
14	11	4	196	1563	1582
15	9	10	197	31	55
15	11	8	198	64	131
15	7	9	199	238	281
15	2	5	200	316	329
15	14	5	201	329	360
15	1	5	202	360	423
15	4	2	203	599	678
15	6	9	204	818	831
15	8	7	205	927	994
15	13	11	206	999	1027
15	0	5	207	1027	1107
15	8	0	208	1322	1349
15	8	0	209	1402	1416
15	10	1	210	1420	1450
16	5	7	211	93	157
16	4	4	212	198	263
16	3	8	213	336	386
16	0	1	214	406	435
16	7	0	215	517	560
16	5	0	216	560	588
16	6	5	217	610	627
16	14	5	218	706	735
16	4	4	219	876	923
16	12	10	220	1075	1168
16	4	4	221	1215	1294
16	7	9	222	1301	1368
17	10	3	223	0	53
17	5	1	224	260	330
17	11	9	225	331	354
17	5	7	226	371	403
17	7	5	227	423	517
17	1	7	228	771	818
17	5	2	229	820	869
17	2	1	230	869	920
17	7	9	231	993	1086
17	5	3	232	1152	1202
17	11	6	233	1267	1332
17	2	6	234	1381	1446
17	13	5	235	1471	1568
18	12	1	236	0	9
18	2	1	237	9	40
18	3	0	238	52	113
18	4	7	239	274	306
18	6	0	240	388	446
18	14	2	241	452	501
18	11	8	242	527	597
18	5	11	243	602	672
18	13	1	244	814	857
18	2	10	245	1046	1075
18	12	9	246	1181	1191
18	3	4	247	1344	1381
18	3	8	248	1384	1415
18	10	9	249	1455	1513
19	5	0	250	0	52
19	4	8	251	133	198
19	11	2	252	203	232
19	14	0	253	360	388
19	4	2	254	549	599
19	14	5	255	627	706
19	0	4	256	739	802
19	8	7	257	1099	1184
19	5	3	258	1202	1231
19	10	1	259	1233	1266
19	6	2	260	1266	1340
19	8	0	261	1349	1402
19	6	2	262	1512	1573
20	6	9	263	70	121
20	9	8	264	198	270
20	6	0	265	446	515
20	8	0	266	637	708
20	7	10	267	753	808
20	8	7	268	884	927
20	12	8	269	1191	1215
20	12	9	270	1267	1301
20	12	8	271	1420	1487
20	5	0	272	1566	1581
21	7	5	273	0	91
21	12	4	274	93	185
21	6	11	275	223	268
21	10	3	276	350	441
21	7	5	277	563	610
21	11	3	278	724	754
21	2	6	279	799	830
21	7	5	280	857	902
21	5	11	281	1087	1134
21	8	7	282	1184	1244
21	3	7	283	1244	1305
21	0	10	284	1319	1328
21	2	6	285	1332	1381
21	9	5	286	1399	1471
21	9	8	287	1487	1586
22	13	6	288	169	188
22	13	3	289	257	335
22	0	11	290	335	406
22	11	4	291	418	507
22	11	8	292	597	663
22	6	9	293	689	716
22	6	11	294	957	999
22	8	10	295	1251	1319
22	12	1	296	1361	1420
22	3	4	297	1431	1472
22	3	4	298	1518	1563
23	13	5	299	91	138
23	10	7	300	257	274
23	2	5	301	274	291
23	13	7	302	475	554
23	8	0	303	588	637
23	11	7	304	664	685
23	8	10	305	713	740
23	2	8	306	743	768
23	6	9	307	793	803
23	1	6	308	830	880
23	11	6	309	880	931
23	10	1	310	1266	1300
23	6	11	311	1441	1501
24	1	1	312	81	145
24	14	0	313	208	274
24	7	2	314	294	326
24	2	1	315	330	405
24	2	11	316	406	470
24	8	1	317	502	512
24	3	4	318	560	630
24	12	4	319	802	876
24	14	0	320	1032	1096
24	7	0	321	1096	1125
24	9	8	322	1215	1287
25	9	10	323	0	31
25	2	6	324	47	69
25	11	3	325	145	182
25	14	4	326	185	196
25	0	5	327	294	316
25	5	2	328	869	914
25	8	6	329	1005	1088
25	7	0	330	1125	1188
25	14	4	331	1384	1431
25	7	10	332	1435	1518
25	14	1	333	1570	1590
26	8	11	334	0	30
26	9	11	335	125	173
26	13	6	336	188	238
26	11	4	337	360	384
26	0	10	338	529	601
26	10	7	339	608	630
26	1	3	340	649	681
26	1	7	341	685	771
26	6	9	342	803	818
26	9	9	343	831	853
26	6	11	344	853	923
26	2	10	345	984	1046
26	7	9	346	1237	1262
26	2	0	347	1272	1322
26	0	11	348	1549	1579
27	0	6	349	0	28
27	5	2	350	232	251
27	8	10	351	256	290
27	6	10	352	290	365
27	10	11	353	470	479
27	3	0	354	808	854
27	0	10	355	957	984
27	1	3	356	998	1099
27	6	2	357	1340	1407
27	7	10	358	1518	1584
28	3	6	359	28	47
28	12	1	360	47	81
28	7	5	361	138	166
28	8	6	362	290	341
28	4	11	363	481	534
28	7	10	364	743	753
28	3	4	365	987	1044
28	11	7	366	1052	1099
28	14	5	367	1107	1186
28	10	7	368	1305	1356
29	10	7	369	70	93
29	3	10	370	117	181
29	12	4	371	311	360
29	7	10	372	390	413
29	5	8	373	474	527
29	6	11	374	672	689
29	11	3	375	712	724
29	5	9	376	724	758
29	2	8	377	925	972
29	4	2	378	1041	1124
29	13	9	379	1170	1181
29	8	7	380	1458	1470


Solution History:
