This is the output of Heuristic Solver for Dual resource constrained flexible job shop Scheduling Problem.
Input file is: wfjsp9_4.txt
Method: FaFM_30_50_600
Seed: 3
Number of Jobs: 15
Number of Operations: 137
Number of Machines: 5
Number of Operators: 5
CPU Time: 108.765
obj: 1364
Best found lower bound:0
Solver gap (best found lower bound and upper bound difference): Not known


Final Solution:
Job	Machine	Operator	Operation	Start Time	Finish Time
0	1	2	0	36	110
0	1	3	1	271	332
0	4	2	2	442	517
0	3	0	3	762	826
0	2	1	4	863	963
0	4	4	5	963	994
0	4	4	6	1059	1102
0	0	2	7	1242	1255
0	3	0	8	1284	1333
1	1	4	9	0	23
1	1	2	10	23	36
1	1	2	11	189	224
1	1	3	12	332	400
1	2	1	13	482	507
1	4	4	14	717	797
1	3	0	15	857	931
1	3	0	16	1000	1061
1	4	4	17	1316	1363
2	3	0	18	0	33
2	0	1	19	116	131
2	1	2	20	140	189
2	3	0	21	249	323
2	1	3	22	457	468
2	4	4	23	654	717
2	0	2	24	772	846
2	3	0	25	1061	1072
2	0	2	26	1126	1199
2	3	0	27	1212	1284
3	2	3	28	0	96
3	4	4	29	294	343
3	0	4	30	467	561
3	2	1	31	561	625
3	3	0	32	931	1000
3	1	3	33	1041	1084
3	0	2	34	1110	1126
3	1	3	35	1192	1259
3	0	2	36	1332	1362
4	4	2	37	0	23
4	0	1	38	26	88
4	1	3	39	225	271
4	2	1	40	391	450
4	2	1	41	450	482
4	3	0	42	640	693
4	2	1	43	719	790
4	2	1	44	1092	1166
4	0	2	45	1255	1320
4	3	0	46	1333	1364
5	0	1	47	88	116
5	4	4	48	157	222
5	3	0	49	407	437
5	2	1	50	507	560
5	1	3	51	640	670
5	0	2	52	846	942
5	2	1	53	963	1003
5	2	1	54	1003	1016
5	2	1	55	1246	1277
6	3	0	56	176	249
6	3	0	57	437	449
6	4	2	58	517	589
6	4	4	59	610	654
6	4	4	60	902	963
6	1	3	61	997	1041
6	0	2	62	1079	1110
6	0	2	63	1320	1332
7	3	0	64	84	111
7	0	1	65	203	256
7	2	1	66	332	391
7	3	0	67	573	616
7	1	3	68	737	769
7	4	4	69	846	902
7	1	3	70	933	997
7	1	3	71	1157	1192
7	2	1	72	1310	1360
8	2	3	73	135	225
8	0	2	74	294	341
8	3	0	75	480	490
8	1	3	76	569	640
8	0	2	77	679	730
8	3	0	78	738	762
8	2	1	79	1016	1092
8	1	3	80	1298	1361
9	4	4	81	70	123
9	3	0	82	323	379
9	3	0	83	379	407
9	1	3	84	468	569
9	3	0	85	616	640
9	3	0	86	826	857
9	1	3	87	886	923
9	0	2	88	1009	1079
9	1	3	89	1259	1298
10	0	1	90	0	26
10	1	2	91	110	140
10	2	1	92	256	332
10	1	3	93	400	457
10	0	2	94	730	772
10	4	4	95	797	846
10	0	2	96	942	1009
10	3	0	97	1072	1136
10	0	2	98	1199	1242
11	3	0	99	111	123
11	3	0	100	123	176
11	2	4	101	225	253
11	4	2	102	413	442
11	3	0	103	490	540
11	4	2	104	589	607
11	1	3	105	769	843
11	3	0	106	1136	1212
12	4	4	107	23	70
12	2	3	108	96	135
12	4	2	109	224	294
12	4	2	110	343	413
12	0	4	111	561	610
12	1	3	112	670	737
12	2	1	113	790	863
12	1	3	114	923	933
12	4	4	115	1102	1193
12	4	4	116	1193	1241
13	0	1	117	131	203
13	0	4	118	256	288
13	0	4	119	343	392
13	3	0	120	449	480
13	3	0	121	540	573
13	2	1	122	625	659
13	2	1	123	659	719
13	1	3	124	843	886
13	1	3	125	1084	1157
13	4	4	126	1241	1316
14	3	0	127	33	84
14	4	4	128	123	157
14	0	4	129	392	467
14	0	2	130	610	679
14	3	0	131	693	738
14	4	4	132	994	1041
14	4	4	133	1041	1059
14	2	1	134	1166	1210
14	2	1	135	1210	1246
14	2	1	136	1277	1310


Solution History:
