This is the output of Heuristic Solver for Dual resource constrained flexible job shop Scheduling Problem.
Input file is: wfjsp15_3.txt
Method: FaFM_30_50_600
Seed: 4
Number of Jobs: 30
Number of Operations: 385
Number of Machines: 15
Number of Operators: 15
CPU Time: 376.251
obj: 1393
Best found lower bound:0
Solver gap (best found lower bound and upper bound difference): Not known


Final Solution:
Job	Machine	Operator	Operation	Start Time	Finish Time
0	10	5	0	0	61
0	11	4	1	77	90
0	8	14	2	93	108
0	11	7	3	272	353
0	13	5	4	354	419
0	4	2	5	419	490
0	4	14	6	566	650
0	10	14	7	650	680
0	7	3	8	773	864
0	6	5	9	865	878
0	6	5	10	943	999
0	1	14	11	1003	1095
0	5	5	12	1123	1141
0	9	0	13	1170	1261
1	3	13	14	36	131
1	3	13	15	131	159
1	12	13	16	279	332
1	3	13	17	332	349
1	10	7	18	353	432
1	14	8	19	453	462
1	13	5	20	474	502
1	1	1	21	614	657
1	10	10	22	776	864
1	8	5	23	999	1060
1	5	5	24	1141	1171
1	7	13	25	1182	1265
1	14	9	26	1266	1362
2	11	4	27	0	8
2	14	4	28	8	38
2	4	2	29	129	237
2	7	12	30	255	290
2	6	9	31	321	352
2	7	13	32	395	453
2	9	6	33	455	514
2	4	2	34	650	713
2	9	8	35	767	867
2	11	10	36	930	1018
2	12	1	37	1052	1068
2	10	5	38	1176	1203
2	4	6	39	1246	1315
2	4	6	40	1315	1328
2	7	7	41	1362	1385
3	13	8	42	0	58
3	4	6	43	59	91
3	4	2	44	286	334
3	1	11	45	334	418
3	1	1	46	538	614
3	12	1	47	679	759
3	13	11	48	768	783
3	11	6	49	783	795
3	7	12	50	866	918
3	12	14	51	918	980
3	6	11	52	1024	1066
3	6	2	53	1066	1089
3	1	1	54	1311	1375
4	9	14	55	0	24
4	5	12	56	25	56
4	12	1	57	119	201
4	8	14	58	267	334
4	1	11	59	418	512
4	13	8	60	577	674
4	8	5	61	679	688
4	6	9	62	702	765
4	14	7	63	811	910
4	1	1	64	960	1001
4	6	2	65	1089	1116
4	2	1	66	1124	1185
4	6	9	67	1219	1257
4	0	10	68	1283	1356
4	8	13	69	1359	1369
5	5	12	70	56	150
5	1	8	71	243	299
5	14	10	72	354	380
5	5	8	73	467	539
5	6	7	74	539	572
5	10	2	75	585	644
5	11	1	76	661	674
5	8	3	77	688	719
5	9	6	78	755	766
5	10	10	79	864	930
5	0	9	80	930	1015
5	2	1	81	1068	1124
5	1	7	82	1230	1248
5	7	5	83	1265	1302
5	3	8	84	1353	1366
6	12	11	85	46	119
6	5	12	86	193	234
6	0	7	87	234	272
6	5	3	88	318	340
6	12	3	89	340	367
6	6	9	90	468	524
6	11	11	91	577	622
6	12	4	92	628	652
6	12	4	93	652	679
6	14	5	94	688	729
6	14	5	95	729	811
6	12	14	96	826	860
6	3	13	97	885	975
6	0	10	98	1100	1182
7	6	1	99	25	107
7	10	5	100	229	280
7	1	8	101	299	334
7	12	3	102	367	467
7	9	6	103	514	583
7	5	4	104	583	618
7	7	12	105	690	699
7	4	2	106	713	786
7	0	9	107	786	827
7	11	11	108	860	924
7	3	11	109	1157	1254
7	8	13	110	1265	1359
8	2	6	111	151	257
8	3	13	112	349	395
8	14	8	113	395	425
8	6	9	114	441	468
8	4	14	115	515	566
8	11	11	116	622	661
8	4	6	117	865	877
8	4	6	118	976	1041
8	5	3	119	1043	1122
8	4	6	120	1132	1147
8	8	2	121	1182	1248
9	7	3	122	0	40
9	11	2	123	46	77
9	12	1	124	201	279
9	5	8	125	340	395
9	8	13	126	462	524
9	12	3	127	566	628
9	5	11	128	698	768
9	2	8	129	867	940
9	6	11	130	999	1024
9	9	0	131	1081	1146
9	9	0	132	1146	1170
9	10	5	133	1203	1257
9	0	0	134	1356	1393
10	6	12	135	0	25
10	0	9	136	41	116
10	7	3	137	187	254
10	9	0	138	365	405
10	2	4	139	423	475
10	8	5	140	524	580
10	9	6	141	583	611
10	1	11	142	661	691
10	2	0	143	730	826
10	1	1	144	884	960
10	7	12	145	1032	1046
10	11	7	146	1069	1095
10	14	3	147	1193	1266
10	12	14	148	1295	1352
11	4	6	149	0	59
11	0	11	150	119	172
11	13	4	151	192	234
11	0	5	152	280	315
11	8	10	153	394	462
11	2	4	154	475	525
11	3	12	155	613	653
11	6	9	156	666	702
11	8	13	157	773	796
11	2	0	158	826	866
11	7	12	159	918	959
11	12	1	160	1003	1040
11	3	8	161	1065	1121
11	11	7	162	1124	1200
11	13	7	163	1248	1310
12	2	0	164	0	37
12	1	8	165	87	147
12	14	10	166	147	240
12	8	4	167	240	267
12	6	9	168	352	441
12	10	10	169	462	489
12	7	4	170	526	582
12	14	5	171	645	679
12	11	4	172	679	690
12	11	7	173	691	774
12	6	11	174	783	860
12	14	4	175	910	978
12	13	7	176	997	1066
12	13	8	177	1123	1201
12	10	3	178	1285	1385
13	11	7	179	90	169
13	9	0	180	172	210
13	6	12	181	234	255
13	10	1	182	280	343
13	13	11	183	512	577
13	1	14	184	733	806
13	2	8	185	940	1035
13	4	6	186	1041	1097
13	3	4	187	1121	1147
13	8	13	188	1163	1182
13	12	14	189	1192	1295
14	8	10	190	0	30
14	13	8	191	58	87
14	4	2	192	91	129
14	3	12	193	395	473
14	7	7	194	582	651
14	3	7	195	653	691
14	3	4	196	723	775
14	1	14	197	817	826
14	8	7	198	910	994
14	12	1	199	1040	1052
14	10	2	200	1116	1176
14	11	10	201	1231	1283
15	12	11	202	0	9
15	14	5	203	74	140
15	3	13	204	159	231
15	13	5	205	419	474
15	3	12	206	534	613
15	9	0	207	867	877
15	9	0	208	877	957
15	12	14	209	980	1003
15	5	3	210	1005	1043
15	1	1	211	1248	1311
15	2	4	212	1315	1341
15	11	10	213	1368	1383
16	13	4	214	90	192
16	3	13	215	231	267
16	13	6	216	267	350
16	11	1	217	430	508
16	14	5	218	508	522
16	0	13	219	632	703
16	2	0	220	711	730
16	5	12	221	768	866
16	13	2	222	866	929
16	10	2	223	930	980
16	9	0	224	994	1003
16	12	11	225	1068	1157
16	11	7	226	1200	1230
16	0	8	227	1230	1259
16	4	6	228	1328	1356
17	9	0	229	93	134
17	6	9	230	199	232
17	5	4	231	267	317
17	2	4	232	376	423
17	1	1	233	512	538
17	5	8	234	539	575
17	1	14	235	698	733
17	3	13	236	796	885
17	13	11	237	929	997
17	7	12	238	1113	1179
17	4	2	239	1356	1383
18	1	7	240	0	17
18	12	11	241	17	46
18	9	0	242	134	172
18	5	14	243	234	264
18	7	12	244	325	392
18	6	9	245	572	666
18	13	5	246	811	842
18	10	2	247	980	1003
18	2	8	248	1035	1065
18	4	6	249	1097	1132
18	14	3	250	1132	1193
18	5	4	251	1222	1234
18	5	12	252	1234	1269
18	13	5	253	1310	1379
19	1	7	254	17	86
19	10	10	255	109	138
19	7	3	256	159	187
19	0	7	257	187	228
19	0	5	258	315	354
19	9	6	259	405	455
19	4	14	260	490	515
19	10	10	261	515	585
19	7	12	262	653	690
19	5	3	263	866	961
19	9	0	264	961	994
19	3	13	265	999	1060
19	1	14	266	1095	1192
19	2	4	267	1263	1315
20	11	2	268	8	46
20	2	3	269	257	318
20	9	0	270	323	365
20	7	7	271	462	526
20	8	3	272	719	773
20	13	5	273	842	865
20	3	13	274	975	999
20	14	4	275	1073	1117
20	2	10	276	1185	1231
20	2	4	277	1234	1263
20	5	12	278	1327	1389
21	9	14	279	24	90
21	2	6	280	93	151
21	6	9	281	255	321
21	11	1	282	353	391
21	12	3	283	467	566
21	2	0	284	632	670
21	10	10	285	680	776
21	8	4	286	796	834
21	12	14	287	860	915
21	5	3	288	961	1005
21	14	4	289	1005	1073
21	6	9	290	1116	1161
22	2	0	291	37	93
22	8	14	292	108	130
22	6	9	293	130	199
22	11	1	294	391	430
22	11	2	295	508	575
22	14	5	296	580	645
22	5	14	297	687	698
22	14	4	298	978	1003
22	7	12	299	1046	1113
22	1	1	300	1192	1229
22	11	2	301	1285	1352
22	7	7	302	1352	1362
22	9	6	303	1362	1391
23	7	3	304	40	131
23	7	3	305	131	159
23	14	10	306	240	306
23	9	0	307	306	323
23	10	7	308	432	462
23	0	0	309	541	632
23	9	6	310	696	755
23	4	2	311	786	865
23	4	6	312	877	976
23	9	0	313	1003	1081
23	6	9	314	1161	1219
23	2	4	315	1341	1370
24	8	10	316	30	93
24	10	10	317	93	109
24	5	12	318	150	193
24	3	11	319	272	317
24	0	0	320	445	541
24	9	6	321	611	696
24	7	12	322	699	767
24	7	12	323	959	1032
24	13	5	324	1066	1123
24	5	4	325	1171	1222
24	0	8	326	1259	1275
24	3	8	327	1275	1324
24	11	14	328	1352	1368
25	10	5	329	140	229
25	8	14	330	334	394
25	14	8	331	425	453
25	3	12	332	511	534
25	3	4	333	691	723
25	13	7	334	783	811
25	0	9	335	827	924
25	10	10	336	1069	1100
25	13	8	337	1201	1229
25	5	12	338	1269	1327
26	14	4	339	38	74
26	9	0	340	210	293
26	14	10	341	306	354
26	8	10	342	585	678
26	12	1	343	759	821
26	11	6	344	847	858
26	11	10	345	1018	1069
26	10	2	346	1257	1285
26	7	7	347	1310	1340
26	6	11	348	1340	1391
27	0	9	349	0	41
27	8	14	350	130	191
27	8	14	351	191	221
27	4	2	352	237	286
27	7	12	353	290	325
27	5	14	354	395	467
27	14	9	355	524	569
27	11	6	356	795	847
27	6	5	357	878	943
27	0	9	358	1015	1100
27	6	11	359	1257	1339
28	3	13	360	0	36
28	1	8	361	147	243
28	2	4	362	318	376
28	4	6	363	393	402
28	0	0	364	405	445
28	2	13	365	525	630
28	5	3	366	630	687
28	13	8	367	687	767
28	3	4	368	775	793
28	8	4	369	834	902
28	10	2	370	1003	1063
28	8	13	371	1063	1163
28	9	0	372	1261	1301
28	3	8	373	1324	1353
29	11	11	374	172	272
29	3	11	375	317	330
29	4	2	376	334	393
29	3	12	377	473	511
29	2	0	378	670	711
29	0	13	379	711	771
29	1	14	380	806	817
29	1	1	381	826	884
29	11	7	382	1095	1124
29	4	6	383	1147	1246
29	8	5	384	1257	1265


Solution History:
