This is the output of Heuristic Solver for Dual resource constrained flexible job shop Scheduling Problem.
Input file is: wfjsp5_5.txt
Method: FaFM_30_50_600
Seed: 4
Number of Jobs: 10
Number of Operations: 71
Number of Machines: 5
Number of Operators: 5
CPU Time: 17.7428
obj: 716
Best found lower bound:0
Solver gap (best found lower bound and upper bound difference): Not known


Final Solution:
Job	Machine	Operator	Operation	Start Time	Finish Time
0	2	0	0	37	52
0	1	1	1	64	102
0	1	3	2	130	217
0	3	0	3	252	318
0	4	4	4	417	484
0	3	2	5	519	553
0	0	1	6	644	716
1	2	0	7	0	37
1	3	0	8	130	174
1	3	0	9	216	252
1	1	3	10	304	335
1	1	3	11	335	403
1	1	3	12	486	509
1	1	3	13	509	523
1	1	3	14	523	598
2	4	1	15	0	64
2	0	1	16	125	135
2	4	4	17	149	195
2	4	4	18	264	339
2	3	0	19	436	475
2	0	1	20	490	518
2	2	0	21	555	592
2	4	4	22	669	698
3	0	0	23	59	91
3	2	2	24	290	373
3	3	0	25	388	436
3	4	4	26	484	523
3	2	0	27	592	617
4	1	4	28	15	24
4	3	3	29	85	130
4	2	2	30	142	225
4	2	2	31	225	290
4	3	0	32	318	388
4	1	3	33	403	486
4	4	4	34	523	603
4	1	3	35	613	648
5	0	2	36	0	14
5	0	2	37	14	59
5	4	4	38	64	149
5	4	4	39	195	264
5	0	1	40	424	490
5	0	1	41	518	548
5	0	1	42	574	644
5	1	3	43	680	712
6	0	1	44	135	153
6	0	1	45	187	254
6	2	0	46	617	710
7	2	2	47	59	142
7	3	0	48	174	216
7	0	1	49	254	338
7	4	4	50	339	417
7	3	2	51	476	485
7	3	2	52	485	519
7	3	2	53	553	632
7	1	3	54	648	680
8	3	3	55	0	85
8	1	1	56	102	124
8	0	1	57	153	187
8	2	2	58	373	464
8	2	2	59	464	476
8	0	1	60	548	574
8	4	4	61	603	669
9	1	4	62	0	15
9	1	4	63	24	64
9	0	0	64	91	125
9	1	3	65	217	304
9	0	1	66	338	424
9	2	0	67	476	514
9	2	0	68	514	555
9	1	3	69	598	613
9	3	2	70	632	716


Solution History:
