This is the output of Heuristic Solver for Dual resource constrained flexible job shop Scheduling Problem.
Input file is: wfjsp21_1.txt
Method: FaFM_30_50_600
Seed: 1
Number of Jobs: 25
Number of Operations: 248
Number of Machines: 15
Number of Operators: 12
CPU Time: 339.663
obj: 1043
Best found lower bound:0
Solver gap (best found lower bound and upper bound difference): Not known


Final Solution:
Job	Machine	Operator	Operation	Start Time	Finish Time
0	11	0	0	0	66
0	6	3	1	66	91
0	6	6	2	252	292
0	14	9	3	349	429
0	8	9	4	607	685
0	13	6	5	698	756
0	9	5	6	810	880
0	13	7	7	911	941
0	12	7	8	941	975
0	5	9	9	984	1020
0	6	9	10	1030	1039
1	10	3	11	0	14
1	14	3	12	14	26
1	4	1	13	43	92
1	8	4	14	196	252
1	0	7	15	289	330
1	7	1	16	330	359
1	10	7	17	435	446
1	13	4	18	447	507
1	8	8	19	718	762
1	3	1	20	837	932
2	12	7	21	0	89
2	10	8	22	123	165
2	12	7	23	215	289
2	14	10	24	327	341
2	6	2	25	380	414
2	8	11	26	429	451
2	6	1	27	504	529
2	14	1	28	529	578
2	3	5	29	627	711
3	7	1	30	189	229
3	11	4	31	252	312
3	2	10	32	430	517
3	3	5	33	581	627
3	12	0	34	642	657
3	2	0	35	686	734
3	3	2	36	810	834
3	1	4	37	974	1008
4	7	8	38	0	67
4	5	0	39	67	133
4	12	10	40	290	327
4	0	7	41	516	598
4	1	0	42	659	686
4	3	5	43	711	771
4	7	3	44	884	897
4	2	10	45	984	998
5	8	6	46	0	72
5	6	1	47	92	101
5	1	8	48	115	123
5	10	2	49	179	221
5	10	6	50	295	370
5	1	8	51	372	387
5	1	6	52	407	468
5	2	0	53	517	566
5	1	9	54	686	730
5	11	10	55	792	832
5	12	8	56	832	924
5	14	7	57	975	1011
6	11	7	58	348	435
6	8	11	59	451	505
6	3	5	60	559	581
6	7	0	61	587	642
6	12	8	62	657	676
6	0	7	63	676	718
6	4	7	64	718	815
6	12	11	65	987	1022
6	9	3	66	1022	1041
7	9	5	67	69	124
7	8	1	68	124	189
7	10	3	69	222	295
7	3	5	70	335	380
7	5	11	71	384	410
7	11	7	72	446	483
7	8	9	73	505	544
7	10	10	74	555	596
7	3	0	75	932	977
8	13	4	76	0	74
8	12	3	77	108	192
8	3	5	78	380	458
8	3	5	79	458	559
8	10	7	80	598	674
8	9	3	81	680	724
8	10	3	82	724	739
8	2	4	83	822	844
8	5	0	84	918	927
8	6	2	85	953	1030
9	14	7	86	102	138
9	13	3	87	192	222
9	13	10	88	273	290
9	9	3	89	362	392
9	0	10	90	598	653
9	4	3	91	667	680
9	12	0	92	754	807
9	8	11	93	908	987
10	5	9	94	0	19
10	8	6	95	72	97
10	2	4	96	97	153
10	7	8	97	165	177
10	3	5	98	198	279
10	9	3	99	453	525
10	11	3	100	574	627
10	14	1	101	663	705
11	1	11	102	123	215
11	1	2	103	221	300
11	13	4	104	328	363
11	4	1	105	363	424
11	4	2	106	424	444
11	4	2	107	444	482
11	1	2	108	482	497
11	11	3	109	897	975
11	11	0	110	977	1032
12	9	5	111	0	69
12	7	8	112	69	93
12	10	8	113	93	115
12	5	9	114	274	349
12	5	0	115	566	587
12	2	4	116	741	822
12	14	10	117	832	933
12	6	6	118	933	945
12	2	4	119	951	974
13	8	1	120	101	120
13	6	6	121	169	252
13	12	11	122	327	384
13	6	6	123	531	603
13	1	6	124	603	659
13	6	6	125	659	698
13	8	6	126	762	798
13	10	8	127	802	831
13	2	2	128	862	888
13	0	9	129	888	976
14	1	11	130	0	21
14	10	3	131	26	51
14	3	2	132	142	179
14	0	0	133	211	229
14	9	1	134	229	276
14	12	8	135	387	465
14	8	9	136	544	607
14	13	8	137	613	652
14	5	10	138	653	754
14	0	8	139	762	802
14	10	7	140	831	911
14	7	8	141	961	1039
15	5	10	142	21	61
15	3	10	143	61	139
15	4	7	144	139	215
15	0	10	145	359	411
15	7	8	146	465	502
15	11	11	147	505	574
15	14	1	148	578	663
15	7	4	149	671	741
15	5	10	150	754	792
15	5	0	151	807	865
15	7	2	152	897	953
15	10	6	153	961	1016
16	14	2	154	51	102
16	6	2	155	102	142
16	5	4	156	153	196
16	5	9	157	198	274
16	8	8	158	311	356
16	9	3	159	392	453
16	7	3	160	779	862
16	1	4	161	877	951
17	0	10	162	0	21
17	12	3	163	91	108
17	2	10	164	222	273
17	1	4	165	312	328
17	8	8	166	356	372
17	0	0	167	460	515
17	5	10	168	517	555
17	2	2	169	573	595
17	9	2	170	595	674
17	6	1	171	705	787
17	3	5	172	787	808
18	2	1	173	0	43
18	13	6	174	97	169
18	6	2	175	300	380
18	0	0	176	421	460
18	14	9	177	469	504
18	13	4	178	507	551
18	13	4	179	551	589
18	12	2	180	676	754
18	9	2	181	754	810
18	13	6	182	816	889
18	14	7	183	1011	1040
19	9	5	184	124	198
19	2	0	185	275	370
19	8	6	186	372	407
19	2	10	187	411	430
19	12	6	188	468	531
19	4	3	189	631	667
19	11	11	190	690	780
19	14	11	191	780	819
19	6	3	192	862	884
19	4	6	193	889	933
19	4	1	194	933	992
20	1	11	195	21	112
20	11	11	196	112	121
20	14	10	197	139	222
20	9	3	198	295	362
20	10	0	199	370	421
20	5	9	200	429	469
20	4	2	201	497	573
20	4	11	202	574	631
20	6	1	203	787	837
20	11	4	204	844	877
20	9	5	205	880	953
20	0	4	206	1008	1034
21	6	2	207	0	51
21	13	4	208	74	96
21	2	8	209	177	222
21	11	11	210	224	244
21	14	11	211	244	327
21	11	7	212	330	348
21	6	1	213	424	504
21	9	3	214	525	548
21	1	9	215	730	808
21	2	2	216	844	862
21	5	0	217	865	918
21	9	3	218	975	1012
22	11	0	219	133	211
22	13	8	220	222	267
22	3	1	221	279	329
22	7	8	222	502	582
22	12	8	223	582	613
22	10	8	224	676	718
22	8	11	225	819	908
22	14	10	226	933	957
22	13	5	227	957	1038
23	0	0	228	229	275
23	4	5	229	279	335
23	0	10	230	341	359
23	7	4	231	363	447
23	5	7	232	483	516
23	11	11	233	631	690
23	7	3	234	741	779
23	0	9	235	808	886
23	10	8	236	924	961
23	5	10	237	961	984
23	4	1	238	992	1039
24	0	9	239	21	110
24	0	9	240	110	198
24	11	11	241	215	224
24	8	8	242	267	311
24	5	11	243	410	429
24	12	3	244	548	574
24	2	4	245	595	671
24	8	6	246	798	816
24	3	10	247	998	1043


Solution History:
