This is the output of Heuristic Solver for Dual resource constrained flexible job shop Scheduling Problem.
Input file is: wfjsp17_9.txt
Method: FaFM_30_50_600
Seed: 2
Number of Jobs: 15
Number of Operations: 131
Number of Machines: 5
Number of Operators: 4
CPU Time: 173.211
obj: 1601
Best found lower bound:0
Solver gap (best found lower bound and upper bound difference): Not known


Final Solution:
Job	Machine	Operator	Operation	Start Time	Finish Time
0	3	0	0	82	162
0	2	3	1	472	511
0	2	3	2	614	674
0	1	3	3	834	890
0	0	1	4	947	976
0	3	3	5	1035	1120
0	0	2	6	1159	1219
0	3	1	7	1385	1402
1	2	1	8	36	94
1	2	0	9	264	322
1	2	3	10	530	614
1	1	0	11	717	796
1	0	1	12	880	947
1	4	2	13	959	995
1	0	0	14	1379	1397
1	3	0	15	1456	1512
2	4	2	16	152	165
2	0	2	17	247	335
2	1	1	18	452	474
2	1	0	19	815	834
2	1	1	20	976	1006
2	2	3	21	1175	1214
2	4	2	22	1259	1271
2	4	1	23	1511	1533
3	0	2	24	0	22
3	3	0	25	26	82
3	2	0	26	322	373
3	3	1	27	635	721
3	3	3	28	730	815
3	3	3	29	951	1035
3	2	3	30	1120	1175
3	2	3	31	1255	1317
3	0	2	32	1543	1601
4	1	3	33	0	77
4	1	3	34	268	283
4	0	2	35	335	423
4	4	2	36	423	457
4	1	0	37	796	815
4	2	3	38	1242	1255
4	1	1	39	1259	1317
4	4	1	40	1541	1599
5	4	1	41	348	423
5	0	0	42	441	462
5	4	2	43	487	504
5	2	3	44	511	530
5	4	2	45	745	779
5	2	0	46	859	903
5	4	1	47	1195	1259
5	1	0	48	1335	1379
6	2	1	49	14	36
6	2	0	50	162	264
6	3	3	51	383	411
6	1	0	52	584	642
6	4	3	53	674	702
6	4	3	54	702	730
6	0	2	55	1020	1101
6	2	3	56	1317	1402
6	3	1	57	1402	1414
6	1	1	58	1484	1511
7	4	2	59	165	247
7	1	0	60	394	441
7	1	1	61	474	510
7	0	1	62	748	819
7	4	2	63	897	959
7	3	0	64	1223	1281
7	3	1	65	1317	1385
7	1	0	66	1512	1525
7	2	1	67	1533	1541
8	3	0	68	0	26
8	3	3	69	206	266
8	2	0	70	373	394
8	3	1	71	423	452
8	2	1	72	721	748
8	2	0	73	903	965
8	1	0	74	1023	1120
8	2	0	75	1547	1598
9	1	3	76	77	105
9	0	2	77	624	703
9	0	2	78	703	745
9	4	2	79	840	897
9	2	3	80	1214	1242
9	3	0	81	1281	1317
9	4	2	82	1363	1398
9	2	3	83	1402	1417
10	1	3	84	105	163
10	0	1	85	163	199
10	1	3	86	283	369
10	0	0	87	462	514
10	0	0	88	514	533
10	3	3	89	815	834
10	4	1	90	1085	1159
10	4	1	91	1159	1195
10	4	2	92	1271	1363
10	2	3	93	1449	1532
11	3	3	94	163	206
11	1	3	95	369	383
11	4	2	96	457	487
11	3	1	97	574	635
11	1	0	98	642	717
11	4	1	99	1006	1085
11	1	0	100	1120	1145
11	0	0	101	1397	1456
12	0	2	102	22	59
12	0	2	103	59	81
12	4	1	104	268	348
12	0	0	105	533	584
12	0	1	106	819	880
12	3	0	107	1145	1223
12	3	1	108	1414	1423
12	1	1	109	1423	1484
12	0	2	110	1487	1543
13	2	1	111	0	14
13	0	1	112	94	163
13	4	2	113	504	599
13	0	2	114	599	624
13	3	0	115	834	859
13	1	3	116	890	951
13	2	0	117	965	1023
13	0	2	118	1101	1159
13	2	3	119	1417	1449
13	1	0	120	1525	1547
14	4	2	121	81	152
14	1	1	122	199	268
14	2	3	123	411	472
14	1	1	124	510	574
14	4	2	125	779	840
14	0	2	126	995	1020
14	0	2	127	1219	1258
14	0	0	128	1317	1335
14	4	2	129	1398	1487
14	3	3	130	1532	1601


Solution History:
