This is the output of Heuristic Solver for Dual resource constrained flexible job shop Scheduling Problem.
Input file is: wfjsp12_2.txt
Method: FaFM_30_50_600
Seed: 2
Number of Jobs: 25
Number of Operations: 193
Number of Machines: 10
Number of Operators: 10
CPU Time: 298.806
obj: 1006
Best found lower bound:0
Solver gap (best found lower bound and upper bound difference): Not known


Final Solution:
Job	Machine	Operator	Operation	Start Time	Finish Time
0	4	4	0	209	287
0	2	6	1	467	534
0	0	4	2	546	569
0	8	3	3	650	688
0	9	4	4	930	945
1	9	1	5	56	81
1	8	9	6	112	183
1	5	3	7	274	285
1	2	6	8	395	467
1	0	4	9	478	516
1	1	0	10	583	637
1	6	7	11	650	667
1	3	5	12	754	822
1	0	2	13	881	952
2	7	2	14	20	76
2	3	3	15	168	241
2	0	9	16	242	273
2	3	8	17	273	316
2	2	6	18	343	366
2	3	5	19	473	534
2	3	5	20	534	611
2	6	7	21	667	749
2	0	4	22	755	818
2	6	7	23	902	978
3	7	2	24	76	143
3	3	2	25	143	160
3	8	5	26	186	195
3	9	1	27	208	301
3	8	9	28	319	341
3	7	2	29	530	608
3	5	1	30	710	797
3	3	5	31	822	838
3	8	9	32	881	948
4	1	0	33	109	190
4	5	8	34	213	270
4	0	9	35	273	294
4	8	9	36	341	394
4	8	9	37	394	432
4	4	3	38	513	578
4	3	5	39	611	691
4	1	0	40	740	759
4	9	8	41	859	874
4	9	8	42	874	905
5	2	6	43	0	15
5	9	8	44	15	55
5	1	0	45	190	261
5	3	5	46	378	416
5	4	9	47	689	775
5	3	5	48	903	987
6	5	5	49	56	123
6	7	6	50	213	240
6	0	4	51	311	377
6	9	1	52	505	538
6	2	6	53	600	625
6	3	5	54	691	725
6	9	8	55	742	786
6	9	8	56	905	930
6	2	6	57	930	999
7	1	0	58	41	109
7	3	2	59	241	253
7	2	6	60	366	395
7	3	5	61	416	473
7	8	8	62	569	648
7	6	7	63	749	810
7	1	0	64	868	938
8	2	6	65	29	87
8	5	0	66	298	317
8	5	0	67	317	403
8	0	4	68	445	457
8	5	0	69	480	554
8	2	6	70	625	637
8	9	8	71	650	707
8	3	5	72	838	903
8	8	9	73	948	1004
9	5	1	74	0	56
9	3	8	75	56	140
9	9	1	76	153	208
9	3	5	77	316	378
9	1	9	78	458	547
9	4	9	79	614	627
9	1	0	80	689	740
9	1	0	81	759	805
9	0	4	82	818	880
9	7	3	83	911	928
10	0	3	84	81	168
10	3	2	85	253	272
10	4	3	86	298	318
10	9	1	87	471	505
10	0	4	88	516	546
10	5	1	89	583	671
10	8	3	90	688	761
11	4	4	91	28	101
11	0	2	92	168	239
11	5	3	93	285	298
11	0	0	94	458	478
11	6	7	95	491	567
11	9	3	96	583	650
11	7	2	97	652	708
11	4	9	98	775	881
11	5	1	99	914	1001
12	7	5	100	0	17
12	7	8	101	143	213
12	4	3	102	329	389
12	1	0	103	407	458
12	2	6	104	534	600
12	7	2	105	708	787
12	1	0	106	835	868
12	4	4	107	881	927
12	1	0	108	938	1005
13	2	5	109	123	186
13	7	2	110	350	399
13	1	9	111	547	576
13	7	2	112	608	652
13	2	6	113	752	819
13	2	6	114	819	885
13	7	3	115	898	911
14	2	6	116	15	29
14	2	6	117	87	109
14	5	6	118	123	209
14	1	8	119	319	407
14	5	0	120	554	583
14	5	1	121	797	865
14	5	1	122	865	914
15	4	4	123	185	209
15	7	3	124	241	274
15	0	4	125	294	311
15	4	3	126	318	329
15	4	3	127	389	409
15	4	3	128	497	513
15	4	9	129	627	637
15	0	4	130	639	712
15	7	3	131	827	838
16	3	5	132	20	52
16	2	9	133	186	242
16	7	2	134	479	530
16	1	9	135	637	689
16	3	5	136	725	754
16	7	2	137	787	827
16	8	2	138	827	881
17	4	4	139	101	185
17	6	7	140	281	342
17	6	7	141	342	411
17	2	6	142	637	697
17	9	8	143	707	742
17	4	3	144	928	990
18	4	4	145	0	28
18	8	9	146	70	112
18	6	7	147	126	205
18	1	0	148	261	291
18	9	1	149	365	418
18	4	9	150	578	614
18	0	4	151	712	755
18	7	3	152	838	898
18	7	8	153	930	1002
19	1	0	154	0	11
19	8	5	155	224	308
19	9	1	156	418	471
19	0	4	157	569	639
19	5	1	158	671	710
19	0	2	159	952	1004
20	3	2	160	0	20
20	9	1	161	81	153
20	8	5	162	195	224
20	2	6	163	242	269
20	9	1	164	301	365
20	4	3	165	409	497
20	4	0	166	637	688
20	9	8	167	786	859
21	8	9	168	0	12
21	1	0	169	12	41
21	6	7	170	41	126
21	7	2	171	399	479
21	8	3	172	761	822
21	9	4	173	945	1006
22	0	3	174	0	81
22	2	6	175	109	118
22	6	7	176	205	281
22	1	9	177	294	319
22	5	8	178	407	480
22	6	7	179	567	650
22	6	7	180	810	875
22	6	7	181	875	902
23	8	9	182	12	70
23	2	6	183	269	343
23	6	7	184	411	491
23	8	8	185	491	569
23	2	6	186	697	752
23	1	0	187	805	835
24	6	7	188	0	37
24	7	2	189	274	350
24	0	4	190	377	445
24	9	1	191	538	583
24	2	6	192	885	929


Solution History:
