This is the output of Heuristic Solver for Dual resource constrained flexible job shop Scheduling Problem.
Input file is: wfjsp20_7.txt
Method: FaFM_30_50_600
Seed: 1
Number of Jobs: 25
Number of Operations: 200
Number of Machines: 10
Number of Operators: 8
CPU Time: 89.7771
obj: 1247
Best found lower bound:0
Solver gap (best found lower bound and upper bound difference): Not known


Final Solution:
Job	Machine	Operator	Operation	Start Time	Finish Time
0	3	4	0	71	146
0	1	4	1	238	249
0	1	6	2	322	366
0	0	6	3	366	467
0	7	5	4	611	629
0	3	4	5	711	747
0	9	1	6	793	825
0	0	1	7	839	876
1	9	1	8	0	8
1	6	1	9	8	50
1	2	1	10	78	168
1	9	0	11	370	427
1	2	4	12	766	847
1	8	4	13	847	893
1	9	3	14	893	930
1	1	0	15	971	990
1	6	7	16	997	1076
1	8	2	17	1083	1156
2	9	0	18	182	238
2	7	1	19	245	311
2	3	4	20	405	470
2	4	5	21	477	502
2	3	1	22	664	675
2	2	5	23	679	752
2	6	4	24	752	766
2	7	1	25	914	972
2	8	2	26	1034	1043
2	4	7	27	1164	1247
3	9	0	28	12	55
3	4	6	29	159	192
3	9	3	30	259	333
3	5	3	31	711	791
3	0	5	32	1003	1081
4	7	3	33	67	78
4	8	2	34	80	148
4	6	7	35	311	392
4	2	7	36	522	544
4	7	5	37	559	579
4	1	7	38	588	626
4	1	0	39	767	830
4	9	3	40	930	1005
4	4	3	41	1005	1078
4	1	0	42	1137	1224
5	1	6	43	194	230
5	4	4	44	249	278
5	2	4	45	365	405
5	0	2	46	715	798
5	2	2	47	944	1001
5	1	0	48	1081	1137
6	3	4	49	146	198
6	0	2	50	220	244
6	3	0	51	253	291
6	3	1	52	503	574
6	0	5	53	586	611
6	9	1	54	611	622
6	0	1	55	622	664
6	8	4	56	893	960
6	3	4	57	1188	1226
7	3	6	58	30	67
7	9	6	59	67	89
7	0	6	60	89	116
7	1	6	61	292	322
7	1	7	62	419	479
7	5	4	63	637	711
7	9	1	64	713	793
7	0	4	65	1135	1188
8	7	1	66	168	245
8	4	5	67	361	445
8	3	0	68	590	648
8	7	0	69	648	710
8	5	3	70	832	855
8	8	4	71	960	1009
8	4	7	72	1093	1164
8	9	3	73	1164	1246
9	7	3	74	78	130
9	9	4	75	346	365
9	6	5	76	521	559
9	9	6	77	625	709
9	5	3	78	855	889
10	4	4	79	198	238
10	8	2	80	336	410
10	4	3	81	462	473
10	6	6	82	778	794
10	2	1	83	1117	1177
11	8	3	84	0	18
11	2	1	85	50	78
11	9	0	86	123	182
11	5	1	87	328	383
11	6	1	88	458	501
11	3	1	89	675	686
11	1	5	90	870	943
11	1	0	91	990	1019
11	3	2	92	1043	1083
11	1	2	93	1225	1242
12	5	6	94	0	30
12	1	5	95	116	194
12	9	0	96	238	253
12	0	5	97	272	321
12	3	1	98	383	398
12	1	2	99	496	556
12	6	4	100	559	637
12	3	2	101	1001	1034
12	3	6	102	1086	1168
12	5	6	103	1168	1225
13	4	4	104	0	35
13	5	3	105	130	187
13	3	0	106	291	351
13	8	5	107	445	477
13	5	3	108	477	535
13	7	1	109	579	609
13	8	2	110	798	826
13	3	1	111	826	839
13	1	0	112	943	971
13	5	6	113	1049	1086
14	2	4	114	278	346
14	1	5	115	629	679
14	7	6	116	710	778
14	7	6	117	794	808
14	0	4	118	1081	1135
15	2	5	119	0	41
15	4	0	120	94	123
15	5	7	121	213	299
15	7	7	122	479	522
15	5	3	123	535	620
15	8	7	124	626	710
15	4	5	125	752	834
15	7	5	126	1155	1195
16	8	4	127	35	71
16	5	1	128	311	328
16	1	2	129	556	588
16	5	3	130	791	832
16	2	2	131	931	944
16	5	6	132	997	1049
17	2	5	133	194	272
17	6	7	134	299	311
17	4	5	135	321	361
17	9	0	136	427	508
17	2	2	137	594	651
17	2	2	138	865	931
17	7	1	139	972	982
17	8	4	140	1044	1080
17	2	5	141	1195	1243
18	0	7	142	0	59
18	0	7	143	128	213
18	7	3	144	333	412
18	8	4	145	500	551
18	4	6	146	594	625
18	7	6	147	808	905
18	3	6	148	905	992
18	9	4	149	1009	1044
19	1	2	150	0	80
19	8	2	151	259	336
19	3	0	152	351	370
19	1	7	153	392	419
19	3	6	154	470	503
19	0	1	155	686	713
19	6	7	156	794	875
19	0	5	157	943	984
19	5	3	158	1086	1163
19	8	1	159	1177	1214
20	6	7	160	59	128
20	2	2	161	410	496
20	9	0	162	508	590
20	1	0	163	710	767
20	5	7	164	915	997
20	1	0	165	1019	1043
20	1	0	166	1043	1081
20	6	7	167	1081	1093
21	8	3	168	187	259
21	4	6	169	503	585
21	3	0	170	839	860
21	0	1	171	876	914
21	6	2	172	1213	1225
22	4	0	173	55	94
22	4	6	174	123	159
22	6	1	175	398	458
22	8	4	176	477	500
22	0	5	177	502	521
22	4	5	178	834	870
22	4	0	179	870	924
22	0	5	180	984	1003
23	3	0	181	0	12
23	7	3	182	18	67
23	6	2	183	148	220
23	1	6	184	265	292
23	7	3	185	412	462
23	0	7	186	544	586
23	2	6	187	586	594
23	4	3	188	625	710
23	7	1	189	982	1056
23	2	1	190	1056	1117
24	5	5	191	41	116
24	6	6	192	230	265
24	6	2	193	651	715
24	8	7	194	715	788
24	1	2	195	830	865
24	6	7	196	875	915
24	7	5	197	1081	1155
24	6	2	198	1156	1213
24	8	1	199	1214	1223


Solution History:
