This is the output of Heuristic Solver for Dual resource constrained flexible job shop Scheduling Problem.
Input file is: wfjsp8_6.txt
Method: FaFM_30_50_600
Seed: 1
Number of Jobs: 15
Number of Operations: 122
Number of Machines: 5
Number of Operators: 5
CPU Time: 61.5578
obj: 1297
Best found lower bound:0
Solver gap (best found lower bound and upper bound difference): Not known


Final Solution:
Job	Machine	Operator	Operation	Start Time	Finish Time
0	1	4	0	0	62
0	4	0	1	140	181
0	3	3	2	343	409
0	3	3	3	539	580
0	1	2	4	598	686
0	2	0	5	766	855
0	3	3	6	934	962
0	3	3	7	962	988
0	4	0	8	1177	1263
1	1	1	9	158	173
1	4	0	10	190	279
1	1	4	11	302	376
1	4	1	12	387	420
1	0	4	13	422	458
1	2	0	14	542	609
1	3	3	15	988	1071
1	0	1	16	1212	1292
2	2	2	17	24	108
2	2	2	18	196	223
2	1	2	19	376	424
2	0	4	20	551	605
2	2	0	21	609	652
2	4	2	22	796	890
2	4	2	23	928	999
2	0	1	24	1054	1111
3	0	1	25	0	40
3	3	4	26	62	95
3	4	0	27	181	190
3	2	2	28	223	301
3	2	0	29	339	425
3	3	3	30	675	720
3	4	2	31	1011	1025
3	2	2	32	1025	1106
3	3	3	33	1168	1245
3	1	4	34	1260	1297
4	4	0	35	64	140
4	0	4	36	262	302
4	4	2	37	339	363
4	4	1	38	595	680
4	3	4	39	720	756
4	3	4	40	756	805
4	3	3	41	805	850
4	4	0	42	1111	1177
5	0	3	43	81	166
5	1	2	44	424	513
5	0	4	45	614	663
5	0	3	46	720	805
5	2	0	47	855	891
5	1	4	48	909	954
5	4	2	49	999	1011
6	1	1	50	62	158
6	1	1	51	173	203
6	4	0	52	279	292
6	4	0	53	292	339
6	3	3	54	452	539
6	1	4	55	805	815
6	0	1	56	881	969
6	1	4	57	976	1041
6	1	4	58	1105	1167
6	3	3	59	1245	1292
7	0	3	60	166	251
7	4	2	61	363	375
7	4	1	62	508	595
7	0	4	63	663	716
7	2	2	64	1106	1127
7	2	2	65	1127	1153
7	2	2	66	1196	1280
8	0	3	67	40	81
8	1	2	68	513	598
8	4	2	69	686	751
8	4	2	70	784	796
8	0	1	71	980	1014
8	1	4	72	1064	1105
9	1	1	73	203	299
9	2	2	74	301	337
9	3	3	75	409	452
9	0	4	76	605	614
9	1	1	77	686	710
9	1	1	78	710	805
9	1	4	79	1167	1260
9	2	2	80	1280	1294
10	4	2	81	0	24
10	3	3	82	24	33
10	3	4	83	169	262
10	0	4	84	404	422
10	2	0	85	425	513
10	1	4	86	815	909
10	2	0	87	973	1025
10	1	4	88	1041	1064
10	4	0	89	1077	1111
11	0	1	90	302	387
11	0	4	91	387	404
11	0	1	92	863	881
11	4	2	93	890	928
11	3	3	94	1071	1120
11	2	2	95	1153	1196
12	2	2	96	108	196
12	4	1	97	420	508
12	2	0	98	513	542
12	2	0	99	652	730
12	2	0	100	891	946
12	0	1	101	969	980
12	0	1	102	1014	1054
12	3	3	103	1120	1168
12	0	1	104	1196	1212
12	4	0	105	1263	1297
13	2	3	106	0	21
13	4	0	107	24	64
13	0	4	108	458	551
13	4	2	109	751	784
13	0	1	110	805	835
13	3	3	111	850	934
13	2	0	112	946	973
13	4	0	113	1025	1077
14	3	4	114	95	169
14	3	3	115	262	343
14	3	3	116	580	675
14	2	0	117	730	766
14	0	1	118	835	851
14	0	1	119	851	863
14	1	4	120	954	976
14	0	1	121	1111	1196


Solution History:
