This is the output of Heuristic Solver for Dual resource constrained flexible job shop Scheduling Problem.
Input file is: wfjsp17_6.txt
Method: FaFM_30_50_600
Seed: 4
Number of Jobs: 15
Number of Operations: 134
Number of Machines: 5
Number of Operators: 4
CPU Time: 130.327
obj: 1730
Best found lower bound:0
Solver gap (best found lower bound and upper bound difference): Not known


Final Solution:
Job	Machine	Operator	Operation	Start Time	Finish Time
0	4	3	0	0	61
0	2	1	1	200	240
0	0	2	2	475	544
0	2	1	3	777	819
0	0	2	4	922	1011
0	2	1	5	1092	1180
0	2	0	6	1462	1492
0	3	1	7	1583	1609
0	1	3	8	1636	1722
1	1	0	9	48	63
1	4	3	10	358	446
1	3	1	11	449	515
1	4	3	12	553	585
1	2	1	13	740	777
1	4	3	14	810	866
1	2	1	15	1306	1401
1	3	2	16	1404	1481
2	2	1	17	240	324
2	2	1	18	324	351
2	1	0	19	358	407
2	3	0	20	685	739
2	3	0	21	739	781
2	2	1	22	1180	1262
2	1	3	23	1402	1477
2	0	2	24	1668	1730
3	0	1	25	16	56
3	1	3	26	146	178
3	1	3	27	190	199
3	3	2	28	325	389
3	4	3	29	585	669
3	3	1	30	819	864
3	4	1	31	943	959
3	0	3	32	1239	1333
3	3	0	33	1492	1568
3	3	0	34	1690	1730
4	3	2	35	102	179
4	4	0	36	264	304
4	4	0	37	304	329
4	3	0	38	599	685
4	3	0	39	781	819
4	4	3	40	969	1018
4	0	1	41	1445	1492
4	4	3	42	1542	1607
5	0	3	43	61	146
5	2	0	44	503	592
5	2	1	45	692	740
5	2	0	46	863	954
5	2	0	47	1042	1078
5	2	1	48	1262	1306
5	4	0	49	1315	1328
5	1	2	50	1517	1606
5	1	3	51	1607	1636
5	3	2	52	1657	1668
6	2	0	53	0	48
6	2	1	54	56	143
6	1	3	55	543	553
6	0	2	56	600	681
6	1	3	57	694	759
6	1	3	58	907	969
6	3	0	59	1078	1126
6	0	3	60	1148	1239
6	1	0	61	1303	1315
6	4	1	62	1609	1696
7	0	1	63	146	200
7	1	3	64	319	340
7	2	1	65	351	377
7	2	1	66	608	692
7	0	3	67	866	907
7	1	2	68	1011	1096
7	4	0	69	1126	1192
7	4	0	70	1192	1205
7	4	3	71	1509	1542
7	2	0	72	1568	1605
8	3	2	73	179	267
8	2	1	74	377	413
8	0	2	75	556	600
8	0	2	76	681	690
8	1	2	77	851	874
8	2	0	78	954	1042
8	1	0	79	1205	1303
8	4	0	80	1451	1462
8	0	1	81	1492	1518
9	3	2	82	0	9
9	3	2	83	9	102
9	0	3	84	200	218
9	0	2	85	740	815
9	0	3	86	1060	1148
9	1	3	87	1350	1402
9	2	1	88	1422	1445
9	4	3	89	1477	1509
10	0	3	90	218	302
10	0	3	91	302	319
10	0	3	92	340	357
10	2	1	93	413	449
10	0	2	94	690	740
10	2	0	95	819	863
10	3	2	96	1178	1265
10	4	0	97	1328	1423
10	4	0	98	1423	1451
11	4	0	99	198	264
11	4	3	100	446	499
11	0	2	101	544	556
11	1	2	102	815	851
11	3	2	103	874	922
11	0	3	104	1018	1033
11	4	1	105	1057	1092
11	2	1	106	1401	1422
11	1	2	107	1481	1517
12	4	0	108	108	198
12	3	2	109	289	325
12	4	0	110	329	358
12	3	1	111	515	599
12	4	3	112	669	694
12	4	3	113	759	810
12	3	1	114	978	1057
12	3	2	115	1265	1352
12	2	0	116	1605	1690
12	4	1	117	1696	1730
13	0	1	118	0	16
13	2	3	119	178	190
13	1	2	120	267	289
13	1	0	121	407	503
13	3	1	122	959	978
13	0	3	123	1033	1060
13	1	2	124	1096	1178
13	0	1	125	1518	1583
14	4	0	126	63	108
14	0	2	127	389	475
14	4	3	128	499	543
14	2	1	129	599	608
14	4	1	130	866	943
14	0	3	131	1333	1350
14	3	2	132	1352	1404
14	0	2	133	1606	1657


Solution History:
