This is the output of Heuristic Solver for Dual resource constrained flexible job shop Scheduling Problem.
Input file is: wfjsp13_6.txt
Method: FaFM_30_50_600
Seed: 2
Number of Jobs: 25
Number of Operations: 253
Number of Machines: 15
Number of Operators: 15
CPU Time: 195.467
obj: 1003
Best found lower bound:0
Solver gap (best found lower bound and upper bound difference): Not known


Final Solution:
Job	Machine	Operator	Operation	Start Time	Finish Time
0	11	10	0	0	59
0	13	14	1	83	127
0	13	8	2	160	220
0	3	13	3	284	324
0	2	13	4	324	412
0	3	7	5	412	499
0	5	3	6	527	555
0	4	7	7	579	604
0	11	14	8	618	710
0	1	6	9	717	732
0	7	4	10	825	913
0	2	2	11	925	1003
1	5	6	12	0	27
1	5	6	13	88	126
1	6	6	14	126	188
1	8	9	15	215	312
1	8	9	16	312	384
1	0	11	17	454	544
1	3	0	18	544	572
1	9	13	19	695	740
1	14	12	20	762	827
1	9	7	21	827	866
1	3	1	22	908	990
2	7	12	23	17	83
2	4	2	24	178	244
2	2	3	25	244	282
2	12	14	26	307	339
2	0	2	27	340	350
2	11	10	28	401	475
2	8	6	29	482	568
2	5	11	30	615	660
2	10	1	31	711	727
2	8	11	32	727	807
2	4	3	33	914	996
3	6	8	34	0	35
3	3	1	35	109	190
3	14	6	36	240	277
3	11	11	37	307	330
3	0	11	38	368	454
3	5	5	39	459	501
3	2	10	40	641	699
3	8	11	41	829	874
3	6	13	42	897	959
4	13	14	43	0	83
4	3	13	44	196	284
4	4	3	45	284	333
4	10	1	46	333	417
4	1	0	47	417	452
4	4	2	48	533	579
4	7	12	49	579	590
4	9	7	50	604	695
4	7	12	51	695	726
4	3	13	52	740	751
4	3	13	53	751	796
4	12	9	54	833	920
5	7	3	55	0	9
5	12	9	56	27	117
5	1	13	57	118	180
5	7	12	58	227	292
5	1	12	59	309	354
5	4	2	60	441	533
5	13	8	61	560	572
5	10	1	62	572	659
5	6	6	63	659	717
5	8	11	64	807	829
5	6	7	65	868	893
5	7	4	66	913	997
6	6	8	67	76	120
6	14	3	68	155	240
6	6	6	69	277	352
6	3	0	70	499	514
6	6	13	71	538	570
6	11	14	72	584	618
6	0	4	73	630	719
6	3	1	74	796	832
6	1	6	75	883	928
6	6	0	76	959	969
7	1	13	77	0	22
7	2	5	78	137	227
7	13	8	79	227	316
7	13	8	80	406	418
7	9	7	81	502	528
7	3	0	82	528	539
7	14	0	83	577	667
7	7	12	84	726	742
7	7	3	85	744	825
7	10	0	86	870	955
8	3	1	87	0	52
8	12	9	88	117	141
8	12	11	89	207	236
8	5	5	90	236	320
8	4	4	91	333	351
8	3	11	92	351	368
8	9	14	93	424	461
8	7	4	94	491	540
8	3	7	95	695	736
8	1	6	96	736	825
8	8	11	97	874	961
8	6	0	98	969	997
9	11	10	99	76	139
9	5	7	100	139	195
9	7	14	101	340	351
9	10	1	102	467	506
9	8	11	103	568	615
9	13	8	104	727	743
9	9	13	105	868	897
9	12	9	106	920	940
9	12	14	107	940	975
10	10	2	108	0	89
10	13	8	109	127	160
10	10	7	110	291	318
10	8	9	111	384	476
10	5	3	112	501	527
10	5	3	113	555	607
10	1	12	114	616	685
10	9	7	115	740	823
10	14	12	116	827	916
10	1	12	117	928	959
10	9	13	118	987	1000
11	9	4	119	0	12
11	9	4	120	12	33
11	4	2	121	93	178
11	0	4	122	209	225
11	4	2	123	244	272
11	2	3	124	412	500
11	13	8	125	664	727
11	5	0	126	762	806
11	2	2	127	839	925
11	13	6	128	928	972
11	10	12	129	972	983
12	10	0	130	129	205
12	11	14	131	290	307
12	1	12	132	354	414
12	10	1	133	417	467
12	14	12	134	495	510
12	3	13	135	572	605
12	8	11	136	660	727
12	10	1	137	727	775
13	8	11	138	0	52
13	14	3	139	103	155
13	9	14	140	165	250
13	13	8	141	316	406
13	6	13	142	451	538
13	13	8	143	572	602
13	13	8	144	602	664
13	14	0	145	667	762
13	6	13	146	806	868
13	0	9	147	940	979
14	14	13	148	22	103
14	12	11	149	142	207
14	11	10	150	207	285
14	1	12	151	292	309
14	9	7	152	318	356
14	4	2	153	356	441
14	10	1	154	506	546
14	6	6	155	570	627
14	11	10	156	710	767
14	11	10	157	767	861
14	5	7	158	900	995
15	9	4	159	33	121
15	0	4	160	121	145
15	7	12	161	155	227
15	12	3	162	339	407
15	14	12	163	414	481
15	14	12	164	481	495
15	1	5	165	501	556
15	12	9	166	584	670
15	0	14	167	719	803
15	1	5	168	825	883
16	12	9	169	0	27
16	5	6	170	27	88
16	8	9	171	142	171
16	8	9	172	171	215
16	12	11	173	236	307
16	9	14	174	356	424
16	13	8	175	465	560
16	2	10	176	569	641
16	5	5	177	670	758
16	2	2	178	785	839
16	0	14	179	850	938
16	8	11	180	961	976
17	14	12	181	0	17
17	1	0	182	22	111
17	6	1	183	190	275
17	11	9	184	476	516
17	11	9	185	516	584
17	5	5	186	660	670
17	12	9	187	670	755
17	11	10	188	861	887
18	2	5	189	47	137
18	9	14	190	250	290
18	7	6	191	352	439
18	1	0	192	452	497
18	0	4	193	544	630
18	10	1	194	659	711
18	6	4	195	719	806
18	10	0	196	806	870
18	11	10	197	887	987
19	3	1	198	52	100
19	0	13	199	103	118
19	1	13	200	180	196
19	5	6	201	196	235
19	0	4	202	235	321
19	11	10	203	330	401
19	7	6	204	439	482
19	13	8	205	743	813
19	5	8	206	813	900
19	9	13	207	959	987
20	6	8	208	35	67
20	11	8	209	67	76
20	10	7	210	93	129
20	0	4	211	186	209
20	2	10	212	285	319
20	9	14	213	461	502
20	1	5	214	556	616
20	4	3	215	825	914
21	2	5	216	0	47
21	7	12	217	83	155
21	5	5	218	320	364
21	5	5	219	364	459
21	14	12	220	510	577
21	3	13	221	605	692
21	0	14	222	803	850
21	9	8	223	900	959
22	0	3	224	9	97
22	9	14	225	127	165
22	14	0	226	290	314
22	6	4	227	352	405
22	12	4	228	407	491
22	9	7	229	528	566
22	4	3	230	607	695
22	4	3	231	695	744
22	12	9	232	755	833
22	3	1	233	833	908
23	8	11	234	52	142
23	0	4	235	145	186
23	10	7	236	205	291
23	7	2	237	292	340
23	13	8	238	418	465
23	2	10	239	500	569
23	7	2	240	590	678
23	2	2	241	699	785
24	4	7	242	0	93
24	3	1	243	100	109
24	11	10	244	139	198
24	1	0	245	205	290
24	14	0	246	314	411
24	6	13	247	412	451
24	12	14	248	502	583
24	8	5	249	616	658
24	4	5	250	758	825
24	13	6	251	825	860
24	14	5	252	916	1000


Solution History:
