This is the output of Heuristic Solver for Dual resource constrained flexible job shop Scheduling Problem.
Input file is: wfjsp16_7.txt
Method: FaFM_30_50_600
Seed: 1
Number of Jobs: 40
Number of Operations: 313
Number of Machines: 15
Number of Operators: 15
CPU Time: 540.7
obj: 1081
Best found lower bound:0
Solver gap (best found lower bound and upper bound difference): Not known


Final Solution:
Job	Machine	Operator	Operation	Start Time	Finish Time
0	8	7	0	85	171
0	7	13	1	311	323
0	9	13	2	323	364
0	10	4	3	538	624
0	12	10	4	637	660
0	12	11	5	703	739
0	3	9	6	773	813
0	8	7	7	958	994
1	9	1	8	0	10
1	14	1	9	65	106
1	9	7	10	171	250
1	11	14	11	275	352
1	7	9	12	480	556
1	14	10	13	584	637
1	7	9	14	698	736
1	12	11	15	768	788
1	13	6	16	911	983
1	2	10	17	1011	1076
2	14	1	18	106	173
2	12	11	19	180	245
2	0	0	20	291	376
2	7	11	21	385	420
2	13	8	22	420	433
2	0	0	23	480	563
2	3	13	24	644	657
2	6	3	25	709	767
2	10	2	26	832	841
2	1	2	27	841	920
3	6	7	28	39	85
3	13	9	29	384	414
3	1	3	30	472	550
3	4	6	31	565	638
3	9	11	32	1006	1075
4	14	12	33	0	10
4	10	4	34	25	98
4	6	4	35	226	305
4	12	10	36	343	362
4	4	6	37	382	400
4	3	2	38	431	470
4	11	5	39	523	596
4	14	2	40	642	716
4	13	7	41	724	799
4	8	4	42	831	914
5	13	6	43	230	266
5	2	10	44	315	341
5	9	13	45	541	581
5	6	3	46	624	709
5	10	6	47	761	832
5	0	1	48	974	1032
6	5	2	49	35	92
6	2	0	50	111	133
6	11	14	51	230	275
6	10	8	52	285	358
6	5	12	53	419	445
6	5	12	54	488	502
6	0	0	55	563	605
6	5	13	56	770	839
6	7	9	57	1042	1079
7	14	1	58	10	51
7	4	10	59	57	79
7	3	9	60	133	156
7	12	5	61	309	343
7	7	11	62	420	476
7	12	11	63	476	542
7	1	2	64	724	804
7	2	8	65	936	994
8	3	3	66	56	133
8	14	1	67	258	338
8	6	3	68	389	452
8	11	5	69	462	523
8	3	2	70	537	554
8	0	0	71	605	667
8	1	0	72	667	724
8	8	4	73	1002	1079
9	9	13	74	121	164
9	5	7	75	401	419
9	3	10	76	694	730
9	13	3	77	801	868
9	6	3	78	910	946
10	6	8	79	85	118
10	9	13	80	404	500
10	3	9	81	813	827
10	5	13	82	914	929
10	10	0	83	929	989
11	11	6	84	0	18
11	9	14	85	34	61
11	7	11	86	323	385
11	1	0	87	415	472
11	14	10	88	541	584
11	5	13	89	664	675
11	11	5	90	733	810
11	7	10	91	827	858
11	6	3	92	946	976
11	12	11	93	991	1006
12	5	2	94	0	35
12	6	3	95	133	205
12	6	14	96	212	226
12	12	5	97	252	309
12	11	5	98	352	367
12	0	9	99	415	480
12	5	12	100	502	582
12	6	4	101	801	831
12	3	6	102	832	911
12	9	4	103	945	1002
13	7	13	104	20	53
13	12	11	105	103	168
13	1	3	106	318	369
13	2	14	107	394	421
13	3	2	108	562	619
13	5	13	109	675	705
13	6	3	110	767	801
13	1	2	111	804	820
13	5	13	112	929	958
13	13	1	113	1032	1070
14	1	3	114	205	278
14	8	12	115	346	402
14	8	12	116	760	825
14	2	7	117	994	1011
14	14	12	118	1023	1066
15	6	7	119	0	39
15	1	2	120	123	159
15	13	6	121	266	342
15	0	0	122	376	415
15	6	7	123	502	584
15	14	7	124	799	876
15	3	10	125	911	1000
15	0	0	126	1032	1074
16	13	9	127	91	127
16	8	12	128	402	416
16	6	7	129	467	502
16	6	13	130	584	617
16	1	2	131	624	642
16	10	8	132	994	1050
17	13	9	133	0	91
17	8	11	134	171	180
17	0	0	135	252	291
17	5	7	136	327	401
17	13	8	137	515	573
17	14	8	138	716	786
17	4	9	139	827	838
17	13	3	140	868	902
17	11	5	141	902	945
18	11	6	142	18	71
18	10	4	143	98	179
18	4	2	144	315	379
18	14	10	145	468	541
18	8	1	146	552	581
18	5	12	147	582	664
18	2	8	148	836	921
18	8	12	149	927	957
19	12	11	150	0	73
19	5	14	151	122	212
19	8	12	152	331	346
19	6	8	153	360	389
19	3	2	154	398	431
19	13	8	155	573	595
19	11	5	156	596	675
19	4	0	157	785	827
19	6	12	158	831	910
19	3	2	159	1036	1077
20	4	0	160	0	57
20	14	1	161	338	424
20	2	14	162	424	500
20	2	14	163	500	563
20	8	1	164	595	686
20	0	1	165	847	873
20	9	4	166	914	945
20	4	14	167	945	957
21	9	11	168	250	322
21	2	14	169	650	747
21	12	11	170	752	768
21	5	13	171	839	877
21	2	8	172	921	936
22	5	2	173	92	122
22	1	2	174	159	200
22	3	9	175	239	299
22	10	4	176	360	385
22	10	4	177	446	466
22	2	8	178	798	836
22	1	2	179	920	982
22	3	0	180	1000	1022
23	7	13	181	0	11
23	8	8	182	30	75
23	14	1	183	173	258
23	8	12	184	303	331
23	10	4	185	385	446
23	5	12	186	446	488
23	3	2	187	554	562
23	9	7	188	584	664
23	12	11	189	858	926
23	11	7	190	1011	1077
24	7	8	191	119	199
24	5	2	192	212	241
24	2	10	193	241	315
24	7	9	194	556	617
24	3	10	195	660	694
24	0	6	196	724	761
24	0	1	197	761	847
24	7	10	198	858	911
24	7	11	199	973	986
25	8	12	200	220	303
25	4	6	201	514	565
25	3	13	202	619	644
25	4	0	203	724	785
25	12	5	204	1011	1081
26	10	4	205	0	25
26	4	10	206	158	240
26	9	13	207	364	404
26	12	11	208	739	752
26	5	14	209	1020	1078
27	7	13	210	11	20
27	14	1	211	51	65
27	9	14	212	65	121
27	8	4	213	180	218
27	3	9	214	299	384
27	14	1	215	424	467
27	13	8	216	688	715
27	11	5	217	716	733
27	12	11	218	788	858
27	14	7	219	876	958
28	1	12	220	35	123
28	11	6	221	151	230
28	6	4	222	305	360
28	11	5	223	367	448
28	9	13	224	500	541
28	13	8	225	595	649
28	0	7	226	667	724
28	9	14	227	814	905
28	14	12	228	958	1023
28	6	13	229	1023	1061
29	11	6	230	71	151
29	10	8	231	199	285
29	4	6	232	400	514
29	9	12	233	664	746
29	0	1	234	873	964
29	6	3	235	976	999
30	0	5	236	0	80
30	7	9	237	617	698
30	2	4	238	747	798
30	4	9	239	838	939
30	0	1	240	964	974
30	11	5	241	981	1011
30	3	2	242	1022	1036
31	9	12	243	10	34
31	2	0	244	133	224
31	4	2	245	241	315
31	10	4	246	466	538
31	10	4	247	624	665
31	11	5	248	675	716
31	3	10	249	730	773
31	10	0	250	841	929
31	7	9	251	991	1042
32	1	10	252	0	35
32	3	10	253	35	47
32	12	11	254	73	103
32	1	3	255	278	318
32	2	14	256	352	394
32	6	3	257	452	464
32	8	1	258	467	552
32	8	1	259	686	760
32	7	11	260	934	973
33	8	8	261	0	30
33	0	5	262	80	168
33	12	10	263	362	447
33	3	2	264	470	479
33	2	14	265	624	650
33	12	11	266	660	703
33	7	9	267	736	773
33	11	5	268	810	888
33	4	14	269	957	1019
34	2	3	270	0	56
34	13	12	271	127	220
34	2	0	272	224	236
34	8	7	273	419	467
34	4	6	274	638	717
34	7	10	275	773	827
34	7	14	276	911	934
34	13	6	277	983	1024
35	4	10	278	79	158
35	5	7	279	250	327
35	13	6	280	342	382
35	12	11	281	570	636
35	12	9	282	939	991
35	1	3	283	999	1051
36	3	9	284	156	239
36	12	10	285	447	468
36	10	4	286	665	739
36	5	13	287	877	906
36	4	6	288	1024	1072
37	7	13	289	53	119
37	0	5	290	168	252
37	1	8	291	389	403
37	13	8	292	433	515
37	1	3	293	550	624
37	9	14	294	747	814
37	8	12	295	914	927
37	5	13	296	958	1020
38	7	13	297	199	267
38	1	3	298	369	387
38	11	5	299	448	462
38	3	2	300	479	537
38	2	14	301	563	624
38	11	5	302	945	981
38	1	2	303	982	997
39	2	0	304	57	111
39	7	13	305	267	311
39	3	2	306	384	398
39	12	11	307	542	570
39	8	1	308	581	595
39	13	8	309	649	688
39	5	13	310	705	770
39	9	13	311	906	914
39	1	3	312	1051	1074


Solution History:
