This is the output of Heuristic Solver for Dual resource constrained flexible job shop Scheduling Problem.
Input file is: wfjsp20_1.txt
Method: FaFM_30_50_600
Seed: 5
Number of Jobs: 25
Number of Operations: 179
Number of Machines: 10
Number of Operators: 8
CPU Time: 139.768
obj: 1107
Best found lower bound:0
Solver gap (best found lower bound and upper bound difference): Not known


Final Solution:
Job	Machine	Operator	Operation	Start Time	Finish Time
0	8	4	0	47	123
0	0	2	1	207	228
0	6	0	2	423	470
0	1	3	3	476	575
0	4	1	4	616	695
1	3	7	5	159	224
1	4	1	6	253	332
1	3	4	7	432	467
1	5	5	8	476	510
1	6	6	9	580	611
1	8	1	10	785	794
1	0	3	11	927	945
1	0	7	12	968	983
1	7	7	13	983	1028
2	7	0	14	205	261
2	1	6	15	261	302
2	9	2	16	305	331
2	3	3	17	468	476
2	0	2	18	476	527
2	1	3	19	730	772
2	6	4	20	778	877
3	5	5	21	89	175
3	8	1	22	520	569
3	5	7	23	665	738
3	8	7	24	917	932
3	9	3	25	945	976
3	9	2	26	1071	1096
4	2	0	27	0	21
4	7	6	28	43	96
4	0	4	29	241	320
4	4	4	30	393	432
4	7	0	31	470	524
4	3	5	32	652	737
4	4	1	33	971	1014
5	7	3	34	0	11
5	2	1	35	24	66
5	6	6	36	302	328
5	2	4	37	328	357
5	8	1	38	373	439
5	4	6	39	456	525
5	8	1	40	569	606
5	1	6	41	778	860
5	0	3	42	900	927
6	2	0	43	66	119
6	4	4	44	145	156
6	0	6	45	228	240
6	8	3	46	252	331
6	3	1	47	510	520
6	4	1	48	606	616
6	2	4	49	734	770
6	2	0	50	789	868
7	8	7	51	143	159
7	6	7	52	224	291
7	8	1	53	731	785
7	1	6	54	860	897
7	8	4	55	1014	1052
8	3	5	56	247	333
8	2	7	57	417	457
8	9	7	58	457	547
8	7	0	59	655	710
8	5	3	60	772	794
8	0	7	61	1028	1093
9	1	5	62	0	19
9	4	1	63	66	104
9	3	5	64	333	420
9	3	5	65	520	554
9	0	3	66	659	679
9	2	3	67	679	728
9	0	2	68	773	823
9	0	5	69	831	891
9	5	2	70	1033	1071
10	9	1	71	0	24
10	5	0	72	24	66
10	9	2	73	89	129
10	4	4	74	357	393
10	2	1	75	461	510
10	4	2	76	527	602
10	1	4	77	602	679
11	2	2	78	228	305
11	0	2	79	679	773
11	7	7	80	806	873
11	3	5	81	891	931
11	0	2	82	951	968
11	8	5	83	991	1010
11	4	1	84	1014	1024
12	4	3	85	170	252
12	5	7	86	291	329
12	6	7	87	329	359
12	6	7	88	359	377
12	4	1	89	695	731
12	7	7	90	738	806
12	5	1	91	837	854
12	5	0	92	868	918
13	6	3	93	11	92
13	1	6	94	96	114
13	9	4	95	156	180
13	9	4	96	180	241
13	9	1	97	244	253
13	5	0	98	524	608
13	8	6	99	611	686
13	4	0	100	731	789
13	7	3	101	1054	1092
14	1	0	102	119	205
14	9	5	103	577	652
14	8	3	104	794	835
14	3	4	105	958	1014
14	5	2	106	1014	1033
14	8	4	107	1052	1094
14	8	4	108	1094	1107
15	3	7	109	65	143
15	1	0	110	322	376
15	2	4	111	514	590
15	7	0	112	608	632
15	6	3	113	634	659
15	9	5	114	755	831
15	8	3	115	875	900
15	1	0	116	918	1007
15	2	0	117	1007	1102
16	6	4	118	0	10
16	7	5	119	19	43
16	9	5	120	43	60
16	6	6	121	128	211
16	1	0	122	376	423
16	2	2	123	602	677
16	9	4	124	679	734
16	4	2	125	823	875
16	7	6	126	897	933
16	2	7	127	933	967
17	9	5	128	60	89
17	0	6	129	328	415
17	8	1	130	439	461
17	0	5	131	554	577
17	7	6	132	933	970
18	3	7	133	0	17
18	3	7	134	17	65
18	7	1	135	104	182
18	8	1	136	182	244
18	2	7	137	377	417
18	6	6	138	686	778
18	8	3	139	835	875
18	4	2	140	875	951
18	6	3	141	976	1054
18	4	1	142	1066	1107
19	0	2	143	0	83
19	5	5	144	175	247
19	1	5	145	423	476
19	8	4	146	476	514
19	6	6	147	525	580
19	6	4	148	877	958
19	3	5	149	1014	1086
20	4	6	150	0	41
20	5	3	151	331	390
20	5	2	152	407	475
20	0	3	153	577	634
20	0	6	154	983	1027
21	8	4	155	10	47
21	7	1	156	332	373
21	7	3	157	390	468
21	5	1	158	794	837
21	8	5	159	932	991
22	0	3	160	92	170
22	9	2	161	331	407
22	7	0	162	632	655
22	5	5	163	738	755
22	2	7	164	873	917
23	6	6	165	114	128
23	4	4	166	128	145
23	7	0	167	261	322
23	5	7	168	633	665
23	1	0	169	710	730
23	1	6	170	1027	1099
24	2	2	171	129	207
24	1	6	172	240	258
24	0	6	173	415	456
24	3	7	174	554	633
24	9	1	175	854	934
24	5	1	176	934	971
24	9	2	177	976	1014
24	9	1	178	1024	1066


Solution History:
