This is the output of Heuristic Solver for Dual resource constrained flexible job shop Scheduling Problem.
Input file is: wfjsp15_3.txt
Method: FaFM_30_50_600
Seed: 1
Number of Jobs: 30
Number of Operations: 385
Number of Machines: 15
Number of Operators: 15
CPU Time: 325.966
obj: 1394
Best found lower bound:0
Solver gap (best found lower bound and upper bound difference): Not known


Final Solution:
Job	Machine	Operator	Operation	Start Time	Finish Time
0	10	5	0	0	61
0	11	2	1	72	86
0	9	6	2	207	221
0	11	7	3	267	348
0	13	2	4	351	428
0	4	6	5	428	492
0	4	2	6	578	672
0	3	13	7	672	708
0	13	7	8	718	815
0	14	5	9	855	867
0	11	6	10	1007	1065
0	7	14	11	1154	1251
0	11	6	12	1263	1278
0	5	11	13	1287	1383
1	3	3	14	40	137
1	3	3	15	137	167
1	12	2	16	266	318
1	3	8	17	361	378
1	10	3	18	378	463
1	4	1	19	497	511
1	5	11	20	546	575
1	1	1	21	591	634
1	1	7	22	815	912
1	11	6	23	923	980
1	1	8	24	981	1009
1	2	6	25	1065	1141
1	4	11	26	1200	1287
2	4	6	27	0	9
2	14	1	28	9	42
2	4	2	29	158	266
2	7	13	30	274	315
2	14	1	31	315	345
2	2	4	32	357	419
2	8	3	33	602	663
2	4	3	34	743	808
2	3	12	35	918	1017
2	7	13	36	1058	1154
2	2	8	37	1186	1202
2	10	7	38	1208	1238
2	9	0	39	1253	1331
2	0	13	40	1332	1347
2	3	12	41	1370	1394
3	13	8	42	0	58
3	12	4	43	78	110
3	3	11	44	177	234
3	1	14	45	360	451
3	9	14	46	598	667
3	7	12	47	701	773
3	7	12	48	773	788
3	3	13	49	807	822
3	13	2	50	909	971
3	0	10	51	1023	1090
3	12	4	52	1171	1203
3	1	5	53	1220	1242
3	14	3	54	1334	1387
4	9	14	55	0	24
4	5	12	56	25	56
4	12	4	57	110	180
4	8	10	58	266	332
4	1	7	59	455	553
4	13	7	60	553	647
4	8	3	61	663	672
4	8	10	62	812	867
4	14	9	63	872	968
4	8	3	64	968	1020
4	11	14	65	1065	1093
4	11	6	66	1152	1208
4	6	9	67	1209	1247
4	0	13	68	1253	1332
4	8	4	69	1368	1379
5	5	12	70	56	150
5	1	14	71	263	324
5	14	5	72	346	373
5	5	11	73	402	475
5	13	5	74	490	518
5	10	5	75	654	709
5	11	6	76	712	722
5	2	4	77	776	804
5	13	2	78	815	828
5	10	5	79	867	932
5	14	9	80	968	1044
5	10	10	81	1090	1141
5	14	9	82	1191	1209
5	14	8	83	1209	1241
5	2	8	84	1322	1336
6	12	2	85	0	72
6	5	12	86	193	234
6	7	12	87	234	267
6	14	4	88	286	311
6	12	4	89	318	346
6	13	2	90	428	490
6	8	3	91	493	546
6	4	2	92	552	578
6	14	4	93	661	688
6	8	10	94	867	905
6	7	7	95	912	1000
6	12	4	96	1010	1043
6	14	9	97	1044	1121
6	0	0	98	1121	1212
7	6	11	99	33	115
7	10	5	100	233	284
7	1	14	101	324	360
7	12	13	102	361	460
7	9	6	103	497	566
7	5	8	104	619	650
7	7	12	105	655	664
7	4	3	106	672	743
7	0	0	107	792	828
7	2	4	108	943	1010
7	6	1	109	1016	1126
7	8	3	110	1130	1232
8	0	13	111	177	274
8	3	13	112	315	361
8	14	5	113	373	402
8	10	2	114	493	516
8	1	1	115	553	591
8	6	9	116	613	647
8	9	1	117	701	713
8	2	4	118	876	943
8	6	1	119	1126	1203
8	14	1	120	1241	1258
8	4	6	121	1287	1344
9	7	3	122	0	40
9	7	10	123	51	82
9	12	4	124	180	246
9	5	11	125	330	387
9	14	5	126	402	466
9	12	13	127	558	613
9	13	7	128	647	718
9	3	13	129	718	807
9	2	13	130	1010	1033
9	5	12	131	1191	1250
9	7	14	132	1251	1271
9	7	14	133	1271	1337
9	0	13	134	1347	1392
10	6	12	135	0	25
10	0	9	136	38	113
10	8	10	137	208	266
10	9	0	138	329	369
10	2	4	139	467	519
10	8	3	140	546	602
10	0	0	141	749	777
10	1	11	142	784	814
10	12	3	143	846	943
10	5	14	144	947	1014
10	7	7	145	1014	1028
10	9	14	146	1098	1123
10	14	3	147	1261	1334
10	1	8	148	1336	1392
11	4	6	149	65	124
11	0	11	150	124	177
11	13	8	151	188	227
11	0	9	152	312	346
11	8	10	153	389	457
11	2	4	154	519	569
11	3	13	155	616	657
11	9	14	156	667	701
11	8	14	157	701	722
11	2	4	158	804	840
11	2	4	159	840	876
11	12	13	160	943	982
11	3	12	161	1017	1076
11	3	10	162	1141	1219
11	13	7	163	1242	1304
12	2	0	164	0	37
12	1	7	165	107	173
12	14	9	166	173	256
12	14	4	167	256	286
12	6	9	168	370	459
12	8	5	169	466	489
12	7	12	170	552	610
12	14	4	171	624	661
12	3	13	172	661	672
12	6	9	173	672	754
12	0	0	174	828	904
12	1	8	175	918	981
12	12	4	176	1043	1113
12	12	4	177	1203	1268
12	8	4	178	1268	1368
13	11	1	179	91	169
13	9	0	180	169	207
13	6	7	181	207	231
13	5	3	182	234	300
13	6	9	183	459	526
13	0	0	184	632	710
13	8	10	185	722	812
13	8	3	186	1020	1079
13	9	14	187	1123	1147
13	10	2	188	1152	1170
13	12	2	189	1268	1372
14	1	11	190	0	33
14	13	8	191	58	87
14	4	6	192	124	158
14	3	12	193	378	456
14	10	5	194	518	585
14	7	12	195	610	655
14	11	6	196	722	774
14	14	5	197	823	832
14	13	2	198	832	909
14	9	0	199	1076	1089
14	10	5	200	1242	1298
14	11	1	201	1304	1361
15	4	6	202	9	19
15	14	5	203	78	144
15	9	6	204	221	284
15	3	8	205	456	510
15	3	8	206	532	616
15	14	4	207	758	766
15	9	13	208	822	902
15	12	13	209	982	1007
15	5	11	210	1076	1115
15	1	5	211	1115	1175
15	11	1	212	1278	1304
15	13	7	213	1359	1375
16	13	8	214	87	188
16	3	8	215	234	269
16	13	8	216	269	351
16	11	14	217	451	539
16	14	10	218	562	576
16	5	8	219	650	714
16	1	11	220	767	784
16	5	14	221	843	947
16	13	11	222	972	1033
16	10	11	223	1033	1076
16	9	0	224	1089	1098
16	13	7	225	1109	1198
16	11	6	226	1235	1263
16	10	5	227	1298	1326
16	9	5	228	1363	1390
17	4	6	229	19	65
17	6	9	230	115	148
17	4	6	231	366	420
17	2	4	232	420	467
17	11	14	233	539	563
17	5	11	234	575	619
17	11	6	235	629	660
17	10	1	236	769	860
17	13	5	237	1033	1099
17	5	12	238	1115	1191
17	2	1	239	1203	1229
18	11	10	240	35	51
18	9	0	241	90	125
18	9	0	242	125	163
18	5	11	243	300	330
18	7	7	244	360	421
18	14	10	245	466	562
18	9	14	246	566	598
18	10	5	247	709	732
18	10	5	248	732	759
18	12	3	249	811	846
18	6	1	250	872	934
18	0	7	251	1096	1109
18	5	12	252	1250	1285
18	6	9	253	1312	1381
19	1	7	254	38	107
19	10	2	255	107	139
19	7	3	256	203	231
19	13	7	257	231	266
19	0	9	258	274	312
19	9	1	259	447	497
19	13	2	260	518	546
19	10	5	261	585	654
19	7	12	262	664	701
19	5	8	263	714	814
19	9	0	264	940	973
19	10	5	265	979	1031
19	9	13	266	1154	1253
19	13	7	267	1304	1359
20	11	10	268	0	35
20	2	10	269	154	208
20	9	0	270	287	329
20	7	12	271	487	552
20	2	10	272	675	721
20	9	14	273	722	746
20	9	0	274	973	998
20	1	14	275	1014	1050
20	2	8	276	1141	1186
20	1	5	277	1186	1220
20	6	9	278	1247	1312
21	9	14	279	24	90
21	2	10	280	91	154
21	6	3	281	300	370
21	11	1	282	370	408
21	12	13	283	460	558
21	2	1	284	721	768
21	7	12	285	788	884
21	9	10	286	905	940
21	3	8	287	1076	1137
21	13	2	288	1198	1242
21	2	8	289	1242	1313
21	2	0	290	1336	1375
22	2	1	291	42	91
22	8	14	292	91	113
22	10	5	293	284	346
22	11	1	294	408	447
22	11	6	295	566	629
22	14	4	296	688	758
22	0	0	297	777	792
22	14	5	298	832	855
22	3	8	299	855	918
22	10	5	300	932	979
22	14	9	301	1121	1191
22	10	7	302	1198	1208
22	9	5	303	1331	1363
23	7	13	304	82	175
23	7	3	305	175	203
23	6	11	306	234	296
23	5	11	307	387	402
23	10	3	308	463	493
23	0	0	309	505	596
23	12	2	310	740	811
23	4	11	311	814	887
23	4	11	312	887	972
23	9	0	313	998	1076
23	8	3	314	1079	1130
23	10	10	315	1367	1394
24	8	13	316	0	60
24	10	5	317	61	77
24	5	12	318	150	193
24	3	12	319	269	315
24	0	0	320	409	505
24	12	11	321	619	692
24	1	11	322	701	767
24	11	6	323	774	861
24	11	6	324	861	923
24	4	2	325	972	1031
24	7	7	326	1031	1053
24	11	2	327	1103	1152
24	0	0	328	1212	1231
25	10	5	329	144	233
25	8	10	330	332	389
25	7	12	331	456	487
25	3	8	332	510	532
25	3	8	333	822	850
25	0	13	334	904	938
25	0	10	335	940	1023
25	11	6	336	1208	1235
25	8	3	337	1235	1261
25	3	12	338	1319	1370
26	14	4	339	42	78
26	2	0	340	208	287
26	7	12	341	315	360
26	6	9	342	526	613
26	1	1	343	634	701
26	10	5	344	759	769
26	14	5	345	769	823
26	2	13	346	1033	1058
26	1	7	347	1058	1096
26	7	14	348	1337	1389
27	0	7	349	0	38
27	8	14	350	113	174
27	8	7	351	174	206
27	4	1	352	267	307
27	7	7	353	421	455
27	5	11	354	475	546
27	14	4	355	576	624
27	11	6	356	660	712
27	6	9	357	754	820
27	6	1	358	934	1016
27	4	2	359	1031	1103
28	3	4	360	0	39
28	1	14	361	174	263
28	2	6	362	287	357
28	4	6	363	357	366
28	0	0	364	369	409
28	2	10	365	576	675
28	0	0	366	710	749
28	9	14	367	749	822
28	5	14	368	822	843
28	5	8	369	1014	1074
28	12	4	370	1113	1171
28	3	10	371	1219	1319
28	10	10	372	1326	1367
28	4	6	373	1367	1394
29	11	1	374	169	267
29	4	2	375	318	332
29	9	8	376	378	440
29	4	1	377	511	552
29	0	0	378	596	632
29	12	2	379	692	740
29	2	4	380	768	776
29	6	9	381	820	872
29	11	6	382	980	1007
29	4	11	383	1115	1200
29	2	8	384	1313	1322


Solution History:
