This is the output of Heuristic Solver for Dual resource constrained flexible job shop Scheduling Problem.
Input file is: wfjsp8_3.txt
Method: FaFM_30_50_600
Seed: 3
Number of Jobs: 15
Number of Operations: 127
Number of Machines: 5
Number of Operators: 5
CPU Time: 103.754
obj: 1376
Best found lower bound:0
Solver gap (best found lower bound and upper bound difference): Not known


Final Solution:
Job	Machine	Operator	Operation	Start Time	Finish Time
0	0	1	0	62	141
0	3	1	1	221	236
0	0	0	2	259	278
0	2	2	3	279	378
0	3	3	4	434	511
0	3	1	5	823	896
0	4	4	6	932	1020
0	0	0	7	1062	1103
0	0	0	8	1185	1276
1	1	4	9	27	42
1	3	0	10	75	138
1	0	0	11	314	408
1	4	3	12	413	431
1	3	1	13	667	773
1	2	2	14	782	879
1	1	3	15	1029	1058
1	1	3	16	1316	1376
2	2	2	17	0	17
2	1	4	18	74	157
2	1	4	19	157	170
2	3	1	20	334	360
2	4	3	21	360	413
2	2	2	22	520	617
2	2	2	23	715	782
2	0	0	24	1034	1062
2	0	0	25	1103	1185
2	4	4	26	1277	1374
3	0	4	27	0	11
3	3	0	28	38	75
3	4	3	29	177	281
3	2	2	30	414	452
3	4	3	31	526	555
3	3	1	32	896	959
3	4	4	33	1081	1144
3	4	4	34	1180	1247
4	1	4	35	170	272
4	0	0	36	408	500
4	3	3	37	511	526
4	4	3	38	555	584
4	0	0	39	596	677
4	0	0	40	677	695
4	1	3	41	727	751
4	1	3	42	751	810
4	4	4	43	897	932
4	2	2	44	983	1046
5	2	2	45	48	146
5	1	4	46	432	515
5	1	4	47	515	591
5	4	4	48	591	607
5	3	1	49	651	667
5	3	1	50	773	823
5	1	3	51	1058	1131
5	4	4	52	1144	1180
5	3	1	53	1191	1212
5	3	1	54	1318	1371
6	0	0	55	11	38
6	1	4	56	42	74
6	2	2	57	146	222
6	1	4	58	346	432
6	2	2	59	617	715
6	0	0	60	855	952
6	4	4	61	1020	1030
6	2	2	62	1205	1268
6	0	0	63	1276	1372
7	2	2	64	452	490
7	2	2	65	490	520
7	4	4	66	618	679
7	0	0	67	723	760
7	3	1	68	959	1031
7	2	2	69	1134	1144
7	3	1	70	1212	1318
8	3	1	71	274	334
8	1	3	72	591	619
8	4	4	73	679	754
8	1	3	74	1131	1160
8	1	3	75	1260	1316
8	2	2	76	1359	1371
9	2	2	77	17	48
9	2	2	78	267	279
9	4	3	79	281	358
9	1	3	80	619	691
9	1	3	81	980	1029
9	4	4	82	1030	1047
9	4	4	83	1047	1081
9	2	2	84	1268	1283
10	0	1	85	141	220
10	1	4	86	272	310
10	2	2	87	378	414
10	3	1	88	526	547
10	1	3	89	691	727
10	1	3	90	933	980
10	3	1	91	1078	1130
10	2	2	92	1179	1205
10	4	4	93	1247	1277
11	3	3	94	0	38
11	3	0	95	138	221
11	3	1	96	236	274
11	4	1	97	434	526
11	3	1	98	547	651
11	1	3	99	810	882
11	1	3	100	882	933
11	2	2	101	1098	1134
11	1	3	102	1160	1260
11	2	2	103	1283	1359
12	4	1	104	0	38
12	4	3	105	38	50
12	4	3	106	50	116
12	0	0	107	278	314
12	3	1	108	360	434
12	0	0	109	500	596
12	0	0	110	760	855
12	2	2	111	879	983
12	3	1	112	1031	1078
12	2	2	113	1144	1179
13	0	1	114	38	62
13	0	0	115	221	259
13	1	4	116	310	346
13	4	4	117	607	618
13	4	4	118	825	897
13	0	0	119	952	1034
14	1	4	120	11	27
14	4	3	121	116	177
14	2	2	122	222	267
14	0	0	123	695	723
14	4	4	124	754	825
14	2	2	125	1046	1098
14	3	1	126	1130	1191


Solution History:
