This is the output of Heuristic Solver for Dual resource constrained flexible job shop Scheduling Problem.
Input file is: wfjsp8_5.txt
Method: FaFM_30_50_600
Seed: 4
Number of Jobs: 15
Number of Operations: 106
Number of Machines: 5
Number of Operators: 5
CPU Time: 44.2975
obj: 1049
Best found lower bound:0
Solver gap (best found lower bound and upper bound difference): Not known


Final Solution:
Job	Machine	Operator	Operation	Start Time	Finish Time
0	0	1	0	0	15
0	2	2	1	21	63
0	3	0	2	231	323
0	3	0	3	376	444
0	2	0	4	706	776
0	0	1	5	927	961
0	3	2	6	975	1039
1	1	3	7	55	94
1	4	4	8	274	320
1	3	0	9	335	376
1	4	4	10	681	711
1	4	4	11	711	781
2	1	3	12	32	55
2	3	0	13	67	81
2	2	2	14	317	382
2	0	1	15	791	857
2	3	2	16	1039	1048
3	1	3	17	94	145
3	4	4	18	348	423
3	3	2	19	626	667
3	1	3	20	836	864
3	2	0	21	959	996
4	0	1	22	15	43
4	0	1	23	61	91
4	0	1	24	497	588
4	3	2	25	753	796
4	4	4	26	973	1012
5	4	4	27	15	36
5	4	4	28	36	44
5	0	1	29	198	243
5	1	3	30	540	623
5	2	0	31	824	891
6	3	0	32	81	148
6	2	2	33	231	317
6	3	2	34	446	529
6	0	1	35	756	791
6	3	2	36	796	809
6	4	4	37	927	973
7	1	3	38	145	226
7	1	3	39	379	454
7	4	4	40	572	638
7	1	3	41	806	836
7	0	1	42	857	927
8	1	3	43	0	32
8	0	1	44	43	61
8	0	1	45	131	198
8	1	3	46	297	379
8	1	3	47	454	540
8	0	1	48	588	632
8	1	3	49	657	738
8	1	3	50	864	942
8	1	3	51	942	951
8	4	4	52	1012	1047
9	4	4	53	128	207
9	0	1	54	243	275
9	0	1	55	320	408
9	2	0	56	513	533
9	1	3	57	623	657
9	3	2	58	667	753
9	4	4	59	781	793
9	4	4	60	793	818
9	4	4	61	861	927
10	4	4	62	0	15
10	0	1	63	91	131
10	2	0	64	149	181
10	3	2	65	529	618
10	0	1	66	632	718
10	0	1	67	718	756
10	1	3	68	992	1033
10	1	3	69	1033	1049
11	4	4	70	44	128
11	3	2	71	149	231
11	0	1	72	275	320
11	0	1	73	463	497
11	4	4	74	542	555
11	2	0	75	584	676
11	2	0	76	676	706
11	2	0	77	776	824
11	2	0	78	891	959
11	0	1	79	961	1046
12	3	0	80	0	28
12	4	4	81	207	274
12	0	1	82	408	463
12	4	4	83	508	517
12	4	4	84	517	542
12	4	4	85	555	563
12	4	4	86	563	572
12	3	2	87	889	975
13	2	2	88	63	149
13	2	0	89	181	229
13	4	4	90	320	348
13	4	4	91	423	508
13	2	0	92	533	584
13	3	2	93	618	626
13	4	4	94	638	681
13	3	2	95	809	889
13	1	3	96	951	992
13	2	0	97	996	1044
14	2	2	98	0	21
14	3	0	99	28	67
14	1	3	100	226	297
14	3	0	101	323	335
14	2	2	102	382	446
14	2	0	103	446	513
14	1	3	104	738	806
14	4	4	105	818	861


Solution History:
