This is the output of Heuristic Solver for Dual resource constrained flexible job shop Scheduling Problem.
Input file is: wfjsp18_1.txt
Method: FaFM_30_50_600
Seed: 1
Number of Jobs: 20
Number of Operations: 150
Number of Machines: 10
Number of Operators: 8
CPU Time: 78.7192
obj: 945
Best found lower bound:0
Solver gap (best found lower bound and upper bound difference): Not known


Final Solution:
Job	Machine	Operator	Operation	Start Time	Finish Time
0	8	1	0	204	289
0	6	0	1	305	330
0	5	0	2	333	380
0	1	7	3	533	616
0	6	4	4	719	796
1	1	2	5	33	98
1	4	1	6	338	417
1	4	1	7	417	453
1	8	3	8	532	573
1	8	5	9	573	611
1	6	3	10	611	623
1	0	2	11	649	667
1	5	1	12	837	853
1	6	3	13	853	896
2	4	7	14	16	79
2	4	0	15	79	128
2	1	5	16	333	356
2	1	2	17	356	365
2	7	2	18	391	453
2	0	2	19	709	757
2	1	7	20	771	854
3	6	4	21	89	187
3	6	3	22	399	449
3	7	5	23	611	685
3	0	2	24	693	709
3	4	0	25	837	875
3	4	0	26	875	895
4	5	0	27	0	21
4	1	2	28	98	147
4	3	6	29	177	268
4	3	6	30	268	309
4	9	3	31	473	532
4	5	0	32	743	832
4	7	2	33	893	940
5	2	4	34	0	13
5	5	0	35	21	73
5	3	6	36	83	107
5	3	6	37	124	156
5	0	7	38	256	330
5	6	4	39	459	515
5	9	4	40	532	565
5	7	5	41	685	767
5	0	6	42	908	932
6	2	3	43	168	225
6	2	3	44	225	238
6	0	7	45	244	256
6	5	5	46	257	333
6	6	7	47	333	341
6	3	2	48	531	540
6	4	1	49	552	596
6	3	6	50	655	727
7	3	3	51	0	15
7	7	5	52	33	101
7	9	6	53	387	446
7	2	0	54	695	743
7	3	4	55	805	851
8	0	7	56	79	165
8	6	6	57	346	387
8	2	0	58	471	566
8	1	7	59	616	672
8	0	2	60	672	693
8	9	6	61	744	806
9	8	1	62	0	18
9	2	3	63	124	168
9	6	4	64	187	290
9	1	0	65	380	419
9	8	4	66	515	532
9	4	1	67	596	642
9	2	0	68	645	695
9	0	2	69	757	816
9	8	5	70	862	903
10	7	2	71	0	28
10	9	3	72	58	100
10	0	7	73	165	205
10	0	7	74	205	244
10	8	1	75	289	338
10	3	6	76	446	521
10	7	2	77	816	893
11	9	5	78	101	178
11	0	7	79	429	515
11	2	4	80	566	642
11	6	3	81	805	847
11	4	3	82	896	909
11	8	5	83	909	928
11	5	1	84	932	942
12	8	1	85	125	204
12	3	6	86	309	346
12	8	5	87	356	384
12	5	3	88	384	399
12	8	4	89	429	459
12	3	2	90	596	649
12	9	6	91	727	744
12	1	0	92	895	941
13	2	4	93	13	89
13	2	3	94	100	124
13	3	6	95	156	177
13	7	5	96	178	246
13	7	5	97	246	257
13	5	5	98	482	566
13	6	4	99	642	719
13	3	4	100	851	907
13	2	4	101	907	945
14	4	0	102	128	219
14	9	3	103	291	376
14	1	2	104	453	493
14	6	6	105	521	577
14	0	3	106	623	643
14	7	5	107	767	809
14	2	7	108	893	906
15	6	6	109	0	83
15	2	4	110	290	350
15	0	4	111	351	429
15	9	3	112	449	473
15	0	7	113	515	533
15	9	6	114	577	655
15	1	7	115	672	690
15	1	7	116	690	771
15	9	6	117	806	908
16	9	5	118	0	10
16	1	5	119	10	33
16	3	6	120	107	124
16	4	0	121	219	305
16	2	0	122	424	471
16	5	0	123	566	645
16	8	1	124	645	703
16	4	1	125	703	757
16	1	7	126	854	893
16	3	3	127	909	942
17	8	1	128	18	42
17	1	2	129	227	326
17	0	2	130	330	351
17	7	2	131	365	391
17	6	7	132	906	942
18	0	7	133	0	16
18	0	3	134	16	58
18	1	2	135	147	227
18	9	3	136	238	291
18	8	5	137	384	423
18	4	1	138	453	552
18	0	3	139	573	611
18	5	3	140	645	719
18	3	3	141	727	805
18	2	5	142	809	862
19	8	1	143	42	125
19	2	7	144	350	424
19	5	5	145	424	482
19	1	2	146	493	531
19	7	2	147	540	596
19	4	1	148	757	837
19	5	1	149	853	932


Solution History:
