This is the output of Heuristic Solver for Dual resource constrained flexible job shop Scheduling Problem.
Input file is: wfjsp13_1.txt
Method: FaFM_30_50_600
Seed: 4
Number of Jobs: 25
Number of Operations: 248
Number of Machines: 15
Number of Operators: 15
CPU Time: 243.195
obj: 872
Best found lower bound:0
Solver gap (best found lower bound and upper bound difference): Not known


Final Solution:
Job	Machine	Operator	Operation	Start Time	Finish Time
0	7	9	0	0	69
0	5	14	1	70	95
0	11	0	2	95	142
0	3	0	3	236	327
0	6	5	4	341	420
0	13	13	5	420	477
0	9	6	6	547	619
0	10	14	7	649	676
0	12	4	8	751	786
0	7	5	9	817	849
0	11	3	10	862	872
1	2	4	11	0	16
1	10	8	12	73	87
1	1	3	13	87	133
1	9	10	14	172	241
1	0	7	15	352	393
1	1	3	16	406	427
1	5	1	17	452	461
1	5	8	18	462	523
1	8	3	19	606	652
1	12	4	20	786	864
2	12	10	21	0	89
2	6	0	22	142	188
2	7	11	23	208	284
2	14	8	24	314	328
2	10	8	25	370	403
2	8	2	26	403	429
2	0	7	27	451	474
2	8	3	28	553	606
2	3	0	29	610	693
3	3	7	30	0	41
3	11	12	31	142	196
3	13	6	32	294	370
3	14	7	33	393	436
3	14	4	34	520	533
3	2	9	35	533	573
3	3	7	36	695	719
3	11	2	37	746	782
4	7	4	38	69	139
4	7	3	39	139	198
4	14	3	40	198	231
4	5	12	41	271	358
4	1	13	42	520	547
4	5	14	43	676	738
4	8	3	44	743	754
4	5	0	45	754	768
5	11	6	46	0	72
5	13	2	47	93	102
5	5	14	48	102	114
5	1	9	49	212	255
5	9	10	50	255	327
5	14	0	51	328	345
5	4	11	52	351	411
5	11	12	53	436	490
5	12	2	54	537	578
5	12	2	55	578	618
5	0	11	56	669	756
5	14	8	57	792	829
6	9	10	58	89	172
6	8	4	59	343	398
6	3	0	60	398	419
6	7	9	61	433	490
6	14	0	62	491	510
6	2	9	63	573	609
6	7	9	64	609	701
6	1	5	65	711	746
6	9	10	66	814	832
7	9	3	67	0	47
7	1	8	68	152	212
7	12	14	69	276	356
7	13	13	70	370	408
7	7	4	71	533	561
7	7	4	72	561	602
7	13	12	73	676	713
7	3	7	74	737	776
7	3	11	75	776	830
8	10	8	76	0	73
8	4	4	77	139	214
8	2	9	78	259	332
8	3	11	79	419	506
8	0	11	80	507	588
8	2	4	81	609	655
8	4	4	82	655	670
8	2	1	83	675	695
8	5	0	84	768	777
8	6	12	85	780	856
9	14	0	86	47	91
9	13	6	87	246	279
9	13	6	88	279	294
9	9	10	89	327	356
9	0	4	90	398	451
9	4	5	91	485	500
9	4	5	92	500	553
9	11	6	93	788	862
10	9	3	94	47	67
10	8	13	95	77	100
10	10	14	96	128	184
10	8	3	97	246	257
10	11	2	98	267	369
10	9	10	99	637	707
10	14	8	100	737	792
10	14	8	101	829	868
11	4	11	102	0	84
11	6	5	103	190	267
11	0	7	104	277	318
11	1	3	105	351	406
11	4	5	106	420	438
11	1	4	107	476	520
11	3	0	108	536	551
11	12	2	109	618	694
11	1	9	110	817	872
12	0	5	111	0	78
12	12	6	112	89	114
12	8	1	113	133	154
12	4	4	114	214	289
12	5	14	115	358	377
12	14	8	116	533	622
12	14	6	117	622	714
12	6	8	118	714	726
12	2	1	119	775	796
13	9	6	120	72	89
13	13	13	121	102	189
13	3	0	122	189	236
13	6	5	123	267	341
13	1	3	124	427	476
13	6	1	125	510	551
13	8	3	126	652	689
13	9	10	127	707	738
13	2	1	128	751	775
13	0	7	129	776	863
14	13	2	130	0	22
14	13	2	131	22	46
14	3	7	132	46	82
14	0	5	133	82	98
14	2	9	134	110	154
14	10	13	135	189	268
14	8	1	136	268	330
14	7	9	137	490	526
14	5	10	138	547	637
14	5	12	139	637	676
14	10	13	140	676	759
14	13	2	141	788	870
15	5	14	142	25	70
15	3	11	143	84	162
15	2	1	144	176	259
15	7	4	145	289	343
15	7	9	146	343	378
15	7	9	147	378	433
15	2	2	148	433	513
15	1	13	149	547	635
15	13	13	150	636	676
15	11	0	151	695	745
15	4	14	152	745	804
15	2	14	153	804	863
16	14	0	154	0	47
16	13	2	155	47	93
16	5	6	156	114	152
16	5	12	157	196	271
16	8	10	158	430	475
16	12	14	159	475	537
16	4	1	160	553	633
16	13	6	161	714	788
17	5	14	162	0	25
17	11	12	163	77	94
17	6	12	164	94	135
17	1	8	165	135	152
17	3	11	166	162	181
17	4	11	167	289	351
17	11	6	168	402	435
17	12	14	169	446	468
17	9	10	170	475	547
17	9	10	171	738	814
17	3	11	172	830	853
18	2	9	173	69	110
18	12	2	174	114	191
18	12	14	175	191	276
18	0	7	176	318	352
18	14	0	177	352	390
18	5	10	178	390	430
18	14	6	179	436	469
18	10	6	180	469	547
18	8	1	181	695	743
18	10	13	182	759	834
18	10	13	183	834	861
19	6	1	184	0	83
19	8	6	185	154	246
19	3	8	186	328	366
19	12	10	187	366	384
19	12	14	188	384	446
19	4	5	189	446	485
19	11	12	190	490	580
19	13	12	191	591	636
19	3	7	192	719	737
19	6	12	193	737	780
19	4	1	194	804	863
20	14	7	195	91	182
20	7	9	196	198	208
20	14	8	197	231	314
20	2	1	198	332	384
20	10	8	199	403	462
20	6	1	200	470	510
20	13	7	201	510	591
20	10	14	202	594	649
20	6	8	203	649	707
20	4	4	204	707	733
20	7	9	205	737	812
20	8	3	206	823	855
21	2	4	207	16	68
21	1	3	208	68	87
21	13	2	209	191	243
21	11	2	210	243	267
21	1	3	211	267	351
21	5	1	212	430	452
21	8	3	213	476	553
21	3	0	214	591	610
21	1	5	215	635	711
21	2	4	216	733	751
21	1	5	217	764	817
21	9	10	218	832	868
22	8	12	219	0	77
22	10	8	220	87	128
22	5	9	221	154	195
22	9	12	222	358	436
22	0	7	223	474	507
22	10	14	224	547	594
22	11	7	225	594	695
22	14	3	226	714	737
22	5	0	227	777	862
23	1	13	228	0	56
23	4	1	229	84	133
23	2	1	230	154	176
23	10	13	231	268	357
23	11	6	232	370	402
23	6	0	233	420	470
23	3	0	234	551	591
23	0	11	235	591	669
23	7	9	236	701	737
23	1	5	237	746	764
23	8	3	238	764	823
24	0	5	239	98	190
24	0	7	240	190	277
24	10	13	241	357	370
24	2	1	242	384	429
24	14	0	243	470	491
24	3	0	244	510	536
24	6	5	245	553	630
24	2	1	246	655	675
24	12	2	247	694	746


Solution History:
