This is the output of Heuristic Solver for Dual resource constrained flexible job shop Scheduling Problem.
Input file is: wfjsp14_5.txt
Method: FaFM_30_50_600
Seed: 5
Number of Jobs: 30
Number of Operations: 210
Number of Machines: 15
Number of Operators: 15
CPU Time: 150.788
obj: 711
Best found lower bound:0
Solver gap (best found lower bound and upper bound difference): Not known


Final Solution:
Job	Machine	Operator	Operation	Start Time	Finish Time
0	12	1	0	0	14
0	6	3	1	25	65
0	8	4	2	65	152
0	12	0	3	221	291
0	5	1	4	416	484
0	1	3	5	490	525
0	1	12	6	645	709
1	2	1	7	14	51
1	11	3	8	305	351
1	9	13	9	427	464
1	8	4	10	490	521
1	10	7	11	543	614
2	9	4	12	0	21
2	7	14	13	145	159
2	11	3	14	240	305
2	8	13	15	521	583
2	9	4	16	626	637
3	2	1	17	51	98
3	11	10	18	98	168
3	11	14	19	508	551
3	7	5	20	588	615
3	4	0	21	620	657
4	10	2	22	37	65
4	11	10	23	168	198
4	14	8	24	305	401
4	6	12	25	462	506
4	4	0	26	583	620
5	8	5	27	17	38
5	11	10	28	90	98
5	13	7	29	98	146
5	12	0	30	291	390
5	0	13	31	464	521
6	4	12	32	0	64
6	6	2	33	173	261
6	5	14	34	336	416
6	6	1	35	506	542
6	7	11	36	556	572
6	8	9	37	591	641
7	12	2	38	88	173
7	7	8	39	173	242
7	4	6	40	323	389
7	1	3	41	540	571
7	12	1	42	629	701
8	10	2	43	0	37
8	3	9	44	37	55
8	10	3	45	65	129
8	8	10	46	244	326
8	7	10	47	326	412
8	4	0	48	415	457
8	10	7	49	462	543
8	11	14	50	551	633
8	6	2	51	633	642
8	6	3	52	642	677
9	6	12	53	65	150
9	4	12	54	157	192
9	0	6	55	222	320
9	4	6	56	389	407
9	0	5	57	427	461
9	7	9	58	463	549
9	2	2	59	549	562
9	2	2	60	562	588
9	2	10	61	588	659
10	8	5	62	0	17
10	0	13	63	17	59
10	10	3	64	207	238
10	9	13	65	249	348
10	6	2	66	349	427
10	13	11	67	490	535
10	0	2	68	645	684
10	2	2	69	684	700
11	13	11	70	0	79
11	14	6	71	106	192
11	3	9	72	210	256
11	1	5	73	265	303
11	7	5	74	304	319
11	8	11	75	326	405
11	6	4	76	427	459
11	3	6	77	501	549
11	6	1	78	549	617
11	7	5	79	617	704
12	6	3	80	0	25
12	2	1	81	140	210
12	3	9	82	256	305
12	9	13	83	348	361
12	8	10	84	412	437
12	10	12	85	454	462
12	0	5	86	571	580
12	13	11	87	588	666
13	14	6	88	21	106
13	5	8	89	106	154
13	14	6	90	192	222
13	6	2	91	261	349
13	3	9	92	351	396
13	0	5	93	418	427
13	8	10	94	437	484
13	5	12	95	506	581
13	3	6	96	582	621
13	4	0	97	657	707
14	11	6	98	0	21
14	9	0	99	37	76
14	9	13	100	165	235
14	9	13	101	235	249
14	10	12	102	314	385
14	10	12	103	385	454
14	4	5	104	461	529
14	13	0	105	535	583
15	9	13	106	76	165
15	2	1	107	210	303
15	11	3	108	351	381
15	14	6	109	417	501
15	0	5	110	529	571
15	1	3	111	571	603
15	1	3	112	603	641
16	13	2	113	79	87
16	10	3	114	129	207
16	14	7	115	228	260
16	7	8	116	281	304
16	0	5	117	320	335
16	9	0	118	464	526
16	3	6	119	549	582
16	5	8	120	652	689
17	8	4	121	38	65
17	1	0	122	76	97
17	13	7	123	146	228
17	14	8	124	401	417
17	13	2	125	427	459
17	14	10	126	560	581
17	8	13	127	645	706
18	0	5	128	126	217
18	10	11	129	244	253
18	3	9	130	396	415
18	7	9	131	415	444
18	14	12	132	581	645
19	2	7	133	0	10
19	11	10	134	21	90
19	5	8	135	90	106
19	8	8	136	154	165
19	1	5	137	218	265
19	1	1	138	369	411
19	1	11	139	411	490
19	4	11	140	535	556
19	8	9	141	583	591
19	0	9	142	684	702
20	12	8	143	14	88
20	1	0	144	151	218
20	13	4	145	361	426
20	7	9	146	444	463
20	4	9	147	556	581
20	10	7	148	614	684
21	4	11	149	79	157
21	13	4	150	228	309
21	11	3	151	464	489
21	9	4	152	526	560
21	9	4	153	560	626
22	1	0	154	0	29
22	4	12	155	192	252
22	3	9	156	305	351
22	2	2	157	459	545
22	7	11	158	572	588
23	0	9	159	0	14
23	5	7	160	14	90
23	8	11	161	165	244
23	10	12	162	253	314
23	9	13	163	361	427
23	13	4	164	459	490
23	11	10	165	490	508
23	14	10	166	508	560
23	3	6	167	621	711
24	9	4	168	21	37
24	6	4	169	152	170
24	11	10	170	198	240
24	5	14	171	274	336
24	3	14	172	416	497
24	11	14	173	633	694
25	0	5	174	59	126
25	5	14	175	159	220
25	2	7	176	305	394
25	2	7	177	394	459
25	5	1	178	484	505
25	9	4	179	680	700
26	7	14	180	0	62
26	1	0	181	97	133
26	1	0	182	133	151
26	7	8	183	242	281
26	4	11	184	281	323
26	0	5	185	335	418
26	12	8	186	418	493
26	5	8	187	584	652
26	14	10	188	659	708
27	3	9	189	55	105
27	3	9	190	105	178
27	3	9	191	178	210
27	13	4	192	309	361
27	12	0	193	390	415
27	1	3	194	525	540
27	13	11	195	666	708
28	3	8	196	0	10
28	2	1	197	98	140
28	5	14	198	220	274
28	1	1	199	303	369
28	0	13	200	583	645
29	14	10	201	0	18
29	7	14	202	62	145
29	12	4	203	173	221
29	14	7	204	260	305
29	11	3	205	381	464
29	12	8	206	493	584
29	12	2	207	588	629
29	9	4	208	637	680
29	10	3	209	684	698


Solution History:
