This is the output of Heuristic Solver for Dual resource constrained flexible job shop Scheduling Problem.
Input file is: wfjsp13_6.txt
Method: FaFM_30_50_600
Seed: 1
Number of Jobs: 25
Number of Operations: 253
Number of Machines: 15
Number of Operators: 15
CPU Time: 415.022
obj: 999
Best found lower bound:0
Solver gap (best found lower bound and upper bound difference): Not known


Final Solution:
Job	Machine	Operator	Operation	Start Time	Finish Time
0	4	10	0	0	65
0	13	9	1	83	121
0	13	9	2	121	183
0	3	7	3	183	222
0	5	13	4	323	410
0	3	7	5	422	509
0	5	7	6	525	553
0	4	4	7	590	616
0	13	8	8	676	767
0	13	8	9	767	781
0	3	7	10	789	880
0	10	12	11	907	972
1	5	8	12	83	113
1	5	8	13	113	150
1	7	4	14	203	259
1	8	1	15	299	388
1	8	1	16	388	470
1	0	3	17	515	600
1	1	3	18	600	628
1	6	8	19	628	673
1	5	7	20	719	778
1	9	6	21	832	873
1	11	5	22	910	994
2	11	13	23	0	67
2	4	10	24	67	138
2	4	3	25	138	174
2	13	13	26	218	246
2	0	3	27	305	314
2	3	7	28	355	422
2	8	9	29	518	607
2	9	4	30	616	663
2	10	1	31	690	706
2	9	6	32	739	832
2	4	10	33	919	991
3	6	8	34	0	35
3	3	11	35	52	123
3	14	0	36	158	198
3	10	5	37	234	259
3	0	3	38	389	474
3	3	11	39	513	549
3	2	7	40	663	719
3	13	8	41	781	824
3	2	7	42	888	950
4	13	14	43	0	83
4	0	11	44	123	213
4	4	3	45	256	305
4	10	12	46	326	418
4	1	12	47	418	449
4	4	10	48	450	499
4	7	2	49	576	589
4	12	11	50	704	794
4	11	5	51	794	823
4	6	8	52	824	835
4	12	11	53	861	911
4	7	4	54	911	998
5	1	12	55	0	9
5	7	12	56	9	80
5	5	13	57	155	216
5	7	4	58	377	447
5	1	12	59	449	494
5	4	4	60	499	590
5	11	5	61	590	603
5	10	1	62	603	690
5	7	14	63	704	755
5	3	10	64	769	789
5	5	3	65	789	815
5	11	5	66	823	910
6	6	5	67	139	177
6	2	2	68	177	263
6	10	5	69	263	326
6	5	5	70	564	576
6	6	0	71	577	612
6	11	10	72	612	648
6	6	4	73	673	757
6	4	4	74	765	801
6	1	4	75	867	909
6	8	2	76	919	927
7	1	5	77	33	56
7	2	2	78	88	176
7	13	8	79	248	337
7	7	4	80	367	377
7	12	8	81	429	453
7	5	5	82	553	564
7	2	7	83	564	663
7	7	2	84	684	702
7	14	12	85	702	772
7	3	1	86	880	968
8	3	1	87	0	52
8	12	9	88	52	76
8	10	7	89	139	174
8	14	0	90	198	283
8	14	0	91	283	301
8	4	14	92	305	321
8	11	8	93	460	496
8	12	14	94	509	563
8	14	13	95	563	607
8	1	0	96	704	793
8	5	3	97	815	903
8	6	7	98	969	995
9	1	5	99	56	118
9	10	5	100	177	234
9	1	12	101	293	302
9	3	7	102	313	355
9	8	1	103	470	518
9	13	10	104	595	612
9	9	6	105	666	697
9	9	6	106	873	894
9	6	13	107	932	969
10	10	0	108	49	139
10	13	14	109	186	218
10	12	9	110	227	257
10	7	4	111	283	367
10	5	13	112	410	435
10	5	13	113	435	486
10	11	13	114	496	561
10	5	6	115	576	666
10	2	2	116	804	888
10	8	2	117	888	919
10	9	13	118	919	932
11	9	13	119	129	138
11	3	4	120	138	160
11	8	1	121	210	299
11	14	12	122	302	316
11	4	2	123	422	450
11	2	2	124	450	532
11	14	5	125	607	672
11	5	5	126	672	715
11	6	13	127	835	919
11	9	14	128	934	977
11	10	1	129	977	986
12	6	13	130	248	322
12	11	14	131	335	352
12	1	0	132	352	405
12	12	14	133	460	509
12	5	7	134	509	525
12	3	11	135	549	581
12	1	12	136	628	697
12	10	0	137	858	907
13	8	11	138	0	52
13	14	3	139	82	134
13	9	6	140	178	264
13	13	9	141	339	425
13	9	11	142	425	513
13	1	12	143	562	592
13	13	9	144	612	676
13	3	13	145	688	769
13	14	12	146	772	842
13	2	2	147	950	986
14	14	3	148	0	82
14	12	14	149	83	150
14	4	3	150	174	256
14	1	12	151	276	293
14	11	10	152	297	335
14	4	2	153	337	422
14	0	3	154	474	515
14	6	0	155	515	577
14	0	9	156	676	732
14	4	10	157	801	893
14	14	3	158	903	992
15	9	4	159	0	88
15	0	6	160	91	117
15	6	8	161	177	248
15	9	6	162	264	329
15	6	6	163	413	490
15	14	5	164	531	546
15	12	14	165	563	620
15	12	14	166	620	704
15	0	9	167	732	823
15	14	12	168	842	901
16	12	9	169	0	27
16	11	13	170	67	127
16	8	1	171	143	170
16	8	1	172	170	210
16	12	9	173	257	339
16	9	6	174	339	410
16	13	9	175	425	516
16	13	10	176	516	595
16	11	10	177	648	743
16	7	14	178	789	846
16	0	14	179	846	934
16	9	13	180	977	992
17	14	0	181	139	158
17	1	12	182	184	276
17	6	5	183	326	413
17	11	14	184	419	460
17	9	8	185	555	615
17	3	11	186	677	688
17	2	2	187	719	804
17	4	10	188	893	919
18	2	2	189	0	88
18	9	4	190	88	129
18	0	14	191	218	303
18	1	0	192	303	348
18	2	10	193	361	450
18	10	0	194	458	511
18	4	3	195	628	716
18	8	5	196	716	789
18	8	1	197	791	880
19	10	0	198	0	49
19	6	6	199	121	139
19	1	13	200	139	155
19	12	9	201	186	227
19	5	11	202	227	323
19	11	14	203	352	419
19	7	4	204	447	492
19	1	12	205	494	562
19	7	2	206	589	684
19	7	8	207	846	880
20	5	5	208	0	33
20	11	5	209	127	136
20	1	12	210	155	184
20	2	10	211	337	361
20	10	0	212	418	458
20	9	6	213	697	739
20	1	4	214	801	867
20	5	8	215	903	996
21	5	8	216	35	83
21	7	12	217	83	155
21	7	4	218	160	203
21	11	10	219	203	297
21	14	5	220	459	531
21	3	11	221	581	677
21	6	13	222	769	823
21	13	6	223	894	950
22	6	7	224	35	121
22	9	6	225	139	178
22	7	4	226	259	283
22	2	2	227	283	337
22	12	8	228	339	429
22	9	8	229	513	555
22	8	0	230	612	704
22	4	3	231	716	765
22	12	11	232	794	861
22	8	11	233	927	999
23	8	1	234	52	143
23	12	14	235	150	186
23	0	3	236	314	389
23	7	6	237	492	537
23	7	6	238	537	576
23	0	13	239	607	675
23	10	1	240	706	791
23	12	9	241	911	997
24	0	6	242	0	91
24	3	7	243	123	134
24	11	10	244	138	197
24	3	7	245	222	313
24	14	11	246	323	414
24	14	5	247	414	459
24	10	1	248	518	599
24	7	14	249	755	789
24	10	0	250	793	858
24	13	9	251	858	894
24	1	0	252	909	995


Solution History:
