This is the output of Heuristic Solver for Dual resource constrained flexible job shop Scheduling Problem.
Input file is: wfjsp24_9.txt
Method: FaFM_30_50_600
Seed: 4
Number of Jobs: 40
Number of Operations: 284
Number of Machines: 15
Number of Operators: 12
CPU Time: 294.364
obj: 1264
Best found lower bound:0
Solver gap (best found lower bound and upper bound difference): Not known


Final Solution:
Job	Machine	Operator	Operation	Start Time	Finish Time
0	4	11	0	331	419
0	12	9	1	434	473
0	6	6	2	578	639
0	2	5	3	764	820
0	8	8	4	1207	1236
1	10	5	5	0	83
1	8	0	6	314	370
1	12	10	7	416	434
1	14	5	8	487	547
1	2	9	9	558	621
1	12	4	10	668	760
1	12	0	11	822	897
1	3	8	12	915	995
2	9	2	13	0	44
2	11	5	14	204	224
2	1	10	15	228	286
2	0	10	16	286	302
2	10	9	17	302	390
2	10	9	18	408	433
2	4	6	19	924	943
2	12	8	20	1080	1114
3	5	6	21	96	147
3	2	6	22	149	162
3	5	6	23	162	181
3	1	4	24	421	441
3	2	9	25	621	683
3	10	5	26	694	751
4	7	10	27	74	156
4	11	6	28	375	465
4	13	2	29	589	680
4	1	0	30	709	765
4	10	0	31	765	822
5	2	10	32	351	416
5	0	10	33	599	669
5	7	8	34	675	687
5	4	7	35	805	893
5	4	6	36	893	924
5	12	7	37	973	993
5	4	9	38	1031	1043
5	9	0	39	1141	1196
6	12	9	40	54	113
6	6	7	41	121	204
6	2	8	42	214	238
6	11	6	43	357	375
6	6	6	44	504	523
6	6	3	45	682	719
6	8	3	46	719	768
6	9	3	47	768	831
6	1	11	48	922	970
6	9	4	49	990	1008
7	4	7	50	32	121
7	4	3	51	291	319
7	4	11	52	419	481
7	0	0	53	481	507
7	5	10	54	512	542
7	9	11	55	623	695
7	0	3	56	978	1049
7	3	0	57	1062	1076
7	9	3	58	1107	1141
8	11	8	59	114	192
8	6	7	60	204	248
8	4	11	61	481	518
8	0	10	62	669	744
8	14	1	63	807	874
8	13	9	64	932	1000
8	9	2	65	1014	1075
8	2	8	66	1244	1258
9	12	8	67	205	214
9	7	11	68	294	331
9	14	1	69	552	615
9	9	11	70	695	723
9	5	9	71	853	889
10	12	4	72	0	29
10	13	3	73	29	90
10	13	0	74	207	280
10	6	2	75	289	343
10	7	6	76	828	856
10	5	1	77	905	973
10	8	7	78	1003	1050
10	8	7	79	1050	1104
10	4	11	80	1117	1146
10	0	10	81	1154	1195
11	8	7	82	0	32
11	1	1	83	43	58
11	14	2	84	233	289
11	12	0	85	370	414
11	10	10	86	434	512
12	14	3	87	319	373
12	5	9	88	390	408
12	13	2	89	408	427
12	11	1	90	636	710
12	2	8	91	720	764
12	8	2	92	866	958
13	9	2	93	44	127
13	13	5	94	149	204
13	1	1	95	286	298
13	3	5	96	393	429
13	6	6	97	523	578
13	12	8	98	995	1080
13	5	6	99	1177	1262
14	13	3	100	0	28
14	1	1	101	58	120
14	2	8	102	238	275
14	1	8	103	399	421
14	12	9	104	473	558
14	8	8	105	579	634
14	0	0	106	1076	1134
15	0	10	107	0	74
15	8	11	108	78	92
15	7	3	109	230	291
15	0	7	110	375	428
15	7	7	111	428	444
15	1	11	112	835	922
15	14	3	113	1141	1246
16	10	11	114	92	121
16	4	1	115	253	281
16	6	2	116	343	407
16	6	5	117	429	487
16	13	2	118	533	589
16	11	5	119	605	636
16	6	7	120	657	682
16	6	3	121	835	894
16	1	11	122	1051	1117
17	7	6	123	0	61
17	0	3	124	121	185
17	3	6	125	185	244
17	4	7	126	629	657
17	1	0	127	667	709
17	0	10	128	744	767
17	5	8	129	767	853
17	13	5	130	859	928
17	11	4	131	1051	1137
17	0	9	132	1195	1257
18	2	9	133	0	54
18	5	6	134	61	96
18	2	5	135	123	149
18	0	3	136	214	230
18	3	3	137	432	491
18	5	5	138	547	605
18	3	3	139	650	678
18	0	3	140	916	978
18	2	0	141	985	1062
19	9	4	142	211	290
19	9	4	143	290	336
19	0	3	144	524	593
19	4	6	145	943	1027
19	6	2	146	1075	1120
19	6	2	147	1120	1147
20	11	8	148	0	32
20	5	1	149	181	252
20	7	8	150	335	399
20	5	0	151	414	472
20	7	0	152	507	532
20	5	1	153	615	627
20	6	5	154	928	987
20	13	9	155	1000	1031
20	8	8	156	1114	1207
20	10	11	157	1218	1242
21	14	1	158	0	29
21	11	1	159	32	43
21	1	11	160	121	207
21	11	5	161	224	285
21	0	6	162	303	357
21	9	11	163	587	604
21	12	7	164	897	973
21	14	5	165	1054	1140
21	1	2	166	1205	1263
22	8	2	167	443	533
22	14	6	168	639	734
22	7	6	169	734	828
22	7	10	170	932	1007
22	10	9	171	1099	1158
22	9	4	172	1196	1250
23	2	8	173	275	335
23	7	6	174	465	504
23	5	5	175	636	694
23	10	6	176	859	890
23	6	11	177	1147	1218
24	14	2	178	127	188
24	4	9	179	238	253
24	12	9	180	253	301
24	1	1	181	301	366
24	9	11	182	604	623
24	11	7	183	718	805
24	14	0	184	905	985
24	14	2	185	1003	1014
24	10	10	186	1014	1082
24	4	2	187	1147	1203
25	12	9	188	113	174
25	11	1	189	465	474
25	14	11	190	734	797
25	6	11	191	814	835
25	10	10	192	903	931
25	10	9	193	1158	1192
25	11	1	194	1205	1260
26	9	0	195	176	207
26	2	8	196	421	510
26	7	7	197	687	718
26	6	5	198	987	1054
26	13	3	199	1054	1107
27	1	0	200	0	17
27	11	8	201	50	114
27	14	2	202	188	233
27	1	7	203	444	534
27	8	2	204	782	866
27	1	1	205	1140	1205
28	10	4	206	123	211
28	4	2	207	680	722
28	1	10	208	767	821
28	1	10	209	821	832
28	11	4	210	844	926
28	14	4	211	1014	1039
28	4	9	212	1043	1099
29	8	3	213	92	121
29	11	5	214	285	330
29	13	2	215	427	443
29	9	4	216	509	579
29	6	3	217	894	916
29	11	4	218	1137	1192
30	12	8	219	32	50
30	9	0	220	145	176
30	5	6	221	252	303
30	11	1	222	474	552
30	2	8	223	687	706
30	0	9	224	767	826
30	7	6	225	1027	1108
30	2	6	226	1108	1177
31	14	4	227	29	123
31	3	3	228	593	650
31	14	1	229	874	905
31	13	5	230	1140	1222
31	14	3	231	1246	1259
32	3	0	232	17	90
32	3	0	233	90	145
32	9	4	234	336	419
32	13	9	235	683	761
32	11	1	236	973	1051
33	7	10	237	156	228
33	13	0	238	280	314
33	1	10	239	542	599
33	8	8	240	634	675
33	5	8	241	706	720
33	3	1	242	720	807
33	7	7	243	1108	1182
33	2	0	244	1196	1244
33	12	0	245	1244	1263
34	4	1	246	121	181
34	12	8	247	192	205
34	10	11	248	211	294
34	12	4	249	579	668
34	13	4	250	761	844
34	3	8	251	853	915
35	0	3	252	185	214
35	12	10	253	302	351
35	7	0	254	589	667
35	0	10	255	832	903
35	9	4	256	926	990
35	7	10	257	1195	1263
36	4	11	258	0	13
36	6	11	259	13	78
36	14	1	260	373	464
36	13	3	261	491	524
36	10	11	262	524	587
37	13	5	263	330	393
37	9	4	264	441	509
37	3	8	265	510	579
37	4	2	266	722	782
37	12	11	267	797	814
37	10	5	268	822	859
37	7	9	269	889	932
37	1	11	270	970	1051
37	5	1	271	1051	1140
37	3	7	272	1182	1261
38	0	5	273	83	107
38	2	5	274	107	123
38	7	0	275	532	589
38	8	2	276	958	1003
38	3	10	277	1082	1154
39	4	9	278	181	238
39	8	7	279	248	310
39	3	7	280	310	375
39	8	3	281	375	432
39	4	7	282	534	629
39	13	5	283	1222	1264


Solution History:
