This is the output of Heuristic Solver for Dual resource constrained flexible job shop Scheduling Problem.
Input file is: wfjsp22_2.txt
Method: FaFM_30_50_600
Seed: 4
Number of Jobs: 30
Number of Operations: 225
Number of Machines: 15
Number of Operators: 12
CPU Time: 127.314
obj: 968
Best found lower bound:0
Solver gap (best found lower bound and upper bound difference): Not known


Final Solution:
Job	Machine	Operator	Operation	Start Time	Finish Time
0	2	2	0	93	177
0	4	0	1	248	316
0	5	11	2	405	426
0	4	2	3	494	532
0	14	2	4	801	816
1	4	0	5	0	20
1	3	5	6	57	124
1	6	6	7	143	154
1	0	2	8	299	378
1	1	7	9	520	559
1	14	6	10	592	648
1	9	6	11	648	663
1	1	7	12	816	888
1	13	2	13	901	965
2	5	11	14	0	54
2	0	6	15	73	143
2	13	10	16	197	230
2	3	3	17	243	287
2	3	3	18	287	305
2	10	1	19	385	440
2	9	6	20	507	585
2	13	0	21	675	758
2	0	6	22	758	821
2	10	5	23	843	910
3	4	0	24	50	122
3	11	7	25	153	170
3	14	2	26	177	188
3	1	8	27	290	387
3	3	5	28	387	407
3	8	5	29	480	558
3	7	8	30	677	763
3	14	11	31	830	851
3	4	0	32	868	936
4	10	1	33	0	77
4	2	10	34	243	293
4	6	10	35	293	320
4	3	3	36	411	463
4	5	1	37	524	562
4	12	9	38	592	664
4	14	2	39	718	801
4	11	9	40	813	837
4	2	1	41	902	917
4	4	0	42	936	962
5	11	7	43	0	15
5	1	4	44	53	93
5	7	1	45	230	305
5	2	3	46	305	343
5	6	8	47	447	546
5	12	4	48	700	794
6	14	11	49	104	160
6	2	3	50	215	243
6	1	7	51	450	520
6	13	0	52	528	565
6	3	3	53	568	597
6	2	2	54	637	673
6	11	2	55	673	718
6	4	0	56	845	868
6	3	11	57	878	939
7	6	10	58	0	58
7	2	2	59	81	93
7	6	5	60	178	207
7	8	5	61	207	256
7	11	7	62	347	426
7	5	1	63	562	613
7	10	1	64	700	773
8	5	11	65	54	104
8	6	5	66	158	178
8	14	2	67	188	266
8	1	0	68	387	400
8	13	5	69	407	480
8	9	6	70	494	507
8	10	3	71	507	568
8	14	3	72	656	713
8	6	10	73	913	961
9	8	5	74	0	56
9	1	6	75	165	249
9	9	0	76	431	486
9	3	11	77	486	540
9	2	2	78	549	637
9	3	4	79	648	661
9	1	9	80	664	713
9	9	10	81	763	809
9	8	9	82	892	951
9	0	1	83	951	967
10	11	7	84	75	153
10	11	7	85	240	263
10	13	5	86	267	292
10	0	1	87	492	524
10	10	0	88	568	601
10	1	9	89	713	813
10	13	2	90	816	878
11	9	6	91	0	73
11	9	9	92	185	255
11	13	5	93	256	267
11	0	2	94	275	299
11	8	1	95	305	385
11	12	4	96	519	580
11	4	11	97	585	632
11	6	3	98	791	878
11	9	3	99	878	965
12	1	4	100	37	53
12	13	9	101	57	124
12	8	8	102	127	189
12	12	11	103	212	259
12	7	0	104	316	383
12	8	7	105	559	633
12	12	4	106	664	700
12	9	6	107	707	753
12	12	7	108	888	960
13	7	3	109	0	61
13	12	10	110	142	197
13	1	7	111	426	450
13	5	4	112	475	519
13	14	9	113	525	592
13	10	5	114	773	843
13	5	4	115	867	879
14	1	4	116	0	14
14	0	4	117	14	37
14	11	7	118	263	347
14	8	10	119	385	468
14	11	11	120	549	585
14	11	3	121	597	656
14	5	11	122	683	732
15	8	1	123	77	97
15	8	1	124	97	127
15	10	3	125	190	215
15	9	0	126	400	410
15	9	0	127	410	431
15	14	8	128	431	447
15	6	8	129	620	630
15	8	7	130	745	816
15	0	2	131	891	901
16	4	0	132	122	155
16	9	11	133	259	310
16	10	11	134	320	371
16	5	11	135	426	475
16	12	3	136	475	506
16	7	5	137	626	660
16	4	11	138	778	830
17	12	10	139	58	142
17	0	11	140	160	212
17	7	9	141	387	450
17	7	10	142	468	520
17	2	1	143	866	902
17	11	8	144	902	968
18	13	0	145	20	50
18	9	9	146	124	168
18	9	9	147	313	387
18	6	8	148	387	421
18	2	1	149	440	491
18	7	10	150	520	557
18	0	8	151	633	677
18	2	10	152	687	763
18	7	8	153	834	902
19	5	6	154	154	165
19	5	4	155	165	256
19	12	9	156	259	313
19	0	2	157	425	492
19	13	0	158	758	794
19	8	9	159	837	892
20	5	1	160	127	151
20	11	7	161	170	240
20	1	6	162	249	280
20	10	5	163	292	320
20	13	10	164	320	374
20	12	4	165	374	465
20	5	11	166	632	683
20	0	6	167	821	891
21	13	8	168	0	12
21	11	7	169	47	75
21	14	6	170	280	361
21	14	9	171	450	525
21	4	5	172	703	771
21	9	10	173	809	871
22	2	2	174	0	81
22	7	8	175	98	109
22	10	3	176	115	190
22	1	2	177	400	425
22	7	5	178	558	626
22	8	7	179	648	730
22	7	8	180	763	834
22	14	11	181	851	878
23	3	9	182	0	57
23	6	8	183	546	620
23	10	1	184	620	700
23	6	3	185	713	791
23	5	0	186	794	845
23	6	10	187	886	913
24	13	5	188	124	158
24	5	4	189	256	329
24	2	3	190	343	411
24	3	6	191	663	707
24	5	11	192	732	778
25	1	4	193	93	162
25	13	9	194	168	185
25	7	8	195	189	230
25	6	8	196	230	290
25	5	4	197	329	373
25	1	4	198	580	648
25	2	1	199	773	866
25	5	4	200	879	952
26	4	0	201	155	248
26	0	11	202	378	405
26	4	6	203	417	494
26	6	10	204	633	687
26	8	7	205	730	745
26	12	10	206	871	886
26	10	1	207	917	950
27	14	8	208	12	98
27	3	1	209	151	229
27	4	5	210	320	386
27	13	0	211	601	675
27	12	4	212	794	867
28	6	3	213	61	79
28	14	6	214	361	417
28	13	0	215	486	528
28	11	2	216	532	549
28	0	10	217	557	633
28	4	7	218	633	648
28	7	5	219	910	937
29	12	7	220	15	47
29	9	3	221	79	115
29	14	2	222	266	275
29	4	5	223	660	703
29	1	6	224	891	957


Solution History:
