This is the output of Heuristic Solver for Dual resource constrained flexible job shop Scheduling Problem.
Input file is: wfjsp8_9.txt
Method: FaFM_30_50_600
Seed: 4
Number of Jobs: 15
Number of Operations: 107
Number of Machines: 5
Number of Operators: 5
CPU Time: 76.5247
obj: 1060
Best found lower bound:0
Solver gap (best found lower bound and upper bound difference): Not known


Final Solution:
Job	Machine	Operator	Operation	Start Time	Finish Time
0	1	2	0	100	187
0	2	3	1	397	436
0	1	2	2	511	578
0	1	4	3	777	833
0	3	1	4	993	1019
1	2	1	5	0	78
1	4	0	6	227	290
1	1	2	7	326	348
1	3	4	8	428	484
1	2	1	9	514	572
1	2	2	10	703	795
1	4	0	11	881	959
1	0	3	12	990	1057
2	4	0	13	0	36
2	4	0	14	206	227
2	2	3	15	233	289
2	4	0	16	334	349
2	1	2	17	578	669
2	1	2	18	669	691
2	4	0	19	859	881
2	4	0	20	1021	1060
3	1	2	21	46	100
3	2	3	22	152	164
3	4	0	23	290	312
3	4	0	24	312	334
3	3	1	25	750	806
3	2	2	26	994	1048
4	3	1	27	162	239
4	3	4	28	518	603
4	3	4	29	603	687
4	1	4	30	855	916
4	2	2	31	932	994
5	0	3	32	33	91
5	1	2	33	445	511
5	2	2	34	692	703
5	4	0	35	720	795
5	2	2	36	795	824
5	1	4	37	833	855
5	2	2	38	921	932
5	1	4	39	990	1048
6	3	4	40	33	108
6	0	4	41	231	319
6	0	4	42	354	378
6	0	4	43	378	400
6	2	1	44	437	459
6	4	0	45	527	565
6	2	1	46	648	692
6	4	0	47	795	859
6	1	4	48	916	957
6	3	1	49	974	993
7	4	0	50	109	206
7	0	4	51	319	354
7	1	2	52	384	445
7	4	0	53	477	502
7	4	0	54	502	527
7	4	0	55	565	629
7	0	3	56	773	844
7	3	1	57	860	874
7	0	3	58	959	990
8	4	0	59	36	109
8	1	2	60	274	326
8	1	2	61	348	384
8	0	3	62	459	530
8	4	0	63	629	684
8	3	1	64	692	750
8	4	0	65	959	1021
8	1	2	66	1048	1059
9	2	1	67	78	87
9	3	4	68	108	137
9	3	1	69	340	401
9	3	4	70	401	428
9	3	4	71	484	518
10	1	2	72	0	31
10	2	3	73	91	152
10	1	2	74	187	274
10	2	3	75	343	397
10	0	3	76	530	560
10	2	1	77	572	648
10	0	3	78	723	773
10	0	3	79	844	898
10	1	4	80	957	990
10	3	1	81	1019	1055
11	3	3	82	0	30
11	1	2	83	31	46
11	3	1	84	285	340
11	0	1	85	401	437
11	1	4	86	691	777
12	0	1	87	91	143
12	3	1	88	143	162
12	4	0	89	349	369
12	4	0	90	403	477
12	4	0	91	684	720
12	2	2	92	824	921
13	0	4	93	143	231
13	3	1	94	239	285
13	2	3	95	289	301
13	4	0	96	369	403
13	2	1	97	459	514
13	0	3	98	656	723
13	3	1	99	874	974
14	0	4	100	0	33
14	2	3	101	164	233
14	2	3	102	301	343
14	0	3	103	437	459
14	0	3	104	560	656
14	3	1	105	806	860
14	0	3	106	898	959


Solution History:
