This is the output of Heuristic Solver for Dual resource constrained flexible job shop Scheduling Problem.
Input file is: wfjsp24_6.txt
Method: FaFM_30_50_600
Seed: 4
Number of Jobs: 40
Number of Operations: 314
Number of Machines: 15
Number of Operators: 12
CPU Time: 439.85
obj: 1494
Best found lower bound:0
Solver gap (best found lower bound and upper bound difference): Not known


Final Solution:
Job	Machine	Operator	Operation	Start Time	Finish Time
0	9	7	0	40	97
0	6	10	1	239	278
0	12	9	2	643	708
0	2	4	3	715	754
0	7	6	4	769	863
0	13	3	5	944	1032
0	1	1	6	1064	1093
0	1	1	7	1093	1120
0	13	2	8	1378	1469
1	1	9	9	263	275
1	7	0	10	351	440
1	14	8	11	442	520
1	7	6	12	981	1015
1	0	11	13	1115	1150
1	7	3	14	1150	1206
1	7	1	15	1307	1390
1	4	3	16	1406	1482
2	0	4	17	157	248
2	13	7	18	408	435
2	9	4	19	463	510
2	3	7	20	595	651
2	9	0	21	654	696
2	11	5	22	753	843
2	7	3	23	1206	1277
2	14	4	24	1347	1403
3	13	10	25	0	34
3	12	2	26	36	69
3	1	1	27	242	251
3	3	5	28	267	332
3	8	5	29	332	423
3	11	5	30	515	562
3	4	3	31	625	638
3	8	5	32	1030	1117
3	11	5	33	1117	1189
3	8	7	34	1356	1397
4	6	8	35	0	72
4	14	4	36	118	157
4	10	1	37	688	714
4	0	3	38	803	888
4	11	2	39	999	1039
4	12	2	40	1039	1095
4	13	1	41	1201	1245
4	2	11	42	1347	1410
5	13	2	43	296	380
5	5	1	44	380	465
5	7	1	45	721	769
5	13	1	46	769	854
5	10	1	47	855	892
5	4	1	48	1262	1307
5	6	8	49	1319	1332
6	12	6	50	70	157
6	11	7	51	273	302
6	3	10	52	518	528
6	3	11	53	550	595
6	12	2	54	727	813
6	7	6	55	921	930
6	4	7	56	1106	1194
6	1	4	57	1194	1255
6	0	7	58	1292	1356
6	1	1	59	1436	1481
7	9	3	60	363	451
7	13	9	61	468	482
7	10	2	62	587	674
7	5	2	63	674	727
7	8	11	64	728	750
7	5	2	65	869	895
7	2	2	66	912	997
8	2	11	67	87	127
8	2	0	68	759	852
8	10	4	69	892	959
8	2	7	70	999	1013
8	0	8	71	1156	1189
8	11	5	72	1189	1224
9	2	11	73	0	87
9	0	7	74	97	139
9	5	1	75	251	295
9	6	6	76	450	459
9	5	11	77	834	856
9	9	8	78	856	942
9	13	9	79	1093	1183
9	5	6	80	1372	1385
10	1	10	81	278	302
10	12	9	82	302	312
10	2	8	83	312	404
10	7	9	84	553	569
10	0	3	85	728	803
10	3	7	86	821	915
10	5	4	87	1027	1078
10	2	4	88	1168	1193
10	10	8	89	1284	1319
11	12	9	90	312	401
11	11	8	91	404	424
11	4	8	92	424	442
11	10	6	93	459	498
11	7	11	94	595	643
11	8	0	95	1128	1173
12	1	1	96	0	88
12	5	2	97	152	240
12	6	6	98	423	450
12	11	7	99	651	714
12	2	0	100	852	907
12	1	0	101	948	959
12	10	4	102	985	1024
12	8	0	103	1173	1222
12	13	1	104	1245	1262
12	0	3	105	1371	1406
13	9	10	106	116	139
13	1	9	107	189	233
13	10	6	108	235	330
13	5	6	109	1175	1211
13	9	11	110	1237	1264
13	8	11	111	1264	1347
13	6	6	112	1347	1372
13	10	4	113	1427	1478
14	11	5	114	107	177
14	9	3	115	190	277
14	2	0	116	494	579
14	5	10	117	895	927
14	4	0	118	931	948
14	6	0	119	959	972
14	3	7	120	1084	1106
14	4	5	121	1309	1394
15	0	4	122	248	264
15	14	10	123	373	401
15	2	8	124	590	677
15	10	9	125	714	781
15	13	3	126	1032	1077
15	6	10	127	1201	1285
15	1	1	128	1391	1436
16	8	3	129	52	63
16	5	10	130	302	373
16	13	7	131	389	408
16	1	0	132	441	494
16	12	9	133	569	627
16	0	2	134	895	912
16	3	10	135	927	959
16	8	5	136	959	1030
16	9	2	137	1264	1312
17	13	10	138	50	116
17	10	6	139	157	212
17	9	3	140	277	363
17	13	3	141	638	728
17	6	7	142	728	821
17	11	5	143	843	876
17	13	3	144	1309	1371
17	11	10	145	1409	1492
18	6	1	146	115	188
18	0	4	147	264	302
18	14	4	148	633	715
18	7	6	149	863	921
18	11	7	150	921	999
19	13	10	151	34	50
19	4	9	152	65	98
19	4	0	153	135	220
19	0	3	154	544	585
19	1	0	155	591	654
19	4	10	156	699	755
19	12	10	157	1114	1200
19	5	5	158	1224	1309
19	9	0	159	1391	1486
20	6	6	160	212	235
20	11	7	161	302	389
20	0	4	162	397	463
20	10	4	163	510	587
20	0	9	164	627	643
20	8	3	165	888	944
20	5	11	166	944	1027
20	5	4	167	1078	1168
20	14	4	168	1255	1306
20	7	5	169	1394	1424
21	11	3	170	0	52
21	6	1	171	88	115
21	1	10	172	401	441
21	12	9	173	482	553
21	9	3	174	1077	1148
21	8	7	175	1397	1485
22	1	9	176	98	189
22	8	11	177	215	301
22	11	7	178	435	494
22	13	7	179	494	588
22	12	6	180	627	643
22	3	9	181	781	802
22	13	11	182	856	942
22	6	1	183	979	1064
22	2	0	184	1300	1344
22	11	10	185	1346	1409
23	2	7	186	168	180
23	7	0	187	259	351
23	3	6	188	651	677
23	3	6	189	677	766
23	1	0	190	1346	1391
23	2	11	191	1410	1494
24	8	4	192	0	41
24	0	11	193	643	728
24	10	8	194	798	855
24	6	5	195	876	959
24	3	6	196	1109	1175
24	12	6	197	1211	1305
24	10	8	198	1332	1385
24	0	4	199	1406	1422
24	12	6	200	1433	1450
25	7	0	201	220	259
25	5	6	202	498	592
25	9	0	203	696	759
25	7	6	204	930	981
25	2	0	205	1222	1300
26	5	2	206	70	152
26	4	9	207	233	263
26	6	2	208	380	414
26	7	0	209	579	591
26	5	6	210	592	625
26	0	9	211	1028	1050
26	10	9	212	1050	1093
26	6	1	213	1158	1201
26	1	10	214	1285	1346
27	13	11	215	127	215
27	2	8	216	265	310
27	7	11	217	445	519
27	13	1	218	596	638
27	1	10	219	959	1047
27	14	10	220	1047	1114
27	0	8	221	1189	1284
28	3	10	222	139	184
28	13	2	223	240	296
28	6	1	224	296	377
28	9	4	225	759	796
28	14	0	226	907	931
28	6	0	227	1074	1128
28	12	9	228	1314	1406
29	9	2	229	0	36
29	8	8	230	72	167
29	14	11	231	301	348
29	12	9	232	401	468
29	8	8	233	520	590
29	5	11	234	750	834
29	6	2	235	834	869
29	10	2	236	1180	1261
29	7	5	237	1433	1478
30	0	7	238	0	40
30	10	4	239	41	118
30	6	1	240	465	551
30	12	1	241	894	979
30	4	0	242	979	1074
30	12	5	243	1424	1433
31	12	10	244	184	239
31	3	6	245	332	423
31	4	3	246	451	544
31	11	5	247	714	753
31	12	10	248	813	894
31	1	9	249	894	929
31	4	7	250	1194	1255
31	13	3	251	1277	1309
31	14	9	252	1406	1491
32	14	5	253	90	107
32	1	4	254	302	397
32	3	10	255	441	518
32	14	10	256	528	584
32	7	8	257	677	721
32	10	4	258	959	985
32	0	8	259	1059	1115
32	3	9	260	1183	1229
32	5	4	261	1309	1347
33	12	6	262	0	22
33	11	3	263	63	106
33	7	3	264	106	190
33	10	11	265	418	445
33	14	4	266	587	633
33	0	9	267	929	1028
33	3	7	268	1028	1084
33	14	11	269	1150	1237
33	9	2	270	1312	1378
34	4	9	271	0	65
34	2	8	272	180	265
34	10	11	273	348	418
34	8	5	274	423	515
34	7	11	275	519	550
34	6	10	276	584	665
34	14	8	277	721	798
34	7	6	278	1015	1109
34	11	7	279	1255	1292
34	6	8	280	1432	1461
35	9	7	281	139	168
35	2	2	282	414	491
35	4	1	283	551	596
35	4	1	284	638	688
35	11	8	285	1039	1059
36	14	5	286	0	90
36	11	7	287	180	273
36	14	9	288	275	299
36	4	10	289	755	805
36	2	11	290	1027	1115
37	7	0	291	14	63
37	3	1	292	188	242
37	9	2	293	543	586
37	8	3	294	607	625
37	6	10	295	665	699
37	14	9	296	802	894
37	2	8	297	1115	1156
37	6	8	298	1385	1432
38	5	6	299	22	70
38	3	0	300	70	135
38	14	5	301	177	267
38	0	2	302	491	543
38	11	5	303	562	649
38	8	5	304	649	707
38	9	8	305	942	1032
38	1	1	306	1120	1158
38	3	9	307	1229	1314
39	7	0	308	0	14
39	0	3	309	585	607
39	8	4	310	796	887
39	10	2	311	1095	1180
39	14	6	312	1306	1344
39	10	6	313	1385	1427


Solution History:
