This is the output of Heuristic Solver for Dual resource constrained flexible job shop Scheduling Problem.
Input file is: wfjsp20_10.txt
Method: FaFM_30_50_600
Seed: 4
Number of Jobs: 25
Number of Operations: 194
Number of Machines: 10
Number of Operators: 8
CPU Time: 171.656
obj: 1367
Best found lower bound:0
Solver gap (best found lower bound and upper bound difference): Not known


Final Solution:
Job	Machine	Operator	Operation	Start Time	Finish Time
0	5	3	0	78	150
0	8	0	1	334	416
0	3	5	2	463	525
0	1	7	3	598	683
0	0	7	4	959	1012
0	8	3	5	1027	1061
0	6	1	6	1181	1214
0	2	1	7	1214	1265
1	8	6	8	0	86
1	7	4	9	123	148
1	5	5	10	191	231
1	8	7	11	450	480
1	9	6	12	597	682
1	0	0	13	856	938
1	2	4	14	1091	1152
1	1	5	15	1188	1278
2	7	3	16	150	238
2	2	4	17	240	254
2	2	4	18	254	263
2	3	7	19	308	359
2	1	7	20	520	587
2	5	2	21	812	897
2	3	7	22	1012	1063
2	0	5	23	1278	1346
3	1	7	24	0	41
3	8	3	25	538	558
3	4	6	26	886	932
3	5	4	27	932	949
3	0	2	28	1014	1102
4	6	7	29	105	135
4	1	1	30	273	350
4	6	3	31	592	673
4	0	5	32	679	742
4	0	7	33	808	848
4	5	3	34	1176	1226
5	0	0	35	0	77
5	1	4	36	86	101
5	4	6	37	210	234
5	7	5	38	333	351
5	7	6	39	454	497
5	2	6	40	497	527
5	4	3	41	752	844
5	2	2	42	897	960
6	1	1	43	101	189
6	2	6	44	363	376
6	2	2	45	960	974
6	3	7	46	1150	1214
6	1	6	47	1291	1337
6	4	6	48	1337	1349
7	6	4	49	148	240
7	5	4	50	352	433
7	8	3	51	494	520
7	5	3	52	679	747
7	1	7	53	913	921
8	3	7	54	236	308
8	4	5	55	351	428
8	8	3	56	520	538
8	0	5	57	559	623
8	8	6	58	932	969
8	1	5	59	1055	1064
8	6	1	60	1086	1181
8	8	7	61	1216	1259
8	6	7	62	1259	1346
9	4	5	63	122	191
9	6	2	64	673	763
9	9	0	65	784	856
9	7	6	66	1037	1086
9	9	0	67	1096	1147
9	9	0	68	1147	1165
9	1	5	69	1165	1188
9	4	4	70	1236	1255
9	1	5	71	1346	1367
10	0	0	72	96	147
10	2	6	73	315	363
10	7	1	74	504	527
10	3	7	75	848	913
10	5	4	76	978	1025
11	8	1	77	189	230
11	5	5	78	231	265
11	0	4	79	265	352
11	6	5	80	428	463
11	4	0	81	468	506
11	4	4	82	601	625
11	5	5	83	636	647
11	4	4	84	660	752
11	8	2	85	974	1014
12	2	5	86	0	36
12	2	1	87	527	592
12	2	6	88	728	796
12	8	6	89	1086	1102
12	8	2	90	1278	1365
13	9	2	91	0	73
13	8	7	92	160	188
13	4	0	93	450	468
13	8	2	94	576	673
13	9	6	95	682	728
13	3	4	96	752	834
13	8	1	97	839	926
13	2	4	98	1025	1091
13	4	2	99	1102	1189
13	7	3	100	1226	1319
14	3	4	101	0	86
14	0	0	102	147	239
14	4	0	103	239	334
14	6	7	104	480	520
14	4	4	105	625	660
14	6	7	106	763	808
14	9	6	107	1165	1244
14	6	7	108	1346	1359
15	5	4	109	433	516
15	1	7	110	587	598
15	3	0	111	598	665
15	1	6	112	796	863
15	3	0	113	959	1006
15	4	0	114	1006	1096
15	3	0	115	1216	1293
16	8	6	116	234	315
16	9	3	117	320	403
16	2	2	118	419	492
16	4	0	119	506	595
16	2	1	120	595	627
16	2	1	121	675	714
16	9	3	122	940	1027
16	5	3	123	1152	1176
17	4	3	124	0	78
17	4	0	125	78	96
17	8	7	126	135	160
17	1	1	127	230	273
17	8	0	128	416	450
17	6	3	129	559	592
17	9	0	130	748	784
18	5	1	131	0	58
18	3	4	132	101	123
18	3	2	133	149	235
18	7	6	134	376	386
18	9	2	135	494	576
18	5	5	136	623	636
18	0	5	137	742	804
18	7	5	138	838	919
18	3	7	139	921	946
18	3	0	140	1293	1366
19	2	6	141	89	157
19	2	6	142	157	210
19	1	1	143	350	441
19	1	1	144	441	504
19	6	1	145	926	994
19	2	1	146	994	1007
19	0	2	147	1189	1278
20	9	2	148	73	149
20	6	2	149	330	419
20	2	1	150	627	675
20	1	7	151	683	694
20	7	1	152	714	751
20	9	3	153	856	940
20	7	6	154	969	1037
20	3	7	155	1063	1150
20	2	1	156	1265	1359
21	6	2	157	240	330
21	6	5	158	525	559
21	3	6	159	572	597
21	8	0	160	673	748
21	8	1	161	751	839
21	5	4	162	949	978
21	5	4	163	1255	1316
22	7	5	164	36	122
22	9	7	165	188	236
22	5	5	166	265	333
22	7	6	167	386	454
22	5	5	168	647	679
22	5	2	169	763	812
22	7	5	170	919	966
22	1	5	171	966	1055
22	5	3	172	1061	1152
22	7	4	173	1152	1217
23	2	1	174	58	89
23	9	3	175	403	494
23	7	6	176	527	572
23	6	4	177	834	926
23	3	7	178	946	959
23	6	1	179	1007	1072
23	8	1	180	1072	1086
23	0	6	181	1102	1165
23	4	4	182	1217	1236
23	7	4	183	1319	1366
24	6	7	184	41	105
24	7	3	185	238	320
24	3	7	186	359	447
24	5	4	187	516	601
24	1	7	188	694	755
24	2	5	189	804	838
24	1	6	190	863	886
24	1	5	191	1064	1157
24	8	0	192	1165	1216
24	9	6	193	1244	1291


Solution History:
