This is the output of Heuristic Solver for Dual resource constrained flexible job shop Scheduling Problem.
Input file is: wfjsp21_2.txt
Method: FaFM_30_50_600
Seed: 1
Number of Jobs: 25
Number of Operations: 271
Number of Machines: 15
Number of Operators: 12
CPU Time: 143.694
obj: 1177
Best found lower bound:0
Solver gap (best found lower bound and upper bound difference): Not known


Final Solution:
Job	Machine	Operator	Operation	Start Time	Finish Time
0	4	0	0	147	221
0	7	8	1	251	326
0	4	0	2	327	346
0	14	2	3	397	436
0	14	2	4	436	451
0	4	2	5	451	476
0	8	11	6	575	635
0	3	11	7	635	646
0	0	11	8	646	730
0	6	3	9	975	1018
0	14	11	10	1057	1105
0	9	3	11	1146	1163
1	0	11	12	59	121
1	6	10	13	138	195
1	14	6	14	195	259
1	2	3	15	295	363
1	1	4	16	436	465
1	13	5	17	551	591
1	7	5	18	591	614
1	10	3	19	670	732
1	9	5	20	738	822
1	13	9	21	858	939
1	0	4	22	1006	1064
1	6	9	23	1107	1174
2	9	5	24	0	65
2	8	6	25	84	102
2	1	6	26	183	195
2	1	4	27	322	407
2	9	3	28	507	532
2	10	7	29	532	609
2	1	4	30	674	765
2	5	4	31	855	871
2	0	1	32	871	939
2	3	9	33	939	1018
3	1	1	34	53	107
3	0	11	35	142	164
3	9	0	36	346	398
3	3	3	37	398	434
3	12	3	38	434	507
3	13	1	39	630	710
3	11	9	40	831	855
3	7	10	41	1075	1092
3	12	10	42	1092	1121
3	11	2	43	1160	1177
4	11	3	44	62	107
4	7	8	45	107	181
4	8	11	46	244	287
4	7	8	47	339	425
4	11	9	48	484	572
4	7	5	49	614	681
4	2	9	50	777	811
4	12	11	51	904	966
4	13	5	52	970	1006
4	3	9	53	1018	1047
4	2	0	54	1086	1119
5	0	4	55	9	59
5	0	11	56	121	142
5	3	5	57	217	286
5	13	10	58	359	417
5	2	9	59	471	484
5	10	5	60	484	514
5	2	10	61	514	561
5	1	0	62	561	643
5	7	5	63	681	738
5	7	0	64	933	1013
5	5	3	65	1018	1077
6	5	0	66	0	19
6	14	8	67	24	103
6	4	1	68	107	122
6	11	9	69	325	398
6	9	0	70	408	422
6	10	0	71	422	478
6	6	0	72	643	710
6	6	8	73	711	758
6	4	6	74	759	824
6	1	2	75	842	930
6	1	8	76	956	1017
6	3	9	77	1047	1107
7	2	0	78	54	137
7	3	5	79	206	217
7	1	1	80	271	322
7	1	2	81	476	525
7	9	3	82	557	611
7	13	2	83	611	627
7	11	2	84	731	809
7	11	9	85	811	831
7	13	7	86	832	858
7	4	5	87	858	892
7	10	5	88	1006	1038
7	10	6	89	1055	1140
8	12	7	90	34	102
8	9	9	91	133	210
8	11	7	92	213	283
8	8	5	93	287	299
8	0	1	94	322	342
8	8	9	95	398	471
8	12	11	96	517	575
8	4	1	97	581	630
8	12	7	98	718	809
8	14	6	99	828	912
8	10	5	100	1038	1055
8	4	5	101	1055	1125
9	8	11	102	0	55
9	12	3	103	107	156
9	8	11	104	164	244
9	8	5	105	299	378
9	12	7	106	390	422
9	5	11	107	470	517
9	11	7	108	611	681
9	3	9	109	713	777
9	14	11	110	781	828
9	2	3	111	856	884
9	5	4	112	947	991
9	14	11	113	1105	1163
10	9	9	114	67	133
10	4	7	115	134	147
10	13	10	116	195	210
10	0	8	117	232	251
10	2	6	118	373	459
10	9	10	119	935	1013
10	11	2	120	1034	1068
10	13	8	121	1095	1159
11	14	2	122	103	159
11	14	2	123	159	183
11	11	11	124	287	322
11	10	7	125	323	344
11	9	0	126	398	408
11	9	3	127	532	557
11	2	0	128	811	826
11	3	5	129	826	834
11	6	3	130	897	975
11	0	10	131	1065	1075
12	4	7	132	0	34
12	13	10	133	54	111
12	10	1	134	218	271
12	5	11	135	323	372
12	1	4	136	407	436
12	7	6	137	459	497
12	4	0	138	497	553
12	12	10	139	606	690
12	0	10	140	735	795
12	5	4	141	871	937
12	7	10	142	1013	1065
12	4	5	143	1125	1159
13	11	3	144	0	62
13	13	10	145	111	138
13	9	9	146	210	254
13	9	0	147	256	327
13	3	3	148	363	395
13	0	10	149	417	472
13	8	5	150	514	551
13	0	10	151	561	606
13	5	3	152	795	855
13	7	0	153	864	933
13	5	4	154	937	947
13	9	7	155	1061	1146
14	12	3	156	156	207
14	0	4	157	256	321
14	8	10	158	472	511
14	14	2	159	526	583
14	11	2	160	703	731
14	11	2	161	967	1034
14	1	7	162	1034	1061
14	5	4	163	1141	1168
15	13	10	164	0	54
15	5	4	165	59	142
15	0	2	166	183	232
15	0	1	167	342	413
15	2	0	168	484	497
15	14	6	169	497	526
15	6	6	170	526	615
15	14	2	171	627	703
15	12	10	172	814	878
15	8	8	173	891	956
15	8	7	174	956	1028
16	0	6	175	0	9
16	10	6	176	9	84
16	7	8	177	181	206
16	4	2	178	232	316
16	14	2	179	316	397
16	9	7	180	422	487
16	6	8	181	492	521
16	7	8	182	758	817
16	6	8	183	817	891
16	10	5	184	892	970
16	6	8	185	1018	1095
16	7	0	186	1119	1167
17	12	9	187	0	25
17	13	7	188	147	185
17	6	6	189	300	373
17	9	6	190	615	682
17	4	10	191	690	735
17	5	11	192	735	781
17	1	4	193	1064	1133
17	13	5	194	1159	1173
18	7	9	195	25	67
18	5	4	196	142	209
18	12	4	197	209	256
18	5	11	198	372	432
18	7	1	199	497	581
18	5	4	200	601	674
18	13	0	201	710	805
18	0	2	202	809	839
18	0	1	203	939	1006
18	5	3	204	1077	1141
18	8	6	205	1141	1158
18	12	7	206	1161	1173
19	10	7	207	102	134
19	10	1	208	134	218
19	13	10	209	272	359
19	6	8	210	425	492
19	8	8	211	635	711
19	10	3	212	732	795
19	6	10	213	795	814
19	14	6	214	912	968
19	9	0	215	1013	1055
19	11	2	216	1068	1085
19	11	1	217	1085	1160
19	4	1	218	1160	1176
20	7	8	219	0	24
20	2	0	220	24	54
20	2	3	221	252	286
20	14	3	222	286	295
20	4	7	223	346	390
20	13	5	224	418	482
20	11	2	225	583	611
20	2	6	226	682	759
20	2	10	227	884	935
21	3	5	228	65	133
21	12	9	229	256	325
21	5	4	230	517	601
21	12	7	231	690	718
21	2	0	232	826	856
21	12	3	233	884	897
21	13	2	234	939	967
21	0	2	235	1085	1135
22	3	1	236	0	53
22	13	10	237	210	272
22	5	7	238	283	323
22	7	8	239	326	339
22	5	11	240	432	446
22	3	11	241	446	470
22	3	4	242	470	517
22	10	3	243	611	670
22	8	1	244	711	795
22	10	7	245	809	832
22	13	1	246	1006	1082
22	12	10	247	1121	1161
23	4	2	248	38	99
23	3	5	249	133	206
23	6	8	250	206	222
23	1	0	251	222	256
23	6	6	252	259	300
23	6	5	253	378	418
23	13	7	254	487	525
23	2	9	255	572	656
23	8	1	256	795	839
23	7	1	257	839	864
23	11	7	258	864	941
23	14	6	259	968	1052
24	1	2	260	0	38
24	1	6	261	107	183
24	11	7	262	185	213
24	2	3	263	213	252
24	11	1	264	413	481
24	3	8	265	521	620
24	3	9	266	656	713
24	1	4	267	765	842
24	9	11	268	842	904
24	12	11	269	966	1057
24	2	0	270	1057	1086


Solution History:
