This is the output of Heuristic Solver for Dual resource constrained flexible job shop Scheduling Problem.
Input file is: wfjsp21_4.txt
Method: FaFM_30_50_600
Seed: 3
Number of Jobs: 25
Number of Operations: 255
Number of Machines: 15
Number of Operators: 12
CPU Time: 204.08
obj: 1089
Best found lower bound:0
Solver gap (best found lower bound and upper bound difference): Not known


Final Solution:
Job	Machine	Operator	Operation	Start Time	Finish Time
0	1	8	0	117	188
0	8	6	1	189	250
0	12	8	2	451	520
0	0	11	3	520	584
0	9	3	4	586	680
0	10	9	5	702	729
0	8	11	6	729	772
0	4	11	7	772	785
0	9	6	8	811	861
1	11	4	9	49	69
1	1	8	10	104	117
1	3	5	11	177	216
1	6	0	12	216	284
1	7	10	13	355	377
1	8	6	14	468	540
1	7	0	15	540	616
1	0	6	16	616	675
1	6	10	17	746	802
1	5	1	18	990	1024
2	10	1	19	98	115
2	14	2	20	162	209
2	0	10	21	209	284
2	3	5	22	311	323
2	7	0	23	407	472
2	2	10	24	664	735
2	7	10	25	735	746
2	14	4	26	801	873
2	2	8	27	879	948
3	1	5	28	0	90
3	14	9	29	103	152
3	12	4	30	180	270
3	0	10	31	284	353
3	6	9	32	430	496
3	5	9	33	496	550
3	14	4	34	570	589
3	11	11	35	589	656
3	12	4	36	745	773
3	11	4	37	773	794
3	12	1	38	879	941
3	6	4	39	1005	1058
4	2	3	40	0	56
4	0	10	41	68	98
4	7	9	42	152	201
4	1	11	43	256	326
4	11	11	44	326	399
4	9	11	45	399	464
4	6	0	46	502	533
4	11	3	47	560	586
4	0	5	48	716	784
4	8	11	49	785	815
4	5	3	50	1024	1074
5	12	8	51	0	28
5	5	11	52	67	163
5	1	11	53	188	231
5	9	6	54	250	266
5	7	2	55	274	304
5	4	3	56	304	378
5	7	10	57	378	390
5	4	2	58	407	480
5	13	1	59	716	756
5	6	5	60	923	984
5	1	5	61	984	1028
5	0	9	62	1041	1070
6	7	0	63	0	13
6	14	8	64	28	54
6	14	1	65	54	98
6	3	5	66	121	177
6	7	2	67	316	355
6	14	4	68	415	451
6	8	11	69	656	712
6	3	7	70	796	860
6	5	0	71	860	894
6	10	1	72	944	990
7	10	2	73	0	74
7	11	4	74	133	180
7	7	2	75	304	316
7	10	9	76	316	384
7	14	4	77	523	570
7	8	2	78	621	643
7	1	8	79	653	732
7	8	11	80	815	878
7	4	11	81	993	1048
8	13	6	82	59	119
8	9	6	83	119	154
8	3	5	84	216	311
8	13	5	85	374	395
8	2	10	86	395	422
8	10	6	87	422	468
8	2	1	88	492	559
8	6	0	89	616	663
8	12	6	90	788	811
8	3	6	91	861	888
8	2	0	92	959	1028
8	14	5	93	1028	1088
9	13	1	94	0	42
9	2	8	95	56	104
9	13	7	96	301	369
9	1	7	97	369	435
9	13	5	98	435	487
9	9	5	99	487	501
9	13	11	100	878	928
9	14	0	101	928	959
9	8	7	102	988	1015
9	7	8	103	1025	1072
9	10	0	104	1072	1089
10	7	9	105	33	103
10	4	3	106	194	268
10	9	9	107	269	315
10	7	11	108	472	515
10	10	1	109	605	676
10	6	0	110	676	745
10	9	8	111	759	808
10	4	11	112	928	993
10	11	2	113	1013	1084
11	12	1	114	42	51
11	13	0	115	128	212
11	8	6	116	266	316
11	5	8	117	374	443
11	11	3	118	531	560
11	9	3	119	680	729
11	7	6	120	754	788
11	2	0	121	1028	1057
12	6	9	122	0	33
12	10	1	123	239	301
12	12	3	124	378	421
12	9	5	125	501	572
12	13	7	126	622	715
12	11	7	127	715	764
12	3	7	128	764	796
12	7	10	129	802	878
12	5	3	130	895	969
12	13	3	131	969	1016
13	0	4	132	0	49
13	8	7	133	64	80
13	11	7	134	80	127
13	4	3	135	154	194
13	14	2	136	209	247
13	14	0	137	284	345
13	5	7	138	449	496
13	8	11	139	712	727
13	5	2	140	727	753
13	5	2	141	802	849
13	1	10	142	878	968
13	7	10	143	968	1017
14	4	7	144	0	64
14	7	9	145	201	269
14	3	10	146	422	452
14	1	10	147	581	651
14	2	10	148	651	664
14	0	1	149	676	716
14	13	1	150	756	799
14	10	0	151	823	852
14	7	6	152	888	921
14	8	7	153	922	988
15	2	1	154	115	209
15	3	4	155	323	415
15	8	2	156	540	621
15	12	4	157	634	653
15	6	9	158	802	830
15	14	0	159	894	925
15	14	8	160	959	1025
15	8	7	161	1038	1086
16	6	0	162	59	128
16	6	10	163	128	195
16	14	2	164	247	274
16	2	8	165	337	346
16	12	8	166	346	374
16	1	10	167	452	491
16	12	8	168	520	584
16	4	8	169	584	653
16	14	9	170	729	801
16	6	9	171	830	919
16	9	6	172	921	945
16	9	9	173	948	1041
17	3	10	174	0	68
17	10	7	175	127	223
17	13	5	176	395	427
17	8	7	177	435	449
17	2	1	178	451	492
17	13	1	179	559	604
17	7	9	180	616	636
17	14	2	181	643	720
17	1	3	182	759	792
17	0	5	183	848	923
17	0	4	184	939	1005
17	12	10	185	1017	1088
18	4	4	186	69	133
18	5	1	187	209	239
18	2	8	188	271	337
18	8	6	189	377	421
18	13	7	190	496	558
18	3	5	191	572	648
18	0	5	192	784	848
18	4	7	193	860	922
19	5	11	194	0	67
19	0	10	195	98	125
19	8	2	196	143	162
19	2	11	197	231	256
19	5	1	198	301	374
19	0	1	199	374	419
19	11	3	200	421	433
19	3	0	201	472	502
19	5	7	202	558	622
19	12	4	203	653	745
19	9	3	204	745	759
19	1	3	205	792	865
20	11	6	206	0	27
20	11	8	207	188	271
20	5	3	208	271	297
20	10	0	209	393	407
20	1	10	210	491	518
20	10	6	211	540	605
20	3	5	212	648	713
20	5	2	213	753	802
20	9	3	214	865	895
21	8	0	215	13	59
21	3	5	216	90	121
21	5	11	217	163	177
21	13	7	218	223	251
21	2	0	219	346	393
21	11	3	220	433	531
21	4	6	221	675	754
21	10	0	222	754	823
21	10	2	223	852	906
21	11	2	224	944	1013
21	8	7	225	1015	1038
22	9	6	226	27	59
22	12	3	227	59	154
22	11	4	228	271	320
22	9	5	229	323	374
22	6	9	230	384	430
22	14	4	231	451	523
22	1	10	232	523	581
22	13	1	233	799	861
22	11	4	234	873	939
22	3	6	235	948	1042
22	3	6	236	1042	1053
22	1	11	237	1053	1082
23	8	6	238	316	377
23	12	1	239	421	451
23	10	2	240	480	538
23	14	4	241	589	634
23	5	9	242	636	702
23	12	8	243	811	879
23	10	2	244	906	944
23	3	6	245	1053	1087
24	10	2	246	74	86
24	7	2	247	103	143
24	0	6	248	154	189
24	13	7	249	251	301
24	14	2	250	355	407
24	6	9	251	550	616
24	1	8	252	732	758
24	3	9	253	919	948
24	13	1	254	1024	1071


Solution History:
