This is the output of Heuristic Solver for Dual resource constrained flexible job shop Scheduling Problem.
Input file is: wfjsp12_8.txt
Method: FaFM_30_50_600
Seed: 3
Number of Jobs: 25
Number of Operations: 186
Number of Machines: 10
Number of Operators: 10
CPU Time: 132.617
obj: 978
Best found lower bound:0
Solver gap (best found lower bound and upper bound difference): Not known


Final Solution:
Job	Machine	Operator	Operation	Start Time	Finish Time
0	6	7	0	11	40
0	1	7	1	138	210
0	0	6	2	561	587
0	3	4	3	693	757
0	7	8	4	804	885
1	1	3	5	0	54
1	3	8	6	156	228
1	6	7	7	282	292
1	5	7	8	399	455
1	1	9	9	460	512
1	3	4	10	604	632
1	9	0	11	739	827
1	9	0	12	914	922
2	1	7	13	54	138
2	9	4	14	261	283
2	3	4	15	283	344
2	9	0	16	501	576
2	9	0	17	576	603
2	3	4	18	632	693
2	1	2	19	788	836
3	4	6	20	0	41
3	5	4	21	60	99
3	2	9	22	173	225
3	9	9	23	283	351
3	2	3	24	351	414
3	8	2	25	414	507
3	2	6	26	587	660
3	6	3	27	684	753
3	3	4	28	772	839
3	4	9	29	901	978
4	7	3	30	54	129
4	5	4	31	130	198
4	6	8	32	369	429
4	5	7	33	510	549
4	4	1	34	640	729
4	5	7	35	770	852
4	1	6	36	949	977
5	6	2	37	40	65
5	9	6	38	127	195
5	4	1	39	236	246
5	6	3	40	567	636
5	2	6	41	660	689
5	7	8	42	795	804
5	1	6	43	837	881
5	7	3	44	933	974
6	7	6	45	197	242
6	0	6	46	242	326
6	0	6	47	385	422
6	9	5	48	453	496
6	3	4	49	544	604
6	1	9	50	713	788
7	6	7	51	0	11
7	0	0	52	88	105
7	5	3	53	198	243
7	1	9	54	660	713
7	3	4	55	757	772
7	0	5	56	826	896
8	7	1	57	0	47
8	0	0	58	105	178
8	6	3	59	248	282
8	3	4	60	407	511
8	9	0	61	683	739
8	6	2	62	836	861
8	2	3	63	874	891
8	7	3	64	891	933
9	0	0	65	18	88
9	3	8	66	140	156
9	1	2	67	308	326
9	6	8	68	328	369
9	5	7	69	467	510
9	6	8	70	513	567
9	5	7	71	585	602
9	4	1	72	729	792
9	8	1	73	792	842
10	9	2	74	9	39
10	5	4	75	99	130
10	4	1	76	180	208
10	8	5	77	208	276
10	9	5	78	416	453
10	2	1	79	497	520
10	8	2	80	615	694
11	8	5	81	0	29
11	4	1	82	47	111
11	8	5	83	140	206
11	2	3	84	414	495
11	8	2	85	529	615
11	7	8	86	717	754
11	0	5	87	755	826
11	2	5	88	896	956
12	6	2	89	84	159
12	1	2	90	250	308
12	5	7	91	315	399
12	4	1	92	421	497
12	2	5	93	520	586
12	9	0	94	603	624
12	2	6	95	702	770
12	6	2	96	861	917
13	8	5	97	29	140
13	6	2	98	186	248
13	4	1	99	248	313
13	3	4	100	344	407
13	0	6	101	479	561
13	7	8	102	567	649
13	8	1	103	904	973
14	2	9	104	73	173
14	4	1	105	208	236
14	5	0	106	297	315
14	4	0	107	315	389
14	4	1	108	392	421
14	8	2	109	507	529
14	4	9	110	792	844
14	0	4	111	896	972
15	3	8	112	0	37
15	7	3	113	129	197
15	0	6	114	326	385
15	6	8	115	429	513
15	6	3	116	636	684
15	5	7	117	684	770
15	8	2	118	770	783
15	8	1	119	842	904
15	6	2	120	917	935
16	4	1	121	111	180
16	2	3	122	282	347
16	3	4	123	511	544
16	5	7	124	602	683
16	7	8	125	754	795
16	4	9	126	844	901
17	5	4	127	16	60
17	6	2	128	65	84
17	6	2	129	159	186
17	5	0	130	243	297
17	7	1	131	328	392
17	4	9	132	534	608
17	7	8	133	649	717
17	6	3	134	753	816
17	2	3	135	847	874
17	9	0	136	922	971
18	0	0	137	0	18
18	1	7	138	210	250
18	2	7	139	250	278
18	1	9	140	355	407
18	4	9	141	512	534
18	5	7	142	549	585
18	9	0	143	624	683
18	8	2	144	694	722
19	3	8	145	37	79
19	0	0	146	178	240
19	7	0	147	444	501
19	0	5	148	688	755
19	2	3	149	837	847
19	3	8	150	885	966
20	2	9	151	0	25
20	8	5	152	276	344
20	0	6	153	422	479
20	6	3	154	816	830
20	5	7	155	852	926
21	9	2	156	0	9
21	2	9	157	25	73
21	9	4	158	198	261
21	7	0	159	392	444
21	1	1	160	520	610
21	4	1	161	610	640
21	0	5	162	671	688
21	1	6	163	881	949
22	5	4	164	0	16
22	7	8	165	242	328
22	1	2	166	328	355
22	8	2	167	355	409
22	5	7	168	455	467
22	7	3	169	501	565
22	9	0	170	853	914
22	6	2	171	935	977
23	3	8	172	79	140
23	9	5	173	351	416
23	1	9	174	610	660
23	2	6	175	770	837
23	3	4	176	839	851
24	9	6	177	41	127
24	3	9	178	228	281
24	1	9	179	407	460
24	0	5	180	587	671
24	2	6	181	689	702
24	8	2	182	722	752
24	9	0	183	827	853
24	3	4	184	853	882
24	5	7	185	926	962


Solution History:
