This is the output of Heuristic Solver for Dual resource constrained flexible job shop Scheduling Problem.
Input file is: wfjsp22_2.txt
Method: FaFM_30_50_600
Seed: 3
Number of Jobs: 30
Number of Operations: 225
Number of Machines: 15
Number of Operators: 12
CPU Time: 304.578
obj: 965
Best found lower bound:0
Solver gap (best found lower bound and upper bound difference): Not known


Final Solution:
Job	Machine	Operator	Operation	Start Time	Finish Time
0	4	5	0	233	306
0	13	5	1	322	388
0	4	5	2	571	594
0	14	10	3	621	663
0	14	2	4	722	737
1	6	10	5	78	104
1	3	3	6	106	178
1	1	2	7	192	201
1	0	6	8	372	446
1	1	1	9	460	500
1	6	8	10	549	604
1	8	1	11	807	822
1	0	1	12	822	894
1	8	6	13	894	959
2	1	9	14	0	58
2	0	11	15	83	145
2	5	4	16	147	179
2	3	11	17	260	304
2	3	5	18	306	322
2	10	0	19	548	605
2	8	8	20	605	683
2	13	0	21	717	800
2	6	4	22	800	860
2	6	4	23	860	924
3	4	2	24	0	65
3	11	9	25	78	96
3	1	9	26	152	165
3	1	4	27	325	410
3	3	3	28	410	432
3	8	9	29	465	542
3	3	6	30	581	667
3	5	6	31	667	684
3	4	5	32	717	784
4	10	10	33	253	330
4	2	1	34	344	396
4	12	8	35	402	432
4	9	6	36	448	504
4	3	8	37	514	549
4	9	0	38	605	677
4	14	8	39	761	845
4	9	11	40	855	881
4	14	9	41	913	928
4	4	11	42	933	961
5	12	7	43	0	16
5	7	6	44	16	57
5	7	3	45	328	405
5	2	2	46	419	462
5	7	5	47	626	711
5	12	9	48	741	827
6	14	11	49	0	56
6	2	3	50	178	206
6	12	4	51	260	325
6	4	7	52	512	547
6	11	1	53	580	605
6	2	7	54	637	671
6	11	7	55	719	762
6	0	4	56	762	786
6	3	6	57	825	893
7	6	4	58	17	78
7	13	9	59	125	139
7	11	11	60	145	173
7	4	11	61	173	222
7	10	10	62	385	463
7	7	10	63	722	776
7	10	0	64	813	882
8	5	0	65	51	105
8	12	10	66	126	148
8	14	10	67	175	253
8	1	4	68	410	422
8	11	1	69	500	580
8	0	11	70	582	597
8	3	11	71	667	721
8	2	2	72	786	846
8	10	1	73	894	948
9	8	5	74	0	56
9	5	6	75	204	291
9	9	11	76	397	448
9	3	11	77	448	502
9	2	7	78	547	637
9	4	11	79	644	659
9	1	1	80	685	736
9	1	2	81	737	786
9	9	11	82	881	933
9	6	4	83	933	951
10	11	10	84	0	78
10	11	9	85	96	116
10	5	4	86	179	199
10	0	1	87	222	254
10	10	0	88	338	371
10	5	4	89	422	505
10	11	7	90	876	942
11	9	6	91	57	130
11	9	0	92	130	197
11	8	11	93	222	235
11	0	1	94	254	274
11	8	9	95	392	465
11	12	11	96	524	582
11	4	11	97	597	644
11	6	9	98	644	741
11	2	2	99	846	953
12	1	9	100	58	77
12	13	2	101	201	266
12	6	3	102	266	321
12	12	10	103	330	385
12	7	0	104	426	493
12	10	1	105	605	685
12	9	7	106	685	719
12	9	11	107	721	769
12	7	5	108	826	896
13	3	3	109	0	55
13	4	1	110	84	133
13	2	6	111	133	160
13	0	6	112	160	204
13	13	2	113	511	574
13	14	8	114	845	913
13	10	7	115	948	961
14	13	10	116	110	125
14	14	2	117	146	172
14	11	8	118	184	269
14	8	9	119	270	362
14	3	11	120	364	397
14	13	2	121	574	632
14	7	8	122	913	965
15	5	4	123	0	17
15	0	11	124	56	83
15	12	0	125	105	126
15	5	1	126	133	144
15	8	11	127	235	257
15	0	6	128	359	372
15	6	0	129	417	426
15	8	8	130	683	761
15	7	1	131	781	792
16	4	5	132	133	165
16	9	0	133	283	338
16	10	0	134	493	548
16	9	3	135	548	601
16	12	4	136	680	712
16	7	5	137	792	826
16	4	10	138	840	900
17	12	7	139	16	100
17	10	7	140	100	157
17	7	9	141	165	228
17	11	7	142	411	474
17	1	4	143	505	536
17	0	10	144	900	965
18	13	10	145	148	175
18	12	7	146	176	219
18	14	2	147	266	343
18	9	9	148	362	392
18	0	2	149	462	511
18	7	5	150	594	626
18	0	4	151	712	760
18	5	3	152	760	820
18	3	5	153	896	964
19	5	0	154	40	51
19	9	0	155	197	283
19	12	3	156	432	483
19	0	6	157	511	581
19	8	11	158	769	807
19	11	11	159	807	855
20	13	8	160	84	110
20	3	4	161	199	260
20	1	7	162	272	299
20	7	8	163	299	328
20	13	1	164	396	460
20	1	9	165	542	642
20	0	2	166	649	698
20	13	0	167	882	952
21	6	0	168	0	14
21	9	0	169	14	40
21	14	2	170	65	146
21	14	2	171	343	419
21	12	4	172	619	680
21	10	3	173	700	759
22	8	5	174	56	133
22	7	9	175	139	152
22	10	5	176	165	233
22	1	7	177	251	272
22	0	1	178	274	344
22	14	8	179	432	514
22	9	10	180	776	840
22	14	9	181	928	957
23	3	3	182	55	106
23	6	8	183	110	184
23	11	7	184	332	411
23	7	5	185	500	571
23	14	10	186	663	722
23	10	7	187	787	813
24	11	7	188	299	332
24	6	8	189	332	402
24	2	10	190	463	541
24	3	6	191	781	825
24	5	3	192	900	949
25	1	4	193	78	147
25	2	7	194	160	176
25	7	9	195	228	270
25	5	6	196	291	359
25	5	0	197	371	417
25	5	4	198	536	604
25	2	6	199	684	776
25	5	3	200	820	900
26	13	8	201	0	84
26	13	8	202	269	298
26	4	5	203	388	458
26	6	3	204	483	547
26	13	2	205	632	649
26	1	7	206	671	685
26	4	0	207	685	717
27	10	1	208	0	84
27	8	1	209	144	222
27	4	11	210	306	364
27	14	10	211	541	621
27	12	9	212	827	897
28	13	2	213	175	192
28	2	3	214	206	264
28	13	5	215	460	500
28	12	3	216	601	619
28	11	3	217	619	700
28	13	2	218	700	717
28	10	7	219	762	787
29	12	7	220	219	251
29	4	7	221	474	512
29	12	11	222	512	524
29	3	1	223	736	781
29	13	7	224	813	876


Solution History:
