This is the output of Heuristic Solver for Dual resource constrained flexible job shop Scheduling Problem.
Input file is: wfjsp16_10.txt
Method: FaFM_30_50_600
Seed: 4
Number of Jobs: 40
Number of Operations: 310
Number of Machines: 15
Number of Operators: 15
CPU Time: 432.659
obj: 1139
Best found lower bound:0
Solver gap (best found lower bound and upper bound difference): Not known


Final Solution:
Job	Machine	Operator	Operation	Start Time	Finish Time
0	3	8	0	46	121
0	3	8	1	205	281
0	0	9	2	281	344
0	11	12	3	395	476
0	13	10	4	507	569
0	2	2	5	674	705
0	5	11	6	793	822
0	3	6	7	1032	1081
1	6	6	8	81	172
1	11	0	9	172	197
1	5	10	10	197	231
1	4	4	11	634	668
1	6	10	12	668	747
1	13	9	13	814	899
1	10	10	14	947	1008
1	2	14	15	1046	1130
2	3	8	16	121	205
2	9	0	17	231	245
2	11	5	18	306	314
2	13	8	19	353	400
2	9	1	20	562	634
2	4	12	21	668	744
2	10	8	22	769	818
2	12	7	23	967	1035
3	13	12	24	229	270
3	0	9	25	344	365
3	10	8	26	530	576
3	13	9	27	794	814
3	10	10	28	1008	1095
4	12	8	29	17	45
4	12	7	30	216	290
4	1	5	31	515	600
4	12	7	32	804	872
4	8	11	33	1004	1038
4	3	5	34	1081	1131
5	9	11	35	72	143
5	9	0	36	245	260
5	10	8	37	445	467
5	2	13	38	571	591
5	3	2	39	591	639
5	0	3	40	639	675
5	6	13	41	750	835
5	1	3	42	1064	1130
6	9	11	43	143	231
6	3	4	44	353	370
6	6	2	45	477	491
6	12	7	46	492	560
6	11	1	47	737	786
6	14	1	48	1017	1032
7	8	1	49	211	306
7	6	2	50	395	477
7	8	1	51	948	977
7	7	11	52	1042	1112
7	11	0	53	1112	1121
8	9	11	54	0	72
8	11	11	55	231	303
8	12	7	56	303	320
8	3	6	57	375	444
8	5	14	58	444	481
8	12	7	59	484	492
8	14	0	60	575	666
8	5	6	61	681	726
8	14	6	62	815	896
9	7	3	63	88	160
9	1	1	64	306	396
9	12	7	65	408	484
9	6	6	66	606	657
9	8	4	67	671	716
9	12	7	68	787	804
9	6	13	69	835	858
9	6	8	70	935	955
9	0	12	71	1041	1063
10	11	0	72	119	171
10	5	11	73	307	355
10	13	10	74	421	442
10	7	13	75	501	571
10	3	8	76	818	861
11	13	12	77	0	38
11	8	1	78	51	89
11	8	9	79	375	456
11	7	3	80	575	612
11	1	5	81	697	730
11	10	8	82	744	769
11	13	9	83	782	794
11	9	12	84	823	904
11	5	2	85	974	1010
12	14	9	86	0	32
12	8	6	87	307	375
12	3	6	88	479	551
12	9	1	89	720	737
12	8	4	90	793	879
13	2	14	91	9	79
13	10	13	92	79	112
13	1	5	93	135	152
13	1	5	94	215	306
13	14	3	95	330	379
13	8	11	96	719	793
13	2	14	97	802	880
13	0	4	98	880	945
13	4	4	99	969	1056
13	12	7	100	1056	1137
14	4	7	101	0	72
14	14	3	102	236	330
14	6	2	103	491	581
14	10	8	104	596	638
14	3	7	105	674	702
14	7	3	106	834	885
14	5	13	107	901	974
14	10	10	108	1095	1109
15	10	13	109	112	189
15	6	13	110	189	202
15	5	6	111	236	307
15	7	13	112	434	501
15	2	0	113	523	570
15	12	7	114	583	671
15	0	12	115	968	1041
16	6	13	116	0	77
16	13	12	117	270	348
16	14	3	118	379	447
16	13	10	119	569	654
16	2	2	120	732	764
16	5	11	121	822	857
16	12	7	122	872	953
16	11	3	123	1042	1063
17	5	14	124	104	180
17	7	3	125	208	227
17	12	7	126	560	583
17	2	14	127	764	802
17	1	5	128	881	910
17	8	1	129	977	1004
17	5	2	130	1010	1054
18	7	3	131	0	52
18	11	0	132	100	119
18	4	4	133	221	309
18	7	12	134	351	360
18	7	13	135	360	434
18	14	6	136	666	681
18	1	5	137	818	881
18	13	9	138	936	1021
18	11	5	139	1021	1041
18	14	0	140	1041	1110
19	14	9	141	32	104
19	12	7	142	168	216
19	9	0	143	260	355
19	10	8	144	467	530
19	11	12	145	599	667
19	0	4	146	776	790
19	13	9	147	1021	1102
20	10	10	148	0	65
20	6	13	149	202	289
20	4	4	150	309	353
20	1	5	151	407	419
20	3	6	152	551	583
20	2	13	153	591	670
20	4	10	154	747	815
20	2	2	155	880	962
20	4	2	156	1056	1138
21	12	7	157	81	168
21	1	5	158	181	215
21	10	10	159	258	285
21	10	10	160	353	421
21	5	14	161	481	557
21	7	4	162	719	752
21	1	0	163	910	971
22	0	10	164	65	152
22	7	3	165	160	208
22	3	8	166	281	353
22	4	11	167	355	425
22	4	11	168	425	463
22	11	12	169	476	520
22	14	3	170	530	575
22	10	8	171	657	744
22	7	3	172	752	834
22	3	5	173	955	1016
23	11	0	174	67	100
23	14	9	175	104	192
23	7	14	176	307	351
23	5	14	177	355	435
23	11	5	178	682	697
23	5	6	179	726	789
23	3	0	180	861	875
23	10	10	181	885	947
23	4	4	182	947	969
23	8	1	183	1038	1085
24	11	0	184	0	67
24	8	1	185	89	177
24	12	7	186	320	408
24	8	9	187	456	541
24	0	4	188	574	634
24	11	3	189	697	736
24	0	4	190	754	776
24	0	1	191	790	880
24	7	3	192	987	1042
24	5	6	193	1081	1137
25	13	12	194	38	111
25	11	0	195	197	231
25	6	2	196	291	380
25	2	0	197	425	484
25	13	0	198	666	693
25	13	0	199	693	782
25	13	9	200	899	936
25	12	7	201	953	967
25	7	11	202	1112	1139
26	7	3	203	52	88
26	2	2	204	88	115
26	10	14	205	189	224
26	3	6	206	444	479
26	5	14	207	557	602
26	12	13	208	671	750
26	3	0	209	875	906
26	8	1	210	1085	1136
27	13	12	211	111	188
27	2	13	212	291	359
27	10	8	213	421	445
27	9	1	214	484	562
27	10	8	215	576	596
27	5	14	216	602	680
27	2	2	217	705	732
27	8	1	218	880	948
28	12	8	219	0	17
28	5	2	220	54	86
28	2	2	221	204	291
28	4	11	222	463	533
28	6	6	223	583	606
28	10	8	224	638	657
28	0	9	225	721	754
28	7	3	226	896	971
28	9	13	227	1059	1137
29	1	5	228	0	72
29	13	12	229	188	229
29	1	5	230	419	468
29	0	4	231	524	574
29	9	1	232	634	720
29	1	5	233	730	818
29	2	14	234	962	1046
30	5	2	235	0	54
30	4	4	236	156	221
30	12	7	237	290	298
30	6	2	238	380	395
30	13	10	239	442	507
30	3	2	240	639	674
30	11	5	241	674	682
30	9	12	242	744	823
30	10	10	243	823	885
30	6	8	244	955	1041
31	2	14	245	0	9
31	0	4	246	9	22
31	1	5	247	152	181
31	0	4	248	460	524
31	7	11	249	644	719
31	14	2	250	764	815
31	5	13	251	858	901
31	14	14	252	901	952
32	0	4	253	370	460
32	1	5	254	468	515
32	1	3	255	675	692
32	12	9	256	754	773
32	1	0	257	971	1040
33	7	14	258	227	307
33	11	12	259	520	599
33	0	9	260	675	721
33	3	6	261	789	810
33	7	3	262	885	896
34	0	10	263	152	197
34	10	10	264	231	258
34	14	3	265	447	530
34	11	11	266	972	1001
34	0	12	267	1063	1134
35	3	6	268	0	46
35	12	6	269	46	81
35	0	9	270	197	248
35	11	5	271	314	394
35	13	8	272	400	420
35	1	5	273	600	673
35	3	7	274	702	787
35	11	12	275	904	968
35	6	8	276	1041	1126
36	0	4	277	22	64
36	5	14	278	86	104
36	14	6	279	192	236
36	2	0	280	359	425
36	6	8	281	861	935
36	14	6	282	955	1017
37	2	2	283	115	204
37	9	1	284	396	484
37	7	11	285	612	644
37	11	0	286	786	853
37	11	11	287	857	903
37	7	3	288	971	987
37	1	5	289	1041	1064
38	8	1	290	0	51
38	1	5	291	72	135
38	0	9	292	248	275
38	10	10	293	285	353
38	1	5	294	396	407
38	8	9	295	541	622
38	4	2	296	815	878
38	3	6	297	906	955
38	9	13	298	974	1059
38	10	10	299	1126	1139
39	4	4	300	72	156
39	8	1	301	177	211
39	9	12	302	360	395
39	2	0	303	484	523
39	4	11	304	533	610
39	8	9	305	622	671
39	14	14	306	681	753
39	9	11	307	904	972
39	3	6	308	1017	1032
39	10	10	309	1109	1126


Solution History:
