This is the output of Heuristic Solver for Dual resource constrained flexible job shop Scheduling Problem.
Input file is: wfjsp5_5.txt
Method: FaFM_30_50_600
Seed: 2
Number of Jobs: 10
Number of Operations: 71
Number of Machines: 5
Number of Operators: 5
CPU Time: 16.3273
obj: 736
Best found lower bound:0
Solver gap (best found lower bound and upper bound difference): Not known


Final Solution:
Job	Machine	Operator	Operation	Start Time	Finish Time
0	0	1	0	0	15
0	1	3	1	15	55
0	1	3	2	95	182
0	3	0	3	226	292
0	4	4	4	530	597
0	3	2	5	597	631
0	2	0	6	669	736
1	2	0	7	0	37
1	0	1	8	96	147
1	3	0	9	190	226
1	1	3	10	269	300
1	1	3	11	386	454
1	1	3	12	454	477
1	2	0	13	503	517
1	1	3	14	560	635
2	4	4	15	29	93
2	0	0	16	179	190
2	4	4	17	262	308
2	4	4	18	377	452
2	2	2	19	462	503
2	2	0	20	517	545
2	2	0	21	545	582
2	4	4	22	636	665
3	4	4	23	0	29
3	2	2	24	231	314
3	3	2	25	314	366
3	4	4	26	597	636
3	3	2	27	715	736
4	1	3	28	0	9
4	3	2	29	85	130
4	2	2	30	148	231
4	2	0	31	314	377
4	3	0	32	377	447
4	1	3	33	477	560
4	0	1	34	611	694
4	1	3	35	701	736
5	0	1	36	15	29
5	0	1	37	45	96
5	4	4	38	96	181
5	4	4	39	308	377
5	0	1	40	433	499
5	3	2	41	503	531
5	0	1	42	541	611
5	1	3	43	635	667
6	0	1	44	190	208
6	0	1	45	242	309
6	2	2	46	377	462
7	2	0	47	37	128
7	3	0	48	130	172
7	4	4	49	181	262
7	4	4	50	452	530
7	3	2	51	531	540
7	3	2	52	540	574
7	2	0	53	582	669
7	1	3	54	669	701
8	3	2	55	0	85
8	2	2	56	130	148
8	0	1	57	208	242
8	1	3	58	300	386
8	3	0	59	488	501
8	0	1	60	515	541
8	4	4	61	665	731
9	0	1	62	29	45
9	1	3	63	55	95
9	0	1	64	147	179
9	1	3	65	182	269
9	0	1	66	309	395
9	0	1	67	395	433
9	3	0	68	447	488
9	0	1	69	499	515
9	3	2	70	631	715


Solution History:
