This is the output of Heuristic Solver for Dual resource constrained flexible job shop Scheduling Problem.
Input file is: wfjsp7_9.txt
Method: FaFM_30_50_600
Seed: 5
Number of Jobs: 12
Number of Operations: 87
Number of Machines: 5
Number of Operators: 5
CPU Time: 32.0658
obj: 865
Best found lower bound:0
Solver gap (best found lower bound and upper bound difference): Not known


Final Solution:
Job	Machine	Operator	Operation	Start Time	Finish Time
0	1	2	0	152	239
0	2	1	1	335	377
0	1	2	2	423	490
0	1	4	3	667	723
0	0	3	4	836	865
1	2	1	5	0	78
1	4	0	6	186	249
1	3	1	7	269	288
1	3	4	8	288	344
1	2	1	9	428	486
1	2	3	10	571	655
1	4	0	11	655	733
1	0	3	12	738	805
2	4	0	13	0	36
2	3	3	14	110	134
2	2	3	15	149	205
2	4	0	16	271	286
2	0	3	17	475	571
2	1	2	18	613	635
2	1	2	19	635	657
2	1	2	20	723	753
3	0	3	21	58	108
3	1	2	22	125	137
3	4	0	23	249	271
3	0	3	24	423	445
3	3	1	25	647	703
3	2	2	26	791	845
4	0	4	27	110	200
4	2	3	28	205	295
4	3	4	29	427	511
4	2	1	30	735	791
4	4	0	31	795	852
5	0	3	32	0	58
5	3	1	33	140	214
5	2	1	34	322	335
5	4	0	35	342	417
5	2	2	36	657	686
5	1	2	37	753	775
5	1	2	38	775	788
5	1	1	39	791	846
6	3	4	40	0	75
6	0	4	41	200	288
6	2	3	42	295	322
6	4	0	43	323	342
6	3	4	44	344	367
6	4	0	45	417	455
6	4	0	46	510	563
6	3	1	47	568	647
6	3	4	48	779	828
6	2	1	49	846	865
7	4	0	50	36	133
7	0	3	51	322	352
7	1	2	52	362	423
7	1	2	53	490	519
7	4	0	54	563	588
7	4	0	55	588	652
7	0	3	56	667	738
7	3	4	57	765	779
7	0	3	58	805	836
8	1	2	59	31	125
8	4	0	60	133	186
8	1	2	61	239	275
8	0	3	62	352	423
8	4	0	63	455	510
8	3	4	64	511	568
8	4	0	65	733	795
8	1	2	66	846	857
9	2	3	67	140	149
9	0	1	68	288	321
9	3	4	69	367	427
9	2	1	70	714	735
9	3	4	71	828	862
10	1	2	72	0	31
10	2	1	73	78	140
10	1	2	74	275	362
10	2	1	75	377	428
10	0	3	76	445	475
10	2	1	77	486	562
10	0	4	78	571	613
10	0	4	79	613	667
10	2	2	80	686	714
10	3	4	81	723	765
11	3	4	82	75	110
11	1	2	83	137	152
11	3	1	84	214	269
11	4	0	85	286	323
11	1	2	86	519	613


Solution History:
