This is the output of Heuristic Solver for Dual resource constrained flexible job shop Scheduling Problem.
Input file is: wfjsp24_4.txt
Method: FaFM_30_50_600
Seed: 5
Number of Jobs: 40
Number of Operations: 306
Number of Machines: 15
Number of Operators: 12
CPU Time: 406.858
obj: 1307
Best found lower bound:0
Solver gap (best found lower bound and upper bound difference): Not known


Final Solution:
Job	Machine	Operator	Operation	Start Time	Finish Time
0	1	8	0	0	71
0	11	4	1	112	171
0	4	8	2	493	558
0	2	8	3	827	890
0	10	2	4	1038	1128
0	9	7	5	1128	1157
0	6	5	6	1185	1234
0	4	7	7	1239	1254
0	9	7	8	1254	1307
1	11	8	9	71	90
1	9	5	10	101	117
1	3	10	11	133	168
1	3	6	12	379	451
1	4	4	13	468	491
1	13	11	14	491	563
1	10	0	15	819	893
1	6	5	16	1124	1185
1	6	3	17	1240	1289
2	5	0	18	58	91
2	11	4	19	93	112
2	9	5	20	117	166
2	0	4	21	330	404
2	10	9	22	624	635
2	8	1	23	784	849
2	2	8	24	1152	1222
3	2	11	25	67	77
3	11	2	26	192	262
3	0	10	27	405	477
3	3	5	28	648	729
3	14	1	29	921	970
3	12	4	30	1194	1284
4	12	6	31	107	174
4	6	10	32	201	268
4	10	0	33	281	336
4	14	5	34	358	375
4	11	11	35	389	456
4	12	10	36	628	658
4	12	4	37	1284	1304
5	11	2	38	0	64
5	6	2	39	146	192
5	7	11	40	235	295
5	11	9	41	319	353
5	11	4	42	580	631
5	1	8	43	950	1018
6	12	3	44	295	388
6	7	8	45	428	493
6	14	5	46	493	525
6	3	5	47	910	936
6	0	10	48	988	1054
6	11	9	49	1064	1096
6	8	3	50	1190	1240
6	4	9	51	1258	1285
7	7	11	52	143	235
7	1	7	53	429	470
7	9	3	54	480	494
7	7	5	55	525	553
7	10	9	56	553	624
7	3	4	57	744	756
7	7	10	58	784	853
7	13	1	59	976	1016
7	10	2	60	1239	1298
8	1	1	61	100	144
8	8	10	62	168	201
8	4	3	63	281	295
8	2	6	64	351	378
8	3	6	65	451	502
8	9	7	66	520	584
8	7	2	67	601	640
8	1	10	68	1171	1201
9	2	3	69	0	56
9	3	10	70	67	133
9	5	0	71	230	264
9	6	9	72	663	710
9	10	6	73	712	798
9	11	11	74	910	957
9	4	3	75	1062	1073
9	3	4	76	1124	1194
9	14	8	77	1222	1276
10	6	5	78	77	101
10	1	10	79	489	564
10	8	10	80	564	628
10	4	4	81	631	684
10	6	2	82	735	791
10	0	6	83	798	829
10	6	2	84	838	935
10	13	3	85	954	976
10	13	1	86	1016	1049
11	14	8	87	123	170
11	1	1	88	359	423
11	12	3	89	437	480
11	14	2	90	579	601
11	5	9	91	970	999
11	0	10	92	1054	1120
11	14	2	93	1128	1184
11	5	11	94	1225	1271
12	10	7	95	0	46
12	5	0	96	138	204
12	2	5	97	214	281
12	3	0	98	336	379
12	5	1	99	428	441
12	2	1	100	463	516
12	14	0	101	1051	1082
12	0	10	102	1120	1147
12	0	5	103	1234	1281
12	4	9	104	1285	1302
13	7	9	105	0	70
13	0	6	106	236	323
13	12	3	107	388	437
13	12	3	108	494	539
13	5	11	109	625	693
13	9	5	110	729	803
13	9	6	111	946	995
13	5	9	112	999	1064
13	2	8	113	1082	1152
13	12	3	114	1180	1190
14	13	3	115	56	138
14	14	2	116	299	346
14	10	2	117	365	447
14	11	11	118	456	484
14	2	0	119	567	618
14	8	0	120	954	984
14	14	8	121	1276	1307
15	6	2	122	111	146
15	9	6	123	174	236
15	2	1	124	299	342
15	8	2	125	447	529
15	5	9	126	725	801
15	11	3	127	976	1027
15	12	8	128	1053	1082
15	7	0	129	1082	1159
15	13	0	130	1159	1232
16	13	5	131	0	46
16	10	7	132	46	100
16	9	3	133	264	281
16	1	5	134	600	648
16	5	11	135	808	844
16	4	3	136	1027	1062
16	4	2	137	1184	1239
17	2	5	138	166	214
17	5	8	139	214	228
17	14	5	140	468	491
17	14	2	141	529	579
17	1	10	142	694	784
17	11	2	143	791	838
17	4	4	144	853	917
17	7	10	145	919	988
18	5	8	146	91	123
18	2	0	147	379	463
18	0	10	148	477	489
18	9	3	149	632	676
18	1	3	150	815	862
18	10	9	151	894	922
18	5	8	152	922	950
18	6	11	153	967	1034
18	4	6	154	1081	1179
19	12	4	155	0	93
19	13	3	156	138	219
19	4	11	157	366	389
19	1	3	158	786	815
19	14	5	159	815	845
19	14	5	160	845	910
19	0	9	161	922	970
19	8	7	162	997	1068
20	6	10	163	0	67
20	14	1	164	270	299
20	9	7	165	353	365
20	2	8	166	890	916
20	1	10	167	1201	1240
21	2	11	168	77	143
21	4	11	169	295	366
21	8	7	170	366	429
21	3	6	171	547	642
21	9	8	172	803	827
21	9	7	173	835	928
21	3	5	174	936	1012
21	11	9	175	1096	1196
21	9	7	176	1211	1238
21	2	0	177	1279	1291
22	9	6	178	0	38
22	8	1	179	49	88
22	7	6	180	642	662
22	8	1	181	678	753
22	9	6	182	1044	1081
22	0	11	183	1148	1225
23	8	7	184	100	167
23	10	7	185	167	232
23	4	4	186	404	468
23	2	0	187	539	567
23	2	8	188	626	692
23	0	6	189	829	877
23	13	0	190	893	954
23	3	5	191	1046	1122
24	0	9	192	160	220
24	6	3	193	539	599
24	13	7	194	650	716
24	10	2	195	1012	1038
24	8	3	196	1073	1092
24	8	3	197	1158	1180
25	5	8	198	359	428
25	5	1	199	516	557
25	1	7	200	584	596
25	9	3	201	599	632
25	3	0	202	756	819
25	6	4	203	1042	1124
26	1	1	204	88	100
26	1	1	205	144	216
26	8	6	206	323	351
26	0	1	207	557	634
26	0	9	208	635	661
26	1	3	209	676	690
26	9	3	210	690	722
26	1	6	211	877	946
26	4	2	212	946	1012
26	2	0	213	1232	1279
27	9	5	214	46	77
27	0	6	215	502	547
27	8	2	216	640	672
27	6	9	217	710	725
27	14	1	218	753	784
28	7	0	219	91	138
28	12	4	220	200	281
28	13	5	221	281	358
28	14	0	222	678	752
28	3	6	223	1211	1264
29	0	11	224	0	67
29	8	0	225	204	230
29	11	2	226	262	293
29	12	8	227	694	796
29	12	4	228	997	1042
29	12	1	229	1091	1142
29	8	1	230	1240	1289
30	14	5	231	375	451
30	10	7	232	470	520
30	4	4	233	684	744
30	4	4	234	756	821
30	8	3	235	862	953
30	2	11	236	957	967
30	3	5	237	1012	1046
30	8	3	238	1092	1158
30	9	6	239	1179	1211
31	14	0	240	0	58
31	14	8	241	170	214
31	8	7	242	232	298
31	12	8	243	558	626
31	14	1	244	634	678
31	3	4	245	821	853
31	6	2	246	935	946
31	13	1	247	1049	1091
31	1	11	248	1116	1148
31	5	7	249	1157	1208
32	14	1	250	216	270
32	6	9	251	353	419
32	9	9	252	419	443
32	3	9	253	514	543
32	13	7	254	596	650
32	2	11	255	739	808
32	7	10	256	853	919
32	12	4	257	921	997
32	11	8	258	1027	1053
32	5	11	259	1271	1299
33	0	9	260	70	133
33	7	6	261	662	712
33	11	3	262	722	786
33	5	7	263	1068	1121
33	1	10	264	1240	1306
34	9	8	265	281	353
34	5	9	266	443	514
34	7	5	267	553	600
34	12	10	268	658	694
34	12	7	269	810	835
34	3	9	270	860	894
34	14	0	271	984	1051
35	5	0	272	264	281
35	7	10	273	303	405
35	11	4	274	491	580
35	6	0	275	618	663
35	13	7	276	716	810
36	5	1	277	0	49
36	10	9	278	133	160
36	3	4	279	171	200
36	4	3	280	219	264
36	1	7	281	303	350
36	5	11	282	563	625
36	0	2	283	672	735
36	10	9	284	801	810
36	9	6	285	995	1044
36	1	11	286	1044	1116
37	3	9	287	220	319
37	5	1	288	342	359
37	11	11	289	844	910
37	10	7	290	928	997
37	10	1	291	1142	1237
38	4	6	292	38	107
38	1	10	293	276	303
38	2	11	294	693	739
38	12	1	295	849	921
38	11	9	296	1196	1258
39	14	2	297	64	111
39	1	8	298	228	276
39	6	4	299	281	330
39	10	2	300	346	365
39	9	5	301	451	468
39	6	0	302	468	539
39	13	9	303	810	860
39	12	10	304	1147	1171
39	11	6	305	1264	1297


Solution History:
