This is the output of Heuristic Solver for Dual resource constrained flexible job shop Scheduling Problem.
Input file is: wfjsp6_4.txt
Method: FaFM_30_50_600
Seed: 1
Number of Jobs: 12
Number of Operations: 80
Number of Machines: 5
Number of Operators: 5
CPU Time: 30.0734
obj: 822
Best found lower bound:0
Solver gap (best found lower bound and upper bound difference): Not known


Final Solution:
Job	Machine	Operator	Operation	Start Time	Finish Time
0	1	2	0	0	74
0	4	4	1	105	166
0	2	4	2	240	314
0	4	0	3	333	397
0	3	2	4	524	614
0	4	0	5	704	735
1	2	3	6	0	43
1	4	4	7	43	58
1	4	4	8	58	105
1	4	4	9	166	189
1	3	2	10	227	243
1	4	0	11	290	333
1	1	3	12	570	639
1	0	1	13	650	675
1	4	0	14	735	808
2	0	1	15	73	149
2	1	3	16	353	416
2	1	3	17	449	500
2	3	2	18	782	819
3	4	0	19	0	15
3	3	0	20	15	64
3	1	2	21	137	213
3	0	2	22	217	227
3	0	1	23	227	290
3	4	0	24	397	492
3	4	0	25	492	503
3	0	1	26	578	650
3	2	4	27	657	738
4	1	3	28	213	313
4	0	1	29	330	381
4	0	4	30	390	484
4	1	3	31	500	570
4	3	2	32	641	717
4	0	1	33	751	806
4	0	1	34	806	821
5	3	0	35	64	129
5	0	4	36	189	217
5	2	4	37	217	240
5	3	2	38	243	305
5	3	2	39	305	355
5	0	4	40	484	540
5	2	4	41	569	604
5	2	4	42	604	657
5	2	4	43	738	819
6	2	3	44	127	202
6	3	2	45	414	477
6	4	0	46	503	533
6	1	3	47	639	667
6	3	2	48	717	782
7	2	3	49	43	74
7	2	3	50	74	127
7	0	1	51	149	179
7	4	0	52	189	290
7	0	1	53	290	330
7	2	1	54	390	403
7	0	4	55	540	568
7	0	1	56	675	751
7	4	0	57	808	819
8	0	1	58	0	73
8	1	3	59	313	353
8	3	2	60	355	414
8	2	1	61	479	527
8	2	1	62	527	557
8	2	1	63	557	569
8	3	2	64	614	641
8	4	0	65	651	704
9	1	2	66	74	137
9	3	0	67	137	180
9	1	3	68	416	449
9	4	0	69	533	589
9	4	0	70	589	651
9	1	3	71	788	822
10	3	1	72	180	227
10	2	4	73	314	390
10	3	2	74	477	524
10	0	1	75	569	578
10	1	3	76	667	737
10	1	3	77	737	788
11	4	4	78	15	39
11	2	1	79	403	479


Solution History:
