This is the output of Heuristic Solver for Dual resource constrained flexible job shop Scheduling Problem.
Input file is: wfjsp9_4.txt
Method: FaFM_30_50_600
Seed: 1
Number of Jobs: 15
Number of Operations: 137
Number of Machines: 5
Number of Operators: 5
CPU Time: 103.109
obj: 1362
Best found lower bound:0
Solver gap (best found lower bound and upper bound difference): Not known


Final Solution:
Job	Machine	Operator	Operation	Start Time	Finish Time
0	1	2	0	68	142
0	1	3	1	294	355
0	2	1	2	557	624
0	3	0	3	637	701
0	2	1	4	711	811
0	2	1	5	811	842
0	0	2	6	937	980
0	4	4	7	1045	1060
0	1	3	8	1235	1284
1	4	4	9	0	21
1	1	2	10	25	38
1	1	2	11	142	177
1	1	3	12	226	294
1	3	0	13	466	491
1	4	4	14	579	659
1	3	0	15	770	844
1	3	0	16	899	960
1	4	4	17	1060	1107
2	3	0	18	0	33
2	4	4	19	155	174
2	1	3	20	177	226
2	3	0	21	382	456
2	1	3	22	501	512
2	4	2	23	513	578
2	0	2	24	767	841
2	2	1	25	842	852
2	0	2	26	1200	1273
2	0	2	27	1285	1360
3	2	3	28	0	96
3	4	0	29	241	292
3	0	4	30	450	544
3	0	2	31	699	767
3	3	0	32	960	1029
3	1	3	33	1039	1082
3	0	2	34	1109	1125
3	2	1	35	1164	1230
3	4	4	36	1257	1285
4	1	2	37	0	25
4	0	1	38	26	88
4	1	3	39	398	444
4	2	1	40	464	523
4	0	4	41	544	579
4	3	0	42	584	637
4	4	4	43	825	906
4	2	1	44	983	1057
4	2	1	45	1057	1120
4	1	3	46	1169	1200
5	2	3	47	135	163
5	4	0	48	176	241
5	3	2	49	257	291
5	3	2	50	291	342
5	1	3	51	716	746
5	0	2	52	841	937
5	2	1	53	943	983
5	2	1	54	1120	1133
5	2	1	55	1133	1164
6	3	2	56	177	257
6	3	0	57	342	354
6	4	2	58	371	443
6	4	4	59	678	722
6	4	4	60	906	967
6	1	3	61	1082	1126
6	0	2	62	1169	1200
6	0	2	63	1273	1285
7	3	0	64	96	123
7	0	4	65	174	225
7	2	1	66	375	434
7	3	0	67	491	534
7	1	3	68	684	716
7	4	4	69	722	778
7	1	3	70	864	928
7	1	3	71	1200	1235
7	3	0	72	1311	1361
8	2	1	73	163	241
8	1	3	74	355	398
8	3	0	75	456	466
8	1	3	76	512	583
8	0	2	77	648	699
8	3	0	78	701	725
8	2	1	79	867	943
8	2	1	80	1299	1362
9	4	4	81	68	121
9	0	4	82	257	311
9	3	0	83	354	382
9	1	3	84	583	684
9	3	0	85	844	868
9	3	0	86	868	899
9	1	3	87	928	965
9	3	0	88	1029	1101
9	1	3	89	1284	1323
10	0	1	90	0	26
10	1	2	91	38	68
10	2	1	92	271	347
10	1	3	93	444	501
10	2	1	94	624	666
10	2	1	95	666	711
10	0	2	96	980	1047
10	3	0	97	1247	1311
10	1	3	98	1323	1362
11	3	0	99	33	45
11	3	0	100	123	176
11	2	1	101	241	271
11	4	2	102	342	371
11	3	0	103	534	584
11	4	4	104	659	678
11	1	3	105	965	1039
11	3	0	106	1101	1177
12	4	4	107	21	68
12	2	3	108	96	135
12	0	4	109	311	375
12	4	2	110	443	513
12	1	3	111	746	797
12	1	3	112	797	864
12	4	4	113	967	1045
12	4	4	114	1107	1118
12	4	4	115	1118	1209
12	4	4	116	1209	1257
13	0	1	117	88	160
13	0	4	118	225	257
13	4	0	119	292	341
13	2	1	120	347	375
13	2	1	121	434	464
13	2	1	122	523	557
13	0	2	123	1047	1109
13	1	3	124	1126	1169
13	3	0	125	1177	1247
13	4	4	126	1285	1360
14	3	0	127	45	96
14	4	4	128	121	155
14	0	4	129	375	450
14	0	2	130	579	648
14	3	0	131	725	770
14	4	4	132	778	825
14	2	1	133	852	867
14	0	2	134	1125	1169
14	2	1	135	1230	1266
14	2	1	136	1266	1299


Solution History:
