This is the output of Heuristic Solver for Dual resource constrained flexible job shop Scheduling Problem.
Input file is: wfjsp22_4.txt
Method: FaFM_30_50_600
Seed: 1
Number of Jobs: 30
Number of Operations: 231
Number of Machines: 15
Number of Operators: 12
CPU Time: 340.567
obj: 988
Best found lower bound:0
Solver gap (best found lower bound and upper bound difference): Not known


Final Solution:
Job	Machine	Operator	Operation	Start Time	Finish Time
0	1	8	0	139	210
0	11	8	1	225	285
0	1	1	2	560	627
0	0	6	3	637	699
0	10	3	4	714	807
0	10	3	5	807	836
0	6	3	6	836	883
0	0	4	7	896	910
0	0	9	8	910	956
1	11	4	9	98	118
1	6	0	10	145	160
1	9	5	11	163	204
1	3	7	12	250	325
1	7	5	13	327	348
1	8	0	14	396	472
1	14	8	15	480	558
1	8	10	16	602	664
1	8	1	17	664	711
2	0	9	18	0	31
2	13	9	19	31	48
2	14	0	20	84	133
2	4	3	21	275	350
2	6	4	22	548	561
2	3	4	23	626	691
2	12	4	24	725	803
3	7	0	25	133	144
3	14	9	26	214	291
3	2	10	27	291	361
3	3	0	28	477	560
3	14	9	29	757	806
3	12	4	30	806	896
4	12	1	31	0	64
4	6	10	32	78	145
4	9	5	33	284	327
4	2	3	34	477	494
4	13	7	35	686	754
4	2	8	36	833	860
4	12	4	37	910	930
5	0	2	38	166	230
5	8	1	39	472	518
5	2	5	40	542	602
5	11	11	41	605	640
5	2	3	42	661	714
5	1	5	43	868	946
6	11	8	44	0	71
6	9	5	45	98	163
6	6	2	46	300	332
6	13	0	47	337	362
6	0	5	48	395	463
6	7	10	49	480	508
6	5	2	50	693	744
6	0	2	51	791	821
7	5	11	52	183	279
7	7	11	53	279	323
7	7	10	54	431	444
7	7	8	55	452	480
7	14	9	56	588	669
7	13	9	57	669	682
7	4	9	58	686	757
7	13	1	59	787	827
7	10	0	60	928	987
8	1	3	61	0	40
8	6	2	62	332	364
8	4	2	63	364	377
8	14	3	64	432	456
8	4	3	65	494	547
8	3	0	66	787	850
8	13	3	67	883	930
8	14	8	68	957	988
9	0	11	69	101	157
9	3	7	70	186	250
9	5	8	71	285	318
9	8	1	72	325	372
9	10	2	73	377	451
9	11	6	74	699	749
9	7	10	75	777	788
9	10	9	76	838	906
9	11	4	77	930	979
10	5	11	78	157	183
10	1	5	79	210	284
10	12	4	80	308	371
10	4	6	81	387	439
10	6	3	82	582	636
10	6	0	83	636	664
10	7	10	84	694	777
10	4	11	85	823	847
10	13	11	86	847	880
11	14	1	87	167	209
11	10	1	88	209	280
11	9	7	89	373	419
11	14	3	90	456	477
11	5	7	91	520	548
11	2	8	92	714	780
11	2	8	93	780	833
11	7	10	94	864	907
12	8	6	95	27	78
12	7	10	96	145	210
12	2	0	97	212	276
12	13	1	98	280	325
12	9	3	99	419	432
12	4	11	100	442	490
12	5	11	101	490	520
12	0	2	102	544	577
12	5	7	103	754	802
12	12	3	104	930	953
13	7	9	105	48	118
13	0	4	106	233	308
13	9	7	107	327	373
13	10	2	108	451	498
13	8	10	109	537	602
13	4	7	110	610	686
13	1	5	111	747	796
13	9	5	112	796	868
13	14	8	113	882	957
13	5	9	114	957	966
14	5	2	115	47	142
14	8	0	116	160	212
14	5	8	117	318	387
14	11	8	118	387	414
14	9	11	119	556	605
14	7	10	120	664	694
14	14	9	121	806	838
15	7	5	122	0	38
15	3	5	123	38	98
15	12	6	124	150	200
15	7	10	125	361	431
15	12	6	126	530	615
15	5	8	127	623	671
15	12	4	128	691	725
15	7	10	129	788	864
15	5	1	130	869	939
16	13	7	131	66	112
16	4	7	132	112	159
16	8	10	133	237	253
16	12	3	134	371	417
16	5	8	135	417	452
16	4	3	136	547	582
16	6	0	137	664	718
17	5	2	138	0	47
17	9	10	139	62	78
17	14	2	140	142	166
17	14	9	141	363	413
17	1	7	142	419	520
17	1	1	143	520	560
17	7	2	144	577	644
17	1	11	145	668	740
18	3	6	146	0	27
18	10	6	147	78	150
18	8	0	148	276	290
18	0	5	149	352	395
18	13	11	150	395	442
18	3	10	151	444	477
18	7	10	152	508	537
18	4	11	153	757	823
18	9	11	154	880	979
19	12	9	155	417	521
19	11	9	156	521	588
19	12	6	157	615	637
19	1	11	158	640	668
19	14	8	159	671	701
19	11	6	160	749	820
19	8	2	161	821	870
19	8	7	162	870	941
20	0	11	163	31	101
20	4	7	164	159	186
20	2	0	165	362	371
20	8	2	166	763	791
20	1	5	167	946	984
21	10	7	168	0	66
21	4	3	169	202	275
21	14	9	170	291	363
21	6	4	171	371	458
21	9	11	172	530	556
21	9	5	173	605	701
21	3	0	174	718	787
21	11	6	175	820	912
21	4	2	176	936	965
21	5	9	177	966	980
22	2	1	178	64	105
22	10	0	179	290	337
22	8	0	180	372	396
22	0	5	181	463	542
22	13	1	182	627	664
22	0	1	183	711	787
23	12	8	184	71	139
23	6	4	185	161	233
23	6	2	186	233	300
23	2	1	187	372	401
23	2	1	188	401	471
23	10	2	189	498	544
23	13	7	190	548	610
23	3	0	191	850	928
24	4	4	192	0	59
24	2	1	193	105	167
24	5	8	194	558	623
24	10	3	195	636	661
24	8	2	196	744	763
24	2	8	197	860	882
25	14	0	198	0	84
25	3	4	199	118	161
25	11	8	200	214	225
25	3	6	201	354	387
25	3	4	202	561	626
25	6	10	203	907	985
26	8	10	204	0	14
26	1	3	205	40	113
26	11	9	206	185	214
26	12	6	207	214	305
26	0	11	208	323	352
26	10	11	209	352	366
26	1	11	210	366	394
26	1	7	211	802	866
26	4	2	212	870	936
26	2	1	213	939	982
27	9	11	214	0	30
27	4	4	215	59	98
27	3	6	216	325	354
27	6	11	217	740	755
27	14	1	218	838	869
28	2	10	219	14	62
28	13	3	220	113	202
28	6	4	221	458	548
28	10	0	222	560	629
28	7	6	223	912	972
29	11	9	224	118	185
29	8	10	225	212	237
29	9	10	226	253	280
29	9	6	227	439	530
29	11	2	228	644	693
29	14	5	229	701	747
29	8	7	230	941	987


Solution History:
