This is the output of Heuristic Solver for Dual resource constrained flexible job shop Scheduling Problem.
Input file is: wfjsp24_10.txt
Method: FaFM_30_50_600
Seed: 4
Number of Jobs: 40
Number of Operations: 310
Number of Machines: 15
Number of Operators: 12
CPU Time: 345.733
obj: 1389
Best found lower bound:0
Solver gap (best found lower bound and upper bound difference): Not known


Final Solution:
Job	Machine	Operator	Operation	Start Time	Finish Time
0	12	4	0	49	118
0	1	3	1	299	381
0	4	3	2	447	508
0	11	8	3	523	603
0	5	3	4	869	919
0	2	8	5	1083	1112
0	13	8	6	1112	1143
0	3	5	7	1215	1264
1	7	7	8	80	160
1	4	9	9	190	216
1	5	11	10	301	338
1	11	3	11	408	447
1	6	9	12	696	774
1	6	9	13	863	938
1	10	6	14	960	1021
1	10	2	15	1025	1117
2	3	5	16	0	81
2	3	8	17	184	196
2	1	10	18	234	242
2	4	0	19	367	418
2	7	4	20	513	579
2	4	11	21	606	682
2	10	5	22	798	846
2	11	4	23	1025	1095
3	13	9	24	0	40
3	11	8	25	92	112
3	10	11	26	167	210
3	10	11	27	934	952
3	14	1	28	1256	1342
4	3	8	29	283	313
4	0	4	30	425	507
4	1	4	31	617	704
4	12	4	32	749	817
4	11	4	33	896	930
4	13	8	34	960	1010
5	4	1	35	88	166
5	9	8	36	313	326
5	11	3	37	390	408
5	12	8	38	411	429
5	3	5	39	508	556
5	3	0	40	578	612
5	1	9	41	945	1033
5	0	6	42	1033	1099
6	7	10	43	396	479
6	1	5	44	492	508
6	6	5	45	590	602
6	12	7	46	631	695
6	12	8	47	817	859
6	10	1	48	1351	1366
7	5	11	49	213	301
7	6	2	50	307	394
7	8	11	51	952	978
7	3	7	52	1026	1092
7	11	6	53	1099	1107
8	9	8	54	112	184
8	11	5	55	235	307
8	12	8	56	394	411
8	9	3	57	621	684
8	5	6	58	711	743
8	14	7	59	785	794
8	4	6	60	869	960
8	5	4	61	977	1022
8	14	1	62	1174	1256
9	3	3	63	101	177
9	5	1	64	381	473
9	12	7	65	559	631
9	6	1	66	792	840
9	13	5	67	846	895
9	0	5	68	895	911
9	9	3	69	991	1014
9	14	0	70	1014	1034
9	9	2	71	1142	1166
10	9	8	72	765	812
10	5	6	73	819	867
10	12	4	74	867	885
10	7	0	75	945	1013
10	8	4	76	1131	1176
11	10	9	77	216	255
11	8	6	78	275	311
11	11	8	79	616	695
11	3	2	80	822	859
11	3	8	81	859	892
11	10	0	82	892	919
11	14	3	83	919	931
11	7	5	84	1013	1100
11	6	4	85	1176	1210
12	3	2	86	461	499
12	0	0	87	513	578
12	9	8	88	1014	1083
12	9	4	89	1095	1111
12	6	6	90	1307	1386
13	9	3	91	0	63
13	5	3	92	66	101
13	0	6	93	198	214
13	9	2	94	214	307
13	8	2	95	408	461
13	8	11	96	461	534
13	8	11	97	534	606
13	0	0	98	812	878
13	3	7	99	933	1026
13	7	7	100	1178	1262
14	7	1	101	202	282
14	14	7	102	361	450
14	6	9	103	503	590
14	2	0	104	651	697
14	4	1	105	974	1006
14	7	10	106	1126	1172
14	4	11	107	1227	1305
14	10	1	108	1366	1382
15	10	9	109	255	332
15	7	2	110	499	513
15	13	10	111	755	827
15	7	7	112	836	903
15	2	10	113	1006	1054
15	12	7	114	1092	1178
15	13	8	115	1239	1310
16	0	7	116	0	80
16	5	0	117	134	213
16	14	3	118	226	299
16	5	1	119	473	555
16	5	0	120	617	651
16	5	2	121	670	711
16	8	11	122	978	1056
16	6	1	123	1147	1174
17	5	6	124	0	66
17	8	11	125	75	94
17	14	3	126	201	226
17	2	2	127	859	900
17	1	5	128	911	945
17	13	8	129	1212	1239
17	5	2	130	1326	1372
18	7	4	131	0	49
18	0	7	132	227	247
18	4	0	133	277	367
18	7	1	134	370	381
18	1	3	135	508	596
18	13	8	136	603	616
18	11	3	137	698	764
18	9	2	138	905	987
18	0	1	139	1006	1031
18	14	0	140	1034	1103
19	12	4	141	235	308
19	12	1	142	314	370
19	9	0	143	418	513
19	10	1	144	555	622
19	13	8	145	895	960
19	12	3	146	977	991
19	12	10	147	1178	1252
20	10	8	148	0	65
20	14	9	149	109	190
20	3	8	150	196	238
20	3	8	151	271	283
20	3	7	152	903	933
20	5	1	153	1031	1112
20	13	8	154	1143	1212
20	6	4	155	1212	1301
20	2	8	156	1310	1388
21	12	10	157	150	234
21	6	6	158	239	275
21	2	7	159	291	318
21	10	6	160	475	547
21	4	3	161	1014	1102
21	11	6	162	1107	1134
21	12	10	163	1252	1322
22	11	1	164	0	88
22	6	5	165	127	172
22	6	9	166	410	482
22	8	6	167	633	710
22	13	2	168	711	750
22	3	2	169	750	799
22	11	3	170	931	977
22	10	0	171	1119	1214
22	11	6	172	1227	1307
22	3	3	173	1307	1373
23	9	8	174	65	92
23	2	6	175	111	198
23	7	7	176	318	361
23	3	5	177	370	457
23	5	4	178	579	593
23	7	2	179	598	670
23	14	3	180	684	698
23	4	9	181	774	839
23	4	3	182	850	869
23	0	5	183	1264	1312
24	2	0	184	0	67
24	8	11	185	94	167
24	12	8	186	429	523
24	6	5	187	602	688
24	2	0	188	697	762
24	11	2	189	987	1025
24	6	2	190	1117	1142
24	9	3	191	1166	1261
24	5	3	192	1261	1307
24	13	5	193	1312	1365
25	10	0	194	67	134
25	13	10	195	319	354
25	10	11	196	373	456
25	2	10	197	479	541
25	13	5	198	556	589
25	10	1	199	622	707
25	7	5	200	763	798
25	12	1	201	959	974
25	9	0	202	1353	1379
26	7	1	203	166	202
26	2	6	204	214	239
26	7	1	205	282	314
26	11	5	206	457	492
26	0	4	207	704	749
26	3	5	208	1100	1186
26	3	5	209	1186	1215
26	10	11	210	1305	1351
27	13	10	211	242	319
27	2	8	212	326	394
27	5	4	213	593	617
27	9	8	214	695	765
27	9	4	215	1111	1131
27	5	6	216	1134	1227
27	8	2	217	1227	1254
27	8	2	218	1254	1326
28	12	10	219	0	19
28	8	10	220	40	70
28	1	10	221	70	150
28	1	2	222	150	214
28	6	9	223	840	863
28	7	10	224	905	923
28	0	1	225	1112	1147
28	10	0	226	1214	1285
28	11	4	227	1307	1388
29	14	9	228	40	109
29	14	5	229	307	352
29	8	10	230	354	396
29	13	6	231	426	475
29	2	3	232	764	850
29	2	10	233	923	1006
29	1	11	234	1126	1205
30	0	5	235	81	127
30	4	0	236	216	277
30	12	3	237	381	390
30	2	2	238	394	408
30	14	7	239	450	514
30	4	11	240	734	772
30	11	1	241	783	792
30	9	10	242	827	905
30	8	11	243	1056	1123
30	0	9	244	1163	1248
31	14	10	245	19	28
31	14	10	246	28	40
31	1	8	247	242	271
31	0	4	248	361	425
31	7	5	249	688	763
31	0	0	250	763	812
31	5	4	251	930	977
31	14	9	252	1111	1163
32	9	9	253	332	410
32	14	7	254	514	559
32	1	3	255	596	612
32	7	0	256	923	945
32	1	9	257	1248	1317
33	11	4	258	148	235
33	0	9	259	616	696
33	8	10	260	710	755
33	3	2	261	799	822
33	13	6	262	1021	1032
34	6	2	263	0	56
34	6	3	264	177	201
34	5	6	265	743	809
34	11	4	266	817	848
34	4	9	267	1317	1389
35	6	6	268	66	111
35	12	4	269	118	148
35	13	5	270	172	233
35	11	6	271	311	385
35	13	9	272	482	503
35	9	10	273	541	621
35	3	10	274	621	705
35	12	1	275	896	959
35	6	9	276	1033	1111
36	0	7	277	160	197
36	10	5	278	352	370
36	14	7	279	794	836
36	6	5	280	945	1011
36	1	10	281	1054	1126
36	8	10	282	1326	1389
37	13	2	283	56	146
37	2	6	284	547	633
37	12	7	285	695	723
37	14	7	286	723	785
37	11	1	287	848	896
37	7	0	288	1103	1119
37	1	11	289	1205	1227
38	0	7	290	247	291
38	0	4	291	308	361
38	0	9	292	590	616
38	10	1	293	707	783
38	5	6	294	809	819
38	8	11	295	850	934
38	4	3	296	1102	1164
38	4	2	297	1166	1224
38	7	7	298	1262	1346
38	1	11	299	1369	1384
39	4	11	300	0	75
39	8	7	301	197	227
39	5	11	302	338	373
39	13	6	303	385	426
39	4	2	304	513	598
39	4	11	305	682	734
39	8	11	306	772	850
39	9	0	307	1285	1353
39	1	11	308	1353	1369
39	7	5	309	1369	1389


Solution History:
