This is the output of Heuristic Solver for Dual resource constrained flexible job shop Scheduling Problem.
Input file is: wfjsp16_5.txt
Method: FaFM_30_50_600
Seed: 2
Number of Jobs: 40
Number of Operations: 278
Number of Machines: 15
Number of Operators: 15
CPU Time: 456.46
obj: 908
Best found lower bound:0
Solver gap (best found lower bound and upper bound difference): Not known


Final Solution:
Job	Machine	Operator	Operation	Start Time	Finish Time
0	6	8	0	12	27
0	6	9	1	27	71
0	9	13	2	237	316
0	10	12	3	368	428
0	8	13	4	487	551
0	1	1	5	617	651
0	9	6	6	761	829
1	2	1	7	0	37
1	10	2	8	202	253
1	9	13	9	316	353
1	12	2	10	508	538
1	12	11	11	810	874
2	9	13	12	145	167
2	6	3	13	375	388
2	12	8	14	417	493
2	4	0	15	594	660
2	2	2	16	887	896
3	14	6	17	0	46
3	14	7	18	288	355
3	10	5	19	648	693
3	10	5	20	710	742
3	10	5	21	742	787
4	10	11	22	173	202
4	11	6	23	284	313
4	0	9	24	419	514
4	12	0	25	701	742
4	2	7	26	805	847
5	4	10	27	106	127
5	12	0	28	285	293
5	5	3	29	293	338
5	14	7	30	355	450
5	10	5	31	787	837
6	11	3	32	9	73
6	0	5	33	191	277
6	1	1	34	287	370
6	5	14	35	439	479
6	0	6	36	601	615
6	8	4	37	746	792
7	13	2	38	119	202
7	4	11	39	288	358
7	4	11	40	358	425
7	1	1	41	496	526
7	5	8	42	578	648
8	3	7	43	0	32
8	3	12	44	61	80
8	14	6	45	132	198
8	8	10	46	299	381
8	9	13	47	403	487
8	4	6	48	550	594
8	7	11	49	620	696
8	13	2	50	713	782
8	6	3	51	815	824
8	6	3	52	824	859
9	6	9	53	97	182
9	4	7	54	213	249
9	0	9	55	277	369
9	4	6	56	425	443
9	3	12	57	443	480
9	7	5	58	491	577
9	2	9	59	631	647
9	2	13	60	779	805
9	3	8	61	805	871
10	8	4	62	0	17
10	0	5	63	18	58
10	2	10	64	381	420
10	4	6	65	466	550
10	9	4	66	565	643
10	1	9	67	651	693
10	0	9	68	761	806
10	4	9	69	806	822
11	12	1	70	57	144
11	14	6	71	198	284
11	6	2	72	307	350
11	9	13	73	366	403
11	7	5	74	476	491
11	6	12	75	560	648
11	3	8	76	648	679
11	3	8	77	679	733
11	4	7	78	733	805
11	5	2	79	805	887
12	10	7	80	69	94
12	13	0	81	202	269
12	3	8	82	296	345
12	9	13	83	353	366
12	8	4	84	381	406
12	5	8	85	568	578
12	0	13	86	806	816
12	13	4	87	816	899
13	9	13	88	0	92
13	5	7	89	95	142
13	7	9	90	189	219
13	13	2	91	356	446
13	13	2	92	446	492
13	5	8	93	493	501
13	12	2	94	538	581
13	5	12	95	648	723
13	3	8	96	758	799
13	8	0	97	810	853
14	13	4	98	17	38
14	14	6	99	87	132
14	9	13	100	167	237
14	4	7	101	249	263
14	7	5	102	277	341
14	12	0	103	348	417
14	8	0	104	417	487
14	11	3	105	590	633
15	3	12	106	80	158
15	2	10	107	213	299
15	5	3	108	338	371
15	14	7	109	450	544
15	10	11	110	544	584
15	3	14	111	612	644
15	6	3	112	859	898
16	13	2	113	111	119
16	4	10	114	127	213
16	3	8	115	266	296
16	4	6	116	443	466
16	11	10	117	697	712
16	2	13	118	722	779
16	0	13	119	816	852
16	2	7	120	852	887
17	3	7	121	32	61
17	7	9	122	219	238
17	13	14	123	274	356
17	3	11	124	425	443
17	9	9	125	729	761
17	11	10	126	817	838
17	4	9	127	841	908
18	7	8	128	97	189
18	2	1	129	372	380
18	1	12	130	729	746
18	7	14	131	789	819
18	14	1	132	830	893
19	11	3	133	0	9
19	11	14	134	73	134
19	0	5	135	177	191
19	6	14	136	356	367
19	0	9	137	369	419
19	2	10	138	505	545
19	14	7	139	569	662
19	13	2	140	782	800
19	8	4	141	800	808
19	10	5	142	884	903
20	12	1	143	144	223
20	1	1	144	223	287
20	6	14	145	498	560
20	7	9	146	601	620
20	12	2	147	637	662
20	12	0	148	742	810
21	2	4	149	38	121
21	2	4	150	299	372
21	11	3	151	390	415
21	0	6	152	615	648
21	4	7	153	662	733
22	1	3	154	128	156
22	12	11	155	223	285
22	3	14	156	560	612
22	6	3	157	648	731
22	7	11	158	773	789
23	6	2	159	0	12
23	4	10	160	25	106
23	11	14	161	134	211
23	10	12	162	307	368
23	9	4	163	498	565
23	13	4	164	643	674
23	10	5	165	693	710
23	14	1	166	722	770
23	9	6	167	829	908
24	13	0	168	0	17
24	12	1	169	40	57
24	3	8	170	189	224
24	5	3	171	224	292
24	10	11	172	463	539
24	11	10	173	838	907
25	0	5	174	110	177
25	10	2	175	253	305
25	2	10	176	545	631
25	6	3	177	731	798
25	4	9	178	822	841
25	12	11	179	874	894
26	5	14	180	12	72
26	1	3	181	73	111
26	1	3	182	156	176
26	7	9	183	238	275
26	12	0	184	293	334
26	11	3	185	415	495
26	0	9	186	514	601
26	8	4	187	674	746
26	14	1	188	770	813
27	0	5	189	58	110
27	11	14	190	211	274
27	13	0	191	559	589
27	10	5	192	602	648
27	3	8	193	733	758
27	6	3	194	798	815
27	8	0	195	853	894
28	7	9	196	76	87
28	9	13	197	102	145
28	5	7	198	165	212
28	1	1	199	380	446
28	13	0	200	492	559
29	10	5	201	0	18
29	13	2	202	40	111
29	6	12	203	183	229
29	7	5	204	341	385
29	7	5	205	385	476
29	3	12	206	480	560
29	12	0	207	662	701
29	0	6	208	701	746
29	14	1	209	813	830
30	10	8	210	27	69
30	9	13	211	92	102
30	3	8	212	224	266
30	7	11	213	584	600
30	13	2	214	604	637
30	7	11	215	696	773
31	5	8	216	0	12
31	1	12	217	12	53
31	8	13	218	551	577
31	10	5	219	584	602
31	9	14	220	644	727
32	8	0	221	98	109
32	3	12	222	158	183
32	10	12	223	428	439
32	13	2	224	595	604
32	0	6	225	746	761
32	0	13	226	852	903
33	8	0	227	17	98
33	2	4	228	121	189
33	4	7	229	263	288
33	12	0	230	334	348
33	3	8	231	398	415
33	10	11	232	443	463
33	1	1	233	469	496
33	5	8	234	501	568
33	2	1	235	651	718
33	5	14	236	727	789
34	7	11	237	0	76
34	5	11	238	76	95
34	5	7	239	142	165
34	1	3	240	176	217
34	5	14	241	375	439
34	11	10	242	633	697
34	11	10	243	712	817
34	10	5	244	837	884
34	5	7	245	887	908
35	6	8	246	71	97
35	1	3	247	111	128
35	11	6	248	323	390
35	12	2	249	581	595
35	7	14	250	819	853
36	8	4	251	205	298
36	11	6	252	313	323
36	6	14	253	367	375
36	12	2	254	493	508
36	14	7	255	544	569
36	0	6	256	648	693
36	1	9	257	693	729
37	12	2	258	12	40
37	14	6	259	46	87
37	6	12	260	229	307
37	3	8	261	345	398
37	2	10	262	420	505
37	1	1	263	526	617
37	13	2	264	674	713
37	1	12	265	746	827
38	4	9	266	0	25
38	8	0	267	109	200
38	6	4	268	406	498
38	11	3	269	498	520
38	11	3	270	520	590
38	14	13	271	662	722
38	1	12	272	827	890
39	10	11	273	95	173
39	2	4	274	189	205
39	1	1	275	446	469
39	8	13	276	577	660
39	7	14	277	853	906


Solution History:
