This is the output of Heuristic Solver for Dual resource constrained flexible job shop Scheduling Problem.
Input file is: wfjsp24_2.txt
Method: FaFM_30_50_600
Seed: 2
Number of Jobs: 40
Number of Operations: 288
Number of Machines: 15
Number of Operators: 12
CPU Time: 145.436
obj: 1243
Best found lower bound:0
Solver gap (best found lower bound and upper bound difference): Not known


Final Solution:
Job	Machine	Operator	Operation	Start Time	Finish Time
0	4	5	0	369	442
0	13	5	1	442	508
0	4	10	2	756	779
0	4	10	3	779	819
0	14	1	4	1123	1137
1	4	0	5	105	125
1	0	11	6	134	195
1	8	7	7	205	215
1	13	7	8	256	336
1	0	8	9	542	581
1	6	4	10	629	688
1	9	6	11	824	839
1	0	10	12	996	1064
1	6	8	13	1130	1196
2	5	11	14	0	54
2	2	1	15	77	150
2	3	5	16	177	208
2	13	7	17	215	256
2	11	10	18	260	283
2	13	1	19	531	584
2	8	8	20	845	923
2	13	9	21	944	1025
2	6	3	22	1025	1078
2	10	0	23	1092	1160
3	12	4	24	16	75
3	11	2	25	88	107
3	1	4	26	166	176
3	5	4	27	356	447
3	3	8	28	453	474
3	10	3	29	679	759
3	3	5	30	866	949
3	14	11	31	955	976
3	4	10	32	1162	1240
4	10	1	33	0	77
4	1	1	34	182	236
4	12	0	35	413	438
4	3	8	36	474	529
4	5	0	37	662	698
4	12	9	38	872	944
4	1	7	39	952	1040
4	2	0	40	1040	1059
4	2	0	41	1059	1073
4	4	7	42	1135	1162
5	12	7	43	0	16
5	1	2	44	107	145
5	7	5	45	508	578
5	8	11	46	641	684
5	7	8	47	684	770
5	10	3	48	818	907
6	14	11	49	78	134
6	10	0	50	140	170
6	11	3	51	283	343
6	4	2	52	520	557
6	3	8	53	581	607
6	13	9	54	762	803
6	11	2	55	915	960
6	0	8	56	1064	1084
6	3	9	57	1084	1151
7	6	10	58	93	151
7	2	3	59	263	273
7	3	1	60	285	315
7	4	10	61	572	629
7	11	7	62	756	835
7	9	11	63	900	955
7	5	5	64	1127	1207
8	9	7	65	47	108
8	5	7	66	108	131
8	14	2	67	386	464
8	4	2	68	557	572
8	11	9	69	604	677
8	0	7	70	695	709
8	3	11	71	792	846
8	11	9	72	1025	1083
8	2	10	73	1112	1159
9	4	11	74	442	500
9	6	9	75	520	604
9	9	10	76	629	688
9	3	4	77	688	745
9	5	1	78	745	829
9	4	7	79	835	848
9	4	6	80	998	1054
9	1	4	81	1054	1098
9	9	6	82	1166	1226
9	13	5	83	1226	1240
10	8	6	84	92	179
10	11	11	85	195	216
10	13	9	86	357	382
10	0	1	87	709	741
10	0	8	88	813	845
10	5	4	89	970	1053
10	12	3	90	1106	1179
11	10	1	91	315	395
11	11	7	92	409	479
11	12	0	93	479	491
11	0	4	94	517	542
11	10	3	95	584	668
11	9	11	96	688	748
11	4	7	97	848	900
11	12	0	98	944	1037
11	13	2	99	1060	1150
12	1	4	100	0	16
12	4	7	101	131	205
12	0	11	102	236	293
12	12	11	103	293	340
12	8	11	104	561	641
12	8	9	105	684	762
12	13	8	106	1025	1060
12	9	10	107	1064	1112
12	11	2	108	1158	1225
13	11	3	109	0	60
13	4	1	110	236	285
13	1	0	111	293	316
13	9	6	112	465	507
13	14	6	113	664	730
13	14	1	114	1137	1208
13	1	0	115	1212	1224
14	14	6	116	0	14
14	14	11	117	54	78
14	10	1	118	448	531
14	1	4	119	542	629
14	5	5	120	832	866
14	11	3	121	966	1025
14	14	11	122	1056	1110
15	5	6	123	179	197
15	11	2	124	227	260
15	12	11	125	340	363
15	7	3	126	363	372
15	8	11	127	417	439
15	2	9	128	503	520
15	3	8	129	607	615
15	6	0	130	869	943
15	0	8	131	1084	1094
16	9	0	132	0	35
16	14	9	133	135	193
16	10	1	134	395	448
16	5	0	135	495	548
16	12	0	136	698	727
16	7	5	137	996	1030
16	4	1	138	1069	1123
17	12	0	139	170	256
17	9	6	140	271	333
17	11	10	141	688	756
17	9	5	142	756	815
17	2	10	143	819	857
17	0	4	144	1098	1160
18	6	3	145	60	93
18	9	3	146	144	189
18	14	2	147	260	337
18	3	5	148	337	366
18	3	11	149	366	417
18	10	0	150	548	584
18	0	8	151	615	659
18	5	6	152	1054	1120
18	2	7	153	1162	1232
19	14	9	154	20	32
19	5	4	155	197	288
19	7	1	156	584	633
19	0	2	157	741	808
19	13	2	158	808	847
19	11	11	159	1110	1158
20	6	8	160	0	25
20	11	8	161	109	180
20	9	6	162	333	361
20	5	0	163	447	470
20	8	11	164	500	561
20	5	5	165	578	662
20	0	10	166	941	996
20	0	4	167	1160	1237
21	13	5	168	0	11
21	9	9	169	108	135
21	14	10	170	467	548
21	14	6	171	580	651
21	12	0	172	727	795
21	9	11	173	846	900
22	2	3	174	189	263
22	0	6	175	361	370
22	0	8	176	380	453
22	7	3	177	453	482
22	1	4	178	745	818
22	14	1	179	829	912
22	8	8	180	923	990
22	6	8	181	990	1019
23	7	9	182	32	94
23	10	10	183	173	258
23	13	7	184	593	673
23	6	0	185	795	869
23	7	5	186	1030	1076
23	12	3	187	1078	1106
24	5	4	188	135	166
24	6	8	189	191	261
24	2	9	190	424	503
24	6	5	191	949	990
24	7	5	192	1076	1127
25	1	0	193	35	105
25	13	0	194	125	140
25	7	5	195	208	248
25	0	4	196	293	355
25	12	0	197	369	413
25	1	4	198	818	886
25	7	1	199	912	996
25	8	1	200	996	1068
26	13	8	201	25	109
26	1	6	202	370	397
26	4	1	203	633	708
26	6	6	204	730	791
26	8	5	205	815	832
26	12	7	206	1040	1052
26	14	1	207	1208	1243
27	4	2	208	0	88
27	8	10	209	333	409
27	6	10	210	409	467
27	14	2	211	976	1056
27	10	3	212	1179	1242
28	7	9	213	0	20
28	2	10	214	283	333
28	13	9	215	382	424
28	12	7	216	679	695
28	0	6	217	845	921
28	4	7	218	1054	1069
28	2	0	219	1073	1092
29	6	8	220	261	295
29	9	6	221	507	540
29	12	3	222	668	679
29	4	7	223	709	753
29	10	11	224	976	1035
30	6	10	225	151	173
30	9	6	226	197	271
30	14	2	227	337	386
30	11	7	228	519	593
30	12	9	229	803	872
30	5	4	230	886	970
30	7	0	231	1181	1212
31	2	1	232	150	182
31	14	10	233	548	563
31	0	8	234	659	679
31	1	2	235	679	734
31	2	7	236	900	952
32	13	2	237	145	210
32	5	0	238	316	356
32	4	0	239	356	369
32	5	3	240	482	495
32	1	2	241	497	520
32	3	11	242	748	792
32	10	3	243	907	966
33	8	10	244	0	82
33	4	11	245	216	236
33	8	9	246	236	309
33	1	2	247	644	679
33	10	3	248	759	818
33	13	10	249	857	941
33	1	6	250	1120	1136
33	9	6	251	1136	1166
33	6	8	252	1196	1237
34	14	9	253	193	230
34	10	0	254	258	293
34	6	8	255	295	380
34	8	8	256	770	813
34	7	0	257	1160	1181
35	0	6	258	14	92
35	7	5	259	94	177
35	1	9	260	316	357
35	7	3	261	372	452
35	1	2	262	464	497
35	2	6	263	540	580
35	2	2	264	580	644
35	8	9	265	1151	1237
36	3	3	266	93	144
36	2	7	267	336	409
36	12	0	268	584	653
36	13	5	269	673	756
36	7	6	270	791	824
37	2	7	271	16	47
37	9	6	272	397	465
37	12	3	273	495	580
37	2	6	274	651	664
37	11	2	275	847	915
37	4	6	276	921	998
38	12	4	277	75	135
38	6	4	278	176	191
38	11	7	279	479	519
38	8	7	280	1069	1135
38	3	11	281	1158	1215
38	3	11	282	1215	1243
39	3	5	283	11	90
39	0	2	284	210	227
39	7	5	285	248	330
39	0	4	286	453	517
39	6	8	287	1094	1130


Solution History:
