This is the output of Heuristic Solver for Dual resource constrained flexible job shop Scheduling Problem.
Input file is: wfjsp7_2.txt
Method: FaFM_30_50_600
Seed: 3
Number of Jobs: 12
Number of Operations: 100
Number of Machines: 5
Number of Operators: 5
CPU Time: 55.8961
obj: 1037
Best found lower bound:0
Solver gap (best found lower bound and upper bound difference): Not known


Final Solution:
Job	Machine	Operator	Operation	Start Time	Finish Time
0	2	0	0	222	302
0	4	1	1	475	553
0	4	1	2	553	575
0	0	4	3	898	936
0	0	4	4	936	952
1	1	0	5	0	20
1	3	3	6	92	164
1	3	0	7	208	217
1	1	0	8	386	461
1	1	0	9	461	501
1	2	2	10	597	647
1	1	0	11	648	663
1	0	4	12	710	775
1	1	0	13	939	1006
2	0	4	14	0	61
2	1	0	15	92	161
2	0	2	16	222	252
2	1	3	17	283	327
2	0	2	18	331	348
2	0	2	19	402	459
2	0	2	20	515	594
2	3	3	21	641	722
2	4	1	22	896	949
2	3	3	23	965	1037
3	1	0	24	20	92
3	3	3	25	164	183
3	3	3	26	183	196
3	1	3	27	196	283
3	0	2	28	309	331
3	1	0	29	535	615
3	3	3	30	722	811
3	1	0	31	811	828
3	0	2	32	969	1037
4	4	1	33	78	155
4	0	4	34	160	221
4	3	4	35	312	341
4	0	2	36	348	402
4	1	0	37	501	535
4	0	4	38	645	710
4	4	1	39	716	796
4	3	3	40	862	890
4	1	0	41	925	939
4	1	0	42	1006	1035
5	3	3	43	52	69
5	0	4	44	122	160
5	4	1	45	321	400
5	4	1	46	575	618
5	2	2	47	661	748
5	2	2	48	802	888
6	2	2	49	0	69
6	1	0	50	161	190
6	2	4	51	351	424
6	4	1	52	437	475
6	2	4	53	571	597
6	1	0	54	615	648
6	1	0	55	759	806
6	3	3	56	890	917
6	2	4	57	969	1033
7	0	4	58	61	122
7	3	0	59	196	208
7	2	0	60	321	351
7	3	3	61	351	404
7	3	3	62	482	560
7	3	3	63	811	862
7	2	2	64	888	966
8	3	3	65	0	52
8	3	3	66	69	92
8	3	4	67	221	312
8	1	0	68	351	364
8	3	3	69	404	482
8	0	4	70	597	611
8	2	2	71	748	802
8	0	4	72	838	898
8	3	3	73	917	965
9	2	2	74	69	137
9	2	2	75	137	222
9	0	2	76	252	309
9	0	2	77	459	515
9	3	3	78	560	641
9	2	2	79	647	661
9	4	1	80	667	716
9	4	1	81	796	842
9	4	1	82	842	896
9	0	4	83	952	969
10	4	1	84	155	233
10	2	0	85	302	321
10	1	0	86	364	386
10	4	1	87	400	437
10	0	4	88	611	645
10	1	0	89	663	759
10	0	4	90	775	838
11	4	1	91	0	78
11	4	1	92	233	308
11	4	1	93	308	321
11	1	3	94	327	351
11	2	4	95	424	508
11	2	4	96	508	571
11	4	1	97	618	667
11	1	0	98	828	925
11	4	1	99	949	1036


Solution History:
