This is the output of Heuristic Solver for Dual resource constrained flexible job shop Scheduling Problem.
Input file is: wfjsp7_2.txt
Method: FaFM_30_50_600
Seed: 4
Number of Jobs: 12
Number of Operations: 100
Number of Machines: 5
Number of Operators: 5
CPU Time: 50.6602
obj: 1044
Best found lower bound:0
Solver gap (best found lower bound and upper bound difference): Not known


Final Solution:
Job	Machine	Operator	Operation	Start Time	Finish Time
0	2	2	0	153	233
0	2	2	1	233	305
0	0	2	2	399	418
0	4	1	3	500	539
0	0	4	4	846	862
1	1	0	5	0	20
1	3	0	6	161	229
1	3	0	7	229	238
1	3	0	8	366	439
1	4	1	9	539	582
1	2	2	10	611	661
1	3	0	11	671	687
1	0	4	12	718	783
1	1	0	13	852	919
2	0	4	14	0	61
2	1	0	15	92	161
2	0	4	16	178	211
2	2	2	17	329	373
2	2	2	18	373	396
2	0	2	19	418	475
2	0	2	20	531	610
2	0	4	21	625	718
2	4	1	22	904	957
2	1	0	23	973	1044
3	1	0	24	20	92
3	0	4	25	160	178
3	3	0	26	238	250
3	3	0	27	273	366
3	1	3	28	402	427
3	1	3	29	526	606
3	3	0	30	756	852
3	1	0	31	919	936
3	0	2	32	947	1015
4	4	1	33	78	155
4	0	4	34	211	272
4	2	2	35	305	329
4	0	3	36	347	399
4	1	3	37	490	526
4	3	0	38	687	756
4	4	1	39	824	904
4	1	0	40	936	959
4	1	0	41	959	973
4	2	4	42	1011	1044
5	3	3	43	0	17
5	0	4	44	61	99
5	4	1	45	346	425
5	3	0	46	439	479
5	2	2	47	720	807
5	2	2	48	861	947
6	3	3	49	69	138
6	1	3	50	161	192
6	1	3	51	276	347
6	4	1	52	462	500
6	2	4	53	585	611
6	3	0	54	636	671
6	2	2	55	671	720
6	0	4	56	922	946
6	2	4	57	947	1011
7	0	4	58	99	160
7	0	4	59	272	284
7	1	4	60	347	377
7	1	3	61	441	490
7	4	1	62	631	720
7	4	1	63	769	824
7	3	3	64	852	932
8	3	3	65	17	69
8	3	3	66	138	161
8	1	3	67	192	276
8	1	3	68	427	441
8	3	0	69	479	553
8	0	4	70	611	625
8	2	2	71	807	861
8	0	4	72	862	922
8	3	3	73	988	1036
9	2	2	74	0	68
9	2	2	75	68	153
9	0	4	76	284	346
9	0	2	77	475	531
9	3	0	78	553	636
9	1	3	79	704	717
9	4	1	80	720	769
9	1	3	81	804	850
9	3	3	82	932	988
9	0	2	83	1015	1031
10	4	1	84	155	233
10	3	0	85	250	273
10	4	1	86	321	346
10	4	1	87	425	462
10	2	4	88	549	585
10	1	3	89	606	704
10	0	4	90	783	846
11	4	1	91	0	78
11	4	1	92	233	308
11	4	1	93	308	321
11	1	4	94	377	402
11	2	4	95	402	486
11	2	4	96	486	549
11	4	1	97	582	631
11	1	3	98	717	804
11	4	1	99	957	1044


Solution History:
