This is the output of Heuristic Solver for Dual resource constrained flexible job shop Scheduling Problem.
Input file is: wfjsp6_7.txt
Method: FaFM_30_50_600
Seed: 5
Number of Jobs: 12
Number of Operations: 79
Number of Machines: 5
Number of Operators: 5
CPU Time: 35.645
obj: 845
Best found lower bound:0
Solver gap (best found lower bound and upper bound difference): Not known


Final Solution:
Job	Machine	Operator	Operation	Start Time	Finish Time
0	1	0	0	138	223
0	1	0	1	223	235
0	1	3	2	295	336
0	4	0	3	403	498
0	0	0	4	505	528
0	1	3	5	595	636
0	1	3	6	636	668
0	2	2	7	769	808
1	3	1	8	0	10
1	0	3	9	15	54
1	2	2	10	104	184
1	4	1	11	339	403
1	0	1	12	403	482
1	4	1	13	735	797
1	0	0	14	807	845
2	3	4	15	39	57
2	3	4	16	57	143
2	2	2	17	214	280
2	0	0	18	295	349
2	3	4	19	606	679
2	3	4	20	708	788
2	2	2	21	808	839
3	2	2	22	280	291
3	3	4	23	431	509
4	1	3	24	0	15
4	1	0	25	15	69
4	4	1	26	69	81
4	0	3	27	135	214
4	1	0	28	235	294
4	3	4	29	398	431
4	2	2	30	478	561
4	4	1	31	655	735
4	1	3	32	751	834
4	3	1	33	834	843
5	0	3	34	54	135
5	4	1	35	140	219
5	3	4	36	290	316
5	1	3	37	336	361
5	3	4	38	362	398
5	2	2	39	413	478
5	4	1	40	505	586
5	0	0	41	604	698
5	0	0	42	698	785
6	4	2	43	0	42
6	4	2	44	42	69
6	4	1	45	219	255
6	4	1	46	255	339
6	0	0	47	349	403
6	2	2	48	561	619
6	2	2	49	619	682
6	3	4	50	682	708
6	3	4	51	788	828
7	1	0	52	69	138
7	2	2	53	184	214
7	0	3	54	233	249
7	0	3	55	249	295
7	1	3	56	450	524
7	0	0	57	528	567
7	0	0	58	567	604
7	0	0	59	785	807
8	3	4	60	10	39
8	2	2	61	69	104
8	3	4	62	143	210
8	2	2	63	291	356
8	1	3	64	361	450
8	3	4	65	509	565
8	4	1	66	586	655
8	2	2	67	682	769
9	2	1	68	10	66
9	1	3	69	524	595
10	0	3	70	214	233
10	2	2	71	356	413
11	4	1	72	81	140
11	3	4	73	210	290
11	3	4	74	316	362
11	0	1	75	482	505
11	3	4	76	565	606
11	1	3	77	668	751
11	4	1	78	797	831


Solution History:
