This is the output of Heuristic Solver for Dual resource constrained flexible job shop Scheduling Problem.
Input file is: wfjsp19_3.txt
Method: FaFM_30_50_600
Seed: 5
Number of Jobs: 20
Number of Operations: 209
Number of Machines: 10
Number of Operators: 8
CPU Time: 147.907
obj: 1438
Best found lower bound:0
Solver gap (best found lower bound and upper bound difference): Not known


Final Solution:
Job	Machine	Operator	Operation	Start Time	Finish Time
0	0	4	0	0	72
0	1	1	1	100	116
0	3	2	2	119	137
0	9	2	3	249	352
0	5	5	4	352	424
0	7	4	5	505	571
0	1	3	6	618	695
0	1	6	7	775	810
0	8	7	8	810	912
0	6	2	9	953	968
0	6	4	10	1104	1160
0	3	7	11	1214	1315
0	8	7	12	1315	1333
0	4	2	13	1333	1428
1	6	3	14	168	265
1	2	5	15	311	340
1	8	5	16	640	692
1	1	6	17	810	827
1	9	0	18	889	966
1	6	4	19	1046	1057
1	1	0	20	1218	1246
2	2	2	21	0	52
2	8	2	22	152	249
2	8	3	23	370	435
2	4	6	24	462	490
2	1	3	25	543	618
2	7	2	26	624	721
2	8	7	27	794	804
2	8	2	28	968	1005
2	4	3	29	1048	1156
2	5	4	30	1185	1222
2	9	2	31	1225	1254
2	0	3	32	1365	1433
3	9	6	33	0	57
3	3	5	34	169	228
3	8	3	35	435	543
3	4	7	36	574	671
3	3	1	37	676	695
3	6	2	38	721	750
3	5	1	39	917	999
3	1	3	40	1033	1048
3	5	6	41	1117	1143
3	9	2	42	1175	1225
3	6	6	43	1251	1286
3	5	3	44	1292	1340
3	2	0	45	1342	1435
4	6	3	46	0	72
4	4	3	47	72	150
4	5	3	48	150	168
4	4	7	49	385	401
4	2	7	50	445	503
4	6	6	51	529	601
4	2	0	52	634	675
4	0	0	53	675	698
4	2	5	54	724	777
4	7	4	55	795	821
4	4	3	56	864	897
4	3	5	57	951	1022
4	0	0	58	1139	1218
4	0	1	59	1238	1338
5	4	7	60	153	257
5	3	2	61	352	363
5	7	4	62	571	624
5	6	3	63	767	864
5	8	2	64	1005	1048
5	5	6	65	1088	1117
5	3	1	66	1117	1181
5	4	2	67	1254	1291
6	2	7	68	68	153
6	9	6	69	153	162
6	9	0	70	440	531
6	9	0	71	531	594
6	1	6	72	954	982
6	8	3	73	1156	1235
6	7	0	74	1246	1275
6	1	0	75	1275	1342
6	8	3	76	1353	1365
6	9	6	77	1396	1423
6	5	5	78	1425	1436
7	1	6	79	257	341
7	0	1	80	513	585
7	3	4	81	738	795
7	3	2	82	795	814
7	3	5	83	919	951
7	7	1	84	999	1013
8	9	6	85	57	143
8	1	6	86	222	257
8	7	4	87	267	300
8	1	1	88	342	364
8	3	4	89	381	416
8	0	4	90	416	470
8	2	2	91	572	624
8	4	6	92	671	695
8	2	5	93	695	724
8	5	1	94	749	786
8	1	6	95	827	897
8	2	2	96	1054	1096
8	1	7	97	1137	1214
8	2	4	98	1238	1336
9	7	0	99	83	174
9	6	0	100	273	331
9	9	0	101	402	440
9	5	4	102	640	738
9	9	0	103	781	862
9	9	0	104	966	1004
9	3	4	105	1057	1069
9	5	5	106	1227	1292
9	4	5	107	1292	1333
10	5	5	108	72	139
10	1	1	109	364	471
10	8	7	110	692	794
10	7	2	111	849	953
10	4	3	112	986	1033
10	6	4	113	1069	1104
10	9	2	114	1152	1175
10	8	3	115	1235	1287
10	7	2	116	1291	1327
10	0	3	117	1340	1353
11	5	5	118	0	72
11	0	4	119	153	223
11	0	1	120	241	259
11	7	4	121	300	357
11	9	6	122	357	402
11	1	6	123	490	518
11	5	5	124	574	640
11	1	1	125	695	749
11	1	6	126	897	954
11	6	4	127	989	1046
11	1	7	128	1054	1137
11	1	1	129	1342	1414
11	7	1	130	1414	1438
12	4	7	131	0	68
12	5	1	132	219	241
12	4	3	133	265	327
12	5	1	134	786	823
12	3	2	135	823	849
12	9	0	136	1004	1074
12	5	5	137	1369	1425
13	3	1	138	0	40
13	7	0	139	40	83
13	0	1	140	259	314
13	8	3	141	344	370
13	2	2	142	370	403
13	6	2	143	403	510
13	4	3	144	695	767
13	7	2	145	767	783
13	9	0	146	862	889
13	2	7	147	912	990
13	2	7	148	990	1054
13	9	0	149	1074	1139
13	7	1	150	1185	1237
13	9	6	151	1286	1328
13	6	4	152	1336	1365
14	3	2	153	52	119
14	7	4	154	223	267
14	2	7	155	403	445
14	7	4	156	470	505
14	4	5	157	550	574
14	9	0	158	594	634
14	2	4	159	821	859
14	3	1	160	1080	1117
14	4	5	161	1165	1227
14	9	6	162	1328	1396
15	9	6	163	162	222
15	6	0	164	331	386
15	5	5	165	480	540
15	4	3	166	897	986
15	5	5	167	1340	1369
16	1	1	168	116	219
16	0	4	169	357	381
16	4	6	170	402	462
16	0	1	171	471	513
16	1	6	172	518	529
16	3	1	173	585	676
16	9	0	174	698	781
16	5	1	175	1013	1080
16	6	4	176	1365	1433
17	0	4	177	72	153
17	2	0	178	174	273
17	8	7	179	273	344
17	4	2	180	510	550
17	3	2	181	550	572
17	6	6	182	601	659
17	0	6	183	698	775
17	6	4	184	864	935
17	0	6	185	989	1088
17	8	2	186	1096	1152
17	7	4	187	1160	1185
17	0	4	188	1222	1238
17	3	7	189	1333	1437
18	3	5	190	139	169
18	0	1	191	314	342
18	4	7	192	344	385
18	5	1	193	823	917
18	2	5	194	1098	1165
19	1	0	195	0	40
19	1	1	196	40	100
19	9	2	197	143	152
19	5	5	198	241	311
19	6	0	199	386	398
19	5	5	200	424	480
19	2	7	201	503	561
19	2	7	202	561	572
19	4	5	203	777	849
19	3	5	204	849	919
19	0	4	205	935	989
19	7	5	206	1022	1098
19	6	6	207	1160	1170
19	6	6	208	1170	1251


Solution History:
