This is the output of Heuristic Solver for Dual resource constrained flexible job shop Scheduling Problem.
Input file is: wfjsp7_10.txt
Method: FaFM_30_50_600
Seed: 4
Number of Jobs: 12
Number of Operations: 86
Number of Machines: 5
Number of Operators: 5
CPU Time: 27.85
obj: 941
Best found lower bound:0
Solver gap (best found lower bound and upper bound difference): Not known


Final Solution:
Job	Machine	Operator	Operation	Start Time	Finish Time
0	0	0	0	82	162
0	0	2	1	238	320
0	2	4	2	374	441
0	3	0	3	521	613
0	4	3	4	663	729
0	0	4	5	814	847
0	0	4	6	847	882
0	1	0	7	889	940
1	3	3	8	80	168
1	0	2	9	168	196
1	0	2	10	196	238
1	4	4	11	299	335
1	0	2	12	413	502
1	2	4	13	502	589
1	4	3	14	593	663
1	2	2	15	845	927
2	0	0	16	0	82
2	4	4	17	82	97
2	4	4	18	216	225
2	1	1	19	293	340
2	0	2	20	342	413
2	4	3	21	453	538
2	3	0	22	681	732
2	3	0	23	816	889
3	1	1	24	73	116
3	3	0	25	220	243
3	3	0	26	333	381
3	2	4	27	477	496
3	4	3	28	729	819
4	1	1	29	0	32
4	2	3	30	168	245
4	1	1	31	409	496
4	2	4	32	589	657
4	3	0	33	732	768
4	0	4	34	882	941
5	2	2	35	0	78
5	2	2	36	78	92
5	2	3	37	245	269
5	0	2	38	320	342
5	4	3	39	358	415
5	2	4	40	441	477
5	0	2	41	608	698
5	0	4	42	700	770
6	1	1	43	205	293
6	2	4	44	358	374
6	3	0	45	497	512
6	0	2	46	537	608
6	3	0	47	768	816
6	2	2	48	831	845
7	1	1	49	116	205
7	1	1	50	496	578
7	2	4	51	657	686
7	4	3	52	819	893
7	3	3	53	893	902
8	4	3	54	0	80
8	4	4	55	97	180
8	4	4	56	278	299
8	1	1	57	340	409
8	4	3	58	415	453
8	3	0	59	512	521
8	1	1	60	605	696
8	2	2	61	700	749
8	2	2	62	749	831
9	2	2	63	92	164
9	3	0	64	243	333
9	3	0	65	381	460
9	4	3	66	538	593
9	1	1	67	696	753
9	0	4	68	770	788
9	0	4	69	788	814
9	1	1	70	842	864
9	1	1	71	864	888
10	3	0	72	168	220
10	4	4	73	225	278
10	4	4	74	335	358
10	3	0	75	613	681
10	4	1	76	893	941
11	3	1	77	32	73
11	4	4	78	180	216
11	2	3	79	269	357
11	3	0	80	460	497
11	0	2	81	502	537
11	1	1	82	578	605
11	2	4	83	686	700
11	1	1	84	753	842
11	3	3	85	902	940


Solution History:
