This is the output of Heuristic Solver for Dual resource constrained flexible job shop Scheduling Problem.
Input file is: wfjsp12_5.txt
Method: FaFM_30_50_600
Seed: 2
Number of Jobs: 25
Number of Operations: 174
Number of Machines: 10
Number of Operators: 10
CPU Time: 117.246
obj: 867
Best found lower bound:0
Solver gap (best found lower bound and upper bound difference): Not known


Final Solution:
Job	Machine	Operator	Operation	Start Time	Finish Time
0	3	2	0	0	14
0	3	1	1	14	52
0	0	2	2	252	339
0	5	6	3	412	478
0	7	0	4	515	585
0	3	8	5	734	770
0	4	5	6	800	866
1	1	3	7	21	60
1	4	1	8	280	324
1	2	1	9	385	419
1	4	7	10	451	484
1	1	1	11	797	866
2	2	6	12	36	59
2	1	4	13	60	74
2	1	5	14	159	228
2	6	9	15	459	527
2	8	3	16	645	654
3	2	6	17	212	257
3	8	3	18	282	347
3	2	1	19	419	458
3	9	7	20	610	641
3	6	9	21	762	807
4	5	4	22	0	28
4	5	7	23	170	202
4	7	0	24	326	430
4	4	5	25	638	681
4	4	5	26	758	800
5	8	3	27	0	21
5	6	4	28	52	60
5	5	7	29	122	170
5	2	1	30	458	544
5	9	0	31	646	713
6	4	1	32	52	119
6	9	5	33	366	457
6	6	9	34	527	607
6	2	1	35	630	668
6	0	2	36	685	699
6	6	9	37	807	856
7	9	8	38	67	150
7	7	0	39	258	326
7	0	2	40	464	530
7	1	3	41	590	618
7	4	5	42	681	749
8	6	2	43	16	52
8	6	3	44	60	77
8	1	4	45	77	146
8	4	1	46	187	280
8	5	4	47	287	375
8	1	3	48	435	479
8	0	2	49	530	614
8	6	9	50	614	692
8	4	5	51	749	758
8	0	0	52	789	823
9	2	6	53	59	138
9	8	4	54	159	190
9	5	4	55	202	287
9	8	5	56	347	365
9	7	0	57	430	471
9	2	1	58	544	630
9	1	3	59	630	642
9	8	3	60	718	742
9	9	8	61	789	861
10	6	7	62	0	16
10	9	8	63	21	67
10	6	3	64	166	198
10	8	8	65	366	450
10	3	4	66	450	536
10	8	4	67	605	645
10	1	4	68	681	722
10	8	3	69	781	796
11	8	5	70	21	113
11	0	2	71	122	207
11	0	2	72	207	252
11	4	6	73	324	363
11	4	7	74	414	428
11	9	5	75	457	546
11	1	3	76	560	590
11	7	0	77	603	646
11	5	6	78	718	785
11	3	2	79	785	867
12	4	9	80	22	47
12	2	6	81	138	212
12	4	6	82	363	412
12	0	2	83	422	432
12	6	9	84	433	459
12	1	3	85	618	627
12	9	0	86	713	724
12	7	7	87	782	865
13	6	3	88	77	166
13	9	8	89	249	297
13	1	5	90	312	344
13	1	3	91	347	435
13	7	0	92	471	515
13	5	6	93	555	563
13	5	6	94	563	609
13	3	8	95	647	734
13	7	7	96	737	782
13	8	4	97	797	845
14	9	5	98	0	21
14	7	0	99	37	76
14	3	9	100	133	206
14	9	8	101	237	249
14	3	9	102	300	374
14	3	4	103	536	605
14	0	2	104	614	685
14	0	0	105	823	866
15	7	0	106	76	172
15	3	9	107	206	288
15	0	2	108	432	464
15	4	7	109	484	578
15	3	8	110	605	647
15	5	6	111	687	718
15	8	3	112	742	781
16	2	0	113	0	8
16	7	0	114	172	258
16	5	9	115	375	409
16	4	7	116	428	451
16	5	6	117	478	492
16	5	6	118	492	555
16	2	1	119	760	793
16	2	3	120	814	851
17	0	6	121	0	31
17	5	4	122	31	51
17	1	5	123	228	312
17	2	1	124	324	339
17	5	6	125	609	642
17	1	4	126	645	668
17	9	0	127	724	789
18	9	8	128	150	237
18	3	9	129	288	300
18	6	9	130	414	433
18	4	5	131	610	638
18	0	2	132	699	764
19	4	9	133	13	22
19	5	2	134	52	119
19	1	4	135	146	159
19	2	6	136	257	269
19	2	1	137	339	385
19	9	5	138	571	610
19	7	7	139	646	737
19	6	9	140	744	762
19	0	2	141	764	773
19	2	3	142	796	814
20	0	7	143	37	122
20	6	7	144	277	346
20	8	8	145	450	519
20	7	0	146	585	603
20	2	1	147	668	693
20	1	4	148	722	797
21	8	3	149	198	282
21	0	2	150	339	422
21	9	5	151	546	571
21	4	7	152	578	610
21	8	3	153	654	718
22	2	0	154	8	36
22	4	1	155	119	187
22	2	6	156	269	315
22	8	8	157	519	602
22	1	4	158	668	681
23	4	1	159	0	13
23	3	9	160	52	133
23	6	7	161	202	277
23	9	8	162	297	366
23	3	4	163	375	440
23	5	6	164	642	671
23	5	6	165	671	687
23	6	9	166	692	744
23	5	6	167	785	867
24	1	8	168	0	19
24	7	7	169	19	37
24	8	5	170	113	158
24	6	7	171	346	414
24	1	3	172	479	560
24	2	1	173	693	760


Solution History:
