This is the output of Heuristic Solver for Dual resource constrained flexible job shop Scheduling Problem.
Input file is: wfjsp15_5.txt
Method: FaFM_30_50_600
Seed: 2
Number of Jobs: 30
Number of Operations: 360
Number of Machines: 15
Number of Operators: 15
CPU Time: 512.844
obj: 1214
Best found lower bound:0
Solver gap (best found lower bound and upper bound difference): Not known


Final Solution:
Job	Machine	Operator	Operation	Start Time	Finish Time
0	5	1	0	81	97
0	8	9	1	139	183
0	2	10	2	237	316
0	12	2	3	339	405
0	8	13	4	453	523
0	9	0	5	572	613
0	10	4	6	649	717
0	13	11	7	725	767
0	14	8	8	824	873
0	8	8	9	873	912
0	12	1	10	1050	1080
0	5	8	11	1131	1202
1	3	8	12	67	88
1	2	2	13	155	169
1	4	5	14	180	245
1	14	13	15	299	359
1	4	5	16	382	392
1	14	6	17	518	573
1	11	0	18	836	904
1	8	0	19	912	955
1	13	5	20	1097	1131
1	0	12	21	1171	1211
2	12	11	22	61	90
2	12	11	23	172	207
2	13	0	24	212	320
2	4	5	25	471	514
2	7	14	26	538	579
2	14	6	27	706	727
2	12	1	28	780	788
2	0	6	29	826	871
2	0	12	30	929	1010
2	2	13	31	1145	1206
3	6	4	32	64	138
3	0	9	33	200	286
3	1	1	34	414	497
3	10	7	35	497	539
3	13	4	36	570	584
3	9	0	37	613	657
3	12	1	38	657	738
3	3	7	39	785	856
3	14	13	40	959	1017
3	8	9	41	1123	1154
4	6	14	42	0	64
4	7	7	43	167	202
4	0	9	44	286	304
4	13	0	45	359	429
4	6	12	46	429	506
4	6	8	47	598	685
4	12	1	48	738	780
4	13	14	49	913	994
4	6	3	50	1084	1162
4	8	9	51	1162	1172
5	2	2	52	16	50
5	5	1	53	158	245
5	2	10	54	394	433
5	0	9	55	455	547
5	9	0	56	552	572
5	2	10	57	581	618
5	2	9	58	664	750
5	3	8	59	919	931
5	5	11	60	977	1003
5	2	13	61	1081	1145
6	9	6	62	77	94
6	4	6	63	94	136
6	7	7	64	136	167
6	8	4	65	187	276
6	7	11	66	388	461
6	14	6	67	474	518
6	1	0	68	659	698
6	3	7	69	698	714
6	14	8	70	727	824
6	5	12	71	852	929
6	12	2	72	929	972
7	10	3	73	58	99
7	5	1	74	99	113
7	14	10	75	123	227
7	9	6	76	378	407
7	0	9	77	547	595
7	4	5	78	675	740
7	9	13	79	871	959
7	9	6	80	959	984
7	0	13	81	1017	1081
7	6	3	82	1162	1211
8	9	13	83	19	31
8	7	8	84	31	56
8	7	8	85	56	67
8	7	14	86	67	77
8	3	6	87	183	277
8	8	4	88	303	389
8	11	7	89	445	492
8	3	8	90	498	526
8	14	6	91	573	657
8	10	4	92	717	763
8	13	11	93	767	776
8	11	3	94	784	836
8	14	6	95	873	953
8	3	8	96	1005	1046
8	7	8	97	1083	1131
9	0	5	98	0	23
9	9	13	99	31	77
9	2	2	100	84	155
9	9	14	101	167	179
9	7	7	102	234	300
9	3	7	103	376	443
9	13	4	104	500	570
9	2	10	105	618	664
9	11	3	106	687	775
9	4	5	107	812	894
9	10	4	108	894	929
9	8	9	109	1038	1123
9	10	11	110	1123	1163
9	12	2	111	1165	1197
10	4	0	112	0	37
10	3	8	113	88	96
10	11	13	114	226	299
10	0	9	115	304	335
10	0	9	116	430	455
10	13	4	117	485	500
10	10	4	118	586	649
10	14	6	119	657	689
10	9	13	120	734	776
10	5	14	121	1003	1035
10	10	2	122	1063	1081
10	11	6	123	1121	1192
10	12	1	124	1197	1212
11	13	4	125	23	55
11	7	5	126	103	124
11	1	12	127	219	278
11	0	9	128	335	430
11	9	0	129	476	484
11	2	10	130	522	543
11	7	14	131	579	611
11	0	12	132	613	677
11	0	12	133	677	689
11	5	2	134	693	759
11	9	13	135	776	792
11	0	6	136	816	826
11	7	5	137	894	938
11	7	5	138	938	977
11	12	2	139	1081	1165
12	10	3	140	0	18
12	11	6	141	18	26
12	5	1	142	61	81
12	9	14	143	214	293
12	3	6	144	306	374
12	4	5	145	392	459
12	6	12	146	506	527
12	12	1	147	621	646
12	12	1	148	804	871
12	1	3	149	871	954
12	8	9	150	964	1038
12	2	7	151	1043	1068
12	4	10	152	1074	1112
13	3	7	153	0	67
13	7	5	154	77	103
13	9	14	155	103	167
13	14	8	156	245	292
13	2	10	157	316	394
13	6	1	158	400	414
13	4	5	159	459	471
13	11	12	160	532	613
13	7	14	161	613	690
13	7	14	162	690	753
13	0	6	163	753	816
13	3	7	164	856	886
13	6	1	165	913	930
13	10	4	166	930	976
13	13	2	167	994	1063
14	2	2	168	0	16
14	0	5	169	23	41
14	2	2	170	50	84
14	2	2	171	169	237
14	10	11	172	237	313
14	12	2	173	405	470
14	8	13	174	523	592
14	8	13	175	604	661
14	6	12	176	766	852
14	6	14	177	856	913
14	12	2	178	972	991
14	9	4	179	1038	1058
14	14	7	180	1074	1141
15	10	3	181	18	58
15	0	9	182	80	99
15	0	9	183	99	134
15	10	12	184	174	219
15	7	11	185	313	388
15	5	14	186	458	538
15	4	5	187	740	812
15	8	9	188	820	869
15	3	8	189	959	1005
15	3	6	190	1053	1121
15	4	0	191	1121	1149
15	4	0	192	1157	1211
16	13	4	193	0	23
16	14	10	194	23	40
16	0	5	195	41	75
16	10	3	196	99	109
16	4	5	197	136	180
16	9	14	198	324	378
16	10	3	199	417	487
16	6	3	200	532	598
16	5	3	201	598	616
16	11	3	202	616	687
16	10	4	203	763	811
16	5	11	204	929	977
16	5	14	205	1035	1130
17	1	3	206	118	216
17	6	3	207	255	296
17	12	2	208	296	339
17	2	10	209	433	450
17	2	10	210	485	522
17	10	7	211	539	548
17	0	8	212	689	727
17	1	3	213	856	869
17	3	7	214	886	919
17	11	7	215	919	1007
17	4	0	216	1032	1044
17	8	11	217	1172	1214
18	11	6	218	157	183
18	14	8	219	227	245
18	6	8	220	296	386
18	14	10	221	459	470
18	3	8	222	526	550
18	8	13	223	592	604
18	11	3	224	775	784
18	12	11	225	911	926
18	11	6	226	1007	1053
18	9	4	227	1122	1205
19	1	12	228	56	118
19	10	12	229	118	143
19	11	6	230	143	157
19	6	8	231	187	205
19	11	13	232	205	226
19	14	13	233	359	391
19	9	6	234	407	474
19	1	1	235	497	568
19	5	2	236	621	693
19	2	10	237	750	835
19	1	3	238	836	856
19	7	9	239	869	892
19	9	4	240	984	1038
19	11	0	241	1053	1121
19	3	10	242	1121	1186
20	3	8	243	96	181
20	12	2	244	237	285
20	10	3	245	313	332
20	10	8	246	550	586
20	14	6	247	689	706
20	3	7	248	714	785
20	2	10	249	835	853
20	0	2	250	871	905
20	7	5	251	977	1065
20	13	14	252	1131	1142
20	4	0	253	1149	1157
21	11	6	254	0	15
21	12	11	255	90	115
21	5	1	256	115	158
21	7	7	257	202	234
21	8	4	258	276	303
21	3	8	259	459	498
21	12	2	260	538	621
21	13	11	261	776	830
21	13	11	262	830	910
21	6	12	263	1010	1084
22	12	1	264	18	61
22	13	0	265	62	160
22	9	14	266	293	324
22	1	12	267	324	410
22	4	5	268	592	675
22	0	6	269	727	751
22	9	13	270	792	871
22	4	9	271	894	964
22	4	0	272	964	1032
22	0	12	273	1084	1171
23	5	1	274	0	18
23	5	11	275	18	39
23	14	10	276	40	123
23	6	4	277	138	187
23	11	7	278	300	376
23	8	4	279	389	453
23	2	4	280	453	485
23	11	3	281	492	532
23	5	11	282	538	583
23	9	13	283	661	734
23	7	14	284	753	834
23	6	1	285	940	1009
23	12	1	286	1009	1050
23	13	14	287	1142	1204
24	12	11	288	0	17
24	5	11	289	39	57
24	14	8	290	391	459
24	12	2	291	470	538
24	1	1	292	568	609
24	13	11	293	636	725
24	12	1	294	788	804
24	7	14	295	834	856
24	2	10	296	926	1003
24	14	10	297	1017	1025
24	7	8	298	1065	1083
25	14	10	299	0	18
25	11	6	300	26	72
25	11	7	301	80	126
25	4	5	302	310	382
25	11	13	303	391	445
25	2	10	304	543	581
25	5	2	305	759	849
25	0	2	306	905	921
25	6	1	307	930	940
25	9	4	308	1058	1122
25	14	7	309	1141	1184
26	7	8	310	0	25
26	4	0	311	37	62
26	8	13	312	80	139
26	13	0	313	160	212
26	6	3	314	216	255
26	5	1	315	276	344
26	5	1	316	344	372
26	13	0	317	429	476
26	4	5	318	514	592
26	13	11	319	592	636
26	1	0	320	698	792
26	2	10	321	853	926
26	1	3	322	954	983
26	1	11	323	1003	1083
27	8	9	324	0	80
27	0	13	325	139	200
27	12	11	326	207	230
27	4	5	327	245	310
27	6	1	328	386	400
27	7	11	329	461	537
27	3	7	330	584	667
27	8	10	331	667	748
27	1	0	332	792	829
27	12	1	333	871	911
27	10	3	334	983	1062
27	7	5	335	1131	1212
28	10	12	336	143	174
28	9	14	337	179	214
28	5	1	338	245	276
28	3	6	339	277	306
28	13	0	340	320	359
28	5	14	341	378	458
28	8	9	342	750	820
28	2	7	343	1007	1043
28	13	5	344	1065	1097
28	1	1	345	1169	1181
29	9	12	346	0	19
29	1	12	347	19	56
29	4	7	348	67	80
29	12	11	349	115	172
29	1	12	350	278	323
29	10	3	351	332	417
29	9	0	352	484	552
29	3	7	353	552	584
29	1	9	354	609	659
29	6	12	355	689	766
29	10	4	356	811	880
29	3	8	357	931	959
29	14	10	358	1025	1074
29	1	1	359	1083	1169


Solution History:
