This is the output of Heuristic Solver for Dual resource constrained flexible job shop Scheduling Problem.
Input file is: wfjsp10_4.txt
Method: FaFM_30_50_600
Seed: 3
Number of Jobs: 20
Number of Operations: 163
Number of Machines: 10
Number of Operators: 10
CPU Time: 107.697
obj: 865
Best found lower bound:0
Solver gap (best found lower bound and upper bound difference): Not known


Final Solution:
Job	Machine	Operator	Operation	Start Time	Finish Time
0	2	2	0	34	109
0	9	0	1	190	251
0	9	0	2	251	325
0	9	0	3	325	389
0	8	8	4	391	484
0	9	5	5	484	515
0	2	9	6	585	634
0	0	7	7	679	693
0	9	5	8	709	756
1	0	8	9	0	22
1	6	3	10	40	55
1	9	0	11	73	116
1	5	1	12	117	185
1	8	9	13	205	226
1	1	6	14	409	483
1	8	3	15	651	746
1	6	3	16	752	813
1	6	3	17	813	864
2	0	8	18	22	57
2	3	1	19	57	72
2	7	3	20	82	131
2	4	4	21	255	344
2	2	9	22	488	499
2	7	4	23	539	602
2	3	7	24	777	855
3	0	2	25	233	243
3	5	5	26	282	369
3	7	3	27	383	458
3	0	7	28	473	567
3	3	1	29	578	629
3	2	4	30	712	806
4	5	4	31	45	111
4	4	4	32	179	255
4	6	7	33	369	416
4	5	2	34	504	521
4	9	5	35	521	586
4	5	2	36	612	642
4	0	9	37	805	828
5	4	4	38	117	179
5	7	3	39	290	336
5	0	2	40	356	419
5	2	9	41	453	488
5	6	6	42	491	543
5	8	0	43	752	835
6	9	0	44	116	190
6	3	5	45	200	263
6	0	2	46	326	356
6	7	3	47	458	486
6	0	7	48	616	679
6	7	4	49	679	712
6	1	8	50	712	762
6	0	9	51	777	805
7	1	6	52	0	92
7	3	5	53	156	200
7	0	2	54	243	256
7	6	7	55	288	319
7	4	4	56	357	440
7	5	2	57	492	504
7	2	9	58	504	585
7	5	1	59	642	686
7	5	1	60	686	747
8	4	1	61	73	117
8	0	8	62	149	182
8	4	4	63	344	357
8	2	9	64	398	425
8	6	4	65	440	491
8	5	2	66	521	578
8	3	9	67	728	777
8	2	4	68	806	841
9	7	7	69	28	82
9	8	8	70	82	149
9	6	7	71	250	288
9	5	5	72	369	416
9	4	0	73	447	525
9	8	3	74	559	602
9	3	1	75	629	639
9	2	2	76	642	712
9	1	8	77	815	863
10	6	3	78	55	81
10	3	5	79	82	156
10	7	3	80	156	219
10	2	9	81	240	300
10	0	7	82	419	473
10	8	3	83	486	518
10	6	6	84	543	641
10	3	9	85	641	663
10	6	0	86	721	752
11	6	3	87	0	40
11	5	1	88	199	265
11	3	1	89	265	308
11	8	8	90	370	391
11	2	9	91	425	453
11	3	1	92	510	578
11	1	8	93	762	815
11	5	1	94	815	861
12	3	1	95	0	49
12	1	6	96	156	223
12	2	9	97	300	366
12	1	6	98	370	409
12	9	0	99	433	447
12	7	4	100	491	539
12	7	4	101	602	630
12	6	6	102	692	721
12	5	1	103	747	797
12	4	6	104	826	845
13	4	0	105	0	73
13	6	7	106	131	203
13	6	7	107	203	250
13	0	2	108	256	303
13	1	6	109	303	370
13	3	1	110	442	510
13	0	7	111	567	616
13	9	5	112	635	709
13	7	2	113	712	783
13	3	7	114	855	865
14	8	5	115	0	82
14	0	8	116	182	231
14	8	8	117	293	370
14	4	0	118	525	553
14	9	5	119	586	635
14	4	6	120	721	750
14	8	0	121	835	865
15	2	2	122	0	34
15	1	6	123	92	156
15	8	9	124	156	205
15	5	2	125	419	492
15	1	8	126	492	574
15	8	3	127	602	651
15	1	8	128	651	684
15	0	7	129	693	768
15	7	2	130	783	859
16	5	4	131	0	45
16	2	2	132	182	233
16	5	5	133	265	282
16	6	7	134	319	369
16	9	0	135	389	433
16	5	2	136	578	612
16	6	6	137	641	692
17	6	7	138	82	131
17	5	1	139	185	199
17	7	3	140	219	247
17	8	8	141	247	293
17	3	1	142	308	411
17	8	3	143	518	559
17	1	8	144	574	644
17	4	0	145	647	720
18	7	7	146	0	28
18	2	2	147	109	182
18	8	9	148	226	240
18	7	3	149	247	290
18	7	3	150	336	383
18	3	1	151	411	442
18	4	0	152	618	647
18	3	9	153	663	728
18	9	5	154	756	851
19	0	9	155	57	149
19	1	6	156	223	295
19	0	2	157	303	326
19	2	9	158	366	398
19	9	5	159	447	482
19	4	0	160	553	618
19	7	4	161	630	679
19	4	6	162	750	826


Solution History:
