This is the output of Heuristic Solver for Dual resource constrained flexible job shop Scheduling Problem.
Input file is: wfjsp20_5.txt
Method: FaFM_30_50_600
Seed: 4
Number of Jobs: 25
Number of Operations: 174
Number of Machines: 10
Number of Operators: 8
CPU Time: 80.2849
obj: 1066
Best found lower bound:0
Solver gap (best found lower bound and upper bound difference): Not known


Final Solution:
Job	Machine	Operator	Operation	Start Time	Finish Time
0	6	2	0	0	16
0	3	2	1	16	56
0	0	4	2	174	265
0	7	3	3	483	551
0	5	2	4	713	780
0	3	3	5	846	884
0	4	5	6	930	997
1	1	0	7	319	356
1	4	3	8	376	422
1	2	4	9	815	853
1	5	1	10	853	882
1	1	3	11	975	1044
2	5	0	12	52	75
2	2	0	13	234	248
2	7	5	14	414	482
2	3	7	15	552	620
2	2	4	16	853	865
3	7	2	17	141	187
3	6	6	18	506	575
3	7	5	19	653	698
3	4	5	20	698	728
3	0	7	21	804	847
4	5	0	22	75	105
4	9	3	23	453	483
4	5	1	24	553	636
4	4	7	25	755	802
4	8	0	26	894	931
5	8	1	27	0	21
5	0	1	28	21	30
5	7	4	29	76	124
5	2	2	30	498	584
5	9	4	31	633	704
6	4	5	32	84	151
6	7	5	33	566	653
6	8	3	34	663	749
6	0	1	35	753	788
6	0	3	36	788	804
6	2	2	37	866	917
7	7	4	38	0	76
7	1	0	39	356	425
7	0	4	40	521	587
7	2	4	41	782	815
7	6	6	42	954	1026
8	5	0	43	0	34
8	6	0	44	34	52
8	5	5	45	229	298
8	7	5	46	298	380
8	0	2	47	412	498
8	2	3	48	618	663
8	1	6	49	695	776
8	6	2	50	788	866
8	4	5	51	920	930
8	7	2	52	1018	1057
9	6	2	53	56	141
9	8	0	54	287	319
9	5	6	55	421	506
9	9	7	56	530	548
9	1	0	57	622	658
9	2	7	58	669	755
9	5	0	59	808	823
9	4	5	60	894	920
9	9	0	61	931	1001
10	1	3	62	0	16
10	8	1	63	30	70
10	9	6	64	115	147
10	8	1	65	378	462
10	6	4	66	704	782
10	9	7	67	847	895
10	2	2	68	917	960
10	2	3	69	1044	1060
11	2	5	70	0	84
11	1	1	71	156	238
11	0	4	72	265	314
11	0	4	73	327	363
11	4	3	74	363	376
11	8	5	75	482	566
11	1	6	76	575	612
11	0	0	77	658	706
11	4	0	78	823	891
11	3	7	79	895	977
12	4	7	80	0	25
12	2	7	81	119	193
12	6	7	82	434	487
12	8	4	83	623	633
12	4	5	84	728	753
12	8	2	85	780	788
12	9	3	86	837	846
12	3	7	87	977	1060
13	9	6	88	21	107
13	5	0	89	172	224
13	7	3	90	246	274
13	3	1	91	462	552
13	4	7	92	620	669
13	2	5	93	755	765
13	1	6	94	776	825
13	5	4	95	884	970
13	7	1	96	970	1009
13	8	1	97	1009	1063
14	9	6	98	0	21
14	4	3	99	42	81
14	8	3	100	81	150
14	9	4	101	314	327
14	3	7	102	360	434
14	9	0	103	553	622
14	9	0	104	737	808
14	0	1	105	924	969
15	6	6	106	195	278
15	2	7	107	278	360
15	8	4	108	587	623
15	3	1	109	636	721
15	3	3	110	749	788
15	3	3	111	804	837
15	6	6	112	912	954
16	9	6	113	107	115
16	8	5	114	151	229
16	9	3	115	274	303
16	4	3	116	303	326
16	5	0	117	538	553
16	5	2	118	650	713
16	7	1	119	882	915
16	2	2	120	985	1018
17	0	4	121	124	155
17	3	4	122	155	174
17	3	2	123	274	352
17	8	2	124	352	366
17	5	5	125	380	414
17	6	6	126	891	912
17	9	0	127	1001	1066
18	9	2	128	187	270
18	5	1	129	302	310
18	3	1	130	721	737
18	8	5	131	856	894
18	4	5	132	997	1064
19	4	7	133	25	34
19	5	0	134	105	172
19	6	6	135	179	195
19	2	0	136	224	234
19	2	2	137	366	412
19	9	7	138	487	530
19	7	5	139	765	856
19	6	6	140	873	891
19	0	1	141	915	924
19	5	4	142	970	989
20	0	7	143	34	119
20	1	1	144	238	302
20	4	0	145	473	538
20	0	4	146	865	884
20	2	2	147	960	985
20	5	4	148	989	1058
21	1	1	149	70	156
21	4	3	150	156	229
21	9	3	151	327	352
21	4	3	152	422	453
21	8	1	153	788	852
22	1	3	154	16	42
22	5	1	155	310	378
22	2	0	156	425	473
22	6	6	157	612	695
22	1	3	158	962	975
23	9	6	159	164	179
23	3	7	160	193	274
23	6	6	161	278	353
23	9	4	162	363	434
23	0	2	163	587	650
23	9	0	164	706	737
23	7	1	165	737	753
23	1	6	166	825	873
23	1	3	167	884	962
24	6	6	168	147	164
24	7	3	169	229	246
24	8	0	170	248	287
24	6	6	171	353	421
24	1	4	172	434	521
24	4	3	173	551	618


Solution History:
