This is the output of Heuristic Solver for Dual resource constrained flexible job shop Scheduling Problem.
Input file is: wfjsp17_10.txt
Method: FaFM_30_50_600
Seed: 2
Number of Jobs: 15
Number of Operations: 127
Number of Machines: 5
Number of Operators: 4
CPU Time: 71.596
obj: 1778
Best found lower bound:0
Solver gap (best found lower bound and upper bound difference): Not known


Final Solution:
Job	Machine	Operator	Operation	Start Time	Finish Time
0	4	2	0	0	86
0	3	0	1	478	568
0	3	3	2	661	732
0	3	2	3	754	840
0	3	0	4	931	984
0	0	1	5	1172	1203
0	0	1	6	1469	1502
0	1	0	7	1726	1777
1	0	3	8	150	243
1	4	1	9	331	359
1	1	0	10	390	426
1	4	3	11	426	462
1	0	3	12	759	848
1	2	3	13	933	1020
1	1	0	14	1028	1094
1	2	3	15	1168	1255
2	0	2	16	284	366
2	3	2	17	366	379
2	4	1	18	406	415
2	1	1	19	466	513
2	1	0	20	730	801
2	4	3	21	848	933
2	2	3	22	1116	1168
2	4	2	23	1603	1677
3	2	1	24	0	43
3	1	2	25	176	199
3	4	1	26	359	406
3	2	3	27	466	485
3	4	2	28	502	592
3	4	2	29	1013	1045
3	2	2	30	1487	1564
3	3	3	31	1685	1766
4	2	1	32	52	116
4	3	3	33	382	420
4	0	2	34	881	940
4	0	1	35	1020	1097
4	0	2	36	1205	1219
4	0	1	37	1264	1288
4	3	0	38	1474	1496
4	0	1	39	1569	1619
4	2	3	40	1649	1685
5	2	1	41	148	238
5	0	1	42	667	733
5	2	1	43	733	821
5	4	1	44	821	837
5	1	1	45	919	933
5	0	1	46	1502	1569
5	3	0	47	1578	1626
5	2	1	48	1699	1713
6	0	3	49	0	95
6	0	2	50	415	502
6	3	0	51	568	597
6	0	2	52	940	1013
6	2	3	53	1020	1029
6	4	2	54	1045	1125
6	4	2	55	1125	1205
6	0	3	56	1294	1315
6	1	0	57	1408	1473
7	1	0	58	0	36
7	1	1	59	43	52
7	1	0	60	297	390
7	3	0	61	597	644
7	2	1	62	837	919
7	2	1	63	1288	1360
7	3	2	64	1386	1474
7	0	1	65	1619	1699
8	4	3	66	95	150
8	2	1	67	415	466
8	1	1	68	551	568
8	0	3	69	733	759
8	1	0	70	1094	1116
8	1	2	71	1564	1588
8	3	0	72	1626	1678
8	1	0	73	1678	1726
8	2	2	74	1751	1774
9	3	0	75	115	183
9	2	3	76	331	382
9	3	2	77	840	881
9	3	0	78	893	931
9	1	0	79	1116	1198
9	3	0	80	1198	1235
9	4	3	81	1255	1294
9	2	1	82	1360	1387
9	1	2	83	1474	1487
10	1	0	84	202	297
10	0	2	85	379	415
10	0	1	86	513	551
10	4	2	87	592	665
10	0	1	88	1097	1172
10	3	0	89	1235	1251
10	4	2	90	1300	1386
10	0	1	91	1713	1778
11	0	1	92	116	148
11	3	0	93	183	202
11	2	1	94	238	331
11	3	0	95	426	478
11	2	3	96	485	567
11	2	3	97	1029	1116
11	3	0	98	1251	1317
11	0	3	99	1317	1409
11	3	0	100	1496	1578
12	3	0	101	36	115
12	2	3	102	567	661
12	4	2	103	665	754
12	3	0	104	984	1028
12	0	1	105	1232	1264
12	2	3	106	1434	1485
12	4	3	107	1485	1566
12	4	2	108	1588	1603
13	1	2	109	86	176
13	4	2	110	199	212
13	4	2	111	212	284
13	0	1	112	568	635
13	1	0	113	644	691
13	1	0	114	801	893
13	1	2	115	1219	1300
13	4	1	116	1387	1469
13	2	3	117	1566	1649
13	4	2	118	1677	1751
14	3	3	119	243	331
14	0	1	120	635	667
14	1	0	121	691	730
14	1	1	122	933	1020
14	4	1	123	1205	1232
14	1	0	124	1317	1390
14	1	0	125	1390	1408
14	2	3	126	1409	1434


Solution History:
