This is the output of Heuristic Solver for Dual resource constrained flexible job shop Scheduling Problem.
Input file is: wfjsp11_8.txt
Method: FaFM_30_50_600
Seed: 4
Number of Jobs: 20
Number of Operations: 197
Number of Machines: 10
Number of Operators: 10
CPU Time: 288.876
obj: 1043
Best found lower bound:0
Solver gap (best found lower bound and upper bound difference): Not known


Final Solution:
Job	Machine	Operator	Operation	Start Time	Finish Time
0	6	0	0	0	24
0	1	3	1	208	275
0	0	5	2	276	305
0	1	3	3	305	364
0	3	1	4	479	551
0	2	3	5	669	731
0	9	0	6	831	887
0	5	1	7	977	987
1	9	6	8	28	78
1	3	1	9	286	341
1	6	7	10	355	385
1	4	5	11	424	512
1	5	4	12	571	579
1	0	1	13	641	730
1	1	3	14	882	900
2	3	5	15	15	69
2	0	5	16	130	200
2	7	4	17	201	229
2	7	9	18	266	332
2	9	8	19	399	441
2	4	9	20	512	552
2	7	2	21	655	699
2	6	0	22	710	765
2	8	7	23	768	829
2	1	1	24	900	958
3	1	9	25	0	83
3	4	6	26	83	159
3	9	0	27	159	233
3	0	4	28	307	375
3	5	0	29	422	495
3	8	7	30	509	576
3	0	1	31	576	641
3	6	0	32	641	698
3	4	5	33	756	791
3	1	3	34	792	882
3	3	9	35	882	964
3	0	4	36	971	996
3	2	3	37	1011	1035
4	5	3	38	65	139
4	1	1	39	156	167
4	9	8	40	329	399
4	4	9	41	552	580
4	3	6	42	651	662
4	5	4	43	813	857
4	6	7	44	949	987
4	9	9	45	987	1031
5	8	8	46	107	202
5	7	9	47	229	266
5	2	2	48	316	370
5	2	3	49	433	486
5	5	4	50	579	671
5	1	3	51	731	743
5	6	0	52	765	782
5	8	8	53	829	870
5	8	8	54	911	975
6	0	1	55	0	16
6	2	2	56	72	139
6	6	1	57	167	224
6	3	1	58	410	479
6	5	4	59	500	538
6	1	9	60	581	670
6	0	1	61	758	818
6	7	2	62	852	876
6	5	4	63	954	971
6	0	4	64	996	1043
7	8	8	65	33	107
7	1	1	66	132	148
7	3	9	67	208	226
7	0	5	68	233	276
7	6	7	69	385	445
7	6	7	70	445	509
7	3	1	71	551	567
7	5	4	72	671	740
7	1	3	73	743	792
7	9	8	74	794	823
7	0	5	75	823	854
7	6	0	76	1013	1037
8	3	5	77	69	130
8	2	2	78	208	253
8	0	0	79	399	422
8	4	5	80	580	654
8	1	6	81	670	694
8	9	8	82	725	794
8	4	6	83	881	945
9	4	4	84	0	78
9	5	6	85	159	240
9	8	6	86	257	300
9	5	0	87	300	370
9	7	2	88	370	424
9	0	6	89	433	513
9	2	3	90	541	602
9	9	8	91	607	681
9	5	4	92	740	813
9	7	2	93	876	936
9	0	5	94	936	953
9	3	5	95	964	1038
10	0	1	96	16	77
10	6	9	97	83	167
10	8	7	98	202	257
10	6	7	99	257	326
10	3	1	100	341	410
10	8	4	101	410	500
10	6	0	102	509	614
10	8	7	103	631	702
10	7	2	104	702	790
10	7	2	105	803	834
10	7	2	106	834	852
10	0	5	107	854	924
10	2	3	108	924	957
10	1	1	109	958	977
10	8	7	110	987	1041
11	7	7	111	56	121
11	4	4	112	159	201
11	9	8	113	233	298
11	1	9	114	408	470
11	4	5	115	667	756
11	6	0	116	782	831
11	6	7	117	854	949
11	8	6	118	975	986
12	7	2	119	0	56
12	2	2	120	56	72
12	2	2	121	139	208
12	3	1	122	226	286
12	9	8	123	298	329
12	4	5	124	338	424
12	1	9	125	470	512
12	7	2	126	596	655
12	3	9	127	670	712
12	2	6	128	731	747
12	9	0	129	887	920
12	9	0	130	920	974
12	4	8	131	975	1040
13	5	3	132	0	65
13	8	6	133	300	367
13	9	8	134	536	607
13	6	0	135	614	638
13	9	8	136	681	725
13	6	7	137	831	854
13	5	6	138	987	1025
14	9	6	139	0	28
14	6	0	140	28	83
14	5	0	141	139	158
14	1	9	142	167	205
14	5	0	143	240	298
14	4	5	144	307	338
14	1	9	145	366	408
14	7	2	146	424	480
14	1	6	147	513	581
14	3	6	148	581	651
14	6	0	149	698	710
14	3	9	150	712	793
14	2	1	151	818	840
14	5	4	152	857	925
14	2	3	153	957	1011
15	3	5	154	0	15
15	3	3	155	139	208
15	1	3	156	275	285
15	5	3	157	370	420
15	2	3	158	486	541
15	8	7	159	576	631
15	4	9	160	793	877
15	7	2	161	990	1020
16	2	7	162	0	19
16	7	7	163	121	192
16	4	8	164	202	218
16	4	4	165	229	307
16	6	7	166	326	355
16	2	6	167	370	433
16	7	2	168	480	491
16	0	5	169	513	573
16	2	3	170	602	669
16	8	7	171	702	746
16	2	6	172	747	808
16	2	1	173	840	895
17	0	4	174	78	127
17	2	2	175	253	316
17	7	2	176	790	803
17	3	6	177	808	881
17	7	2	178	936	990
18	9	0	179	83	138
18	7	2	180	491	596
18	4	5	181	654	667
18	1	6	182	694	731
18	0	1	183	731	758
18	6	0	184	987	1013
19	8	8	185	0	33
19	1	1	186	83	132
19	9	1	187	148	156
19	0	5	188	200	233
19	7	9	189	332	366
19	0	0	190	375	399
19	9	8	191	441	536
19	5	4	192	538	571
19	8	7	193	746	768
19	8	8	194	870	911
19	5	4	195	925	954
19	1	1	196	987	1043


Solution History:
