This is the output of Heuristic Solver for Dual resource constrained flexible job shop Scheduling Problem.
Input file is: wfjsp14_2.txt
Method: FaFM_30_50_600
Seed: 3
Number of Jobs: 30
Number of Operations: 225
Number of Machines: 15
Number of Operators: 15
CPU Time: 124.388
obj: 792
Best found lower bound:0
Solver gap (best found lower bound and upper bound difference): Not known


Final Solution:
Job	Machine	Operator	Operation	Start Time	Finish Time
0	9	7	0	251	331
0	7	11	1	426	501
0	4	14	2	501	522
0	14	1	3	613	650
0	5	5	4	677	692
1	4	5	5	65	90
1	0	2	6	110	181
1	9	12	7	234	246
1	12	9	8	272	344
1	1	13	9	379	419
1	6	13	10	419	469
1	9	8	11	528	545
1	0	14	12	545	607
1	13	14	13	712	773
2	14	14	14	0	56
2	2	4	15	113	181
2	13	7	16	189	221
2	4	6	17	237	282
2	8	8	18	286	310
2	10	0	19	337	394
2	8	12	20	447	524
2	13	9	21	564	646
2	0	14	22	654	709
2	6	7	23	722	786
3	4	5	24	0	65
3	11	6	25	133	150
3	8	3	26	246	259
3	1	10	27	293	379
3	3	14	28	381	403
3	9	8	29	447	528
3	3	10	30	536	622
3	5	5	31	660	677
3	4	0	32	717	785
4	3	1	33	0	79
4	1	14	34	176	228
4	0	2	35	257	277
4	3	14	36	277	327
4	5	5	37	327	364
4	12	9	38	410	478
4	14	4	39	530	613
4	12	1	40	650	674
4	14	1	41	674	689
4	12	2	42	763	792
5	11	6	43	0	15
5	11	6	44	15	55
5	7	11	45	159	233
5	2	0	46	294	334
5	7	11	47	535	621
5	12	2	48	674	763
6	12	13	49	0	63
6	10	4	50	86	113
6	2	4	51	181	247
6	13	2	52	277	314
6	9	12	53	354	382
6	13	2	54	388	424
6	0	4	55	458	505
6	0	4	56	505	528
6	3	10	57	622	692
7	6	11	58	38	102
7	13	7	59	176	189
7	11	0	60	253	279
7	4	6	61	313	370
7	4	1	62	370	448
7	5	5	63	536	590
7	10	3	64	651	719
8	10	4	65	25	86
8	3	10	66	86	106
8	3	8	67	106	194
8	1	14	68	228	243
8	13	2	69	314	388
8	9	12	70	426	442
8	3	1	71	448	504
8	11	13	72	660	713
8	10	3	73	719	779
9	8	3	74	0	56
9	1	7	75	85	168
9	9	12	76	183	234
9	3	14	77	327	381
9	2	0	78	395	478
9	3	14	79	522	536
9	1	4	80	613	666
9	1	4	81	666	712
9	9	1	82	720	776
9	13	10	83	776	791
10	11	6	84	55	133
10	14	1	85	134	157
10	13	4	86	251	276
10	0	4	87	277	311
10	10	3	88	395	427
10	1	7	89	506	602
10	13	9	90	646	712
11	9	9	91	36	113
11	9	9	92	113	183
11	12	9	93	183	194
11	0	2	94	237	257
11	10	3	95	259	337
11	12	9	96	344	410
11	4	14	97	448	495
11	6	7	98	602	692
11	14	12	99	692	776
12	1	7	100	0	16
12	5	0	101	25	98
12	8	3	102	181	246
12	2	12	103	247	294
12	8	8	104	310	380
12	10	3	105	427	505
12	9	3	106	545	579
12	9	12	107	582	630
12	2	4	108	726	792
13	7	12	109	0	64
13	12	12	110	126	178
13	7	12	111	321	354
13	9	12	112	382	426
13	14	10	113	465	530
13	9	12	114	630	687
13	1	4	115	712	724
14	0	2	116	0	14
14	0	2	117	14	32
14	11	6	118	150	234
14	1	7	119	419	506
14	5	3	120	506	536
14	2	6	121	661	726
14	7	11	122	740	792
15	10	0	123	0	21
15	8	3	124	149	181
15	5	5	125	190	212
15	7	12	126	312	321
15	9	1	127	333	354
15	14	1	128	354	369
15	6	7	129	407	418
15	6	13	130	469	552
15	9	1	131	776	784
16	9	9	132	0	36
16	13	14	133	77	134
16	10	10	134	197	256
16	5	5	135	364	418
16	7	11	136	501	535
16	7	11	137	621	657
16	4	0	138	661	717
17	8	3	139	56	149
17	0	2	140	181	237
17	11	6	141	526	596
17	11	6	142	596	659
17	9	1	143	689	720
17	0	13	144	720	785
18	13	10	145	48	77
18	12	12	146	82	126
18	14	1	147	187	260
18	4	6	148	282	313
18	2	3	149	337	395
18	8	8	150	413	447
18	6	13	151	552	597
18	5	13	152	597	660
18	3	10	153	692	764
19	14	14	154	56	70
19	5	5	155	98	190
19	7	11	156	233	285
19	0	4	157	311	378
19	8	8	158	380	413
19	8	12	159	524	582
20	5	4	160	0	25
20	0	2	161	32	100
20	1	14	162	243	271
20	7	13	163	285	312
20	11	13	164	312	373
20	14	10	165	379	465
20	0	14	166	607	654
20	11	9	167	713	790
21	13	10	168	36	48
21	14	1	169	157	187
21	6	8	170	198	286
21	0	4	171	378	458
21	12	2	172	564	632
21	8	8	173	724	790
22	2	8	174	0	78
22	0	2	175	100	110
22	12	9	176	194	272
22	1	10	177	272	293
22	7	11	178	354	426
22	12	9	179	478	558
22	8	5	180	590	653
22	6	7	181	692	722
23	7	13	182	64	118
23	6	13	183	118	198
23	11	6	184	373	452
23	10	1	185	505	583
23	7	11	186	657	704
23	1	6	187	726	756
24	13	10	188	0	36
24	2	0	189	478	550
24	4	0	190	550	625
24	5	5	191	692	739
24	5	5	192	739	784
25	1	7	193	16	85
25	2	8	194	85	101
25	7	11	195	118	159
25	5	5	196	212	280
25	5	5	197	280	325
25	5	5	198	433	502
25	2	8	199	550	642
25	8	8	200	653	724
26	4	0	201	98	191
26	13	7	202	221	251
26	14	1	203	260	333
26	6	7	204	350	407
26	5	5	205	418	433
26	12	2	206	632	646
26	7	11	207	704	740
27	10	10	208	113	197
27	3	13	209	198	274
27	6	11	210	286	350
27	13	2	211	424	498
27	10	3	212	583	651
28	12	12	213	64	82
28	14	1	214	82	134
28	13	14	215	134	176
28	11	0	216	237	253
28	11	6	217	452	526
28	4	0	218	625	640
28	2	0	219	642	661
29	6	11	220	0	38
29	4	0	221	191	228
29	4	0	222	228	237
29	3	14	223	403	448
29	13	2	224	498	564


Solution History:
