This is the output of Heuristic Solver for Dual resource constrained flexible job shop Scheduling Problem.
Input file is: wfjsp22_10.txt
Method: FaFM_30_50_600
Seed: 4
Number of Jobs: 30
Number of Operations: 235
Number of Machines: 15
Number of Operators: 12
CPU Time: 185.383
obj: 1080
Best found lower bound:0
Solver gap (best found lower bound and upper bound difference): Not known


Final Solution:
Job	Machine	Operator	Operation	Start Time	Finish Time
0	0	4	0	0	72
0	10	11	1	76	151
0	13	3	2	158	225
0	0	9	3	349	433
0	5	4	4	433	484
0	2	2	5	682	713
0	13	2	6	804	839
0	14	7	7	983	1031
1	7	10	8	0	79
1	8	2	9	88	116
1	4	9	10	119	153
1	10	8	11	283	313
1	4	1	12	357	446
1	9	10	13	794	869
1	10	8	14	870	931
1	10	0	15	990	1080
2	3	2	16	116	198
2	6	4	17	247	260
2	1	2	18	263	272
2	13	5	19	331	378
2	9	8	20	384	448
2	1	9	21	579	663
2	10	8	22	931	982
2	6	4	23	997	1067
3	12	1	24	136	181
3	8	2	25	201	224
3	10	0	26	477	525
3	10	0	27	562	580
3	3	3	28	830	924
4	3	7	29	198	226
4	12	7	30	226	296
4	5	11	31	332	404
4	14	3	32	409	481
4	11	5	33	587	619
4	13	9	34	918	972
5	13	9	35	42	115
5	12	4	36	122	136
5	10	1	37	181	205
5	12	2	38	463	483
5	3	8	39	587	631
5	3	3	40	634	670
5	6	3	41	670	761
5	1	3	42	761	824
6	7	6	43	283	367
6	6	4	44	375	390
6	11	4	45	569	582
6	12	4	46	582	650
6	11	6	47	650	695
6	5	11	48	1002	1016
7	6	1	49	531	620
7	5	11	50	638	722
7	10	11	51	722	748
7	3	7	52	764	830
7	11	5	53	1039	1047
8	9	8	54	73	145
8	11	6	55	409	484
8	2	6	56	484	503
8	2	6	57	503	568
8	0	0	58	580	616
8	12	10	59	668	677
8	4	0	60	733	826
8	5	6	61	875	918
8	0	9	62	972	1056
9	1	5	63	0	67
9	2	10	64	242	327
9	12	7	65	493	565
9	5	3	66	568	617
9	0	6	67	695	741
9	10	9	68	757	773
9	6	3	69	924	947
9	6	4	70	956	976
9	3	4	71	976	997
10	14	9	72	0	42
10	5	6	73	96	144
10	5	2	74	309	332
10	9	8	75	634	699
10	2	6	76	826	875
11	13	8	77	0	39
11	9	8	78	39	73
11	8	0	79	119	201
11	3	2	80	226	263
11	9	4	81	328	364
11	1	9	82	663	690
11	3	7	83	709	719
11	1	11	84	843	930
11	14	7	85	1031	1065
12	3	7	86	0	34
12	13	3	87	225	298
12	3	8	88	313	384
12	8	0	89	716	733
12	14	6	90	741	826
13	6	3	91	0	68
13	3	3	92	68	102
13	0	3	93	102	121
13	9	8	94	145	232
13	8	10	95	358	403
13	11	2	96	484	569
13	8	6	97	569	648
13	8	4	98	650	716
13	2	2	99	716	804
13	12	4	100	875	956
14	14	7	101	63	133
14	4	11	102	238	323
14	13	9	103	498	579
14	2	2	104	638	682
14	4	0	105	682	714
14	7	7	106	719	764
14	5	11	107	930	1002
14	1	11	108	1016	1031
15	10	11	109	0	76
15	14	5	110	134	149
15	9	4	111	260	328
15	10	0	112	331	402
15	7	10	113	520	564
15	12	10	114	709	794
15	0	5	115	799	873
16	6	9	116	272	349
16	13	5	117	378	450
16	9	8	118	518	584
16	13	10	119	584	668
16	5	4	120	722	754
16	5	4	121	754	791
16	12	4	122	794	875
16	0	9	123	894	918
17	10	6	124	209	283
17	7	6	125	367	384
17	14	6	126	384	407
17	0	9	127	433	473
17	14	5	128	619	655
17	12	10	129	677	709
17	8	2	130	935	973
18	4	0	131	68	119
18	0	7	132	133	153
18	4	11	133	153	238
18	9	4	134	364	375
18	7	10	135	447	520
18	1	10	136	564	578
18	11	1	137	785	856
18	11	1	138	856	938
18	0	3	139	947	972
18	13	5	140	972	1039
19	12	7	141	308	377
19	13	5	142	450	498
19	3	5	143	498	587
19	10	0	144	616	679
19	11	5	145	700	765
19	0	9	146	773	786
19	8	2	147	973	1062
20	4	6	148	0	68
20	14	9	149	153	234
20	5	8	150	234	278
20	14	7	151	296	308
20	3	4	152	390	427
20	5	4	153	484	563
20	4	7	154	830	898
20	2	0	155	908	990
20	2	8	156	996	1074
21	12	1	157	0	87
21	1	3	158	298	334
21	2	10	159	334	358
21	10	0	160	402	477
21	4	11	161	562	638
21	7	6	162	918	947
21	1	10	163	947	1010
22	11	2	164	0	88
22	6	1	165	88	135
22	7	1	166	205	278
22	8	1	167	278	357
22	8	2	168	424	462
22	14	7	169	568	611
22	14	5	170	655	700
22	13	8	171	700	785
22	7	0	172	826	908
22	14	5	173	908	968
23	11	3	174	122	158
23	2	10	175	158	242
23	7	10	176	403	447
23	1	11	177	450	537
23	9	3	178	617	634
23	7	1	179	634	697
23	3	7	180	697	709
23	4	7	181	898	961
23	4	7	182	961	983
23	9	3	183	1019	1064
24	8	0	184	0	66
24	6	4	185	161	247
24	12	7	186	377	463
24	14	3	187	481	568
24	2	2	188	569	638
24	7	5	189	765	799
24	8	11	190	824	843
24	8	2	191	843	935
24	7	6	192	947	1002
24	5	1	193	1024	1080
25	1	5	194	67	134
25	11	5	195	158	188
25	11	0	196	201	283
25	11	0	197	283	331
25	8	7	198	463	493
25	8	11	199	748	824
25	6	5	200	873	906
25	12	8	201	982	996
25	7	10	202	1010	1036
26	11	4	203	88	122
26	6	4	204	136	161
26	7	7	205	161	191
26	3	2	206	272	309
26	11	3	207	357	409
26	6	1	208	446	531
26	4	0	209	531	562
26	9	3	210	972	1019
27	7	10	211	79	158
27	0	5	212	188	250
27	11	3	213	334	357
27	9	8	214	448	518
27	10	11	215	537	556
27	5	8	216	791	870
27	13	9	217	872	894
27	4	6	218	1002	1066
28	14	7	219	42	63
28	5	6	220	68	96
28	0	5	221	250	331
28	1	2	222	334	398
28	6	2	223	398	424
28	0	9	224	473	491
28	0	7	225	616	649
28	1	9	226	690	757
28	9	10	227	869	947
29	5	6	228	144	209
29	14	9	229	234	272
29	1	11	230	404	450
29	0	7	231	649	692
29	9	1	232	699	785
29	6	9	233	786	872
29	11	1	234	938	1024


Solution History:
