This is the output of Heuristic Solver for Dual resource constrained flexible job shop Scheduling Problem.
Input file is: wfjsp16_9.txt
Method: FaFM_30_50_600
Seed: 5
Number of Jobs: 40
Number of Operations: 284
Number of Machines: 15
Number of Operators: 15
CPU Time: 332.916
obj: 1039
Best found lower bound:0
Solver gap (best found lower bound and upper bound difference): Not known


Final Solution:
Job	Machine	Operator	Operation	Start Time	Finish Time
0	4	3	0	187	271
0	12	14	1	271	317
0	14	4	2	504	567
0	14	5	3	567	622
0	1	1	4	864	897
1	10	9	5	54	137
1	8	14	6	137	197
1	12	14	7	251	271
1	4	3	8	299	355
1	2	7	9	418	476
1	12	14	10	714	815
1	12	0	11	815	890
1	3	14	12	935	1020
2	7	4	13	103	145
2	2	7	14	168	189
2	1	9	15	520	573
2	11	1	16	651	666
2	11	10	17	668	751
2	10	2	18	856	881
2	4	7	19	970	989
2	12	1	20	998	1030
3	8	2	21	56	98
3	12	1	22	319	331
3	7	8	23	489	511
3	3	9	24	679	701
3	2	3	25	833	893
3	10	5	26	937	994
4	2	7	27	55	145
4	11	5	28	229	314
4	10	5	29	483	567
4	1	3	30	614	669
4	10	5	31	881	937
5	1	8	32	34	90
5	10	10	33	313	398
5	7	12	34	401	413
5	11	11	35	454	534
5	4	7	36	775	806
5	13	2	37	806	825
5	4	7	38	880	892
5	9	3	39	948	1006
6	11	1	40	0	64
6	6	4	41	237	320
6	2	7	42	376	397
6	11	11	43	436	454
6	9	3	44	459	482
6	13	11	45	534	573
6	4	7	46	650	696
6	9	4	47	792	855
6	1	13	48	972	1021
6	9	4	49	1021	1039
7	10	5	50	137	221
7	4	3	51	271	299
7	9	11	52	310	375
7	4	4	53	397	428
7	2	1	54	506	535
7	10	5	55	656	740
7	0	13	56	838	913
7	3	14	57	920	935
7	12	1	58	969	998
8	14	12	59	172	255
8	10	10	60	255	313
8	4	4	61	428	468
8	0	2	62	475	546
8	12	10	63	614	668
8	14	6	64	674	731
8	13	4	65	855	925
8	0	9	66	994	1008
9	9	11	67	56	65
9	11	11	68	137	166
9	5	0	69	284	345
9	9	3	70	672	699
9	7	2	71	951	982
10	8	3	72	25	52
10	13	13	73	63	126
10	7	8	74	150	233
10	6	14	75	385	440
10	2	1	76	476	506
10	6	0	77	590	666
10	12	14	78	668	714
10	11	10	79	751	806
10	4	7	80	892	917
10	13	4	81	987	1020
11	13	4	82	365	397
11	1	9	83	504	520
11	2	3	84	556	611
11	8	8	85	672	713
11	10	5	86	768	856
12	0	14	87	21	77
12	11	5	88	375	397
12	13	8	89	511	530
12	11	13	90	567	651
12	2	3	91	702	746
12	14	12	92	816	897
13	14	0	93	93	168
13	13	2	94	251	303
13	11	10	95	398	411
13	3	6	96	422	458
13	6	10	97	521	576
13	14	13	98	734	816
13	5	11	99	819	903
14	9	2	100	0	29
14	11	11	101	166	229
14	9	11	102	229	271
14	11	10	103	411	436
14	8	14	104	577	667
14	1	1	105	813	864
14	3	9	106	864	920
15	5	6	107	73	175
15	2	9	108	206	218
15	7	8	109	233	291
15	9	11	110	375	434
15	2	3	111	538	556
15	0	2	112	641	710
15	8	8	113	948	1038
16	8	7	114	0	25
16	4	7	115	25	55
16	4	3	116	55	116
16	6	10	117	180	237
16	13	6	118	303	359
16	5	6	119	551	580
16	6	11	120	668	693
16	6	0	121	697	757
16	1	13	122	913	972
17	7	4	123	0	61
17	0	9	124	137	206
17	5	0	125	226	284
17	2	8	126	296	321
17	7	4	127	321	365
17	2	7	128	397	418
17	5	6	129	463	551
17	13	4	130	573	645
17	8	14	131	815	915
17	13	4	132	925	987
18	2	9	133	0	54
18	12	0	134	58	93
18	2	7	135	145	168
18	4	3	136	171	187
18	3	9	137	301	357
18	5	0	138	404	463
18	11	1	139	535	561
18	8	12	140	753	811
18	0	9	141	920	994
19	9	1	142	73	146
19	1	1	143	174	210
19	10	1	144	398	475
19	4	7	145	566	650
19	6	10	146	880	922
19	6	10	147	922	951
20	1	8	148	0	34
20	6	10	149	56	125
20	5	0	150	345	404
20	1	13	151	433	501
20	3	14	152	542	577
20	3	9	153	577	590
20	13	6	154	734	801
20	13	2	155	825	851
20	12	0	156	890	969
20	3	9	157	1020	1039
21	5	6	158	0	29
21	11	1	159	64	73
21	13	13	160	126	204
21	11	5	161	314	375
21	0	2	162	419	475
21	10	5	163	642	656
21	4	7	164	696	775
21	7	8	165	793	865
21	4	7	166	917	970
22	8	7	167	268	355
22	8	8	168	400	489
22	12	0	169	517	590
22	7	12	170	649	724
22	1	1	171	755	813
22	11	6	172	897	950
23	12	2	173	112	169
23	7	12	174	365	401
23	12	3	175	401	458
23	1	10	176	576	614
23	2	4	177	645	702
24	10	10	178	0	54
24	5	6	179	60	73
24	0	14	180	77	134
24	2	9	181	218	296
24	9	14	182	440	459
24	4	7	183	476	566
24	7	12	184	569	649
24	1	1	185	669	681
24	5	1	186	903	967
24	11	6	187	967	1022
25	12	0	188	0	58
25	13	14	189	204	213
25	14	9	190	357	416
25	8	2	191	713	733
25	8	2	192	733	753
25	0	2	193	753	782
25	14	11	194	910	971
26	2	8	195	321	359
26	3	9	196	590	679
26	5	11	197	697	731
26	6	10	198	811	880
26	14	11	199	971	1008
27	3	12	200	0	14
27	11	11	201	73	137
27	1	1	202	210	263
27	1	2	203	319	414
27	8	12	204	489	569
27	1	1	205	681	755
28	3	12	206	92	172
28	9	11	207	271	310
28	12	1	208	331	394
28	13	13	209	501	511
28	0	2	210	546	641
28	10	5	211	740	768
28	7	2	212	982	1039
29	8	5	213	98	127
29	6	10	214	127	180
29	13	4	215	483	497
29	9	8	216	538	608
29	0	12	217	724	746
29	6	0	218	757	811
30	0	14	219	0	21
30	9	2	220	29	56
30	5	0	221	175	226
30	0	13	222	278	348
30	2	7	223	359	376
30	0	9	224	782	838
30	7	2	225	881	951
30	2	12	226	951	1030
31	14	12	227	255	352
31	9	3	228	482	538
31	5	0	229	668	697
31	2	3	230	746	833
31	14	12	231	897	910
32	3	12	232	14	92
32	3	6	233	175	231
32	7	12	234	413	486
32	5	11	235	580	668
32	11	6	236	806	897
33	14	5	237	0	82
33	13	14	238	213	250
33	1	1	239	263	319
33	8	8	240	359	400
33	1	13	241	419	433
33	3	14	242	459	542
33	9	4	243	702	792
33	2	3	244	893	938
33	4	7	245	989	1008
34	6	11	246	0	56
34	12	2	247	98	112
34	12	2	248	169	251
34	13	5	249	397	483
34	10	1	250	567	642
34	4	7	251	806	880
35	5	6	252	29	60
35	7	4	253	61	103
35	9	4	254	146	221
35	6	10	255	440	521
35	9	8	256	608	672
35	7	8	257	724	793
36	4	3	258	0	12
36	6	14	259	320	385
36	14	9	260	416	504
36	8	12	261	915	946
36	5	0	262	969	1025
37	13	13	263	0	63
37	1	8	264	90	150
37	3	6	265	231	301
37	0	13	266	348	419
37	12	0	267	463	479
37	12	0	268	479	517
37	7	13	269	517	567
37	13	13	270	651	734
37	5	11	271	734	819
37	6	10	272	951	1029
38	1	1	273	150	174
38	2	7	274	189	204
38	8	7	275	204	268
38	4	3	276	355	395
38	3	9	277	701	765
39	4	3	278	116	171
39	0	13	279	206	278
39	3	6	280	359	422
39	14	6	281	622	674
39	9	8	282	865	948
39	10	5	283	994	1032


Solution History:
