This is the output of Heuristic Solver for Dual resource constrained flexible job shop Scheduling Problem.
Input file is: wfjsp13_8.txt
Method: FaFM_30_50_600
Seed: 4
Number of Jobs: 25
Number of Operations: 249
Number of Machines: 15
Number of Operators: 15
CPU Time: 428.802
obj: 891
Best found lower bound:0
Solver gap (best found lower bound and upper bound difference): Not known


Final Solution:
Job	Machine	Operator	Operation	Start Time	Finish Time
0	14	12	0	72	99
0	11	4	1	99	161
0	13	5	2	161	189
0	1	12	3	366	431
0	2	11	4	458	525
0	1	11	5	547	602
0	10	4	6	604	670
0	3	8	7	718	731
0	11	7	8	823	866
1	9	3	9	54	108
1	1	12	10	108	135
1	14	12	11	263	358
1	5	10	12	358	367
1	12	7	13	437	526
1	12	11	14	526	547
1	4	14	15	672	725
1	3	5	16	738	808
2	12	9	17	28	57
2	8	6	18	72	134
2	1	6	19	135	179
2	1	6	20	179	221
2	14	0	21	221	263
2	1	3	22	296	357
2	2	11	23	391	445
2	4	2	24	488	546
2	0	9	25	547	630
2	6	10	26	682	753
2	14	6	27	753	821
2	14	5	28	821	889
3	2	10	29	0	67
3	4	2	30	67	128
3	6	11	31	152	219
3	11	8	32	228	298
3	7	5	33	324	363
3	0	9	34	462	547
3	4	8	35	589	672
3	7	8	36	738	765
3	2	10	37	765	791
4	11	4	38	0	63
4	2	10	39	163	173
4	3	14	40	305	371
4	10	10	41	371	400
4	5	1	42	420	428
4	4	8	43	546	589
4	13	14	44	750	784
4	7	8	45	784	831
5	6	5	46	13	97
5	2	10	47	117	163
5	12	7	48	197	239
5	12	7	49	239	308
5	8	13	50	349	430
5	2	6	51	445	458
5	8	6	52	458	477
5	9	5	53	508	545
5	11	12	54	575	641
5	13	6	55	663	678
5	5	3	56	694	761
5	7	8	57	831	883
6	0	13	58	29	96
6	14	13	59	159	192
6	3	14	60	207	305
6	10	0	61	309	365
6	7	0	62	365	389
6	4	12	63	448	465
6	8	6	64	477	524
6	10	3	65	530	604
6	7	5	66	664	682
6	14	13	67	682	703
6	13	7	68	714	750
6	0	9	69	759	813
7	3	11	70	0	51
7	7	8	71	55	72
7	11	12	72	161	228
7	13	2	73	247	291
7	7	4	74	293	324
7	5	10	75	324	354
7	4	12	76	465	488
7	12	2	77	547	614
7	13	7	78	678	714
7	11	12	79	714	741
7	9	1	80	801	877
8	10	0	81	0	25
8	7	8	82	72	143
8	0	4	83	161	224
8	2	11	84	247	326
8	11	8	85	379	466
8	14	13	86	466	506
8	13	14	87	550	616
8	2	6	88	682	743
8	0	13	89	813	886
9	10	0	90	25	87
9	3	14	91	137	207
9	5	10	92	240	319
9	2	11	93	326	391
9	4	12	94	431	448
9	5	4	95	489	557
9	8	4	96	673	735
9	1	2	97	743	832
9	4	9	98	832	883
10	1	7	99	37	107
10	10	0	100	146	216
10	8	13	101	255	349
10	6	4	102	390	489
10	6	1	103	489	553
10	3	1	104	553	640
10	3	11	105	640	668
10	9	1	106	702	721
10	8	13	107	735	803
11	0	13	108	0	29
11	7	8	109	34	55
11	2	10	110	67	117
11	8	13	111	192	255
11	6	5	112	269	305
11	6	1	113	328	390
11	1	12	114	492	544
11	5	3	115	604	694
11	7	5	116	694	738
11	11	12	117	741	821
12	6	1	118	0	13
12	12	9	119	57	114
12	14	13	120	114	131
12	9	7	121	131	197
12	13	6	122	291	360
12	4	2	123	391	427
12	9	5	124	427	508
12	5	4	125	557	604
12	6	2	126	625	675
12	3	8	127	675	718
12	12	11	128	768	787
13	14	12	129	0	27
13	3	11	130	51	102
13	0	4	131	224	293
13	4	2	132	332	391
13	7	0	133	466	528
13	2	10	134	546	613
13	9	11	135	613	640
13	0	9	136	640	694
13	4	14	137	725	742
13	8	14	138	805	846
14	12	7	139	0	28
14	6	11	140	102	152
14	6	9	141	247	269
14	9	4	142	328	363
14	1	3	143	431	492
14	14	13	144	506	534
14	7	5	145	602	642
14	1	2	146	676	743
14	5	3	147	821	883
15	4	2	148	0	61
15	13	3	149	116	128
15	11	8	150	298	379
15	10	10	151	400	422
15	3	14	152	436	505
15	9	5	153	545	602
15	14	13	154	602	617
15	2	10	155	617	682
15	13	5	156	808	821
16	13	14	157	0	51
16	8	3	158	134	192
16	2	9	159	194	247
16	0	9	160	293	377
16	5	1	161	390	420
16	14	13	162	444	463
16	11	12	163	641	710
16	9	1	164	721	739
16	6	0	165	753	831
16	2	6	166	831	860
17	9	3	167	0	54
17	14	6	168	60	72
17	0	5	169	97	158
17	5	10	170	173	240
17	4	2	171	296	332
17	9	5	172	363	424
17	5	1	173	428	488
17	13	14	174	616	663
17	10	0	175	679	737
17	10	0	176	737	750
17	4	7	177	750	823
17	13	2	178	832	887
18	5	1	179	115	169
18	4	3	180	192	296
18	6	5	181	305	320
18	11	12	182	544	575
18	8	13	183	618	644
18	8	13	184	644	673
18	12	11	185	673	702
18	0	9	186	716	759
18	7	8	187	765	773
19	14	12	188	27	56
19	11	4	189	63	97
19	14	13	190	131	159
19	0	9	191	377	462
19	12	6	192	618	658
19	0	9	193	694	716
19	10	4	194	750	789
19	2	11	195	791	819
20	8	6	196	0	60
20	3	14	197	116	137
20	6	11	198	219	247
20	10	0	199	263	309
20	14	6	200	360	444
20	13	10	201	491	546
20	8	6	202	571	618
20	9	1	203	640	702
20	6	0	204	831	867
21	1	1	205	13	37
21	5	1	206	37	115
21	4	2	207	128	190
21	14	1	208	192	207
21	1	6	209	221	291
21	12	7	210	308	352
21	12	7	211	352	437
21	10	10	212	437	491
21	7	7	213	528	591
21	14	0	214	625	679
21	9	1	215	739	801
21	3	11	216	819	887
22	8	12	217	60	69
22	12	9	218	114	194
22	7	5	219	222	266
22	13	3	220	360	424
22	13	2	221	427	488
22	10	3	222	492	530
22	8	6	223	530	571
22	14	13	224	703	733
22	14	4	225	735	744
22	5	3	226	761	821
22	1	12	227	832	883
23	7	8	228	0	34
23	13	14	229	51	116
23	13	2	230	190	247
23	3	14	231	371	436
23	3	14	232	505	550
23	6	0	233	553	625
23	7	5	234	642	664
23	13	14	235	784	805
23	12	4	236	805	890
24	10	0	237	87	146
24	7	8	238	146	222
24	10	1	239	222	254
24	9	1	240	254	328
24	1	12	241	358	366
24	7	0	242	389	466
24	11	8	243	466	543
24	14	13	244	543	590
24	1	7	245	602	676
24	12	11	246	702	768
24	10	10	247	791	868
24	2	10	248	868	891


Solution History:
