This is the output of Heuristic Solver for Dual resource constrained flexible job shop Scheduling Problem.
Input file is: wfjsp20_1.txt
Method: FaFM_30_50_600
Seed: 4
Number of Jobs: 25
Number of Operations: 179
Number of Machines: 10
Number of Operators: 8
CPU Time: 181.624
obj: 1103
Best found lower bound:0
Solver gap (best found lower bound and upper bound difference): Not known


Final Solution:
Job	Machine	Operator	Operation	Start Time	Finish Time
0	8	6	0	146	220
0	6	7	1	220	247
0	4	4	2	452	496
0	0	7	3	525	622
0	4	1	4	973	1052
1	3	3	5	185	246
1	6	6	6	379	454
1	3	4	7	496	531
1	2	4	8	550	587
1	2	4	9	830	865
1	4	3	10	865	875
1	5	2	11	911	925
1	0	2	12	1023	1039
1	7	5	13	1047	1100
2	0	2	14	0	55
2	1	7	15	156	201
2	4	6	16	220	249
2	3	3	17	249	257
2	0	2	18	393	444
2	1	6	19	746	786
2	7	0	20	813	908
3	2	4	21	226	308
3	5	0	22	549	595
3	3	5	23	916	990
3	9	2	24	1007	1023
3	9	3	25	1027	1058
3	8	6	26	1060	1084
4	2	0	27	0	21
4	7	0	28	21	66
4	1	3	29	297	376
4	4	4	30	384	423
4	7	5	31	536	591
4	1	0	32	650	739
4	5	7	33	971	1016
5	1	7	34	40	54
5	9	1	35	58	104
5	6	5	36	119	144
5	9	5	37	219	251
5	8	1	38	376	442
5	6	5	39	629	684
5	8	7	40	684	718
5	1	6	41	786	868
5	6	4	42	939	965
6	8	1	43	0	58
6	4	4	44	123	134
6	0	2	45	165	179
6	5	5	46	311	385
6	2	3	47	418	427
6	9	1	48	651	660
6	2	4	49	794	830
6	2	0	50	957	1036
7	1	4	51	211	226
7	8	5	52	251	311
7	3	0	53	739	788
7	5	5	54	802	840
7	0	6	55	868	909
8	4	3	56	0	91
8	2	1	57	180	218
8	9	7	58	387	477
8	7	6	59	617	674
8	7	0	60	790	813
8	6	5	61	990	1047
9	1	7	62	54	76
9	4	6	63	249	289
9	4	6	64	289	379
9	3	5	65	441	475
9	0	5	66	494	512
9	6	6	67	562	617
9	0	2	68	735	785
9	0	2	69	807	866
9	5	7	70	932	971
10	1	5	71	0	23
10	5	5	72	23	60
10	1	3	73	376	418
10	4	2	74	526	563
10	0	7	75	622	668
10	6	4	76	865	939
10	1	4	77	968	1045
11	5	0	78	66	148
11	0	2	79	262	356
11	7	0	80	441	507
11	6	3	81	507	548
11	0	7	82	668	684
11	3	3	83	792	814
11	0	6	84	909	917
12	8	6	85	74	146
12	5	7	86	247	285
12	0	2	87	356	393
12	0	5	88	475	494
12	3	1	89	614	651
12	4	1	90	660	713
12	5	1	91	714	731
12	5	0	92	1036	1086
13	6	6	93	0	74
13	3	3	94	277	297
13	9	1	95	297	320
13	3	0	96	387	441
13	4	4	97	441	452
13	8	7	98	718	818
13	9	7	99	818	892
13	2	0	100	908	957
13	9	3	101	1058	1103
14	2	4	102	28	111
14	9	5	103	144	219
14	2	0	104	507	549
14	3	3	105	549	610
14	5	1	106	731	751
14	8	1	107	833	877
14	4	1	108	877	890
15	1	7	109	76	156
15	1	0	110	233	287
15	2	4	111	308	384
15	7	5	112	415	440
15	9	4	113	531	550
15	4	4	114	587	658
15	2	4	115	776	794
15	1	3	116	875	968
15	8	6	117	968	1060
16	4	4	118	111	123
16	4	2	119	138	165
16	1	4	120	423	440
16	5	2	121	444	526
16	2	0	122	595	646
16	7	6	123	674	746
16	9	5	124	746	802
16	6	3	125	814	855
16	5	2	126	866	911
16	2	2	127	1039	1072
17	9	4	128	0	28
17	3	7	129	297	387
17	0	2	130	714	735
17	0	2	131	785	807
17	7	6	132	917	954
18	6	5	133	101	119
18	2	4	134	134	174
18	7	1	135	219	297
18	8	1	136	494	556
18	1	3	137	612	650
18	2	4	138	658	745
18	7	1	139	751	790
18	3	5	140	840	916
18	0	2	141	925	1007
18	4	1	142	1052	1093
19	0	2	143	55	138
19	0	2	144	179	262
19	6	0	145	287	337
19	7	0	146	337	377
19	6	5	147	684	745
19	4	1	148	890	973
19	3	7	149	1016	1102
20	4	4	150	174	211
20	8	1	151	442	494
20	1	6	152	501	562
20	4	3	153	729	792
20	7	3	154	968	1027
21	3	7	155	0	40
21	3	5	156	60	101
21	7	3	157	107	185
21	9	7	158	477	525
21	8	1	159	556	614
22	3	1	160	104	180
22	2	3	161	427	506
22	7	5	162	512	536
22	5	5	163	612	629
22	6	4	164	1047	1097
23	7	3	165	91	107
23	7	7	166	201	219
23	9	1	167	320	376
23	5	5	168	385	415
23	1	5	169	591	612
23	5	2	170	640	714
24	5	0	171	148	233
24	9	3	172	257	277
24	1	6	173	454	501
24	9	2	174	563	640
24	3	3	175	651	729
24	6	4	176	745	776
24	4	1	177	792	833
24	9	7	178	892	932


Solution History:
