This is the output of Heuristic Solver for Dual resource constrained flexible job shop Scheduling Problem.
Input file is: wfjsp24_9.txt
Method: FaFM_30_50_600
Seed: 3
Number of Jobs: 40
Number of Operations: 284
Number of Machines: 15
Number of Operators: 12
CPU Time: 151.637
obj: 1269
Best found lower bound:0
Solver gap (best found lower bound and upper bound difference): Not known


Final Solution:
Job	Machine	Operator	Operation	Start Time	Finish Time
0	6	2	0	216	305
0	12	0	1	305	347
0	6	6	2	821	882
0	2	8	3	928	986
0	1	11	4	1048	1084
1	9	5	5	167	252
1	8	2	6	368	427
1	8	7	7	431	449
1	7	7	8	500	560
1	2	0	9	560	618
1	6	3	10	933	1022
1	12	0	11	1032	1107
1	3	0	12	1107	1182
2	1	2	13	0	39
2	0	3	14	75	96
2	14	4	15	282	335
2	2	9	16	400	414
2	11	7	17	706	789
2	0	3	18	812	834
2	4	1	19	849	871
2	12	7	20	1107	1141
3	3	3	21	0	42
3	6	9	22	54	65
3	5	8	23	151	173
3	1	0	24	618	637
3	2	7	25	809	866
3	5	5	26	1149	1201
4	11	4	27	0	82
4	11	11	28	297	399
4	13	9	29	628	709
4	11	5	30	805	860
4	10	9	31	939	997
5	2	7	32	112	169
5	14	4	33	335	419
5	7	7	34	419	431
5	11	11	35	584	669
5	8	0	36	713	748
5	12	7	37	789	809
5	4	1	38	1088	1099
5	9	4	39	1145	1200
6	11	8	40	173	241
6	9	1	41	269	353
6	10	7	42	353	375
6	5	8	43	392	414
6	6	7	44	560	579
6	10	11	45	713	754
6	8	5	46	760	805
6	1	8	47	843	928
6	3	7	48	1055	1103
6	9	4	49	1127	1145
7	10	5	50	0	84
7	4	0	51	387	416
7	9	0	52	416	480
7	9	0	53	480	505
7	4	9	54	537	567
7	8	10	55	613	687
7	0	0	56	933	1013
7	2	6	57	1013	1028
7	6	2	58	1238	1269
8	14	0	59	90	168
8	6	7	60	375	419
8	4	11	61	421	458
8	9	5	62	553	636
8	10	9	63	756	812
8	14	3	64	876	933
8	9	2	65	959	1020
8	11	5	66	1242	1255
9	7	9	67	94	103
9	13	9	68	249	278
9	8	10	69	295	368
9	0	5	70	387	411
9	0	7	71	1161	1196
10	8	7	72	0	29
10	13	9	73	103	166
10	13	9	74	322	400
10	6	1	75	419	470
10	9	0	76	521	553
10	12	10	77	687	772
10	8	3	78	834	876
10	11	6	79	1028	1080
10	6	11	80	1189	1225
10	0	11	81	1225	1262
11	13	1	82	0	32
11	11	3	83	157	170
11	14	3	84	608	662
11	12	9	85	812	853
11	10	9	86	997	1085
12	14	1	87	34	90
12	5	6	88	269	287
12	13	11	89	400	421
12	10	5	90	468	550
12	4	1	91	695	731
12	14	4	92	789	871
13	9	5	93	84	167
13	7	6	94	376	419
13	1	10	95	448	461
13	11	11	96	461	498
13	6	6	97	766	821
13	0	10	98	843	914
13	5	5	99	969	1061
14	9	10	100	0	31
14	13	11	101	186	249
14	2	8	102	249	286
14	1	8	103	418	440
14	12	8	104	440	530
14	1	10	105	530	586
14	3	0	106	748	804
15	0	6	107	0	75
15	2	2	108	101	112
15	7	7	109	290	349
15	0	7	110	579	632
15	2	5	111	636	654
15	0	3	112	743	812
15	8	8	113	1148	1238
16	7	0	114	0	22
16	12	9	115	65	93
16	4	3	116	96	157
16	4	3	117	170	233
16	13	3	118	552	608
16	3	1	119	818	849
16	14	1	120	936	962
16	6	3	121	1022	1081
16	1	2	122	1181	1238
17	7	10	123	31	94
17	8	10	124	98	181
17	5	1	125	208	269
17	3	6	126	295	320
17	7	9	127	431	475
17	12	8	128	530	549
17	5	6	129	882	954
17	4	7	130	969	1055
17	8	8	131	1055	1148
17	13	9	132	1200	1254
18	2	9	133	0	54
18	5	1	134	175	208
18	8	11	135	249	279
18	4	11	136	279	296
18	3	6	137	512	568
18	5	9	138	568	628
18	11	5	139	860	884
18	11	11	140	889	954
18	6	3	141	1081	1164
19	3	6	142	75	145
19	1	7	143	175	217
19	0	3	144	478	547
19	4	1	145	731	818
19	3	7	146	866	906
19	4	1	147	1057	1088
20	11	8	148	85	117
20	6	2	149	144	216
20	6	2	150	305	367
20	1	10	151	461	529
20	14	4	152	552	581
20	12	10	153	601	613
20	6	6	154	658	718
20	13	2	155	733	762
20	10	11	156	1085	1189
20	10	4	157	1200	1223
21	5	2	158	112	144
21	3	3	159	233	246
21	0	3	160	246	314
21	4	6	161	320	376
21	7	8	162	560	616
21	9	5	163	654	671
21	12	4	164	871	942
21	13	4	165	987	1073
21	2	2	166	1123	1181
22	2	5	167	297	387
22	11	11	168	498	584
22	1	2	169	647	733
22	7	9	170	853	939
22	1	10	171	987	1046
22	9	4	172	1073	1127
23	12	9	173	166	225
23	0	0	174	347	387
23	12	8	175	616	674
23	3	6	176	718	747
23	8	7	177	906	969
24	8	11	178	34	98
24	5	1	179	98	110
24	12	4	180	110	160
24	1	1	181	353	418
24	5	0	182	505	521
24	4	6	183	568	658
24	5	8	184	674	762
24	14	11	185	1036	1048
24	5	6	186	1080	1149
24	4	6	187	1149	1206
25	12	8	188	0	58
25	13	9	189	278	286
25	14	4	190	476	535
25	6	6	191	747	766
25	8	0	192	882	902
25	10	0	193	902	933
25	14	1	194	962	1023
26	9	3	195	42	71
26	10	0	196	228	304
26	2	2	197	762	789
26	7	11	198	954	1036
26	14	5	199	1203	1240
27	3	6	200	157	171
27	3	0	201	171	227
27	1	4	202	228	282
27	10	4	203	581	669
27	4	2	204	871	959
27	1	1	205	1099	1164
28	7	11	206	103	186
28	8	7	207	449	500
28	1	10	208	789	843
28	7	10	209	1046	1057
28	0	5	210	1061	1148
28	14	3	211	1164	1190
28	4	3	212	1206	1258
29	1	4	213	85	109
29	11	5	214	252	297
29	8	2	215	575	590
29	9	1	216	871	936
29	0	0	217	1013	1032
29	5	6	218	1206	1260
30	4	11	219	0	24
30	11	8	220	117	151
30	3	10	221	246	295
30	0	3	222	412	478
30	13	4	223	535	552
30	11	6	224	954	1011
30	7	10	225	1057	1131
30	2	7	226	1196	1265
31	14	6	227	171	268
31	3	1	228	626	695
31	1	4	229	757	789
31	2	2	230	1028	1123
31	14	3	231	1190	1203
32	1	1	232	110	175
32	14	4	233	419	476
32	7	7	234	632	706
32	13	9	235	1085	1163
32	11	1	236	1164	1242
33	7	7	237	217	290
33	13	9	238	290	322
33	9	3	239	353	412
33	10	5	240	412	468
33	5	1	241	470	481
33	2	5	242	671	760
33	7	8	243	762	836
33	1	4	244	942	987
33	12	7	245	1141	1161
34	5	0	246	22	77
34	3	6	247	145	157
34	10	4	248	160	228
34	13	2	249	427	513
34	9	3	250	671	743
34	3	10	251	914	983
35	0	3	252	314	343
35	5	8	253	348	392
35	6	1	254	481	553
35	0	0	255	637	713
35	5	2	256	789	870
35	12	0	257	1182	1254
36	14	11	258	24	34
36	3	1	259	568	626
36	14	4	260	669	757
36	9	1	261	1023	1057
36	9	10	262	1212	1269
37	13	2	263	39	100
37	1	8	264	286	348
37	3	10	265	368	448
37	4	9	266	475	537
37	12	10	267	586	601
37	10	11	268	669	713
37	7	9	269	713	756
37	13	0	270	804	882
37	13	5	271	884	969
37	3	8	272	986	1054
38	1	8	273	58	85
38	2	7	274	86	101
38	8	2	275	513	575
38	10	11	276	837	889
38	7	10	277	1131	1212
39	4	7	278	29	86
39	8	10	279	181	244
39	3	6	280	448	512
39	6	2	281	590	647
39	9	11	282	754	837
39	13	9	283	1163	1200


Solution History:
