This is the output of Heuristic Solver for Dual resource constrained flexible job shop Scheduling Problem.
Input file is: wfjsp15_2.txt
Method: FaFM_30_50_600
Seed: 5
Number of Jobs: 30
Number of Operations: 375
Number of Machines: 15
Number of Operators: 15
CPU Time: 221.202
obj: 1329
Best found lower bound:0
Solver gap (best found lower bound and upper bound difference): Not known


Final Solution:
Job	Machine	Operator	Operation	Start Time	Finish Time
0	4	5	0	105	185
0	4	6	1	258	325
0	13	7	2	448	468
0	14	9	3	584	617
0	10	2	4	725	742
0	0	2	5	760	780
0	9	1	6	844	914
0	12	5	7	966	977
0	9	7	8	1061	1133
0	8	1	9	1211	1248
1	14	14	10	0	55
1	14	10	11	55	70
1	0	8	12	88	157
1	1	10	13	308	378
1	13	12	14	381	442
1	10	5	15	484	554
1	9	12	16	570	607
1	12	9	17	640	680
1	12	1	18	681	701
1	5	3	19	729	788
1	12	11	20	807	890
1	10	4	21	968	1048
1	3	14	22	1071	1122
1	14	11	23	1228	1297
2	10	2	24	0	59
2	2	4	25	73	90
2	9	12	26	106	118
2	13	8	27	207	309
2	12	14	28	314	338
2	11	9	29	430	510
2	2	0	30	575	668
2	10	2	31	742	760
2	11	13	32	859	917
2	9	1	33	917	1003
2	9	10	34	1003	1061
2	4	9	35	1061	1086
2	7	13	36	1089	1137
2	12	9	37	1137	1173
2	4	14	38	1189	1251
3	5	1	39	0	80
3	14	14	40	149	175
3	2	4	41	199	212
3	3	6	42	212	243
3	11	6	43	243	257
3	0	2	44	301	343
3	0	14	45	448	528
3	13	7	46	599	637
3	10	5	47	639	725
3	5	3	48	788	872
3	8	14	49	941	1000
3	5	0	50	1051	1083
3	1	4	51	1163	1230
3	10	3	52	1288	1320
4	3	0	53	0	21
4	6	3	54	21	58
4	13	14	55	104	149
4	13	2	56	149	172
4	9	7	57	269	337
4	11	13	58	372	430
4	4	6	59	430	441
4	6	11	60	448	478
4	0	14	61	555	602
4	0	4	62	676	756
4	3	6	63	759	823
4	1	7	64	868	941
4	6	13	65	1037	1089
4	14	11	66	1131	1150
4	0	2	67	1173	1273
5	13	10	68	37	49
5	5	1	69	80	160
5	4	6	70	199	211
5	10	10	71	230	292
5	13	12	72	320	381
5	8	1	73	381	437
5	9	12	74	516	570
5	13	10	75	730	816
5	2	12	76	898	951
5	5	2	77	994	1051
5	4	1	78	1108	1189
6	3	10	79	25	37
6	11	13	80	54	107
6	8	12	81	186	236
6	0	2	82	243	301
6	9	7	83	337	353
6	12	11	84	353	439
6	7	11	85	490	510
6	7	11	86	573	595
6	4	6	87	599	630
6	5	3	88	699	729
6	1	5	89	770	868
6	0	5	90	899	962
6	14	11	91	1150	1228
6	2	8	92	1256	1326
7	1	7	93	0	10
7	4	0	94	21	45
7	14	10	95	70	148
7	0	2	96	175	243
7	10	0	97	427	484
7	1	7	98	514	599
7	12	9	99	711	794
7	2	0	100	802	819
7	8	8	101	835	905
7	7	6	102	1018	1078
7	0	2	103	1083	1134
7	12	9	104	1173	1245
8	10	2	105	59	147
8	9	1	106	164	194
8	4	14	107	211	258
8	14	7	108	353	418
8	3	13	109	479	545
8	6	13	110	647	696
8	7	11	111	717	747
8	7	11	112	747	792
8	2	6	113	823	890
8	12	5	114	977	1037
8	12	9	115	1039	1051
8	13	2	116	1070	1083
8	3	6	117	1122	1145
8	10	3	118	1205	1288
9	0	8	119	0	88
9	11	13	120	200	227
9	7	13	121	314	372
9	11	10	122	534	593
9	1	9	123	621	640
9	0	4	124	646	676
9	6	13	125	696	718
9	9	1	126	718	727
9	2	0	127	751	773
9	4	1	128	773	787
9	8	9	129	909	920
9	6	3	130	961	1037
9	3	10	131	1061	1071
9	8	1	132	1075	1107
9	5	14	133	1251	1306
10	9	12	134	0	51
10	13	14	135	55	104
10	13	8	136	175	207
10	11	6	137	334	367
10	1	5	138	380	436
10	10	5	139	554	639
10	11	13	140	730	784
10	0	2	141	832	899
10	11	9	142	976	1039
10	6	10	143	1089	1122
10	8	14	144	1122	1181
10	11	0	145	1281	1313
11	2	4	146	0	43
11	12	11	147	43	114
11	9	1	148	194	227
11	10	4	149	363	423
11	5	3	150	423	457
11	1	7	151	471	514
11	12	2	152	516	583
11	9	1	153	612	681
11	14	14	154	706	718
11	7	9	155	827	909
11	11	13	156	917	966
11	8	1	157	1003	1075
11	11	6	158	1078	1110
11	11	0	159	1110	1169
12	13	10	160	0	25
12	1	7	161	66	133
12	9	9	162	133	164
12	3	9	163	164	191
12	14	11	164	203	271
12	7	10	165	403	490
12	2	8	166	499	553
12	6	8	167	559	635
12	10	4	168	760	773
12	2	0	169	773	802
12	13	12	170	818	898
12	3	8	171	905	984
12	13	12	172	1083	1147
12	6	13	173	1195	1253
13	5	0	174	160	235
13	7	9	175	235	245
13	14	11	176	271	344
13	7	10	177	378	403
13	8	1	178	437	506
13	4	6	179	510	599
13	7	11	180	648	717
13	2	0	181	721	751
13	9	12	182	771	818
13	4	0	183	969	1044
13	2	8	184	1086	1159
13	4	1	185	1251	1327
14	8	9	186	0	47
14	3	0	187	127	157
14	12	5	188	280	314
14	2	8	189	395	470
14	14	9	190	510	584
14	3	10	191	593	637
14	9	1	192	727	771
14	12	11	193	890	966
14	3	10	194	984	1001
14	14	11	195	1092	1131
14	3	6	196	1145	1207
14	9	7	197	1209	1253
15	11	13	198	0	54
15	10	10	199	148	230
15	11	1	200	257	334
15	3	0	201	334	427
15	0	14	202	528	555
15	8	12	203	612	693
15	8	12	204	693	753
15	1	5	205	753	770
15	4	1	206	787	803
15	3	10	207	823	856
15	13	10	208	898	984
15	1	5	209	1068	1146
15	10	5	210	1146	1205
15	6	10	211	1253	1326
16	6	3	212	58	129
16	10	0	213	292	310
16	0	14	214	398	448
16	7	11	215	510	551
16	2	0	216	559	575
16	13	2	217	638	721
16	1	5	218	735	751
16	5	5	219	872	896
16	2	12	220	951	988
16	11	3	221	1039	1076
16	2	8	222	1076	1086
16	12	9	223	1086	1132
17	9	12	224	51	106
17	7	4	225	168	196
17	12	5	226	199	280
17	14	4	227	423	476
17	6	0	228	484	559
17	11	10	229	662	730
17	6	3	230	872	961
17	1	5	231	1037	1068
17	11	0	232	1169	1200
17	8	1	233	1200	1211
17	5	5	234	1226	1250
18	1	7	235	10	66
18	8	12	236	131	186
18	6	3	237	260	334
18	4	1	238	334	377
18	6	7	239	420	434
18	6	7	240	434	448
18	11	10	241	510	534
18	0	4	242	602	646
18	14	14	243	646	706
18	8	8	244	753	835
18	4	0	245	864	886
18	13	12	246	988	1070
18	5	3	247	1168	1202
18	7	13	248	1253	1305
19	3	0	249	45	127
19	6	3	250	129	146
19	7	9	251	196	229
19	9	7	252	229	269
19	0	14	253	357	398
19	14	4	254	476	509
19	6	7	255	724	820
19	4	0	256	820	864
19	1	7	257	941	966
19	9	7	258	1133	1209
19	12	9	259	1245	1329
20	12	5	260	0	40
20	7	4	261	90	168
20	5	0	262	235	267
20	1	13	263	267	308
20	4	6	264	441	510
20	13	4	265	510	597
20	2	0	266	668	721
20	10	4	267	773	849
20	14	14	268	868	929
20	14	11	269	1008	1092
20	10	4	270	1110	1143
20	0	2	271	1143	1173
20	13	12	272	1262	1326
21	1	7	273	133	229
21	5	0	274	267	279
21	8	5	275	319	380
21	5	3	276	457	533
21	12	2	277	583	638
21	11	10	278	647	662
21	3	8	279	707	741
21	11	13	280	805	859
21	7	6	281	953	1018
21	7	13	282	1137	1164
21	1	4	283	1230	1310
22	6	3	284	0	18
22	12	11	285	114	199
22	2	4	286	255	322
22	5	3	287	334	374
22	1	5	288	436	471
22	13	8	289	471	499
22	7	11	290	595	648
22	7	9	291	794	827
22	6	7	292	827	865
22	4	0	293	886	969
22	1	13	294	969	1034
22	1	4	295	1146	1163
22	3	6	296	1207	1272
23	2	6	297	90	199
23	2	8	298	322	395
23	8	1	299	506	571
23	1	14	300	602	621
23	6	10	301	637	647
23	9	9	302	681	710
23	12	11	303	794	807
23	14	14	304	807	868
23	14	9	305	941	976
23	0	7	306	976	1050
23	4	0	307	1086	1108
24	6	3	308	163	241
24	6	3	309	241	260
24	5	3	310	374	408
24	8	1	311	571	612
24	4	6	312	630	728
24	3	10	313	856	896
24	8	9	314	920	941
24	0	2	315	1051	1069
24	5	3	316	1083	1168
24	2	8	317	1242	1256
25	4	5	318	45	105
25	0	8	319	157	175
25	1	13	320	229	255
25	13	8	321	309	320
25	0	2	322	343	357
25	4	6	323	377	412
25	11	13	324	593	647
25	12	1	325	701	711
25	4	6	326	728	759
25	0	2	327	780	832
25	10	4	328	889	968
25	5	5	329	1205	1226
25	9	7	330	1253	1327
26	7	6	331	0	90
26	4	5	332	185	198
26	2	4	333	212	255
26	3	14	334	258	305
26	9	2	335	433	516
26	3	13	336	545	591
26	1	7	337	640	654
26	14	11	338	976	1008
26	10	4	339	1048	1110
26	6	10	340	1122	1168
26	2	8	341	1168	1242
26	3	6	342	1272	1306
27	8	9	343	47	131
27	6	3	344	146	163
27	14	14	345	175	203
27	6	9	346	334	420
27	12	12	347	442	515
27	5	3	348	603	699
27	14	14	349	718	806
27	10	4	350	849	889
27	5	2	351	899	994
27	11	0	352	1200	1281
28	11	13	353	107	200
28	7	9	354	245	314
28	5	0	355	314	326
28	9	2	356	357	433
28	3	13	357	433	479
28	7	11	358	551	573
28	3	8	359	637	707
28	9	1	360	818	844
28	7	6	361	909	953
28	3	14	362	1001	1061
28	6	13	363	1168	1195
28	13	12	364	1195	1262
29	2	4	365	43	73
29	9	12	366	118	130
29	8	12	367	236	319
29	10	4	368	322	363
29	5	3	369	533	603
29	1	7	370	654	724
29	1	5	371	725	735
29	11	13	372	784	805
29	2	8	373	988	1064
29	7	10	374	1168	1253


Solution History:
