This is the output of Heuristic Solver for Dual resource constrained flexible job shop Scheduling Problem.
Input file is: wfjsp11_1.txt
Method: FaFM_30_50_600
Seed: 1
Number of Jobs: 20
Number of Operations: 190
Number of Machines: 10
Number of Operators: 10
CPU Time: 219.065
obj: 981
Best found lower bound:0
Solver gap (best found lower bound and upper bound difference): Not known


Final Solution:
Job	Machine	Operator	Operation	Start Time	Finish Time
0	6	8	0	60	134
0	4	5	1	140	167
0	1	7	2	167	207
0	7	7	3	285	377
0	2	1	4	510	589
0	8	0	5	589	650
0	4	5	6	707	782
0	4	5	7	782	813
0	1	4	8	863	901
0	5	6	9	901	935
1	4	2	10	0	8
1	2	2	11	8	24
1	3	3	12	25	41
1	1	7	13	41	95
1	0	0	14	140	195
1	7	0	15	200	248
1	6	0	16	248	273
1	6	0	17	273	282
1	0	0	18	367	418
1	6	8	19	470	510
1	5	2	20	523	618
1	6	8	21	623	709
1	3	3	22	837	883
1	7	7	23	892	961
2	1	4	24	0	14
2	6	4	25	26	60
2	2	4	26	60	81
2	8	4	27	81	110
2	5	2	28	125	174
2	3	5	29	267	346
2	8	5	30	483	521
2	9	9	31	632	693
2	6	8	32	709	790
2	2	1	33	790	840
2	8	5	34	897	910
2	0	8	35	929	969
3	6	0	36	0	26
3	2	6	37	26	58
3	6	8	38	134	202
3	3	6	39	204	265
3	7	7	40	377	409
3	4	5	41	523	609
3	5	2	42	618	645
3	5	2	43	665	723
3	7	7	44	733	744
3	9	9	45	794	806
3	7	7	46	820	892
3	6	1	47	929	941
3	9	9	48	967	977
4	2	6	49	168	204
4	9	9	50	215	287
4	8	6	51	392	409
4	2	1	52	589	647
4	4	5	53	647	707
4	2	6	54	845	882
4	6	1	55	941	981
5	0	8	56	202	288
5	6	8	57	346	382
5	5	3	58	424	519
5	7	6	59	744	819
5	9	6	60	819	845
6	1	7	61	95	164
6	8	7	62	210	228
6	5	3	63	334	372
6	3	3	64	660	755
6	3	6	65	936	974
7	4	1	66	8	28
7	5	2	67	28	75
7	3	3	68	146	196
7	4	5	69	196	267
7	8	6	70	267	310
7	4	1	71	310	336
7	3	5	72	346	384
7	5	3	73	384	424
7	8	4	74	438	478
7	3	4	75	478	522
7	1	4	76	560	644
7	2	1	77	647	724
7	3	3	78	755	837
7	6	8	79	837	929
8	7	1	80	121	200
8	6	1	81	202	242
8	1	4	82	242	257
8	4	1	83	267	291
8	4	1	84	291	300
8	6	8	85	510	582
8	0	6	86	609	651
8	7	7	87	701	733
8	2	1	88	733	752
8	2	1	89	752	788
8	4	0	90	927	976
9	5	6	91	0	15
9	9	9	92	100	155
9	9	9	93	483	552
9	5	2	94	645	665
9	9	9	95	693	718
9	1	4	96	919	979
10	4	1	97	67	80
10	8	4	98	110	210
10	4	2	99	368	445
10	3	3	100	611	660
10	1	4	101	700	747
10	0	0	102	841	927
11	3	3	103	61	146
11	7	7	104	248	285
11	6	0	105	285	346
11	0	0	106	346	367
11	1	7	107	410	446
11	9	5	108	472	483
11	0	6	109	483	566
11	0	0	110	787	841
11	8	5	111	910	981
12	3	3	112	41	61
12	8	6	113	61	81
12	2	2	114	239	314
12	1	6	115	446	464
12	3	3	116	522	611
12	5	2	117	723	829
12	7	7	118	961	973
13	3	3	119	0	25
13	0	8	120	41	58
13	5	3	121	239	334
13	2	1	122	336	387
13	3	5	123	387	471
13	9	9	124	552	608
13	9	9	125	845	884
13	4	1	126	884	924
14	8	7	127	0	31
14	8	0	128	31	58
14	2	6	129	81	168
14	4	5	130	168	191
14	2	4	131	210	237
14	9	9	132	287	323
14	4	2	133	336	352
14	6	8	134	382	426
14	4	2	135	445	523
14	8	0	136	523	581
14	4	5	137	609	645
14	0	0	138	651	746
14	1	4	139	747	789
14	1	4	140	789	863
15	7	5	141	0	77
15	7	1	142	80	121
15	8	6	143	310	392
15	9	9	144	400	472
15	1	0	145	473	519
15	6	8	146	582	623
15	1	4	147	644	700
15	8	5	148	820	897
15	9	9	149	897	967
16	4	1	150	28	67
16	4	5	151	80	140
16	9	9	152	155	215
16	9	9	153	323	383
16	6	8	154	426	470
16	2	1	155	470	510
16	1	4	156	522	560
16	9	9	157	718	794
16	6	8	158	794	835
16	5	2	159	848	901
16	2	2	160	901	977
17	9	9	161	0	73
17	9	9	162	73	100
17	5	2	163	222	239
17	0	8	164	288	341
17	4	2	165	352	368
17	9	9	166	383	400
17	0	0	167	418	473
17	7	7	168	500	533
17	9	9	169	608	632
17	8	6	170	651	739
17	8	7	171	744	820
17	1	4	172	901	919
18	5	2	173	75	125
18	1	4	174	257	334
18	2	1	175	387	467
18	7	7	176	467	500
18	0	6	177	566	609
18	4	1	178	840	880
19	0	8	179	0	41
19	0	0	180	58	140
19	5	2	181	174	222
19	1	4	182	334	410
19	8	6	183	410	438
19	7	7	184	533	609
19	7	7	185	609	701
19	0	0	186	746	787
19	5	2	187	829	848
19	3	3	188	883	936
19	5	3	189	936	974


Solution History:
