This is the output of Heuristic Solver for Dual resource constrained flexible job shop Scheduling Problem.
Input file is: wfjsp18_3.txt
Method: FaFM_30_50_600
Seed: 3
Number of Jobs: 20
Number of Operations: 168
Number of Machines: 10
Number of Operators: 8
CPU Time: 186.038
obj: 1135
Best found lower bound:0
Solver gap (best found lower bound and upper bound difference): Not known


Final Solution:
Job	Machine	Operator	Operation	Start Time	Finish Time
0	0	4	0	0	72
0	5	1	1	97	114
0	2	7	2	117	133
0	8	2	3	316	394
0	9	6	4	406	476
0	1	7	5	648	725
0	6	0	6	827	911
0	8	2	7	935	973
0	1	3	8	1039	1135
1	4	6	9	26	40
1	5	1	10	114	180
1	3	7	11	406	507
1	6	2	12	549	568
1	0	3	13	568	668
1	4	5	14	774	871
1	6	0	15	911	940
1	7	1	16	1080	1132
2	8	5	17	0	17
2	9	6	18	40	105
2	6	3	19	131	143
2	8	3	20	143	169
2	3	1	21	301	344
2	2	7	22	549	646
2	8	5	23	648	711
2	8	7	24	814	847
2	8	7	25	847	923
2	9	6	26	1032	1133
3	5	5	27	37	46
3	7	4	28	72	103
3	7	5	29	171	275
3	8	3	30	491	530
3	3	5	31	556	585
3	6	2	32	585	648
3	5	5	33	871	931
3	8	3	34	973	1039
4	2	0	35	0	97
4	4	3	36	240	341
4	4	3	37	388	406
4	2	4	38	474	501
4	7	4	39	503	590
4	9	7	40	774	789
4	3	7	41	789	814
4	5	1	42	946	1012
4	8	4	43	1039	1075
4	3	2	44	1080	1135
5	4	2	45	87	180
5	5	1	46	180	261
5	5	4	47	328	404
5	6	2	48	404	421
5	8	3	49	530	545
5	9	2	50	648	707
5	6	4	51	765	827
5	3	1	52	877	918
5	2	4	53	931	955
5	9	6	54	979	1032
6	4	2	55	0	26
6	9	6	56	105	133
6	8	2	57	235	316
6	1	7	58	326	406
6	6	2	59	421	521
6	2	0	60	647	744
6	0	3	61	758	769
6	1	6	62	801	858
6	4	7	63	923	1026
7	8	7	64	35	73
7	8	4	65	178	209
7	8	3	66	430	491
7	3	7	67	507	549
7	1	1	68	576	648
7	0	1	69	712	724
7	0	0	70	1040	1135
8	4	3	71	180	240
8	2	0	72	315	344
8	7	0	73	421	503
8	6	2	74	521	549
8	2	0	75	744	811
8	1	3	76	860	873
9	8	7	77	73	104
9	2	7	78	104	117
9	6	6	79	208	284
9	5	6	80	538	634
9	4	6	81	712	761
9	5	3	82	769	788
9	7	2	83	1034	1071
9	8	4	84	1075	1090
10	1	7	85	212	290
10	5	4	86	290	328
10	9	6	87	374	406
10	1	3	88	406	430
10	4	6	89	634	666
10	9	5	90	711	774
10	7	2	91	887	935
10	1	3	92	944	971
10	2	4	93	1007	1039
11	1	1	94	51	97
11	3	4	95	103	178
11	2	0	96	199	239
11	2	0	97	239	315
11	0	1	98	344	444
11	7	4	99	590	686
11	6	4	100	710	765
11	1	6	101	766	801
11	7	5	102	935	1031
11	2	7	103	1051	1130
12	3	7	104	0	35
12	1	1	105	37	51
12	6	3	106	61	131
12	4	3	107	341	388
12	2	5	108	388	455
12	4	5	109	455	556
12	8	2	110	711	802
12	2	4	111	827	931
12	3	4	112	955	1007
12	5	5	113	1031	1064
13	1	6	114	0	24
13	1	0	115	97	135
13	7	5	116	135	171
13	2	5	117	344	355
13	9	0	118	503	580
13	5	5	119	1064	1134
14	9	5	120	17	32
14	9	0	121	135	199
14	3	1	122	261	301
14	9	6	123	476	503
14	5	3	124	788	860
14	4	3	125	873	920
14	6	2	126	973	1034
15	6	3	127	0	61
15	0	4	128	209	278
15	1	1	129	444	516
15	7	4	130	686	710
15	9	6	131	858	916
15	0	3	132	920	944
15	3	1	133	1012	1080
16	5	1	134	0	37
16	7	5	135	103	131
16	0	6	136	133	208
16	6	6	137	310	374
16	0	6	138	503	538
16	5	1	139	648	707
16	5	3	140	710	758
16	0	1	141	787	814
16	9	6	142	916	944
16	0	0	143	944	1040
17	1	7	144	135	212
17	3	2	145	217	235
17	6	6	146	284	310
17	5	4	147	404	474
17	1	1	148	516	576
17	0	1	149	814	877
18	3	2	150	35	87
18	1	7	151	290	326
18	3	5	152	355	386
18	3	5	153	585	648
18	0	6	154	668	712
18	1	7	155	725	766
18	9	6	156	944	979
18	4	7	157	1026	1051
18	6	4	158	1090	1126
19	5	5	159	46	95
19	3	2	160	180	217
19	7	5	161	275	343
19	7	0	162	344	421
19	9	0	163	580	647
19	6	3	164	668	710
19	3	1	165	724	787
19	7	2	166	802	887
19	3	1	167	918	946


Solution History:
