This is the output of Heuristic Solver for Dual resource constrained flexible job shop Scheduling Problem.
Input file is: wfjsp14_4.txt
Method: FaFM_30_50_600
Seed: 5
Number of Jobs: 30
Number of Operations: 231
Number of Machines: 15
Number of Operators: 15
CPU Time: 293.108
obj: 813
Best found lower bound:0
Solver gap (best found lower bound and upper bound difference): Not known


Final Solution:
Job	Machine	Operator	Operation	Start Time	Finish Time
0	1	1	0	40	115
0	4	9	1	244	303
0	12	14	2	312	383
0	0	7	3	403	465
0	9	0	4	493	587
0	10	6	5	588	617
0	6	10	6	665	715
0	4	10	7	715	728
0	1	0	8	745	794
1	8	0	9	12	37
1	5	6	10	114	130
1	6	9	11	133	178
1	6	13	12	241	307
1	1	2	13	334	357
1	8	2	14	357	431
1	7	5	15	433	507
1	8	2	16	625	686
1	8	2	17	715	762
2	0	11	18	0	31
2	6	9	19	65	82
2	9	7	20	101	147
2	7	10	21	182	260
2	3	3	22	274	286
2	8	7	23	530	593
2	12	13	24	660	729
3	8	0	25	0	12
3	3	6	26	27	114
3	0	1	27	256	330
3	12	13	28	414	504
3	5	8	29	515	564
3	12	3	30	564	660
4	0	11	31	125	192
4	7	5	32	301	377
4	14	3	33	378	426
4	14	6	34	426	443
4	13	11	35	639	707
4	12	10	36	729	756
4	3	6	37	786	808
5	13	2	38	0	64
5	13	4	39	254	298
5	7	5	40	377	433
5	3	1	41	458	494
5	2	4	42	601	653
5	1	9	43	668	736
6	11	12	44	0	71
6	9	7	45	147	211
6	6	13	46	211	241
6	3	5	47	247	273
6	0	1	48	330	393
6	11	13	49	617	649
6	5	8	50	692	743
6	12	10	51	756	788
7	5	5	52	14	110
7	1	2	53	195	233
7	7	10	54	260	273
7	7	5	55	273	301
7	11	12	56	323	404
7	3	1	57	446	458
7	4	14	58	567	639
7	13	11	59	707	754
7	10	5	60	754	813
8	1	1	61	0	40
8	0	11	62	96	125
8	1	1	63	155	167
8	2	0	64	170	199
8	14	11	65	267	315
8	3	4	66	386	446
8	7	3	67	507	546
8	14	1	68	588	621
9	2	4	69	0	60
9	2	0	70	108	170
9	11	12	71	288	323
9	6	9	72	376	424
9	10	5	73	507	581
9	5	5	74	581	628
9	13	11	75	628	639
9	3	6	76	639	705
9	11	12	77	762	810
10	8	7	78	39	61
10	5	6	79	130	219
10	8	8	80	219	285
10	14	11	81	315	369
10	6	9	82	424	478
10	6	10	83	478	505
10	6	10	84	505	599
10	13	11	85	607	628
10	2	4	86	740	769
11	1	1	87	115	155
11	10	14	88	195	264
11	9	1	89	403	442
11	9	4	90	446	470
11	10	6	91	470	495
11	2	12	92	533	601
11	14	1	93	621	678
11	7	3	94	766	804
12	2	4	95	60	108
12	10	3	96	121	195
12	2	0	97	199	263
12	13	4	98	298	343
12	5	11	99	369	381
12	13	8	100	397	444
12	5	8	101	487	515
12	8	2	102	686	715
12	7	14	103	719	766
12	12	11	104	788	809
13	7	8	105	0	70
13	4	10	106	106	182
13	13	4	107	208	254
13	10	14	108	264	311
13	4	9	109	311	376
13	4	10	110	399	464
13	1	9	111	533	581
13	4	14	112	639	704
13	14	1	113	711	799
13	1	10	114	799	808
14	7	8	115	70	164
14	8	8	116	164	213
14	10	6	117	312	399
14	11	12	118	404	431
14	2	4	119	474	522
14	7	5	120	628	663
14	14	1	121	678	711
15	14	7	122	0	39
15	14	0	123	39	104
15	12	13	124	152	200
15	12	3	125	200	274
15	2	0	126	326	405
15	11	2	127	431	482
15	3	6	128	495	522
15	7	2	129	548	625
15	4	9	130	736	812
16	6	9	131	82	133
16	0	1	132	205	256
16	8	8	133	285	303
16	9	7	134	352	403
16	5	8	135	447	487
16	4	14	136	533	567
16	7	5	137	663	719
17	10	3	138	0	47
17	8	7	139	61	78
17	9	7	140	78	101
17	11	14	141	146	195
17	1	2	142	233	334
17	1	14	143	490	533
17	11	13	144	550	617
17	2	4	145	653	740
18	3	6	146	0	27
18	10	3	147	47	121
18	0	1	148	193	205
18	12	10	149	274	312
18	13	4	150	343	386
18	10	6	151	399	425
18	10	3	152	426	460
18	4	7	153	465	529
18	9	3	154	668	760
19	3	5	155	114	206
19	11	12	156	222	288
19	9	7	157	332	352
19	1	10	158	372	399
19	13	11	159	447	476
19	11	2	160	482	548
19	0	4	161	548	599
19	6	10	162	599	665
20	6	13	163	307	374
20	14	6	164	443	469
20	2	4	165	522	533
20	8	8	166	593	620
20	1	9	167	625	668
21	6	9	168	0	65
21	8	12	169	78	161
21	14	11	170	195	267
21	3	3	171	286	378
21	9	3	172	470	493
21	14	1	173	494	588
21	0	12	174	601	670
21	11	12	175	670	762
21	9	2	176	762	790
21	2	2	177	791	805
22	9	14	178	0	43
22	13	2	179	64	113
22	4	8	180	376	397
22	8	12	181	458	530
22	1	9	182	581	612
22	0	7	183	670	753
23	12	13	184	0	69
23	11	14	185	73	146
23	2	0	186	263	326
23	5	10	187	338	366
23	2	0	188	405	474
23	0	9	189	478	526
23	13	11	190	545	607
23	3	6	191	705	786
24	4	10	192	0	60
24	4	9	193	182	244
24	5	11	194	381	447
24	3	7	195	593	620
24	3	6	196	620	637
24	2	4	197	769	791
25	14	2	198	113	195
25	3	5	199	206	247
25	1	0	200	480	490
25	9	0	201	587	620
25	5	8	202	628	692
25	6	13	203	729	807
26	5	5	204	0	14
26	12	13	205	69	152
26	11	12	206	195	222
26	5	6	207	222	312
26	5	10	208	312	338
26	1	8	209	357	372
26	12	13	210	383	414
26	1	14	211	414	480
26	3	6	212	522	588
26	5	8	213	743	792
27	9	14	214	43	73
27	8	8	215	303	352
27	8	12	216	431	458
27	1	9	217	612	625
27	13	11	218	754	782
28	4	10	219	60	106
28	13	4	220	113	208
28	13	11	221	476	545
28	10	0	222	620	689
28	10	0	223	689	745
29	0	11	224	31	96
29	1	1	225	167	193
29	9	7	226	211	238
29	9	7	227	238	332
29	12	13	228	504	550
29	9	7	229	620	668
29	8	7	230	762	809


Solution History:
