This is the output of Heuristic Solver for Dual resource constrained flexible job shop Scheduling Problem.
Input file is: wfjsp6_1.txt
Method: FaFM_30_50_600
Seed: 4
Number of Jobs: 12
Number of Operations: 70
Number of Machines: 5
Number of Operators: 5
CPU Time: 27.0631
obj: 690
Best found lower bound:0
Solver gap (best found lower bound and upper bound difference): Not known


Final Solution:
Job	Machine	Operator	Operation	Start Time	Finish Time
0	3	2	0	0	78
0	2	0	1	90	115
0	4	3	2	153	204
0	2	2	3	274	377
0	2	2	4	377	452
0	0	1	5	471	526
0	3	2	6	563	647
0	3	0	7	647	684
1	4	4	8	0	38
1	4	3	9	242	280
1	1	4	10	404	412
1	1	4	11	486	502
1	2	2	12	516	530
1	4	3	13	591	634
2	3	1	14	88	164
2	0	2	15	175	218
2	0	1	16	450	471
2	1	4	17	663	671
3	0	2	18	78	133
3	0	2	19	133	175
3	1	4	20	183	282
3	4	3	21	350	444
3	4	3	22	444	494
3	4	3	23	494	575
3	4	3	24	575	591
3	1	4	25	628	663
3	0	1	26	670	690
4	2	0	27	0	21
4	1	0	28	22	67
4	3	1	29	164	243
4	1	4	30	290	328
4	0	1	31	385	450
4	0	1	32	526	615
4	4	3	33	634	677
5	1	4	34	68	81
5	4	3	35	90	141
5	0	2	36	218	244
5	2	2	37	244	274
5	1	4	38	328	404
5	1	4	39	412	486
6	4	4	40	38	68
6	3	0	41	243	333
6	1	4	42	502	535
6	2	0	43	553	606
6	1	4	44	671	682
7	4	3	45	141	153
7	2	0	46	159	242
7	1	4	47	282	290
7	3	2	48	553	563
7	2	2	49	647	689
8	0	3	50	0	75
8	4	0	51	75	90
8	4	3	52	280	350
8	2	2	53	452	516
8	1	4	54	535	581
8	1	4	55	581	628
9	1	4	56	81	183
9	4	3	57	204	242
9	0	1	58	244	335
9	3	0	59	335	395
9	2	2	60	530	553
9	0	1	61	615	670
10	1	1	62	0	22
10	2	0	63	115	159
10	3	0	64	461	552
10	2	0	65	606	645
11	2	1	66	22	42
11	2	1	67	42	88
11	0	1	68	335	385
11	3	0	69	395	461


Solution History:
