This is the output of Heuristic Solver for Dual resource constrained flexible job shop Scheduling Problem.
Input file is: wfjsp15_7.txt
Method: FaFM_30_50_600
Seed: 4
Number of Jobs: 30
Number of Operations: 386
Number of Machines: 15
Number of Operators: 15
CPU Time: 633.477
obj: 1341
Best found lower bound:0
Solver gap (best found lower bound and upper bound difference): Not known


Final Solution:
Job	Machine	Operator	Operation	Start Time	Finish Time
0	8	1	0	49	129
0	1	0	1	149	161
0	6	7	2	165	204
0	12	5	3	356	466
0	0	6	4	488	508
0	12	5	5	543	585
0	4	11	6	585	617
0	1	3	7	645	681
0	3	3	8	681	690
0	9	1	9	920	960
0	6	7	10	1032	1107
0	3	9	11	1163	1241
0	0	5	12	1246	1325
1	1	0	13	0	55
1	12	5	14	62	103
1	12	11	15	203	220
1	3	10	16	286	369
1	13	9	17	389	463
1	9	0	18	501	557
1	8	8	19	576	644
1	12	13	20	726	792
1	0	5	21	792	827
1	14	2	22	857	869
1	8	11	23	955	1035
1	12	5	24	1035	1048
1	10	8	25	1136	1202
1	6	13	26	1202	1213
1	10	10	27	1253	1341
2	14	7	28	0	46
2	10	2	29	46	76
2	5	13	30	110	181
2	7	9	31	228	305
2	8	8	32	388	462
2	14	12	33	475	487
2	7	13	34	503	570
2	10	2	35	570	643
2	9	13	36	693	720
2	3	7	37	748	773
2	8	12	38	773	809
2	3	13	39	825	894
2	0	6	40	1020	1096
2	14	12	41	1124	1191
2	8	4	42	1218	1301
3	13	3	43	13	47
3	9	7	44	204	228
3	5	13	45	254	290
3	10	2	46	396	478
3	10	2	47	506	567
3	9	1	48	721	781
3	10	0	49	800	854
3	10	4	50	854	874
3	3	7	51	945	984
3	8	12	52	1053	1124
4	8	1	53	8	38
4	8	1	54	38	49
4	3	6	55	49	96
4	0	9	56	114	188
4	10	2	57	278	318
4	5	13	58	346	384
4	4	11	59	388	413
4	14	12	60	436	459
4	3	10	61	528	557
4	7	11	62	624	680
4	8	0	63	680	737
4	11	10	64	850	932
4	12	7	65	984	1032
4	1	10	66	1046	1114
4	11	14	67	1158	1248
5	14	12	68	110	178
5	2	10	69	178	244
5	5	14	70	384	405
5	11	7	71	436	485
5	3	0	72	557	614
5	0	6	73	699	772
5	6	8	74	820	872
5	12	11	75	895	911
5	6	13	76	989	1029
5	7	13	77	1094	1165
5	6	13	78	1213	1249
6	10	2	79	0	36
6	5	13	80	181	254
6	14	1	81	260	272
6	5	13	82	331	346
6	1	1	83	362	421
6	1	3	84	421	441
6	0	6	85	463	488
6	6	1	86	606	662
6	7	11	87	735	793
6	14	2	88	806	857
6	6	8	89	872	884
6	5	2	90	938	1016
6	6	3	91	1120	1148
6	13	1	92	1195	1232
7	7	13	93	0	16
7	5	13	94	16	49
7	2	7	95	90	164
7	14	12	96	178	188
7	7	9	97	305	356
7	10	2	98	379	396
7	7	1	99	447	503
7	4	10	100	624	704
7	7	14	101	706	733
7	7	14	102	825	916
7	13	9	103	916	972
7	7	14	104	974	1011
7	1	3	105	1178	1231
8	5	13	106	49	110
8	1	0	107	110	149
8	1	0	108	308	362
8	0	0	109	362	390
8	8	8	110	462	491
8	2	1	111	503	517
8	13	9	112	547	577
8	5	12	113	599	637
8	1	8	114	681	761
8	5	14	115	761	816
8	3	3	116	1040	1120
8	7	13	117	1165	1178
8	14	14	118	1257	1307
9	9	12	119	27	66
9	11	10	120	71	107
9	11	5	121	251	332
9	6	3	122	380	420
9	6	1	123	523	606
9	9	13	124	610	693
9	9	7	125	781	861
9	8	8	126	921	953
9	13	3	127	1232	1268
9	5	2	128	1299	1313
10	11	10	129	0	27
10	10	2	130	76	117
10	4	0	131	223	239
10	12	11	132	291	347
10	6	4	133	438	523
10	11	12	134	558	566
10	11	14	135	650	701
10	5	2	136	869	938
10	4	11	137	1107	1171
10	4	0	138	1183	1261
11	13	3	139	0	13
11	0	9	140	13	48
11	10	8	141	117	168
11	1	3	142	256	308
11	6	3	143	308	380
11	4	11	144	413	484
11	2	4	145	523	572
11	1	3	146	572	596
11	12	5	147	613	698
11	2	4	148	745	825
11	6	8	149	884	921
11	11	10	150	932	1011
11	2	4	151	1054	1135
11	3	9	152	1144	1163
11	0	6	153	1184	1210
12	9	14	154	0	27
12	7	14	155	27	56
12	3	3	156	166	245
12	8	4	157	301	353
12	2	4	158	353	430
12	5	14	159	492	529
12	0	6	160	639	699
12	11	5	161	701	787
12	8	1	162	850	920
12	5	2	163	1016	1086
12	9	7	164	1107	1189
12	2	10	165	1189	1214
12	10	8	166	1214	1245
12	1	8	167	1245	1254
12	12	11	168	1263	1332
13	13	6	169	139	223
13	8	4	170	223	241
13	4	10	171	244	282
13	14	12	172	282	297
13	10	2	173	318	349
13	5	14	174	455	492
13	0	6	175	588	639
13	5	12	176	639	663
13	12	10	177	704	726
13	1	3	178	820	857
13	12	6	179	911	979
13	3	9	180	1020	1040
13	4	9	181	1040	1053
13	2	10	182	1135	1179
13	14	12	183	1191	1257
14	3	6	184	0	24
14	13	9	185	48	103
14	3	6	186	245	286
14	12	5	187	347	356
14	9	13	188	384	470
14	12	5	189	474	543
14	2	4	190	572	638
14	13	9	191	733	821
14	9	1	192	960	993
14	13	1	193	1126	1195
15	6	3	194	57	126
15	4	2	195	126	167
15	13	7	196	302	344
15	11	7	197	344	418
15	14	7	198	584	632
15	11	14	199	641	650
15	6	12	200	663	742
15	3	6	201	773	822
15	8	4	202	825	849
15	0	5	203	883	938
15	12	5	204	1048	1116
15	0	6	205	1210	1246
15	6	12	206	1257	1339
16	6	3	207	126	165
16	14	1	208	248	260
16	14	12	209	297	352
16	12	5	210	466	474
16	8	8	211	491	506
16	4	11	212	510	577
16	9	13	213	577	610
16	6	3	214	748	820
16	13	9	215	972	1014
16	0	6	216	1147	1184
16	3	6	217	1299	1317
17	4	11	218	0	70
17	9	11	219	110	203
17	12	11	220	220	291
17	3	6	221	389	463
17	3	10	222	463	528
17	14	7	223	632	705
17	2	4	224	705	745
17	1	8	225	761	819
17	4	9	226	821	875
17	10	4	227	875	959
17	9	0	228	993	1056
17	14	8	229	1056	1095
17	8	4	230	1135	1218
17	2	8	231	1254	1336
18	12	4	232	103	202
18	2	8	233	263	345
18	14	12	234	352	436
18	14	12	235	459	475
18	8	8	236	506	576
18	10	2	237	643	729
18	11	1	238	787	850
18	2	0	239	854	949
18	2	0	240	949	962
18	10	0	241	1095	1123
18	10	2	242	1123	1136
18	6	3	243	1148	1178
18	5	2	244	1199	1267
19	7	14	245	56	141
19	7	14	246	141	228
19	5	13	247	290	331
19	8	8	248	353	388
19	5	14	249	405	455
19	11	12	250	487	558
19	1	3	251	596	645
19	4	11	252	706	735
19	5	7	253	735	747
19	7	13	254	916	947
19	6	13	255	947	989
19	4	3	256	989	1029
19	8	11	257	1035	1052
19	12	5	258	1116	1201
19	13	3	259	1268	1337
20	2	4	260	0	38
20	3	10	261	107	142
20	6	7	262	228	302
20	13	9	263	463	547
20	1	3	264	551	566
20	7	11	265	680	706
20	3	3	266	706	748
20	7	13	267	793	825
20	0	5	268	938	1017
20	7	13	269	1029	1094
20	0	6	270	1096	1147
20	11	7	271	1248	1320
20	8	1	272	1321	1330
21	14	7	273	46	90
21	1	2	274	167	251
21	4	6	275	286	347
21	9	13	276	470	499
21	11	12	277	566	599
21	13	9	278	665	733
21	14	12	279	896	982
21	9	0	280	1056	1095
21	1	0	281	1123	1178
21	4	9	282	1261	1313
22	6	8	283	0	57
22	10	8	284	168	242
22	0	8	285	242	263
22	0	1	286	272	358
22	1	3	287	441	466
22	7	10	288	570	624
22	2	4	289	638	698
22	14	2	290	731	806
22	2	10	291	825	836
22	1	3	292	857	936
22	2	8	293	962	1045
22	5	2	294	1136	1199
22	8	4	295	1301	1317
23	2	4	296	38	88
23	9	14	297	228	315
23	7	9	298	356	374
23	3	9	299	374	389
23	0	0	300	390	446
23	2	0	301	446	501
23	11	14	302	599	641
23	8	12	303	809	821
23	9	7	304	861	911
23	4	11	305	911	955
23	4	14	306	955	974
23	14	2	307	1095	1123
23	4	11	308	1171	1183
23	2	10	309	1214	1253
23	1	0	310	1261	1319
24	8	1	311	0	8
24	11	10	312	27	53
24	13	6	313	103	139
24	11	5	314	181	251
24	10	2	315	251	278
24	9	14	316	315	384
24	14	14	317	534	581
24	8	12	318	742	772
24	13	6	319	822	909
24	3	7	320	911	945
24	3	6	321	984	1020
24	4	9	322	1053	1107
24	9	7	323	1189	1239
24	7	13	324	1249	1316
25	9	12	325	66	110
25	3	10	326	142	166
25	4	0	327	167	223
25	4	6	328	347	388
25	0	6	329	508	588
25	12	11	330	867	895
25	10	4	331	959	1011
25	11	14	332	1011	1073
25	11	14	333	1073	1158
25	3	6	334	1246	1299
26	0	8	335	57	114
26	13	6	336	223	244
26	8	0	337	244	299
26	6	1	338	421	438
26	10	2	339	478	506
26	5	7	340	534	584
26	8	8	341	644	678
26	5	12	342	821	864
26	14	12	343	982	1053
26	9	1	344	1239	1321
27	1	0	345	55	109
27	8	1	346	129	207
27	0	1	347	207	242
27	2	3	348	245	256
27	7	10	349	374	447
27	4	11	350	484	510
27	13	9	351	577	665
27	12	11	352	793	867
27	14	12	353	869	896
27	1	3	354	936	987
27	7	10	355	1011	1021
27	1	10	356	1021	1046
27	13	8	357	1098	1122
27	3	9	358	1122	1144
27	12	11	359	1247	1263
28	12	5	360	0	62
28	11	5	361	107	181
28	14	12	362	188	248
28	10	2	363	349	379
28	11	7	364	418	436
28	1	3	365	466	551
28	12	5	366	585	613
28	3	0	367	614	675
28	5	1	368	675	721
28	10	0	369	737	800
28	0	5	370	827	883
28	10	4	371	1011	1054
28	10	2	372	1086	1095
28	7	11	373	1183	1247
28	5	2	374	1267	1299
29	3	6	375	24	43
29	11	10	376	53	71
29	6	4	377	204	219
29	13	4	378	244	301
29	14	7	379	487	534
29	5	14	380	584	598
29	14	7	381	705	731
29	4	10	382	735	790
29	13	1	383	1014	1098
29	5	1	384	1098	1126
29	12	5	385	1201	1246


Solution History:
