This is the output of Heuristic Solver for Dual resource constrained flexible job shop Scheduling Problem.
Input file is: wfjsp17_6.txt
Method: FaFM_30_50_600
Seed: 5
Number of Jobs: 15
Number of Operations: 134
Number of Machines: 5
Number of Operators: 4
CPU Time: 97.1745
obj: 1731
Best found lower bound:0
Solver gap (best found lower bound and upper bound difference): Not known


Final Solution:
Job	Machine	Operator	Operation	Start Time	Finish Time
0	4	3	0	0	61
0	4	1	1	229	269
0	0	2	2	405	474
0	4	0	3	604	646
0	0	2	4	797	886
0	0	2	5	956	1041
0	3	0	6	1147	1176
0	0	3	7	1454	1481
0	3	2	8	1558	1643
1	0	1	9	40	54
1	0	2	10	276	365
1	3	0	11	381	448
1	3	0	12	467	501
1	1	2	13	734	774
1	4	3	14	960	1016
1	3	2	15	1196	1285
1	0	1	16	1586	1666
2	2	3	17	115	205
2	3	0	18	288	316
2	3	1	19	544	589
2	1	3	20	609	669
2	3	0	21	752	794
2	2	1	22	1145	1227
2	4	0	23	1381	1456
2	0	1	24	1529	1586
3	0	1	25	0	40
3	1	0	26	48	82
3	1	0	27	184	194
3	3	0	28	316	381
3	4	3	29	713	797
3	4	3	30	913	960
3	2	1	31	1023	1038
3	2	3	32	1049	1136
3	3	1	33	1337	1414
3	1	3	34	1570	1607
4	1	0	35	104	184
4	0	2	36	365	405
4	4	0	37	579	604
4	3	0	38	794	880
4	2	1	39	1301	1337
4	1	2	40	1452	1502
4	1	2	41	1502	1547
4	4	0	42	1661	1727
5	0	1	43	54	140
5	2	3	44	389	477
5	2	3	45	561	609
5	3	0	46	880	971
5	1	3	47	1016	1049
5	1	0	48	1246	1292
5	4	3	49	1305	1317
5	3	1	50	1414	1496
5	0	1	51	1496	1529
5	3	2	52	1547	1558
6	2	0	53	0	48
6	3	0	54	194	288
6	1	3	55	312	322
6	0	2	56	613	694
6	1	3	57	797	862
6	1	2	58	886	956
6	2	1	59	978	1023
6	0	2	60	1317	1402
6	1	0	61	1624	1636
6	1	2	62	1643	1731
7	3	2	63	25	77
7	2	0	64	82	104
7	2	3	65	205	231
7	2	3	66	477	561
7	1	2	67	694	734
7	0	2	68	1041	1127
7	1	0	69	1179	1246
7	1	2	70	1402	1417
7	0	2	71	1417	1452
7	2	3	72	1646	1681
8	3	2	73	104	192
8	2	1	74	269	305
8	3	1	75	589	632
8	0	1	76	728	738
8	1	2	77	774	797
8	2	1	78	897	978
8	2	3	79	1481	1570
8	1	3	80	1607	1618
8	4	0	81	1636	1661
9	3	2	82	0	9
9	4	1	83	389	478
9	4	0	84	503	525
9	2	0	85	646	734
9	3	0	86	971	1059
9	1	2	87	1127	1179
9	2	1	88	1227	1250
9	3	2	89	1285	1317
10	0	2	90	192	276
10	1	3	91	294	312
10	1	0	92	448	467
10	3	1	93	503	544
10	0	2	94	563	613
10	4	3	95	669	713
10	3	0	96	1059	1147
10	4	0	97	1489	1584
10	2	3	98	1618	1646
11	4	3	99	322	387
11	4	0	100	525	579
11	0	1	101	717	728
11	2	1	102	809	848
11	2	1	103	848	897
11	0	2	104	1179	1196
11	4	3	105	1317	1349
11	2	3	106	1349	1370
11	4	0	107	1584	1624
12	4	1	108	140	229
12	1	3	109	231	266
12	1	3	110	266	294
12	2	1	111	305	389
12	4	1	112	478	503
12	4	3	113	862	913
12	4	3	114	1136	1211
12	0	3	115	1211	1305
12	2	3	116	1370	1454
12	4	0	117	1456	1489
13	3	2	118	9	25
13	4	3	119	61	71
13	1	2	120	82	104
13	1	2	121	474	563
13	3	0	122	734	752
13	2	1	123	783	809
13	1	0	124	1292	1381
13	0	1	125	1666	1731
14	4	3	126	71	115
14	3	1	127	632	717
14	2	1	128	738	783
14	2	1	129	1038	1047
14	4	1	130	1047	1124
14	0	1	131	1127	1145
14	4	1	132	1250	1301
14	2	3	133	1681	1731


Solution History:
