This is the output of Heuristic Solver for Dual resource constrained flexible job shop Scheduling Problem.
Input file is: wfjsp11_3.txt
Method: FaFM_30_50_600
Seed: 3
Number of Jobs: 20
Number of Operations: 209
Number of Machines: 10
Number of Operators: 10
CPU Time: 244.784
obj: 1193
Best found lower bound:0
Solver gap (best found lower bound and upper bound difference): Not known


Final Solution:
Job	Machine	Operator	Operation	Start Time	Finish Time
0	9	8	0	0	65
0	2	7	1	72	85
0	8	3	2	85	100
0	9	8	3	131	230
0	5	8	4	267	345
0	7	6	5	378	444
0	8	3	6	482	568
0	8	3	7	601	634
0	8	3	8	661	773
0	6	8	9	790	803
0	6	8	10	803	859
0	3	8	11	931	1032
0	8	3	12	1032	1049
0	8	2	13	1060	1160
1	6	9	14	159	258
1	2	7	15	266	295
1	7	2	16	497	557
1	9	9	17	856	872
1	9	9	18	872	943
1	8	3	19	953	963
1	4	3	20	1062	1088
2	2	5	21	0	52
2	8	0	22	100	197
2	8	0	23	224	292
2	4	3	24	347	379
2	2	1	25	379	462
2	3	4	26	462	563
2	0	5	27	762	772
2	9	5	28	822	856
2	5	6	29	862	972
2	5	6	30	972	1006
2	2	6	31	1006	1033
2	7	6	32	1040	1099
3	9	8	33	65	122
3	3	5	34	154	213
3	8	0	35	292	407
3	9	8	36	423	532
3	3	4	37	563	580
3	3	4	38	580	607
3	1	9	39	632	707
3	0	5	40	747	762
3	6	8	41	767	790
3	0	2	42	790	851
3	2	7	43	900	935
3	2	7	44	1033	1088
3	2	7	45	1088	1186
4	6	7	46	0	72
4	4	6	47	72	148
4	4	8	48	250	267
4	4	9	49	267	283
4	2	6	50	309	367
4	8	3	51	417	482
4	2	7	52	544	579
4	0	1	53	632	654
4	2	5	54	656	709
4	7	4	55	709	737
4	4	0	56	770	805
4	3	5	57	856	927
4	9	5	58	979	1058
4	0	0	59	1062	1153
5	4	6	60	148	250
5	2	6	61	367	378
5	7	6	62	444	497
5	1	1	63	536	632
5	1	9	64	816	854
5	6	9	65	1001	1032
5	4	3	66	1088	1147
5	4	0	67	1153	1190
6	2	7	68	85	162
6	5	2	69	252	265
6	7	1	70	276	371
6	9	8	71	532	588
6	1	6	72	707	737
6	8	3	73	773	845
6	7	4	74	845	875
6	4	0	75	937	999
6	8	2	76	1049	1060
6	9	8	77	1124	1151
6	5	6	78	1182	1193
7	1	9	79	283	363
7	0	2	80	385	468
7	6	9	81	943	1001
7	8	3	82	1012	1028
7	5	4	83	1064	1099
7	5	6	84	1169	1182
8	0	9	85	76	154
8	1	3	86	154	193
8	7	4	87	193	229
8	1	3	88	259	281
8	3	4	89	359	394
8	6	7	90	410	473
8	4	0	91	494	554
8	8	0	92	634	661
8	4	0	93	661	694
8	2	1	94	732	772
8	3	1	95	772	855
8	2	7	96	864	900
8	1	1	97	1018	1094
8	1	1	98	1094	1185
9	7	4	99	88	184
9	6	6	100	258	309
9	3	4	101	394	432
9	5	5	102	440	538
9	9	8	103	588	657
9	9	8	104	657	689
9	9	7	105	689	700
9	8	3	106	845	907
9	8	3	107	907	953
10	3	5	108	52	124
10	1	9	109	363	466
10	6	6	110	592	696
10	7	4	111	737	841
10	4	0	112	883	937
10	9	5	113	943	979
10	0	2	114	986	1012
10	5	4	115	1015	1064
10	9	8	116	1078	1124
10	5	4	117	1155	1167
11	5	6	118	0	72
11	0	1	119	159	236
11	0	1	120	236	254
11	0	2	121	276	342
11	9	8	122	378	423
11	1	6	123	497	524
11	5	5	124	538	609
11	7	2	125	625	680
11	0	2	126	680	746
11	5	6	127	747	802
11	1	1	128	855	937
11	1	1	129	937	1018
11	9	8	130	1151	1177
12	4	3	131	0	60
12	0	1	132	254	276
12	9	5	133	276	340
12	7	2	134	574	625
12	3	5	135	625	651
12	7	4	136	946	1015
12	5	4	137	1099	1155
13	3	1	138	0	40
13	7	4	139	40	88
13	6	1	140	104	159
13	8	0	141	197	224
13	1	3	142	224	259
13	6	7	143	309	410
13	0	9	144	468	545
13	7	2	145	557	574
13	5	4	146	609	634
13	5	4	147	634	708
13	4	0	148	708	770
13	2	7	149	808	864
13	7	4	150	875	935
13	3	8	151	1032	1078
13	8	3	152	1160	1188
14	8	2	153	0	66
14	7	4	154	229	273
14	9	5	155	340	378
14	8	3	156	568	601
14	4	3	157	634	656
14	5	5	158	709	747
14	2	7	159	772	808
14	0	2	160	950	986
14	4	0	161	999	1062
14	7	6	162	1099	1169
15	3	5	163	213	276
15	4	0	164	457	494
15	6	6	165	536	592
15	4	0	166	805	883
15	0	2	167	1160	1187
16	5	2	168	72	170
16	1	3	169	193	216
16	4	3	170	283	347
16	0	2	171	347	385
16	1	6	172	524	536
16	2	7	173	579	656
16	3	1	174	656	732
16	5	6	175	802	862
16	6	9	176	1113	1187
17	0	0	177	0	76
17	2	7	178	162	266
17	3	4	179	276	359
17	4	3	180	379	417
17	3	4	181	432	456
17	2	1	182	462	526
17	0	9	183	545	622
17	6	8	184	696	767
17	0	2	185	851	950
17	8	3	186	963	1012
17	7	2	187	1015	1040
17	9	5	188	1058	1076
17	3	5	189	1078	1192
18	3	5	190	124	154
18	5	8	191	345	376
18	4	0	192	417	457
18	1	9	193	737	816
18	2	7	194	935	1002
19	1	9	195	0	41
19	1	1	196	41	104
19	9	8	197	122	131
19	5	2	198	170	252
19	2	7	199	295	306
19	5	5	200	378	440
19	6	7	201	473	534
19	2	7	202	534	544
19	4	0	203	554	633
19	9	7	204	700	768
19	9	5	205	772	822
19	6	8	206	859	931
19	7	4	207	935	946
19	6	9	208	1032	1113


Solution History:
