This is the output of Heuristic Solver for Dual resource constrained flexible job shop Scheduling Problem.
Input file is: wfjsp18_9.txt
Method: FaFM_30_50_600
Seed: 5
Number of Jobs: 20
Number of Operations: 148
Number of Machines: 10
Number of Operators: 8
CPU Time: 164.804
obj: 945
Best found lower bound:0
Solver gap (best found lower bound and upper bound difference): Not known


Final Solution:
Job	Machine	Operator	Operation	Start Time	Finish Time
0	4	4	0	142	230
0	9	2	1	488	527
0	1	3	2	566	638
0	9	6	3	672	742
0	1	3	4	851	882
1	9	6	5	166	259
1	8	6	6	277	333
1	6	7	7	346	365
1	1	7	8	365	420
1	2	2	9	427	488
1	6	7	10	493	582
1	3	0	11	712	791
1	0	5	12	798	870
2	7	0	13	0	36
2	3	5	14	76	97
2	8	5	15	97	154
2	4	2	16	230	245
2	9	2	17	527	617
2	0	7	18	708	727
2	6	7	19	852	871
2	1	1	20	892	926
3	4	1	21	0	51
3	9	6	22	130	141
3	8	1	23	179	198
3	3	5	24	337	359
3	4	1	25	453	510
3	7	3	26	892	944
4	5	2	27	0	85
4	6	0	28	221	298
4	4	6	29	525	619
4	6	7	30	646	704
4	6	7	31	885	944
5	9	0	32	36	91
5	6	0	33	135	209
5	2	7	34	332	346
5	6	4	35	405	493
5	7	1	36	532	565
5	9	6	37	654	672
5	5	5	38	708	722
5	9	6	39	875	933
6	5	4	40	85	142
6	9	1	41	325	421
6	7	7	42	421	442
6	8	5	43	446	466
6	5	1	44	510	532
6	3	0	45	534	574
6	2	3	46	638	679
6	1	7	47	727	802
6	1	7	48	802	848
6	9	6	49	856	875
7	2	3	50	86	175
7	7	1	51	268	301
7	1	0	52	301	359
7	4	1	53	427	453
7	8	5	54	466	493
7	6	7	55	582	646
7	7	1	56	712	783
7	4	2	57	838	850
7	7	1	58	865	892
8	2	3	59	0	86
8	6	0	60	91	135
8	8	6	61	333	368
8	8	5	62	493	569
8	0	0	63	578	634
8	1	2	64	648	723
8	5	5	65	723	798
8	0	7	66	871	885
9	1	1	67	51	59
9	7	1	68	150	179
9	5	4	69	230	290
9	7	0	70	494	518
9	9	6	71	619	654
10	1	7	72	0	33
10	0	2	73	85	153
10	4	2	74	275	369
10	7	7	75	442	493
10	3	4	76	578	608
10	3	4	77	608	676
10	2	3	78	679	721
10	4	2	79	723	777
10	9	6	80	826	856
10	3	0	81	909	945
11	7	7	82	36	68
11	1	7	83	68	82
11	0	5	84	284	337
11	2	0	85	359	395
11	7	1	86	783	865
12	0	5	87	23	76
12	9	6	88	259	277
12	6	1	89	301	323
12	3	5	90	359	446
12	3	6	91	478	525
12	6	4	92	763	852
13	8	4	93	0	83
13	1	7	94	83	131
13	6	0	95	209	221
13	8	2	96	245	275
13	4	2	97	369	427
13	7	1	98	565	632
13	4	2	99	850	945
14	0	5	100	194	224
14	0	5	101	224	284
14	3	7	102	290	332
14	7	3	103	332	352
14	0	0	104	395	494
14	5	5	105	569	623
14	4	2	106	777	838
15	2	3	107	175	256
15	4	3	108	256	267
15	2	3	109	267	328
15	7	3	110	352	406
15	2	0	111	518	534
15	0	5	112	634	708
15	2	3	113	761	851
16	0	5	114	0	23
16	9	6	115	141	166
16	7	1	116	198	268
16	8	6	117	368	425
16	1	3	118	427	483
16	8	2	119	617	648
16	3	4	120	676	701
16	6	4	121	704	763
16	0	4	122	885	942
17	3	6	123	0	61
17	4	6	124	61	130
17	1	7	125	131	190
17	1	7	126	268	290
17	0	4	127	349	388
17	2	3	128	406	427
17	0	4	129	494	578
17	4	1	130	632	712
17	9	6	131	742	826
17	3	0	132	850	909
18	5	2	133	153	227
18	9	4	134	290	325
18	5	4	135	325	349
18	5	4	136	388	405
18	9	6	137	425	478
18	1	3	138	483	541
18	2	3	139	541	566
18	3	0	140	791	850
18	2	5	141	870	944
19	7	1	142	68	150
19	0	5	143	154	194
19	1	7	144	194	268
19	7	0	145	634	712
19	2	3	146	721	761
19	5	4	147	852	885


Solution History:
