This is the output of Heuristic Solver for Dual resource constrained flexible job shop Scheduling Problem.
Input file is: wfjsp17_9.txt
Method: FaFM_30_50_600
Seed: 3
Number of Jobs: 15
Number of Operations: 131
Number of Machines: 5
Number of Operators: 4
CPU Time: 83.0959
obj: 1627
Best found lower bound:0
Solver gap (best found lower bound and upper bound difference): Not known


Final Solution:
Job	Machine	Operator	Operation	Start Time	Finish Time
0	1	1	0	96	183
0	2	3	1	538	577
0	1	1	2	588	655
0	4	2	3	670	735
0	3	0	4	744	770
0	2	1	5	1237	1324
0	0	2	6	1452	1512
0	1	0	7	1519	1538
1	2	0	8	75	130
1	4	2	9	440	515
1	2	3	10	803	887
1	4	1	11	1031	1109
1	1	0	12	1115	1190
1	0	2	13	1310	1349
1	0	0	14	1431	1449
1	3	0	15	1449	1505
2	4	2	16	96	109
2	0	0	17	208	309
2	1	1	18	506	528
2	4	2	19	549	574
2	1	1	20	655	685
2	0	2	21	1268	1310
2	2	0	22	1342	1354
2	0	1	23	1394	1416
3	0	0	24	0	19
3	3	0	25	19	75
3	2	1	26	280	334
3	3	0	27	532	609
3	2	3	28	631	721
3	1	3	29	995	1084
3	2	3	30	1153	1208
3	4	1	31	1512	1569
3	0	2	32	1569	1627
4	4	2	33	142	231
4	2	3	34	577	590
4	4	2	35	735	819
4	2	3	36	887	921
4	1	0	37	927	946
4	2	3	38	982	995
4	1	3	39	1208	1266
4	4	1	40	1569	1627
5	4	2	41	261	345
5	2	0	42	359	383
5	4	3	43	590	609
5	2	3	44	721	740
5	0	2	45	972	1009
5	2	3	46	1112	1153
5	4	1	47	1173	1237
5	1	3	48	1350	1391
6	2	1	49	14	36
6	2	1	50	183	280
6	3	0	51	309	338
6	2	3	52	740	803
6	4	2	53	819	847
6	4	1	54	932	957
6	4	1	55	1109	1173
6	2	3	56	1394	1479
6	3	0	57	1505	1519
6	1	0	58	1538	1569
7	1	3	59	202	288
7	1	3	60	345	389
7	1	1	61	402	438
7	3	0	62	609	688
7	0	2	63	1009	1064
7	3	0	64	1190	1248
7	3	0	65	1354	1431
7	4	2	66	1439	1452
7	2	3	67	1479	1488
8	4	2	68	0	30
8	3	3	69	142	202
8	2	0	70	338	359
8	4	2	71	515	549
8	1	1	72	557	588
8	2	3	73	921	982
8	0	2	74	1064	1150
8	2	3	75	1488	1542
9	1	3	76	0	28
9	0	1	77	334	402
9	0	2	78	628	670
9	3	0	79	795	849
9	1	1	80	884	912
9	3	0	81	1248	1284
9	3	1	82	1324	1354
9	2	1	83	1354	1367
10	1	3	84	28	86
10	4	2	85	109	142
10	2	0	86	383	480
10	0	0	87	480	532
10	2	3	88	609	631
10	4	1	89	912	932
10	4	1	90	957	1031
10	0	2	91	1208	1247
10	4	3	92	1266	1350
10	2	3	93	1542	1625
11	3	3	94	86	129
11	2	3	95	130	142
11	4	2	96	231	261
11	2	3	97	480	538
11	0	1	98	749	816
11	3	0	99	946	1046
11	1	3	100	1084	1112
11	3	0	101	1569	1627
12	0	2	102	30	67
12	0	2	103	67	89
12	3	3	104	389	477
12	0	2	105	574	628
12	3	0	106	688	744
12	3	0	107	849	927
12	3	0	108	1104	1115
12	1	0	109	1284	1342
12	0	2	110	1512	1568
13	2	1	111	0	14
13	0	0	112	130	208
13	4	2	113	345	440
13	0	1	114	532	557
13	3	0	115	770	795
13	0	1	116	816	884
13	2	0	117	1046	1104
13	0	2	118	1150	1208
13	2	1	119	1367	1394
13	1	1	120	1416	1441
14	4	1	121	36	96
14	1	3	122	288	345
14	1	1	123	438	506
14	1	1	124	685	749
14	4	2	125	847	908
14	0	2	126	908	933
14	0	2	127	933	972
14	0	2	128	1247	1268
14	4	2	129	1350	1439
14	1	1	130	1441	1512


Solution History:
