This is the output of Heuristic Solver for Dual resource constrained flexible job shop Scheduling Problem.
Input file is: wfjsp21_5.txt
Method: FaFM_30_50_600
Seed: 4
Number of Jobs: 25
Number of Operations: 244
Number of Machines: 15
Number of Operators: 12
CPU Time: 227.503
obj: 987
Best found lower bound:0
Solver gap (best found lower bound and upper bound difference): Not known


Final Solution:
Job	Machine	Operator	Operation	Start Time	Finish Time
0	6	9	0	74	91
0	13	10	1	182	225
0	9	10	2	225	304
0	2	11	3	356	418
0	12	1	4	431	495
0	1	1	5	495	529
0	1	11	6	727	791
0	7	4	7	791	832
1	10	4	8	0	49
1	7	6	9	50	89
1	12	2	10	301	331
1	10	7	11	356	438
1	5	7	12	438	461
1	7	7	13	461	475
1	11	7	14	475	543
1	2	7	15	543	609
1	1	6	16	659	670
1	14	6	17	928	978
2	10	6	18	110	179
2	10	2	19	248	289
2	5	5	20	314	346
2	4	0	21	424	461
2	8	2	22	461	490
2	10	6	23	496	528
2	7	9	24	559	643
2	6	9	25	643	687
2	2	9	26	712	754
2	8	9	27	865	887
3	12	7	28	82	90
3	13	3	29	128	182
3	3	3	30	182	265
3	6	0	31	278	340
3	11	0	32	340	407
3	6	9	33	419	508
3	5	10	34	608	683
3	14	5	35	790	836
3	7	7	36	836	850
4	6	5	37	0	49
4	11	8	38	81	162
4	7	0	39	162	230
4	0	11	40	251	309
4	1	5	41	425	459
4	12	11	42	502	566
4	6	0	43	572	608
4	14	9	44	694	712
4	3	4	45	832	901
5	4	4	46	97	186
5	7	9	47	230	311
5	6	5	48	371	416
5	14	7	49	609	694
5	11	7	50	694	776
5	6	1	51	786	795
5	3	11	52	795	830
5	9	10	53	861	935
5	12	5	54	941	976
6	0	2	55	0	88
6	0	3	56	108	128
6	0	2	57	213	247
6	14	7	58	247	352
6	13	3	59	365	377
6	3	9	60	394	419
6	3	4	61	455	521
6	8	2	62	621	638
6	5	0	63	701	741
6	2	1	64	754	786
6	4	11	65	830	914
7	9	3	66	30	108
7	1	1	67	267	305
7	2	1	68	305	348
7	5	3	69	348	365
7	13	10	70	384	463
7	5	10	71	531	608
7	9	3	72	608	654
7	1	2	73	692	727
7	0	2	74	727	741
7	9	10	75	771	861
7	14	6	76	861	895
7	3	8	77	904	954
8	6	0	78	91	159
8	5	5	79	226	314
8	6	5	80	346	371
8	13	10	81	463	531
8	12	5	82	651	698
8	14	5	83	712	723
8	8	1	84	723	748
8	10	6	85	761	769
8	12	7	86	776	785
8	6	1	87	795	878
8	7	4	88	901	987
9	3	6	89	0	50
9	14	2	90	91	122
9	9	10	91	304	384
9	9	3	92	450	499
9	6	4	93	521	529
9	8	8	94	574	621
9	5	8	95	741	821
9	9	10	96	935	979
10	7	0	97	0	43
10	13	6	98	89	110
10	14	8	99	162	208
10	12	8	100	208	277
10	9	8	101	436	450
10	9	3	102	499	569
10	10	11	103	584	653
10	3	11	104	653	716
10	5	5	105	836	885
10	2	0	106	891	985
11	4	10	107	0	77
11	5	5	108	118	154
11	4	8	109	277	362
11	4	3	110	377	420
11	3	3	111	420	449
11	10	2	112	653	692
11	13	8	113	731	740
11	10	6	114	769	847
11	14	6	115	895	928
11	1	2	116	960	985
12	11	1	117	0	14
12	2	11	118	16	73
12	0	2	119	180	213
12	4	11	120	213	251
12	3	6	121	316	349
12	7	8	122	643	662
12	13	3	123	835	917
12	3	7	124	967	983
13	9	1	125	108	138
13	14	1	126	138	159
13	8	9	127	160	228
13	0	2	128	349	440
13	0	5	129	460	471
13	12	11	130	566	584
13	10	4	131	692	721
13	14	5	132	723	790
14	3	11	133	73	82
14	3	11	134	82	146
14	4	11	135	190	204
14	6	7	136	205	216
14	13	1	137	225	267
14	2	2	138	490	529
14	0	2	139	529	616
14	13	8	140	621	639
14	10	6	141	847	855
14	10	8	142	954	974
15	12	9	143	0	74
15	1	6	144	180	247
15	13	3	145	267	334
15	7	1	146	540	559
15	4	1	147	559	584
15	12	1	148	584	649
15	4	3	149	654	743
15	13	3	150	743	824
15	7	7	151	850	880
15	1	1	152	880	910
15	4	11	153	914	983
16	5	3	154	0	30
16	12	9	155	91	160
16	3	4	156	270	316
16	12	1	157	348	431
16	7	11	158	478	492
16	14	9	159	508	521
16	14	5	160	525	601
16	11	4	161	601	680
16	3	4	162	721	788
16	8	9	163	801	865
16	0	2	164	891	921
17	9	11	165	0	16
17	14	0	166	43	91
17	1	10	167	107	180
17	6	4	168	186	202
17	6	7	169	216	234
17	14	8	170	362	399
17	2	11	171	418	478
17	1	6	172	571	659
17	7	8	173	662	731
17	0	2	174	824	891
17	10	5	175	891	941
18	13	7	176	0	82
18	2	1	177	160	225
18	4	4	178	251	270
18	7	4	179	397	417
18	14	6	180	425	496
18	8	8	181	496	544
18	6	0	182	608	625
18	2	0	183	625	660
18	8	0	184	660	701
18	0	2	185	741	824
18	12	8	186	824	904
18	5	1	187	910	975
19	10	4	188	49	97
19	0	2	189	128	180
19	8	6	190	247	316
19	9	8	191	399	436
19	10	4	192	529	575
19	3	4	193	575	600
19	0	5	194	616	634
19	0	10	195	683	724
19	7	0	196	880	891
20	9	11	197	146	190
20	10	11	198	309	356
20	1	6	199	356	425
20	4	0	200	461	531
20	11	8	201	556	574
20	13	1	202	649	723
20	6	10	203	724	771
20	2	7	204	786	835
20	11	7	205	880	967
21	1	1	206	14	102
21	12	7	207	160	205
21	2	0	208	230	278
21	14	0	209	407	424
21	10	8	210	455	492
21	0	11	211	492	502
21	3	9	212	521	558
21	8	6	213	558	571
21	13	3	214	571	604
21	9	6	215	670	761
21	5	3	216	824	835
21	1	2	217	921	960
22	8	10	218	81	107
22	10	4	219	230	248
22	8	9	220	316	394
22	7	4	221	417	427
22	5	5	222	494	525
22	7	1	223	529	540
22	11	8	224	544	556
22	0	5	225	634	651
22	8	9	226	754	801
23	8	8	227	0	81
23	2	7	228	90	160
23	10	4	229	202	230
23	10	2	230	289	301
23	0	2	231	331	349
23	10	4	232	438	455
23	1	6	233	529	558
23	13	3	234	917	986
24	5	5	235	49	118
24	5	5	236	154	226
24	7	4	237	316	397
24	0	2	238	440	460
24	5	5	239	471	494
24	6	0	240	531	572
24	4	0	241	743	811
24	11	0	242	811	873
24	8	9	243	887	978


Solution History:
