This is the output of Heuristic Solver for Dual resource constrained flexible job shop Scheduling Problem.
Input file is: wfjsp10_7.txt
Method: FaFM_30_50_600
Seed: 3
Number of Jobs: 20
Number of Operations: 160
Number of Machines: 10
Number of Operators: 10
CPU Time: 79.1515
obj: 841
Best found lower bound:0
Solver gap (best found lower bound and upper bound difference): Not known


Final Solution:
Job	Machine	Operator	Operation	Start Time	Finish Time
0	1	7	0	111	195
0	5	6	1	217	231
0	1	9	2	240	284
0	9	1	3	325	420
0	1	7	4	420	442
0	1	0	5	442	484
0	2	1	6	658	692
0	1	1	7	794	833
1	1	1	8	0	10
1	0	1	9	23	58
1	7	8	10	127	202
1	5	3	11	295	359
1	9	8	12	420	498
1	3	5	13	498	560
1	3	5	14	560	597
1	9	8	15	665	683
1	6	6	16	694	766
1	6	6	17	766	841
2	5	5	18	36	98
2	8	4	19	178	244
2	2	7	20	257	332
2	2	1	21	420	451
2	6	2	22	451	462
2	9	8	23	498	571
2	7	3	24	576	586
2	7	9	25	595	649
2	8	4	26	656	668
2	9	8	27	683	761
3	6	6	28	61	107
3	7	9	29	370	403
3	2	7	30	505	579
3	9	8	31	590	665
3	7	9	32	755	829
4	8	4	33	0	9
4	3	5	34	100	176
4	4	3	35	176	255
4	3	5	36	255	276
4	4	0	37	276	299
4	1	0	38	299	336
4	8	4	39	388	453
4	0	1	40	560	641
4	7	9	41	649	724
4	3	5	42	724	805
5	4	9	43	127	171
5	6	0	44	171	196
5	7	8	45	202	243
5	9	1	46	243	325
5	3	5	47	432	493
5	5	2	48	707	763
6	9	9	49	46	103
6	4	9	50	103	127
6	6	0	51	127	164
6	5	6	52	231	294
6	2	7	53	387	417
6	0	2	54	432	448
6	8	4	55	598	656
6	1	7	56	669	753
6	8	7	57	763	806
7	5	6	58	0	36
7	2	3	59	82	101
7	9	8	60	103	127
7	9	2	61	127	160
7	0	5	62	276	334
7	0	2	63	334	409
7	1	7	64	585	669
7	3	5	65	676	724
8	7	3	66	0	82
8	8	4	67	244	331
8	1	0	68	336	392
8	4	9	69	408	480
8	1	9	70	484	502
8	4	9	71	502	560
8	2	0	72	585	642
8	2	3	73	767	840
9	2	0	74	37	79
9	1	7	75	195	215
9	5	6	76	427	463
9	5	6	77	463	541
9	3	5	78	637	676
10	1	4	79	67	108
10	0	1	80	136	221
10	2	7	81	242	257
10	6	6	82	306	325
10	5	2	83	763	819
11	0	0	84	0	23
11	6	6	85	36	61
11	8	4	86	111	178
11	0	0	87	221	276
11	8	4	88	331	388
11	3	2	89	421	432
11	7	3	90	498	576
11	7	9	91	724	755
11	4	4	92	777	811
11	4	4	93	811	827
12	6	2	94	0	29
12	8	7	95	37	111
12	6	2	96	111	122
12	9	9	97	171	225
12	1	1	98	225	240
12	8	4	99	453	513
12	5	6	100	541	614
12	0	0	101	642	670
12	0	3	102	688	767
12	9	8	103	786	836
13	3	5	104	0	33
13	2	3	105	101	154
13	7	8	106	243	296
13	4	9	107	328	362
13	2	7	108	451	505
13	0	1	109	530	560
13	4	9	110	560	595
13	4	3	111	595	606
13	9	8	112	761	786
13	3	5	113	805	841
14	0	1	114	58	136
14	2	7	115	332	387
14	7	3	116	432	498
14	9	8	117	571	590
14	0	0	118	777	835
15	9	9	119	0	46
15	7	0	120	82	111
15	3	5	121	176	255
15	4	8	122	370	408
15	8	4	123	513	598
15	6	6	124	614	694
15	4	0	125	694	777
15	8	7	126	806	838
16	2	7	127	0	37
16	3	3	128	276	295
16	3	9	129	295	328
16	3	5	130	383	421
16	2	1	131	642	658
16	2	1	132	692	750
17	4	8	133	0	80
17	2	3	134	154	163
17	5	6	135	179	217
17	7	8	136	296	370
17	5	3	137	370	427
17	6	2	138	462	535
17	6	2	139	535	548
17	3	5	140	597	637
17	8	4	141	668	727
18	1	4	142	10	67
18	2	2	143	163	242
18	6	2	144	242	306
18	3	5	145	334	383
18	7	0	146	403	432
18	1	0	147	502	585
18	5	2	148	614	707
18	8	4	149	727	763
19	3	2	150	33	100
19	5	6	151	107	179
19	9	7	152	225	242
19	6	6	153	325	351
19	6	6	154	351	389
19	6	6	155	389	413
19	0	1	156	451	530
19	6	2	157	548	606
19	4	3	158	606	688
19	1	1	159	753	794


Solution History:
