This is the output of Heuristic Solver for Dual resource constrained flexible job shop Scheduling Problem.
Input file is: Dauzere_07a.txt
Method: LBBD_CP
Seed: 1
Number of Jobs: 15
Number of Operations: 293
Number of Machines: 8
Number of Operators: 6
CPU Time: 3600.14
obj: 3091
Best found lower bound:2847
Solver gap (best found lower bound and upper bound difference): Not known


Final Solution:
Job	Machine	Operator	Operation	Start Time	Finish Time
0	3	2	0	244	269
0	7	4	1	477	540
0	0	2	2	655	688
0	3	2	3	1262	1348
0	6	4	4	1366	1391
0	0	0	5	1491	1557
0	7	5	6	1814	1846
0	3	1	7	1954	1965
0	7	5	8	1965	2031
0	5	2	9	2055	2149
0	0	0	10	2387	2428
0	4	5	11	2428	2522
0	4	0	12	2522	2585
0	3	1	13	2625	2670
0	0	0	14	2886	2977
1	5	2	15	0	73
1	5	4	16	243	276
1	2	3	17	282	379
1	6	3	18	379	397
1	2	3	19	397	423
1	0	0	20	423	516
1	6	3	21	715	736
1	7	5	22	828	909
1	4	0	23	987	1024
1	6	3	24	1224	1292
1	3	2	25	1348	1398
1	5	4	26	1426	1482
1	2	3	27	1506	1544
1	1	1	28	1561	1617
1	0	2	29	1645	1716
1	5	4	30	1908	1984
1	6	4	31	2165	2248
1	5	4	32	2308	2393
1	6	4	33	2487	2529
1	2	3	34	2553	2651
2	0	0	35	0	77
2	0	0	36	77	101
2	5	2	37	145	237
2	4	5	38	274	353
2	4	5	39	353	400
2	2	3	40	628	692
2	5	4	41	900	955
2	0	2	42	983	1024
2	5	2	43	1024	1119
2	7	5	44	1224	1260
2	4	5	45	1285	1346
2	1	1	46	1372	1443
2	2	3	47	1544	1605
2	3	1	48	1652	1708
2	4	5	49	1851	1883
2	1	1	50	1887	1912
2	1	1	51	1912	1954
2	6	4	52	2089	2165
2	3	1	53	2209	2287
2	1	1	54	2381	2451
2	0	2	55	2601	2672
2	6	4	56	2796	2843
2	2	3	57	2914	2976
3	6	3	58	0	63
3	5	2	59	73	145
3	6	3	60	534	628
3	4	5	61	720	752
3	3	2	62	798	865
3	1	1	63	977	1000
3	1	1	64	1153	1217
3	5	4	65	1391	1426
3	5	4	66	1608	1705
3	3	1	67	1708	1739
3	4	0	68	1769	1851
3	0	0	69	1851	1891
3	0	0	70	2139	2202
3	0	0	71	2202	2297
3	4	5	72	2297	2369
3	5	2	73	2395	2486
3	1	1	74	2883	2926
3	6	4	75	3011	3046
4	4	5	76	52	110
4	7	4	77	151	243
4	1	1	78	356	399
4	4	5	79	400	487
4	4	5	80	487	531
4	7	5	81	540	637
4	4	0	82	650	720
4	5	4	83	798	900
4	1	1	84	900	945
4	6	3	85	945	973
4	7	5	86	981	1043
4	4	0	87	1119	1216
4	4	0	88	1216	1285
4	5	4	89	1304	1366
4	4	0	90	1573	1671
4	6	4	91	2248	2296
4	5	4	92	2537	2639
4	3	1	93	2670	2738
4	1	1	94	2738	2828
4	6	4	95	2843	2915
4	4	5	96	3017	3036
5	3	2	97	269	298
5	3	1	98	622	657
5	6	3	99	692	715
5	0	0	100	720	820
5	7	5	101	1389	1482
5	3	1	102	1739	1806
5	5	4	103	1814	1831
5	3	2	104	1965	2055
5	1	1	105	2071	2107
5	7	5	106	2138	2213
5	2	3	107	2252	2299
5	2	3	108	2299	2399
5	5	4	109	2772	2796
5	6	4	110	2915	2950
5	5	2	111	2965	3057
6	4	5	112	110	186
6	2	3	113	186	282
6	1	1	114	550	602
6	5	4	115	634	670
6	5	4	116	955	1004
6	3	1	117	1004	1073
6	3	1	118	1073	1135
6	4	0	119	1671	1769
6	2	3	120	2089	2162
6	0	0	121	2428	2507
6	5	2	122	2527	2537
6	4	0	123	2585	2617
6	7	5	124	2617	2676
6	3	2	125	2749	2804
6	4	0	126	2809	2828
6	3	1	127	2828	2883
6	4	5	128	2883	2975
7	4	5	129	0	52
7	6	3	130	63	136
7	7	4	131	276	306
7	3	2	132	306	358
7	0	0	133	360	416
7	4	0	134	531	574
7	3	1	135	684	762
7	3	1	136	762	798
7	7	5	137	909	981
7	7	5	138	1085	1157
7	3	2	139	1398	1438
7	7	4	140	1482	1499
7	4	5	141	1499	1533
7	2	3	142	1605	1650
7	7	5	143	1650	1746
7	0	2	144	1895	1960
7	4	5	145	2031	2071
7	0	0	146	2071	2139
7	1	1	147	2287	2311
7	6	4	148	2393	2419
7	6	4	149	2419	2487
7	2	3	150	2492	2553
7	0	0	151	2741	2809
7	5	2	152	2840	2876
7	1	1	153	3040	3085
8	3	1	154	24	106
8	0	0	155	106	151
8	4	5	156	186	274
8	1	1	157	302	356
8	7	4	158	402	477
8	5	2	159	477	512
8	7	4	160	703	787
8	6	3	161	813	856
8	6	3	162	856	933
8	7	4	163	1043	1085
8	3	1	164	1135	1153
8	7	5	165	1157	1224
8	6	3	166	1407	1506
8	0	0	167	1557	1573
8	5	4	168	1573	1608
8	2	3	169	1650	1752
8	6	3	170	1752	1839
8	5	2	171	2242	2288
8	3	2	172	2308	2395
8	5	2	173	2486	2527
8	0	0	174	2828	2886
8	6	4	175	2950	3011
8	0	2	176	3057	3089
9	3	1	177	106	172
9	2	3	178	423	482
9	5	4	179	540	634
9	5	4	180	670	703
9	4	0	181	907	987
9	2	3	182	987	1029
9	6	4	183	1085	1122
9	3	2	184	1219	1262
9	0	0	185	1285	1372
9	0	0	186	1419	1491
9	5	2	187	1831	1895
9	4	0	188	1895	1972
9	1	1	189	2048	2071
9	2	3	190	2202	2252
9	5	2	191	2288	2308
9	1	1	192	2451	2496
9	3	1	193	2496	2520
9	5	2	194	2672	2749
9	2	3	195	2769	2864
10	7	4	196	0	60
10	5	4	197	306	402
10	3	2	198	402	459
10	3	1	199	461	550
10	7	5	200	637	700
10	5	2	201	738	798
10	1	1	202	798	894
10	3	2	203	931	983
10	3	2	204	1497	1583
10	7	4	205	1746	1814
10	6	4	206	1839	1885
10	0	0	207	1972	2068
10	5	2	208	2149	2242
10	4	0	209	2617	2653
10	6	4	210	2656	2732
10	2	3	211	2751	2769
10	3	2	212	2883	2945
10	5	2	213	2945	2965
10	2	3	214	3025	3088
11	3	1	215	0	24
11	7	4	216	60	151
11	2	3	217	151	177
11	0	0	218	198	288
11	0	2	219	516	569
11	3	2	220	569	622
11	3	2	221	865	931
11	6	4	222	1004	1021
11	5	4	223	1224	1290
11	2	3	224	1292	1363
11	4	0	225	1372	1419
11	5	4	226	1499	1546
11	1	1	227	1617	1652
11	5	4	228	1705	1718
11	1	1	229	1965	2048
11	0	0	230	2507	2519
11	3	1	231	2520	2625
11	7	5	232	2676	2704
11	7	5	233	2704	2791
11	5	2	234	2804	2840
11	7	5	235	2975	3017
12	0	0	236	151	198
12	1	1	237	244	302
12	0	0	238	302	360
12	1	1	239	399	461
12	0	2	240	622	655
12	5	2	241	1119	1219
12	1	1	242	1219	1312
12	2	3	243	1363	1407
12	3	2	244	1583	1645
12	2	3	245	1839	1922
12	3	1	246	2107	2209
12	0	0	247	2297	2387
12	2	3	248	2399	2492
12	0	2	249	2537	2601
12	6	4	250	2639	2656
12	2	3	251	2656	2751
13	3	1	252	172	244
13	4	5	253	752	828
13	6	4	254	1122	1224
13	7	5	255	1346	1389
13	3	2	256	1438	1497
13	1	1	257	1497	1561
13	7	5	258	1620	1650
13	5	2	259	1718	1808
13	0	2	260	1808	1822
13	5	4	261	1895	1908
13	5	4	262	1984	2053
13	4	5	263	2071	2138
13	2	3	264	2162	2202
13	1	1	265	2311	2381
13	3	1	266	2964	3040
13	4	5	267	3040	3091
14	3	2	268	358	380
14	6	3	269	482	534
14	4	0	270	574	650
14	1	1	271	657	684
14	5	2	272	703	738
14	2	3	273	738	748
14	1	3	274	748	795
14	6	3	275	795	813
14	4	0	276	828	907
14	1	1	277	945	977
14	0	0	278	1024	1119
14	7	4	279	1290	1304
14	1	1	280	1312	1372
14	1	1	281	1443	1495
14	7	5	282	1533	1620
14	1	1	283	1806	1887
14	2	3	284	1922	2001
14	6	3	285	2001	2089
14	4	0	286	2653	2687
14	0	0	287	2687	2741
14	5	4	288	2749	2772
14	2	3	289	2864	2914
14	1	1	290	2926	2964
14	2	3	291	2976	3025
14	6	4	292	3046	3079


Solution History:
