This is the output of Heuristic Solver for Dual resource constrained flexible job shop Scheduling Problem.
Input file is: wfjsp9_4.txt
Method: LBBD_CP
Seed: 1
Number of Jobs: 15
Number of Operations: 137
Number of Machines: 5
Number of Operators: 5
CPU Time: 3600.09
obj: 1389
Best found lower bound:1300
Solver gap (best found lower bound and upper bound difference): Not known


Final Solution:
Job	Machine	Operator	Operation	Start Time	Finish Time
0	1	3	0	0	75
0	1	2	1	95	154
0	2	3	2	241	309
0	4	0	3	326	388
0	2	4	4	559	649
0	4	0	5	849	880
0	4	2	6	936	975
0	0	1	7	1109	1121
0	4	2	8	1219	1265
1	4	4	9	97	118
1	1	2	10	154	167
1	1	2	11	228	263
1	1	3	12	375	443
1	3	2	13	501	524
1	4	0	14	678	751
1	3	0	15	1038	1112
1	4	0	16	1113	1172
1	4	4	17	1172	1219
2	0	1	18	0	32
2	0	1	19	62	77
2	1	4	20	179	226
2	3	0	21	250	324
2	0	1	22	337	346
2	4	0	23	388	451
2	0	1	24	622	695
2	2	1	25	745	755
2	4	0	26	779	849
2	3	0	27	966	1038
3	3	2	28	380	461
3	3	2	29	549	598
3	2	3	30	649	745
3	0	4	31	757	823
3	3	0	32	897	966
3	0	1	33	973	1028
3	0	1	34	1028	1043
3	1	2	35	1135	1200
3	0	4	36	1331	1359
4	4	4	37	0	21
4	4	0	38	21	83
4	2	3	39	136	180
4	2	3	40	180	241
4	0	1	41	346	377
4	3	2	42	649	700
4	2	3	43	755	827
4	2	3	44	978	1053
4	2	3	45	1053	1118
4	1	3	46	1213	1244
5	3	2	47	24	48
5	1	2	48	263	326
5	2	4	49	456	489
5	3	2	50	598	649
5	1	4	51	698	726
5	1	3	52	849	941
5	2	4	53	1293	1331
5	2	3	54	1331	1345
5	0	4	55	1359	1387
6	3	0	56	95	168
6	1	2	57	168	179
6	4	0	58	179	250
6	4	2	59	461	501
6	0	1	60	914	973
6	3	1	61	1136	1176
6	0	1	62	1273	1303
6	0	1	63	1303	1314
7	3	2	64	524	549
7	1	3	65	597	641
7	0	2	66	700	757
7	3	1	67	779	818
7	1	2	68	818	849
7	2	4	69	858	912
7	1	2	70	1051	1113
7	0	1	71	1176	1209
7	4	2	72	1265	1312
8	2	4	73	21	97
8	1	3	74	443	486
8	4	0	75	501	512
8	0	1	76	553	622
8	1	4	77	649	698
8	3	2	78	1113	1135
8	2	4	79	1219	1293
8	1	2	80	1322	1383
9	4	4	81	118	171
9	3	2	82	326	380
9	3	0	83	473	501
9	4	0	84	512	596
9	3	2	85	757	779
9	2	4	86	827	858
9	1	3	87	941	978
9	0	1	88	1209	1273
9	1	3	89	1283	1322
10	3	2	90	0	24
10	0	1	91	32	62
10	0	1	92	77	145
10	0	1	93	281	337
10	2	4	94	489	531
10	2	4	95	912	957
10	0	1	96	1043	1109
10	3	0	97	1176	1240
10	1	3	98	1244	1283
11	3	0	99	461	473
11	1	3	100	486	530
11	2	4	101	531	559
11	4	0	102	751	779
11	3	2	103	849	897
11	0	1	104	897	914
11	1	2	105	978	1051
11	3	1	106	1314	1388
12	3	2	107	48	95
12	2	3	108	97	136
12	0	1	109	145	209
12	4	4	110	250	326
12	1	4	111	326	375
12	1	3	112	530	597
12	4	0	113	597	668
12	4	0	114	668	678
12	4	4	115	1022	1113
12	0	4	116	1121	1171
13	0	1	117	209	281
13	2	3	118	338	369
13	2	1	119	377	428
13	2	1	120	428	456
13	0	1	121	456	485
13	1	2	122	779	812
13	0	1	123	823	883
13	4	2	124	897	936
13	3	0	125	1240	1310
13	4	0	126	1312	1389
14	3	2	127	179	228
14	2	3	128	309	338
14	0	4	129	377	452
14	0	1	130	485	553
14	3	1	131	700	741
14	4	4	132	975	1022
14	2	1	133	1121	1136
14	2	3	134	1136	1176
14	2	3	135	1176	1213
14	2	3	136	1345	1379


Solution History:
