This is the output of Heuristic Solver for Dual resource constrained flexible job shop Scheduling Problem.
Input file is: wfjsp21_3.txt
Method: LBBD_CP
Seed: 1
Number of Jobs: 25
Number of Operations: 243
Number of Machines: 15
Number of Operators: 12
CPU Time: 3600.19
obj: 1121
Best found lower bound:947
Solver gap (best found lower bound and upper bound difference): Not known


Final Solution:
Job	Machine	Operator	Operation	Start Time	Finish Time
0	10	4	0	0	61
0	9	11	1	61	73
0	5	10	2	73	91
0	7	11	3	394	482
0	8	8	4	693	764
0	13	6	5	825	897
0	8	9	6	958	1037
0	4	11	7	1087	1121
1	1	7	8	0	82
1	4	11	9	82	95
1	11	5	10	95	150
1	8	8	11	150	235
1	11	6	12	405	421
1	1	7	13	482	568
1	7	9	14	568	651
1	8	10	15	665	692
1	14	3	16	706	758
1	12	10	17	772	786
1	9	4	18	794	879
1	7	5	19	886	898
2	12	10	20	35	60
2	4	0	21	110	153
2	3	6	22	167	250
2	10	4	23	320	377
2	3	6	24	424	451
2	5	3	25	874	949
2	0	8	26	1009	1096
2	10	1	27	1111	1120
3	14	11	28	127	155
3	1	7	29	394	482
3	7	11	30	482	514
3	11	10	31	514	542
3	14	1	32	542	608
3	10	4	33	608	665
3	13	5	34	769	824
3	1	7	35	1029	1117
4	7	9	36	127	210
4	6	4	37	271	284
4	8	8	38	350	381
4	3	5	39	617	692
4	9	1	40	692	708
4	9	11	41	770	794
4	3	5	42	825	883
4	12	10	43	1051	1081
5	10	4	44	61	109
5	9	9	45	364	448
5	9	10	46	448	514
5	0	11	47	523	596
5	7	9	48	651	665
5	13	6	49	665	680
5	4	2	50	709	759
5	3	6	51	759	825
5	14	11	52	843	876
6	8	10	53	15	35
6	6	0	54	50	110
6	12	10	55	110	134
6	11	5	56	150	178
6	5	0	57	193	271
6	12	8	58	538	611
6	0	8	59	611	693
6	6	0	60	793	890
6	3	6	61	897	906
6	6	2	62	962	1015
7	2	7	63	82	169
7	2	10	64	216	252
7	7	11	65	252	278
7	8	9	66	287	350
7	1	6	67	350	392
7	2	2	68	407	507
7	7	11	69	514	523
7	1	0	70	606	701
7	6	4	71	735	793
7	14	11	72	817	843
7	9	9	73	1051	1117
8	13	3	74	0	27
8	13	1	75	27	78
8	10	4	76	109	118
8	6	4	77	118	145
8	14	9	78	210	219
8	14	9	79	219	285
8	0	3	80	287	359
8	5	2	81	562	611
8	14	11	82	625	640
8	13	5	83	898	926
8	12	8	84	982	993
9	0	2	85	81	165
9	10	4	86	236	271
9	11	10	87	271	305
9	11	10	88	305	325
9	2	5	89	510	540
9	13	0	90	552	606
9	5	0	91	737	780
9	10	11	92	794	817
9	7	7	93	859	886
9	12	1	94	886	923
9	7	6	95	960	1046
9	14	4	96	1046	1083
10	3	6	97	84	167
10	6	7	98	169	251
10	8	3	99	518	590
10	2	2	100	658	709
10	11	10	101	742	772
10	0	8	102	900	982
10	10	1	103	982	1058
10	5	3	104	1058	1095
10	11	10	105	1095	1104
11	12	10	106	134	196
11	1	3	107	196	237
11	4	5	108	320	381
11	8	8	109	381	468
11	10	9	110	665	751
11	7	9	111	751	841
11	7	11	112	914	960
11	13	5	113	986	1015
11	12	10	114	1029	1051
12	14	9	115	0	44
12	0	3	116	44	81
12	9	11	117	241	250
12	10	4	118	409	474
12	5	9	119	474	545
12	10	4	120	583	598
12	2	5	121	1016	1073
12	2	5	122	1073	1109
13	9	5	123	0	27
13	11	5	124	27	89
13	2	2	125	169	216
13	9	2	126	253	309
13	13	0	127	309	370
13	0	3	128	370	446
13	0	3	129	446	518
13	2	10	130	542	565
13	8	3	131	819	874
13	10	0	132	1087	1111
14	14	11	133	155	210
14	0	2	134	216	253
14	5	11	135	278	303
14	11	1	136	424	486
14	10	1	137	486	537
14	2	10	138	786	819
14	4	0	139	900	943
14	14	10	140	943	992
14	9	11	141	1026	1051
15	7	11	142	95	124
15	1	7	143	251	338
15	11	10	144	338	405
15	12	10	145	405	418
15	9	11	146	602	625
15	12	6	147	680	753
15	14	3	148	758	810
15	9	2	149	881	936
15	13	0	150	943	986
15	13	6	151	1046	1088
15	6	4	152	1088	1116
16	2	5	153	252	312
16	9	11	154	312	364
16	10	4	155	377	409
16	10	4	156	550	583
16	8	3	157	590	612
16	0	5	158	693	729
16	0	5	159	729	765
16	1	10	160	859	893
17	7	7	161	338	394
17	14	4	162	474	542
17	9	5	163	542	602
17	11	2	164	611	658
17	9	1	165	708	770
17	0	2	166	803	881
17	0	4	167	982	1009
17	4	0	168	1009	1087
17	5	2	169	1095	1118
18	7	6	170	0	66
18	3	0	171	271	308
18	11	8	172	325	335
18	2	2	173	335	407
18	4	0	174	407	483
18	13	0	175	483	552
18	6	10	176	595	665
18	11	7	177	665	731
18	1	7	178	769	859
18	8	9	179	874	958
18	3	3	180	1005	1039
19	5	11	181	0	22
19	3	8	182	22	84
19	10	4	183	145	205
19	12	8	184	468	538
19	2	7	185	568	653
19	7	10	186	692	742
19	13	7	187	742	769
19	7	11	188	898	914
19	2	7	189	928	1016
19	11	2	190	1016	1043
19	10	11	191	1058	1084
20	9	11	192	27	61
20	9	1	193	78	172
20	9	5	194	178	241
20	8	5	195	474	510
20	4	2	196	510	562
20	12	6	197	617	625
20	6	4	198	665	735
20	12	3	199	810	819
20	12	5	200	926	982
21	6	2	201	0	50
21	5	9	202	50	59
21	14	9	203	59	127
21	13	1	204	172	235
21	8	3	205	237	287
21	13	5	206	409	474
21	10	4	207	542	550
21	5	11	208	640	713
21	5	11	209	713	736
21	0	2	210	765	803
21	3	3	211	949	1005
21	1	10	212	1005	1029
22	8	10	213	0	15
22	5	3	214	91	193
22	10	4	215	205	236
22	12	6	216	250	348
22	4	8	217	830	900
22	11	10	218	900	914
22	9	11	219	960	1026
22	13	6	220	1088	1103
23	4	8	221	235	320
23	3	1	222	320	379
23	3	1	223	379	424
23	5	10	224	424	433
23	3	6	225	451	535
23	1	10	226	568	595
23	13	3	227	612	639
23	12	1	228	639	667
23	1	0	229	701	737
23	10	4	230	879	911
23	10	1	231	923	973
24	4	0	232	0	42
24	4	11	233	210	234
24	6	4	234	284	320
24	13	5	235	381	409
24	3	6	236	535	617
24	14	3	237	640	706
24	4	8	238	764	830
24	2	10	239	830	854
24	0	11	240	881	897
24	14	7	241	897	928
24	6	4	242	928	962


Solution History:
