This is the output of Heuristic Solver for Dual resource constrained flexible job shop Scheduling Problem.
Input file is: wfjsp18_4.txt
Method: LBBD_CP
Seed: 1
Number of Jobs: 20
Number of Operations: 163
Number of Machines: 10
Number of Operators: 8
CPU Time: 3600.14
obj: 1090
Best found lower bound:977
Solver gap (best found lower bound and upper bound difference): Not known


Final Solution:
Job	Machine	Operator	Operation	Start Time	Finish Time
0	2	1	0	150	224
0	6	7	1	250	309
0	9	3	2	315	394
0	9	0	3	394	458
0	8	3	4	493	583
0	7	5	5	632	661
0	2	4	6	825	872
0	0	0	7	968	980
0	9	3	8	1026	1072
1	9	0	9	0	25
1	6	3	10	82	97
1	9	6	11	97	142
1	1	0	12	180	247
1	0	2	13	305	328
1	4	5	14	339	430
1	2	4	15	522	596
1	4	4	16	741	800
1	6	6	17	887	935
2	6	3	18	97	131
2	3	7	19	156	173
2	7	6	20	347	394
2	3	4	21	404	478
2	2	3	22	483	493
2	7	6	23	519	582
2	3	1	24	767	840
3	0	2	25	0	12
3	9	0	26	25	95
3	7	2	27	186	261
3	0	2	28	565	659
3	3	7	29	922	971
3	6	5	30	990	1080
4	5	4	31	158	224
4	4	3	32	245	315
4	6	1	33	315	370
4	5	0	34	489	505
4	9	0	35	505	570
4	7	5	36	607	632
4	0	4	37	938	960
5	4	2	38	12	74
5	3	1	39	259	309
5	0	2	40	395	451
5	2	1	41	596	627
5	6	6	42	835	887
5	2	3	43	928	1000
6	9	0	44	582	656
6	3	4	45	662	725
6	0	0	46	740	770
6	2	5	47	800	825
6	0	5	48	875	938
6	8	0	49	938	968
6	1	6	50	983	1033
6	0	4	51	1048	1075
7	1	5	52	0	100
7	2	4	53	224	262
7	0	0	54	262	275
7	2	5	55	430	457
7	4	7	56	669	741
7	5	0	57	798	809
7	7	1	58	840	911
7	5	1	59	911	951
7	2	7	60	1000	1059
8	4	3	61	178	222
8	0	0	62	275	305
8	4	2	63	328	339
8	2	5	64	457	483
8	6	1	65	627	680
8	5	2	66	740	796
8	3	4	67	875	922
8	2	1	68	1059	1090
9	7	3	69	28	82
9	8	7	70	94	156
9	3	1	71	226	259
9	7	6	72	300	347
9	4	2	73	451	529
9	8	7	74	592	641
9	2	3	75	669	679
9	2	3	76	724	794
9	1	6	77	935	983
10	5	3	78	0	23
10	3	1	79	33	109
10	7	2	80	123	186
10	8	6	81	202	254
10	0	4	82	336	389
10	1	0	83	458	489
10	6	5	84	512	607
10	3	5	85	854	875
10	9	3	86	1000	1026
11	6	3	87	131	171
11	5	4	88	262	336
11	8	2	89	339	382
11	0	4	90	494	517
11	2	7	91	641	669
11	5	0	92	671	740
11	1	7	93	806	860
11	2	7	94	872	916
12	7	2	95	82	123
12	1	0	96	305	371
12	7	6	97	440	519
12	0	1	98	522	565
12	1	0	99	570	582
12	7	2	100	661	705
12	7	5	101	725	752
12	6	6	102	806	835
12	5	4	103	960	1008
12	4	2	104	1061	1078
13	4	5	105	100	178
13	6	7	106	178	250
13	6	6	107	394	440
13	0	1	108	451	494
13	1	7	109	494	559
13	3	3	110	593	662
13	8	6	111	758	806
13	9	0	112	809	876
13	7	1	113	980	1051
13	4	5	114	1080	1090
14	8	7	115	0	94
14	0	4	116	109	158
14	8	7	117	404	484
14	4	2	118	529	557
14	9	1	119	680	731
14	4	5	120	825	854
14	6	1	121	951	980
15	2	1	122	0	33
15	9	6	123	142	202
15	7	2	124	261	300
15	5	1	125	370	443
15	1	6	126	582	664
15	8	6	127	712	758
15	0	0	128	770	798
15	0	2	129	798	873
15	0	0	130	980	1048
16	5	1	131	109	150
16	3	5	132	178	226
16	5	0	133	656	671
16	6	3	134	680	724
16	6	1	135	731	767
16	5	0	136	876	909
16	4	5	137	938	990
17	6	6	138	28	76
17	5	0	139	95	109
17	9	3	140	222	245
17	8	6	141	254	300
17	3	7	142	309	404
17	8	6	143	664	712
17	1	7	144	741	806
17	4	3	145	854	928
18	7	6	146	0	28
18	2	5	147	262	339
18	8	2	148	382	395
18	7	3	149	395	433
18	6	3	150	440	483
18	3	5	151	483	512
18	4	7	152	559	592
18	0	5	153	661	725
18	9	2	154	876	971
19	0	4	155	12	109
19	1	0	156	109	180
19	0	5	157	226	247
19	2	1	158	494	522
19	3	1	159	565	593
19	4	4	160	596	661
19	7	5	161	752	800
19	4	2	162	990	1061


Solution History:
