This is the output of Heuristic Solver for Dual resource constrained flexible job shop Scheduling Problem.
Input file is: wfjsp13_7.txt
Method: LBBD_CP
Seed: 1
Number of Jobs: 25
Number of Operations: 242
Number of Machines: 15
Number of Operators: 15
CPU Time: 3600.28
obj: 987
Best found lower bound:734
Solver gap (best found lower bound and upper bound difference): Not known


Final Solution:
Job	Machine	Operator	Operation	Start Time	Finish Time
0	6	13	0	0	73
0	9	13	1	84	93
0	0	6	2	159	195
0	10	4	3	336	422
0	0	6	4	422	442
0	12	5	5	623	659
0	8	12	6	681	709
0	1	3	7	873	909
0	2	0	8	944	953
1	2	1	9	12	47
1	10	4	10	184	258
1	9	14	11	258	321
1	1	3	12	321	395
1	14	7	13	395	441
1	7	2	14	463	496
1	3	10	15	506	521
1	13	6	16	529	601
1	2	10	17	754	819
1	1	0	18	819	873
1	12	11	19	922	987
2	11	5	20	79	141
2	14	10	21	157	184
2	4	14	22	184	193
2	7	9	23	513	586
2	3	2	24	588	598
2	6	1	25	791	847
2	10	8	26	859	868
2	1	3	27	909	983
3	10	4	28	0	42
3	9	14	29	42	69
3	12	11	30	190	261
3	4	2	31	301	379
3	9	13	32	452	518
3	2	1	33	553	562
3	7	13	34	820	887
3	9	13	35	887	959
4	10	4	36	87	110
4	4	3	37	110	128
4	9	13	38	155	187
4	3	2	39	187	252
4	10	8	40	258	325
4	13	9	41	382	454
4	2	4	42	467	553
4	3	10	43	553	588
4	14	10	44	588	608
4	14	2	45	608	647
4	1	3	46	661	739
5	2	0	47	184	238
5	0	0	48	348	404
5	5	8	49	424	478
5	7	2	50	496	513
5	12	11	51	525	557
5	12	11	52	557	623
5	5	12	53	647	673
5	5	2	54	673	684
5	0	8	55	916	958
6	12	10	56	81	145
6	7	11	57	152	190
6	14	10	58	255	294
6	9	13	59	323	340
6	12	10	60	392	412
6	8	1	61	485	514
6	11	14	62	591	636
6	12	4	63	729	786
6	10	8	64	786	859
6	13	6	65	860	921
7	3	3	66	0	77
7	14	2	67	77	157
7	6	3	68	157	220
7	11	5	69	220	281
7	3	2	70	281	298
7	11	1	71	298	353
7	2	8	72	353	424
7	0	5	73	444	522
7	9	0	74	522	564
7	5	7	75	591	609
7	3	10	76	609	645
7	8	12	77	709	780
8	2	10	78	47	81
8	6	13	79	93	125
8	11	5	80	370	444
8	4	11	81	444	457
8	3	9	82	463	479
8	2	4	83	640	688
8	11	6	84	791	809
8	13	3	85	817	847
8	8	1	86	919	977
9	12	7	87	261	307
9	14	10	88	307	350
9	6	14	89	532	541
9	4	6	90	601	674
9	7	11	91	733	760
9	6	13	92	760	790
9	3	2	93	790	804
9	12	11	94	804	833
9	8	12	95	833	904
9	4	11	96	904	913
9	3	6	97	921	970
9	11	5	98	970	985
10	0	0	99	0	56
10	14	12	100	184	255
10	13	6	101	352	374
10	3	2	102	379	463
10	13	6	103	466	508
10	11	14	104	636	663
10	10	2	105	868	925
10	13	7	106	925	983
11	2	14	107	81	108
11	7	9	108	190	251
11	5	14	109	323	350
11	7	13	110	424	452
11	10	6	111	452	466
11	12	10	112	467	490
11	9	1	113	665	701
11	2	4	114	881	944
11	10	4	115	944	986
12	8	1	116	170	236
12	6	8	117	241	255
12	14	10	118	350	392
12	6	12	119	438	478
12	3	9	120	479	506
12	1	3	121	529	606
12	5	12	122	609	647
12	7	9	123	660	733
12	1	3	124	739	817
12	3	9	125	817	899
13	1	10	126	12	43
13	11	5	127	45	79
13	8	1	128	82	96
13	6	13	129	125	155
13	6	13	130	340	373
13	4	11	131	398	411
13	2	10	132	424	467
13	0	5	133	730	813
13	12	5	134	833	842
13	0	8	135	868	907
14	13	9	136	40	108
14	13	6	137	198	249
14	5	13	138	258	323
14	4	11	139	379	389
14	5	13	140	389	424
14	11	1	141	444	485
14	0	5	142	522	579
14	11	5	143	663	730
14	5	14	144	730	811
14	4	6	145	811	860
15	14	7	146	45	71
15	5	12	147	71	153
15	2	4	148	258	336
15	8	1	149	514	544
15	2	10	150	688	754
15	9	7	151	787	859
15	8	1	152	904	919
15	11	5	153	922	950
15	6	14	154	950	977
16	4	6	155	0	26
16	2	4	156	110	184
16	4	10	157	193	235
16	4	11	158	457	525
16	4	2	159	525	556
16	1	0	160	606	661
16	6	13	161	665	748
16	13	9	162	748	817
16	2	4	163	819	881
17	8	11	164	0	82
17	13	8	165	179	198
17	9	7	166	226	252
17	4	11	167	389	398
17	6	1	168	605	665
17	10	8	169	665	739
17	12	11	170	786	802
17	5	12	171	908	945
18	2	10	172	0	12
18	5	14	173	12	39
18	8	12	174	255	286
18	6	12	175	286	330
18	9	12	176	417	438
18	10	8	177	478	495
18	10	4	178	553	589
18	0	6	179	674	726
18	3	6	180	726	745
18	5	13	181	811	820
19	13	8	182	0	40
19	11	5	183	141	208
19	0	8	184	208	231
19	12	7	185	307	357
19	5	12	186	478	520
19	13	3	187	520	529
19	0	8	188	579	661
19	12	11	189	661	729
19	11	1	190	730	791
19	12	5	191	842	922
19	5	2	192	945	974
20	7	2	193	0	64
20	7	1	194	96	152
20	0	9	195	251	286
20	8	11	196	300	337
20	7	9	197	586	660
20	11	1	198	847	892
20	3	0	199	899	908
20	14	10	200	908	987
21	10	4	201	42	87
21	3	6	202	87	109
21	3	6	203	109	159
21	9	14	204	350	416
21	10	4	205	422	447
21	9	13	206	564	657
21	14	14	207	663	704
21	13	4	208	704	717
21	5	7	209	859	908
21	0	7	210	908	916
22	9	13	211	73	84
22	9	11	212	93	145
22	13	9	213	145	175
22	5	13	214	187	258
22	7	11	215	261	300
22	13	8	216	325	352
22	11	5	217	353	370
22	6	1	218	373	436
22	14	14	219	441	532
22	6	12	220	541	605
22	7	9	221	899	973
23	11	7	222	0	45
23	8	7	223	96	170
23	9	7	224	187	226
23	13	6	225	249	296
23	0	6	226	296	348
23	8	12	227	348	417
23	8	0	228	417	480
23	6	7	229	480	516
23	11	7	230	516	591
23	8	7	231	609	681
23	9	7	232	701	787
23	6	14	233	847	939
24	10	8	234	110	179
24	6	14	235	220	241
24	4	0	236	241	301
24	7	9	237	301	382
24	2	4	238	589	640
24	4	0	239	674	769
24	3	0	240	769	778
24	11	14	241	811	838


Solution History:
