This is the output of Heuristic Solver for Dual resource constrained flexible job shop Scheduling Problem.
Input file is: wfjsp16_9.txt
Method: LBBD_CP
Seed: 1
Number of Jobs: 40
Number of Operations: 284
Number of Machines: 15
Number of Operators: 15
CPU Time: 3600.15
obj: 1144
Best found lower bound:913
Solver gap (best found lower bound and upper bound difference): Not known


Final Solution:
Job	Machine	Operator	Operation	Start Time	Finish Time
0	4	7	0	101	173
0	12	9	1	204	243
0	6	4	2	392	452
0	2	3	3	723	779
0	8	7	4	785	811
1	13	2	5	118	192
1	7	12	6	203	267
1	12	1	7	380	397
1	4	3	8	403	459
1	2	4	9	642	701
1	12	9	10	701	785
1	12	0	11	884	959
1	0	2	12	986	1053
2	7	8	13	143	185
2	12	7	14	254	272
2	1	3	15	501	557
2	2	1	16	710	723
2	11	5	17	758	841
2	0	9	18	1053	1072
2	4	7	19	1072	1091
2	2	1	20	1091	1121
3	8	5	21	227	266
3	6	2	22	555	565
3	5	8	23	573	592
3	8	7	24	599	621
3	2	7	25	836	893
3	5	6	26	941	993
4	2	8	27	56	141
4	11	10	28	141	226
4	13	14	29	226	312
4	1	8	30	376	431
4	10	5	31	1087	1143
5	2	3	32	0	56
5	0	2	33	206	272
5	7	2	34	299	310
5	11	9	35	322	403
5	4	1	36	745	774
5	13	8	37	985	1004
5	4	1	38	1058	1069
5	9	8	39	1089	1144
6	12	3	40	317	374
6	9	1	41	425	500
6	2	7	42	539	560
6	2	7	43	560	579
6	6	11	44	766	785
6	10	8	45	797	833
6	4	3	46	846	887
6	1	1	47	915	994
6	9	3	48	1025	1063
6	9	12	49	1063	1081
7	10	5	50	143	227
7	13	4	51	555	583
7	4	7	52	687	745
7	9	8	53	772	797
7	4	7	54	811	836
7	9	4	55	836	899
7	0	13	56	899	974
7	3	2	57	974	986
7	7	2	58	1053	1080
8	5	9	59	27	117
8	6	0	60	135	182
8	4	1	61	182	218
8	0	13	62	376	451
8	10	10	63	464	518
8	14	6	64	884	941
8	9	3	65	964	1025
8	2	1	66	1069	1080
9	9	12	67	0	8
9	13	4	68	30	57
9	5	6	69	129	189
9	0	9	70	451	472
9	4	1	71	574	603
10	8	3	72	82	109
10	13	5	73	365	426
10	13	2	74	426	499
10	6	10	75	579	630
10	7	5	76	694	722
10	7	2	77	723	813
10	12	9	78	825	864
10	10	8	79	905	959
10	4	7	80	967	992
10	0	14	81	1098	1135
11	8	3	82	109	139
11	11	1	83	289	302
11	2	7	84	893	945
11	11	11	85	955	990
11	6	11	86	990	1076
12	2	7	87	199	254
12	5	11	88	289	307
12	13	11	89	312	331
12	0	13	90	472	577
12	4	1	91	774	810
12	14	4	92	1033	1118
13	14	0	93	219	294
13	7	11	94	370	413
13	11	1	95	415	425
13	11	1	96	530	560
13	6	10	97	652	707
13	14	0	98	812	884
13	5	8	99	1004	1089
14	8	7	100	173	198
14	6	10	101	268	326
14	2	3	102	459	496
14	1	3	103	634	656
14	8	14	104	695	785
14	1	9	105	864	915
14	3	6	106	993	1048
15	4	13	107	0	88
15	7	2	108	414	423
15	7	8	109	631	689
15	9	8	110	716	772
15	5	1	111	812	826
15	0	13	112	826	899
15	12	9	113	959	1046
16	7	8	114	0	22
16	12	7	115	76	101
16	4	4	116	274	335
16	6	10	117	335	392
16	13	5	118	499	555
16	5	1	119	603	630
16	6	10	120	630	652
16	6	4	121	707	766
16	1	3	122	779	836
17	7	5	123	82	143
17	14	4	124	149	219
17	10	8	125	245	304
17	2	7	126	401	423
17	7	11	127	423	467
17	14	9	128	483	501
17	5	8	129	501	573
17	13	6	130	583	650
17	11	11	131	654	758
17	13	13	132	1004	1058
18	2	9	133	268	322
18	8	3	134	374	403
18	2	7	135	423	446
18	4	1	136	560	574
18	3	4	137	583	642
18	5	6	138	650	708
18	0	9	139	803	825
18	8	5	140	841	897
18	14	0	141	959	1033
19	3	12	142	73	142
19	1	1	143	142	178
19	0	2	144	577	646
19	10	5	145	959	1042
19	11	5	146	1042	1087
19	4	7	147	1091	1124
20	13	4	148	0	30
20	14	4	149	82	149
20	3	12	150	149	203
20	5	6	151	203	260
20	14	5	152	666	694
20	4	1	153	836	846
20	6	4	154	899	958
20	13	8	155	959	985
20	12	0	156	1046	1125
20	3	10	157	1125	1144
21	5	1	158	0	27
21	11	1	159	27	36
21	0	1	160	36	113
21	11	11	161	226	289
21	5	8	162	307	363
21	10	5	163	555	569
21	0	13	164	646	715
21	7	8	165	833	905
21	8	14	166	1042	1098
22	8	5	167	0	82
22	9	14	168	82	183
22	12	0	169	452	525
22	7	12	170	556	631
22	3	0	171	657	732
22	3	14	172	902	957
23	2	3	173	141	199
23	7	5	174	310	346
23	14	12	175	424	483
23	9	12	176	803	834
23	4	3	177	887	964
24	10	10	178	0	54
24	5	1	179	117	129
24	12	3	180	272	317
24	2	7	181	322	401
24	5	1	182	401	415
24	11	6	183	425	530
24	11	11	184	560	654
24	2	3	185	701	710
24	10	10	186	710	778
24	8	5	187	897	952
25	12	7	188	18	76
25	11	11	189	102	110
25	1	14	190	316	376
25	6	11	191	508	527
25	8	7	192	579	599
25	4	7	193	621	647
25	14	13	194	747	809
26	9	2	195	272	299
26	10	1	196	304	380
26	2	1	197	500	527
26	14	9	198	552	624
26	8	5	199	626	666
27	3	2	200	0	13
27	3	14	201	13	73
27	14	13	202	316	368
27	10	1	203	630	709
27	8	14	204	957	1042
27	1	13	205	1058	1127
28	1	13	206	245	316
28	9	11	207	331	370
28	1	8	208	431	490
28	1	8	209	490	501
28	0	12	210	716	803
28	2	7	211	945	967
28	4	7	212	992	1043
29	1	9	213	0	23
29	11	10	214	54	102
29	8	7	215	272	288
29	9	2	216	899	964
29	6	10	217	964	983
29	1	10	218	994	1048
30	12	0	219	0	18
30	9	2	220	18	45
30	3	10	221	226	268
30	0	2	222	310	376
30	2	9	223	785	802
30	11	1	224	846	906
30	7	12	225	906	980
30	2	1	226	994	1058
31	12	9	227	117	204
31	10	5	228	569	626
31	1	13	229	715	747
31	13	11	230	873	955
31	14	4	231	1118	1130
32	1	2	232	48	113
32	3	14	233	412	471
32	7	12	234	483	556
32	13	2	235	650	723
32	6	11	236	785	873
33	14	11	237	0	82
33	13	4	238	335	365
33	9	12	239	370	424
33	8	5	240	426	467
33	5	11	241	467	479
33	3	14	242	479	562
33	7	12	243	980	1053
33	6	11	244	1076	1117
33	11	6	245	1117	1135
34	6	12	246	8	62
34	14	4	247	368	380
34	10	10	248	392	464
34	8	7	249	467	539
34	9	12	250	645	716
34	3	6	251	732	792
35	0	6	252	0	27
35	7	0	253	27	63
35	6	0	254	63	135
35	0	13	255	135	206
35	9	3	256	206	269
35	7	2	257	1080	1144
36	14	11	258	413	422
36	6	4	259	452	508
36	12	0	260	579	657
36	8	3	261	666	695
36	13	6	262	801	860
37	13	6	263	57	118
37	1	8	264	185	245
37	3	12	265	268	337
37	4	0	266	337	398
37	12	2	267	398	414
37	12	0	268	414	452
37	9	2	269	500	555
37	1	3	270	557	634
37	5	0	271	732	812
37	3	12	272	834	902
38	1	8	273	23	48
38	2	1	274	254	268
38	12	10	275	525	579
38	4	9	276	647	687
38	3	6	277	1048	1111
39	4	4	278	219	274
39	8	6	279	288	349
39	3	6	280	349	412
39	14	9	281	501	552
39	9	14	282	562	645
39	13	4	283	766	801


Solution History:
