This is the output of Heuristic Solver for Dual resource constrained flexible job shop Scheduling Problem.
Input file is: wfjsp10_7.txt
Method: LBBD_CP
Seed: 1
Number of Jobs: 20
Number of Operations: 160
Number of Machines: 10
Number of Operators: 10
CPU Time: 3600.17
obj: 912
Best found lower bound:743
Solver gap (best found lower bound and upper bound difference): Not known


Final Solution:
Job	Machine	Operator	Operation	Start Time	Finish Time
0	1	7	0	62	146
0	3	2	1	388	397
0	1	7	2	413	449
0	9	1	3	633	728
0	0	3	4	743	763
0	1	7	5	763	799
0	2	1	6	799	833
0	1	7	7	840	876
1	1	1	8	52	62
1	0	5	9	88	124
1	7	7	10	146	226
1	5	2	11	259	321
1	0	3	12	328	402
1	8	6	13	529	580
1	3	5	14	636	673
1	9	7	15	744	762
1	6	6	16	766	838
1	6	9	17	842	910
2	5	2	18	37	91
2	9	9	19	144	219
2	2	1	20	236	309
2	2	1	21	318	349
2	6	2	22	426	437
2	9	8	23	560	633
2	7	9	24	633	644
2	7	8	25	683	749
2	8	4	26	792	804
2	0	1	27	833	912
3	6	6	28	0	46
3	5	6	29	91	116
3	1	4	30	146	229
3	9	8	31	229	304
3	7	9	32	339	413
4	2	1	33	0	12
4	3	5	34	12	88
4	4	8	35	142	216
4	3	5	36	225	246
4	4	8	37	304	324
4	2	1	38	349	381
4	8	4	39	381	446
4	0	3	40	452	528
4	4	4	41	549	633
4	3	5	42	823	904
5	4	8	43	80	116
5	6	6	44	116	138
5	7	9	45	302	339
5	6	6	46	339	419
5	2	7	47	690	744
5	5	2	48	856	912
6	9	8	49	0	52
6	4	0	50	52	74
6	7	9	51	74	107
6	5	6	52	157	220
6	2	3	53	528	553
6	0	1	54	553	567
6	0	5	55	592	636
6	1	4	56	657	731
6	4	0	57	814	853
7	5	2	58	0	37
7	2	3	59	37	56
7	9	8	60	56	80
7	5	5	61	124	157
7	0	3	62	275	328
7	9	1	63	381	443
7	1	7	64	491	575
7	4	4	65	853	909
8	8	4	66	0	69
8	8	1	67	69	154
8	1	0	68	357	413
8	3	0	69	413	472
8	1	4	70	472	491
8	4	4	71	491	549
8	2	0	72	633	690
8	2	3	73	833	906
9	2	0	74	114	156
9	0	3	75	202	220
9	5	6	76	220	256
9	9	9	77	480	554
9	3	9	78	714	749
10	9	9	79	107	144
10	7	9	80	226	302
10	3	2	81	397	408
10	9	9	82	443	457
10	3	5	83	512	563
11	0	3	84	0	20
11	6	6	85	46	71
11	3	0	86	158	214
11	0	0	87	220	275
11	8	6	88	275	321
11	4	0	89	337	346
11	7	8	90	487	560
11	7	8	91	657	683
11	4	9	92	683	714
11	4	0	93	714	731
12	6	2	94	158	187
12	6	2	95	187	259
12	2	1	96	309	318
12	9	8	97	324	373
12	0	2	98	408	426
12	6	0	99	526	582
12	5	3	100	592	670
12	0	3	101	718	743
12	7	9	102	749	842
12	9	8	103	856	906
13	4	9	104	0	32
13	2	3	105	56	109
13	1	7	106	306	357
13	5	2	107	360	388
13	2	0	108	472	526
13	0	3	109	567	592
13	4	9	110	644	679
13	8	1	111	728	744
13	9	8	112	762	787
13	3	5	113	787	823
14	8	5	114	157	225
14	2	3	115	402	452
14	7	9	116	560	628
14	9	2	117	728	744
14	0	3	118	763	812
15	6	0	119	74	114
15	7	8	120	116	142
15	1	7	121	229	306
15	4	8	122	373	411
15	8	1	123	446	529
15	6	6	124	639	719
15	4	0	125	731	814
15	8	4	126	814	845
16	7	0	127	0	37
16	8	7	128	357	372
16	3	2	129	480	512
16	3	2	130	749	782
16	2	1	131	782	798
16	1	7	132	799	840
17	0	3	133	124	202
17	2	1	134	228	236
17	5	2	135	321	360
17	7	8	136	413	487
17	5	2	137	512	567
17	2	1	138	567	633
17	7	8	139	644	657
17	3	3	140	673	712
17	8	6	141	845	893
18	1	7	142	0	52
18	2	1	143	156	228
18	6	0	144	275	337
18	3	5	145	337	386
18	5	5	146	465	494
18	1	7	147	575	657
18	5	5	148	673	756
18	8	4	149	756	792
19	3	2	150	91	158
19	5	5	151	388	465
19	9	2	152	465	480
19	6	6	153	480	506
19	6	2	154	582	615
19	6	6	155	615	639
19	0	2	156	639	718
19	6	6	157	719	766
19	9	2	158	787	856
19	1	7	159	876	912


Solution History:
