This is the output of Heuristic Solver for Dual resource constrained flexible job shop Scheduling Problem.
Input file is: wfjsp8_1.txt
Method: LBBD_CP
Seed: 1
Number of Jobs: 15
Number of Operations: 109
Number of Machines: 5
Number of Operators: 5
CPU Time: 3600.05
obj: 1069
Best found lower bound:983
Solver gap (best found lower bound and upper bound difference): Not known


Final Solution:
Job	Machine	Operator	Operation	Start Time	Finish Time
0	3	2	0	290	361
0	0	1	1	368	389
0	1	1	2	389	431
0	2	2	3	433	541
0	0	3	4	769	848
1	1	4	5	0	61
1	3	2	6	361	433
1	0	3	7	445	478
1	4	4	8	550	588
1	3	2	9	936	971
1	3	2	10	971	979
1	1	4	11	979	995
1	1	4	12	995	1009
1	1	4	13	1009	1056
2	0	1	14	0	55
2	0	3	15	244	291
2	1	4	16	699	722
2	3	1	17	838	848
2	3	0	18	849	905
2	4	3	19	921	967
2	0	3	20	970	1069
3	3	0	21	0	90
3	3	1	22	539	582
3	3	2	23	670	746
3	4	0	24	833	849
3	3	2	25	905	936
3	2	0	26	946	966
4	2	2	27	0	23
4	0	1	28	55	100
4	2	2	29	180	257
4	4	3	30	331	372
4	1	1	31	431	501
4	2	0	32	585	678
4	1	1	33	848	891
5	4	3	34	79	94
5	3	0	35	94	146
5	1	0	36	150	172
5	3	2	37	257	290
5	2	0	38	314	380
5	3	0	39	433	492
5	1	4	40	665	699
5	2	2	41	746	848
5	4	4	42	887	920
6	2	1	43	257	314
6	4	3	44	372	382
6	2	2	45	573	585
6	4	3	46	639	718
6	0	3	47	761	769
6	0	3	48	848	856
6	2	2	49	856	904
6	4	0	50	967	1052
7	1	4	51	61	76
7	0	3	52	389	445
7	0	1	53	712	761
7	4	4	54	849	887
7	2	2	55	979	1017
8	0	3	56	124	226
8	4	4	57	388	430
8	0	3	58	478	577
8	0	1	59	582	636
8	0	1	60	636	657
8	1	0	61	727	782
9	4	4	62	94	112
9	1	1	63	112	150
9	3	1	64	150	249
9	4	4	65	502	533
9	4	4	66	533	550
9	4	3	67	588	639
9	1	0	68	782	832
9	0	3	69	856	921
9	2	1	70	1017	1057
10	0	3	71	100	124
10	4	4	72	183	218
10	4	3	73	291	331
10	1	4	74	343	388
10	2	0	75	388	433
10	1	4	76	588	665
10	4	4	77	758	833
11	2	2	78	23	98
11	1	0	79	172	262
11	1	4	80	269	343
11	4	3	81	718	758
11	1	1	82	891	908
11	2	0	83	926	946
11	3	2	84	1055	1066
12	4	3	85	0	79
12	3	1	86	501	539
12	2	2	87	541	573
12	3	2	88	585	602
12	3	2	89	640	670
12	2	0	90	678	727
12	1	4	91	833	848
12	1	4	92	920	978
13	4	4	93	112	183
13	0	3	94	226	244
13	4	4	95	244	269
13	0	1	96	314	368
13	3	0	97	492	501
13	1	0	98	501	585
13	3	1	99	761	838
13	0	1	100	921	970
13	3	2	101	1017	1055
14	2	2	102	98	180
14	4	4	103	430	502
14	3	2	104	602	640
14	0	1	105	657	712
14	2	0	106	905	926
14	3	1	107	979	1017
14	4	4	108	1056	1067


Solution History:
