This is the output of Heuristic Solver for Dual resource constrained flexible job shop Scheduling Problem.
Input file is: wfjsp20_10.txt
Method: LBBD_CP
Seed: 1
Number of Jobs: 25
Number of Operations: 194
Number of Machines: 10
Number of Operators: 8
CPU Time: 3600.13
obj: 1403
Best found lower bound:1276
Solver gap (best found lower bound and upper bound difference): Not known


Final Solution:
Job	Machine	Operator	Operation	Start Time	Finish Time
0	5	3	0	80	152
0	8	0	1	445	527
0	3	0	2	664	727
0	2	6	3	727	819
0	0	6	4	1001	1052
0	8	7	5	1114	1141
0	6	7	6	1141	1170
0	2	4	7	1355	1403
1	6	5	8	64	150
1	7	4	9	235	260
1	8	7	10	655	687
1	3	7	11	809	839
1	9	3	12	873	960
1	0	2	13	1052	1134
1	2	4	14	1180	1241
1	1	1	15	1252	1334
2	2	1	16	179	261
2	5	5	17	272	284
2	2	4	18	325	334
2	6	1	19	528	579
2	7	6	20	651	715
2	5	4	21	900	983
2	8	7	22	1202	1245
2	6	4	23	1288	1355
3	4	5	24	0	41
3	8	3	25	41	61
3	7	6	26	260	304
3	1	2	27	478	496
3	4	2	28	583	669
4	2	6	29	0	28
4	0	7	30	194	263
4	6	3	31	268	349
4	0	2	32	758	826
4	7	6	33	836	868
4	5	3	34	1237	1287
5	0	2	35	0	78
5	5	5	36	284	296
5	8	3	37	421	439
5	1	5	38	1093	1112
5	5	5	39	1112	1163
5	8	6	40	1163	1198
5	4	2	41	1198	1286
5	8	1	42	1334	1397
6	1	5	43	502	591
6	0	7	44	880	893
6	7	5	45	937	950
6	9	0	46	980	1046
6	1	7	47	1334	1378
6	4	6	48	1378	1390
7	9	0	49	268	363
7	5	4	50	489	570
7	8	3	51	629	655
7	8	7	52	687	753
7	3	7	53	1391	1399
8	0	7	54	263	334
8	4	4	55	334	406
8	8	3	56	550	568
8	0	0	57	599	664
8	5	5	58	840	872
8	0	6	59	872	880
8	3	0	60	887	978
8	8	7	61	1071	1114
8	6	1	62	1170	1252
9	4	6	63	175	240
9	7	1	64	349	437
9	9	0	65	527	599
9	7	4	66	724	770
9	8	1	67	840	888
9	6	2	68	900	917
9	9	5	69	960	980
9	4	4	70	1116	1135
9	2	4	71	1159	1180
10	0	7	72	473	520
10	2	4	73	655	700
10	7	4	74	770	790
10	6	4	75	1050	1116
10	5	5	76	1322	1367
11	8	7	77	64	103
11	5	5	78	238	272
11	0	0	79	363	445
11	4	6	80	460	493
11	0	7	81	520	551
11	4	4	82	700	724
11	0	7	83	893	903
11	3	6	84	1071	1158
11	1	5	85	1190	1229
12	5	3	86	0	39
12	2	4	87	261	325
12	2	6	88	349	417
12	3	7	89	583	597
12	8	1	90	753	840
13	1	1	91	0	65
13	8	1	92	147	179
13	1	7	93	390	406
13	7	1	94	437	526
13	9	7	95	610	654
13	9	3	96	655	737
13	9	3	97	737	818
13	2	2	98	826	889
13	0	7	99	915	1001
13	7	0	100	1046	1137
14	3	5	101	166	238
14	3	2	102	390	478
14	6	2	103	671	758
14	6	7	104	766	806
14	4	5	105	872	902
14	6	2	106	917	964
14	9	0	107	1288	1375
14	6	7	108	1378	1391
15	5	4	109	152	235
15	4	6	110	240	251
15	5	5	111	411	475
15	5	5	112	776	840
15	3	0	113	840	887
15	4	6	114	915	1001
15	3	7	115	1001	1071
16	8	0	116	179	261
16	8	3	117	349	421
16	2	4	118	421	489
16	1	1	119	591	673
16	4	5	120	746	776
16	2	1	121	889	928
16	9	3	122	1050	1137
16	3	2	123	1158	1185
17	4	6	124	96	163
17	4	6	125	493	509
17	8	3	126	528	550
17	1	7	127	839	878
17	5	5	128	983	1010
17	4	4	129	1135	1159
17	9	7	130	1170	1202
18	7	4	131	0	49
18	5	3	132	61	80
18	3	2	133	80	166
18	2	6	134	166	175
18	6	5	135	591	671
18	1	7	136	753	766
18	0	0	137	1137	1200
18	3	0	138	1200	1288
18	5	2	139	1288	1313
18	3	2	140	1313	1387
19	2	6	141	28	96
19	2	4	142	96	146
19	1	2	143	301	390
19	8	3	144	568	629
19	6	4	145	983	1050
19	2	6	146	1052	1063
19	2	5	147	1241	1322
20	0	7	148	130	194
20	8	1	149	261	348
20	5	5	150	369	411
20	9	6	151	417	430
20	4	6	152	430	460
20	3	2	153	502	583
20	7	6	154	583	651
20	3	0	155	727	809
20	8	1	156	928	1014
21	9	0	157	0	89
21	6	7	158	349	381
21	3	5	159	478	502
21	4	6	160	509	576
21	4	5	161	1010	1093
21	5	5	162	1163	1190
21	8	6	163	1245	1310
22	9	0	164	89	177
22	3	2	165	254	301
22	5	5	166	301	369
22	1	7	167	406	473
22	5	5	168	671	703
22	5	5	169	703	746
22	7	4	170	790	836
22	1	2	171	964	1050
22	0	7	172	1245	1332
22	7	3	173	1332	1402
23	8	7	174	103	130
23	9	3	175	177	268
23	7	6	176	304	349
23	6	3	177	439	528
23	3	7	178	597	610
23	6	4	179	836	900
23	8	7	180	903	915
23	7	3	181	960	1031
23	8	3	182	1031	1050
23	7	4	183	1241	1288
24	6	7	184	0	64
24	7	1	185	65	147
24	6	2	186	166	254
24	5	4	187	570	655
24	9	3	188	818	873
24	7	6	189	880	915
24	1	5	190	915	937
24	5	1	191	1014	1102
24	1	1	192	1112	1167
24	5	3	193	1190	1237


Solution History:
