This is the output of Heuristic Solver for Dual resource constrained flexible job shop Scheduling Problem.
Input file is: wfjsp6_6.txt
Method: LBBD_CP
Seed: 1
Number of Jobs: 12
Number of Operations: 72
Number of Machines: 5
Number of Operators: 5
CPU Time: 3600.06
obj: 838
Best found lower bound:776
Solver gap (best found lower bound and upper bound difference): Not known


Final Solution:
Job	Machine	Operator	Operation	Start Time	Finish Time
0	3	3	0	0	70
0	3	4	1	73	114
0	1	1	2	136	198
0	2	2	3	273	314
0	3	3	4	422	511
0	2	0	5	511	600
0	4	0	6	630	659
0	0	1	7	659	687
0	2	0	8	687	773
1	0	4	9	311	324
1	3	3	10	340	422
2	0	4	11	0	73
2	3	4	12	115	147
2	0	4	13	147	183
2	1	1	14	198	258
2	0	4	15	394	492
2	1	1	16	516	596
2	2	2	17	602	687
2	3	3	18	809	837
3	4	1	19	0	45
3	2	3	20	70	123
3	2	0	21	148	191
3	2	2	22	191	273
4	0	4	23	183	258
4	1	1	24	258	315
4	0	4	25	324	362
4	0	4	26	362	394
4	2	0	27	403	413
4	1	1	28	450	516
4	3	4	29	684	768
4	1	1	30	782	833
5	2	3	31	123	136
5	4	1	32	315	396
5	4	2	33	402	479
5	4	2	34	479	514
5	0	4	35	519	595
5	3	2	36	768	809
5	0	4	37	813	838
6	1	2	38	0	85
6	3	3	39	148	184
6	4	0	40	201	251
6	3	4	41	266	311
6	1	2	42	315	389
6	2	0	43	413	505
6	4	2	44	514	602
6	0	1	45	609	659
6	0	3	46	687	772
6	2	3	47	773	806
7	1	2	48	85	130
7	4	2	49	172	184
7	3	3	50	184	266
7	3	3	51	311	340
7	1	2	52	389	402
7	1	1	53	402	450
7	3	3	54	511	598
7	0	1	55	598	609
7	1	2	56	687	768
7	4	0	57	773	838
8	0	1	58	73	136
8	0	3	59	266	311
8	2	0	60	314	403
9	2	3	61	136	148
9	1	4	62	596	684
10	2	0	63	0	53
10	4	2	64	138	159
10	0	4	65	492	519
11	4	0	66	53	138
11	4	0	67	265	307
11	3	3	68	598	684
11	4	1	69	687	760
11	1	4	70	768	781
11	0	4	71	781	813


Solution History:
