This is the output of Heuristic Solver for Dual resource constrained flexible job shop Scheduling Problem.
Input file is: wfjsp21_6.txt
Method: LBBD_CP
Seed: 1
Number of Jobs: 25
Number of Operations: 253
Number of Machines: 15
Number of Operators: 12
CPU Time: 3600.2
obj: 1290
Best found lower bound:1098
Solver gap (best found lower bound and upper bound difference): Not known


Final Solution:
Job	Machine	Operator	Operation	Start Time	Finish Time
0	9	7	0	0	57
0	13	2	1	88	124
0	13	7	2	176	232
0	4	5	3	281	318
0	5	2	4	527	615
0	3	1	5	693	778
0	5	8	6	845	872
0	4	8	7	884	909
0	10	4	8	946	1031
0	1	9	9	1041	1053
0	7	0	10	1100	1189
0	10	9	11	1199	1264
1	5	5	12	38	65
1	0	11	13	80	115
1	7	3	14	115	171
1	8	11	15	194	282
1	8	8	16	398	470
1	6	10	17	478	561
1	2	8	18	564	590
1	6	7	19	711	756
1	5	4	20	792	845
1	9	4	21	1087	1126
1	3	1	22	1208	1290
2	11	9	23	0	67
2	2	8	24	67	123
2	13	10	25	124	158
2	5	11	26	163	194
2	1	9	27	199	207
2	3	11	28	469	531
2	13	3	29	531	615
2	11	6	30	786	831
2	10	5	31	835	851
2	8	4	32	851	934
2	11	9	33	1053	1120
3	6	8	34	249	284
3	3	5	35	329	405
3	8	11	36	545	584
3	11	8	37	617	640
3	0	3	38	711	796
3	6	8	39	796	830
3	5	11	40	872	920
3	13	6	41	1091	1132
3	6	6	42	1178	1239
4	13	3	43	0	84
4	5	4	44	212	296
4	7	9	45	298	354
4	10	2	46	354	438
4	8	8	47	756	785
4	11	6	48	831	873
4	6	8	49	911	924
4	12	9	50	924	1014
4	11	8	51	1014	1042
4	14	10	52	1073	1082
4	3	6	53	1132	1176
4	12	0	54	1196	1283
5	7	6	55	0	9
5	7	6	56	9	86
5	5	6	57	86	146
5	0	8	58	317	375
5	1	5	59	405	450
5	4	1	60	536	621
5	13	2	61	621	635
5	10	8	62	668	756
5	7	3	63	969	1021
5	3	9	64	1021	1041
5	6	7	65	1041	1066
5	7	3	66	1189	1273
6	4	5	67	0	38
6	14	4	68	38	123
6	14	8	69	123	180
6	2	0	70	180	194
6	0	2	71	213	247
6	0	2	72	247	289
6	8	3	73	289	377
6	3	11	74	425	469
6	10	5	75	478	519
6	8	8	76	535	543
7	5	8	77	0	22
7	9	2	78	124	205
7	13	6	79	271	368
7	7	3	80	398	408
7	12	6	81	444	467
7	12	10	82	561	572
7	14	5	83	612	701
7	7	9	84	713	729
7	14	10	85	864	934
7	10	5	86	1114	1199
8	3	6	87	146	206
8	2	7	88	232	255
8	12	9	89	269	298
8	5	4	90	437	521
8	8	8	91	653	668
8	4	9	92	698	713
8	11	9	93	729	763
8	7	1	94	778	827
8	3	6	95	958	999
8	8	0	96	1012	1100
8	5	2	97	1114	1202
8	6	7	98	1239	1265
9	9	7	99	57	118
9	8	7	100	118	176
9	1	9	101	207	216
9	9	10	102	693	727
9	4	10	103	727	774
9	10	9	104	774	788
9	9	10	105	937	966
9	9	8	106	966	986
9	1	1	107	999	1035
10	10	4	108	123	212
10	13	10	109	369	400
10	10	8	110	590	617
10	7	3	111	627	711
10	5	11	112	711	736
10	5	11	113	736	787
10	1	9	114	788	857
10	10	5	115	857	946
10	2	2	116	1019	1103
10	8	8	117	1189	1218
10	9	10	118	1273	1286
11	9	10	119	205	214
11	9	8	120	229	249
11	4	0	121	444	529
11	14	10	122	572	586
11	8	5	123	586	612
11	14	6	124	701	786
11	13	7	125	814	873
11	5	5	126	1073	1114
11	4	1	127	1123	1208
11	13	6	128	1239	1281
11	10	4	129	1281	1290
12	10	1	130	0	76
12	11	3	131	84	103
12	1	0	132	124	177
12	10	4	133	296	346
12	7	11	134	408	425
12	7	3	135	425	460
12	8	8	136	470	535
12	9	11	137	1226	1273
13	7	3	138	229	282
13	14	4	139	346	398
13	9	0	140	529	616
13	13	2	141	723	807
13	9	2	142	850	937
13	1	0	143	937	971
13	13	10	144	971	1039
13	3	1	145	1041	1123
13	14	8	146	1129	1189
13	0	7	147	1189	1231
14	3	11	148	0	80
14	12	9	149	134	199
14	11	7	150	281	359
14	1	9	151	359	376
14	4	9	152	376	409
14	13	2	153	438	527
14	10	5	154	527	565
14	6	6	155	565	622
14	3	6	156	624	693
14	4	3	157	796	884
14	14	11	158	934	1022
15	8	2	159	0	88
15	4	8	160	180	202
15	9	10	161	269	336
15	9	11	162	336	398
15	14	10	163	400	467
15	0	11	164	531	545
15	1	4	165	557	612
15	2	11	166	624	707
15	3	11	167	787	870
15	14	5	168	1022	1073
16	7	8	169	202	229
16	11	5	170	229	281
16	6	7	171	359	385
16	14	4	172	521	557
16	7	9	173	557	627
16	9	10	174	627	693
16	2	4	175	707	792
16	2	10	176	792	864
16	11	6	177	873	958
16	11	5	178	958	1011
16	2	11	179	1129	1210
16	9	11	180	1210	1226
17	14	10	181	0	17
17	1	10	182	17	104
17	6	1	183	157	242
17	2	2	184	289	332
17	9	7	185	469	529
17	7	9	186	544	555
17	12	0	187	782	867
17	4	8	188	924	947
18	3	1	189	242	329
18	9	4	190	398	437
18	2	1	191	451	536
18	8	4	192	612	653
18	8	0	193	668	754
18	9	7	194	756	814
18	6	1	195	830	911
18	8	7	196	934	1012
18	11	10	197	1154	1257
19	0	11	198	115	163
19	0	10	199	163	178
19	3	5	200	206	223
19	5	10	201	336	369
19	0	7	202	545	639
19	11	7	203	640	711
19	8	5	204	785	835
19	3	0	205	870	937
19	5	2	206	937	1019
19	9	10	207	1126	1154
20	6	0	208	0	36
20	11	7	209	385	394
20	6	5	210	451	478
20	2	8	211	543	564
20	2	10	212	590	624
20	6	0	213	624	668
20	12	5	214	723	782
20	5	2	215	1202	1290
21	2	8	216	22	67
21	12	9	217	67	134
21	13	6	218	232	271
21	11	9	219	409	501
21	4	9	220	627	698
21	2	1	221	911	999
21	4	8	222	1042	1087
21	13	3	223	1132	1188
22	6	1	224	76	157
22	4	1	225	329	365
22	7	8	226	375	398
22	6	1	227	398	451
22	12	6	228	467	556
22	9	2	229	814	850
22	0	3	230	884	969
22	14	11	231	1082	1129
22	12	9	232	1129	1196
22	8	8	233	1218	1288
23	4	0	234	38	124
23	6	8	235	284	317
23	0	7	236	394	469
23	0	3	237	469	514
23	3	11	238	584	624
23	9	3	239	1021	1087
23	6	7	240	1087	1178
23	14	5	241	1199	1284
24	11	5	242	103	190
24	12	2	243	205	213
24	12	10	244	214	269
24	1	0	245	269	354
24	12	0	246	354	444
24	7	9	247	501	544
24	12	2	248	635	723
24	7	9	249	857	890
24	10	6	250	1031	1091
24	8	8	251	1100	1129
24	1	4	252	1129	1220


Solution History:
