This is the output of Heuristic Solver for Dual resource constrained flexible job shop Scheduling Problem.
Input file is: wfjsp18_5.txt
Method: LBBD_CP
Seed: 1
Number of Jobs: 20
Number of Operations: 143
Number of Machines: 10
Number of Operators: 8
CPU Time: 3600.12
obj: 899
Best found lower bound:817
Solver gap (best found lower bound and upper bound difference): Not known


Final Solution:
Job	Machine	Operator	Operation	Start Time	Finish Time
0	2	6	0	23	38
0	6	0	1	97	135
0	6	0	2	135	230
0	3	0	3	238	304
0	4	2	4	645	710
0	3	2	5	741	775
0	7	3	6	776	840
1	7	1	7	32	69
1	5	7	8	111	162
1	8	5	9	529	571
1	4	2	10	710	741
1	1	4	11	780	849
2	0	4	12	74	97
2	2	6	13	294	308
2	6	4	14	355	424
2	2	6	15	550	616
2	5	2	16	635	645
3	2	6	17	331	386
3	4	5	18	434	503
3	1	1	19	504	541
3	5	1	20	541	569
3	2	6	21	616	659
4	9	5	22	0	29
4	5	7	23	79	111
4	1	5	24	114	219
4	6	0	25	304	352
4	6	0	26	659	696
5	2	6	27	0	23
5	8	0	28	352	363
5	2	1	29	410	453
5	4	7	30	552	638
5	6	0	31	696	759
6	8	4	32	0	74
6	2	6	33	208	294
6	9	6	34	386	472
6	3	2	35	536	571
6	9	5	36	677	690
6	5	4	37	735	780
7	9	6	38	59	135
7	5	7	39	162	233
7	0	0	40	363	427
7	7	3	41	632	660
7	0	2	42	814	882
8	0	1	43	0	32
8	4	5	44	32	50
8	8	1	45	74	138
8	4	2	46	171	256
8	5	2	47	411	494
8	0	0	48	554	596
8	5	7	49	645	733
8	0	7	50	736	814
8	9	5	51	815	824
8	2	6	52	863	897
9	5	7	53	0	79
9	4	2	54	139	171
9	8	5	55	229	314
9	8	1	56	486	504
9	0	0	57	518	554
9	3	5	58	571	663
9	3	5	59	663	677
9	2	1	60	741	769
9	6	1	61	816	880
10	1	3	62	86	102
10	9	2	63	332	370
10	1	3	64	402	434
10	7	4	65	469	553
10	0	4	66	598	690
10	0	1	67	698	736
10	4	5	68	824	869
10	6	1	69	880	895
11	6	0	70	0	97
11	7	3	71	114	201
11	0	1	72	229	274
11	1	3	73	283	317
11	2	6	74	317	331
11	4	7	75	331	415
11	7	3	76	434	464
11	4	3	77	503	548
11	7	3	78	567	632
11	2	6	79	659	741
12	4	2	80	0	25
12	9	6	81	135	208
12	4	2	82	264	319
12	8	1	83	469	478
12	8	5	84	504	529
12	7	4	85	690	698
12	9	5	86	698	707
12	5	7	87	816	899
13	4	2	88	50	139
13	1	3	89	231	283
13	5	1	90	283	311
13	3	3	91	317	402
13	8	4	92	424	469
13	8	1	93	478	486
13	1	4	94	553	598
13	8	1	95	615	698
13	6	0	96	759	798
13	8	4	97	849	896
14	9	6	98	38	59
14	7	5	99	69	114
14	5	1	100	311	380
14	6	0	101	427	439
14	9	7	102	480	552
14	5	2	103	571	635
14	8	5	104	735	806
14	8	0	105	806	849
15	1	3	106	0	86
15	2	4	107	97	192
15	7	3	108	201	231
15	7	4	109	231	316
15	0	4	110	316	355
15	1	3	111	747	776
15	5	1	112	780	816
16	3	0	113	230	238
16	7	5	114	330	414
16	1	3	115	464	491
16	0	0	116	491	518
16	6	1	117	569	583
16	6	0	118	596	659
16	8	4	119	698	735
16	9	6	120	741	778
17	8	2	121	370	400
17	4	5	122	415	434
17	2	6	123	472	550
17	7	3	124	553	567
17	8	1	125	583	615
17	7	5	126	707	728
17	2	6	127	796	863
18	8	1	128	138	229
18	5	2	129	256	264
18	9	5	130	314	330
18	5	1	131	380	410
18	3	7	132	415	480
19	3	2	133	25	34
19	6	7	134	233	302
19	8	2	135	319	332
19	3	2	136	402	411
19	6	0	137	439	488
19	3	2	138	494	536
19	1	3	139	660	747
19	9	6	140	778	796
19	3	5	141	806	815
19	9	5	142	869	886


Solution History:
