This is the output of Heuristic Solver for Dual resource constrained flexible job shop Scheduling Problem.
Input file is: wfjsp7_4.txt
Method: LBBD_CP
Seed: 1
Number of Jobs: 12
Number of Operations: 95
Number of Machines: 5
Number of Operators: 5
CPU Time: 3600.06
obj: 996
Best found lower bound:900
Solver gap (best found lower bound and upper bound difference): Not known


Final Solution:
Job	Machine	Operator	Operation	Start Time	Finish Time
0	1	3	0	0	75
0	4	2	1	150	213
0	2	1	2	220	287
0	4	2	3	378	442
0	2	4	4	445	535
0	2	1	5	684	715
0	4	2	6	784	823
0	0	1	7	918	930
0	4	2	8	949	995
1	4	4	9	213	234
1	1	3	10	267	281
1	1	2	11	343	378
1	1	3	12	378	446
1	3	0	13	452	477
1	1	3	14	485	579
1	3	0	15	751	825
1	4	0	16	825	884
1	4	0	17	884	933
2	0	2	18	0	33
2	4	2	19	132	150
2	0	4	20	163	210
2	3	0	21	210	284
2	0	1	22	287	296
2	4	4	23	296	359
2	0	1	24	611	684
3	3	2	25	40	53
3	4	0	26	62	132
3	3	0	27	132	204
3	3	0	28	284	367
3	3	2	29	633	682
3	2	4	30	773	863
4	2	3	31	611	681
4	3	0	32	682	751
4	1	3	33	756	799
4	0	1	34	804	819
4	1	3	35	819	886
4	0	1	36	888	918
4	1	4	37	937	960
5	4	0	38	0	62
5	2	3	39	320	364
5	0	2	40	684	741
5	0	1	41	773	804
5	3	2	42	825	876
5	2	3	43	924	996
6	2	4	44	364	445
6	0	1	45	445	508
6	1	2	46	579	609
6	3	2	47	609	633
6	4	4	48	679	744
6	2	1	49	744	773
6	3	2	50	876	927
6	1	4	51	960	988
7	1	3	52	75	167
7	2	1	53	167	207
7	2	1	54	207	220
7	2	3	55	287	320
7	3	0	56	367	440
7	3	0	57	440	452
7	4	0	58	489	560
7	4	2	59	744	784
7	0	1	60	930	989
8	3	1	61	0	40
8	0	1	62	40	70
8	0	2	63	75	87
8	3	2	64	87	112
8	0	4	65	112	163
8	0	2	66	213	270
8	0	1	67	296	343
8	1	3	68	724	756
9	2	4	69	0	54
9	1	2	70	281	343
9	0	1	71	343	376
9	4	2	72	442	489
9	2	4	73	535	611
9	1	3	74	681	724
9	2	1	75	724	733
9	0	1	76	819	888
9	1	4	77	888	937
10	3	2	78	53	75
10	2	1	79	75	151
10	1	3	80	167	230
10	4	4	81	234	287
10	3	2	82	513	567
10	3	0	83	567	595
10	4	0	84	595	679
10	3	2	85	927	949
10	3	0	86	949	980
11	1	3	87	230	267
11	0	1	88	376	440
11	1	3	89	446	485
11	3	2	90	489	513
11	0	1	91	513	543
11	0	1	92	543	611
11	1	4	93	611	667
11	2	3	94	886	924


Solution History:
