This is the output of Heuristic Solver for Dual resource constrained flexible job shop Scheduling Problem.
Input file is: wfjsp9_6.txt
Method: LBBD_CP
Seed: 1
Number of Jobs: 15
Number of Operations: 134
Number of Machines: 5
Number of Operators: 5
CPU Time: 3600.1
obj: 1441
Best found lower bound:1342
Solver gap (best found lower bound and upper bound difference): Not known


Final Solution:
Job	Machine	Operator	Operation	Start Time	Finish Time
0	4	2	0	0	61
0	1	1	1	85	127
0	3	3	2	224	290
0	3	4	3	336	377
0	1	2	4	383	471
0	2	0	5	475	564
0	3	4	6	831	859
0	0	3	7	866	893
0	1	1	8	926	1013
1	1	4	9	257	271
1	4	1	10	425	507
1	3	3	11	525	591
1	3	4	12	605	637
1	1	1	13	769	808
1	4	0	14	990	1047
1	3	3	15	1190	1273
1	0	4	16	1288	1364
2	1	2	17	169	254
2	0	1	18	350	379
2	3	4	19	425	471
2	3	2	20	471	525
2	2	3	21	694	736
2	2	2	22	781	863
2	4	2	23	1214	1285
2	0	4	24	1364	1420
3	0	3	25	89	130
3	3	4	26	184	217
3	4	2	27	303	311
3	3	4	28	646	710
3	4	0	29	784	869
3	3	4	30	869	915
3	4	0	31	921	936
3	2	2	32	944	1025
3	0	4	33	1044	1120
3	3	4	34	1152	1190
4	4	2	35	61	133
4	0	4	36	217	257
4	4	1	37	597	621
4	3	4	38	710	795
4	3	4	39	795	831
4	1	1	40	875	926
4	1	2	41	1145	1190
4	1	4	42	1190	1256
5	0	1	43	130	216
5	2	0	44	226	315
5	3	4	45	377	425
5	0	3	46	425	510
5	1	4	47	572	605
5	2	0	48	649	694
5	4	2	49	1202	1214
5	3	3	50	1273	1355
5	1	2	51	1370	1399
5	3	4	52	1425	1436
6	2	0	53	0	48
6	2	0	54	48	136
6	1	2	55	136	148
6	2	3	56	148	224
6	1	4	57	271	336
6	1	4	58	510	572
6	2	2	59	736	781
6	0	3	60	781	866
6	1	4	61	1016	1027
6	1	1	62	1256	1345
7	3	3	63	0	52
7	1	2	64	148	169
7	4	1	65	226	252
7	0	1	66	510	596
7	1	2	67	605	645
7	1	2	68	645	730
7	1	1	69	808	875
7	4	2	70	1190	1202
7	0	4	71	1256	1288
7	2	3	72	1355	1390
8	0	4	73	0	89
8	3	4	74	148	184
8	3	3	75	290	333
8	1	2	76	351	360
8	1	2	77	360	383
8	2	2	78	863	944
8	2	0	79	1047	1137
8	4	2	80	1316	1326
8	4	1	81	1417	1441
9	3	4	82	637	646
9	4	0	83	694	784
9	0	3	84	893	913
9	0	3	85	913	988
9	0	1	86	1152	1241
9	2	0	87	1274	1326
9	1	2	88	1347	1370
9	3	3	89	1390	1425
10	1	1	90	0	85
10	3	4	91	89	105
10	4	2	92	254	270
10	2	2	93	315	351
10	2	0	94	381	431
10	2	0	95	431	475
10	0	3	96	596	684
10	4	1	97	1047	1135
10	4	1	98	1390	1417
11	4	0	99	315	381
11	4	0	100	936	990
11	0	4	101	1006	1016
11	1	2	102	1027	1063
11	3	3	103	1087	1135
11	0	4	104	1137	1152
11	2	3	105	1152	1184
11	2	2	106	1326	1347
11	1	2	107	1399	1435
12	4	0	108	136	226
12	4	2	109	270	303
12	1	4	110	471	499
12	2	0	111	564	649
12	4	1	112	649	674
12	4	0	113	869	921
12	3	4	114	921	995
12	3	3	115	1006	1087
12	2	0	116	1189	1274
12	4	2	117	1285	1316
13	3	3	118	52	70
13	2	3	119	136	148
13	4	1	120	621	642
13	0	1	121	684	769
13	0	3	122	988	1006
13	0	1	123	1016	1044
13	1	2	124	1063	1145
13	4	0	125	1326	1390
14	3	4	126	105	148
14	0	1	127	257	350
14	4	1	128	381	425
14	1	4	129	499	510
14	4	2	130	525	597
14	0	4	131	1120	1137
14	4	0	132	1137	1189
14	2	0	133	1390	1441


Solution History:
