This is the output of Heuristic Solver for Dual resource constrained flexible job shop Scheduling Problem.
Input file is: wfjsp9_5.txt
Method: LBBD_CP
Seed: 1
Number of Jobs: 15
Number of Operations: 130
Number of Machines: 5
Number of Operators: 5
CPU Time: 3600.1
obj: 1301
Best found lower bound:1209
Solver gap (best found lower bound and upper bound difference): Not known


Final Solution:
Job	Machine	Operator	Operation	Start Time	Finish Time
0	2	3	0	0	14
0	2	3	1	14	56
0	3	2	2	65	149
0	0	0	3	439	505
0	2	2	4	508	580
0	3	2	5	580	622
0	4	3	6	622	694
0	1	4	7	750	789
0	4	1	8	1220	1264
0	1	1	9	1265	1301
1	0	0	10	173	206
1	2	2	11	440	508
1	4	4	12	534	555
1	2	2	13	697	711
1	2	2	14	711	776
1	0	0	15	949	1013
1	3	0	16	1166	1176
1	1	4	17	1220	1265
2	3	2	18	0	65
2	1	1	19	87	124
2	2	0	20	343	371
2	2	0	21	580	617
2	1	4	22	722	750
2	4	3	23	777	805
2	1	1	24	852	943
2	3	0	25	1176	1217
3	4	1	26	41	78
3	4	4	27	87	108
3	4	4	28	108	116
3	0	1	29	206	251
3	1	3	30	251	334
3	1	1	31	789	852
3	3	2	32	883	947
3	4	4	33	1122	1220
4	4	4	34	116	196
4	2	3	35	392	430
4	3	3	36	440	453
4	0	1	37	505	556
4	0	1	38	590	675
4	0	0	39	842	911
4	4	4	40	957	1023
4	2	2	41	1222	1250
5	0	0	42	105	173
5	1	4	43	202	235
5	0	1	44	344	362
5	1	3	45	494	558
5	1	4	46	558	640
5	4	3	47	694	777
5	0	0	48	800	842
5	2	3	49	1022	1103
6	1	4	50	0	78
6	1	4	51	78	87
6	3	2	52	149	181
6	2	0	53	206	295
6	1	3	54	334	364
6	2	3	55	883	968
6	2	3	56	1004	1022
6	4	1	57	1046	1087
6	0	1	58	1093	1182
7	4	3	59	203	215
7	3	2	60	248	272
7	4	3	61	558	622
7	2	0	62	681	697
7	0	0	63	911	949
7	2	2	64	974	1004
7	1	4	65	1038	1122
7	3	3	66	1217	1295
8	0	0	67	0	36
8	1	1	68	124	163
8	3	2	69	181	196
8	4	4	70	235	319
8	3	2	71	358	440
8	3	0	72	505	546
8	0	1	73	556	590
8	3	2	74	673	686
8	1	1	75	943	1038
8	0	2	76	1062	1093
9	2	3	77	149	203
9	0	0	78	371	439
9	1	4	79	640	722
9	0	1	80	763	788
9	4	4	81	805	872
9	0	2	82	1013	1062
9	4	3	83	1103	1112
9	4	4	84	1265	1290
9	4	4	85	1290	1298
10	1	3	86	235	244
10	3	2	87	272	358
10	1	1	88	364	461
10	4	4	89	484	534
10	2	0	90	617	645
10	4	4	91	872	957
10	2	2	92	1103	1158
10	3	0	93	1158	1166
11	4	1	94	0	41
11	2	3	95	56	149
11	1	1	96	163	202
11	2	0	97	295	343
11	2	3	98	371	392
11	3	3	99	453	494
11	3	0	100	1013	1081
11	3	3	101	1144	1155
11	2	2	102	1158	1222
11	0	0	103	1222	1292
12	0	0	104	36	105
12	3	2	105	196	248
12	4	4	106	319	402
12	4	4	107	402	484
12	3	0	108	546	578
12	0	1	109	675	763
12	3	0	110	763	800
12	1	3	111	1186	1217
13	2	0	112	645	681
13	0	2	113	788	797
13	2	3	114	805	883
13	3	2	115	947	974
13	3	3	116	974	997
13	4	4	117	1023	1037
13	3	0	118	1081	1144
13	1	3	119	1155	1186
13	0	1	120	1186	1219
13	2	2	121	1250	1279
14	4	3	122	215	235
14	0	1	123	251	329
14	0	1	124	329	344
14	3	2	125	622	652
14	3	2	126	652	673
14	3	0	127	697	762
14	3	2	128	800	883
14	4	1	129	1038	1046


Solution History:
