This is the output of Heuristic Solver for Dual resource constrained flexible job shop Scheduling Problem.
Input file is: wfjsp14_1.txt
Method: LBBD_CP
Seed: 1
Number of Jobs: 30
Number of Operations: 215
Number of Machines: 15
Number of Operators: 15
CPU Time: 3600.3
obj: 845
Best found lower bound:649
Solver gap (best found lower bound and upper bound difference): Not known


Final Solution:
Job	Machine	Operator	Operation	Start Time	Finish Time
0	11	0	0	0	66
0	4	14	1	151	172
0	7	11	2	207	252
0	14	1	3	438	518
0	8	2	4	667	746
1	5	14	5	94	149
1	14	6	6	231	299
1	13	2	7	402	428
1	12	10	8	507	541
1	7	9	9	541	572
1	1	9	10	572	581
1	10	10	11	581	596
1	4	14	12	685	701
1	4	11	13	747	789
2	8	1	14	0	55
2	0	7	15	237	278
2	1	9	16	371	395
2	8	13	17	402	411
2	13	2	18	519	571
2	8	2	19	571	613
2	12	4	20	685	763
3	2	13	21	0	83
3	10	8	22	94	135
3	7	9	23	252	321
3	14	6	24	588	600
3	3	7	25	642	675
3	0	14	26	705	725
4	10	10	27	36	63
4	8	1	28	176	221
4	13	13	29	278	356
4	12	10	30	358	394
4	11	0	31	413	467
4	13	13	32	638	715
4	14	1	33	758	799
5	14	1	34	55	68
5	2	2	35	83	125
5	3	12	36	126	148
5	11	6	37	199	231
5	7	4	38	453	523
5	8	1	39	613	667
5	14	3	40	692	725
5	5	12	41	725	812
5	0	6	42	818	842
6	13	2	43	0	54
6	10	14	44	63	72
6	5	9	45	177	189
6	11	6	46	321	393
6	13	13	47	393	402
6	1	5	48	408	416
6	8	12	49	454	491
6	9	10	50	596	668
7	14	6	51	0	15
7	1	7	52	416	471
7	11	0	53	598	652
7	1	4	54	763	805
7	10	14	55	805	844
8	0	11	56	49	136
8	14	1	57	136	174
8	9	12	58	220	304
8	8	1	59	304	358
8	6	13	60	413	438
8	7	5	61	572	633
9	14	3	62	102	119
9	2	2	63	125	163
9	4	11	64	282	366
9	12	10	65	394	424
9	5	9	66	519	536
9	3	7	67	598	642
9	1	3	68	642	692
9	3	0	69	732	791
9	6	8	70	806	843
10	0	3	71	27	49
10	8	6	72	55	89
10	13	12	73	89	126
10	10	8	74	226	262
10	0	7	75	367	409
10	10	8	76	690	763
10	12	10	77	773	845
11	3	7	78	278	349
11	5	12	79	349	454
11	10	7	80	471	550
11	13	9	81	581	616
11	4	4	82	670	685
11	10	14	83	763	781
11	3	5	84	791	799
12	7	9	85	87	159
12	6	8	86	189	226
12	13	2	87	226	253
12	13	9	88	356	371
12	9	6	89	393	423
12	0	3	90	423	472
12	4	4	91	527	540
12	4	1	92	701	747
13	8	6	93	89	158
13	5	9	94	159	177
13	3	12	95	177	196
13	9	14	96	331	386
13	14	4	97	386	399
13	3	0	98	514	598
13	14	6	99	600	668
13	11	0	100	683	732
13	14	11	101	799	838
14	7	9	102	0	87
14	1	7	103	113	185
14	13	9	104	189	223
14	1	13	105	223	278
14	9	6	106	304	321
14	4	11	107	366	403
14	5	9	108	704	715
15	12	4	109	12	86
15	11	0	110	94	149
15	9	10	111	151	220
15	7	12	112	321	341
15	3	7	113	349	367
15	3	8	114	386	465
15	5	8	115	465	483
15	2	13	116	535	617
15	0	11	117	617	705
16	4	4	118	0	12
16	2	10	119	221	246
16	8	3	120	246	263
16	6	8	121	263	346
16	3	0	122	467	514
16	6	8	123	519	591
16	1	3	124	591	640
16	6	8	125	651	690
16	8	6	126	782	818
16	8	1	127	818	845
17	2	14	128	246	270
17	0	11	129	472	560
17	13	2	130	616	638
17	10	0	131	652	675
17	3	7	132	675	711
18	10	8	133	135	149
18	0	7	134	197	237
18	12	4	135	282	358
18	2	1	136	358	411
18	7	9	137	411	447
18	2	13	138	447	535
18	0	7	139	560	596
18	4	4	140	596	670
18	13	9	141	715	788
18	4	9	142	789	836
19	6	5	143	0	75
19	4	10	144	75	151
19	0	3	145	151	197
19	12	10	146	246	280
19	7	5	147	352	408
19	12	2	148	428	507
19	14	3	149	518	588
20	10	8	150	0	36
20	11	0	151	149	199
20	4	1	152	540	593
20	10	8	153	596	651
20	1	7	154	711	755
21	6	8	155	153	189
21	5	14	156	189	228
21	5	1	157	228	304
21	8	2	158	358	401
21	9	3	159	782	835
22	5	12	160	0	75
22	1	5	161	278	352
22	0	14	162	596	617
22	11	6	163	668	683
22	6	8	164	766	806
23	8	13	165	158	176
23	8	3	166	221	236
23	0	10	167	280	345
23	11	6	168	535	568
23	12	14	169	568	590
23	9	10	170	701	773
24	6	5	171	75	153
24	3	12	172	153	173
24	12	2	173	173	225
24	13	9	174	447	519
24	9	12	175	519	596
24	9	10	176	668	701
24	14	6	177	725	758
24	13	13	178	788	827
25	14	6	179	15	48
25	12	4	180	86	162
25	7	11	181	162	207
25	10	3	182	335	411
25	14	11	183	411	438
25	9	5	184	438	519
25	2	9	185	617	704
25	8	3	186	746	782
25	2	4	187	805	822
26	9	3	188	49	102
26	4	4	189	172	208
26	11	0	190	231	321
26	14	0	191	321	363
26	3	8	192	367	386
26	4	4	193	403	453
26	4	14	194	468	527
27	1	7	195	0	85
27	5	0	196	85	94
27	3	5	197	196	273
27	2	14	198	273	331
27	10	14	199	411	468
27	6	8	200	483	519
28	4	4	201	208	282
28	10	3	202	282	335
28	6	0	203	363	413
28	11	4	204	568	596
28	11	2	205	746	822
29	0	11	206	0	27
29	3	8	207	36	94
29	1	13	208	94	113
29	2	13	209	176	221
29	13	2	210	253	271
29	11	6	211	467	535
29	5	14	212	536	554
29	6	5	213	690	766
29	3	0	214	799	818


Solution History:
