This is the output of Heuristic Solver for Dual resource constrained flexible job shop Scheduling Problem.
Input file is: Dauzere_09a.txt
Number of Jobs: 15
Number of Operations: 293
Number of Machines: 8
Number of Operators: 6
CPU Time: 3600.19
obj: 2880
Best found lower bound:1436
Solver gap (best found lower bound and upper bound difference): Not known


Final Solution:
Job	Machine	Operator	Operation	Start Time	Finish Time
0	1	1	0	429	453
0	5	4	1	747	812
0	1	3	2	842	875
0	6	4	3	956	1042
0	7	5	4	1069	1094
0	3	1	5	1169	1235
0	4	0	6	1255	1287
0	1	1	7	1553	1564
0	4	0	8	1564	1632
0	0	0	9	1912	2006
0	7	4	10	2063	2104
0	2	3	11	2292	2388
0	6	4	12	2412	2478
0	0	0	13	2546	2591
0	5	2	14	2770	2861
1	6	4	15	0	74
1	4	5	16	172	207
1	5	2	17	273	370
1	2	3	18	466	484
1	5	2	19	513	539
1	7	5	20	697	790
1	7	5	21	790	812
1	7	5	22	812	893
1	0	0	23	1025	1062
1	2	3	24	1074	1142
1	5	2	25	1167	1218
1	1	1	26	1368	1426
1	5	2	27	1442	1480
1	0	2	28	1574	1629
1	4	5	29	1816	1887
1	5	2	30	2154	2234
1	3	1	31	2402	2485
1	5	2	32	2509	2598
1	5	2	33	2598	2637
1	0	0	34	2774	2872
2	7	5	35	0	75
2	0	0	36	159	183
2	0	0	37	183	275
2	0	0	38	275	355
2	0	0	39	355	402
2	4	5	40	424	488
2	3	1	41	511	564
2	1	1	42	564	606
2	4	0	43	785	880
2	7	5	44	893	929
2	1	3	45	1013	1074
2	7	5	46	1225	1295
2	3	2	47	1380	1442
2	1	1	48	1497	1553
2	6	4	49	1589	1621
2	1	3	50	1764	1788
2	1	3	51	1788	1829
2	2	3	52	1931	2007
2	2	3	53	2102	2180
2	7	4	54	2338	2408
2	1	3	55	2412	2483
2	7	5	56	2543	2590
2	0	0	57	2649	2711
3	6	4	58	96	159
3	6	3	59	394	466
3	7	5	60	546	644
3	2	3	61	662	690
3	4	0	62	722	785
3	0	2	63	788	809
3	0	2	64	918	982
3	7	5	65	1094	1130
3	2	3	66	1347	1446
3	2	3	67	1532	1563
3	6	4	68	1621	1706
3	5	2	69	1777	1817
3	7	4	70	2000	2063
3	7	5	71	2159	2257
3	4	5	72	2257	2329
3	4	5	73	2373	2467
3	4	0	74	2503	2546
3	2	3	75	2842	2877
4	5	2	76	0	54
4	5	2	77	54	146
4	5	2	78	146	189
4	5	2	79	189	273
4	3	1	80	273	318
4	7	4	81	362	456
4	2	3	82	494	564
4	5	2	83	582	688
4	5	2	84	982	1027
4	6	4	85	1042	1071
4	1	1	86	1107	1169
4	1	3	87	1249	1347
4	0	0	88	1440	1509
4	0	2	89	1510	1574
4	0	0	90	1765	1863
4	0	0	91	1863	1912
4	3	2	92	1936	2040
4	3	1	93	2194	2262
4	6	4	94	2549	2638
4	1	1	95	2769	2841
4	3	2	96	2861	2880
5	6	4	97	812	841
5	0	2	98	885	918
5	5	4	99	935	956
5	5	2	100	1027	1127
5	4	0	101	1287	1381
5	2	3	102	1446	1513
5	2	3	103	1513	1532
5	3	1	104	1696	1788
5	1	1	105	1927	1963
5	4	5	106	2084	2159
5	4	0	107	2207	2254
5	0	0	108	2322	2422
5	0	0	109	2422	2448
5	1	3	110	2524	2559
5	7	4	111	2714	2806
6	4	0	112	82	159
6	1	1	113	606	702
6	3	1	114	903	955
6	5	2	115	1127	1167
6	5	4	116	1258	1307
6	5	4	117	1307	1372
6	7	5	118	1381	1442
6	4	0	119	1632	1730
6	6	4	120	1746	1820
6	4	5	121	1887	1969
6	3	1	122	2059	2069
6	3	1	123	2069	2101
6	7	4	124	2104	2159
6	3	1	125	2262	2318
6	3	1	126	2383	2402
6	0	0	127	2448	2503
6	1	1	128	2675	2769
7	3	1	129	0	53
7	3	1	130	53	126
7	7	5	131	139	172
7	3	1	132	225	273
7	6	4	133	308	362
7	4	5	134	383	424
7	6	4	135	606	684
7	2	3	136	690	726
7	4	0	137	880	951
7	3	1	138	955	1028
7	4	0	139	1062	1101
7	0	0	140	1101	1118
7	6	4	141	1173	1207
7	3	1	142	1235	1280
7	7	5	143	1442	1538
7	1	3	144	1635	1700
7	6	4	145	1706	1746
7	3	1	146	1788	1856
7	6	4	147	1898	1922
7	0	0	148	2182	2207
7	0	0	149	2254	2322
7	3	1	150	2510	2571
7	1	1	151	2571	2639
7	3	1	152	2639	2675
7	2	3	153	2797	2842
8	1	3	154	0	86
8	1	3	155	86	130
8	1	3	156	130	218
8	1	3	157	218	271
8	3	1	158	318	393
8	1	1	159	394	429
8	5	2	160	429	513
8	5	2	161	539	582
8	1	3	162	726	807
8	3	1	163	861	903
8	2	3	164	928	946
8	1	3	165	946	1013
8	6	4	166	1372	1472
8	4	0	167	1509	1525
8	4	0	168	1525	1562
8	5	2	169	1675	1777
8	2	3	170	1844	1931
8	5	2	171	2040	2086
8	6	4	172	2212	2299
8	2	3	173	2483	2524
8	0	0	174	2591	2649
8	0	0	175	2711	2774
8	6	4	176	2806	2838
9	7	5	177	75	139
9	4	5	178	488	546
9	2	3	179	564	662
9	4	0	180	687	722
9	3	1	181	781	861
9	7	5	182	929	974
9	2	3	183	1142	1181
9	5	2	184	1218	1258
9	7	5	185	1295	1381
9	2	3	186	1563	1635
9	2	3	187	1700	1764
9	6	4	188	1820	1898
9	7	5	189	1969	1993
9	6	4	190	2159	2212
9	1	3	191	2273	2292
9	4	5	192	2329	2373
9	6	3	193	2388	2412
9	4	5	194	2590	2670
9	4	5	195	2670	2769
10	4	0	196	22	82
10	1	3	197	271	369
10	5	2	198	370	429
10	0	0	199	437	526
10	4	0	200	590	653
10	6	4	201	684	747
10	7	5	202	974	1069
10	4	5	203	1130	1182
10	3	1	204	1280	1368
10	6	4	205	1472	1544
10	0	2	206	1629	1675
10	1	1	207	1963	2059
10	3	1	208	2101	2194
10	6	4	209	2299	2338
10	7	5	210	2467	2543
10	2	3	211	2559	2577
10	2	3	212	2577	2640
10	6	3	213	2777	2797
10	4	5	214	2817	2880
11	6	4	215	74	96
11	6	4	216	159	250
11	1	3	217	369	394
11	7	4	218	456	546
11	7	5	219	644	697
11	1	3	220	875	928
11	3	1	221	1028	1091
11	1	1	222	1091	1107
11	1	3	223	1181	1249
11	1	1	224	1426	1497
11	5	4	225	1544	1589
11	3	1	226	1647	1696
11	0	0	227	1730	1765
11	5	2	228	1919	1936
11	6	3	229	2007	2090
11	6	3	230	2090	2102
11	5	2	231	2234	2339
11	5	2	232	2379	2407
11	5	2	233	2425	2509
11	6	3	234	2690	2726
11	7	4	235	2838	2879
12	3	1	236	126	173
12	7	4	237	250	308
12	3	1	238	453	511
12	6	4	239	546	606
12	0	0	240	653	687
12	0	2	241	688	788
12	0	0	242	1118	1211
12	4	0	243	1211	1255
12	0	0	244	1381	1440
12	3	1	245	1564	1647
12	5	2	246	1817	1919
12	4	5	247	1993	2084
12	2	3	248	2180	2273
12	3	1	249	2318	2383
12	5	2	250	2407	2425
12	5	2	251	2637	2732
13	4	5	252	207	278
13	0	2	253	809	885
13	6	4	254	1071	1173
13	7	5	255	1182	1225
13	0	2	256	1258	1317
13	0	2	257	1317	1380
13	3	2	258	1480	1510
13	7	5	259	1538	1631
13	4	5	260	1802	1816
13	2	3	261	1829	1844
13	3	1	262	1856	1927
13	5	2	263	2086	2154
13	5	2	264	2339	2379
13	6	4	265	2478	2549
13	7	4	266	2638	2714
13	6	3	267	2726	2777
14	0	0	268	0	22
14	3	1	269	173	225
14	4	5	270	278	357
14	4	5	271	357	383
14	0	0	272	402	437
14	2	3	273	484	494
14	0	0	274	526	572
14	0	0	275	572	590
14	3	1	276	702	781
14	1	3	277	807	842
14	5	4	278	842	935
14	4	0	279	951	965
14	4	0	280	965	1025
14	6	4	281	1207	1258
14	7	5	282	1631	1718
14	7	5	283	1718	1802
14	6	4	284	1922	2000
14	0	0	285	2006	2094
14	0	0	286	2094	2128
14	0	0	287	2128	2182
14	1	1	288	2485	2510
14	6	3	289	2640	2690
14	5	2	290	2732	2770
14	4	5	291	2770	2817
14	1	1	292	2841	2876


Solution History:
