This is the output of Heuristic Solver for Dual resource constrained flexible job shop Scheduling Problem.
Input file is: Mk10.txt
Number of Jobs: 20
Number of Operations: 240
Number of Machines: 15
Number of Operators: 8
CPU Time: 3601
obj: 326
Best found lower bound:218
Solver gap (best found lower bound and upper bound difference): Not known


Final Solution:
Job	Machine	Operator	Operation	Start Time	Finish Time
0	5	4	0	68	74
0	5	2	1	81	92
0	1	3	2	98	107
0	8	6	3	112	122
0	0	0	4	179	189
0	0	0	5	189	197
0	1	1	6	206	215
0	2	2	7	226	234
0	9	7	8	238	249
0	9	7	9	257	264
0	6	1	10	265	270
0	0	0	11	297	309
1	6	1	12	25	36
1	9	0	13	67	76
1	5	2	14	76	81
1	1	1	15	87	98
1	2	7	16	107	123
1	3	6	17	123	135
1	12	3	18	147	165
1	2	2	19	179	193
1	7	4	20	270	281
1	8	6	21	286	294
1	2	2	22	294	300
1	9	7	23	305	312
1	1	1	24	315	326
2	2	7	25	6	16
2	0	7	26	16	27
2	0	0	27	49	56
2	5	4	28	57	68
2	0	7	29	146	154
2	9	7	30	181	189
2	2	2	31	193	204
2	7	4	32	211	225
2	4	5	33	264	273
2	6	1	34	285	300
2	1	3	35	303	312
3	4	5	36	0	10
3	2	2	37	33	44
3	4	5	38	85	107
3	1	1	39	115	123
3	9	0	40	129	137
3	5	2	41	149	160
3	2	2	42	166	179
3	9	0	43	197	210
3	1	3	44	241	249
3	1	3	45	265	273
3	8	6	46	302	311
4	6	1	47	0	11
4	9	0	48	13	18
4	9	7	49	27	40
4	5	4	50	40	57
4	2	7	51	59	71
4	6	4	52	74	86
4	12	3	53	86	97
4	1	1	54	135	140
4	7	4	55	170	192
4	8	3	56	206	215
4	0	0	57	227	239
4	0	0	58	248	260
4	3	6	59	260	273
4	8	3	60	312	325
5	8	3	61	76	85
5	0	0	62	100	107
5	7	4	63	124	138
5	1	1	64	162	170
5	6	1	65	170	181
5	0	7	66	197	205
5	6	1	67	215	226
5	1	3	68	233	241
5	6	1	69	243	248
5	4	5	70	295	300
5	4	5	71	300	315
6	1	3	72	0	9
6	5	4	73	26	40
6	0	0	74	40	49
6	9	7	75	53	59
6	3	2	76	61	71
6	8	6	77	87	97
6	6	1	78	98	106
6	9	0	79	137	146
6	0	0	80	154	167
6	4	5	81	172	187
6	6	4	82	192	211
6	4	5	83	273	285
6	2	2	84	286	292
6	0	0	85	309	316
7	7	0	86	0	13
7	5	4	87	14	26
7	6	1	88	36	44
7	7	0	89	56	67
7	9	0	90	76	85
7	8	6	91	97	112
7	2	2	92	135	149
7	6	1	93	181	186
7	3	6	94	233	247
7	9	7	95	264	272
7	5	4	96	286	293
7	2	2	97	300	309
7	9	7	98	312	323
8	5	4	99	0	14
8	3	2	100	54	61
8	8	3	101	126	140
8	9	0	102	146	151
8	9	7	103	154	164
8	1	3	104	175	185
8	3	6	105	193	205
8	9	7	106	228	238
8	3	6	107	247	258
8	1	1	108	260	265
8	0	7	109	282	294
9	9	7	110	0	6
9	4	5	111	10	25
9	8	6	112	42	63
9	8	6	113	63	76
9	9	7	114	86	96
9	0	7	115	136	146
9	7	4	116	150	170
9	4	5	117	187	205
9	5	4	118	263	270
9	6	1	119	270	285
9	4	5	120	285	295
9	7	0	121	316	326
10	9	0	122	18	27
10	4	5	123	107	118
10	3	6	124	135	147
10	9	7	125	189	195
10	4	5	126	220	235
10	0	0	127	239	248
10	7	5	128	254	264
10	1	3	129	273	284
10	7	0	130	287	297
10	2	2	131	320	326
11	5	2	132	124	135
11	4	5	133	136	157
11	9	7	134	174	181
11	3	6	135	183	193
11	2	7	136	205	214
11	1	3	137	215	222
11	6	1	138	226	238
11	1	1	139	249	254
11	0	7	140	273	282
11	9	7	141	294	305
11	6	4	142	315	326
12	3	2	143	44	54
12	1	3	144	54	65
12	3	6	145	76	87
12	6	1	146	106	114
12	8	3	147	194	206
12	2	7	148	214	221
12	5	4	149	226	234
12	5	4	150	234	248
12	8	3	151	249	265
12	8	6	152	294	302
12	7	4	153	305	314
13	1	1	154	76	87
13	7	4	155	97	109
13	0	7	156	123	136
13	1	1	157	154	162
13	0	0	158	167	179
13	4	5	159	205	220
13	9	7	160	221	228
13	2	2	161	234	240
13	1	1	162	254	260
13	6	1	163	300	315
14	8	6	164	0	11
14	4	5	165	46	67
14	0	0	166	85	100
14	3	2	167	105	113
14	9	7	168	164	174
14	3	6	169	174	183
14	6	1	170	186	191
14	5	2	171	215	226
14	9	7	172	249	257
14	2	2	173	260	272
14	5	2	174	281	286
14	4	5	175	315	326
15	6	1	176	11	25
15	4	5	177	25	46
15	1	3	178	65	76
15	3	2	179	92	105
15	1	3	180	107	115
15	12	3	181	115	126
15	1	1	182	129	135
15	8	6	183	147	160
15	4	5	184	162	172
15	1	1	185	194	206
15	9	0	186	210	215
15	4	5	187	235	246
15	2	2	188	252	260
15	5	4	189	293	305
16	3	2	190	6	14
16	3	6	191	25	42
16	1	3	192	42	54
16	6	1	193	60	74
16	9	0	194	107	120
16	9	0	195	120	129
16	8	3	196	140	147
16	4	5	197	157	162
16	1	3	198	185	194
16	6	4	199	248	263
16	2	2	200	272	281
16	1	3	201	284	292
16	2	2	202	309	320
17	3	2	203	14	25
17	0	0	204	27	39
17	9	7	205	96	107
17	5	4	206	109	124
17	1	1	207	124	129
17	1	1	208	140	154
17	3	6	209	205	219
17	1	3	210	222	233
17	8	6	211	273	286
17	1	3	212	292	303
17	3	6	213	311	326
18	1	3	214	9	17
18	1	3	215	17	26
18	1	3	216	26	35
18	6	1	217	44	60
18	2	7	218	71	86
18	4	5	219	118	136
18	2	2	220	160	166
18	8	3	221	166	175
18	5	2	222	204	215
18	0	0	223	215	227
18	6	1	224	238	243
18	4	5	225	246	254
18	9	0	226	273	287
19	2	2	227	0	6
19	8	6	228	11	24
19	2	2	229	25	33
19	1	3	230	35	41
19	9	7	231	41	53
19	4	5	232	67	85
19	6	4	233	86	97
19	3	2	234	113	123
19	6	4	235	138	150
19	3	6	236	160	170
19	3	6	237	219	233
19	2	2	238	240	252
19	0	0	239	260	273


Solution History:
