This is the output of Heuristic Solver for Dual resource constrained flexible job shop Scheduling Problem.
Input file is: wfjsp7_6.txt
Number of Jobs: 12
Number of Operations: 96
Number of Machines: 5
Number of Operators: 5
CPU Time: 3600.06
obj: 1010
Best found lower bound:517
Solver gap (best found lower bound and upper bound difference): Not known


Final Solution:
Job	Machine	Operator	Operation	Start Time	Finish Time
0	1	4	0	0	62
0	2	2	1	111	151
0	0	4	2	192	253
0	3	3	3	291	332
0	1	2	4	350	438
0	0	3	5	574	659
0	3	3	6	662	690
0	3	3	7	857	883
0	1	1	8	911	998
1	1	4	9	62	76
1	0	4	10	253	348
1	3	3	11	371	437
1	4	2	12	459	491
1	2	0	13	521	557
1	4	2	14	676	732
1	3	3	15	774	857
1	0	4	16	875	951
2	2	2	17	0	84
2	2	2	18	84	111
2	4	2	19	154	200
2	1	1	20	289	350
2	2	0	21	376	419
2	2	0	22	749	838
2	4	2	23	851	922
2	0	4	24	951	1007
3	0	1	25	42	82
3	3	3	26	82	118
3	1	1	27	124	134
3	1	1	28	134	200
3	2	0	29	202	288
3	4	2	30	289	336
3	2	0	31	419	433
3	2	0	32	433	521
3	0	4	33	725	801
3	3	3	34	917	958
4	4	0	35	0	76
4	4	0	36	101	141
4	0	4	37	167	192
4	3	3	38	206	291
4	3	4	39	448	484
4	4	2	40	491	540
4	0	4	41	662	708
4	4	2	42	786	851
5	0	4	43	82	167
5	0	4	44	348	437
5	3	4	45	527	575
5	3	3	46	690	774
5	3	3	47	883	917
5	2	0	48	928	973
5	4	2	49	998	1010
6	3	3	50	0	82
6	1	1	51	82	112
6	4	0	52	141	154
6	2	0	53	154	202
6	2	0	54	288	376
6	3	4	55	437	448
6	2	0	56	557	637
6	1	1	57	637	703
6	1	1	58	848	911
6	3	3	59	958	1005
7	3	3	60	118	206
7	4	2	61	336	348
7	4	1	62	350	437
7	0	3	63	437	490
7	1	1	64	530	552
7	4	2	65	617	643
7	1	1	66	703	795
8	0	1	67	0	42
8	1	1	68	438	530
8	4	2	69	540	605
8	4	2	70	605	617
8	4	2	71	643	676
8	2	0	72	973	1010
9	1	2	73	200	289
9	3	3	74	332	371
9	3	4	75	484	527
9	0	3	76	565	574
9	2	0	77	637	661
9	2	0	78	661	749
9	2	0	79	838	928
9	1	1	80	998	1010
10	4	0	81	76	101
10	1	1	82	112	124
10	4	1	83	200	289
10	4	2	84	438	459
10	0	3	85	490	565
10	3	4	86	575	662
10	1	1	87	795	848
10	0	4	88	851	875
10	4	2	89	922	954
11	1	1	90	552	637
11	0	4	91	708	725
11	4	2	92	732	748
11	4	2	93	748	786
11	0	4	94	801	851
11	4	2	95	954	998


Solution History:
