This is the output of Heuristic Solver for Dual resource constrained flexible job shop Scheduling Problem.
Input file is: wfjsp17_8.txt
Number of Jobs: 15
Number of Operations: 133
Number of Machines: 5
Number of Operators: 4
CPU Time: 3600
obj: 1717
Best found lower bound:641
Solver gap (best found lower bound and upper bound difference): Not known


Final Solution:
Job	Machine	Operator	Operation	Start Time	Finish Time
0	1	1	0	161	188
0	4	0	1	279	336
0	3	3	2	782	814
0	1	1	3	878	937
0	3	3	4	949	1030
0	1	0	5	1177	1235
0	1	0	6	1380	1436
0	4	1	7	1658	1668
1	3	3	8	46	96
1	1	2	9	383	434
1	0	1	10	787	814
1	3	3	11	814	910
1	0	2	12	1135	1144
1	3	3	13	1437	1534
1	0	0	14	1570	1589
1	2	1	15	1597	1658
2	2	2	16	27	103
2	4	0	17	336	362
2	4	2	18	475	537
2	3	3	19	592	638
2	3	3	20	638	682
2	1	2	21	737	779
2	1	2	22	779	830
2	4	2	23	948	999
2	3	3	24	1170	1234
2	1	0	25	1606	1694
3	1	1	26	89	161
3	2	0	27	161	223
3	2	0	28	223	279
3	0	1	29	325	393
3	1	0	30	547	608
3	0	1	31	707	772
3	4	0	32	799	856
3	3	3	33	910	949
3	4	1	34	1015	1104
3	2	1	35	1510	1597
4	4	2	36	0	27
4	0	2	37	103	127
4	1	1	38	188	255
4	2	2	39	323	335
4	2	1	40	474	540
4	0	1	41	1178	1206
4	1	0	42	1372	1380
4	4	1	43	1422	1469
4	0	2	44	1469	1512
4	4	1	45	1668	1717
5	4	0	46	72	161
5	1	2	47	434	475
5	4	0	48	674	722
5	1	2	49	999	1052
5	1	2	50	1240	1320
5	2	1	51	1469	1480
5	0	0	52	1553	1570
5	0	2	53	1621	1667
6	0	2	54	188	240
6	3	3	55	434	453
6	1	0	56	475	547
6	0	2	57	597	647
6	2	1	58	952	1015
6	2	1	59	1206	1247
6	0	0	60	1291	1372
6	3	3	61	1630	1691
6	3	3	62	1691	1717
7	0	0	63	435	453
7	3	3	64	736	782
7	0	2	65	830	902
7	0	1	66	937	952
7	0	1	67	1160	1178
7	4	2	68	1196	1240
7	3	3	69	1300	1348
7	0	2	70	1417	1469
7	1	2	71	1561	1578
8	3	3	72	293	370
8	2	2	73	902	948
8	1	0	74	1094	1121
8	4	1	75	1133	1160
8	3	3	76	1411	1437
8	1	0	77	1495	1553
8	4	2	78	1578	1621
8	0	0	79	1694	1717
9	3	3	80	218	293
9	0	0	81	453	475
9	0	2	82	537	597
9	2	1	83	644	707
9	2	0	84	722	799
9	4	0	85	856	946
9	0	2	86	1052	1095
9	3	3	87	1098	1170
9	0	0	88	1235	1291
10	0	0	89	0	72
10	3	3	90	96	147
10	1	1	91	255	325
10	2	0	92	362	435
10	3	3	93	453	519
10	1	0	94	608	626
10	3	3	95	1030	1098
10	1	0	96	1121	1177
10	4	1	97	1333	1422
10	2	2	98	1667	1717
11	0	2	99	127	188
11	3	3	100	370	434
11	2	1	101	540	626
11	1	2	102	647	737
11	2	0	103	1037	1094
11	4	1	104	1247	1333
11	0	2	105	1391	1417
11	0	0	106	1589	1606
12	3	3	107	147	218
12	2	2	108	290	323
12	1	1	109	626	644
12	3	3	110	682	736
12	2	1	111	814	878
12	2	2	112	1095	1135
12	3	3	113	1348	1411
12	4	2	114	1512	1561
13	1	1	115	0	89
13	1	2	116	335	383
13	4	1	117	393	474
13	3	3	118	519	532
13	3	3	119	532	592
13	4	1	120	772	787
13	0	0	121	963	1037
13	3	3	122	1234	1300
13	4	1	123	1480	1510
13	3	3	124	1534	1630
14	3	3	125	0	46
14	0	2	126	240	290
14	4	0	127	626	674
14	1	0	128	946	963
14	0	1	129	1104	1133
14	2	2	130	1144	1196
14	2	2	131	1320	1391
14	1	0	132	1436	1495


Solution History:
