This is the output of Heuristic Solver for Dual resource constrained flexible job shop Scheduling Problem.
Input file is: wfjsp18_7.txt
Number of Jobs: 20
Number of Operations: 160
Number of Machines: 10
Number of Operators: 8
CPU Time: 3600.5
obj: 1003
Best found lower bound:530
Solver gap (best found lower bound and upper bound difference): Not known


Final Solution:
Job	Machine	Operator	Operation	Start Time	Finish Time
0	1	4	0	12	101
0	3	6	1	159	169
0	3	5	2	306	345
0	9	1	3	592	705
0	1	1	4	785	810
0	7	3	5	810	848
0	7	7	6	848	877
0	1	1	7	895	932
1	1	7	8	0	11
1	0	7	9	100	136
1	7	5	10	163	243
1	5	3	11	251	315
1	9	1	12	315	398
1	3	1	13	398	455
1	3	1	14	455	493
1	9	1	15	571	592
1	6	0	16	799	886
1	6	1	17	932	998
2	5	3	18	0	57
2	8	2	19	69	135
2	2	7	20	225	300
2	2	7	21	300	332
2	6	0	22	423	437
2	9	1	23	493	571
2	7	7	24	599	610
2	7	3	25	642	696
2	8	7	26	771	784
2	0	6	27	865	939
3	4	7	28	43	100
3	5	3	29	161	191
3	8	2	30	298	370
3	9	1	31	705	785
3	7	3	32	918	1002
4	2	4	33	0	12
4	3	5	34	76	152
4	4	6	35	169	243
4	3	2	36	272	298
4	4	6	37	303	323
4	2	4	38	340	372
4	6	0	39	437	524
4	0	6	40	567	643
4	4	2	41	644	728
4	3	4	42	917	1003
5	6	0	43	106	144
5	6	0	44	183	208
5	7	7	45	439	476
5	6	0	46	524	619
5	3	2	47	774	832
5	5	0	48	942	998
6	9	7	49	136	193
6	8	5	50	243	264
6	7	7	51	332	365
6	7	7	52	365	439
6	2	5	53	440	470
6	0	5	54	470	486
6	7	3	55	520	576
6	1	7	56	621	703
6	8	5	57	910	950
7	6	0	58	144	183
7	2	7	59	201	225
7	7	6	60	243	265
7	9	1	61	280	313
7	0	6	62	383	436
7	5	3	63	576	642
7	1	1	64	810	895
7	4	2	65	896	958
8	8	2	66	0	69
8	8	1	67	135	220
8	1	4	68	388	456
8	4	4	69	456	533
8	1	2	70	553	570
8	4	4	71	570	628
8	2	4	72	764	823
8	2	4	73	839	917
9	2	5	74	394	440
9	0	6	75	440	458
9	5	6	76	458	494
9	5	3	77	696	779
9	3	2	78	832	866
10	9	3	79	451	491
10	0	6	80	643	723
10	3	2	81	728	739
10	9	7	82	834	848
10	5	0	83	886	942
11	9	3	84	57	84
11	9	1	85	101	131
11	3	2	86	214	272
11	0	6	87	323	383
11	8	2	88	496	553
11	3	2	89	633	644
11	7	5	90	696	774
11	7	3	91	779	808
11	4	2	92	866	896
11	4	7	93	987	1002
12	6	1	94	0	29
12	6	1	95	29	101
12	2	5	96	152	163
12	9	1	97	220	280
12	1	4	98	323	340
12	6	0	99	340	396
12	5	6	100	494	567
12	3	2	101	603	633
12	0	6	102	723	802
12	9	6	103	949	999
13	4	7	104	11	43
13	2	0	105	44	106
13	7	6	106	106	159
13	4	6	107	265	303
13	2	4	108	628	685
13	8	7	109	703	736
13	4	7	110	736	771
13	4	6	111	802	816
13	9	3	112	848	878
13	7	3	113	878	918
14	0	2	114	136	214
14	2	7	115	544	599
14	2	4	116	685	764
14	9	7	117	785	802
14	0	6	118	816	865
15	9	0	119	0	44
15	7	6	120	78	104
15	1	4	121	241	323
15	4	2	122	370	411
15	8	2	123	411	496
15	6	0	124	619	714
15	6	0	125	714	799
15	8	7	126	802	834
16	7	5	127	265	306
16	8	4	128	372	388
16	3	4	129	533	569
16	3	2	130	570	603
16	2	4	131	823	839
16	2	5	132	950	1002
17	0	6	133	0	78
17	2	7	134	193	201
17	5	3	135	210	251
17	5	3	136	315	394
17	5	3	137	394	451
17	2	7	138	476	544
17	7	7	139	610	621
17	3	2	140	739	774
17	8	5	141	862	910
18	1	4	142	101	158
18	1	4	143	158	241
18	6	0	144	278	340
18	3	5	145	345	394
18	7	3	146	491	520
18	8	5	147	565	649
18	5	5	148	779	862
18	8	7	149	950	987
19	3	5	150	0	76
19	5	3	151	84	161
19	9	3	152	193	210
19	6	0	153	210	239
19	6	0	154	239	278
19	6	0	155	396	423
19	0	5	156	486	565
19	3	5	157	649	696
19	9	7	158	878	949
19	1	2	159	958	999


Solution History:
