This is the output of Heuristic Solver for Dual resource constrained flexible job shop Scheduling Problem.
Input file is: wfjsp16_3.txt
Number of Jobs: 40
Number of Operations: 307
Number of Machines: 15
Number of Operators: 15
CPU Time: 3600.19
obj: 1097
Best found lower bound:596
Solver gap (best found lower bound and upper bound difference): Not known


Final Solution:
Job	Machine	Operator	Operation	Start Time	Finish Time
0	0	8	0	0	72
0	13	4	1	98	110
0	11	10	2	120	134
0	11	10	3	134	219
0	1	1	4	254	333
0	13	4	5	415	486
0	3	13	6	499	583
0	4	3	7	606	642
0	1	11	8	1015	1097
1	3	13	9	0	14
1	11	10	10	23	80
1	12	7	11	120	221
1	11	6	12	409	424
1	1	1	13	443	538
1	7	7	14	633	730
1	8	10	15	797	827
1	3	8	16	974	1030
2	5	9	17	0	17
2	2	0	18	22	98
2	11	4	19	110	120
2	5	9	20	153	182
2	13	4	21	215	263
2	5	9	22	266	365
2	10	2	23	426	487
2	4	3	24	545	576
2	14	8	25	702	794
2	0	10	26	902	989
3	0	8	27	72	82
3	8	14	28	102	136
3	1	1	29	157	254
3	6	12	30	258	293
3	1	1	31	415	443
3	2	3	32	642	710
3	4	6	33	813	873
3	7	12	34	980	1047
4	3	13	35	14	121
4	7	14	36	197	287
4	11	6	37	395	409
4	3	13	38	411	444
4	7	14	39	473	565
4	1	1	40	611	629
4	4	14	41	643	665
4	5	4	42	703	753
4	11	6	43	777	809
4	3	8	44	1030	1078
5	13	4	45	0	98
5	9	6	46	205	268
5	0	8	47	286	357
5	4	11	48	376	391
5	1	1	49	397	415
5	3	13	50	444	499
5	1	1	51	629	707
5	4	14	52	777	813
5	12	13	53	904	928
5	12	14	54	1028	1091
6	8	14	55	16	41
6	8	14	56	41	69
6	5	9	57	74	153
6	12	3	58	314	391
6	14	5	59	411	521
6	12	11	60	535	629
6	13	4	61	629	640
6	6	12	62	749	807
6	12	3	63	931	1028
7	2	0	64	249	290
7	2	0	65	290	319
7	1	1	66	333	397
7	7	14	67	423	473
7	12	11	68	629	724
7	7	12	69	730	739
7	9	0	70	999	1090
8	2	8	71	392	457
8	4	3	72	576	606
8	8	10	73	665	736
8	13	7	74	900	927
8	13	7	75	993	1046
8	0	8	76	1084	1096
9	2	0	77	98	134
9	2	0	78	134	148
9	8	7	79	349	425
9	0	9	80	603	688
9	0	7	81	818	882
9	14	1	82	922	940
9	11	6	83	956	987
9	6	1	84	1081	1097
10	0	8	85	145	217
10	11	10	86	219	263
10	0	0	87	359	400
10	11	6	88	424	445
10	2	8	89	457	488
10	13	4	90	515	567
10	5	12	91	643	688
10	3	8	92	928	952
10	7	12	93	952	980
11	12	7	94	0	42
11	12	7	95	42	120
11	8	5	96	136	172
11	5	9	97	182	266
11	6	12	98	293	382
11	12	11	99	391	473
11	2	8	100	526	579
11	11	6	101	693	722
11	14	1	102	806	922
11	2	4	103	1010	1093
12	9	6	104	0	32
12	9	6	105	32	42
12	9	6	106	42	104
12	3	13	107	121	167
12	3	13	108	344	411
12	8	7	109	425	526
12	14	5	110	526	638
12	10	2	111	786	892
12	14	1	112	940	1002
12	6	5	113	1018	1050
13	12	3	114	221	246
13	3	13	115	290	344
13	0	9	116	567	603
13	6	12	117	623	633
13	6	9	118	914	982
13	5	9	119	982	1058
14	10	2	120	0	17
14	2	0	121	148	212
14	2	0	122	319	359
14	9	10	123	433	461
14	5	5	124	787	858
14	2	4	125	874	927
14	8	10	126	1023	1088
15	6	12	127	0	60
15	3	13	128	202	290
15	6	12	129	531	623
15	4	14	130	687	712
15	0	9	131	719	790
15	3	8	132	952	974
15	11	6	133	1032	1092
16	1	1	134	0	55
16	11	10	135	80	110
16	6	12	136	115	186
16	10	2	137	235	286
16	2	8	138	359	392
16	4	3	139	461	509
16	5	9	140	509	565
16	8	10	141	585	614
16	4	14	142	712	742
16	1	11	143	928	1015
17	13	4	144	330	415
17	5	9	145	441	458
17	5	9	146	458	486
17	12	11	147	724	792
17	12	11	148	792	853
17	2	4	149	927	983
18	13	4	150	120	168
18	3	13	151	168	202
18	2	0	152	212	249
18	0	0	153	478	548
18	5	14	154	588	643
18	10	2	155	673	709
18	8	14	156	870	906
18	8	14	157	906	927
18	0	7	158	1046	1084
19	10	2	159	17	66
19	1	1	160	93	132
19	7	14	161	136	197
19	14	5	162	221	284
19	7	14	163	355	423
19	11	6	164	511	558
19	9	0	165	585	647
19	6	9	166	818	914
19	6	5	167	1050	1079
20	0	0	168	400	478
20	2	8	169	500	526
20	14	8	170	641	702
20	4	14	171	742	777
20	7	7	172	793	803
20	4	13	173	931	1024
21	4	11	174	218	307
21	4	11	175	307	376
21	6	12	176	382	452
21	11	6	177	558	623
21	1	1	178	707	806
21	2	4	179	809	874
21	7	12	180	903	942
22	2	0	181	0	22
22	6	12	182	60	115
22	10	2	183	171	235
22	8	7	184	270	349
22	6	5	185	638	749
22	2	4	186	753	809
22	13	3	187	1046	1071
22	7	5	188	1079	1096
23	14	3	189	117	221
23	13	4	190	263	295
23	10	2	191	337	364
23	9	10	192	551	585
23	9	0	193	759	853
23	9	0	194	853	923
23	8	14	195	927	968
24	14	3	196	47	108
24	14	3	197	108	117
24	6	12	198	186	258
24	14	5	199	402	411
24	12	11	200	473	535
24	3	13	201	674	729
24	10	2	202	900	909
24	14	1	203	1002	1081
25	12	3	204	246	314
25	8	7	205	526	584
25	11	6	206	623	693
25	10	7	207	892	900
25	10	2	208	909	998
26	5	14	209	565	588
26	8	10	210	614	665
26	13	3	211	710	769
26	0	9	212	790	818
26	4	13	213	1075	1095
27	7	5	214	0	98
27	11	6	215	268	302
27	9	10	216	461	551
27	9	0	217	647	725
27	8	14	218	827	842
27	9	0	219	923	999
28	8	14	220	0	16
28	4	11	221	37	122
28	10	2	222	286	337
28	11	6	223	349	395
28	5	9	224	486	494
28	3	13	225	583	674
28	0	9	226	688	719
28	13	3	227	769	801
28	8	14	228	842	870
29	1	1	229	575	611
29	13	4	230	640	674
29	11	6	231	722	777
29	12	11	232	853	904
29	4	3	233	904	931
29	6	5	234	982	1018
30	8	14	235	69	102
30	9	6	236	104	205
30	9	10	237	268	337
30	4	3	238	391	461
30	13	4	239	486	515
30	0	0	240	548	567
30	5	5	241	753	787
30	11	10	242	827	870
30	7	12	243	1047	1075
31	7	14	244	287	355
31	3	13	245	729	820
31	11	10	246	870	902
31	3	11	247	904	928
31	2	4	248	983	1010
31	5	9	249	1058	1096
32	14	5	250	284	347
32	2	8	251	488	500
32	1	1	252	538	575
32	10	2	253	596	673
32	1	8	254	806	869
32	1	8	255	869	900
32	10	2	256	998	1031
33	4	11	257	0	37
33	13	4	258	295	330
33	14	5	259	347	402
33	13	4	260	674	703
33	10	2	261	709	786
33	0	10	262	989	1022
34	4	11	263	122	218
34	4	3	264	509	545
34	2	8	265	579	641
34	7	12	266	807	903
34	11	6	267	903	956
35	7	5	268	98	136
35	8	7	269	221	270
35	11	6	270	302	349
35	10	2	271	364	426
35	7	7	272	584	633
35	4	14	273	665	687
35	4	6	274	873	898
35	5	5	275	932	980
35	11	6	276	987	1032
36	1	1	277	55	93
36	5	9	278	365	441
36	11	6	279	445	511
36	8	10	280	736	797
36	13	7	281	927	993
37	14	3	282	0	47
37	10	2	283	66	171
37	8	5	284	172	221
37	9	10	285	337	433
37	10	2	286	487	522
37	10	2	287	531	596
37	7	7	288	739	793
37	3	13	289	820	892
37	4	13	290	1024	1075
38	5	9	291	17	74
38	1	1	292	132	157
38	6	12	293	452	531
38	13	4	294	567	615
38	5	5	295	858	932
38	8	14	296	968	1023
38	13	3	297	1071	1083
39	11	10	298	0	23
39	0	8	299	82	145
39	13	4	300	168	215
39	0	8	301	217	286
39	10	2	302	522	531
39	9	0	303	725	759
39	13	3	304	801	896
39	1	8	305	900	928
39	10	2	306	1031	1092


Solution History:
