This is the output of Heuristic Solver for Dual resource constrained flexible job shop Scheduling Problem.
Input file is: wfjsp15_10.txt
Number of Jobs: 30
Number of Operations: 385
Number of Machines: 15
Number of Operators: 15
CPU Time: 3600.59
obj: 1415
Best found lower bound:908
Solver gap (best found lower bound and upper bound difference): Not known


Final Solution:
Job	Machine	Operator	Operation	Start Time	Finish Time
0	0	4	0	0	72
0	10	7	1	73	160
0	4	8	2	214	277
0	0	4	3	352	442
0	3	0	4	534	596
0	11	5	5	605	636
0	2	14	6	659	693
0	9	1	7	778	841
0	6	13	8	899	978
0	0	12	9	1109	1135
0	2	14	10	1197	1236
0	2	14	11	1236	1271
0	10	8	12	1329	1415
1	4	11	13	0	84
1	9	0	14	141	207
1	6	3	15	329	420
1	10	7	16	454	545
1	2	14	17	547	560
1	2	14	18	560	569
1	13	12	19	627	673
1	4	8	20	742	809
1	5	11	21	925	1016
1	8	10	22	1065	1116
1	0	12	23	1189	1260
1	8	10	24	1285	1328
1	7	14	25	1392	1412
2	0	4	26	72	123
2	14	2	27	123	145
2	12	6	28	343	435
2	2	14	29	446	479
2	5	10	30	529	603
2	6	3	31	660	741
2	13	9	32	819	887
2	4	4	33	956	998
2	8	10	34	1161	1214
2	8	10	35	1214	1285
2	12	6	36	1285	1301
2	12	6	37	1301	1319
2	9	1	38	1319	1337
3	7	13	39	0	41
3	13	12	40	322	355
3	12	6	41	448	539
3	8	10	42	745	811
3	6	9	43	980	1064
3	3	8	44	1064	1078
3	3	8	45	1078	1091
3	14	2	46	1161	1232
3	9	1	47	1265	1319
3	2	3	48	1392	1407
4	14	2	49	232	328
4	3	11	50	413	497
4	13	12	51	504	530
4	5	11	52	720	786
4	5	11	53	794	802
4	12	6	54	927	1014
4	11	5	55	1070	1146
4	2	14	56	1179	1197
4	12	6	57	1211	1279
4	11	5	58	1299	1331
4	8	10	59	1360	1368
5	9	0	60	0	94
5	11	5	61	100	149
5	8	9	62	231	312
5	13	12	63	429	504
5	9	1	64	686	778
5	10	7	65	845	923
5	9	1	66	963	1011
5	9	1	67	1011	1068
5	9	12	68	1068	1085
5	10	7	69	1108	1128
5	1	13	70	1133	1153
5	3	8	71	1162	1184
5	13	0	72	1359	1411
6	7	13	73	121	166
6	14	2	74	426	448
6	12	6	75	692	758
6	14	2	76	763	817
6	3	4	77	817	862
6	9	1	78	927	963
6	6	9	79	1064	1151
6	3	8	80	1184	1219
6	6	9	81	1297	1331
6	9	1	82	1337	1364
6	9	1	83	1364	1375
7	9	0	84	263	358
7	9	0	85	358	394
7	13	12	86	589	627
7	8	10	87	811	880
7	2	0	88	914	989
7	2	13	89	989	1004
7	14	2	90	1074	1161
7	4	4	91	1213	1286
7	6	9	92	1331	1359
7	14	2	93	1393	1413
8	13	12	94	0	89
8	13	12	95	89	133
8	10	7	96	160	245
8	11	5	97	255	334
8	5	10	98	374	447
8	4	8	99	451	536
8	12	6	100	539	630
8	5	9	101	635	720
8	1	14	102	720	807
8	1	14	103	889	976
8	5	11	104	1016	1056
8	5	11	105	1056	1086
8	8	10	106	1116	1161
8	0	12	107	1260	1339
9	6	3	108	0	16
9	6	3	109	16	101
9	5	10	110	106	118
9	5	10	111	118	184
9	12	6	112	189	266
9	8	9	113	312	363
9	9	0	114	394	487
9	11	5	115	524	605
9	7	13	116	667	745
9	1	14	117	807	889
9	7	3	118	957	1030
9	11	5	119	1180	1267
9	11	5	120	1267	1299
9	0	12	121	1369	1406
10	9	1	122	597	686
10	7	13	123	745	770
10	13	9	124	887	958
10	11	5	125	988	1005
10	3	8	126	1040	1063
10	13	0	127	1093	1136
10	13	0	128	1136	1165
10	6	9	129	1205	1232
10	5	11	130	1246	1278
10	1	13	131	1342	1387
11	5	10	132	0	20
11	1	1	133	73	161
11	1	1	134	161	172
11	13	12	135	211	287
11	13	12	136	287	301
11	2	14	137	303	375
11	1	1	138	416	498
11	11	5	139	501	524
11	7	13	140	598	667
11	12	6	141	758	843
11	3	4	142	862	921
11	2	13	143	1004	1101
11	4	4	144	1146	1213
11	4	4	145	1343	1415
12	14	2	146	0	15
12	14	2	147	38	121
12	6	3	148	253	329
12	10	7	149	609	701
12	11	5	150	711	759
12	11	5	151	759	772
12	2	9	152	789	819
12	3	8	153	967	1040
12	13	0	154	1165	1244
12	1	13	155	1249	1342
13	3	8	156	0	80
13	8	9	157	81	168
13	8	9	158	168	202
13	8	9	159	202	231
13	5	10	160	253	325
13	11	5	161	334	415
13	6	3	162	420	453
13	8	9	163	470	535
13	14	2	164	555	641
13	0	4	165	663	715
13	11	5	166	821	897
13	12	6	167	1061	1145
13	11	5	168	1146	1180
13	2	14	169	1271	1313
13	8	10	170	1368	1414
14	5	10	171	20	106
14	3	11	172	260	344
14	2	14	173	375	446
14	6	3	174	453	486
14	6	3	175	567	660
14	0	4	176	765	817
14	2	0	177	819	914
14	3	4	178	921	937
14	11	5	179	1005	1070
14	13	0	180	1078	1093
14	12	6	181	1145	1211
14	9	1	182	1243	1265
14	14	2	183	1331	1393
15	11	5	184	0	68
15	3	11	185	84	163
15	11	5	186	163	255
15	0	4	187	490	581
15	3	0	188	596	661
15	4	8	189	685	719
15	4	8	190	719	742
15	11	5	191	897	988
15	13	0	192	1031	1078
15	0	12	193	1135	1189
15	13	0	194	1244	1311
15	8	10	195	1328	1360
16	14	2	196	145	232
16	5	10	197	447	496
16	1	11	198	498	526
16	8	9	199	535	621
16	10	7	200	701	740
16	10	7	201	740	755
16	5	11	202	802	831
16	4	8	203	878	912
16	4	8	204	912	937
16	3	8	205	937	967
16	13	0	206	989	1031
16	6	9	207	1151	1205
16	12	6	208	1319	1407
17	11	5	209	68	100
17	0	4	210	159	209
17	7	13	211	363	441
17	2	14	212	569	636
17	2	14	213	636	659
17	2	9	214	720	789
17	13	12	215	799	819
17	10	7	216	923	1013
17	4	4	217	1057	1084
17	14	2	218	1241	1309
17	10	7	219	1309	1328
17	0	12	220	1339	1369
18	8	9	221	0	81
18	4	8	222	84	152
18	1	1	223	172	198
18	9	0	224	207	228
18	9	0	225	228	263
18	12	6	226	266	343
18	4	8	227	363	451
18	2	14	228	479	547
18	1	11	229	589	631
18	8	10	230	631	683
18	0	4	231	715	765
18	9	1	232	841	927
18	7	3	233	1030	1118
18	10	7	234	1218	1307
18	6	9	235	1359	1413
19	10	7	236	545	609
19	8	10	237	621	629
19	11	5	238	636	648
19	11	5	239	648	711
19	14	2	240	728	763
19	5	11	241	786	794
19	8	10	242	880	967
19	12	6	243	1014	1061
19	7	3	244	1118	1209
19	10	7	245	1209	1218
19	14	9	246	1232	1241
19	6	9	247	1243	1270
20	1	1	248	0	73
20	6	3	249	101	184
20	10	7	250	245	292
20	5	10	251	325	374
20	10	7	252	375	440
20	7	13	253	441	519
20	13	12	254	530	575
20	1	11	255	575	589
20	1	11	256	693	715
20	4	8	257	809	878
20	8	10	258	980	1065
20	2	14	259	1101	1179
20	3	8	260	1219	1271
20	14	2	261	1309	1331
21	10	7	262	0	9
21	1	1	263	198	245
21	1	1	264	245	272
21	10	7	265	292	375
21	5	10	266	496	529
21	13	12	267	673	755
21	11	5	268	772	821
21	6	13	269	866	899
21	14	2	270	925	982
21	5	11	271	1086	1179
21	3	8	272	1305	1329
21	5	11	273	1344	1414
22	2	14	274	0	84
22	2	14	275	84	159
22	2	14	276	159	237
22	2	14	277	263	303
22	13	12	278	303	322
22	7	13	279	323	363
22	8	9	280	363	436
22	6	3	281	486	567
22	4	8	282	623	685
22	7	13	283	770	866
22	0	12	284	976	1068
22	1	13	285	1101	1133
22	5	11	286	1179	1246
22	4	4	287	1286	1343
22	7	3	288	1376	1392
23	14	2	289	15	38
23	9	0	290	94	141
23	3	11	291	163	218
23	2	14	292	237	263
23	1	1	293	340	416
23	10	7	294	440	454
23	7	13	295	519	598
23	12	6	296	630	692
23	13	12	297	755	799
23	7	3	298	866	957
23	8	10	299	967	980
23	1	14	300	1017	1101
23	7	3	301	1209	1241
23	3	8	302	1271	1305
23	9	1	303	1375	1414
24	7	13	304	41	121
24	12	6	305	140	189
24	0	4	306	209	299
24	3	11	307	344	413
24	8	9	308	436	452
24	8	9	309	452	470
24	11	5	310	470	501
24	9	1	311	534	597
24	5	10	312	603	621
24	8	10	313	683	745
24	14	2	314	817	906
24	9	1	315	1085	1167
24	7	3	316	1241	1288
24	7	3	317	1288	1376
24	1	13	318	1387	1407
25	10	7	319	9	73
25	0	4	320	123	159
25	6	3	321	184	253
25	0	4	322	299	318
25	14	2	323	328	352
25	14	2	324	352	373
25	11	5	325	415	452
25	9	0	326	487	534
25	0	4	327	581	663
25	10	7	328	755	845
25	12	6	329	845	927
25	4	4	330	998	1057
25	3	8	331	1091	1162
25	5	11	332	1278	1344
26	4	8	333	152	214
26	3	11	334	218	260
26	0	4	335	318	352
26	14	2	336	373	426
26	0	4	337	442	490
26	1	11	338	526	572
26	13	12	339	575	589
26	1	11	340	631	693
26	2	14	341	693	717
26	5	11	342	831	925
26	0	12	343	931	976
26	10	7	344	1128	1209
26	3	7	345	1329	1414
27	12	6	346	62	140
27	7	13	347	166	244
27	1	1	348	272	340
27	14	2	349	448	507
27	4	8	350	536	623
27	5	9	351	623	635
27	0	12	352	819	893
27	14	2	353	906	925
27	4	4	354	937	956
27	13	9	355	958	980
27	14	2	356	982	1074
27	0	12	357	1085	1109
27	2	14	358	1313	1387
28	12	6	359	0	49
28	12	6	360	49	62
28	5	10	361	184	253
28	4	8	362	277	363
28	12	6	363	435	448
28	11	5	364	452	469
28	14	2	365	507	555
28	3	0	366	661	749
28	3	0	367	749	788
28	3	0	368	788	816
28	10	7	369	1013	1108
28	1	13	370	1153	1249
28	6	9	371	1270	1297
28	11	5	372	1331	1405
29	13	12	373	133	211
29	7	13	374	244	323
29	13	12	375	355	429
29	14	2	376	641	728
29	6	3	377	741	782
29	6	3	378	782	865
29	0	12	379	893	931
29	1	14	380	976	1017
29	4	4	381	1084	1146
29	9	1	382	1167	1234
29	6	1	383	1234	1243
29	13	0	384	1311	1359


Solution History:
