This is the output of Heuristic Solver for Dual resource constrained flexible job shop Scheduling Problem.
Input file is: wfjsp18_9.txt
Number of Jobs: 20
Number of Operations: 148
Number of Machines: 10
Number of Operators: 8
CPU Time: 3600.12
obj: 944
Best found lower bound:547
Solver gap (best found lower bound and upper bound difference): Not known


Final Solution:
Job	Machine	Operator	Operation	Start Time	Finish Time
0	4	3	0	277	361
0	9	6	1	378	422
0	1	1	2	599	666
0	6	4	3	797	853
0	1	7	4	911	942
1	9	2	5	0	88
1	8	4	6	92	151
1	6	1	7	151	173
1	1	7	8	205	260
1	2	0	9	353	411
1	4	3	10	500	589
1	3	4	11	650	738
1	0	2	12	792	859
2	6	0	13	52	99
2	3	0	14	99	117
2	1	7	15	260	313
2	7	1	16	364	377
2	2	2	17	481	577
2	0	7	18	712	731
2	9	6	19	749	771
2	2	5	20	907	939
3	2	0	21	411	456
3	9	1	22	496	506
3	8	6	23	532	551
3	9	4	24	602	625
3	9	6	25	628	684
3	7	3	26	802	854
4	5	1	27	58	151
4	6	1	28	256	342
4	6	4	29	458	542
4	6	0	30	620	678
4	6	0	31	678	737
5	9	0	32	117	172
5	6	1	33	173	256
5	5	4	34	358	370
5	6	4	35	370	458
5	7	3	36	747	782
5	7	3	37	782	802
5	5	0	38	852	867
5	9	6	39	886	944
6	5	5	40	0	58
6	9	6	41	232	325
6	7	0	42	332	353
6	8	2	43	374	396
6	5	1	44	448	470
6	3	6	45	487	532
6	8	6	46	583	628
6	1	2	47	670	751
6	1	2	48	751	792
6	2	7	49	826	845
7	2	2	50	150	247
7	7	2	51	247	275
7	8	4	52	295	358
7	4	3	53	389	418
7	8	1	54	470	496
7	1	7	55	524	599
7	7	3	56	671	747
7	4	6	57	771	784
7	9	6	58	852	886
8	2	3	59	28	114
8	1	7	60	114	163
8	1	7	61	163	205
8	8	2	62	396	467
8	0	5	63	481	536
8	1	1	64	798	862
8	0	2	65	862	930
8	0	2	66	930	943
9	6	4	67	0	9
9	7	0	68	456	482
9	5	4	69	542	602
9	4	3	70	647	671
9	9	6	71	714	749
10	1	7	72	0	33
10	0	5	73	58	131
10	4	3	74	191	277
10	7	2	75	277	331
10	4	3	76	361	389
10	3	5	77	402	481
10	7	0	78	482	524
10	5	5	79	623	677
10	9	6	80	684	714
10	3	0	81	738	774
11	2	2	82	116	150
11	1	1	83	377	390
11	9	1	84	506	564
11	9	1	85	564	597
11	7	1	86	862	944
12	0	0	87	0	52
12	9	6	88	214	232
12	6	1	89	342	364
12	3	5	90	536	623
12	3	5	91	812	851
12	6	4	92	853	942
13	8	4	93	9	92
13	1	2	94	331	374
13	1	7	95	452	465
13	8	6	96	551	583
13	4	3	97	589	647
13	8	1	98	723	798
13	4	3	99	854	941
14	0	5	100	312	342
14	0	5	101	342	402
14	9	6	102	422	458
14	7	0	103	524	543
14	0	7	104	621	712
14	5	5	105	725	779
14	4	6	106	784	842
15	8	4	107	151	235
15	3	5	108	259	272
15	2	0	109	274	332
15	7	7	110	399	452
15	2	2	111	467	481
15	6	0	112	543	620
15	2	7	113	731	826
16	2	3	114	0	28
16	9	2	115	88	116
16	7	3	116	116	191
16	8	4	117	235	295
16	1	1	118	390	448
16	9	6	119	458	487
16	3	4	120	625	650
16	6	4	121	738	797
16	2	5	122	851	907
17	3	6	123	0	61
17	4	6	124	61	130
17	4	6	125	130	188
17	3	6	126	188	214
17	0	0	127	214	256
17	2	0	128	256	274
17	3	7	129	313	399
17	4	3	130	418	500
17	9	0	131	774	852
17	3	7	132	852	911
18	4	1	133	0	55
18	9	0	134	172	209
18	5	5	135	272	295
18	5	5	136	295	312
18	9	6	137	325	378
18	1	7	138	465	524
18	2	7	139	599	621
18	8	1	140	666	723
18	5	0	141	867	944
19	7	7	142	33	112
19	0	5	143	131	171
19	5	5	144	171	259
19	7	2	145	577	670
19	2	5	146	677	725
19	5	5	147	779	812


Solution History:
