This is the output of Heuristic Solver for Dual resource constrained flexible job shop Scheduling Problem.
Input file is: wfjsp15_2.txt
Number of Jobs: 30
Number of Operations: 375
Number of Machines: 15
Number of Operators: 15
CPU Time: 3600.25
obj: 1314
Best found lower bound:779
Solver gap (best found lower bound and upper bound difference): Not known


Final Solution:
Job	Machine	Operator	Operation	Start Time	Finish Time
0	4	1	0	505	583
0	13	2	1	623	690
0	13	2	2	690	712
0	10	1	3	721	761
0	10	1	4	761	778
0	3	6	5	784	813
0	9	3	6	924	987
0	12	5	7	989	1000
0	9	7	8	1070	1142
0	9	7	9	1207	1247
1	6	9	10	0	57
1	1	7	11	86	100
1	5	5	12	101	175
1	1	7	13	190	256
1	7	13	14	259	317
1	10	3	15	325	394
1	10	3	16	394	422
1	4	14	17	461	505
1	12	14	18	505	527
1	1	7	19	576	637
1	12	5	20	750	839
1	10	1	21	926	1005
1	3	6	22	1125	1185
1	14	14	23	1226	1286
2	1	7	24	0	70
2	1	7	25	70	86
2	6	9	26	95	108
2	13	2	27	126	228
2	13	2	28	228	249
2	2	12	29	274	360
2	4	14	30	370	461
2	12	1	31	486	505
2	12	11	32	543	614
2	1	7	33	654	733
2	10	1	34	851	915
2	13	2	35	919	944
2	10	1	36	1047	1104
2	11	3	37	1107	1146
2	7	10	38	1174	1249
3	10	3	39	0	83
3	1	7	40	100	123
3	12	14	41	166	183
3	11	6	42	192	221
3	11	6	43	221	235
3	13	2	44	249	291
3	11	6	45	297	373
3	3	0	46	450	490
3	10	1	47	634	721
3	6	9	48	864	952
3	4	14	49	965	1024
3	4	14	50	1024	1059
3	9	7	51	1142	1207
3	2	8	52	1271	1308
4	9	12	53	0	28
4	6	9	54	57	95
4	6	9	55	108	154
4	1	7	56	167	190
4	0	4	57	199	270
4	14	11	58	280	344
4	6	9	59	349	362
4	6	9	60	362	393
4	0	4	61	405	454
4	0	14	62	590	680
4	2	8	63	726	780
4	8	10	64	861	934
4	13	2	65	944	1006
4	14	11	66	1034	1053
4	4	9	67	1226	1313
5	0	4	68	0	14
5	9	12	69	28	111
5	4	0	70	122	135
5	2	12	71	171	225
5	11	6	72	401	466
5	0	4	73	494	543
5	12	5	74	629	688
5	2	8	75	780	877
5	14	12	76	908	969
5	5	4	77	981	1042
5	0	4	78	1222	1312
6	3	1	79	0	13
6	12	14	80	19	73
6	1	7	81	123	167
6	9	8	82	208	269
6	9	8	83	269	287
6	2	12	84	360	450
6	12	1	85	462	486
6	3	0	86	490	512
6	11	6	87	549	583
6	14	12	88	620	659
6	7	11	89	717	810
6	0	14	90	892	952
6	14	9	91	1053	1127
6	10	3	92	1237	1307
7	5	5	93	0	12
7	0	4	94	14	38
7	14	11	95	43	118
7	0	4	96	127	199
7	11	6	97	235	297
7	8	10	98	474	580
7	3	0	99	637	730
7	11	0	100	746	764
7	14	12	101	825	908
7	8	10	102	934	1000
7	10	1	103	1104	1157
7	8	1	104	1240	1313
8	5	5	105	12	90
8	2	12	106	111	146
8	10	3	107	156	215
8	9	8	108	317	396
8	8	10	109	417	474
8	0	14	110	543	590
8	6	9	111	590	617
8	14	12	112	671	716
8	9	3	113	770	835
8	7	11	114	923	993
8	12	5	115	1000	1014
8	3	6	116	1060	1075
8	3	6	117	1075	1098
8	12	11	118	1203	1288
9	6	9	119	265	349
9	11	6	120	373	401
9	7	13	121	410	468
9	4	1	122	583	634
9	1	7	123	637	654
9	11	6	124	703	732
9	6	9	125	754	779
9	14	12	126	813	825
9	9	3	127	835	862
9	2	8	128	877	892
9	10	1	129	915	926
9	13	2	130	1006	1086
9	8	12	131	1086	1098
9	8	12	132	1098	1135
9	5	5	133	1189	1253
10	13	2	134	24	75
10	8	10	135	160	212
10	6	9	136	230	265
10	0	4	137	270	307
10	1	7	138	344	406
10	11	6	139	583	665
10	13	2	140	712	776
10	0	14	141	816	892
10	11	0	142	936	1002
10	6	0	143	1061	1093
10	12	11	144	1139	1203
10	13	2	145	1277	1307
11	14	11	146	0	43
11	4	0	147	51	122
11	7	13	148	143	180
11	2	12	149	225	274
11	0	4	150	307	342
11	0	4	151	342	387
11	1	7	152	432	498
11	9	3	153	576	651
11	14	12	154	659	671
11	6	9	155	779	864
11	13	2	156	864	919
11	8	10	157	1000	1075
11	7	10	158	1135	1174
11	11	12	159	1240	1303
12	13	2	160	0	24
12	2	8	161	40	111
12	9	8	162	111	144
12	2	12	163	146	171
12	5	5	164	191	261
12	5	5	165	261	345
12	6	9	166	393	453
12	13	2	167	515	593
12	12	11	168	614	629
12	5	4	169	631	664
12	8	10	170	768	861
12	0	9	171	971	1044
12	4	14	172	1059	1119
12	6	0	173	1140	1208
13	8	10	174	0	76
13	5	5	175	90	101
13	14	11	176	118	191
13	14	11	177	218	244
13	8	10	178	259	331
13	8	10	179	331	417
13	10	5	180	522	589
13	13	2	181	593	623
13	12	5	182	688	750
13	13	2	183	786	864
13	2	8	184	1053	1126
13	2	8	185	1194	1271
14	4	0	186	0	51
14	4	0	187	135	165
14	12	1	188	197	228
14	1	7	189	256	323
14	14	11	190	433	511
14	3	0	191	592	637
14	0	14	192	726	772
14	7	11	193	810	883
14	3	6	194	886	904
14	1	7	195	998	1038
14	2	8	196	1126	1194
14	9	7	197	1259	1303
15	7	13	198	0	60
15	12	14	199	73	166
15	3	0	200	166	238
15	3	0	201	238	331
15	12	1	202	332	362
15	13	2	203	367	440
15	2	12	204	450	511
15	12	14	205	527	543
15	3	0	206	546	560
15	3	0	207	560	592
15	1	7	208	733	829
15	1	7	209	920	998
15	13	2	210	1086	1152
15	13	2	211	1203	1277
16	7	13	212	317	395
16	13	2	213	497	515
16	2	8	214	597	650
16	11	6	215	665	703
16	14	12	216	716	735
16	2	8	217	892	977
16	7	11	218	993	1009
16	14	11	219	1009	1034
16	1	7	220	1038	1069
16	11	3	221	1070	1107
16	13	2	222	1152	1160
16	13	2	223	1160	1203
17	9	8	224	144	208
17	9	8	225	287	317
17	9	8	226	437	519
17	9	3	227	520	576
17	2	8	228	650	726
17	10	1	229	778	851
17	0	4	230	1044	1143
17	1	13	231	1146	1180
17	6	0	232	1208	1238
17	3	10	233	1250	1263
17	1	13	234	1267	1290
18	3	1	235	13	68
18	13	2	236	75	126
18	6	9	237	154	230
18	13	2	238	291	333
18	1	7	239	333	344
18	7	13	240	395	410
18	5	5	241	418	437
18	14	12	242	511	554
18	14	12	243	554	620
18	12	5	244	839	933
18	0	9	245	952	971
18	1	13	246	1069	1146
18	5	5	247	1153	1189
18	5	5	248	1253	1312
19	10	3	249	83	156
19	11	6	250	179	192
19	14	11	251	244	280
19	9	8	252	396	437
19	0	4	253	454	494
19	2	8	254	519	552
19	6	9	255	662	754
19	0	14	256	772	816
19	1	7	257	829	854
19	9	3	258	987	1070
19	11	3	259	1146	1237
20	2	8	260	0	40
20	7	13	261	60	143
20	4	1	262	165	197
20	10	3	263	215	257
20	10	3	264	257	325
20	14	11	265	344	433
20	10	3	266	457	520
20	7	11	267	631	717
20	4	13	268	789	857
20	6	13	269	965	1061
20	7	10	270	1077	1109
20	8	12	271	1135	1173
20	7	6	272	1250	1313
21	11	6	273	83	169
21	12	14	274	183	197
21	3	0	275	331	399
21	5	5	276	437	522
21	5	4	277	664	728
21	11	6	278	732	746
21	3	6	279	746	784
21	1	7	280	854	920
21	7	12	281	1009	1077
21	3	6	282	1098	1125
21	1	13	283	1180	1267
22	12	14	284	0	19
22	3	1	285	68	161
22	4	14	286	197	276
22	13	2	287	333	367
22	10	3	288	422	457
22	13	2	289	467	497
22	7	13	290	560	608
22	4	13	291	634	674
22	8	10	292	731	768
22	3	6	293	904	997
22	11	0	294	1002	1061
22	4	14	295	1119	1140
22	3	6	296	1185	1250
23	12	1	297	362	462
23	7	13	298	468	560
23	9	3	299	651	714
23	9	3	300	714	731
23	9	3	301	731	740
23	9	3	302	740	770
23	13	2	303	776	786
23	5	4	304	906	981
23	10	1	305	1005	1047
23	0	4	306	1143	1222
23	14	14	307	1286	1314
24	6	9	308	453	532
24	6	9	309	532	551
24	6	9	310	551	590
24	6	9	311	617	662
24	4	13	312	857	965
24	14	12	313	969	1009
24	5	5	314	1042	1062
24	6	0	315	1093	1115
24	14	9	316	1127	1226
24	9	7	317	1247	1259
25	4	14	318	313	370
25	0	4	319	387	405
25	1	7	320	406	432
25	13	2	321	440	452
25	13	2	322	452	467
25	3	0	323	512	546
25	8	10	324	664	731
25	4	13	325	742	752
25	4	13	326	752	789
25	11	0	327	799	855
25	11	0	328	855	936
25	7	10	329	1109	1135
25	6	0	330	1238	1309
26	0	4	331	38	127
26	11	6	332	169	179
26	8	10	333	212	259
26	3	0	334	399	450
26	5	4	335	543	631
26	0	14	336	680	726
26	3	0	337	730	746
26	11	0	338	764	799
26	9	3	339	862	924
26	12	5	340	933	989
26	4	14	341	1140	1224
26	3	10	342	1263	1295
27	8	10	343	76	160
27	5	5	344	175	191
27	14	11	345	191	218
27	12	1	346	228	324
27	5	5	347	345	418
27	8	10	348	580	664
27	14	12	349	735	813
27	3	6	350	843	886
27	5	5	351	1062	1153
27	10	1	352	1157	1234
28	11	6	353	0	83
28	7	13	354	180	259
28	1	7	355	323	333
28	11	6	356	466	549
28	2	8	357	552	597
28	7	13	358	608	631
28	5	4	359	728	809
28	3	6	360	813	843
28	7	11	361	883	923
28	3	6	362	997	1060
28	6	0	363	1115	1140
28	8	12	364	1173	1240
29	4	14	365	276	313
29	12	1	366	324	332
29	1	7	367	498	576
29	10	5	368	589	629
29	4	13	369	674	742
29	5	4	370	809	871
29	5	4	371	871	882
29	5	4	372	882	906
29	2	8	373	977	1053
29	12	11	374	1053	1139


Solution History:
