This is the output of Heuristic Solver for Dual resource constrained flexible job shop Scheduling Problem.
Input file is: wfjsp24_9.txt
Number of Jobs: 40
Number of Operations: 284
Number of Machines: 15
Number of Operators: 12
CPU Time: 3600.38
obj: 1269
Best found lower bound:547
Solver gap (best found lower bound and upper bound difference): Not known


Final Solution:
Job	Machine	Operator	Operation	Start Time	Finish Time
0	14	2	0	467	551
0	12	0	1	700	742
0	6	9	2	862	924
0	2	7	3	1027	1084
0	8	0	4	1096	1122
1	2	0	5	0	78
1	7	8	6	78	141
1	12	6	7	154	173
1	0	6	8	173	229
1	10	5	9	229	292
1	6	5	10	507	614
1	9	5	11	873	966
1	3	0	12	1187	1262
2	9	5	13	370	414
2	2	0	14	416	437
2	1	11	15	637	694
2	11	4	16	892	909
2	10	6	17	923	1029
2	12	10	18	1032	1057
2	13	2	19	1186	1211
2	2	6	20	1234	1266
3	3	0	21	78	123
3	14	3	22	125	137
3	5	6	23	764	783
3	3	3	24	783	808
3	11	1	25	1097	1153
3	7	6	26	1177	1234
4	11	5	27	127	227
4	8	8	28	377	467
4	13	3	29	668	757
4	1	4	30	837	892
4	10	9	31	1193	1251
5	2	5	32	292	348
5	3	7	33	403	492
5	3	1	34	505	518
5	5	9	35	591	692
5	6	2	36	762	796
5	12	7	37	882	902
5	4	3	38	1001	1013
5	9	3	39	1177	1233
6	12	8	40	18	76
6	9	4	41	208	289
6	7	8	42	310	334
6	2	5	43	348	370
6	6	1	44	403	425
6	10	4	45	505	539
6	8	5	46	763	808
6	9	5	47	808	873
6	1	11	48	935	983
6	9	0	49	1122	1141
7	4	11	50	0	106
7	4	3	51	173	201
7	4	3	52	261	320
7	9	4	53	480	505
7	4	1	54	629	657
7	9	0	55	742	806
7	0	3	56	827	898
7	8	0	57	915	930
7	7	9	58	1012	1046
8	14	4	59	33	117
8	6	11	60	266	317
8	4	0	61	380	416
8	7	9	62	446	531
8	14	6	63	642	699
8	14	2	64	883	940
8	9	11	65	1051	1121
8	0	7	66	1121	1135
9	0	3	67	0	8
9	5	1	68	190	219
9	8	2	69	963	1032
9	0	0	70	1052	1073
9	4	3	71	1233	1264
10	1	4	72	0	33
10	9	1	73	57	125
10	7	8	74	141	224
10	7	9	75	346	403
10	8	3	76	482	518
10	5	9	77	692	764
10	10	6	78	871	923
10	0	7	79	976	1027
10	4	0	80	1027	1052
10	13	1	81	1153	1186
11	4	3	82	137	173
11	11	8	83	227	241
11	2	9	84	805	862
11	1	1	85	983	1019
11	10	9	86	1105	1193
12	0	9	87	291	346
12	6	7	88	377	399
12	14	0	89	566	586
12	10	4	90	665	755
12	4	9	91	764	805
12	1	2	92	1032	1121
13	9	2	93	125	208
13	7	9	94	403	446
13	11	6	95	507	518
13	11	6	96	518	550
13	6	5	97	614	670
13	14	2	98	796	883
13	5	5	99	1001	1093
14	3	1	100	29	57
14	6	11	101	204	266
14	2	5	102	470	507
14	1	1	103	518	540
14	8	5	104	670	763
14	6	9	105	924	983
14	3	6	106	1101	1157
15	10	4	107	117	207
15	2	2	108	208	219
15	8	7	109	313	377
15	0	7	110	492	545
15	6	1	111	670	688
15	0	7	112	902	976
15	8	8	113	1122	1212
16	8	10	114	0	30
16	4	9	115	106	136
16	6	9	116	136	204
16	1	11	117	317	379
16	13	4	118	539	596
16	11	3	119	639	668
16	14	3	120	757	781
16	6	11	121	983	1051
16	1	2	122	1211	1268
17	7	6	123	0	61
17	0	3	124	61	125
17	5	0	125	125	183
17	2	0	126	247	269
17	1	8	127	271	310
17	14	3	128	362	381
17	5	2	129	383	467
17	13	4	130	596	665
17	11	4	131	909	995
17	0	7	132	1135	1194
18	2	10	133	84	148
18	8	10	134	148	179
18	8	10	135	179	210
18	0	10	136	370	387
18	4	0	137	437	493
18	5	8	138	529	589
18	0	7	139	619	641
18	11	1	140	688	745
18	14	4	141	995	1075
19	9	10	142	292	370
19	1	10	143	387	428
19	0	7	144	545	619
19	4	1	145	805	892
19	6	7	146	1084	1121
19	4	1	147	1186	1217
20	11	5	148	0	32
20	11	5	149	42	127
20	3	0	150	192	247
20	10	4	151	292	358
20	3	1	152	375	403
20	4	0	153	586	598
20	6	11	154	694	762
20	2	10	155	905	941
20	12	10	156	1057	1141
20	3	6	157	1157	1176
21	14	1	158	0	29
21	11	5	159	32	42
21	13	11	160	106	189
21	4	0	161	324	380
21	0	5	162	414	470
21	10	11	163	483	498
21	4	2	164	668	756
21	13	11	165	762	852
21	8	10	166	1212	1269
22	6	9	167	0	105
22	14	6	168	229	324
22	12	0	169	493	566
22	7	8	170	684	760
22	10	9	171	1046	1105
22	11	1	172	1217	1269
23	2	9	173	531	591
23	3	7	174	641	683
23	12	7	175	825	882
23	3	1	176	892	919
23	8	8	177	1032	1096
24	10	10	178	30	84
24	5	6	179	92	105
24	12	6	180	105	154
24	1	7	181	201	271
24	11	1	182	308	325
24	11	6	183	337	429
24	7	10	184	531	611
24	1	7	185	811	822
24	5	1	186	919	983
24	11	5	187	1161	1216
25	5	8	188	467	529
25	11	8	189	675	683
25	1	1	190	745	804
25	6	3	191	808	827
25	8	2	192	940	963
25	4	6	193	1075	1101
25	14	4	194	1194	1252
26	9	1	195	540	567
26	2	0	196	598	700
26	2	9	197	983	1012
26	14	4	198	1122	1194
26	13	5	199	1216	1261
27	1	7	200	33	49
27	11	1	201	249	308
27	3	1	202	325	375
27	10	6	203	550	642
27	8	10	204	825	905
27	1	10	205	1141	1210
28	12	9	206	204	291
28	13	2	207	329	383
28	1	1	208	567	629
28	9	1	209	657	667
28	11	4	210	755	837
28	2	10	211	941	967
28	12	8	212	967	1021
29	8	8	213	241	270
29	11	11	214	582	637
29	8	2	215	653	668
29	13	0	216	935	1012
29	0	0	217	1073	1092
29	6	11	218	1203	1261
30	12	8	219	0	18
30	9	3	220	18	47
30	3	7	221	271	313
30	1	10	222	428	507
30	2	10	223	507	526
30	0	7	224	755	811
30	7	8	225	834	909
30	2	2	226	1121	1185
31	12	11	227	379	483
31	9	10	228	684	742
31	5	0	229	886	915
31	13	3	230	1013	1113
31	14	4	231	1252	1265
32	1	7	232	131	201
32	14	3	233	381	437
32	7	10	234	611	684
32	13	11	235	852	935
32	11	1	236	1019	1097
33	8	7	237	49	131
33	13	1	238	219	249
33	13	0	239	269	324
33	13	3	240	437	482
33	1	2	241	551	566
33	9	2	242	567	653
33	7	8	243	760	834
33	3	6	244	1029	1075
33	2	8	245	1096	1118
34	5	2	246	219	285
34	14	6	247	324	337
34	11	1	248	429	505
34	12	8	249	589	675
34	10	6	250	783	871
34	5	5	251	1093	1161
35	5	6	252	61	92
35	5	2	253	285	329
35	6	6	254	429	507
35	0	7	255	683	755
35	9	10	256	967	1032
35	7	3	257	1113	1177
36	14	0	258	183	192
36	3	3	259	581	639
36	12	10	260	742	825
36	3	5	261	966	1001
36	5	8	262	1212	1269
37	13	2	263	0	61
37	1	2	264	61	121
37	3	1	265	125	190
37	4	3	266	201	261
37	6	3	267	320	338
37	12	8	268	338	374
37	9	4	269	428	480
37	4	11	270	498	582
37	5	0	271	806	886
37	6	11	272	1121	1203
38	3	7	273	0	27
38	0	3	274	346	362
38	7	8	275	909	966
38	14	4	276	1075	1122
38	0	7	277	1194	1269
39	7	10	278	224	292
39	10	4	279	358	428
39	3	3	280	518	581
39	14	6	281	699	755
39	4	3	282	898	1001
39	12	0	283	1141	1187


Solution History:
