This is the output of Heuristic Solver for Dual resource constrained flexible job shop Scheduling Problem.
Input file is: wfjsp22_7.txt
Number of Jobs: 30
Number of Operations: 236
Number of Machines: 15
Number of Operators: 12
CPU Time: 3600.5
obj: 994
Best found lower bound:562
Solver gap (best found lower bound and upper bound difference): Not known


Final Solution:
Job	Machine	Operator	Operation	Start Time	Finish Time
0	6	8	0	176	249
0	9	10	1	250	259
0	0	3	2	375	416
0	12	5	3	458	558
0	8	8	4	640	663
0	0	0	5	732	774
0	3	4	6	918	952
0	7	8	7	952	993
1	13	9	8	0	9
1	10	9	9	9	43
1	3	9	10	43	127
1	2	7	11	141	209
1	13	6	12	235	320
1	7	4	13	395	451
1	3	6	14	527	564
1	1	4	15	659	677
1	8	10	16	682	772
1	9	10	17	915	987
2	1	11	18	0	63
2	12	3	19	113	186
2	11	2	20	212	274
2	14	1	21	286	315
2	4	4	22	383	392
2	0	3	23	416	501
2	3	6	24	564	577
2	6	0	25	606	662
2	14	9	26	818	830
2	1	4	27	839	918
3	10	7	28	297	340
3	7	0	29	451	479
3	1	11	30	555	648
3	4	4	31	730	803
3	9	10	32	849	915
4	2	10	33	0	9
4	7	10	34	9	76
4	9	10	35	76	148
4	8	5	36	148	171
4	1	3	37	186	211
4	9	10	38	218	250
4	0	3	39	266	343
4	10	7	40	420	500
4	13	6	41	631	716
4	7	0	42	827	911
5	13	1	43	397	438
5	14	4	44	451	470
5	8	2	45	484	523
5	10	7	46	543	635
5	6	8	47	710	776
5	0	9	48	830	898
6	3	6	49	183	235
6	2	11	50	277	299
6	12	10	51	299	331
6	8	9	52	372	443
6	9	11	53	461	497
6	5	10	54	624	635
6	0	3	55	676	720
6	5	2	56	771	848
6	4	3	57	891	936
7	10	1	58	160	201
7	6	8	59	249	274
7	12	7	60	277	297
7	8	9	61	343	372
7	11	6	62	384	436
7	9	10	63	553	624
7	1	7	64	719	801
7	2	5	65	838	889
8	14	5	66	0	73
8	6	1	67	73	160
8	2	7	68	209	277
8	11	6	69	320	384
8	3	4	70	510	527
8	11	2	71	527	584
8	2	11	72	769	834
8	8	2	73	849	926
9	9	9	74	503	545
9	5	4	75	641	659
9	3	8	76	663	700
9	13	5	77	769	838
9	2	2	78	958	992
10	3	6	79	577	613
10	11	2	80	618	692
10	5	0	81	715	732
10	0	0	82	808	827
10	2	5	83	901	949
11	11	6	84	41	59
11	9	11	85	181	208
11	7	0	86	276	330
11	12	7	87	340	393
11	7	8	88	501	554
11	6	8	89	700	710
11	9	3	90	728	810
11	11	11	91	834	868
11	6	8	92	922	952
11	12	3	93	971	988
12	12	3	94	0	33
12	8	8	95	33	117
12	3	5	96	133	147
12	4	0	97	147	207
12	1	4	98	236	254
12	8	2	99	274	337
12	4	1	100	438	523
12	7	10	101	652	682
12	3	6	102	716	795
12	13	0	103	911	954
13	11	2	104	182	212
13	4	4	105	322	375
13	1	11	106	401	461
13	3	8	107	469	501
13	7	5	108	558	619
13	0	11	109	648	676
13	7	0	110	774	808
13	1	3	111	810	824
13	5	11	112	884	912
13	13	4	113	954	991
14	2	10	114	331	401
14	10	7	115	500	543
14	8	10	116	772	849
14	6	8	117	871	884
14	14	1	118	932	974
15	11	6	119	0	41
15	5	1	120	41	71
15	13	2	121	87	168
15	5	10	122	259	298
15	6	8	123	302	386
15	14	3	124	510	592
15	9	5	125	644	728
15	1	0	126	954	991
16	11	2	127	584	618
16	2	10	128	635	652
16	5	0	129	662	691
16	11	5	130	728	769
16	4	11	131	868	884
16	10	7	132	905	958
17	0	11	133	63	156
17	9	2	134	168	177
17	0	9	135	219	258
17	9	5	136	298	372
17	13	9	137	443	503
17	14	9	138	614	681
17	1	3	139	824	837
17	13	6	140	838	878
17	11	5	141	949	994
18	0	7	142	0	57
18	10	7	143	57	141
18	4	0	144	207	269
18	4	4	145	273	322
18	14	7	146	393	420
18	5	4	147	527	614
18	2	11	148	676	769
18	8	9	149	958	988
19	2	2	150	20	87
19	5	9	151	127	219
19	8	4	152	256	273
19	6	8	153	274	302
19	14	3	154	343	375
19	3	8	155	386	415
19	11	6	156	436	510
19	4	1	157	634	678
19	12	1	158	763	842
19	4	3	159	936	971
20	1	5	160	73	133
20	14	4	161	153	236
20	2	10	162	401	475
20	2	9	163	545	614
20	12	1	164	678	763
20	13	7	165	883	905
20	8	2	166	926	958
20	4	1	167	974	983
21	6	0	168	386	446
21	10	7	169	635	719
21	12	1	170	842	858
21	6	8	171	884	922
21	6	7	172	958	975
22	5	1	173	9	39
22	1	11	174	359	401
22	6	0	175	562	606
22	9	5	176	624	644
22	5	0	177	691	715
22	4	4	178	803	839
22	0	9	179	898	957
22	3	11	180	970	992
23	5	1	181	0	9
23	13	0	182	9	49
23	14	4	183	73	153
23	0	11	184	156	181
23	12	3	185	211	266
23	5	0	186	330	372
23	3	4	187	375	383
23	5	2	188	395	484
23	12	3	189	592	668
23	11	1	190	871	932
24	12	3	191	33	113
24	3	10	192	148	183
24	7	11	193	208	276
24	7	2	194	337	395
24	2	10	195	475	514
24	0	10	196	514	553
24	7	2	197	692	771
24	3	3	198	837	891
24	14	5	199	891	901
25	13	1	200	320	397
25	1	11	201	497	555
25	3	4	202	614	641
25	4	4	203	678	730
25	12	6	204	878	950
26	3	8	205	0	32
26	4	1	206	554	634
26	3	6	207	795	836
26	12	1	208	858	871
26	5	11	209	912	970
27	7	2	210	0	9
27	9	2	211	9	20
27	7	8	212	117	176
27	0	10	213	183	218
27	3	9	214	258	343
27	14	4	215	470	510
27	13	1	216	523	554
27	0	6	217	613	631
27	14	9	218	681	753
27	6	8	219	776	871
28	6	4	220	0	63
28	11	6	221	63	137
28	11	6	222	137	182
28	8	5	223	182	256
28	9	5	224	259	298
28	1	11	225	299	359
28	3	8	226	415	469
28	6	0	227	479	562
28	14	9	228	753	818
28	0	6	229	957	994
29	4	0	230	49	142
29	10	1	231	201	286
29	9	5	232	372	458
29	8	8	233	554	640
29	10	7	234	801	883
29	6	7	235	975	994


Solution History:
