This is the output of Heuristic Solver for Dual resource constrained flexible job shop Scheduling Problem.
Input file is: wfjsp12_10.txt
Number of Jobs: 25
Number of Operations: 194
Number of Machines: 10
Number of Operators: 10
CPU Time: 3600.25
obj: 1099
Best found lower bound:623
Solver gap (best found lower bound and upper bound difference): Not known


Final Solution:
Job	Machine	Operator	Operation	Start Time	Finish Time
0	7	9	0	221	293
0	8	2	1	306	388
0	3	4	2	430	497
0	2	2	3	575	667
0	8	3	4	684	750
0	6	6	5	824	851
0	6	6	6	880	909
0	2	6	7	957	1005
1	5	7	8	0	87
1	8	2	9	113	141
1	8	2	10	236	272
1	8	2	11	272	306
1	4	1	12	363	452
1	5	5	13	547	629
1	9	0	14	864	930
1	0	7	15	1005	1095
2	2	3	16	0	82
2	4	9	17	98	109
2	4	9	18	109	117
2	2	3	19	147	194
2	7	9	20	437	501
2	5	5	21	661	744
2	8	3	22	845	890
2	0	7	23	937	1005
3	1	8	24	65	108
3	8	3	25	589	612
3	4	1	26	840	888
3	1	2	27	933	951
3	4	1	28	1012	1098
4	6	6	29	71	101
4	0	7	30	131	213
4	1	8	31	307	392
4	2	2	32	413	481
4	7	9	33	790	822
4	5	5	34	899	950
5	4	1	35	208	289
5	1	8	36	294	307
5	4	1	37	339	363
5	2	2	38	391	413
5	5	5	39	498	547
5	8	3	40	612	649
5	3	4	41	659	749
5	9	4	42	943	1008
6	1	8	43	108	194
6	4	1	44	289	305
6	2	3	45	318	332
6	1	8	46	770	837
6	1	2	47	1040	1086
6	1	9	48	1086	1098
7	6	6	49	348	435
7	1	8	50	482	569
7	1	8	51	743	770
7	8	3	52	890	964
7	2	6	53	1005	1014
8	0	1	54	0	78
8	5	5	55	88	164
8	0	7	56	213	231
8	0	7	57	231	295
8	8	3	58	532	571
8	1	8	59	583	591
8	3	4	60	749	838
8	8	3	61	964	1009
8	6	0	62	1014	1096
9	4	6	63	0	69
9	6	6	64	196	284
9	3	4	65	313	392
9	0	7	66	640	689
9	9	0	67	722	773
9	6	6	68	809	824
9	9	0	69	824	847
9	4	1	70	888	910
9	2	6	71	936	957
10	0	7	72	588	640
10	7	9	73	653	700
10	7	9	74	700	723
10	0	7	75	780	847
10	5	5	76	852	899
11	7	7	77	88	131
11	3	4	78	185	223
11	0	7	79	388	478
11	6	6	80	555	588
11	3	4	81	622	659
11	4	1	82	689	716
11	4	1	83	910	923
11	4	1	84	923	1012
11	5	5	85	1065	1099
12	3	4	86	392	430
12	2	2	87	692	757
12	2	2	88	757	832
12	9	0	89	847	864
12	9	4	90	1008	1094
13	1	8	91	0	65
13	9	0	92	72	106
13	4	9	93	117	133
13	8	2	94	141	236
13	5	5	95	236	285
13	9	0	96	373	461
13	9	0	97	461	548
13	1	8	98	614	680
13	0	7	99	689	780
13	7	9	100	927	1014
14	3	4	101	84	163
14	0	7	102	295	388
14	1	8	103	392	482
14	3	4	104	578	622
14	8	3	105	649	684
14	4	1	106	791	840
14	2	2	107	840	933
14	7	9	108	1014	1028
15	3	9	109	0	84
15	4	3	110	84	98
15	6	6	111	284	348
15	8	3	112	391	463
15	4	1	113	542	601
15	4	1	114	601	689
15	6	0	115	936	1014
16	8	2	116	0	82
16	9	0	117	106	195
16	7	9	118	361	427
16	2	2	119	481	575
16	5	5	120	629	661
16	6	6	121	770	809
16	1	2	122	951	1040
16	5	5	123	1040	1065
17	4	1	124	133	208
17	8	3	125	571	589
17	2	2	126	667	692
17	9	0	127	773	819
17	6	6	128	851	880
17	6	6	129	909	936
17	3	8	130	993	1027
18	0	1	131	78	129
18	3	4	132	163	185
18	1	8	133	194	282
18	7	9	134	427	437
18	6	6	135	467	555
18	1	8	136	569	583
18	9	0	137	640	707
18	5	5	138	744	829
18	5	5	139	829	852
18	3	8	140	923	993
19	2	3	141	242	318
19	2	3	142	332	391
19	0	7	143	478	572
19	1	8	144	680	743
19	8	3	145	750	823
19	9	4	146	930	943
19	2	3	147	1014	1097
20	9	4	148	0	72
20	6	6	149	101	196
20	2	3	150	196	242
20	1	8	151	282	294
20	4	1	152	305	339
20	3	4	153	497	578
20	7	9	154	585	653
20	3	4	155	838	920
20	8	6	156	1014	1098
21	9	0	157	284	373
21	6	6	158	435	467
21	6	6	159	588	615
21	4	1	160	716	791
21	1	8	161	837	923
21	5	5	162	950	979
21	5	5	163	979	1040
22	7	5	164	0	88
22	2	3	165	98	147
22	5	5	166	164	236
22	7	9	167	293	361
22	5	5	168	419	453
22	5	5	169	453	498
22	7	9	170	501	550
22	9	0	171	550	640
22	0	7	172	847	937
22	3	8	173	1027	1089
23	8	2	174	82	113
23	9	0	175	195	284
23	5	5	176	285	334
23	4	1	177	452	542
23	0	7	178	572	588
23	6	6	179	615	680
23	9	0	180	707	722
23	7	9	181	723	790
23	8	3	182	823	845
23	7	9	183	877	927
24	6	0	184	0	71
24	7	9	185	133	221
24	3	4	186	223	313
24	5	5	187	334	419
24	8	3	188	463	532
24	7	9	189	550	585
24	1	8	190	591	614
24	6	6	191	680	770
24	7	9	192	822	877
24	7	9	193	1028	1084


Solution History:
