This is the output of Heuristic Solver for Dual resource constrained flexible job shop Scheduling Problem.
Input file is: wfjsp20_7.txt
Number of Jobs: 25
Number of Operations: 200
Number of Machines: 10
Number of Operators: 8
CPU Time: 3600.25
obj: 1224
Best found lower bound:506
Solver gap (best found lower bound and upper bound difference): Not known


Final Solution:
Job	Machine	Operator	Operation	Start Time	Finish Time
0	3	0	0	260	350
0	1	7	1	368	380
0	9	4	2	570	611
0	0	2	3	703	816
0	7	3	4	858	876
0	3	4	5	982	1018
0	9	5	6	1135	1168
0	8	7	7	1173	1212
1	9	3	8	0	9
1	4	3	9	9	44
1	2	5	10	64	139
1	9	6	11	172	241
1	0	5	12	324	398
1	8	3	13	528	579
1	9	1	14	617	650
1	7	7	15	766	784
1	6	4	16	818	895
1	5	3	17	1014	1080
2	1	0	18	40	94
2	7	0	19	94	172
2	3	0	20	200	260
2	4	5	21	295	320
2	4	5	22	398	407
2	8	3	23	449	528
2	4	7	24	536	549
2	3	0	25	779	833
2	8	7	26	1026	1038
2	7	1	27	1044	1122
3	9	0	28	350	393
3	3	0	29	393	421
3	4	0	30	591	684
3	5	3	31	876	956
3	7	1	32	1122	1194
4	7	1	33	0	9
4	8	7	34	19	99
4	5	3	35	124	203
4	5	3	36	260	288
4	7	7	37	295	316
4	1	6	38	322	355
4	5	6	39	373	446
4	1	5	40	459	535
4	4	6	41	708	783
4	1	0	42	1009	1096
5	1	2	43	146	181
5	2	7	44	217	240
5	2	2	45	602	638
5	2	1	46	710	792
5	5	3	47	956	1014
5	1	0	48	1096	1152
6	9	5	49	10	64
6	0	5	50	407	426
6	3	1	51	497	529
6	3	6	52	588	652
6	5	5	53	743	776
6	9	5	54	776	788
6	0	6	55	865	909
6	8	7	56	952	1026
6	4	3	57	1164	1207
7	7	7	58	178	217
7	9	6	59	241	263
7	4	6	60	263	292
7	1	6	61	292	322
7	2	2	62	479	536
7	0	2	63	638	703
7	8	3	64	769	858
7	0	4	65	1170	1223
8	3	1	66	10	79
8	9	4	67	88	163
8	2	2	68	241	299
8	2	2	69	299	360
8	5	7	70	517	536
8	8	7	71	710	766
8	1	2	72	946	1005
8	9	6	73	1018	1102
9	7	3	74	579	631
9	9	4	75	650	669
9	2	7	76	673	710
9	9	0	77	888	972
9	7	1	78	973	1009
10	3	5	79	426	459
10	8	7	80	866	952
10	4	6	81	1006	1018
10	4	5	82	1090	1106
10	4	3	83	1106	1164
11	8	7	84	0	19
11	1	4	85	220	250
11	4	4	86	324	398
11	5	7	87	450	517
11	6	7	88	549	592
11	6	5	89	734	743
11	1	5	90	788	861
11	9	5	91	1106	1135
11	6	2	92	1156	1190
11	7	6	93	1209	1224
12	5	6	94	0	30
12	6	2	95	74	146
12	2	1	96	164	179
12	0	2	97	181	241
12	3	6	98	355	373
12	1	7	99	380	450
12	9	4	100	471	544
12	2	2	101	816	846
12	3	4	102	895	982
12	5	7	103	1114	1173
13	3	0	104	172	200
13	5	3	105	203	260
13	5	6	106	536	588
13	8	4	107	611	647
13	5	5	108	673	734
13	2	1	109	858	886
13	8	5	110	1038	1067
13	2	2	111	1144	1155
13	1	0	112	1155	1183
13	3	0	113	1183	1223
14	0	1	114	529	617
14	1	5	115	622	672
14	7	1	116	792	858
14	7	1	117	960	973
14	0	4	118	1116	1170
15	1	0	119	0	40
15	4	4	120	57	88
15	8	5	121	178	271
15	5	3	122	288	331
15	9	4	123	398	471
15	3	4	124	669	749
15	6	6	125	909	1006
15	6	2	126	1190	1221
16	9	3	127	732	769
16	0	2	128	846	863
16	6	2	129	1006	1037
16	0	7	130	1038	1076
16	2	2	131	1131	1144
16	1	5	132	1183	1224
17	3	1	133	79	164
17	6	4	134	164	175
17	4	4	135	175	220
17	8	3	136	361	440
17	6	1	137	440	497
17	2	2	138	536	602
17	7	3	139	720	732
17	7	1	140	1009	1044
17	2	6	141	1156	1209
18	0	4	142	0	57
18	0	6	143	77	172
18	0	4	144	250	324
18	0	6	145	446	500
18	4	0	146	562	591
18	7	3	147	631	720
18	1	2	148	863	946
18	9	1	149	1194	1224
19	6	2	150	0	74
19	8	7	151	99	178
19	7	7	152	240	260
19	1	7	153	260	287
19	2	2	154	360	393
19	9	4	155	544	570
19	5	7	156	592	673
19	9	0	157	833	888
19	0	5	158	958	1035
19	8	2	159	1100	1131
20	6	1	160	325	382
20	2	2	161	393	479
20	1	5	162	535	622
20	1	0	163	722	779
20	5	7	164	784	866
20	6	5	165	1067	1090
20	3	4	166	1090	1116
20	2	7	167	1212	1221
21	8	1	168	650	710
21	4	6	169	783	865
21	3	4	170	1018	1036
21	0	7	171	1076	1114
21	9	5	172	1168	1183
22	5	3	173	331	361
22	4	6	174	500	536
22	6	6	175	652	708
22	9	4	176	793	818
22	0	5	177	939	958
22	9	0	178	972	1009
22	3	4	179	1036	1088
22	5	3	180	1088	1105
23	3	5	181	0	10
23	7	6	182	30	77
23	6	1	183	179	263
23	7	5	184	271	295
23	7	7	185	316	368
23	7	1	186	382	440
23	8	3	187	440	449
23	7	0	188	477	562
23	7	1	189	886	960
23	2	2	190	1037	1100
24	5	3	191	44	124
24	4	5	192	139	173
24	6	1	193	263	325
24	4	0	194	421	477
24	9	0	195	684	722
24	6	4	196	749	793
24	4	5	197	865	939
24	6	6	198	1102	1156
24	8	3	199	1212	1223


Solution History:
