This is the output of Heuristic Solver for Dual resource constrained flexible job shop Scheduling Problem.
Input file is: wfjsp9_3.txt
Number of Jobs: 15
Number of Operations: 139
Number of Machines: 5
Number of Operators: 5
CPU Time: 3600.06
obj: 1483
Best found lower bound:567
Solver gap (best found lower bound and upper bound difference): Not known


Final Solution:
Job	Machine	Operator	Operation	Start Time	Finish Time
0	1	3	0	175	249
0	4	4	1	281	294
0	1	3	2	349	366
0	1	3	3	366	455
0	3	1	4	481	560
0	3	1	5	693	766
0	1	4	6	816	893
0	3	1	7	916	953
0	3	1	8	1276	1382
1	4	4	9	0	14
1	0	0	10	139	205
1	0	0	11	454	548
1	3	1	12	661	680
1	3	3	13	766	866
1	2	2	14	931	1028
1	1	3	15	1059	1088
1	4	3	16	1428	1480
2	1	3	17	84	103
2	4	4	18	211	281
2	2	2	19	346	358
2	3	1	20	403	429
2	3	1	21	429	481
2	2	2	22	515	612
2	2	2	23	685	752
2	2	2	24	901	931
2	0	0	25	1097	1179
2	2	2	26	1268	1369
3	0	0	27	205	218
3	4	4	28	419	452
3	4	4	29	452	550
3	0	0	30	706	742
3	2	2	31	752	779
3	0	0	32	780	849
3	4	3	33	869	930
3	4	4	34	1189	1256
4	3	1	35	44	152
4	0	0	36	218	310
4	1	3	37	695	712
4	1	4	38	760	787
4	0	0	39	849	930
4	3	1	40	1064	1079
4	1	3	41	1088	1112
4	1	3	42	1184	1243
4	4	4	43	1256	1291
4	3	1	44	1382	1430
5	2	2	45	0	98
5	3	1	46	188	262
5	1	3	47	617	695
5	4	3	48	749	766
5	3	1	49	900	916
5	3	1	50	953	1003
5	3	1	51	1079	1151
5	4	4	52	1153	1189
5	4	3	53	1405	1428
5	3	1	54	1430	1483
6	0	1	55	0	26
6	1	3	56	51	84
6	2	2	57	166	242
6	3	1	58	262	341
6	2	2	59	358	456
6	4	4	60	651	749
6	4	1	61	857	869
6	2	2	62	1141	1204
6	4	4	63	1291	1388
7	2	2	64	98	136
7	2	2	65	136	166
7	4	4	66	294	355
7	0	0	67	548	585
7	3	1	68	589	661
7	1	4	69	749	760
7	4	1	70	766	857
7	1	3	71	968	1031
7	1	3	72	1031	1059
7	2	2	73	1402	1479
8	1	3	74	455	484
8	1	3	75	561	617
8	1	3	76	735	749
8	3	1	77	869	900
8	0	0	78	930	945
8	2	2	79	1028	1105
8	1	3	80	1112	1184
8	1	3	81	1243	1292
8	4	4	82	1388	1405
9	4	4	83	14	48
9	3	1	84	341	356
9	0	0	85	585	669
9	1	4	86	893	931
9	2	2	87	1105	1141
9	3	1	88	1151	1172
9	2	2	89	1369	1402
9	0	0	90	1422	1483
10	3	0	91	0	43
10	4	4	92	48	76
10	4	4	93	76	106
10	4	4	94	106	148
10	1	3	95	484	561
10	0	0	96	981	1021
10	0	0	97	1021	1097
10	3	1	98	1172	1276
10	1	3	99	1328	1400
11	1	3	100	0	51
11	3	1	101	152	188
11	1	3	102	249	349
11	0	0	103	376	454
11	4	4	104	616	651
11	3	1	105	680	693
11	2	2	106	779	849
11	0	0	107	945	981
11	4	4	108	1083	1153
11	0	0	109	1244	1340
12	0	0	110	44	139
12	2	2	111	242	346
12	3	1	112	356	403
12	2	2	113	480	515
12	1	3	114	712	735
12	0	0	115	742	780
12	1	3	116	931	968
12	4	4	117	1000	1011
12	4	4	118	1011	1083
12	0	0	119	1340	1422
13	0	1	120	26	44
13	4	4	121	148	211
13	0	0	122	336	376
13	3	1	123	560	589
13	2	2	124	612	685
13	2	2	125	849	901
13	3	1	126	1003	1064
13	0	0	127	1179	1244
13	1	4	128	1405	1479
14	1	3	129	103	175
14	0	0	130	310	336
14	4	4	131	355	419
14	2	2	132	456	480
14	4	4	133	550	616
14	0	0	134	669	706
14	1	4	135	787	816
14	4	4	136	931	1000
14	2	2	137	1204	1268
14	1	3	138	1292	1328


Solution History:
