This is the output of Heuristic Solver for Dual resource constrained flexible job shop Scheduling Problem.
Input file is: wfjsp16_1.txt
Number of Jobs: 40
Number of Operations: 291
Number of Machines: 15
Number of Operators: 15
CPU Time: 3600.66
obj: 995
Best found lower bound:528
Solver gap (best found lower bound and upper bound difference): Not known


Final Solution:
Job	Machine	Operator	Operation	Start Time	Finish Time
0	11	0	0	148	214
0	4	14	1	279	300
0	7	3	2	342	394
0	4	14	3	434	527
0	9	12	4	858	934
1	13	9	5	202	260
1	10	8	6	279	354
1	4	14	7	527	564
1	12	12	8	622	658
1	7	3	9	662	698
1	1	7	10	820	828
1	2	5	11	843	861
1	1	7	12	900	914
1	4	4	13	939	986
2	10	10	14	15	86
2	0	3	15	163	212
2	7	3	16	394	419
2	8	13	17	477	486
2	13	2	18	539	591
2	8	6	19	670	710
2	3	11	20	757	841
3	3	11	21	154	241
3	6	0	22	345	391
3	5	1	23	570	651
3	14	0	24	807	821
3	3	11	25	882	919
3	7	5	26	969	995
4	0	3	27	0	21
4	14	6	28	57	114
4	3	11	29	241	321
4	12	12	30	399	437
4	10	8	31	640	701
4	4	4	32	705	806
4	13	9	33	846	890
5	12	12	34	0	14
5	6	5	35	75	125
5	6	5	36	125	153
5	1	7	37	219	252
5	0	5	38	257	333
5	8	13	39	340	394
5	12	13	40	658	695
5	0	14	41	767	855
5	1	3	42	914	941
6	5	1	43	44	116
6	10	8	44	354	365
6	2	4	45	402	414
6	8	6	46	510	582
6	14	4	47	591	603
6	1	5	48	733	741
6	8	6	49	746	782
6	8	6	50	823	910
7	1	7	51	134	149
7	1	7	52	378	433
7	13	9	53	608	666
7	1	7	54	780	820
7	11	2	55	874	915
8	0	3	56	69	163
8	14	6	57	207	243
8	9	10	58	479	562
8	11	2	59	628	703
8	6	1	60	736	765
8	7	3	61	805	860
9	14	6	62	0	17
9	14	6	63	17	57
9	5	1	64	116	215
9	14	6	65	243	276
9	1	7	66	291	309
9	3	11	67	428	473
9	1	7	68	580	638
9	10	8	69	701	772
9	13	9	70	890	927
10	5	1	71	14	44
10	8	10	72	86	122
10	13	9	73	167	202
10	10	8	74	234	270
10	0	5	75	492	540
10	3	11	76	551	639
10	4	4	77	864	939
11	3	11	78	321	399
11	10	8	79	460	555
11	0	4	80	624	705
11	6	1	81	765	806
11	10	0	82	831	848
11	10	8	83	869	889
11	3	7	84	919	927
12	7	3	85	257	342
12	6	0	86	391	436
12	13	9	87	461	490
12	13	9	88	490	505
12	3	11	89	639	676
12	9	12	90	695	754
12	4	4	91	825	838
12	7	5	92	913	969
13	8	2	93	0	76
13	9	12	94	97	120
13	3	11	95	132	154
13	10	8	96	176	234
13	10	14	97	270	279
13	11	2	98	429	531
13	0	5	99	540	624
13	14	0	100	753	807
13	14	8	101	916	955
14	4	14	102	139	228
14	1	7	103	433	505
14	13	9	104	505	539
14	14	0	105	623	679
14	4	4	106	806	825
14	7	3	107	860	908
14	9	12	108	934	947
15	11	7	109	0	78
15	1	7	110	78	134
15	9	12	111	139	215
15	12	2	112	230	258
15	14	6	113	276	296
15	4	14	114	300	383
15	8	13	115	486	507
15	10	8	116	555	640
15	0	14	117	898	991
16	4	1	118	0	14
16	11	0	119	78	103
16	9	12	120	120	139
16	6	5	121	153	252
16	12	12	122	258	319
16	6	0	123	436	517
16	2	9	124	548	608
16	6	1	125	651	692
16	8	6	126	710	746
16	6	1	127	860	895
17	2	4	128	271	297
17	10	8	129	365	460
17	1	7	130	757	780
17	7	3	131	781	805
17	14	8	132	831	869
18	10	10	133	0	15
18	0	3	134	21	69
18	12	2	135	76	154
18	12	2	136	154	212
18	7	12	137	215	257
18	5	1	138	396	506
18	5	1	139	530	570
18	4	14	140	617	701
18	7	3	141	701	781
18	5	9	142	956	995
19	6	5	143	0	75
19	2	13	144	79	160
19	7	4	145	161	215
19	11	2	146	265	305
19	7	3	147	419	484
19	12	13	148	543	621
19	1	7	149	828	900
20	5	1	150	215	254
20	9	10	151	419	479
20	6	0	152	565	623
20	12	13	153	695	750
20	14	0	154	869	916
21	13	9	155	129	167
21	9	10	156	359	397
21	5	10	157	651	727
21	8	6	158	782	823
21	12	13	159	878	941
22	5	1	160	254	330
22	1	7	161	646	732
22	5	10	162	762	791
22	5	10	163	791	809
22	2	5	164	861	913
23	1	7	165	203	219
23	8	13	166	246	263
23	5	1	167	330	396
23	11	12	168	531	569
23	10	0	169	848	869
23	2	2	170	915	992
24	9	12	171	14	97
24	1	7	172	252	270
24	13	9	173	334	389
24	13	9	174	389	461
24	9	10	175	562	650
24	9	12	176	658	695
24	12	13	177	826	864
24	13	13	178	945	984
25	13	9	179	0	37
25	10	8	180	86	176
25	11	0	181	214	265
25	6	0	182	265	345
25	14	6	183	389	418
25	0	5	184	418	492
25	2	5	185	741	843
25	8	6	186	910	945
25	12	6	187	945	963
26	12	0	188	14	76
26	4	14	189	99	139
26	11	2	190	305	405
26	14	4	191	548	591
26	6	13	192	623	643
26	6	1	193	692	736
26	5	10	194	889	956
27	14	6	195	114	207
27	1	7	196	352	360
27	3	11	197	473	551
27	2	5	198	628	687
27	10	8	199	772	831
27	0	14	200	855	898
28	13	9	201	260	334
28	2	4	202	414	470
28	3	11	203	676	735
28	4	4	204	838	864
28	11	11	205	919	994
29	7	4	206	35	65
29	3	11	207	75	132
29	1	7	208	270	291
29	12	12	209	319	377
29	11	2	210	405	429
29	1	7	211	505	580
29	11	12	212	603	622
29	5	10	213	809	889
29	10	8	214	889	911
30	1	8	215	0	78
30	12	2	216	212	230
30	9	10	217	299	359
30	2	4	218	359	402
30	8	6	219	582	670
30	11	2	220	740	794
30	9	12	221	947	992
31	2	13	222	0	79
31	13	9	223	97	129
31	1	7	224	149	203
31	14	6	225	418	510
31	13	9	226	747	772
31	13	9	227	772	846
31	1	3	228	941	991
32	8	13	229	263	321
32	8	13	230	321	340
32	7	3	231	484	576
32	5	10	232	727	762
32	6	1	233	806	860
32	8	6	234	963	994
33	4	14	235	14	99
33	0	3	236	212	257
33	12	12	237	377	399
33	4	14	238	564	617
33	13	9	239	666	747
33	9	12	240	754	858
34	9	14	241	0	9
34	2	4	242	218	271
34	9	10	243	274	299
34	3	11	244	399	428
34	2	4	245	470	548
34	2	2	246	608	628
34	2	5	247	687	733
34	14	11	248	740	753
34	3	7	249	927	986
35	3	11	250	0	75
35	2	13	251	160	218
35	9	10	252	220	274
35	0	5	253	333	411
35	6	0	254	517	565
35	11	2	255	794	874
35	14	8	256	955	995
36	5	0	257	0	14
36	11	0	258	103	148
36	8	13	259	220	246
36	8	13	260	394	477
36	0	14	261	705	767
36	12	13	262	864	878
36	10	0	263	916	995
37	7	4	264	65	137
37	7	4	265	137	161
37	2	4	266	297	334
37	2	4	267	334	359
37	1	7	268	360	378
37	12	13	269	507	543
37	7	3	270	576	662
37	3	7	271	735	757
37	3	11	272	841	882
37	12	10	273	963	987
38	7	4	274	0	35
38	13	9	275	37	97
38	8	10	276	122	220
38	4	14	277	228	270
38	14	6	278	296	389
38	9	10	279	397	419
38	12	12	280	437	504
38	11	12	281	569	603
38	14	0	282	679	740
38	6	1	283	895	973
39	1	7	284	309	352
39	4	14	285	383	434
39	5	12	286	506	530
39	1	7	287	638	646
39	11	2	288	703	740
39	12	13	289	750	826
39	13	9	290	927	945


Solution History:
