This is the output of Heuristic Solver for Dual resource constrained flexible job shop Scheduling Problem.
Input file is: wfjsp22_10.txt
Number of Jobs: 30
Number of Operations: 235
Number of Machines: 15
Number of Operators: 12
CPU Time: 3600.18
obj: 1084
Best found lower bound:604
Solver gap (best found lower bound and upper bound difference): Not known


Final Solution:
Job	Machine	Operator	Operation	Start Time	Finish Time
0	0	5	0	0	77
0	12	8	1	214	293
0	4	9	2	325	389
0	11	8	3	535	615
0	5	1	4	664	723
0	8	7	5	728	755
0	13	10	6	854	890
0	14	5	7	1037	1082
1	6	9	8	0	79
1	11	0	9	92	117
1	2	0	10	117	161
1	10	8	11	184	214
1	6	6	12	451	530
1	13	6	13	602	687
1	6	4	14	837	899
1	11	0	15	907	989
2	3	3	16	0	87
2	3	10	17	348	361
2	1	10	18	361	369
2	3	7	19	399	444
2	7	10	20	530	602
2	4	9	21	648	725
2	10	5	22	897	945
2	11	4	23	1014	1084
3	12	8	24	293	334
3	11	0	25	450	473
3	10	11	26	725	768
3	10	6	27	802	819
3	1	9	28	928	1012
4	3	7	29	371	399
4	0	4	30	399	481
4	5	1	31	583	664
4	14	6	32	734	802
4	8	11	33	864	901
4	13	3	34	940	996
5	13	0	35	245	332
5	12	0	36	334	349
5	8	0	37	349	373
5	0	4	38	380	399
5	12	3	39	456	504
5	3	7	40	576	606
5	6	0	41	682	772
5	1	3	42	1017	1080
6	7	10	43	447	530
6	1	11	44	849	864
6	12	2	45	874	890
6	3	2	46	890	961
6	3	2	47	961	1007
6	10	0	48	1066	1081
7	5	11	49	494	582
7	12	3	50	655	747
7	10	5	51	776	802
7	7	1	52	850	924
7	3	2	53	1007	1016
8	13	10	54	0	73
8	11	2	55	119	202
8	9	2	56	212	233
8	9	8	57	334	398
8	13	8	58	500	535
8	3	5	59	535	543
8	14	7	60	606	693
8	5	1	61	723	768
8	0	6	62	875	960
9	3	10	63	152	227
9	5	11	64	321	410
9	12	3	65	504	589
9	6	0	66	632	682
9	0	4	67	761	812
9	14	6	68	819	834
9	9	0	69	862	888
9	11	0	70	888	907
9	9	3	71	996	1017
10	14	1	72	349	395
10	11	5	73	726	776
10	5	3	74	776	796
10	10	5	75	819	897
10	14	10	76	983	1027
11	10	8	77	143	184
11	9	2	78	233	273
11	11	5	79	356	450
11	3	5	80	495	530
11	1	9	81	587	618
11	6	4	82	812	837
11	14	9	83	869	879
11	9	10	84	890	970
11	6	6	85	1039	1073
12	1	8	86	398	434
12	14	1	87	515	583
12	3	10	88	682	760
12	1	5	89	802	819
12	6	6	90	960	1039
13	2	7	91	0	65
13	9	1	92	72	106
13	9	1	93	106	123
13	9	1	94	123	212
13	8	1	95	212	261
13	6	1	96	261	349
13	8	0	97	473	560
13	0	4	98	658	723
13	4	9	99	725	804
13	12	1	100	987	1069
14	10	2	101	33	119
14	5	11	102	232	321
14	6	6	103	355	451
14	10	2	104	544	590
14	4	9	105	618	648
14	7	6	106	687	734
14	5	8	107	894	967
14	0	1	108	1069	1084
15	13	5	109	77	165
15	6	5	110	165	176
15	11	2	111	273	343
15	13	8	112	434	500
15	7	10	113	602	646
15	12	0	114	772	862
15	0	0	115	989	1066
16	1	11	116	0	77
16	5	11	117	150	232
16	0	4	118	312	380
16	5	11	119	410	494
16	0	4	120	527	562
16	14	7	121	693	728
16	2	7	122	755	850
16	0	1	123	960	987
17	6	5	124	565	632
17	2	10	125	664	682
17	12	3	126	747	769
17	0	6	127	834	875
17	14	1	128	924	957
17	8	4	129	964	988
17	5	8	130	1046	1084
18	7	4	131	0	49
18	2	7	132	65	87
18	8	7	133	87	171
18	2	7	134	288	297
18	7	7	135	297	371
18	14	1	136	427	443
18	1	2	137	481	544
18	13	2	138	701	788
18	14	10	139	834	854
18	13	9	140	1012	1082
19	12	8	141	71	143
19	12	0	142	161	211
19	3	10	143	227	313
19	12	3	144	589	655
19	9	10	145	760	833
19	12	10	146	970	983
19	8	11	147	1004	1084
20	12	8	148	0	71
20	14	3	149	87	176
20	6	5	150	176	221
20	14	5	151	222	237
20	3	10	152	313	348
20	2	10	153	369	447
20	4	6	154	530	602
20	8	11	155	605	690
20	10	5	156	945	1037
21	2	7	157	171	259
21	9	4	158	275	312
21	10	5	159	322	356
21	8	0	160	373	447
21	11	5	161	632	726
21	5	8	162	865	894
21	12	4	163	899	964
22	11	6	164	0	80
22	4	6	165	80	129
22	4	6	166	129	205
22	4	6	167	205	276
22	8	6	168	276	310
22	2	6	169	310	355
22	14	5	170	450	495
22	10	2	171	612	701
22	7	1	172	768	850
22	3	2	173	1016	1082
23	10	2	174	0	33
23	0	4	175	84	176
23	7	4	176	176	226
23	9	9	177	481	574
23	13	9	178	574	587
23	1	8	179	706	772
23	3	8	180	772	785
23	4	9	181	804	869
23	4	9	182	908	928
23	9	10	183	1027	1078
24	4	1	184	0	72
24	6	9	185	79	158
24	1	9	186	158	246
24	14	9	187	246	325
24	12	3	188	349	414
24	12	3	189	414	456
24	2	5	190	543	565
24	0	4	191	565	658
24	5	8	192	812	865
24	8	11	193	901	960
25	1	11	194	77	150
25	13	0	195	211	245
25	10	9	196	389	481
25	11	4	197	481	527
25	8	11	198	690	725
25	11	3	199	796	887
25	14	3	200	887	923
25	13	3	201	923	940
25	7	4	202	988	1014
26	11	3	203	222	261
26	2	7	204	261	288
26	7	1	205	395	427
26	3	7	206	543	576
26	2	0	207	576	630
26	3	2	208	788	874
26	4	9	209	879	908
26	4	11	210	960	1004
27	7	10	211	73	152
27	0	5	212	237	299
27	10	5	213	299	322
27	9	2	214	400	481
27	10	2	215	590	612
27	1	8	216	618	706
27	13	8	217	788	812
27	4	7	218	1019	1083
28	14	0	219	0	20
28	8	4	220	49	84
28	1	3	221	261	349
28	4	1	222	443	515
28	8	11	223	582	605
28	7	10	224	646	664
28	0	4	225	723	761
28	8	11	226	768	849
28	5	8	227	967	1046
29	5	0	228	20	92
29	14	3	229	176	222
29	7	4	230	226	275
29	13	2	231	343	400
29	2	7	232	447	539
29	2	7	233	850	934
29	2	7	234	934	1019


Solution History:
