This is the output of Heuristic Solver for Dual resource constrained flexible job shop Scheduling Problem.
Input file is: wfjsp9_8.txt
Number of Jobs: 15
Number of Operations: 133
Number of Machines: 5
Number of Operators: 5
CPU Time: 3600
obj: 1386
Best found lower bound:639
Solver gap (best found lower bound and upper bound difference): Not known


Final Solution:
Job	Machine	Operator	Operation	Start Time	Finish Time
0	1	4	0	0	26
0	4	1	1	294	351
0	4	1	2	409	441
0	1	0	3	918	972
0	3	1	4	1114	1187
0	1	4	5	1213	1267
0	1	0	6	1267	1323
0	4	2	7	1374	1384
1	1	4	8	26	73
1	4	1	9	351	409
1	4	1	10	549	574
1	1	0	11	605	694
1	3	1	12	694	702
1	4	1	13	747	852
1	0	0	14	1054	1073
1	2	3	15	1073	1134
2	4	2	16	141	213
2	2	3	17	239	267
2	2	3	18	267	327
2	3	2	19	524	571
2	2	3	20	586	632
2	4	1	21	704	747
2	3	2	22	769	832
2	0	4	23	918	973
2	2	3	24	1010	1073
2	0	0	25	1154	1243
3	4	1	26	0	75
3	2	3	27	111	178
3	2	3	28	178	239
3	0	4	29	279	354
3	1	0	30	365	426
3	1	0	31	475	535
3	3	1	32	574	630
3	3	1	33	878	916
3	4	2	34	967	1056
3	2	3	35	1134	1221
4	0	4	36	73	98
4	0	4	37	354	378
4	2	3	38	419	486
4	2	3	39	501	511
4	2	3	40	662	728
4	4	1	41	852	878
4	1	4	42	1104	1113
4	1	4	43	1113	1160
4	4	2	44	1172	1214
4	3	3	45	1332	1384
5	2	3	46	22	111
5	1	0	47	535	578
5	4	2	48	657	704
5	2	3	49	728	788
5	3	1	50	976	1057
5	3	1	51	1187	1201
5	4	2	52	1214	1229
5	2	3	53	1285	1330
6	0	4	54	378	430
6	2	3	55	486	501
6	0	4	56	567	643
6	0	4	57	643	693
6	0	4	58	843	918
6	2	3	59	969	1010
6	0	0	60	1073	1154
6	3	1	61	1253	1308
6	3	1	62	1308	1332
7	2	3	63	0	22
7	1	0	64	694	743
7	0	4	65	771	843
7	3	2	66	864	878
7	0	0	67	1035	1054
7	1	4	68	1058	1104
7	3	1	69	1201	1253
7	0	4	70	1267	1319
7	0	4	71	1363	1381
8	3	2	72	294	357
8	1	0	73	426	475
8	1	0	74	578	605
8	2	3	75	632	662
8	0	4	76	693	717
8	1	0	77	860	918
8	1	4	78	1014	1058
8	0	0	79	1243	1266
9	3	2	80	0	74
9	0	4	81	98	122
9	0	4	82	122	182
9	3	1	83	236	294
9	2	3	84	327	407
9	4	1	85	441	531
9	2	3	86	543	586
9	3	2	87	704	769
9	4	2	88	1315	1374
10	0	0	89	0	72
10	3	1	90	123	178
10	1	0	91	213	288
10	1	0	92	288	365
10	3	2	93	459	524
10	4	1	94	531	549
10	3	1	95	630	692
10	0	4	96	717	771
10	4	2	97	878	967
10	2	1	98	1332	1386
11	4	2	99	75	141
11	3	1	100	178	236
11	3	2	101	357	459
11	1	0	102	779	860
11	0	0	103	973	1035
11	4	2	104	1056	1142
11	0	4	105	1319	1345
11	0	4	106	1345	1363
12	0	4	107	430	506
12	2	3	108	511	543
12	1	0	109	743	762
12	2	3	110	788	846
12	2	3	111	846	910
12	1	4	112	973	1014
12	3	1	113	1057	1114
12	1	4	114	1160	1213
13	1	0	115	73	163
13	1	0	116	163	213
13	4	2	117	213	294
13	2	3	118	407	419
13	0	4	119	506	567
13	4	2	120	574	589
13	4	2	121	589	657
13	3	1	122	916	976
13	4	2	123	1142	1172
13	4	2	124	1229	1315
14	3	1	125	75	123
14	0	4	126	182	232
14	0	4	127	232	279
14	1	0	128	762	779
14	3	2	129	832	864
14	2	3	130	910	969
14	2	3	131	1221	1285
14	1	0	132	1323	1382


Solution History:
