This is the output of Heuristic Solver for Dual resource constrained flexible job shop Scheduling Problem.
Input file is: wfjsp15_7.txt
Number of Jobs: 30
Number of Operations: 386
Number of Machines: 15
Number of Operators: 15
CPU Time: 3600.5
obj: 1328
Best found lower bound:852
Solver gap (best found lower bound and upper bound difference): Not known


Final Solution:
Job	Machine	Operator	Operation	Start Time	Finish Time
0	6	4	0	16	96
0	7	9	1	111	125
0	2	3	2	147	189
0	12	11	3	249	359
0	0	7	4	409	434
0	14	1	5	465	501
0	3	6	6	605	638
0	7	9	7	648	686
0	0	7	8	693	704
0	7	9	9	768	804
0	10	2	10	916	998
0	11	12	11	1037	1102
0	9	1	12	1215	1303
1	7	9	13	0	51
1	12	11	14	51	94
1	7	9	15	125	143
1	14	12	16	149	219
1	1	10	17	220	310
1	9	12	18	311	379
1	1	10	19	431	521
1	14	1	20	648	716
1	14	1	21	716	745
1	14	1	22	745	755
1	14	12	23	859	945
1	1	10	24	971	981
1	7	9	25	1013	1074
1	2	4	26	1103	1118
1	4	6	27	1132	1206
2	14	12	28	0	56
2	11	5	29	57	87
2	6	4	30	96	175
2	13	8	31	177	256
2	4	2	32	274	357
2	7	9	33	361	373
2	7	9	34	373	450
2	0	7	35	502	598
2	0	7	36	598	624
2	3	6	37	638	658
2	8	14	38	661	703
2	1	10	39	747	835
2	11	5	40	914	997
2	14	0	41	1061	1141
2	5	7	42	1182	1263
3	3	6	43	185	221
3	14	12	44	245	273
3	5	13	45	408	444
3	2	4	46	547	627
3	11	5	47	712	779
3	11	5	48	845	914
3	5	7	49	979	1031
3	4	6	50	1033	1054
3	12	11	51	1093	1126
3	12	11	52	1126	1192
4	8	14	53	0	27
4	8	14	54	27	41
4	3	6	55	64	111
4	9	0	56	147	209
4	10	7	57	227	265
4	5	13	58	309	347
4	3	6	59	351	370
4	14	1	60	371	395
4	9	12	61	401	437
4	3	6	62	462	515
4	7	9	63	523	590
4	5	13	64	726	812
4	9	1	65	863	921
4	0	5	66	1072	1154
4	3	3	67	1238	1327
5	2	3	68	77	147
5	6	4	69	175	249
5	5	13	70	347	369
5	13	8	71	445	496
5	11	5	72	615	676
5	9	1	73	786	863
5	8	14	74	877	932
5	14	12	75	945	969
5	3	3	76	1009	1049
5	8	14	77	1159	1242
5	6	13	78	1290	1326
6	14	12	79	56	89
6	3	6	80	241	321
6	3	6	81	321	335
6	3	6	82	335	351
6	12	11	83	416	474
6	7	9	84	475	497
6	12	11	85	530	556
6	10	0	86	656	715
6	4	6	87	800	860
6	6	13	88	877	937
6	6	13	89	937	948
6	5	7	90	1083	1156
6	5	7	91	1156	1182
6	13	8	92	1288	1325
7	6	4	93	0	16
7	3	6	94	24	64
7	0	1	95	86	169
7	14	12	96	219	229
7	7	9	97	238	289
7	3	6	98	370	388
7	11	5	99	513	582
7	1	10	100	663	747
7	12	11	101	756	782
7	3	3	102	916	1009
7	5	7	103	1031	1083
7	10	2	104	1127	1159
7	14	12	105	1263	1328
8	13	8	106	81	125
8	7	9	107	143	179
8	1	10	108	349	414
8	3	6	109	429	462
8	4	2	110	544	578
8	8	14	111	596	612
8	2	8	112	627	653
8	0	7	113	704	748
8	14	12	114	786	859
8	5	7	115	933	979
8	6	13	116	1129	1203
8	6	13	117	1203	1219
8	14	0	118	1220	1262
9	9	0	119	28	67
9	1	10	120	188	220
9	9	12	121	437	519
9	6	3	122	549	589
9	6	3	123	663	748
9	1	10	124	835	929
9	2	4	125	1021	1103
9	8	14	126	1122	1159
9	13	8	127	1160	1202
9	4	6	128	1232	1252
10	11	5	129	319	350
10	5	13	130	369	408
10	4	2	131	420	433
10	12	11	132	474	530
10	2	8	133	653	738
10	2	8	134	738	750
10	10	3	135	814	859
10	4	6	136	959	1033
10	13	8	137	1102	1160
10	4	6	138	1252	1327
11	12	11	139	0	12
11	12	11	140	12	51
11	10	7	141	55	106
11	1	10	142	126	188
11	5	13	143	215	309
11	10	0	144	313	395
11	11	5	145	411	473
11	11	5	146	473	499
11	12	11	147	556	652
11	2	4	148	750	830
11	8	14	149	841	877
11	1	10	150	981	1072
11	7	9	151	1158	1230
11	12	11	152	1261	1281
11	0	11	153	1282	1311
12	9	0	154	0	28
12	7	9	155	51	77
12	3	6	156	111	185
12	2	3	157	189	235
12	2	3	158	235	317
12	6	3	159	317	352
12	6	3	160	352	420
12	5	13	161	471	554
12	5	13	162	554	628
12	6	3	163	748	812
12	0	0	164	941	1035
12	6	13	165	1039	1066
12	10	2	166	1066	1097
12	1	10	167	1136	1144
12	12	11	168	1192	1261
13	0	7	169	280	373
13	1	10	170	414	431
13	4	2	171	433	473
13	11	5	172	499	513
13	8	14	173	515	554
13	8	14	174	554	596
13	0	7	175	624	680
13	5	13	176	688	715
13	12	11	177	731	756
13	8	14	178	796	841
13	2	4	179	896	948
13	7	9	180	972	993
13	8	14	181	1016	1029
13	7	9	182	1074	1118
13	14	0	183	1141	1220
14	3	6	184	0	24
14	13	8	185	125	177
14	6	4	186	249	301
14	10	0	187	301	313
14	9	12	188	519	614
14	9	12	189	700	786
14	2	4	190	830	896
14	6	13	191	948	1039
14	7	9	192	1118	1158
14	6	13	193	1219	1290
15	0	1	194	0	58
15	5	13	195	110	149
15	7	9	196	179	216
15	11	5	197	240	319
15	14	1	198	395	454
15	14	1	199	454	465
15	1	10	200	580	663
15	13	4	201	664	714
15	8	14	202	735	757
15	12	11	203	823	887
15	8	14	204	932	1016
15	0	5	205	1037	1072
15	13	8	206	1202	1288
16	6	3	207	510	549
16	10	0	208	559	572
16	12	11	209	652	695
16	12	11	210	695	703
16	8	14	211	703	720
16	10	3	212	859	916
16	9	1	213	921	954
16	9	1	214	954	1026
16	3	3	215	1136	1179
16	4	6	216	1206	1232
16	7	10	217	1307	1323
17	2	3	218	0	77
17	12	11	219	94	178
17	12	11	220	178	249
17	13	8	221	256	337
17	11	5	222	350	411
17	10	0	223	421	514
17	10	0	224	514	559
17	4	2	225	578	642
17	4	2	226	642	699
17	4	2	227	699	790
17	3	2	228	800	877
17	3	2	229	877	916
17	8	14	230	1029	1122
17	7	9	231	1230	1307
18	5	13	232	0	110
18	4	2	233	110	191
18	4	2	234	191	274
18	14	1	235	286	302
18	2	4	236	393	458
18	10	0	237	572	656
18	3	6	238	709	762
18	12	11	239	887	997
18	11	5	240	997	1006
18	11	5	241	1006	1037
18	10	2	242	1053	1066
18	10	2	243	1097	1127
18	2	4	244	1221	1297
19	13	8	245	0	81
19	8	14	246	97	184
19	9	0	247	209	251
19	1	10	248	310	349
19	12	11	249	359	416
19	6	3	250	432	510
19	1	10	251	521	580
19	13	4	252	627	664
19	0	7	253	680	693
19	13	4	254	714	750
19	12	11	255	782	823
19	13	8	256	824	863
19	7	9	257	882	897
19	12	11	258	997	1093
19	10	2	259	1159	1233
20	4	2	260	0	43
20	7	9	261	77	111
20	11	5	262	161	240
20	13	8	263	337	430
20	13	8	264	430	445
20	7	9	265	450	475
20	3	6	266	568	605
20	7	9	267	611	648
20	7	9	268	804	882
20	7	9	269	897	972
20	13	8	270	1027	1102
20	11	12	271	1175	1263
20	11	10	272	1293	1305
21	1	10	273	64	126
21	8	14	274	335	426
21	2	4	275	458	524
21	2	4	276	524	547
21	11	5	277	582	615
21	0	7	278	748	840
21	2	4	279	948	1021
21	9	1	280	1026	1067
21	1	10	281	1072	1136
21	2	4	282	1170	1221
22	10	7	283	0	55
22	9	0	284	67	147
22	0	1	285	169	194
22	0	1	286	194	280
22	9	12	287	288	311
22	4	2	288	357	420
22	13	8	289	496	568
22	7	9	290	686	768
22	4	2	291	790	800
22	13	8	292	863	948
22	4	6	293	1054	1132
22	1	10	294	1144	1217
22	1	10	295	1217	1231
23	11	5	296	0	57
23	10	7	297	146	227
23	14	12	298	229	245
23	14	12	299	273	286
23	0	7	300	434	502
23	14	1	301	586	648
23	11	5	302	676	712
23	8	14	303	720	735
23	6	13	304	812	877
23	1	10	305	929	971
23	7	9	306	993	1013
23	14	0	307	1035	1061
23	9	1	308	1067	1082
23	2	4	309	1118	1155
23	1	0	310	1269	1327
24	4	2	311	43	53
24	0	1	312	58	86
24	10	7	313	106	146
24	5	13	314	149	215
24	7	9	315	216	238
24	7	9	316	289	361
24	3	6	317	388	429
24	7	9	318	497	523
24	9	12	319	614	700
24	3	6	320	762	800
24	0	0	321	840	881
24	14	12	322	969	1035
24	9	1	323	1082	1143
24	8	14	324	1242	1318
25	8	14	325	41	97
25	3	6	326	221	241
25	14	1	327	302	371
25	4	2	328	473	517
25	6	3	329	589	663
25	12	11	330	703	731
25	13	8	331	750	824
25	13	8	332	948	1027
25	11	12	333	1102	1175
25	5	7	334	1263	1323
26	4	2	335	53	110
26	8	14	336	426	446
26	3	6	337	515	568
26	14	1	338	572	586
26	7	9	339	590	611
26	5	13	340	628	688
26	8	14	341	757	796
26	5	7	342	891	933
26	3	3	343	1049	1136
26	10	2	344	1233	1317
27	14	12	345	89	149
27	8	14	346	247	335
27	0	7	347	373	409
27	6	3	348	420	432
27	8	14	349	446	515
27	4	2	350	517	544
27	10	0	351	715	814
27	4	6	352	860	936
27	4	6	353	936	959
27	6	13	354	1066	1129
27	2	4	355	1155	1170
27	3	3	356	1179	1207
27	3	3	357	1207	1238
27	11	10	358	1269	1293
27	9	1	359	1303	1320
28	1	10	360	0	64
28	11	5	361	87	161
28	8	14	362	184	247
28	9	0	363	251	288
28	6	4	364	301	317
28	2	4	365	317	393
28	10	0	366	395	421
28	14	1	367	501	572
28	8	14	368	612	661
28	11	5	369	779	845
28	0	0	370	881	941
28	10	2	371	998	1044
28	10	2	372	1044	1053
28	9	1	373	1143	1215
28	1	10	374	1231	1269
29	9	12	375	379	401
29	5	13	376	444	460
29	5	13	377	460	471
29	13	8	378	568	627
29	3	6	379	658	709
29	5	13	380	715	726
29	14	1	381	755	786
29	5	7	382	840	891
29	0	5	383	1154	1245
29	0	5	384	1245	1282
29	12	5	385	1282	1327


Solution History:
