This is the output of Heuristic Solver for Dual resource constrained flexible job shop Scheduling Problem.
Input file is: wfjsp7_8.txt
Number of Jobs: 12
Number of Operations: 89
Number of Machines: 5
Number of Operators: 5
CPU Time: 3600.05
obj: 882
Best found lower bound:587
Solver gap (best found lower bound and upper bound difference): Not known


Final Solution:
Job	Machine	Operator	Operation	Start Time	Finish Time
0	1	0	0	350	374
0	4	4	1	385	448
0	4	4	2	516	549
0	1	0	3	707	761
0	2	3	4	763	833
1	2	3	5	0	61
1	1	0	6	146	202
1	1	0	7	229	241
1	1	0	8	241	292
1	1	0	9	374	429
1	4	1	10	593	618
1	3	2	11	666	753
1	0	1	12	874	882
2	3	2	13	45	133
2	0	1	14	181	199
2	1	0	15	292	350
2	2	3	16	437	506
2	4	1	17	654	680
2	4	1	18	680	736
2	4	4	19	796	841
3	3	2	20	0	45
3	4	4	21	48	89
3	3	2	22	133	196
3	4	4	23	226	277
3	2	3	24	297	360
3	0	1	25	369	457
3	0	1	26	457	526
3	0	1	27	526	593
3	2	3	28	702	763
3	0	1	29	806	874
4	1	0	30	25	86
4	1	0	31	86	146
4	3	2	32	196	257
4	3	2	33	416	451
4	3	2	34	451	541
4	2	3	35	615	702
4	0	4	36	707	732
5	0	1	37	199	224
5	2	3	38	360	427
5	2	3	39	427	437
5	2	3	40	549	615
5	4	1	41	618	644
5	4	1	42	644	654
5	1	0	43	761	810
5	4	4	44	841	882
6	4	4	45	0	48
6	4	4	46	89	186
6	4	4	47	186	226
6	4	4	48	277	323
6	4	4	49	323	385
6	1	0	50	512	584
7	3	2	51	357	370
7	4	4	52	499	516
7	1	0	53	584	631
7	1	0	54	653	707
7	3	2	55	753	770
7	1	0	56	810	882
8	0	1	57	0	57
8	2	3	58	61	124
8	0	1	59	224	267
8	0	1	60	267	351
8	3	2	61	541	601
8	1	0	62	631	653
8	0	4	63	670	689
8	3	2	64	833	880
9	0	1	65	116	181
9	3	2	66	257	271
9	0	1	67	351	369
9	3	2	68	370	416
9	4	4	69	448	499
9	0	4	70	593	645
9	0	4	71	689	707
9	3	2	72	770	833
9	2	3	73	833	880
10	1	0	74	202	229
10	2	3	75	267	297
10	1	0	76	429	454
10	1	0	77	454	512
10	4	4	78	549	592
10	0	4	79	645	670
10	0	1	80	736	806
11	1	0	81	0	25
11	0	1	82	57	116
11	2	3	83	124	187
11	2	3	84	187	267
11	3	2	85	271	357
11	2	3	86	506	549
11	3	2	87	601	666
11	4	4	88	736	796


Solution History:
