This is the output of Heuristic Solver for Dual resource constrained flexible job shop Scheduling Problem.
Input file is: wfjsp23_3.txt
Number of Jobs: 30
Number of Operations: 385
Number of Machines: 15
Number of Operators: 12
CPU Time: 3600.38
obj: 1657
Best found lower bound:817
Solver gap (best found lower bound and upper bound difference): Not known


Final Solution:
Job	Machine	Operator	Operation	Start Time	Finish Time
0	10	4	0	0	61
0	7	9	1	61	74
0	13	9	2	74	88
0	5	7	3	88	171
0	5	7	4	171	243
0	6	0	5	327	394
0	4	6	6	473	554
0	10	2	7	625	657
0	8	4	8	763	861
0	6	4	9	986	999
0	2	10	10	1036	1100
0	14	9	11	1154	1244
0	5	9	12	1403	1420
0	5	3	13	1466	1566
1	3	6	14	72	160
1	3	6	15	160	191
1	14	11	16	266	328
1	14	5	17	364	378
1	5	11	18	393	460
1	7	9	19	490	500
1	6	0	20	611	638
1	5	0	21	676	736
1	0	8	22	796	879
1	11	8	23	1066	1126
1	1	0	24	1177	1205
1	2	7	25	1263	1334
1	4	11	26	1464	1558
2	4	8	27	0	9
2	14	11	28	9	37
2	4	2	29	37	145
2	11	1	30	223	258
2	6	2	31	292	321
2	4	10	32	370	434
2	8	7	33	514	583
2	4	11	34	647	711
2	3	0	35	869	966
2	6	7	36	1077	1160
2	6	4	37	1264	1278
2	13	7	38	1334	1365
2	4	11	39	1393	1464
2	4	0	40	1615	1631
2	4	2	41	1631	1656
3	13	5	42	189	244
3	3	2	43	256	292
3	3	1	44	333	388
3	1	5	45	443	541
3	10	1	46	672	739
3	11	6	47	859	944
3	8	2	48	1042	1059
3	12	4	49	1060	1074
3	7	5	50	1124	1174
3	11	10	51	1240	1307
3	14	5	52	1439	1468
3	3	6	53	1468	1491
3	2	2	54	1569	1622
4	9	2	55	0	25
4	7	10	56	25	53
4	8	8	57	53	118
4	12	5	58	118	189
4	1	3	59	199	297
4	13	3	60	393	491
4	9	9	61	548	556
4	14	9	62	630	694
4	10	9	63	809	906
4	1	3	64	1058	1096
4	11	0	65	1147	1177
4	3	2	66	1218	1279
4	6	0	67	1411	1448
4	2	1	68	1466	1557
4	8	5	69	1645	1654
5	0	8	70	188	274
5	10	4	71	291	354
5	14	5	72	378	405
5	10	4	73	440	510
5	6	3	74	584	611
5	11	0	75	736	794
5	10	9	76	906	917
5	1	3	77	926	959
5	9	9	78	962	973
5	10	9	79	1002	1068
5	12	1	80	1219	1299
5	12	10	81	1387	1442
5	12	5	82	1503	1517
5	14	9	83	1592	1624
5	12	8	84	1646	1657
6	1	3	85	122	199
6	5	7	86	243	287
6	3	3	87	297	330
6	2	6	88	376	400
6	12	9	89	402	433
6	7	9	90	500	548
6	3	1	91	620	672
6	12	6	92	803	829
6	12	6	93	829	859
6	7	11	94	932	973
6	14	1	95	986	1063
6	5	7	96	1160	1193
6	9	5	97	1243	1331
6	1	8	98	1473	1570
7	0	3	99	0	72
7	11	1	100	102	162
7	2	5	101	256	289
7	2	7	102	289	371
7	9	11	103	460	531
7	11	6	104	695	726
7	3	3	105	729	739
7	9	2	106	803	869
7	0	2	107	946	982
7	8	5	108	1059	1124
7	1	0	109	1205	1301
7	6	0	110	1448	1539
8	8	2	111	398	511
8	1	6	112	554	616
8	14	3	113	739	772
8	6	4	114	861	886
8	4	10	115	912	957
8	6	5	116	1012	1048
8	12	5	117	1048	1058
8	2	2	118	1144	1218
8	6	5	119	1333	1411
8	5	9	120	1420	1434
8	9	4	121	1546	1610
9	6	3	122	72	121
9	7	11	123	131	159
9	12	6	124	191	263
9	5	3	125	330	393
9	12	9	126	433	490
9	6	4	127	706	763
9	5	3	128	772	846
9	2	10	129	957	1036
9	6	10	130	1160	1183
9	4	11	131	1204	1268
9	7	9	132	1380	1403
9	10	4	133	1433	1487
9	0	4	134	1610	1652
10	14	11	135	37	64
10	13	0	136	122	187
10	7	1	137	266	333
10	7	7	138	371	403
10	6	0	139	485	528
10	2	1	140	565	620
10	4	11	141	620	647
10	6	10	142	787	815
10	2	7	143	870	957
10	5	2	144	1072	1144
10	7	6	145	1262	1277
10	7	6	146	1322	1348
10	8	3	147	1372	1437
10	1	3	148	1570	1632
11	12	1	149	37	102
11	14	9	150	187	242
11	1	5	151	297	330
11	7	9	152	342	371
11	7	7	153	403	459
11	0	8	154	587	627
11	11	0	155	638	676
11	10	9	156	739	772
11	14	11	157	835	856
11	10	9	158	917	962
11	8	8	159	986	1027
11	13	8	160	1027	1066
11	10	4	161	1209	1264
11	14	7	162	1365	1439
11	3	7	163	1556	1619
12	2	1	164	0	37
12	9	5	165	37	88
12	2	9	166	88	166
12	8	4	167	166	193
12	10	0	168	193	271
12	12	10	169	281	303
12	10	4	170	354	409
12	14	5	171	409	443
12	11	6	172	462	473
12	5	0	173	528	609
12	0	10	174	627	703
12	14	1	175	917	986
12	14	11	176	1072	1143
12	12	8	177	1299	1365
12	0	2	178	1430	1529
13	8	4	179	193	276
13	1	5	180	330	364
13	9	1	181	388	412
13	5	7	182	460	514
13	8	7	183	583	653
13	13	7	184	805	870
13	1	3	185	959	1058
13	7	6	186	1205	1262
13	11	10	187	1361	1387
13	11	0	188	1392	1411
13	9	10	189	1442	1539
14	8	8	190	9	39
14	8	8	191	118	148
14	7	11	192	187	221
14	3	5	193	541	620
14	7	11	194	716	787
14	3	0	195	829	869
14	3	6	196	1084	1138
14	14	9	197	1143	1154
14	5	7	198	1193	1263
14	12	8	199	1365	1374
14	13	1	200	1404	1466
14	10	1	201	1557	1616
15	1	0	202	16	30
15	0	8	203	312	385
15	9	9	204	556	630
15	8	5	205	708	758
15	9	2	206	869	946
15	5	7	207	989	998
15	9	4	208	1074	1161
15	0	11	209	1280	1304
15	8	3	210	1323	1372
15	1	8	211	1414	1473
15	11	6	212	1598	1625
15	11	0	213	1631	1649
16	11	7	214	0	88
16	7	11	215	96	131
16	6	10	216	194	281
16	11	6	217	297	376
16	14	1	218	471	488
16	10	4	219	559	622
16	9	2	220	657	674
16	1	8	221	700	796
16	5	7	222	998	1049
16	10	9	223	1101	1143
16	8	4	224	1199	1209
16	13	3	225	1220	1323
16	11	6	226	1491	1521
16	0	11	227	1569	1597
16	3	8	228	1619	1646
17	0	8	229	151	188
17	10	4	230	409	440
17	12	3	231	525	584
17	9	2	232	752	803
17	11	0	233	803	829
17	5	11	234	856	897
17	5	7	235	957	989
17	3	6	236	1002	1084
17	5	2	237	1330	1402
17	7	7	238	1491	1556
17	2	6	239	1625	1653
18	1	10	240	0	16
18	9	5	241	88	117
18	1	6	242	400	437
18	11	2	243	511	538
18	7	11	244	548	614
18	13	7	245	716	805
18	10	9	246	973	1002
18	9	11	247	1052	1072
18	10	9	248	1072	1101
18	4	4	249	1161	1199
18	6	4	250	1278	1333
18	7	8	251	1404	1414
18	8	3	252	1437	1466
18	12	10	253	1539	1610
19	13	9	254	0	61
19	10	4	255	61	89
19	2	10	256	166	194
19	11	6	257	263	297
19	8	2	258	321	356
19	3	1	259	412	471
19	4	10	260	561	588
19	13	3	261	611	680
19	10	9	262	772	809
19	8	4	263	886	986
19	1	3	264	1096	1132
19	6	10	265	1183	1240
19	9	4	266	1333	1433
19	9	10	267	1610	1655
20	14	11	268	64	96
20	2	5	269	620	673
20	14	9	270	694	737
20	12	3	271	859	926
20	0	4	272	999	1060
20	13	3	273	1132	1157
20	9	1	274	1194	1219
20	14	9	275	1244	1284
20	2	1	276	1360	1404
20	14	5	277	1468	1497
20	6	0	278	1539	1615
21	3	6	279	0	72
21	4	2	280	145	195
21	13	9	281	244	308
21	8	2	282	356	398
21	2	10	283	465	561
21	3	3	284	680	729
21	1	10	285	815	912
21	13	1	286	1066	1101
21	3	6	287	1138	1205
21	14	1	288	1299	1360
21	3	6	289	1398	1467
21	5	11	290	1597	1652
22	9	11	291	328	382
22	4	6	292	437	462
22	13	1	293	491	565
22	2	5	294	673	708
22	4	5	295	758	839
22	13	6	296	944	1002
22	5	2	297	1059	1072
22	4	0	298	1124	1147
22	11	5	299	1177	1234
22	3	6	300	1348	1398
22	12	9	301	1442	1503
22	7	11	302	1558	1568
22	7	1	303	1619	1648
23	0	10	304	72	151
23	14	11	305	159	187
23	2	2	306	195	256
23	9	4	307	276	291
23	12	9	308	371	402
23	0	8	309	472	554
23	7	7	310	653	716
23	4	5	311	839	911
23	4	0	312	1030	1124
23	10	9	313	1291	1380
23	8	4	314	1487	1546
23	10	9	315	1624	1651
24	10	4	316	89	147
24	10	4	317	147	163
24	7	11	318	221	266
24	5	0	319	287	327
24	0	8	320	385	472
24	12	8	321	627	700
24	7	1	322	805	874
24	7	11	323	973	1052
24	13	3	324	1157	1220
24	5	2	325	1279	1330
24	7	7	326	1439	1461
24	11	5	327	1546	1595
24	13	3	328	1632	1649
25	11	2	329	538	625
25	2	1	330	739	805
25	13	5	331	911	940
25	3	0	332	966	989
25	6	7	333	1049	1077
25	13	1	334	1101	1132
25	0	8	335	1197	1280
25	11	5	336	1411	1438
25	11	5	337	1521	1546
25	8	5	338	1595	1645
26	3	3	339	491	525
26	0	10	340	703	787
26	14	11	341	787	835
26	6	8	342	886	984
26	12	1	343	1132	1194
26	10	8	344	1280	1291
26	11	10	345	1307	1361
26	0	2	346	1402	1430
26	7	7	347	1461	1491
26	7	8	348	1570	1619
27	4	8	349	274	312
27	4	10	350	312	370
27	2	10	351	434	465
27	0	8	352	554	587
27	14	10	353	588	627
27	6	4	354	638	706
27	14	1	355	874	917
27	11	5	356	960	1012
27	8	8	357	1126	1197
27	1	0	358	1301	1392
27	13	6	359	1521	1598
28	12	5	360	0	31
28	1	0	361	31	122
28	11	1	362	162	223
28	3	5	363	244	255
28	13	9	364	308	342
28	6	0	365	394	485
28	10	4	366	510	559
28	9	2	367	674	752
28	11	5	368	944	960
28	9	2	369	982	1042
28	10	11	370	1143	1204
28	0	11	371	1304	1393
28	0	2	372	1529	1569
28	14	7	373	1624	1657
29	1	6	374	616	695
29	4	6	375	726	739
29	3	6	376	739	803
29	7	11	377	897	932
29	4	0	378	989	1030
29	0	10	379	1100	1156
29	8	5	380	1234	1243
29	3	6	381	1279	1322
29	13	8	382	1374	1404
29	14	9	383	1503	1592
29	3	1	384	1648	1657


Solution History:
