This is the output of Heuristic Solver for Dual resource constrained flexible job shop Scheduling Problem.
Input file is: wfjsp17_10.txt
Number of Jobs: 15
Number of Operations: 127
Number of Machines: 5
Number of Operators: 4
CPU Time: 3600
obj: 1750
Best found lower bound:676
Solver gap (best found lower bound and upper bound difference): Not known


Final Solution:
Job	Machine	Operator	Operation	Start Time	Finish Time
0	0	2	0	595	674
0	1	1	1	676	760
0	2	1	2	1203	1266
0	3	3	3	1266	1352
0	3	3	4	1352	1411
0	0	1	5	1551	1582
0	2	2	6	1637	1670
0	1	0	7	1675	1726
1	4	3	8	123	211
1	4	1	9	211	239
1	1	1	10	239	275
1	4	3	11	282	318
1	3	0	12	697	785
1	2	1	13	891	973
1	1	0	14	1448	1514
1	2	2	15	1555	1637
2	0	2	16	0	82
2	4	2	17	82	96
2	4	2	18	586	595
2	1	0	19	785	834
2	0	3	20	1113	1184
2	4	2	21	1201	1286
2	2	2	22	1420	1468
2	0	1	23	1647	1716
3	1	1	24	0	43
3	1	1	25	275	298
3	3	3	26	561	611
3	2	3	27	736	755
3	4	2	28	809	899
3	1	0	29	1023	1055
3	2	1	30	1076	1152
3	3	3	31	1492	1573
4	2	2	32	269	337
4	3	0	33	490	526
4	1	0	34	603	665
4	0	2	35	717	795
4	0	2	36	795	809
4	2	3	37	837	861
4	1	0	38	1055	1077
4	0	2	39	1372	1420
4	2	1	40	1716	1750
5	2	2	41	181	269
5	0	1	42	825	891
5	2	1	43	973	1061
5	2	1	44	1061	1076
5	1	0	45	1365	1379
5	0	1	46	1484	1551
5	3	3	47	1573	1623
5	3	3	48	1623	1638
6	1	1	49	122	211
6	1	1	50	434	516
6	2	1	51	565	594
6	4	3	52	947	1024
6	3	0	53	1152	1161
6	0	3	54	1184	1266
6	4	1	55	1405	1484
6	1	0	56	1514	1535
6	1	0	57	1583	1648
7	0	3	58	85	123
7	3	0	59	142	151
7	3	0	60	309	400
7	2	1	61	516	565
7	2	1	62	594	676
7	1	0	63	834	902
7	3	2	64	1018	1106
7	3	2	65	1670	1750
8	0	1	66	298	345
8	0	3	67	377	429
8	0	2	68	899	916
8	0	2	69	992	1018
8	1	0	70	1093	1115
8	1	1	71	1179	1203
8	1	0	72	1314	1365
8	1	0	73	1535	1583
8	1	0	74	1726	1749
9	3	0	75	151	219
9	2	3	76	429	480
9	0	2	77	674	717
9	4	3	78	755	791
9	1	0	79	941	1023
9	1	0	80	1115	1152
9	0	3	81	1430	1467
9	1	0	82	1648	1675
9	0	3	83	1735	1748
10	1	1	84	345	434
10	0	2	85	550	586
10	3	3	86	611	647
10	2	1	87	760	825
10	0	2	88	916	992
10	1	0	89	1077	1093
10	4	2	90	1286	1372
10	0	1	91	1582	1647
11	3	0	92	0	32
11	3	0	93	32	51
11	3	0	94	51	142
11	2	2	95	337	386
11	4	2	96	386	468
11	4	3	97	480	561
11	4	2	98	1138	1201
11	0	1	99	1266	1356
11	2	2	100	1468	1555
12	1	1	101	43	122
12	3	0	102	219	309
12	4	3	103	647	736
12	3	3	104	791	837
12	3	2	105	1106	1138
12	2	1	106	1356	1405
12	4	3	107	1638	1719
12	4	3	108	1719	1735
13	2	3	109	0	85
13	4	2	110	96	109
13	2	2	111	109	181
13	0	3	112	211	282
13	4	3	113	318	377
13	3	0	114	400	490
13	1	0	115	526	603
13	3	3	116	861	947
13	3	0	117	1161	1241
13	1	0	118	1379	1448
14	0	2	119	468	550
14	3	0	120	665	697
14	1	0	121	902	941
14	0	3	122	1024	1113
14	1	1	123	1152	1179
14	1	0	124	1241	1314
14	3	3	125	1411	1430
14	3	3	126	1467	1492


Solution History:
