This is the output of Heuristic Solver for Dual resource constrained flexible job shop Scheduling Problem.
Input file is: Dauzere_08a.txt
Method: FaFM_45_75_900
Seed: 1
Number of Jobs: 15
Number of Operations: 293
Number of Machines: 8
Number of Operators: 6
CPU Time: 613.469
obj: 2885
Best found lower bound:0
Solver gap (best found lower bound and upper bound difference): Not known


Final Solution:
Job	Machine	Operator	Operation	Start Time	Finish Time
0	1	1	0	0	24
0	2	3	1	190	253
0	1	3	2	253	286
0	1	1	3	394	480
0	7	5	4	610	635
0	5	2	5	829	895
0	1	3	6	1125	1157
0	0	0	7	1190	1201
0	0	0	8	1201	1269
0	1	1	9	1654	1748
0	2	3	10	1932	1973
0	4	5	11	2013	2107
0	7	5	12	2205	2271
0	1	3	13	2375	2423
0	5	3	14	2518	2613
1	6	4	15	22	96
1	1	1	16	129	160
1	7	5	17	400	498
1	0	0	18	539	557
1	5	2	19	569	595
1	3	1	20	635	728
1	0	0	21	740	761
1	7	4	22	829	907
1	3	2	23	999	1037
1	5	2	24	1251	1319
1	4	0	25	1427	1478
1	3	2	26	1479	1536
1	2	3	27	1589	1627
1	4	0	28	1666	1722
1	4	5	29	1884	1955
1	2	3	30	2005	2085
1	2	3	31	2292	2375
1	0	0	32	2430	2519
1	1	1	33	2565	2604
1	1	1	34	2787	2885
2	7	5	35	0	75
2	7	4	36	96	120
2	4	0	37	214	306
2	7	5	38	498	577
2	2	3	39	584	631
2	7	5	40	724	788
2	1	1	41	856	909
2	3	2	42	958	999
2	4	0	43	1095	1190
2	2	3	44	1283	1319
2	4	5	45	1354	1415
2	5	4	46	1457	1526
2	3	1	47	1593	1654
2	5	2	48	1797	1853
2	3	1	49	1904	1938
2	1	1	50	1938	1963
2	1	1	51	1963	2005
2	3	2	52	2089	2165
2	5	4	53	2175	2255
2	6	4	54	2392	2465
2	1	1	55	2493	2565
2	6	4	56	2603	2650
2	2	3	57	2810	2872
3	2	3	58	0	63
3	3	1	59	232	304
3	0	0	60	445	539
3	2	3	61	631	659
3	6	4	62	661	728
3	4	5	63	871	892
3	0	0	64	915	979
3	7	5	65	1095	1131
3	5	2	66	1152	1251
3	2	3	67	1252	1283
3	3	2	68	1319	1404
3	2	3	69	1740	1780
3	5	2	70	1853	1916
3	4	5	71	2107	2205
3	0	0	72	2252	2326
3	2	3	73	2423	2514
3	3	1	74	2604	2647
3	0	2	75	2679	2714
4	5	2	76	0	54
4	4	0	77	122	214
4	0	2	78	243	286
4	2	3	79	344	428
4	2	3	80	539	584
4	1	3	81	659	756
4	0	0	82	845	915
4	1	1	83	1001	1107
4	5	2	84	1107	1152
4	3	1	85	1220	1248
4	1	1	86	1300	1362
4	7	5	87	1415	1513
4	6	4	88	1566	1636
4	2	3	89	1780	1844
4	6	4	90	1943	2045
4	4	5	91	2271	2319
4	4	5	92	2319	2423
4	5	2	93	2425	2493
4	4	0	94	2580	2670
4	4	0	95	2670	2742
4	6	4	96	2765	2784
5	4	0	97	0	29
5	0	2	98	131	164
5	6	4	99	251	274
5	6	4	100	479	583
5	0	0	101	646	740
5	7	4	102	907	974
5	5	4	103	974	991
5	0	0	104	1283	1375
5	6	4	105	1526	1566
5	7	5	106	1619	1694
5	4	5	107	1955	2000
5	2	3	108	2192	2292
5	0	0	109	2326	2352
5	3	1	110	2380	2416
5	4	0	111	2742	2834
6	5	2	112	54	131
6	6	4	113	325	419
6	1	1	114	480	532
6	6	4	115	791	829
6	1	1	116	909	962
6	5	2	117	1037	1106
6	7	5	118	1131	1192
6	4	0	119	1568	1666
6	7	5	120	1694	1768
6	3	1	121	1825	1904
6	6	3	122	1922	1932
6	2	3	123	1973	2005
6	7	4	124	2120	2175
6	1	1	125	2186	2242
6	5	2	126	2269	2288
6	5	2	127	2370	2425
6	7	5	128	2678	2770
7	3	1	129	24	77
7	6	4	130	120	197
7	7	5	131	235	268
7	4	0	132	306	354
7	3	2	133	474	528
7	3	2	134	528	569
7	3	1	135	728	806
7	2	3	136	856	892
7	2	3	137	977	1048
7	3	1	138	1147	1220
7	7	5	139	1255	1295
7	6	3	140	1319	1336
7	5	3	141	1366	1400
7	4	5	142	1513	1557
7	0	2	143	1619	1715
7	4	5	144	1804	1869
7	7	4	145	1901	1943
7	1	1	146	2005	2073
7	5	4	147	2098	2120
7	1	1	148	2161	2186
7	3	1	149	2312	2380
7	0	0	150	2519	2580
7	5	4	151	2650	2716
7	7	5	152	2802	2839
7	7	5	153	2839	2885
8	0	0	154	29	111
8	7	5	155	268	312
8	7	5	156	312	400
8	2	3	157	428	482
8	6	4	158	583	661
8	7	5	159	688	724
8	0	0	160	761	845
8	6	3	161	934	977
8	2	3	162	1048	1125
8	7	4	163	1319	1361
8	6	4	164	1361	1383
8	1	1	165	1421	1490
8	2	3	166	1490	1589
8	4	0	167	1722	1738
8	7	5	168	1768	1804
8	0	0	169	1927	2029
8	2	3	170	2085	2172
8	5	2	171	2288	2334
8	7	5	172	2423	2510
8	6	4	173	2545	2587
8	2	3	174	2613	2671
8	2	3	175	2671	2734
8	7	5	176	2770	2802
9	2	3	177	124	190
9	5	2	178	595	654
9	5	2	179	654	752
9	5	2	180	752	787
9	4	5	181	788	871
9	2	3	182	892	934
9	1	1	183	962	1001
9	3	1	184	1107	1147
9	6	4	185	1233	1319
9	3	2	186	1404	1479
9	6	3	187	1676	1740
9	1	1	188	1748	1825
9	6	4	189	1877	1901
9	6	4	190	2045	2098
9	2	3	191	2172	2192
9	6	4	192	2348	2392
9	0	0	193	2406	2430
9	6	4	194	2465	2545
9	5	4	195	2784	2881
10	1	3	196	63	124
10	5	2	197	362	456
10	5	3	198	482	539
10	0	0	199	557	646
10	6	4	200	728	791
10	3	2	201	895	958
10	6	4	202	1026	1121
10	1	1	203	1248	1300
10	2	3	204	1400	1488
10	5	4	205	1636	1706
10	3	2	206	1751	1797
10	0	0	207	2029	2125
10	0	0	208	2125	2218
10	5	2	209	2334	2370
10	3	1	210	2416	2493
10	6	4	211	2587	2603
10	1	1	212	2647	2710
10	6	4	213	2716	2734
10	0	2	214	2813	2876
11	7	5	215	122	144
11	7	5	216	144	235
11	6	4	217	274	299
11	1	1	218	304	394
11	7	5	219	635	688
11	3	1	220	806	856
11	4	5	221	970	1036
11	0	0	222	1072	1088
11	6	4	223	1121	1189
11	6	4	224	1383	1457
11	7	5	225	1557	1604
11	2	3	226	1627	1676
11	3	2	227	1715	1751
11	7	5	228	1869	1884
11	5	2	229	1916	1999
11	7	5	230	2000	2013
11	3	2	231	2165	2269
11	3	2	232	2518	2546
11	7	5	233	2574	2661
11	1	1	234	2710	2746
11	3	1	235	2746	2787
12	4	5	236	75	122
12	5	4	237	197	251
12	2	3	238	286	344
12	6	4	239	419	479
12	4	5	240	577	610
12	1	3	241	756	856
12	0	0	242	979	1072
12	6	4	243	1189	1233
12	1	1	244	1362	1421
12	5	2	245	1536	1619
12	6	4	246	1775	1877
12	5	2	247	1999	2089
12	6	4	248	2255	2348
12	7	5	249	2510	2574
12	7	5	250	2661	2678
12	0	2	251	2714	2813
13	3	1	252	160	232
13	0	2	253	286	362
13	1	1	254	532	635
13	5	2	255	787	829
13	4	5	256	1036	1095
13	7	5	257	1192	1255
13	5	3	258	1336	1366
13	0	0	259	1478	1568
13	3	1	260	1579	1593
13	7	5	261	1604	1619
13	5	4	262	1706	1775
13	0	0	263	1819	1887
13	0	0	264	1887	1927
13	1	1	265	2242	2312
13	2	3	266	2734	2810
13	4	0	267	2834	2885
14	6	4	268	0	22
14	3	1	269	77	129
14	0	2	270	164	243
14	6	4	271	299	325
14	4	0	272	354	389
14	0	0	273	389	399
14	0	0	274	399	445
14	5	2	275	456	474
14	4	5	276	892	970
14	6	4	277	991	1026
14	2	3	278	1157	1252
14	4	0	279	1269	1283
14	4	5	280	1295	1354
14	0	0	281	1375	1427
14	1	1	282	1490	1579
14	0	0	283	1738	1819
14	1	3	284	1844	1922
14	1	1	285	2073	2161
14	0	0	286	2218	2252
14	0	0	287	2352	2406
14	5	2	288	2493	2518
14	3	2	289	2546	2595
14	0	2	290	2595	2632
14	0	2	291	2632	2679
14	5	4	292	2734	2765


Solution History:
