This is the output of Heuristic Solver for Dual resource constrained flexible job shop Scheduling Problem.
Input file is: Dauzere_09a.txt
Method: FaFM_45_75_900
Seed: 2
Number of Jobs: 15
Number of Operations: 293
Number of Machines: 8
Number of Operators: 6
CPU Time: 590.983
obj: 2953
Best found lower bound:0
Solver gap (best found lower bound and upper bound difference): Not known


Final Solution:
Job	Machine	Operator	Operation	Start Time	Finish Time
0	1	1	0	0	24
0	2	3	1	308	371
0	2	3	2	371	406
0	0	0	3	592	678
0	3	1	4	772	798
0	5	2	5	883	949
0	4	5	6	1019	1051
0	7	4	7	1165	1176
0	2	3	8	1236	1304
0	0	0	9	1653	1747
0	4	5	10	1813	1855
0	3	2	11	2337	2431
0	6	3	12	2431	2494
0	0	0	13	2643	2688
0	2	3	14	2804	2895
1	6	4	15	65	139
1	1	1	16	139	170
1	3	1	17	369	466
1	5	4	18	477	491
1	5	3	19	491	515
1	5	4	20	582	673
1	7	5	21	818	840
1	2	3	22	979	1057
1	4	0	23	1081	1118
1	4	5	24	1244	1315
1	7	5	25	1380	1430
1	1	1	26	1437	1495
1	5	4	27	1578	1618
1	5	2	28	1718	1774
1	7	5	29	1961	2032
1	5	4	30	2124	2200
1	5	4	31	2200	2281
1	1	1	32	2385	2474
1	2	3	33	2600	2639
1	0	0	34	2688	2786
2	7	5	35	0	75
2	1	1	36	90	114
2	1	1	37	229	321
2	6	4	38	398	477
2	3	2	39	526	573
2	4	0	40	732	796
2	2	3	41	856	909
2	4	0	42	959	1001
2	4	5	43	1148	1244
2	7	5	44	1315	1351
2	5	4	45	1388	1448
2	6	4	46	1508	1578
2	7	5	47	1613	1675
2	1	1	48	1753	1809
2	6	4	49	1946	1978
2	3	2	50	2005	2029
2	6	3	51	2036	2078
2	5	4	52	2317	2391
2	0	0	53	2547	2625
2	7	4	54	2625	2695
2	5	2	55	2706	2778
2	7	4	56	2817	2861
2	3	2	57	2871	2931
3	6	3	58	0	63
3	3	2	59	140	211
3	1	1	60	589	683
3	6	4	61	683	715
3	4	0	62	796	859
3	0	0	63	1001	1024
3	1	3	64	1057	1121
3	6	4	65	1129	1165
3	2	3	66	1304	1403
3	0	0	67	1423	1454
3	3	2	68	1633	1718
3	5	2	69	1774	1814
3	0	0	70	1916	1979
3	1	3	71	2078	2176
3	4	5	72	2381	2453
3	1	1	73	2558	2649
3	4	5	74	2681	2728
3	0	0	75	2786	2821
4	4	0	76	0	54
4	6	3	77	216	308
4	0	0	78	329	372
4	2	3	79	406	490
4	3	2	80	573	617
4	2	3	81	679	773
4	2	3	82	909	979
4	0	0	83	1118	1224
4	5	4	84	1240	1287
4	7	5	85	1351	1380
4	5	4	86	1448	1508
4	1	1	87	1540	1637
4	0	0	88	1747	1816
4	2	3	89	1867	1931
4	7	5	90	2032	2134
4	0	2	91	2161	2209
4	0	2	92	2209	2313
4	4	0	93	2313	2381
4	0	0	94	2381	2471
4	4	5	95	2768	2840
4	3	2	96	2931	2950
5	2	3	97	63	92
5	5	4	98	139	170
5	5	4	99	170	191
5	7	5	100	484	588
5	6	4	101	793	886
5	3	1	102	1094	1161
5	2	3	103	1217	1236
5	1	1	104	1345	1437
5	3	1	105	1504	1540
5	2	3	106	1677	1753
5	6	4	107	1978	2023
5	4	0	108	2174	2274
5	4	5	109	2608	2634
5	7	4	110	2695	2731
5	3	2	111	2778	2871
6	0	0	112	136	213
6	0	0	113	372	468
6	4	0	114	494	546
6	5	4	115	546	582
6	5	2	116	731	784
6	6	4	117	928	996
6	6	4	118	1068	1129
6	4	0	119	1472	1570
6	4	5	120	1719	1793
6	3	1	121	1809	1888
6	3	2	122	1916	1927
6	0	0	123	1979	2011
6	7	5	124	2201	2260
6	7	5	125	2553	2608
6	3	2	126	2619	2642
6	2	3	127	2749	2804
6	1	1	128	2858	2952
7	7	5	129	75	127
7	5	4	130	191	266
7	7	4	131	266	296
7	3	1	132	321	369
7	6	4	133	491	545
7	7	5	134	623	664
7	6	4	135	715	793
7	5	2	136	847	883
7	6	4	137	996	1068
7	0	0	138	1224	1297
7	1	1	139	1306	1345
7	0	0	140	1346	1363
7	2	3	141	1573	1609
7	4	5	142	1675	1719
7	7	4	143	1765	1862
7	1	1	144	1959	2025
7	0	2	145	2029	2069
7	6	3	146	2176	2244
7	3	2	147	2313	2337
7	1	1	148	2360	2385
7	5	4	149	2432	2498
7	5	4	150	2522	2581
7	7	4	151	2749	2817
7	0	0	152	2821	2857
7	2	3	153	2895	2940
8	4	0	154	54	136
8	7	5	155	136	180
8	5	2	156	384	473
8	0	2	157	473	526
8	3	2	158	617	695
8	3	2	159	695	731
8	1	1	160	877	961
8	7	5	161	973	1019
8	1	1	162	1161	1238
8	3	2	163	1248	1291
8	4	0	164	1454	1472
8	0	2	165	1566	1633
8	6	4	166	1665	1765
8	4	5	167	1793	1813
8	4	0	168	1879	1916
8	5	4	169	2024	2124
8	1	1	170	2227	2314
8	1	1	171	2314	2360
8	3	2	172	2431	2518
8	2	3	173	2559	2600
8	1	1	174	2800	2858
8	6	4	175	2861	2922
8	5	4	176	2922	2953
9	1	1	177	24	90
9	1	1	178	170	229
9	1	1	179	466	564
9	4	5	180	588	623
9	1	3	181	773	856
9	7	5	182	928	973
9	0	0	183	1024	1063
9	3	2	184	1161	1204
9	6	4	185	1302	1388
9	3	2	186	1429	1504
9	1	1	187	1637	1701
9	3	2	188	1927	2005
9	4	0	189	2011	2034
9	4	0	190	2124	2174
9	2	3	191	2244	2264
9	5	4	192	2391	2432
9	6	4	193	2498	2522
9	2	3	194	2639	2716
9	0	0	195	2857	2952
10	0	2	196	22	83
10	5	2	197	290	384
10	7	5	198	389	446
10	1	1	199	683	772
10	0	2	200	784	847
10	4	5	201	859	922
10	2	3	202	1121	1217
10	5	2	203	1291	1343
10	3	2	204	1343	1429
10	2	3	205	1609	1677
10	0	0	206	1816	1864
10	7	5	207	1864	1961
10	3	1	208	2029	2122
10	4	0	209	2274	2310
10	7	5	210	2477	2553
10	0	0	211	2625	2643
10	5	2	212	2643	2706
10	6	4	213	2731	2749
10	4	5	214	2840	2903
11	0	2	215	0	22
11	4	5	216	180	271
11	1	3	217	564	589
11	2	3	218	589	679
11	4	0	219	679	732
11	3	2	220	949	1002
11	5	2	221	1002	1065
11	0	0	222	1065	1081
11	1	1	223	1238	1306
11	6	3	224	1403	1474
11	5	3	225	1526	1573
11	5	4	226	1618	1665
11	3	1	227	1718	1753
11	2	3	228	1753	1770
11	2	3	229	1784	1867
11	2	3	230	2024	2036
11	3	1	231	2122	2227
11	7	5	232	2260	2288
11	1	1	233	2474	2558
11	4	5	234	2728	2768
11	7	5	235	2903	2945
12	5	4	236	0	45
12	3	2	237	83	140
12	4	0	238	271	329
12	4	5	239	329	389
12	7	5	240	664	697
12	0	0	241	859	959
12	7	5	242	1051	1148
12	3	2	243	1204	1248
12	0	2	244	1504	1566
12	4	0	245	1570	1653
12	5	2	246	1814	1916
12	4	0	247	2034	2124
12	7	5	248	2288	2381
12	2	3	249	2494	2559
12	6	4	250	2581	2598
12	3	1	251	2649	2744
13	2	3	252	144	216
13	7	4	253	296	372
13	7	5	254	716	818
13	7	4	255	886	928
13	3	1	256	1034	1094
13	7	4	257	1176	1240
13	4	0	258	1315	1346
13	7	5	259	1430	1523
13	6	3	260	1770	1784
13	0	0	261	1864	1879
13	1	1	262	1888	1959
13	7	5	263	2134	2201
13	6	3	264	2264	2304
13	6	3	265	2304	2374
13	4	0	266	2471	2547
13	1	1	267	2749	2800
14	5	4	268	45	65
14	2	3	269	92	144
14	3	2	270	211	290
14	6	4	271	372	398
14	7	5	272	446	484
14	4	0	273	484	494
14	0	0	274	546	592
14	7	5	275	697	716
14	3	1	276	798	877
14	3	1	277	1002	1034
14	5	2	278	1065	1160
14	6	4	279	1287	1302
14	4	0	280	1363	1423
14	2	3	281	1474	1526
14	7	5	282	1526	1613
14	6	4	283	1862	1946
14	5	3	284	1946	2024
14	0	2	285	2069	2161
14	5	4	286	2281	2317
14	2	3	287	2374	2428
14	7	5	288	2453	2477
14	3	2	289	2518	2567
14	5	2	290	2581	2619
14	4	5	291	2634	2681
14	1	3	292	2716	2749


Solution History:
