This is the output of Heuristic Solver for Dual resource constrained flexible job shop Scheduling Problem.
Input file is: Dauzere_04a.txt
Method: FaFM_45_75_900
Seed: 4
Number of Jobs: 10
Number of Operations: 196
Number of Machines: 5
Number of Operators: 4
CPU Time: 318.252
obj: 3031
Best found lower bound:0
Solver gap (best found lower bound and upper bound difference): Not known


Final Solution:
Job	Machine	Operator	Operation	Start Time	Finish Time
0	0	0	0	121	164
0	2	2	1	241	308
0	4	3	2	466	496
0	3	2	3	561	589
0	2	2	4	761	850
0	4	3	5	1104	1138
0	0	3	6	1288	1352
0	1	3	7	1663	1700
0	2	2	8	1770	1854
0	4	3	9	1854	1883
0	4	3	10	1883	1950
0	2	2	11	1950	1990
0	4	0	12	1996	2011
0	2	0	13	2165	2230
0	0	0	14	2781	2874
1	0	0	15	0	42
1	1	3	16	239	324
1	0	0	17	355	421
1	0	0	18	531	583
1	1	1	19	723	813
1	2	0	20	876	949
1	4	3	21	994	1028
1	3	2	22	1164	1263
1	4	0	23	1497	1513
1	2	0	24	1515	1536
1	3	2	25	1536	1624
1	3	1	26	1721	1745
1	1	1	27	2145	2217
1	4	3	28	2241	2281
1	4	3	29	2281	2351
1	1	1	30	2360	2416
1	3	2	31	2632	2688
1	0	3	32	2724	2765
1	1	1	33	2798	2848
1	1	1	34	2848	2919
2	2	2	35	0	75
2	0	0	36	164	240
2	3	2	37	480	561
2	4	3	38	611	655
2	4	0	39	716	813
2	4	3	40	922	994
2	1	1	41	1020	1047
2	1	1	42	1047	1139
2	2	0	43	1150	1224
2	3	2	44	1263	1311
2	2	0	45	1334	1399
2	4	3	46	1442	1497
2	0	0	47	1602	1639
2	0	0	48	1639	1729
2	0	3	49	1783	1823
2	4	3	50	2105	2164
2	1	1	51	2284	2360
2	4	3	52	2360	2424
2	0	0	53	2601	2657
2	1	1	54	2688	2719
2	3	2	55	2771	2804
2	3	2	56	2833	2869
2	0	0	57	2954	3031
3	3	1	58	0	79
3	2	2	59	407	480
3	1	1	60	505	569
3	0	0	61	583	628
3	0	0	62	822	876
3	2	0	63	949	1017
3	2	0	64	1263	1334
3	1	1	65	1401	1494
3	0	3	66	1497	1530
3	2	0	67	1536	1601
3	3	1	68	1745	1765
3	2	2	69	1990	2051
3	1	1	70	2246	2284
3	0	0	71	2335	2428
3	3	2	72	2452	2489
3	1	1	73	2493	2576
3	4	0	74	2673	2711
3	1	1	75	2959	3024
4	1	3	76	0	99
4	1	1	77	99	165
4	3	2	78	589	679
4	3	2	79	679	724
4	2	2	80	724	761
4	1	1	81	813	867
4	3	2	82	867	962
4	1	1	83	973	1020
4	2	0	84	1020	1101
4	2	2	85	1474	1515
4	1	1	86	1567	1663
4	1	1	87	1859	1921
4	1	1	88	1921	2019
4	4	0	89	2019	2068
4	1	1	90	2114	2145
4	3	2	91	2173	2238
4	3	2	92	2326	2426
4	1	1	93	2426	2493
4	1	1	94	2619	2688
4	4	3	95	2858	2959
4	3	2	96	2959	3003
5	3	1	97	165	263
5	4	3	98	400	466
5	1	1	99	635	723
5	4	3	100	1028	1104
5	4	3	101	1138	1165
5	4	3	102	1165	1198
5	1	1	103	1200	1235
5	2	2	104	1399	1431
5	2	2	105	1624	1723
5	0	0	106	1823	1906
5	0	3	107	2036	2105
5	2	0	108	2581	2601
5	3	2	109	2688	2771
5	0	0	110	2916	2954
5	4	3	111	2959	3031
6	2	0	112	75	121
6	2	2	113	308	407
6	1	1	114	569	594
6	1	1	115	594	635
6	0	3	116	655	746
6	3	2	117	1086	1164
6	1	1	118	1235	1327
6	0	3	119	1352	1401
6	4	3	120	1401	1442
6	0	0	121	1449	1497
6	3	1	122	1663	1721
6	0	0	123	1729	1783
6	0	0	124	1906	1995
6	3	2	125	2561	2632
6	1	1	126	2719	2798
6	0	0	127	2901	2916
6	1	1	128	2919	2959
7	2	2	129	121	182
7	1	3	130	182	239
7	3	1	131	347	365
7	3	1	132	365	415
7	1	1	133	415	505
7	4	3	134	555	611
7	4	3	135	822	892
7	4	3	136	892	922
7	1	1	137	925	973
7	1	1	138	1139	1200
7	4	0	139	1224	1263
7	1	1	140	1327	1401
7	0	0	141	1401	1449
7	0	3	142	1530	1602
7	1	1	143	2046	2114
7	3	2	144	2127	2173
7	1	1	145	2217	2246
7	3	2	146	2246	2281
7	3	2	147	2281	2326
7	0	3	148	2428	2521
7	4	3	149	2521	2578
7	1	1	150	2578	2619
7	4	0	151	2711	2781
7	2	2	152	2804	2833
7	3	2	153	2869	2903
8	4	3	154	99	167
8	2	2	155	182	241
8	4	0	156	241	312
8	4	0	157	312	355
8	0	0	158	485	531
8	0	3	159	746	822
8	3	2	160	962	1008
8	3	2	161	1008	1086
8	2	0	162	1101	1150
8	3	2	163	1311	1388
8	4	3	164	1602	1641
8	1	3	165	1700	1780
8	1	1	166	1815	1859
8	2	2	167	1859	1942
8	4	3	168	1950	1996
8	1	1	169	2019	2046
8	0	0	170	2105	2165
8	0	0	171	2241	2335
8	3	2	172	2426	2452
8	2	0	173	2452	2489
8	2	0	174	2489	2581
8	4	3	175	2581	2673
8	0	3	176	2673	2724
9	3	1	177	263	347
9	1	3	178	347	400
9	0	0	179	421	485
9	4	3	180	496	555
9	2	0	181	628	657
9	4	0	182	657	716
9	1	1	183	867	925
9	0	3	184	1198	1288
9	2	2	185	1431	1474
9	1	1	186	1494	1567
9	2	2	187	1723	1770
9	1	1	188	1780	1815
9	0	3	189	1996	2036
9	3	2	190	2051	2127
9	0	3	191	2165	2241
9	3	2	192	2489	2561
9	4	3	193	2781	2858
9	2	0	194	2874	2901
9	3	2	195	2903	2958


Solution History:
