This is the output of Heuristic Solver for Dual resource constrained flexible job shop Scheduling Problem.
Input file is: Dauzere_09a.txt
Method: FaFM_45_75_900
Seed: 5
Number of Jobs: 15
Number of Operations: 293
Number of Machines: 8
Number of Operators: 6
CPU Time: 411.952
obj: 2938
Best found lower bound:0
Solver gap (best found lower bound and upper bound difference): Not known


Final Solution:
Job	Machine	Operator	Operation	Start Time	Finish Time
0	1	1	0	0	24
0	2	3	1	308	371
0	2	3	2	371	406
0	0	0	3	596	682
0	3	2	4	702	727
0	5	2	5	926	992
0	4	0	6	1082	1114
0	7	4	7	1167	1178
0	2	3	8	1213	1281
0	0	0	9	1490	1584
0	0	0	10	1847	1888
0	2	3	11	1996	2092
0	6	3	12	2379	2442
0	3	1	13	2489	2534
0	6	4	14	2824	2919
1	6	4	15	65	139
1	1	1	16	139	170
1	3	1	17	375	472
1	5	2	18	526	544
1	5	4	19	578	600
1	5	4	20	668	759
1	7	5	21	875	897
1	2	3	22	960	1038
1	4	5	23	1224	1262
1	4	5	24	1262	1333
1	7	5	25	1389	1439
1	1	1	26	1439	1497
1	2	3	27	1678	1716
1	5	2	28	1779	1835
1	7	4	29	2054	2126
1	5	2	30	2161	2241
1	5	4	31	2363	2444
1	2	3	32	2602	2691
1	6	4	33	2691	2733
1	0	0	34	2733	2831
2	7	5	35	0	75
2	1	1	36	90	114
2	0	0	37	213	305
2	6	4	38	398	477
2	6	4	39	531	578
2	4	0	40	682	746
2	2	3	41	907	960
2	4	0	42	1024	1066
2	4	5	43	1128	1224
2	7	4	44	1245	1281
2	5	4	45	1367	1427
2	6	3	46	1539	1610
2	7	5	47	1672	1734
2	1	1	48	1741	1797
2	6	4	49	1894	1926
2	2	3	50	1971	1996
2	3	1	51	2134	2176
2	6	3	52	2187	2263
2	0	0	53	2276	2354
2	7	5	54	2501	2574
2	2	3	55	2691	2763
2	7	5	56	2776	2823
2	7	5	57	2823	2883
3	6	3	58	0	63
3	3	2	59	140	211
3	1	1	60	498	592
3	6	4	61	636	668
3	4	0	62	746	809
3	0	0	63	890	913
3	1	1	64	934	998
3	6	4	65	1070	1106
3	2	3	66	1281	1380
3	5	2	67	1564	1595
3	3	1	68	1595	1677
3	5	2	69	1835	1875
3	6	3	70	2092	2155
3	1	1	71	2176	2271
3	4	0	72	2379	2453
3	6	3	73	2483	2574
3	7	4	74	2645	2688
3	2	3	75	2855	2890
4	4	0	76	0	54
4	6	3	77	216	308
4	0	0	78	308	351
4	2	3	79	406	490
4	3	2	80	544	588
4	2	3	81	680	774
4	4	0	82	913	983
4	0	0	83	1187	1293
4	5	2	84	1315	1360
4	7	5	85	1360	1389
4	5	4	86	1427	1487
4	1	1	87	1497	1594
4	0	2	88	1595	1665
4	6	4	89	1830	1894
4	1	1	90	2036	2134
4	0	0	91	2171	2220
4	0	2	92	2436	2540
4	4	5	93	2574	2643
4	0	0	94	2643	2733
4	1	1	95	2772	2844
4	5	4	96	2919	2937
5	2	3	97	63	92
5	5	4	98	139	170
5	5	4	99	170	191
5	7	5	100	488	592
5	6	4	101	837	930
5	3	1	102	1058	1125
5	3	2	103	1150	1169
5	1	1	104	1309	1401
5	1	1	105	1401	1437
5	4	0	106	1754	1830
5	6	4	107	1926	1971
5	4	5	108	2122	2226
5	1	1	109	2271	2297
5	7	5	110	2387	2422
5	2	3	111	2763	2855
6	0	0	112	136	213
6	0	0	113	351	447
6	4	0	114	498	550
6	5	4	115	600	636
6	5	3	116	774	825
6	6	4	117	930	998
6	6	4	118	1106	1167
6	4	5	119	1439	1541
6	4	0	120	1632	1705
6	3	1	121	1797	1876
6	3	2	122	1977	1988
6	6	3	123	2155	2187
6	7	4	124	2219	2274
6	5	4	125	2309	2363
6	3	1	126	2470	2489
6	1	1	127	2717	2772
6	1	1	128	2844	2938
7	7	5	129	75	127
7	5	4	130	191	266
7	7	4	131	266	296
7	3	1	132	327	375
7	6	4	133	477	531
7	7	5	134	680	721
7	6	4	135	759	837
7	5	2	136	890	926
7	6	4	137	998	1070
7	0	0	138	1114	1187
7	1	1	139	1270	1309
7	0	0	140	1383	1400
7	2	3	141	1451	1487
7	4	5	142	1541	1585
7	7	5	143	1754	1850
7	4	0	144	1888	1954
7	0	0	145	1954	1996
7	5	2	146	2241	2309
7	3	2	147	2309	2333
7	4	0	148	2354	2379
7	1	1	149	2402	2470
7	5	4	150	2527	2586
7	1	1	151	2613	2681
7	3	1	152	2681	2717
7	2	3	153	2890	2935
8	4	0	154	54	136
8	7	5	155	136	180
8	5	2	156	384	473
8	0	2	157	473	526
8	3	2	158	588	666
8	3	2	159	666	702
8	1	3	160	825	907
8	7	5	161	985	1031
8	1	1	162	1125	1202
8	3	2	163	1360	1403
8	4	0	164	1403	1421
8	0	0	165	1421	1490
8	6	4	166	1610	1710
8	4	5	167	1734	1754
8	6	4	168	1794	1830
8	2	3	169	1869	1971
8	0	0	170	1996	2083
8	6	3	171	2263	2309
8	3	2	172	2333	2420
8	2	3	173	2442	2483
8	6	4	174	2586	2645
8	5	2	175	2726	2789
8	4	0	176	2831	2864
9	1	1	177	24	90
9	1	1	178	170	229
9	1	1	179	229	327
9	4	5	180	592	627
9	1	1	181	680	760
9	7	5	182	940	985
9	0	0	183	985	1024
9	3	2	184	1169	1212
9	6	4	185	1281	1367
9	3	2	186	1489	1564
9	1	1	187	1677	1741
9	3	1	188	1876	1953
9	4	5	189	1954	1978
9	4	5	190	2069	2122
9	0	0	191	2220	2240
9	4	5	192	2267	2311
9	6	4	193	2444	2468
9	4	0	194	2468	2545
9	0	0	195	2545	2640
10	0	2	196	22	83
10	5	2	197	290	384
10	7	5	198	393	450
10	1	3	199	592	680
10	0	2	200	727	790
10	4	0	201	809	869
10	2	3	202	1038	1134
10	6	4	203	1193	1245
10	3	2	204	1403	1489
10	2	3	205	1610	1678
10	0	0	206	1705	1753
10	7	5	207	1850	1947
10	3	2	208	1988	2081
10	0	0	209	2240	2276
10	7	5	210	2311	2387
10	0	2	211	2420	2436
10	5	4	212	2468	2527
10	5	2	213	2688	2708
10	4	0	214	2864	2927
11	0	2	215	0	22
11	4	5	216	180	271
11	1	1	217	472	498
11	2	3	218	498	588
11	4	5	219	627	680
11	3	1	220	884	934
11	5	2	221	992	1055
11	0	0	222	1066	1082
11	1	1	223	1202	1270
11	6	3	224	1380	1451
11	4	0	225	1585	1632
11	5	2	226	1665	1714
11	3	2	227	1728	1764
11	0	0	228	1830	1847
11	1	1	229	1953	2036
11	5	2	230	2081	2093
11	1	1	231	2297	2402
11	2	3	232	2574	2602
11	5	2	233	2604	2688
11	6	4	234	2784	2824
11	0	2	235	2884	2926
12	5	4	236	20	65
12	3	2	237	83	140
12	4	5	238	271	333
12	4	5	239	333	393
12	7	5	240	721	754
12	0	2	241	790	890
12	7	5	242	1031	1128
12	3	2	243	1212	1256
12	0	0	244	1293	1352
12	2	3	245	1716	1799
12	5	2	246	1875	1977
12	4	5	247	1978	2069
12	7	4	248	2126	2219
12	3	2	249	2540	2604
12	5	2	250	2708	2726
12	5	2	251	2789	2884
13	2	3	252	144	216
13	7	4	253	296	372
13	7	5	254	773	875
13	7	5	255	897	940
13	3	1	256	998	1058
13	5	3	257	1150	1213
13	4	0	258	1352	1383
13	7	4	259	1487	1577
13	3	2	260	1714	1728
13	5	2	261	1764	1779
13	1	3	262	1799	1869
13	5	2	263	2093	2161
13	4	5	264	2226	2267
13	6	3	265	2309	2379
13	7	5	266	2422	2501
13	6	4	267	2733	2784
14	5	4	268	0	20
14	2	3	269	92	144
14	3	2	270	211	290
14	6	4	271	372	398
14	7	5	272	450	488
14	4	0	273	488	498
14	0	0	274	550	596
14	7	5	275	754	773
14	3	1	276	773	852
14	3	1	277	852	884
14	5	2	278	1055	1150
14	6	4	279	1178	1193
14	3	2	280	1256	1315
14	2	3	281	1487	1539
14	7	5	282	1585	1672
14	6	4	283	1710	1794
14	5	4	284	1977	2054
14	0	0	285	2083	2171
14	7	4	286	2274	2308
14	1	1	287	2534	2588
14	1	1	288	2588	2613
14	4	5	289	2643	2692
14	7	5	290	2692	2729
14	4	5	291	2729	2776
14	7	5	292	2883	2916


Solution History:
