This is the output of Heuristic Solver for Dual resource constrained flexible job shop Scheduling Problem.
Input file is: Dauzere_11a.txt
Method: FaFM_45_75_900
Seed: 3
Number of Jobs: 15
Number of Operations: 293
Number of Machines: 8
Number of Operators: 6
CPU Time: 494.781
obj: 2879
Best found lower bound:0
Solver gap (best found lower bound and upper bound difference): Not known


Final Solution:
Job	Machine	Operator	Operation	Start Time	Finish Time
0	1	1	0	0	30
0	0	0	1	134	196
0	2	3	2	468	504
0	3	1	3	504	584
0	7	5	4	698	725
0	5	2	5	870	934
0	1	1	6	1173	1213
0	7	5	7	1289	1302
0	1	1	8	1308	1374
0	1	1	9	1563	1653
0	1	1	10	1653	1691
0	4	5	11	2059	2152
0	5	3	12	2160	2228
0	5	2	13	2309	2354
0	7	5	14	2608	2700
1	6	4	15	26	98
1	1	1	16	126	155
1	7	5	17	355	445
1	1	1	18	451	474
1	1	1	19	474	504
1	2	3	20	647	741
1	0	0	21	758	782
1	7	4	22	817	894
1	3	1	23	909	945
1	6	4	24	1123	1193
1	4	5	25	1362	1413
1	0	0	26	1465	1526
1	4	5	27	1552	1596
1	1	1	28	1691	1748
1	4	0	29	1806	1881
1	2	3	30	1954	2037
1	2	3	31	2254	2334
1	4	5	32	2409	2493
1	4	0	33	2561	2603
1	1	1	34	2698	2792
2	7	5	35	33	106
2	5	2	36	133	160
2	1	3	37	195	283
2	0	0	38	335	413
2	5	2	39	421	469
2	7	5	40	584	647
2	1	1	41	854	909
2	3	2	42	999	1038
2	4	0	43	1074	1167
2	6	4	44	1193	1232
2	4	5	45	1302	1362
2	1	1	46	1374	1446
2	3	2	47	1531	1597
2	5	2	48	1664	1724
2	3	2	49	1848	1881
2	1	1	50	1962	1991
2	6	3	51	2037	2081
2	3	2	52	2104	2174
2	0	0	53	2198	2272
2	6	4	54	2325	2397
2	1	3	55	2453	2523
2	6	4	56	2576	2624
2	2	3	57	2814	2875
3	2	3	58	0	62
3	3	1	59	226	297
3	5	2	60	514	604
3	4	0	61	628	661
3	6	3	62	855	917
3	4	0	63	981	1009
3	0	0	64	1009	1074
3	1	1	65	1134	1173
3	5	2	66	1354	1453
3	2	3	67	1475	1513
3	4	5	68	1596	1677
3	2	3	69	1730	1772
3	3	2	70	1960	2020
3	1	1	71	2195	2286
3	0	0	72	2370	2442
3	0	2	73	2669	2759
3	0	2	74	2759	2805
3	0	2	75	2805	2838
4	5	2	76	0	53
4	4	0	77	196	287
4	3	1	78	297	336
4	6	4	79	358	439
4	6	4	80	545	596
4	1	1	81	706	796
4	0	0	82	875	941
4	1	1	83	1033	1134
4	5	2	84	1212	1253
4	2	3	85	1264	1295
4	5	3	86	1295	1354
4	7	5	87	1413	1502
4	6	4	88	1675	1743
4	5	3	89	1772	1833
4	4	5	90	1886	1983
4	4	5	91	2241	2286
4	4	5	92	2310	2409
4	6	4	93	2414	2481
4	4	0	94	2603	2690
4	5	4	95	2690	2759
4	1	1	96	2792	2815
5	4	5	97	0	33
5	3	1	98	80	117
5	6	4	99	143	170
5	6	4	100	596	700
5	0	0	101	782	875
5	7	5	102	945	1015
5	5	4	103	1037	1058
5	0	0	104	1285	1374
5	6	4	105	1561	1604
5	4	0	106	1711	1781
5	0	0	107	1958	2003
5	1	1	108	2098	2195
5	6	4	109	2525	2558
5	7	5	110	2571	2608
5	4	0	111	2690	2777
6	5	2	112	53	133
6	7	5	113	445	535
6	1	3	114	590	647
6	6	4	115	700	741
6	1	1	116	796	854
6	5	4	117	1058	1123
6	0	0	118	1167	1225
6	3	2	119	1253	1353
6	7	4	120	1604	1675
6	0	0	121	1881	1958
6	7	5	122	2002	2017
6	2	3	123	2081	2115
6	7	4	124	2271	2325
6	1	3	125	2334	2389
6	5	2	126	2478	2498
6	5	2	127	2498	2553
6	7	5	128	2700	2788
7	4	0	129	79	134
7	5	2	130	160	234
7	5	2	131	234	269
7	4	0	132	287	335
7	1	1	133	394	451
7	5	2	134	469	514
7	6	4	135	741	817
7	2	3	136	817	855
7	2	3	137	917	986
7	3	2	138	1097	1165
7	2	3	139	1224	1264
7	6	4	140	1304	1325
7	2	3	141	1439	1475
7	4	5	142	1502	1552
7	0	0	143	1616	1711
7	1	1	144	1821	1885
7	7	5	145	2017	2059
7	0	0	146	2135	2198
7	2	3	147	2228	2254
7	1	1	148	2286	2318
7	3	1	149	2401	2466
7	0	0	150	2500	2561
7	5	4	151	2624	2687
7	7	5	152	2788	2831
7	7	5	153	2831	2876
8	0	0	154	0	79
8	6	4	155	98	143
8	7	5	156	271	355
8	2	3	157	414	468
8	4	0	158	468	541
8	7	5	159	541	584
8	3	2	160	791	870
8	5	2	161	934	979
8	2	3	162	986	1066
8	7	5	163	1073	1116
8	6	4	164	1232	1254
8	1	1	165	1446	1514
8	7	5	166	1677	1771
8	4	0	167	1781	1806
8	7	5	168	1846	1886
8	7	4	169	1892	1985
8	3	2	170	2020	2104
8	5	3	171	2115	2160
8	5	2	172	2390	2478
8	6	4	173	2481	2525
8	2	3	174	2525	2583
8	3	1	175	2634	2698
8	5	4	176	2759	2789
9	2	3	177	126	195
9	6	4	178	225	283
9	5	2	179	641	739
9	4	5	180	767	805
9	4	5	181	805	885
9	7	4	182	894	938
9	4	0	183	945	981
9	3	1	184	1213	1250
9	6	4	185	1325	1405
9	3	2	186	1453	1531
9	6	3	187	1604	1664
9	1	1	188	1748	1821
9	6	4	189	1860	1892
9	5	3	190	1904	1954
9	1	1	191	2073	2098
9	6	4	192	2228	2271
9	4	5	193	2286	2310
9	2	3	194	2583	2655
9	5	4	195	2789	2876
10	1	3	196	62	126
10	5	2	197	269	362
10	5	2	198	362	421
10	0	0	199	541	628
10	6	4	200	938	1001
10	3	2	201	1038	1097
10	7	5	202	1116	1205
10	6	4	203	1254	1304
10	2	3	204	1354	1439
10	5	2	205	1598	1664
10	7	5	206	1795	1846
10	0	0	207	2003	2094
10	7	4	208	2139	2228
10	5	2	209	2354	2390
10	3	1	210	2466	2545
10	6	4	211	2558	2576
10	2	3	212	2655	2714
10	6	3	213	2755	2776
10	1	1	214	2815	2878
11	7	5	215	158	184
11	7	5	216	184	271
11	1	1	217	336	366
11	1	3	218	504	590
11	7	5	219	647	698
11	3	2	220	739	791
11	4	5	221	885	945
11	5	2	222	979	999
11	2	3	223	1157	1224
11	6	4	224	1405	1479
11	1	1	225	1514	1563
11	2	3	226	1664	1711
11	3	2	227	1724	1767
11	7	5	228	1771	1795
11	3	2	229	1881	1960
11	7	5	230	1985	2002
11	3	2	231	2174	2277
11	3	2	232	2277	2309
11	3	1	233	2318	2401
11	5	2	234	2581	2619
11	2	3	235	2776	2814
12	7	5	236	106	158
12	6	4	237	170	225
12	2	3	238	356	414
12	6	4	239	439	497
12	5	2	240	604	641
12	0	0	241	661	758
12	1	1	242	945	1033
12	5	2	243	1165	1212
12	1	1	244	1250	1308
12	5	3	245	1513	1598
12	6	4	246	1763	1860
12	1	1	247	1991	2073
12	4	5	248	2152	2241
12	0	0	249	2310	2370
12	7	4	250	2397	2414
12	1	1	251	2545	2634
13	3	1	252	155	226
13	6	4	253	283	358
13	3	1	254	606	706
13	7	5	255	725	767
13	4	5	256	1015	1073
13	7	5	257	1225	1289
13	0	0	258	1431	1465
13	0	0	259	1526	1616
13	2	3	260	1711	1730
13	6	4	261	1743	1763
13	5	3	262	1833	1904
13	7	4	263	2072	2139
13	0	0	264	2272	2310
13	2	3	265	2389	2453
13	7	5	266	2493	2571
13	4	0	267	2825	2879
14	6	4	268	0	26
14	3	1	269	30	80
14	2	3	270	283	356
14	1	1	271	366	394
14	4	0	272	413	450
14	0	0	273	450	466
14	6	4	274	497	545
14	3	1	275	584	606
14	5	3	276	741	817
14	6	4	277	1001	1037
14	2	3	278	1066	1157
14	4	5	279	1205	1225
14	4	0	280	1225	1285
14	0	0	281	1374	1431
14	6	4	282	1479	1561
14	0	2	283	1767	1848
14	1	1	284	1885	1962
14	5	4	285	1985	2072
14	0	0	286	2094	2135
14	0	0	287	2442	2500
14	5	2	288	2553	2581
14	0	2	289	2619	2669
14	2	3	290	2714	2755
14	4	0	291	2777	2825
14	0	2	292	2838	2874


Solution History:
