This is the output of Heuristic Solver for Dual resource constrained flexible job shop Scheduling Problem.
Input file is: Dauzere_11a.txt
Method: FaFM_45_75_900
Seed: 2
Number of Jobs: 15
Number of Operations: 293
Number of Machines: 8
Number of Operators: 6
CPU Time: 563.877
obj: 2875
Best found lower bound:0
Solver gap (best found lower bound and upper bound difference): Not known


Final Solution:
Job	Machine	Operator	Operation	Start Time	Finish Time
0	1	1	0	0	30
0	0	0	1	112	174
0	1	1	2	317	357
0	1	1	3	562	645
0	7	5	4	747	774
0	5	2	5	801	865
0	1	1	6	1157	1197
0	0	0	7	1209	1225
0	0	0	8	1225	1287
0	1	1	9	1382	1472
0	1	1	10	1627	1665
0	4	5	11	2070	2163
0	5	2	12	2305	2370
0	1	1	13	2435	2479
0	5	2	14	2536	2627
1	6	4	15	55	127
1	1	1	16	170	199
1	7	5	17	385	475
1	1	1	18	503	526
1	7	5	19	526	557
1	2	3	20	625	719
1	0	0	21	719	743
1	7	5	22	774	854
1	3	2	23	865	902
1	6	4	24	1036	1106
1	4	5	25	1264	1315
1	3	2	26	1347	1404
1	2	3	27	1612	1652
1	0	0	28	1665	1717
1	4	0	29	1767	1842
1	3	2	30	1929	2010
1	2	3	31	2268	2348
1	4	5	32	2461	2545
1	1	1	33	2568	2609
1	1	1	34	2609	2703
2	7	5	35	0	73
2	1	1	36	93	120
2	1	1	37	199	287
2	7	5	38	313	385
2	7	5	39	475	523
2	7	5	40	557	620
2	1	1	41	853	908
2	3	2	42	908	947
2	7	5	43	966	1058
2	0	0	44	1112	1151
2	4	5	45	1204	1264
2	1	1	46	1472	1544
2	3	2	47	1576	1642
2	5	2	48	1708	1768
2	3	1	49	1861	1896
2	1	1	50	1973	2002
2	1	1	51	2002	2048
2	1	3	52	2067	2141
2	0	0	53	2178	2252
2	6	4	54	2335	2407
2	6	4	55	2592	2660
2	4	0	56	2756	2797
2	2	3	57	2812	2873
3	2	3	58	26	88
3	3	2	59	259	329
3	0	0	60	530	620
3	2	3	61	719	753
3	6	4	62	871	937
3	4	0	63	941	969
3	0	0	64	1047	1112
3	7	5	65	1379	1413
3	5	3	66	1429	1527
3	1	1	67	1593	1627
3	4	5	68	1646	1727
3	2	3	69	1889	1931
3	3	1	70	2048	2105
3	1	3	71	2141	2235
3	0	0	72	2318	2390
3	0	0	73	2509	2596
3	3	1	74	2768	2812
3	0	2	75	2841	2874
4	5	4	76	0	55
4	4	0	77	174	265
4	0	0	78	296	340
4	2	3	79	352	434
4	2	3	80	578	625
4	1	1	81	702	792
4	0	0	82	875	941
4	1	1	83	1056	1157
4	7	5	84	1157	1204
4	3	2	85	1214	1247
4	5	4	86	1276	1333
4	7	5	87	1413	1502
4	6	4	88	1630	1698
4	3	1	89	1727	1792
4	4	0	90	1842	1935
4	4	0	91	2272	2318
4	4	5	92	2362	2461
4	6	4	93	2525	2592
4	4	0	94	2596	2683
4	4	0	95	2683	2756
4	4	0	96	2797	2821
5	4	0	97	0	33
5	2	3	98	88	122
5	6	4	99	302	329
5	6	4	100	571	675
5	0	0	101	743	836
5	7	5	102	896	966
5	5	4	103	1195	1216
5	0	0	104	1344	1433
5	6	4	105	1761	1804
5	4	5	106	1954	2023
5	4	5	107	2023	2070
5	3	1	108	2105	2200
5	5	2	109	2240	2269
5	3	1	110	2304	2338
5	2	3	111	2493	2580
6	5	2	112	55	135
6	6	3	113	434	524
6	1	1	114	645	702
6	6	4	115	754	795
6	1	3	116	797	853
6	5	2	117	947	1016
6	0	0	118	1151	1209
6	3	2	119	1247	1347
6	2	3	120	1652	1726
6	0	2	121	1849	1929
6	6	3	122	1931	1951
6	2	3	123	2033	2067
6	7	5	124	2163	2221
6	7	5	125	2221	2275
6	6	3	126	2412	2435
6	6	3	127	2435	2493
6	7	5	128	2629	2717
7	3	2	129	0	53
7	6	4	130	172	247
7	2	3	131	264	294
7	4	0	132	340	388
7	3	2	133	422	477
7	4	0	134	486	530
7	6	4	135	795	871
7	2	3	136	973	1011
7	2	3	137	1011	1080
7	3	2	138	1101	1169
7	2	3	139	1206	1246
7	6	3	140	1264	1282
7	5	4	141	1333	1368
7	4	0	142	1433	1484
7	0	0	143	1570	1665
7	1	3	144	1726	1789
7	7	5	145	1888	1930
7	7	4	146	2070	2137
7	7	4	147	2137	2161
7	1	3	148	2235	2268
7	3	1	149	2370	2435
7	0	0	150	2448	2509
7	3	1	151	2703	2768
7	7	5	152	2781	2824
7	7	5	153	2824	2869
8	0	0	154	33	112
8	6	4	155	127	172
8	7	5	156	229	313
8	2	3	157	524	578
8	6	4	158	675	754
8	0	0	159	836	875
8	2	3	160	889	973
8	5	2	161	1016	1061
8	2	3	162	1080	1160
8	3	2	163	1169	1214
8	6	3	164	1246	1264
8	0	2	165	1433	1498
8	7	5	166	1502	1596
8	4	5	167	1727	1756
8	7	5	168	1756	1796
8	7	5	169	1796	1888
8	2	3	170	1951	2033
8	5	2	171	2196	2240
8	5	2	172	2370	2458
8	6	4	173	2678	2722
8	7	5	174	2722	2781
8	0	2	175	2781	2841
8	5	4	176	2845	2875
9	2	3	177	122	191
9	5	4	178	247	302
9	5	4	179	477	571
9	3	2	180	594	630
9	7	5	181	671	747
9	2	3	182	753	797
9	2	3	183	853	889
9	3	2	184	1061	1101
9	2	3	185	1349	1429
9	3	2	186	1498	1576
9	6	4	187	1698	1761
9	1	3	188	1789	1863
9	2	3	189	1863	1889
9	5	2	190	2149	2196
9	0	0	191	2252	2272
9	6	4	192	2292	2335
9	4	5	193	2338	2362
9	2	3	194	2580	2652
9	5	4	195	2722	2809
10	1	1	196	30	93
10	5	2	197	329	422
10	5	4	198	422	477
10	3	2	199	509	594
10	6	4	200	937	1000
10	3	1	201	1000	1056
10	7	5	202	1058	1147
10	1	1	203	1269	1324
10	2	3	204	1527	1612
10	5	2	205	1642	1708
10	0	0	206	1717	1767
10	0	0	207	1935	2026
10	0	0	208	2093	2178
10	5	2	209	2269	2305
10	3	2	210	2458	2536
10	6	4	211	2660	2678
10	2	3	212	2694	2753
10	6	3	213	2753	2774
10	1	1	214	2812	2875
11	7	5	215	116	142
11	7	5	216	142	229
11	1	1	217	287	317
11	1	1	218	417	503
11	7	5	219	620	671
11	3	1	220	801	850
11	4	0	221	969	1026
11	0	0	222	1026	1047
11	2	3	223	1282	1349
11	6	4	224	1368	1442
11	1	1	225	1544	1593
11	4	5	226	1596	1646
11	3	1	227	1685	1727
11	7	5	228	1930	1954
11	7	4	229	1990	2070
11	5	2	230	2095	2111
11	3	1	231	2200	2304
11	3	1	232	2338	2370
11	7	5	233	2545	2629
11	5	3	234	2652	2694
11	2	3	235	2774	2812
12	4	5	236	73	116
12	5	2	237	135	189
12	2	3	238	294	352
12	1	1	239	357	417
12	1	1	240	526	562
12	0	0	241	620	717
12	1	1	242	908	996
12	6	3	243	1160	1206
12	1	1	244	1324	1382
12	5	4	245	1527	1613
12	6	4	246	1804	1901
12	5	4	247	1901	1990
12	6	4	248	2161	2250
12	7	5	249	2275	2338
12	7	4	250	2407	2424
12	1	1	251	2479	2568
13	3	2	252	189	259
13	6	4	253	329	404
13	3	2	254	702	801
13	7	5	255	854	896
13	1	1	256	1214	1269
13	7	5	257	1315	1379
13	3	2	258	1404	1433
13	4	0	259	1484	1570
13	5	4	260	1613	1630
13	1	1	261	1665	1685
13	3	1	262	1792	1861
13	0	0	263	2026	2093
13	6	4	264	2250	2292
13	2	3	265	2348	2412
13	7	4	266	2424	2499
13	4	0	267	2821	2875
14	6	3	268	0	26
14	3	1	269	120	170
14	2	3	270	191	264
14	0	0	271	265	296
14	4	0	272	388	425
14	0	0	273	425	441
14	4	0	274	441	486
14	3	2	275	486	509
14	3	2	276	630	702
14	6	4	277	1000	1036
14	5	4	278	1106	1195
14	1	1	279	1197	1214
14	7	4	280	1216	1276
14	0	0	281	1287	1344
14	6	4	282	1442	1524
14	0	2	283	1768	1849
14	1	1	284	1896	1973
14	5	2	285	2010	2095
14	5	2	286	2111	2149
14	0	0	287	2390	2448
14	5	4	288	2499	2525
14	0	2	289	2627	2677
14	0	2	290	2677	2722
14	0	2	291	2722	2772
14	5	4	292	2809	2845


Solution History:
