This is the output of Heuristic Solver for Dual resource constrained flexible job shop Scheduling Problem.
Input file is: Dauzere_07a.txt
Method: FaFM_45_75_900
Seed: 1
Number of Jobs: 15
Number of Operations: 293
Number of Machines: 8
Number of Operators: 6
CPU Time: 833.228
obj: 2970
Best found lower bound:0
Solver gap (best found lower bound and upper bound difference): Not known


Final Solution:
Job	Machine	Operator	Operation	Start Time	Finish Time
0	3	1	0	111	135
0	7	4	1	258	321
0	0	0	2	321	356
0	3	2	3	478	564
0	6	3	4	856	882
0	0	0	5	1066	1132
0	7	5	6	1188	1220
0	5	4	7	1260	1273
0	7	5	8	1410	1476
0	5	2	9	1595	1689
0	0	0	10	2380	2421
0	4	5	11	2424	2518
0	4	5	12	2518	2584
0	3	2	13	2706	2754
0	0	0	14	2754	2845
1	5	4	15	0	75
1	5	3	16	75	110
1	2	3	17	297	394
1	2	3	18	490	508
1	2	3	19	582	608
1	0	2	20	778	871
1	6	3	21	882	903
1	7	5	22	948	1029
1	4	0	23	1029	1066
1	6	3	24	1209	1277
1	3	2	25	1344	1394
1	6	4	26	1549	1606
1	2	3	27	1702	1740
1	1	1	28	1745	1801
1	0	2	29	1870	1941
1	5	2	30	2012	2092
1	6	4	31	2172	2255
1	5	2	32	2357	2446
1	6	4	33	2589	2631
1	2	3	34	2698	2796
2	0	0	35	54	131
2	0	0	36	232	256
2	5	2	37	277	369
2	4	5	38	533	612
2	4	0	39	706	753
2	2	3	40	792	856
2	5	4	41	858	913
2	4	0	42	982	1024
2	5	4	43	1097	1194
2	7	5	44	1220	1256
2	4	5	45	1256	1317
2	1	1	46	1390	1461
2	2	3	47	1513	1574
2	3	1	48	1689	1745
2	4	5	49	1755	1787
2	1	1	50	1801	1826
2	1	3	51	1925	1966
2	6	4	52	2005	2081
2	1	1	53	2105	2183
2	1	1	54	2296	2366
2	0	0	55	2621	2693
2	6	4	56	2812	2859
2	2	3	57	2908	2970
3	6	3	58	0	63
3	5	2	59	205	277
3	6	4	60	468	566
3	4	0	61	678	706
3	3	1	62	774	837
3	1	1	63	869	892
3	1	1	64	892	956
3	5	4	65	1273	1308
3	5	4	66	1308	1405
3	6	4	67	1405	1440
3	4	5	68	1476	1561
3	0	0	69	1617	1657
3	0	2	70	1689	1755
3	0	0	71	2152	2247
3	4	5	72	2291	2363
3	5	2	73	2615	2706
3	1	1	74	2792	2835
3	6	4	75	2859	2894
4	4	0	76	0	54
4	7	4	77	75	167
4	4	0	78	189	232
4	4	5	79	405	492
4	4	5	80	612	656
4	7	5	81	656	753
4	4	0	82	912	982
4	5	4	83	995	1097
4	1	1	84	1169	1214
4	6	3	85	1277	1305
4	7	4	86	1487	1549
4	4	5	87	1561	1659
4	4	0	88	1678	1747
4	5	4	89	1753	1815
4	4	0	90	1851	1949
4	6	4	91	1957	2005
4	5	4	92	2255	2357
4	3	1	93	2414	2482
4	1	1	94	2482	2572
4	6	4	95	2631	2703
4	4	5	96	2836	2855
5	3	1	97	135	164
5	3	1	98	246	281
5	6	4	99	351	374
5	0	0	100	488	588
5	1	1	101	602	696
5	7	5	102	878	948
5	4	0	103	1659	1678
5	3	2	104	1755	1845
5	1	1	105	1861	1897
5	7	5	106	1897	1972
5	2	3	107	1972	2019
5	2	3	108	2019	2119
5	5	2	109	2589	2615
5	6	4	110	2703	2738
5	5	2	111	2872	2964
6	4	5	112	113	189
6	2	3	113	394	490
6	1	1	114	496	548
6	5	2	115	564	604
6	5	4	116	641	690
6	3	2	117	1123	1191
6	3	2	118	1243	1304
6	4	0	119	1335	1433
6	2	3	120	1440	1513
6	0	0	121	1538	1617
6	5	2	122	1845	1855
6	4	5	123	2090	2126
6	7	5	124	2126	2185
6	3	1	125	2185	2241
6	4	5	126	2401	2424
6	3	2	127	2523	2579
6	4	5	128	2584	2676
7	4	5	129	61	113
7	6	3	130	113	186
7	7	4	131	321	351
7	3	2	132	369	421
7	0	0	133	432	488
7	4	5	134	492	533
7	3	1	135	696	774
7	3	2	136	924	961
7	7	5	137	1029	1101
7	7	5	138	1116	1188
7	3	2	139	1304	1344
7	7	5	140	1360	1380
7	4	0	141	1433	1469
7	2	3	142	1574	1619
7	7	5	143	1659	1755
7	0	0	144	1785	1851
7	4	5	145	2050	2090
7	0	0	146	2247	2315
7	1	1	147	2366	2390
7	6	4	148	2397	2423
7	6	4	149	2423	2491
7	2	3	150	2492	2553
7	0	0	151	2553	2621
7	7	5	152	2799	2836
7	1	1	153	2911	2956
8	3	1	154	164	246
8	0	0	155	256	301
8	4	5	156	317	405
8	1	1	157	442	496
8	7	4	158	566	641
8	5	4	159	690	727
8	7	5	160	753	835
8	6	3	161	1089	1132
8	6	3	162	1132	1209
8	7	5	163	1317	1360
8	3	2	164	1394	1416
8	0	0	165	1469	1538
8	6	4	166	1606	1706
8	0	0	167	1769	1785
8	7	5	168	1787	1823
8	2	3	169	1823	1925
8	6	4	170	2081	2172
8	5	2	171	2185	2231
8	3	2	172	2251	2338
8	5	4	173	2546	2589
8	0	0	174	2693	2751
8	6	4	175	2751	2812
8	0	0	176	2845	2878
9	3	2	177	47	111
9	2	3	178	238	297
9	5	4	179	374	468
9	5	4	180	727	760
9	4	0	181	832	912
9	6	4	182	913	958
9	6	4	183	958	995
9	3	1	184	1024	1064
9	0	0	185	1176	1263
9	0	0	186	1263	1335
9	2	3	187	1376	1440
9	4	5	188	1972	2050
9	1	1	189	2082	2105
9	2	3	190	2119	2169
9	5	2	191	2231	2251
9	1	1	192	2251	2296
9	3	1	193	2390	2414
9	5	2	194	2446	2523
9	2	3	195	2603	2698
10	7	5	196	0	61
10	5	2	197	111	205
10	3	2	198	421	478
10	3	2	199	604	692
10	1	3	200	729	792
10	5	3	201	913	976
10	1	1	202	1073	1169
10	3	2	203	1191	1243
10	3	1	204	1601	1689
10	7	5	205	1823	1895
10	6	4	206	1911	1957
10	0	0	207	1966	2062
10	5	2	208	2092	2185
10	4	5	209	2185	2224
10	6	3	210	2262	2339
10	2	3	211	2339	2357
10	3	2	212	2754	2816
10	5	2	213	2816	2836
10	2	3	214	2845	2908
11	3	1	215	0	24
11	7	4	216	167	258
11	2	3	217	556	582
11	0	0	218	588	678
11	0	2	219	725	778
11	3	2	220	871	924
11	3	1	221	961	1024
11	6	3	222	1073	1089
11	5	4	223	1194	1260
11	2	3	224	1305	1376
11	6	4	225	1440	1487
11	5	4	226	1706	1753
11	1	1	227	1826	1861
11	0	0	228	1949	1966
11	1	1	229	1999	2082
11	0	0	230	2475	2487
11	3	1	231	2579	2684
11	7	5	232	2684	2712
11	7	5	233	2712	2799
11	5	2	234	2836	2872
11	0	0	235	2878	2919
12	0	2	236	0	47
12	1	1	237	47	105
12	0	0	238	131	189
12	1	1	239	380	442
12	0	2	240	692	725
12	5	4	241	760	858
12	1	3	242	976	1073
12	0	0	243	1132	1176
12	3	1	244	1461	1520
12	2	3	245	1619	1702
12	3	1	246	1897	1999
12	0	0	247	2062	2152
12	2	3	248	2169	2262
12	0	0	249	2315	2380
12	6	4	250	2380	2397
12	2	3	251	2397	2492
13	3	1	252	281	353
13	0	0	253	356	432
13	6	3	254	626	729
13	7	5	255	835	878
13	3	2	256	1064	1123
13	1	1	257	1214	1278
13	7	5	258	1380	1410
13	5	2	259	1505	1595
13	0	0	260	1755	1769
13	0	2	261	1855	1870
13	5	2	262	1941	2012
13	4	5	263	2224	2291
13	2	3	264	2357	2397
13	1	1	265	2722	2792
13	3	1	266	2835	2911
13	4	5	267	2911	2962
14	3	1	268	24	46
14	6	3	269	186	238
14	4	5	270	238	317
14	1	1	271	353	380
14	5	3	272	508	546
14	2	3	273	546	556
14	1	1	274	556	602
14	6	3	275	608	626
14	4	0	276	753	832
14	1	1	277	837	869
14	0	2	278	961	1055
14	7	5	279	1101	1116
14	1	1	280	1278	1338
14	1	1	281	1338	1390
14	5	2	282	1416	1505
14	1	1	283	1520	1601
14	2	3	284	1740	1819
14	6	4	285	1819	1911
14	4	5	286	2363	2401
14	0	0	287	2421	2475
14	5	4	288	2523	2546
14	2	3	289	2553	2603
14	1	1	290	2684	2722
14	2	3	291	2796	2845
14	6	4	292	2894	2927


Solution History:
