This is the output of Heuristic Solver for Dual resource constrained flexible job shop Scheduling Problem.
Input file is: Mk03.txt
Method: FaFM_45_75_900
Seed: 1
Number of Jobs: 15
Number of Operations: 150
Number of Machines: 8
Number of Operators: 6
CPU Time: 79.405
obj: 245
Best found lower bound:0
Solver gap (best found lower bound and upper bound difference): Not known


Final Solution:
Job	Machine	Operator	Operation	Start Time	Finish Time
0	3	2	0	0	6
0	3	1	1	30	35
0	6	3	2	62	71
0	6	3	3	71	76
0	4	5	4	77	85
0	3	1	5	85	90
0	4	0	6	103	108
0	0	0	7	164	181
0	7	5	8	190	199
0	5	2	9	204	206
1	6	3	10	0	3
1	0	0	11	57	80
1	1	1	12	82	83
1	7	5	13	119	127
1	2	3	14	128	141
1	5	2	15	141	156
1	3	1	16	183	188
1	1	1	17	220	221
1	7	4	18	222	232
1	5	2	19	236	244
2	2	3	20	3	9
2	6	3	21	17	19
2	3	1	22	25	30
2	4	0	23	30	36
2	7	5	24	56	62
2	5	4	25	65	68
2	2	3	26	86	102
2	4	5	27	131	137
2	0	2	28	181	204
2	1	1	29	225	229
3	3	2	30	6	17
3	4	0	31	17	25
3	1	1	32	43	67
3	7	4	33	77	80
3	5	2	34	88	103
3	1	1	35	129	136
3	4	5	36	152	157
3	6	4	37	182	188
3	0	0	38	204	228
3	4	5	39	228	237
4	5	4	40	45	61
4	5	4	41	61	65
4	4	5	42	85	93
4	3	1	43	93	98
4	3	1	44	106	120
4	1	1	45	120	124
4	4	5	46	127	131
4	4	5	47	199	206
4	4	5	48	206	212
4	7	5	49	213	222
5	1	1	50	1	9
5	6	3	51	22	42
5	3	1	52	98	106
5	6	3	53	125	128
5	2	3	54	141	154
5	1	1	55	155	172
5	7	4	56	172	175
5	7	5	57	175	190
5	5	4	58	190	194
5	2	3	59	214	220
6	7	4	60	24	29
6	7	5	61	29	36
6	1	1	62	73	74
6	0	0	63	80	103
6	6	3	64	160	176
6	6	4	65	178	182
6	4	0	66	194	199
6	3	1	67	199	210
6	3	1	68	210	215
6	5	2	69	218	220
7	5	3	70	12	17
7	0	0	71	40	57
7	7	5	72	62	77
7	6	4	73	109	125
7	7	4	74	130	135
7	7	5	75	137	143
7	3	1	76	188	199
7	1	3	77	212	214
7	3	2	78	220	228
7	4	5	79	237	245
8	0	2	80	17	40
8	7	4	81	80	85
8	6	4	82	86	95
8	5	4	83	125	130
8	6	4	84	135	149
8	7	4	85	160	163
8	4	5	86	166	171
8	1	1	87	182	183
8	2	3	88	199	212
8	3	2	89	228	236
9	0	0	90	0	17
9	6	3	91	42	62
9	4	5	92	93	99
9	2	3	93	102	115
9	7	5	94	143	152
9	3	2	95	156	164
9	5	4	96	164	168
9	5	4	97	175	178
9	6	3	98	220	229
9	1	1	99	229	242
10	1	1	100	0	1
10	5	4	101	1	6
10	6	3	102	19	22
10	3	1	103	35	43
10	5	3	104	115	122
10	0	0	105	124	141
10	2	3	106	154	160
10	4	5	107	160	166
10	1	1	108	172	182
10	2	3	109	229	245
11	7	4	110	13	19
11	4	5	111	25	28
11	7	5	112	36	56
11	0	2	113	103	124
11	3	1	114	141	155
11	5	4	115	156	160
11	4	0	116	181	189
11	2	3	117	189	199
11	7	4	118	199	213
11	1	1	119	242	243
12	7	4	120	8	13
12	4	0	121	28	30
12	3	1	122	67	72
12	1	1	123	72	73
12	5	2	124	73	88
12	7	5	125	99	119
12	3	1	126	124	129
12	3	2	127	129	141
12	5	4	128	213	218
12	7	4	129	232	242
13	6	3	130	9	12
13	4	5	131	12	17
13	1	1	132	17	18
13	1	1	133	18	25
13	5	4	134	68	73
13	3	1	135	74	82
13	6	4	136	95	109
13	4	0	137	109	111
13	3	2	138	164	181
13	0	0	139	228	245
14	7	5	140	0	8
14	5	4	141	19	24
14	5	4	142	29	45
14	3	2	143	45	52
14	6	3	144	76	86
14	0	0	145	141	164
14	2	3	146	176	189
14	4	0	147	189	194
14	3	1	148	215	220
14	1	1	149	221	225


Solution History:
