This is the output of Heuristic Solver for Dual resource constrained flexible job shop Scheduling Problem.
Input file is: Mk03.txt
Method: FaFM_45_75_900
Seed: 4
Number of Jobs: 15
Number of Operations: 150
Number of Machines: 8
Number of Operators: 6
CPU Time: 107.821
obj: 246
Best found lower bound:0
Solver gap (best found lower bound and upper bound difference): Not known


Final Solution:
Job	Machine	Operator	Operation	Start Time	Finish Time
0	7	4	0	16	27
0	3	1	1	30	35
0	6	4	2	48	55
0	1	1	3	55	59
0	5	4	4	86	90
0	3	1	5	95	100
0	4	5	6	113	118
0	0	0	7	144	161
0	7	5	8	214	223
0	5	4	9	241	245
1	6	3	10	0	3
1	0	0	11	58	81
1	1	1	12	84	85
1	1	1	13	85	95
1	3	1	14	111	122
1	5	2	15	136	151
1	3	1	16	168	173
1	1	1	17	173	174
1	7	4	18	195	205
1	5	4	19	237	241
2	4	5	20	13	21
2	1	1	21	21	22
2	2	3	22	23	41
2	5	2	23	42	45
2	7	4	24	79	82
2	5	4	25	90	93
2	2	3	26	95	111
2	3	1	27	163	168
2	0	0	28	182	206
2	1	1	29	239	243
3	3	2	30	13	24
3	4	5	31	29	37
3	3	2	32	48	63
3	7	5	33	82	88
3	5	2	34	93	108
3	1	1	35	122	129
3	4	5	36	135	140
3	6	3	37	186	192
3	0	2	38	206	229
3	5	2	39	231	237
4	5	2	40	24	42
4	5	3	41	46	49
4	4	5	42	71	79
4	3	1	43	79	84
4	2	3	44	124	140
4	1	3	45	140	143
4	4	5	46	197	201
4	4	0	47	206	212
4	4	0	48	212	217
4	7	5	49	231	240
5	1	1	50	11	19
5	5	3	51	49	70
5	3	1	52	71	79
5	6	3	53	79	82
5	2	3	54	111	124
5	1	1	55	146	163
5	7	4	56	163	166
5	7	4	57	178	195
5	4	0	58	217	226
5	2	3	59	234	240
6	7	4	60	0	5
6	7	4	61	13	16
6	1	3	62	70	75
6	0	0	63	81	104
6	5	2	64	118	136
6	1	3	65	143	146
6	4	5	66	146	150
6	3	1	67	185	196
6	3	2	68	196	204
6	5	2	69	204	206
7	5	3	70	11	16
7	0	0	71	17	34
7	7	5	72	56	71
7	6	3	73	82	95
7	7	5	74	104	113
7	7	5	75	166	172
7	3	1	76	174	185
7	1	3	77	194	196
7	2	3	78	196	217
7	2	3	79	240	243
8	0	0	80	34	58
8	7	4	81	74	79
8	6	4	82	100	109
8	5	2	83	109	118
8	6	4	84	148	162
8	7	4	85	175	178
8	4	5	86	181	186
8	1	3	87	192	194
8	2	3	88	217	230
8	3	2	89	238	246
9	0	0	90	0	17
9	6	4	91	55	74
9	4	5	92	88	94
9	3	1	93	100	111
9	7	5	94	126	135
9	3	2	95	151	159
9	4	0	96	163	172
9	5	3	97	181	186
9	6	4	98	205	212
9	7	5	99	223	231
10	1	1	100	0	1
10	5	3	101	3	11
10	6	4	102	27	33
10	3	1	103	40	48
10	4	5	104	94	104
10	0	0	105	127	144
10	4	5	106	150	157
10	4	5	107	157	163
10	1	1	108	196	206
10	5	4	109	212	231
11	3	2	110	0	13
11	4	5	111	21	24
11	6	4	112	95	100
11	0	0	113	104	127
11	3	1	114	129	143
11	5	4	115	171	175
11	4	5	116	175	181
11	4	5	117	186	197
11	3	1	118	230	238
11	1	1	119	238	239
12	1	1	120	1	11
12	4	5	121	24	29
12	3	1	122	35	40
12	1	1	123	48	49
12	5	2	124	71	86
12	6	4	125	123	128
12	7	4	126	137	148
12	2	3	127	148	161
12	5	4	128	166	171
12	7	5	129	205	214
13	6	4	130	5	12
13	3	1	131	24	29
13	1	1	132	29	30
13	1	3	133	41	46
13	4	5	134	46	56
13	3	2	135	63	71
13	6	4	136	109	123
13	4	5	137	123	126
13	2	3	138	161	181
13	0	0	139	229	246
14	7	5	140	5	13
14	5	3	141	16	23
14	6	4	142	33	48
14	3	2	143	86	93
14	6	4	144	128	137
14	0	2	145	161	182
14	3	1	146	206	217
14	3	1	147	217	225
14	3	1	148	225	230
14	1	3	149	230	234


Solution History:
