This is the output of Heuristic Solver for Dual resource constrained flexible job shop Scheduling Problem.
Input file is: Mk04.txt
Method: FaFM_45_75_900
Seed: 2
Number of Jobs: 15
Number of Operations: 90
Number of Machines: 8
Number of Operators: 6
CPU Time: 102.882
obj: 99
Best found lower bound:0
Solver gap (best found lower bound and upper bound difference): Not known


Final Solution:
Job	Machine	Operator	Operation	Start Time	Finish Time
0	0	0	0	6	12
0	0	0	1	18	24
0	5	2	2	36	49
0	3	1	3	49	54
0	7	5	4	55	66
0	1	1	5	66	69
0	4	5	6	78	86
0	5	2	7	89	90
1	5	4	8	5	8
1	5	2	9	35	36
1	0	0	10	42	48
1	5	2	11	63	76
1	2	3	12	82	84
1	5	2	13	90	92
1	6	3	14	97	99
2	5	2	15	0	1
2	2	3	16	1	3
2	6	3	17	4	5
2	3	1	18	12	21
2	2	3	19	66	79
2	3	1	20	85	92
3	6	3	21	5	7
3	0	0	22	24	30
3	6	4	23	34	44
3	2	3	24	84	85
3	3	2	25	92	99
4	6	4	26	0	4
4	0	0	27	12	18
4	3	2	28	23	33
4	7	5	29	33	44
4	0	0	30	60	74
4	1	1	31	77	83
4	4	5	32	86	97
5	5	2	33	1	3
5	2	3	34	3	4
5	6	4	35	8	13
5	5	2	36	22	23
5	4	5	37	23	33
5	2	3	38	50	66
5	0	0	39	74	84
5	5	2	40	85	89
5	0	0	41	93	99
6	4	5	42	0	11
6	2	3	43	16	23
6	5	4	44	25	27
6	5	2	45	49	54
6	2	3	46	85	89
7	3	1	47	0	5
7	4	5	48	11	17
7	1	1	49	21	30
7	5	4	50	54	59
7	5	4	51	59	63
7	6	4	52	68	80
8	0	0	53	0	6
8	6	4	54	13	25
8	3	1	55	33	44
8	7	4	56	44	53
8	3	2	57	54	60
8	5	4	58	80	82
8	6	4	59	82	86
8	2	3	60	89	96
8	1	1	61	96	99
9	5	2	62	15	22
9	0	0	63	48	60
9	6	4	64	63	68
9	3	1	65	69	77
9	6	4	66	86	97
10	2	3	67	7	16
10	0	0	68	36	42
10	1	1	69	44	47
10	3	1	70	64	66
11	3	1	71	10	12
11	5	4	72	27	30
11	0	0	73	30	36
11	2	3	74	43	50
11	7	5	75	66	78
11	6	3	76	80	82
12	5	2	77	3	5
12	2	3	78	27	31
12	5	2	79	34	35
12	4	5	80	44	55
13	5	2	81	8	15
13	5	4	82	30	34
13	3	2	83	77	85
14	3	1	84	5	10
14	6	3	85	25	27
14	2	3	86	31	43
14	1	1	87	54	57
14	3	1	88	60	64
14	0	0	89	84	93


Solution History:
