This is the output of Heuristic Solver for Dual resource constrained flexible job shop Scheduling Problem.
Input file is: Mk09.txt
Method: FaFM_45_75_900
Seed: 2
Number of Jobs: 20
Number of Operations: 240
Number of Machines: 10
Number of Operators: 6
CPU Time: 859.231
obj: 474
Best found lower bound:0
Solver gap (best found lower bound and upper bound difference): Not known


Final Solution:
Job	Machine	Operator	Operation	Start Time	Finish Time
0	0	3	0	68	80
0	7	2	1	119	136
0	7	5	2	171	189
0	0	3	3	196	209
0	1	5	4	219	237
0	8	3	5	252	262
0	6	4	6	293	305
0	0	0	7	323	330
0	8	3	8	365	380
0	3	1	9	407	423
0	1	1	10	437	442
0	3	2	11	464	474
1	7	2	12	57	74
1	4	0	13	90	96
1	1	1	14	110	120
1	4	4	15	121	131
1	2	0	16	134	145
1	5	4	17	174	186
1	6	4	18	186	197
1	0	3	19	209	220
1	6	4	20	228	240
1	0	0	21	271	281
1	3	1	22	330	337
1	3	5	23	445	463
1	6	3	24	463	474
2	6	4	25	0	7
2	4	4	26	70	81
2	1	1	27	94	110
2	0	3	28	114	131
2	3	2	29	136	144
2	3	1	30	245	268
2	0	0	31	281	291
2	0	3	32	341	355
2	4	4	33	359	368
2	2	0	34	411	422
2	2	2	35	446	464
3	5	4	36	29	41
3	0	0	37	80	90
3	0	3	38	165	177
3	7	2	39	198	215
3	3	1	40	226	245
3	7	2	41	246	263
3	3	5	42	291	301
3	4	0	43	318	323
3	2	0	44	338	355
3	6	4	45	368	379
3	0	3	46	401	413
4	7	2	47	0	17
4	3	1	48	57	73
4	4	4	49	150	163
4	4	4	50	163	174
4	3	5	51	190	200
4	1	5	52	200	219
4	6	3	53	314	319
4	7	2	54	325	339
4	4	4	55	347	359
4	1	1	56	369	374
4	3	5	57	376	384
4	7	2	58	390	401
4	0	3	59	422	432
4	0	0	60	449	456
5	1	1	61	73	78
5	1	1	62	78	94
5	0	3	63	100	114
5	2	0	64	145	162
5	4	4	65	270	281
5	3	5	66	284	291
5	7	2	67	339	356
5	7	2	68	376	390
5	1	1	69	442	447
5	6	3	70	449	454
5	0	0	71	456	462
6	7	2	72	17	37
6	7	2	73	144	161
6	7	2	74	161	169
6	3	1	75	207	226
6	0	0	76	226	236
6	1	5	77	237	243
6	1	5	78	243	251
6	4	4	79	261	270
6	3	5	80	275	284
6	0	0	81	291	297
6	7	2	82	305	325
6	6	4	83	398	409
6	3	1	84	423	430
6	1	1	85	457	473
7	0	3	86	0	13
7	4	4	87	13	19
7	4	4	88	19	29
7	6	4	89	89	101
7	8	1	90	143	154
7	1	1	91	162	174
7	6	4	92	219	228
7	1	1	93	288	293
7	5	4	94	305	326
7	3	5	95	369	376
7	1	5	96	425	437
7	3	5	97	437	445
7	4	4	98	452	462
8	7	5	99	94	114
8	1	1	100	120	125
8	0	3	101	149	165
8	3	2	102	171	190
8	4	4	103	197	206
8	2	2	104	215	229
8	1	1	105	280	288
8	8	3	106	328	341
8	8	3	107	355	365
8	1	1	108	447	457
8	7	5	109	463	474
9	3	5	110	16	33
9	0	3	111	39	46
9	2	0	112	96	113
9	1	1	113	179	190
9	8	3	114	220	234
9	8	3	115	234	247
9	4	4	116	251	261
9	3	5	117	320	330
9	1	5	118	393	405
9	2	0	119	422	433
9	0	3	120	440	449
9	0	0	121	462	472
10	8	1	122	7	18
10	4	0	123	29	38
10	5	4	124	41	55
10	3	5	125	154	171
10	0	0	126	177	183
10	7	2	127	190	198
10	6	4	128	206	219
10	2	0	129	297	318
10	0	0	130	366	376
10	3	1	131	430	437
11	9	5	132	71	81
11	0	3	133	90	100
11	3	5	134	114	132
11	8	1	135	134	143
11	6	3	136	144	149
11	6	3	137	177	186
11	1	5	138	264	275
11	7	2	139	280	294
11	6	3	140	319	328
11	4	4	141	379	389
11	9	2	142	401	422
12	1	5	143	0	7
12	2	0	144	38	59
12	8	3	145	80	90
12	4	4	146	140	150
12	1	1	147	190	198
12	3	1	148	200	207
12	1	5	149	251	264
12	7	2	150	356	376
12	0	3	151	380	390
12	0	3	152	390	401
12	6	3	153	454	463
13	6	3	154	13	24
13	0	3	155	46	58
13	9	2	156	94	119
13	0	3	157	131	144
13	1	1	158	154	162
13	0	0	159	265	271
13	3	1	160	337	359
13	3	1	161	384	391
13	2	0	162	401	411
13	2	0	163	433	444
14	0	0	164	17	27
14	0	3	165	29	39
14	1	1	166	44	49
14	1	1	167	49	57
14	4	4	168	81	89
14	8	1	169	125	134
14	1	1	170	174	179
14	4	4	171	287	293
14	3	5	172	301	320
14	2	0	173	355	366
14	1	1	174	374	384
14	6	4	175	389	398
15	7	2	176	37	57
15	0	3	177	58	68
15	2	0	178	113	134
15	8	3	179	186	196
15	7	2	180	229	246
15	6	3	181	247	252
15	6	3	182	281	290
15	1	1	183	293	304
15	0	0	184	330	338
15	1	5	185	352	368
15	3	1	186	391	407
15	4	4	187	409	420
15	0	3	188	432	440
15	4	4	189	446	452
16	1	1	190	18	26
16	8	1	191	26	44
16	6	4	192	55	70
16	7	2	193	74	94
16	4	4	194	101	109
16	4	0	195	215	221
16	0	0	196	246	256
16	6	3	197	262	267
16	0	3	198	299	314
16	1	5	199	330	352
16	3	1	200	359	369
16	2	0	201	387	401
16	0	3	202	413	422
17	1	5	203	33	44
17	3	5	204	44	52
17	4	0	205	59	65
17	4	4	206	131	140
17	2	0	207	192	206
17	4	4	208	240	251
17	8	3	209	267	281
17	1	1	210	304	321
17	1	5	211	384	393
17	7	5	212	405	425
17	4	4	213	428	446
18	2	0	214	0	17
18	1	5	215	57	71
18	3	5	216	81	93
18	1	5	217	132	154
18	2	0	218	162	176
18	0	0	219	256	265
18	3	1	220	268	275
18	1	1	221	275	280
18	4	4	222	281	287
18	7	2	223	294	305
18	1	1	224	321	326
18	6	4	225	420	428
18	4	4	226	462	474
19	3	1	227	0	7
19	1	5	228	7	16
19	6	3	229	24	29
19	2	0	230	65	79
19	4	4	231	109	121
19	0	0	232	183	192
19	4	0	233	206	215
19	0	0	234	236	246
19	7	2	235	263	280
19	8	3	236	290	299
19	5	4	237	326	347
19	2	0	238	376	387
19	9	2	239	422	446


Solution History:
