This is the output of Heuristic Solver for Dual resource constrained flexible job shop Scheduling Problem.
Input file is: wfjsp21_10.txt
Method: FaFM_45_75_900
Seed: 4
Number of Jobs: 25
Number of Operations: 248
Number of Machines: 15
Number of Operators: 12
CPU Time: 985.852
obj: 1116
Best found lower bound:0
Solver gap (best found lower bound and upper bound difference): Not known


Final Solution:
Job	Machine	Operator	Operation	Start Time	Finish Time
0	0	4	0	78	150
0	3	3	1	217	301
0	4	7	2	354	416
0	14	9	3	502	578
0	11	3	4	624	685
0	8	10	5	701	730
0	13	3	6	786	823
0	14	0	7	869	917
0	6	6	8	1007	1087
0	11	4	9	1093	1116
1	2	8	10	0	38
1	11	4	11	44	78
1	4	7	12	228	323
1	13	9	13	423	502
1	14	9	14	752	816
1	8	1	15	831	913
1	3	0	16	917	999
1	10	11	17	1014	1026
2	6	4	18	0	8
2	4	3	19	8	56
2	12	10	20	190	264
2	1	11	21	266	349
2	10	0	22	419	470
2	6	5	23	510	576
2	13	9	24	580	620
2	11	5	25	691	714
2	7	4	26	714	763
2	14	3	27	823	844
2	1	11	28	844	927
2	12	7	29	1016	1044
3	0	6	30	0	69
3	5	4	31	296	375
3	12	4	32	375	443
3	11	2	33	465	503
3	13	0	34	530	580
3	4	11	35	603	683
3	8	1	36	913	927
3	11	3	37	932	950
3	2	10	38	950	969
3	14	0	39	1016	1067
3	3	10	40	1081	1116
4	6	3	41	125	216
4	1	9	42	354	420
4	7	1	43	435	521
4	0	0	44	580	595
4	12	7	45	660	673
4	3	4	46	763	829
4	12	4	47	829	875
4	10	8	48	962	975
5	5	1	49	132	223
5	12	1	50	264	353
5	8	11	51	353	379
5	3	7	52	426	492
5	3	3	53	492	501
5	9	10	54	514	596
5	11	5	55	714	786
5	12	8	56	797	814
5	9	9	57	889	955
5	0	5	58	1000	1034
5	6	6	59	1087	1095
6	4	6	60	69	160
6	5	6	61	247	290
6	14	0	62	337	419
6	3	2	63	503	576
6	2	2	64	624	712
6	12	1	65	712	792
6	7	6	66	815	864
6	0	7	67	956	1000
6	12	7	68	1000	1016
7	6	4	69	20	44
7	6	3	70	56	75
7	3	8	71	102	124
7	14	10	72	147	190
7	5	8	73	375	427
7	12	4	74	459	477
7	10	8	75	480	545
7	3	2	76	576	623
7	13	10	77	862	900
7	8	1	78	927	965
8	8	11	79	106	190
8	7	5	80	219	254
8	3	7	81	323	354
8	10	2	82	367	394
8	3	7	83	416	426
8	9	10	84	434	514
8	5	1	85	545	581
8	3	8	86	623	659
8	13	8	87	659	728
8	9	8	88	728	797
8	8	4	89	1075	1093
9	14	10	90	0	78
9	9	10	91	78	147
9	9	9	92	178	210
9	1	9	93	210	226
9	9	10	94	348	434
9	8	7	95	492	539
9	11	8	96	545	621
9	8	10	97	628	701
9	0	0	98	778	844
9	4	7	99	863	956
9	7	1	100	965	1047
9	12	7	101	1047	1112
10	1	11	102	19	106
10	6	5	103	337	425
10	2	3	104	576	624
10	14	9	105	624	656
10	13	3	106	735	786
10	9	9	107	816	889
10	10	8	108	948	962
10	10	11	109	1026	1102
11	6	4	110	8	20
11	10	8	111	38	102
11	2	0	112	217	284
11	6	0	113	284	337
11	12	7	114	574	660
11	0	6	115	700	770
11	0	3	116	844	932
11	13	2	117	944	1023
11	0	5	118	1045	1114
12	13	9	119	40	133
12	0	5	120	189	219
12	14	1	121	223	262
12	8	11	122	379	457
12	0	5	123	485	510
12	5	0	124	595	668
12	7	1	125	692	711
12	14	0	126	844	869
12	2	10	127	908	946
12	1	9	128	1033	1060
12	13	0	129	1067	1098
13	8	7	130	0	32
13	7	7	131	32	88
13	11	5	132	94	111
13	11	8	133	185	272
13	9	10	134	336	348
13	7	1	135	353	435
13	1	4	136	443	459
13	1	4	137	558	625
13	9	4	138	628	708
13	3	10	139	738	760
13	10	8	140	814	880
13	14	6	141	931	1007
14	6	3	142	75	125
14	3	0	143	126	217
14	10	2	144	300	367
14	11	6	145	371	439
14	0	6	146	439	450
14	12	4	147	477	558
14	4	7	148	738	802
14	6	5	149	805	893
14	3	3	150	999	1049
14	1	4	151	1061	1075
14	2	8	152	1083	1115
15	2	2	153	55	142
15	4	7	154	160	228
15	2	6	155	290	371
15	1	11	156	459	538
15	6	6	157	583	664
15	5	6	158	668	700
15	2	10	159	760	784
15	10	8	160	880	948
15	4	9	161	956	1033
16	5	0	162	0	31
16	1	8	163	124	185
16	11	8	164	272	351
16	6	6	165	450	493
16	2	10	166	784	862
16	11	6	167	864	931
16	11	8	168	1000	1037
16	14	9	169	1067	1108
17	14	7	170	88	136
17	13	6	171	160	247
17	7	5	172	254	335
17	14	5	173	425	485
17	9	10	174	596	628
17	14	9	175	656	752
17	7	6	176	770	815
17	1	11	177	927	1014
17	5	2	178	1023	1039
17	7	1	179	1047	1110
18	8	1	180	38	53
18	12	0	181	63	126
18	7	7	182	136	156
18	7	4	183	156	209
18	2	2	184	394	465
18	8	2	185	739	821
18	12	4	186	883	971
18	8	4	187	971	1061
19	12	2	188	0	55
19	12	2	189	142	183
19	2	2	190	183	208
19	8	2	191	208	300
19	5	8	192	427	480
19	5	0	193	480	530
19	3	7	194	673	738
19	13	2	195	823	857
19	9	10	196	969	1047
20	11	5	197	111	159
20	0	5	198	159	189
20	10	11	199	190	266
20	14	3	200	301	337
20	5	1	201	530	545
20	2	7	202	545	574
20	7	5	203	576	610
20	2	2	204	712	739
20	10	0	205	744	778
20	11	1	206	792	831
20	11	8	207	1037	1083
21	3	5	208	0	86
21	5	1	209	99	132
21	10	9	210	133	178
21	13	3	211	337	423
21	0	3	212	510	576
21	10	11	213	580	603
21	6	0	214	668	744
21	10	5	215	786	805
21	5	2	216	857	944
21	2	8	217	975	1000
21	5	3	218	1049	1116
22	1	11	219	0	19
22	5	0	220	31	63
22	9	4	221	210	296
22	4	3	222	423	490
22	8	11	223	539	562
22	10	11	224	562	580
22	8	1	225	581	616
22	7	1	226	616	692
22	5	11	227	757	835
22	4	2	228	1039	1106
23	13	9	229	0	40
23	8	1	230	53	99
23	0	9	231	226	270
23	0	9	232	270	354
23	4	6	233	493	583
23	0	5	234	610	691
23	5	11	235	700	757
23	4	7	236	802	863
23	12	4	237	875	883
23	2	5	238	893	908
23	11	3	239	950	999
24	11	1	240	0	38
24	11	5	241	86	94
24	13	10	242	264	336
24	4	3	243	685	735
24	6	5	244	908	992
24	14	0	245	1007	1016
24	0	5	246	1034	1045
24	3	10	247	1049	1081


Solution History:
