This is the output of Heuristic Solver for Dual resource constrained flexible job shop Scheduling Problem.
Input file is: wfjsp17_10.txt
Method: FaFM_45_75_900
Seed: 3
Number of Jobs: 15
Number of Operations: 127
Number of Machines: 5
Number of Operators: 4
CPU Time: 150.733
obj: 1783
Best found lower bound:0
Solver gap (best found lower bound and upper bound difference): Not known


Final Solution:
Job	Machine	Operator	Operation	Start Time	Finish Time
0	0	2	0	0	79
0	3	2	1	477	561
0	4	3	2	581	652
0	0	2	3	843	930
0	3	2	4	1273	1332
0	0	2	5	1490	1521
0	2	3	6	1548	1583
0	3	3	7	1715	1770
1	4	3	8	0	88
1	4	1	9	281	309
1	1	0	10	398	434
1	2	1	11	494	528
1	0	2	12	754	843
1	3	2	13	959	1043
1	0	1	14	1227	1289
1	2	2	15	1602	1684
2	0	2	16	232	314
2	4	1	17	391	405
2	1	2	18	468	477
2	1	0	19	477	526
2	1	1	20	755	827
2	4	1	21	859	950
2	2	2	22	1102	1150
2	4	3	23	1638	1715
3	4	3	24	88	137
3	1	0	25	213	236
3	2	2	26	314	362
3	2	1	27	476	494
3	1	1	28	669	755
3	4	1	29	827	859
3	4	3	30	1229	1310
3	3	3	31	1467	1548
4	2	1	32	0	64
4	3	0	33	434	470
4	1	0	34	543	605
4	0	1	35	1094	1171
4	2	2	36	1171	1185
4	0	1	37	1203	1227
4	0	3	38	1393	1415
4	0	3	39	1415	1467
4	2	1	40	1748	1782
5	0	3	41	137	231
5	0	2	42	602	672
5	1	0	43	945	1035
5	2	2	44	1043	1058
5	3	2	45	1150	1165
5	3	2	46	1332	1404
5	3	0	47	1407	1455
5	4	2	48	1736	1751
6	3	0	49	50	145
6	0	3	50	450	541
6	3	2	51	930	959
6	0	1	52	1025	1094
6	3	3	53	1119	1128
6	4	3	54	1128	1211
6	4	3	55	1310	1393
6	0	1	56	1547	1568
6	1	0	57	1714	1779
7	1	1	58	64	100
7	0	1	59	100	109
7	3	3	60	319	412
7	2	1	61	620	669
7	2	3	62	848	935
7	1	0	63	1117	1185
7	3	2	64	1185	1273
7	0	1	65	1568	1648
8	4	2	66	164	219
8	2	2	67	411	468
8	1	0	68	526	543
8	0	3	69	693	719
8	1	0	70	899	921
8	1	0	71	921	945
8	1	0	72	1455	1506
8	1	0	73	1506	1554
8	4	2	74	1751	1774
9	3	0	75	145	213
9	4	1	76	309	357
9	3	2	77	561	602
9	2	3	78	808	848
9	1	0	79	1035	1117
9	3	3	80	1583	1622
9	0	1	81	1648	1683
9	2	2	82	1709	1736
9	0	3	83	1770	1783
10	1	0	84	303	398
10	0	3	85	412	450
10	0	3	86	541	581
10	3	0	87	652	721
10	0	1	88	950	1025
10	4	3	89	1211	1229
10	4	2	90	1404	1490
10	0	1	91	1683	1748
11	3	0	92	0	32
11	1	0	93	32	50
11	2	1	94	188	281
11	2	2	95	362	411
11	2	2	96	672	754
11	2	3	97	935	1022
11	3	3	98	1049	1119
11	0	1	99	1289	1379
11	2	1	100	1458	1547
12	1	1	101	109	188
12	2	1	102	528	620
12	4	3	103	719	808
12	2	2	104	1058	1102
12	0	1	105	1171	1203
12	1	0	106	1356	1407
12	4	2	107	1521	1602
12	4	3	108	1622	1638
13	2	2	109	79	164
13	4	2	110	219	232
13	1	0	111	236	303
13	4	1	112	405	476
13	1	0	113	605	652
13	3	0	114	809	899
13	1	0	115	1185	1262
13	1	0	116	1262	1356
13	2	1	117	1379	1458
13	1	0	118	1645	1714
14	3	3	119	231	319
14	4	1	120	357	391
14	4	3	121	652	693
14	3	0	122	721	809
14	4	3	123	1022	1049
14	1	0	124	1554	1627
14	3	0	125	1627	1645
14	3	2	126	1684	1709


Solution History:
