This is the output of Heuristic Solver for Dual resource constrained flexible job shop Scheduling Problem.
Input file is: wfjsp15_3.txt
Method: FaFM_45_75_900
Seed: 2
Number of Jobs: 30
Number of Operations: 385
Number of Machines: 15
Number of Operators: 15
CPU Time: 4519.28
obj: 1365
Best found lower bound:0
Solver gap (best found lower bound and upper bound difference): Not known


Final Solution:
Job	Machine	Operator	Operation	Start Time	Finish Time
0	10	5	0	0	61
0	11	4	1	74	87
0	1	11	2	237	253
0	11	1	3	268	351
0	13	6	4	375	446
0	4	6	5	446	510
0	4	6	6	595	678
0	4	6	7	678	711
0	12	3	8	747	847
0	3	12	9	855	872
0	6	9	10	917	979
0	1	11	11	995	1080
0	3	10	12	1089	1107
0	4	11	13	1279	1365
1	3	13	14	36	131
1	3	13	15	131	159
1	12	14	16	159	216
1	3	12	17	298	318
1	10	5	18	383	466
1	4	11	19	539	550
1	14	3	20	622	648
1	1	1	21	655	698
1	1	7	22	747	844
1	10	5	23	844	907
1	3	8	24	987	1016
1	7	12	25	1171	1267
1	7	12	26	1267	1364
2	11	4	27	0	8
2	14	4	28	8	38
2	4	6	29	167	281
2	7	7	30	288	322
2	6	7	31	322	353
2	7	13	32	441	499
2	9	13	33	499	561
2	3	4	34	666	732
2	9	13	35	742	839
2	7	12	36	872	965
2	6	9	37	1045	1059
2	14	1	38	1099	1132
2	4	6	39	1202	1271
2	14	7	40	1306	1319
2	2	13	41	1320	1343
3	13	8	42	0	58
3	4	6	43	101	133
3	14	5	44	243	299
3	1	11	45	361	445
3	1	1	46	539	615
3	12	7	47	666	747
3	6	5	48	798	814
3	3	7	49	919	935
3	5	3	50	935	1001
3	12	4	51	1046	1103
3	14	5	52	1195	1224
3	1	7	53	1279	1303
3	1	8	54	1306	1363
4	9	14	55	0	24
4	5	11	56	24	51
4	8	2	57	180	256
4	12	11	58	256	328
4	1	11	59	445	539
4	13	2	60	539	650
4	9	14	61	650	658
4	8	14	62	658	716
4	14	9	63	720	816
4	8	13	64	946	991
4	8	13	65	991	1021
4	2	1	66	1027	1088
4	6	9	67	1101	1139
4	8	2	68	1180	1262
4	14	5	69	1353	1361
5	5	11	70	51	155
5	1	14	71	253	314
5	14	4	72	335	364
5	5	14	73	394	468
5	13	2	74	508	537
5	2	0	75	659	726
5	11	6	76	796	806
5	11	6	77	806	834
5	7	7	78	847	859
5	10	5	79	907	972
5	0	5	80	972	1044
5	10	2	81	1058	1107
5	2	13	82	1154	1170
5	14	7	83	1319	1353
5	12	4	84	1353	1364
6	12	2	85	9	81
6	3	3	86	202	245
6	13	2	87	256	291
6	5	14	88	314	334
6	12	11	89	334	361
6	13	2	90	446	508
6	11	11	91	595	640
6	12	4	92	642	666
6	1	14	93	716	746
6	10	1	94	789	827
6	2	4	95	918	988
6	6	9	96	1059	1090
6	9	0	97	1147	1230
6	0	0	98	1230	1321
7	6	12	99	25	117
7	10	10	100	263	316
7	1	9	101	316	354
7	12	7	102	361	463
7	8	10	103	584	656
7	11	10	104	656	685
7	2	8	105	726	737
7	9	6	106	839	901
7	0	0	107	923	959
7	8	10	108	1023	1089
7	6	9	109	1139	1232
7	8	2	110	1271	1362
8	0	9	111	176	280
8	3	12	112	318	369
8	14	10	113	369	399
8	6	9	114	470	497
8	4	11	115	550	594
8	6	9	116	686	720
8	7	12	117	740	751
8	1	8	118	844	916
8	1	8	119	916	986
8	14	8	120	1292	1306
8	9	1	121	1306	1362
9	7	3	122	0	40
9	7	3	123	40	70
9	12	4	124	87	153
9	5	14	125	334	394
9	14	10	126	493	559
9	0	8	127	580	638
9	5	11	128	647	717
9	13	2	129	796	872
9	2	3	130	1001	1027
9	9	0	131	1058	1123
9	9	0	132	1123	1147
9	10	1	133	1147	1213
9	10	10	134	1318	1361
10	6	12	135	0	25
10	0	9	136	41	116
10	7	13	137	220	283
10	9	0	138	323	363
10	2	4	139	367	419
10	8	3	140	419	475
10	9	13	141	561	590
10	14	3	142	590	622
10	8	10	143	716	809
10	5	14	144	865	932
10	4	1	145	1006	1024
10	11	6	146	1024	1048
10	2	13	147	1170	1244
10	12	14	148	1279	1336
11	4	6	149	42	101
11	0	9	150	116	176
11	13	7	151	176	214
11	0	9	152	280	314
11	8	3	153	344	418
11	2	8	154	528	580
11	3	7	155	627	665
11	6	5	156	720	755
11	14	10	157	816	837
11	12	3	158	882	927
11	7	12	159	1035	1076
11	2	8	160	1088	1122
11	3	4	161	1155	1215
11	14	5	162	1224	1292
11	13	5	163	1292	1348
12	2	0	164	0	37
12	1	14	165	90	155
12	14	5	166	155	243
12	14	8	167	307	335
12	6	9	168	381	470
12	4	6	169	510	534
12	7	7	170	570	626
12	14	3	171	648	686
12	11	2	172	690	702
12	11	2	173	702	795
12	0	0	174	818	894
12	14	10	175	894	961
12	14	3	176	1027	1099
12	12	2	177	1107	1179
12	10	10	178	1213	1309
13	11	7	179	87	166
13	9	0	180	170	208
13	6	5	181	299	321
13	14	4	182	432	493
13	6	9	183	497	564
13	13	5	184	651	715
13	2	8	185	737	832
13	4	2	186	950	1006
13	7	12	187	1076	1105
13	10	10	188	1107	1123
13	12	7	189	1179	1279
14	8	10	190	0	30
14	10	5	191	61	88
14	4	6	192	133	167
14	3	12	193	369	447
14	10	5	194	466	533
14	7	12	195	627	672
14	3	4	196	803	855
14	1	11	197	986	995
14	5	14	198	1011	1083
14	6	9	199	1090	1101
14	1	11	200	1214	1279
14	11	6	201	1290	1340
15	12	11	202	0	9
15	14	5	203	88	154
15	9	0	204	208	281
15	3	12	205	447	510
15	3	12	206	548	627
15	9	13	207	627	637
15	13	2	208	872	950
15	13	6	209	986	1014
15	5	11	210	1083	1122
15	11	6	211	1122	1177
15	4	6	212	1177	1202
15	11	6	213	1275	1290
16	13	8	214	58	159
16	3	8	215	159	194
16	13	2	216	291	373
16	11	1	217	389	467
16	14	10	218	559	573
16	5	14	219	581	647
16	14	10	220	686	701
16	5	11	221	717	812
16	5	11	222	812	865
16	3	7	223	935	987
16	13	7	224	1059	1068
16	13	7	225	1068	1157
16	11	14	226	1180	1207
16	3	4	227	1215	1243
16	3	13	228	1244	1271
17	4	1	229	0	41
17	6	12	230	117	150
17	5	8	231	202	252
17	2	10	232	323	367
17	0	8	233	371	397
17	5	14	234	540	581
17	1	1	235	615	655
17	10	1	236	698	789
17	9	6	237	901	969
17	7	12	238	969	1035
17	5	4	239	1327	1352
18	1	7	240	0	17
18	9	1	241	90	123
18	9	1	242	123	170
18	10	10	243	235	263
18	7	13	244	332	396
18	6	9	245	564	658
18	10	2	246	658	690
18	9	13	247	720	742
18	8	5	248	814	841
18	12	3	249	847	882
18	14	10	250	961	1023
18	9	6	251	1048	1058
18	4	14	252	1124	1154
18	6	9	253	1232	1301
19	1	7	254	17	86
19	10	10	255	109	138
19	7	13	256	192	220
19	13	7	257	220	255
19	8	7	258	256	288
19	4	6	259	325	375
19	4	2	260	408	434
19	10	5	261	533	602
19	4	3	262	711	746
19	8	13	263	847	946
19	13	11	264	950	981
19	10	2	265	1006	1058
19	1	11	266	1124	1214
19	9	1	267	1248	1300
20	11	6	268	8	42
20	2	4	269	156	209
20	9	0	270	281	323
20	7	4	271	499	570
20	0	8	272	638	691
20	3	4	273	732	755
20	4	14	274	820	843
20	6	9	275	877	917
20	1	14	276	1083	1124
20	2	13	277	1124	1154
20	5	8	278	1228	1287
21	9	14	279	24	90
21	2	0	280	90	156
21	6	12	281	156	223
21	11	1	282	351	389
21	12	7	283	463	564
21	2	0	284	580	618
21	7	12	285	751	847
21	14	10	286	853	888
21	12	14	287	932	987
21	13	7	288	1014	1059
21	14	5	289	1132	1195
21	2	13	290	1273	1320
22	2	1	291	41	90
22	8	2	292	93	117
22	10	5	293	321	383
22	7	13	294	396	441
22	11	1	295	467	537
22	11	6	296	537	595
22	9	13	297	612	625
22	4	14	298	843	864
22	3	8	299	1016	1079
22	3	4	300	1107	1155
22	11	14	301	1207	1275
22	10	10	302	1309	1318
22	0	0	303	1321	1350
23	7	3	304	70	161
23	7	13	305	161	192
23	6	12	306	223	287
23	9	0	307	363	380
23	4	2	308	380	408
23	0	0	309	486	577
23	9	13	310	658	720
23	4	14	311	746	820
23	4	11	312	865	950
23	9	0	313	969	1047
23	11	6	314	1058	1113
23	2	4	315	1244	1273
24	8	10	316	30	93
24	10	10	317	93	109
24	5	3	318	161	202
24	3	3	319	245	289
24	0	10	320	399	486
24	12	4	321	570	642
24	7	12	322	672	740
24	11	1	323	834	916
24	7	12	324	1105	1171
24	5	8	325	1177	1228
24	9	1	326	1230	1248
24	3	4	327	1273	1322
24	11	6	328	1340	1356
25	10	10	329	138	235
25	8	3	330	289	344
25	6	9	331	354	381
25	9	13	332	590	612
25	6	9	333	658	686
25	0	8	334	691	724
25	0	0	335	726	818
25	0	0	336	894	923
25	11	14	337	987	1011
25	5	8	338	1122	1177
26	14	4	339	38	74
26	2	4	340	239	323
26	9	0	341	441	481
26	8	3	342	481	584
26	6	9	343	816	877
26	11	6	344	975	986
26	8	3	345	1099	1155
26	8	14	346	1155	1180
26	13	3	347	1244	1281
26	6	9	348	1301	1353
27	0	9	349	0	41
27	8	2	350	117	180
27	2	4	351	209	239
27	4	13	352	283	325
27	14	8	353	399	432
27	5	14	354	468	540
27	6	5	355	755	798
27	11	1	356	916	975
27	6	9	357	979	1045
27	0	5	358	1045	1117
27	13	3	359	1157	1244
28	3	13	360	0	36
28	1	11	361	155	237
28	5	8	362	252	307
28	7	4	363	323	332
28	0	8	364	335	371
28	2	8	365	432	528
28	10	5	366	602	651
28	13	6	367	715	796
28	14	10	368	837	853
28	2	4	369	855	918
28	12	4	370	988	1046
28	0	10	371	1123	1205
28	5	3	372	1287	1327
28	3	3	373	1327	1362
29	11	1	374	170	268
29	6	12	375	287	298
29	9	0	376	380	441
29	3	12	377	510	548
29	2	0	378	618	659
29	3	4	379	755	803
29	2	13	380	839	847
29	3	7	381	872	919
29	10	1	382	975	1004
29	4	13	383	1024	1120
29	8	2	384	1262	1271


Solution History:
