This is the output of Heuristic Solver for Dual resource constrained flexible job shop Scheduling Problem.
Input file is: wfjsp10_3.txt
Method: FaFM_45_75_900
Seed: 1
Number of Jobs: 20
Number of Operations: 168
Number of Machines: 10
Number of Operators: 10
CPU Time: 824.38
obj: 921
Best found lower bound:0
Solver gap (best found lower bound and upper bound difference): Not known


Final Solution:
Job	Machine	Operator	Operation	Start Time	Finish Time
0	0	5	0	0	72
0	5	2	1	129	146
0	2	7	2	220	235
0	8	3	3	240	323
0	9	9	4	348	424
0	7	6	5	511	575
0	6	8	6	631	703
0	1	9	7	774	812
0	1	1	8	815	906
1	4	8	9	0	14
1	5	2	10	63	129
1	3	4	11	176	275
1	9	9	12	331	348
1	9	9	13	424	526
1	4	0	14	567	659
1	8	2	15	664	691
1	8	2	16	822	885
2	9	7	17	0	17
2	1	9	18	81	158
2	6	8	19	159	170
2	6	8	20	170	197
2	3	4	21	275	323
2	2	7	22	344	441
2	8	3	23	444	507
2	8	3	24	507	535
2	8	3	25	588	658
2	9	9	26	671	772
3	5	6	27	0	9
3	7	2	28	9	44
3	4	0	29	169	266
3	8	3	30	323	358
3	1	1	31	400	428
3	0	2	32	585	653
3	8	2	33	691	754
3	8	2	34	754	822
4	9	9	35	158	262
4	4	0	36	266	358
4	5	4	37	370	387
4	3	4	38	465	496
4	0	2	39	511	585
4	2	7	40	646	661
4	3	5	41	703	726
4	5	6	42	727	781
4	9	5	43	787	823
4	3	3	44	863	918
5	4	0	45	14	107
5	6	8	46	197	264
5	5	4	47	387	465
5	1	8	48	502	518
5	6	1	49	544	561
5	9	9	50	575	633
5	2	7	51	661	726
5	5	6	52	781	814
5	9	5	53	823	844
5	9	5	54	844	897
6	6	1	55	0	28
6	7	6	56	46	73
6	8	3	57	171	240
6	1	1	58	240	319
6	6	8	59	334	430
6	2	7	60	515	617
6	1	1	61	672	684
6	1	1	62	710	774
6	4	9	63	816	919
7	8	3	64	48	83
7	7	6	65	326	353
7	8	3	66	358	415
7	3	5	67	422	464
7	1	8	68	518	595
7	0	2	69	653	664
7	0	0	70	664	759
8	4	6	71	107	169
8	2	7	72	316	344
8	7	6	73	353	423
8	2	7	74	617	646
8	2	7	75	755	815
8	1	8	76	906	918
9	1	9	77	48	81
9	2	6	78	81	94
9	6	8	79	264	334
9	3	5	80	498	575
9	6	8	81	758	812
9	7	4	82	847	864
9	7	4	83	864	901
9	9	5	84	901	916
10	9	4	85	77	158
10	5	6	86	169	204
10	2	7	87	235	270
10	3	5	88	401	422
10	5	5	89	465	498
10	8	3	90	535	588
10	7	6	91	596	644
10	1	1	92	684	710
10	2	7	93	726	755
11	2	6	94	9	46
11	8	3	95	83	171
11	2	7	96	184	220
11	5	2	97	220	303
11	0	2	98	304	400
11	0	1	99	435	507
11	6	1	100	561	623
11	1	1	101	631	672
11	7	4	102	727	823
11	2	8	103	823	902
12	3	4	104	0	35
12	1	9	105	35	48
12	0	5	106	72	138
12	2	7	107	143	184
12	0	5	108	207	279
12	4	0	109	358	454
12	4	0	110	454	567
12	4	3	111	659	769
12	3	3	112	816	863
12	5	6	113	884	917
13	3	1	114	35	59
13	2	7	115	94	143
13	7	6	116	293	326
13	2	7	117	504	515
13	3	5	118	631	703
13	5	6	119	814	884
14	1	9	120	0	17
14	9	9	121	262	331
14	3	4	122	331	369
14	8	3	123	415	444
14	5	4	124	550	622
14	4	3	125	769	816
14	6	7	126	816	879
15	6	7	127	28	89
15	1	1	128	158	240
15	1	1	129	319	400
15	7	6	130	423	447
15	6	6	131	447	507
15	7	6	132	575	596
15	3	5	133	726	787
16	8	3	134	0	48
16	9	4	135	48	77
16	0	5	136	138	207
16	5	5	137	304	370
16	0	2	138	400	435
16	5	4	139	498	550
16	5	4	140	622	670
16	6	8	141	703	729
16	6	8	142	729	758
16	0	0	143	825	921
17	7	1	144	73	151
17	3	4	145	159	176
17	0	5	146	279	304
17	1	8	147	430	502
17	5	4	148	670	726
17	0	0	149	759	825
18	3	8	150	99	159
18	2	7	151	270	316
18	3	5	152	370	401
18	7	2	153	447	511
18	9	9	154	526	575
18	1	8	155	595	631
18	9	9	156	633	671
18	7	4	157	823	847
18	6	7	158	879	917
19	5	8	159	14	63
19	3	8	160	63	99
19	7	2	161	151	211
19	7	6	162	211	293
19	2	7	163	441	504
19	6	1	164	507	544
19	3	5	165	575	631
19	7	6	166	644	727
19	3	1	167	787	815


Solution History:
