This is the output of Heuristic Solver for Dual resource constrained flexible job shop Scheduling Problem.
Input file is: wfjsp17_4.txt
Method: FaFM_45_75_900
Seed: 5
Number of Jobs: 15
Number of Operations: 137
Number of Machines: 5
Number of Operators: 4
CPU Time: 749.764
obj: 1676
Best found lower bound:0
Solver gap (best found lower bound and upper bound difference): Not known


Final Solution:
Job	Machine	Operator	Operation	Start Time	Finish Time
0	1	0	0	25	99
0	1	0	1	336	395
0	3	1	2	463	532
0	4	1	3	804	866
0	0	2	4	929	1032
0	4	1	5	1101	1132
0	4	2	6	1346	1385
0	4	2	7	1424	1438
0	3	1	8	1480	1529
1	0	0	9	0	25
1	2	3	10	47	63
1	0	1	11	98	137
1	1	0	12	451	518
1	3	1	13	624	649
1	4	1	14	1028	1101
1	3	0	15	1211	1285
1	2	3	16	1568	1627
1	4	3	17	1627	1674
2	3	1	18	0	34
2	0	1	19	82	98
2	1	0	20	99	148
2	0	2	21	486	560
2	0	2	22	918	929
2	4	1	23	965	1028
2	0	0	24	1039	1112
2	3	1	25	1132	1144
2	0	1	26	1376	1449
2	3	1	27	1603	1676
3	3	2	28	300	381
3	3	2	29	381	430
3	2	3	30	609	699
3	2	0	31	715	779
3	3	0	32	970	1039
3	1	2	33	1143	1186
3	0	1	34	1360	1376
3	1	0	35	1392	1457
3	4	3	36	1540	1568
4	4	3	37	116	137
4	4	1	38	167	229
4	2	3	39	244	292
4	0	2	40	560	616
4	0	0	41	616	647
4	1	3	42	699	752
4	2	0	43	899	970
4	2	3	44	1284	1365
4	0	2	45	1483	1546
4	1	0	46	1602	1632
5	2	2	47	0	28
5	4	1	48	229	294
5	3	1	49	432	463
5	3	1	50	532	585
5	4	1	51	935	965
5	1	2	52	1254	1346
5	2	3	53	1365	1403
5	2	3	54	1403	1418
5	2	3	55	1418	1449
6	3	0	56	224	297
6	1	0	57	297	308
6	4	1	58	649	720
6	4	1	59	1144	1188
6	4	1	60	1188	1249
6	3	1	61	1320	1360
6	0	1	62	1449	1480
6	1	0	63	1590	1602
7	3	2	64	140	165
7	1	3	65	196	244
7	0	2	66	244	300
7	3	1	67	585	624
7	1	2	68	645	677
7	2	2	69	817	873
7	1	3	70	919	981
7	0	0	71	1178	1211
7	2	3	72	1236	1284
8	2	3	73	292	368
8	1	0	74	395	442
8	2	0	75	442	451
8	1	0	76	546	616
8	0	2	77	725	774
8	3	1	78	911	935
8	2	3	79	1122	1196
8	1	0	80	1457	1518
9	4	3	81	63	116
9	2	3	82	140	196
9	3	0	83	196	224
9	4	1	84	720	804
9	3	0	85	808	832
9	2	3	86	981	1012
9	1	2	87	1032	1069
9	0	0	88	1285	1349
9	1	0	89	1349	1392
10	0	2	90	28	52
10	0	1	91	52	82
10	0	1	92	363	432
10	0	2	93	432	486
10	2	2	94	779	817
10	0	1	95	866	911
10	0	0	96	1112	1178
10	1	2	97	1186	1254
10	1	0	98	1632	1675
11	3	1	99	34	47
11	1	0	100	148	196
11	2	3	101	368	396
11	4	2	102	616	645
11	3	2	103	677	725
11	1	3	104	752	771
11	1	2	105	1069	1143
11	3	1	106	1529	1603
12	4	3	107	0	47
12	2	2	108	101	140
12	4	1	109	294	363
12	4	3	110	533	609
12	1	3	111	771	820
12	3	0	112	832	899
12	4	1	113	1249	1320
12	4	2	114	1438	1448
12	4	3	115	1449	1540
12	0	2	116	1546	1596
13	0	2	117	165	244
13	0	0	118	308	336
13	4	3	119	396	443
13	2	0	120	518	546
13	0	0	121	779	808
13	1	3	122	820	857
13	1	3	123	857	919
13	4	2	124	1385	1424
13	1	0	125	1518	1590
13	0	2	126	1596	1673
14	3	2	127	52	101
14	4	1	128	137	167
14	4	3	129	443	533
14	0	0	130	647	715
14	4	2	131	873	918
14	2	3	132	1012	1061
14	2	3	133	1061	1078
14	2	3	134	1078	1122
14	2	3	135	1196	1236
14	2	2	136	1449	1483


Solution History:
