This is the output of Heuristic Solver for Dual resource constrained flexible job shop Scheduling Problem.
Input file is: wfjsp6_6.txt
Method: FaFM_45_75_900
Seed: 4
Number of Jobs: 12
Number of Operations: 72
Number of Machines: 5
Number of Operators: 5
CPU Time: 66.0028
obj: 803
Best found lower bound:0
Solver gap (best found lower bound and upper bound difference): Not known


Final Solution:
Job	Machine	Operator	Operation	Start Time	Finish Time
0	3	4	0	0	62
0	3	2	1	138	180
0	1	4	2	189	250
0	2	0	3	282	324
0	3	3	4	362	451
0	2	2	5	471	559
0	4	0	6	584	613
0	0	1	7	631	659
0	0	1	8	659	746
1	0	3	9	163	178
1	3	3	10	451	533
2	0	3	11	0	78
2	4	1	12	148	181
2	0	1	13	189	227
2	1	4	14	250	309
2	0	1	15	364	449
2	1	4	16	471	547
2	2	2	17	683	768
2	3	2	18	770	799
3	4	2	19	0	46
3	2	0	20	67	121
3	2	2	21	559	601
3	2	2	22	601	683
4	3	4	23	62	138
4	2	0	24	216	282
4	0	1	25	290	330
4	0	1	26	330	364
4	2	0	27	372	382
4	4	0	28	430	495
4	0	1	29	529	615
4	1	1	30	746	797
5	2	0	31	0	14
5	2	0	32	121	216
5	4	2	33	271	348
5	4	2	34	348	383
5	0	1	35	449	529
5	3	3	36	646	686
5	0	4	37	778	803
6	1	2	38	46	131
6	1	4	39	138	176
6	4	2	40	181	230
6	3	3	41	231	276
6	1	4	42	320	386
6	1	4	43	386	471
6	4	0	44	495	584
6	4	0	45	613	662
6	3	3	46	686	770
6	2	3	47	770	803
7	1	1	48	0	46
7	4	1	49	46	60
7	4	1	50	60	148
7	3	3	51	202	231
7	1	4	52	309	320
7	4	0	53	383	430
7	3	3	54	533	620
7	0	1	55	620	631
7	1	4	56	635	722
7	4	0	57	728	793
8	0	1	58	227	290
8	2	0	59	324	372
8	2	2	60	383	471
9	0	4	61	178	189
9	1	4	62	547	635
10	2	0	63	14	67
10	3	3	64	180	202
10	3	3	65	620	646
11	0	3	66	78	163
11	4	2	67	230	271
11	3	3	68	276	362
11	4	0	69	662	728
11	1	4	70	728	741
11	0	4	71	746	778


Solution History:
