This is the output of Heuristic Solver for Dual resource constrained flexible job shop Scheduling Problem.
Input file is: wfjsp6_1.txt
Method: FaFM_45_75_900
Seed: 3
Number of Jobs: 12
Number of Operations: 70
Number of Machines: 5
Number of Operators: 5
CPU Time: 46.7119
obj: 709
Best found lower bound:0
Solver gap (best found lower bound and upper bound difference): Not known


Final Solution:
Job	Machine	Operator	Operation	Start Time	Finish Time
0	3	2	0	0	78
0	1	4	1	86	109
0	4	4	2	167	222
0	2	2	3	255	358
0	1	4	4	381	458
0	0	1	5	461	516
0	3	2	6	532	616
0	3	2	7	616	649
1	3	2	8	78	116
1	4	4	9	119	154
1	2	2	10	193	204
1	0	1	11	393	411
1	2	0	12	532	548
1	4	3	13	642	685
2	0	3	14	102	163
2	1	4	15	458	510
2	2	0	16	548	571
2	1	4	17	677	685
3	2	0	18	0	56
3	0	3	19	56	102
3	1	1	20	207	302
3	4	3	21	302	396
3	4	3	22	495	545
3	4	3	23	545	626
3	4	3	24	626	642
3	3	2	25	649	683
3	3	2	26	683	709
4	4	4	27	0	27
4	1	1	28	37	86
4	3	2	29	116	193
4	1	4	30	302	340
4	3	0	31	340	406
4	0	1	32	516	605
4	0	1	33	605	651
5	1	1	34	0	15
5	4	4	35	27	82
5	0	3	36	163	187
5	0	3	37	187	221
5	2	2	38	358	432
5	1	4	39	556	630
6	0	3	40	19	53
6	3	0	41	193	283
6	1	4	42	340	373
6	2	0	43	571	624
6	1	4	44	685	696
7	4	4	45	109	119
7	0	3	46	221	299
7	1	4	47	373	381
7	2	2	48	496	507
7	2	0	49	624	668
8	2	0	50	56	141
8	4	4	51	154	167
8	4	4	52	222	296
8	2	2	53	432	496
8	1	4	54	510	556
8	1	4	55	630	677
9	1	1	56	109	207
9	2	2	57	207	255
9	0	1	58	302	393
9	3	0	59	406	466
9	2	2	60	507	530
9	0	1	61	651	706
10	1	1	62	15	37
10	3	0	63	283	331
10	4	3	64	396	495
10	2	0	65	668	707
11	0	3	66	0	19
11	2	0	67	141	193
11	0	1	68	411	461
11	3	0	69	466	532


Solution History:
