This is the output of Heuristic Solver for Dual resource constrained flexible job shop Scheduling Problem.
Input file is: wfjsp11_3.txt
Method: FaFM_45_75_900
Seed: 4
Number of Jobs: 20
Number of Operations: 209
Number of Machines: 10
Number of Operators: 10
CPU Time: 617.491
obj: 1228
Best found lower bound:0
Solver gap (best found lower bound and upper bound difference): Not known


Final Solution:
Job	Machine	Operator	Operation	Start Time	Finish Time
0	0	5	0	0	72
0	5	6	1	72	84
0	8	2	2	84	100
0	9	8	3	205	304
0	5	6	4	363	435
0	6	9	5	494	571
0	8	0	6	580	661
0	8	0	7	695	734
0	8	3	8	747	859
0	6	9	9	859	873
0	0	5	10	907	966
0	3	4	11	972	1071
0	5	2	12	1087	1105
0	4	0	13	1114	1209
1	6	9	14	154	253
1	2	7	15	328	357
1	7	6	16	635	691
1	9	9	17	702	718
1	6	9	18	873	950
1	6	8	19	1043	1054
1	4	0	20	1087	1114
2	2	7	21	0	52
2	8	2	22	100	202
2	9	8	23	304	367
2	8	2	24	374	404
2	2	7	25	407	495
2	6	9	26	571	674
2	0	9	27	736	747
2	5	2	28	784	823
2	4	3	29	906	1014
2	5	2	30	1047	1087
2	9	9	31	1115	1146
2	0	5	32	1156	1218
3	9	8	33	0	57
3	4	0	34	60	128
3	8	2	35	236	338
3	4	0	36	445	537
3	4	0	37	537	555
3	3	1	38	555	583
3	5	2	39	702	784
3	6	9	40	837	851
3	8	0	41	859	885
3	9	8	42	885	935
3	3	4	43	936	972
3	5	6	44	977	1025
3	2	7	45	1063	1161
4	6	9	46	0	73
4	4	0	47	128	211
4	5	4	48	275	293
4	4	9	49	319	335
4	2	7	50	357	407
4	8	2	51	407	477
4	2	7	52	495	530
4	1	3	53	579	600
4	4	3	54	600	662
4	7	4	55	700	728
4	4	9	56	747	779
4	3	4	57	789	865
4	0	9	58	1033	1113
4	8	3	59	1115	1225
5	4	3	60	211	319
5	3	5	61	411	420
5	7	1	62	494	554
5	1	1	63	600	696
5	8	0	64	885	928
5	5	2	65	949	977
5	4	3	66	1014	1073
5	9	4	67	1073	1115
6	2	7	68	52	129
6	9	8	69	136	145
6	7	4	70	357	457
6	3	4	71	481	546
6	8	3	72	662	690
6	9	8	73	811	881
6	7	2	74	915	943
6	1	1	75	967	1034
6	4	3	76	1073	1087
6	8	3	77	1087	1115
6	7	6	78	1115	1125
7	1	1	79	253	332
7	0	5	80	587	664
7	6	9	81	779	837
7	8	0	82	984	1003
7	5	2	83	1105	1142
7	0	5	84	1142	1156
8	6	9	85	73	154
8	1	3	86	154	193
8	7	4	87	193	229
8	1	1	88	230	253
8	3	5	89	338	370
8	0	0	90	370	431
8	0	5	91	431	483
8	4	0	92	555	580
8	4	0	93	662	695
8	2	7	94	732	768
8	7	6	95	829	913
8	5	6	96	915	949
8	1	1	97	1034	1110
8	1	1	98	1110	1201
9	7	1	99	88	179
9	6	9	100	253	312
9	9	5	101	370	406
9	5	6	102	491	601
9	9	8	103	601	670
9	4	6	104	695	732
9	9	5	105	736	748
9	3	4	106	865	936
9	8	0	107	1003	1044
10	3	3	108	60	139
10	1	1	109	332	446
10	8	2	110	477	577
10	1	1	111	696	795
10	4	3	112	859	906
10	7	2	113	1009	1046
10	9	5	114	1046	1069
10	3	5	115	1071	1114
10	7	6	116	1125	1158
10	4	0	117	1209	1223
11	5	6	118	0	72
11	5	6	119	187	275
11	0	0	120	275	294
11	7	4	121	294	357
11	3	8	122	370	411
11	1	3	123	446	478
11	2	7	124	587	655
11	3	3	125	700	747
11	0	5	126	748	808
11	5	2	127	823	885
11	1	1	128	885	967
11	2	7	129	967	1063
11	9	9	130	1188	1216
12	4	3	131	0	60
12	0	1	132	208	230
12	9	8	133	445	505
12	7	4	134	554	601
12	3	4	135	672	700
12	7	6	136	1047	1111
12	6	8	137	1135	1190
13	3	1	138	0	40
13	7	4	139	40	88
13	0	5	140	153	208
13	8	2	141	208	236
13	2	7	142	257	286
13	6	9	143	391	494
13	0	5	144	506	587
13	7	2	145	601	618
13	9	9	146	674	702
13	2	7	147	768	840
13	2	7	148	840	896
13	9	8	149	935	993
13	8	0	150	1044	1087
13	9	9	151	1146	1188
13	6	8	152	1190	1219
14	8	2	153	0	66
14	7	4	154	229	273
14	2	7	155	286	328
14	8	2	156	338	374
14	0	5	157	483	506
14	9	8	158	506	551
14	9	8	159	551	596
14	3	4	160	747	789
14	0	5	161	966	1025
14	7	6	162	1158	1228
15	9	8	163	145	205
15	6	9	164	335	391
15	5	2	165	635	702
15	4	0	166	779	857
15	5	2	167	885	915
16	5	6	168	84	187
16	0	0	169	294	319
16	4	3	170	335	399
16	7	1	171	457	494
16	1	3	172	494	507
16	2	7	173	655	732
16	7	6	174	732	829
16	2	7	175	896	959
16	6	9	176	959	1033
17	0	5	177	72	153
17	2	7	178	153	257
17	3	5	179	257	338
17	4	8	180	411	445
17	3	4	181	457	481
17	2	7	182	530	587
17	3	4	183	601	672
17	6	8	184	674	745
17	0	5	185	808	907
17	8	0	186	928	984
17	7	2	187	984	1009
17	5	6	188	1025	1047
17	3	4	189	1115	1217
18	3	4	190	139	172
18	0	0	191	319	348
18	5	6	192	601	635
18	1	1	193	795	873
18	2	7	194	1161	1228
19	1	1	195	40	80
19	1	8	196	80	136
19	2	7	197	136	146
19	5	6	198	293	363
19	4	3	199	399	411
19	5	6	200	435	491
19	1	3	201	507	566
19	1	3	202	566	579
19	0	5	203	664	736
19	9	8	204	748	811
19	9	8	205	993	1043
19	6	8	206	1054	1126
19	6	8	207	1126	1135
19	5	2	208	1142	1226


Solution History:
