This is the output of Heuristic Solver for Dual resource constrained flexible job shop Scheduling Problem.
Input file is: wfjsp5_7.txt
Method: FaFM_45_75_900
Seed: 5
Number of Jobs: 10
Number of Operations: 70
Number of Machines: 5
Number of Operators: 5
CPU Time: 41.6477
obj: 782
Best found lower bound:0
Solver gap (best found lower bound and upper bound difference): Not known


Final Solution:
Job	Machine	Operator	Operation	Start Time	Finish Time
0	1	3	0	89	178
0	3	4	1	232	245
0	1	3	2	245	286
0	4	0	3	310	405
0	2	1	4	470	495
0	1	3	5	542	583
0	1	3	6	650	682
0	2	2	7	705	744
1	3	1	8	0	10
1	0	1	9	10	45
1	2	4	10	79	159
1	3	4	11	159	232
1	0	0	12	470	559
1	1	3	13	583	650
1	0	0	14	657	695
2	3	4	15	10	28
2	3	0	16	63	145
2	2	2	17	232	298
2	0	1	18	354	411
2	3	4	19	471	544
2	3	4	20	648	728
2	2	2	21	744	775
3	2	2	22	10	21
3	4	1	23	691	769
4	2	2	24	0	10
4	1	3	25	27	89
4	4	2	26	119	133
4	0	0	27	204	293
4	2	2	28	298	361
4	2	2	29	361	391
4	3	4	30	392	471
4	3	4	31	544	622
4	1	3	32	682	765
4	3	1	33	769	778
5	0	1	34	45	126
5	4	2	35	133	212
5	3	4	36	245	271
5	1	3	37	286	311
5	3	4	38	356	392
5	2	2	39	392	457
5	4	2	40	461	542
5	4	1	41	618	691
5	0	0	42	695	782
6	4	0	43	0	38
6	4	0	44	38	63
6	4	2	45	79	119
6	3	4	46	271	356
6	1	3	47	400	468
6	2	1	48	495	551
6	2	1	49	551	612
6	3	4	50	622	648
6	3	4	51	728	768
7	0	1	52	126	204
7	2	1	53	204	232
7	0	0	54	293	310
7	0	1	55	310	354
7	1	3	56	468	542
7	0	0	57	559	598
7	0	0	58	598	635
7	0	0	59	635	657
8	1	3	60	0	27
8	3	4	61	28	61
8	1	3	62	178	236
8	4	1	63	236	300
8	1	3	64	311	400
8	4	0	65	405	461
8	4	2	66	542	618
8	2	2	67	618	705
9	2	2	68	21	79
9	0	1	69	411	470


Solution History:
