This is the output of Heuristic Solver for Dual resource constrained flexible job shop Scheduling Problem.
Input file is: wfjsp12_3.txt
Method: FaFM_45_75_900
Seed: 4
Number of Jobs: 25
Number of Operations: 204
Number of Machines: 10
Number of Operators: 10
CPU Time: 608.243
obj: 1095
Best found lower bound:0
Solver gap (best found lower bound and upper bound difference): Not known


Final Solution:
Job	Machine	Operator	Operation	Start Time	Finish Time
0	5	4	0	125	197
0	5	4	1	197	211
0	2	6	2	211	228
0	6	3	3	253	352
0	8	6	4	408	473
0	8	3	5	570	634
0	3	9	6	646	719
0	6	0	7	729	767
0	9	4	8	890	990
1	8	6	9	0	13
1	8	0	10	39	104
1	8	0	11	228	327
1	8	6	12	327	343
1	6	1	13	510	616
1	1	9	14	719	802
1	8	8	15	810	837
1	5	2	16	877	929
2	3	9	17	0	15
2	0	2	18	52	135
2	8	8	19	147	158
2	4	7	20	193	219
2	4	7	21	219	272
2	0	0	22	442	534
2	9	5	23	611	668
2	4	7	24	675	704
2	3	6	25	830	900
2	8	8	26	1000	1087
3	4	7	27	0	9
3	3	8	28	23	59
3	5	4	29	211	313
3	0	0	30	406	442
3	9	2	31	473	506
3	5	2	32	582	647
3	9	5	33	668	727
3	6	3	34	1007	1066
4	4	7	35	91	193
4	5	4	36	313	410
4	2	8	37	430	446
4	6	3	38	462	489
4	0	0	39	604	685
4	2	3	40	704	720
4	4	7	41	754	777
4	1	7	42	802	860
4	8	8	43	967	1000
4	3	9	44	1045	1095
5	5	4	45	27	125
5	2	6	46	245	320
5	2	8	47	446	518
5	9	4	48	591	606
5	4	7	49	606	620
5	6	1	50	620	679
5	9	5	51	727	784
5	9	5	52	851	883
5	8	8	53	933	956
5	7	2	54	1017	1079
6	5	2	55	0	27
6	6	3	56	32	61
6	7	8	57	158	223
6	2	5	58	326	396
6	3	9	59	453	547
6	8	8	60	716	810
6	3	6	61	821	830
6	7	5	62	890	943
6	9	4	63	990	1087
7	7	5	64	44	79
7	2	1	65	86	114
7	1	1	66	299	363
7	6	3	67	414	462
7	0	1	68	685	757
7	4	7	69	777	786
7	2	1	70	945	1040
8	2	3	71	121	181
8	2	3	72	181	209
8	2	8	73	518	591
8	2	3	74	720	748
8	6	1	75	839	895
8	8	8	76	956	967
9	1	6	77	49	79
9	4	7	78	79	91
9	3	9	79	380	453
9	3	9	80	547	620
9	8	8	81	665	716
9	5	2	82	929	946
9	6	3	83	973	1007
9	3	9	84	1032	1045
10	6	9	85	61	155
10	3	9	86	253	297
10	9	5	87	297	326
10	6	3	88	489	510
10	7	5	89	582	611
10	1	6	90	662	716
10	2	1	91	902	945
10	1	5	92	1016	1043
10	6	3	93	1066	1093
11	6	3	94	0	32
11	1	1	95	114	197
11	3	3	96	211	248
11	3	9	97	297	380
11	5	4	98	410	508
11	4	7	99	521	598
11	5	2	100	694	745
11	5	2	101	745	782
11	7	4	102	792	890
11	6	3	103	902	973
12	2	5	104	0	34
12	7	5	105	34	44
12	7	5	106	79	144
12	1	1	107	263	299
12	8	6	108	343	408
12	4	7	109	408	521
12	7	4	110	655	755
12	4	9	111	802	902
12	7	5	112	943	998
12	2	5	113	1043	1078
13	8	0	114	13	39
13	8	0	115	104	147
13	9	2	116	393	434
13	9	4	117	508	518
13	4	7	118	927	994
13	5	6	119	1017	1087
14	9	4	120	0	14
14	4	7	121	14	71
14	9	2	122	329	369
14	4	7	123	373	401
14	9	4	124	518	591
14	5	2	125	647	694
14	1	6	126	900	957
15	0	2	127	146	210
15	7	8	128	223	312
15	7	1	129	430	510
15	3	9	130	620	646
15	6	0	131	767	832
15	5	2	132	854	877
15	3	9	133	902	966
16	9	9	134	15	58
16	2	1	135	58	86
16	8	0	136	158	228
16	1	1	137	363	426
16	8	6	138	473	514
16	7	8	139	611	655
16	0	1	140	757	812
16	0	1	141	812	839
16	0	0	142	955	992
16	0	0	143	992	1088
17	9	5	144	144	214
17	2	6	145	228	245
17	7	8	146	312	338
17	5	6	147	514	579
17	4	7	148	620	675
17	1	6	149	957	1016
18	0	1	150	0	52
18	3	6	151	178	211
18	0	2	152	295	329
18	6	3	153	352	414
18	6	0	154	685	729
18	7	4	155	755	792
18	1	7	156	860	898
18	0	0	157	931	955
18	4	7	158	994	1030
19	1	6	159	13	49
19	1	6	160	79	112
19	1	1	161	197	263
19	0	0	162	329	406
19	0	0	163	534	604
19	3	6	164	719	761
19	3	6	165	761	821
19	0	0	166	839	917
19	5	2	167	988	1017
20	0	2	168	210	295
20	9	2	169	369	393
20	8	3	170	514	570
20	2	4	171	606	644
20	8	8	172	655	665
20	5	2	173	782	854
21	9	8	174	59	141
21	9	5	175	214	274
21	1	5	176	426	501
21	7	2	177	510	582
21	8	8	178	837	933
21	3	9	179	966	1032
21	1	1	180	1043	1085
22	7	8	181	0	23
22	3	6	182	121	178
22	4	7	183	302	373
22	1	5	184	501	577
22	2	3	185	748	853
22	2	3	186	853	902
22	4	7	187	902	927
22	7	5	188	998	1014
23	6	9	189	155	253
23	4	7	190	272	302
23	2	5	191	396	424
23	9	2	192	434	473
23	1	6	193	579	662
23	9	5	194	784	851
23	5	2	195	946	988
24	3	3	196	61	121
24	0	2	197	135	146
24	7	8	198	338	430
24	2	8	199	591	602
24	2	3	200	644	704
24	4	7	201	704	754
24	0	0	202	917	931
24	4	7	203	1030	1095


Solution History:
