This is the output of Heuristic Solver for Dual resource constrained flexible job shop Scheduling Problem.
Input file is: wfjsp9_2.txt
Method: FaFM_45_75_900
Seed: 1
Number of Jobs: 15
Number of Operations: 141
Number of Machines: 5
Number of Operators: 5
CPU Time: 348.322
obj: 1423
Best found lower bound:0
Solver gap (best found lower bound and upper bound difference): Not known


Final Solution:
Job	Machine	Operator	Operation	Start Time	Finish Time
0	4	1	0	209	287
0	4	1	1	545	623
0	0	2	2	679	698
0	0	2	3	728	763
0	3	3	4	837	854
0	1	0	5	1029	1049
0	0	4	6	1175	1239
0	0	2	7	1273	1281
1	1	3	8	110	189
1	3	3	9	247	287
1	0	4	10	418	477
1	3	3	11	492	509
1	1	0	12	553	622
1	1	0	13	718	785
1	4	1	14	930	986
1	0	4	15	1110	1175
1	0	2	16	1323	1353
2	2	0	17	0	44
2	4	0	18	44	64
2	0	4	19	190	252
2	0	3	20	511	588
2	3	3	21	696	777
2	4	1	22	777	830
2	1	0	23	1063	1134
2	2	4	24	1239	1304
2	3	3	25	1315	1334
2	4	1	26	1353	1366
3	3	0	27	144	237
3	0	4	28	398	418
3	1	0	29	418	498
3	3	3	30	607	696
3	1	0	31	826	843
3	0	4	32	896	970
3	4	1	33	1169	1246
3	4	1	34	1246	1298
3	2	0	35	1402	1422
4	3	3	36	13	63
4	1	3	37	189	225
4	0	4	38	333	398
4	4	1	39	623	703
4	0	2	40	763	782
4	2	0	41	789	804
4	2	2	42	855	887
4	4	1	43	1083	1101
4	0	2	44	1281	1323
4	2	0	45	1331	1402
5	4	1	46	0	43
5	2	2	47	259	346
5	2	2	48	550	636
5	2	4	49	727	789
5	1	0	50	865	894
5	1	0	51	962	1029
5	0	2	52	1239	1273
5	2	4	53	1304	1330
5	3	3	54	1334	1371
6	1	3	55	63	110
6	0	4	56	166	190
6	4	1	57	394	466
6	0	4	58	607	668
6	0	2	59	668	679
6	4	1	60	703	736
6	2	2	61	804	855
6	3	3	62	1021	1099
6	3	3	63	1234	1285
7	3	0	64	64	144
7	3	3	65	287	339
7	3	3	66	469	492
7	3	4	67	511	602
7	1	4	68	789	803
7	3	3	69	854	932
7	0	4	70	970	984
7	2	2	71	1055	1109
7	4	1	72	1298	1353
7	3	3	73	1371	1419
8	0	4	74	56	117
8	1	0	75	318	414
8	1	0	76	498	553
8	2	4	77	668	727
8	0	4	78	803	896
8	1	0	79	950	962
8	4	1	80	1120	1169
8	1	0	81	1205	1251
8	4	1	82	1366	1420
9	1	4	83	38	56
9	4	1	84	64	142
9	2	2	85	156	179
9	1	3	86	225	247
9	4	1	87	287	324
9	2	2	88	466	501
9	1	0	89	622	718
9	0	4	90	984	1047
9	1	0	91	1251	1331
9	0	2	92	1353	1420
10	1	3	93	0	13
10	1	4	94	13	38
10	2	2	95	179	259
10	0	4	96	259	333
10	4	1	97	466	515
10	4	1	98	830	930
10	3	3	99	932	1021
10	4	1	100	1101	1120
10	1	0	101	1134	1205
10	1	4	102	1363	1423
11	0	2	103	0	51
11	1	0	104	247	318
11	3	3	105	388	469
11	0	4	106	477	511
11	3	3	107	777	826
11	2	2	108	887	962
11	0	4	109	1047	1110
11	2	2	110	1187	1238
11	3	3	111	1285	1315
12	0	4	112	117	166
12	4	1	113	324	394
12	2	2	114	395	466
12	4	1	115	515	529
12	4	1	116	529	545
12	1	0	117	804	826
12	4	1	118	986	1073
12	3	3	119	1099	1182
12	1	4	120	1331	1363
13	2	2	121	88	156
13	3	3	122	339	388
13	0	3	123	588	607
13	2	2	124	636	666
13	0	2	125	782	800
13	3	3	126	826	837
13	1	0	127	843	865
13	1	0	128	1049	1063
13	4	1	129	1073	1083
13	2	2	130	1109	1187
14	3	4	131	0	11
14	2	2	132	51	88
14	4	1	133	142	209
14	2	2	134	346	395
14	2	2	135	501	550
14	0	2	136	698	728
14	4	1	137	736	775
14	1	0	138	894	950
14	2	2	139	962	1055
14	3	3	140	1182	1234


Solution History:
