This is the output of Heuristic Solver for Dual resource constrained flexible job shop Scheduling Problem.
Input file is: wfjsp15_9.txt
Method: FaFM_45_75_900
Seed: 4
Number of Jobs: 30
Number of Operations: 369
Number of Machines: 15
Number of Operators: 15
CPU Time: 1287.78
obj: 1342
Best found lower bound:0
Solver gap (best found lower bound and upper bound difference): Not known


Final Solution:
Job	Machine	Operator	Operation	Start Time	Finish Time
0	4	12	0	122	203
0	14	4	1	205	241
0	14	4	2	313	382
0	14	6	3	568	623
0	8	7	4	663	689
0	13	4	5	717	810
0	8	2	6	1084	1140
0	8	14	7	1152	1175
0	3	4	8	1192	1250
0	7	5	9	1273	1336
1	2	3	10	27	116
1	0	13	11	289	373
1	0	13	12	373	444
1	0	13	13	543	590
1	9	1	14	630	651
1	14	9	15	724	777
1	9	11	16	833	849
1	9	1	17	889	964
1	12	14	18	1024	1050
1	8	12	19	1059	1084
1	6	9	20	1221	1258
1	14	6	21	1267	1319
1	8	6	22	1321	1334
2	2	0	23	0	19
2	7	0	24	19	41
2	11	1	25	70	130
2	11	5	26	203	260
2	13	14	27	298	401
2	10	5	28	491	573
2	2	3	29	661	745
2	10	5	30	745	800
2	7	0	31	822	879
2	11	11	32	1049	1107
2	4	0	33	1148	1222
2	0	13	34	1229	1243
2	11	10	35	1243	1326
3	5	1	36	21	54
3	9	8	37	89	107
3	2	3	38	116	131
3	2	12	39	269	328
3	10	10	40	394	464
3	4	3	41	805	893
3	9	1	42	964	988
3	9	12	43	1105	1123
3	9	1	44	1123	1143
3	10	8	45	1182	1218
3	7	5	46	1228	1273
4	0	2	47	23	93
4	4	12	48	203	252
4	1	9	49	290	309
4	8	8	50	447	531
4	9	2	51	531	559
4	8	7	52	689	746
4	7	0	53	879	905
4	12	0	54	905	930
4	2	0	55	930	1009
4	10	8	56	1097	1182
5	7	2	57	0	14
5	14	11	58	14	50
5	6	11	59	173	259
5	11	5	60	260	316
5	2	7	61	419	465
5	7	4	62	568	650
5	6	2	63	721	785
5	5	8	64	823	892
5	4	3	65	973	1034
5	12	14	66	1050	1066
5	7	13	67	1131	1140
5	12	3	68	1149	1178
5	10	11	69	1258	1342
6	8	7	70	0	22
6	6	0	71	41	74
6	7	12	72	76	109
6	8	3	73	256	324
6	4	13	74	444	527
6	13	2	75	566	620
6	4	12	76	620	652
6	7	0	77	652	728
6	5	8	78	779	823
6	8	12	79	985	1041
6	6	9	80	1070	1096
6	11	11	81	1107	1142
6	6	9	82	1156	1188
6	0	13	83	1213	1229
6	13	2	84	1284	1336
7	6	4	85	0	41
7	13	6	86	124	215
7	3	6	87	260	313
7	6	9	88	313	331
7	12	2	89	335	358
7	1	10	90	496	578
7	8	14	91	578	615
7	11	10	92	736	820
7	6	12	93	822	916
7	1	10	94	927	970
7	1	10	95	970	983
7	0	4	96	1026	1065
7	5	6	97	1080	1139
7	0	13	98	1142	1213
8	6	10	99	81	173
8	1	10	100	173	201
8	12	1	101	273	334
8	5	11	102	334	370
8	6	10	103	469	491
8	10	5	104	573	658
8	5	8	105	725	779
8	8	2	106	806	862
8	8	8	107	901	985
8	8	6	108	1140	1152
8	14	6	109	1152	1210
8	14	6	110	1210	1267
8	4	9	111	1280	1299
9	3	0	112	133	229
9	7	8	113	341	435
9	12	2	114	441	469
9	8	14	115	543	572
9	4	12	116	652	726
9	9	11	117	773	833
9	6	0	118	1009	1070
9	7	2	119	1140	1169
9	1	1	120	1169	1191
9	5	0	121	1280	1340
10	10	5	122	0	56
10	2	3	123	131	192
10	12	1	124	192	273
10	3	6	125	367	434
10	10	7	126	465	491
10	5	9	127	491	530
10	6	0	128	530	551
10	10	5	129	658	742
10	1	13	130	742	817
10	12	7	131	930	1024
10	5	2	132	1024	1080
10	1	10	133	1085	1141
10	5	11	134	1142	1173
10	7	2	135	1202	1228
10	9	12	136	1232	1248
11	8	7	137	22	78
11	10	5	138	146	203
11	8	3	139	324	352
11	11	11	140	371	425
11	3	9	141	537	625
11	4	0	142	728	801
11	9	11	143	849	889
11	7	11	144	905	988
11	1	10	145	992	1085
11	8	8	146	1260	1297
12	1	8	147	0	33
12	13	6	148	60	92
12	14	0	149	241	313
12	7	11	150	438	494
12	5	8	151	602	660
12	3	6	152	724	750
12	11	13	153	885	900
12	7	11	154	988	1049
12	9	4	155	1065	1097
12	3	4	156	1105	1192
12	11	10	157	1201	1224
13	3	12	158	43	76
13	1	8	159	76	86
13	14	9	160	122	201
13	4	4	161	252	309
13	1	9	162	334	390
13	5	11	163	425	438
13	11	0	164	563	642
13	11	10	165	650	736
13	7	12	166	762	822
13	2	7	167	832	927
13	10	8	168	1005	1097
13	12	3	169	1210	1301
14	1	13	170	86	161
14	0	13	171	173	232
14	11	5	172	316	371
14	2	3	173	465	523
14	3	9	174	625	667
14	5	8	175	667	725
14	7	12	176	728	762
14	1	13	177	817	885
14	14	9	178	885	943
14	7	13	179	1049	1066
14	5	11	180	1198	1256
14	1	1	181	1267	1341
15	3	12	182	28	43
15	8	7	183	165	250
15	12	2	184	358	441
15	1	14	185	486	496
15	2	3	186	586	661
15	12	14	187	746	810
15	11	10	188	820	881
15	8	8	189	892	901
15	13	5	190	953	1015
15	0	12	191	1123	1142
15	5	11	192	1173	1198
15	12	3	193	1301	1330
16	11	9	194	0	56
16	3	0	195	102	133
16	1	10	196	201	290
16	9	11	197	290	329
16	11	0	198	425	497
16	7	11	199	497	537
16	14	4	200	553	568
16	12	7	201	602	661
16	3	9	202	667	720
16	14	9	203	791	880
16	0	4	204	880	968
16	2	7	205	1045	1115
16	1	1	206	1191	1267
16	3	4	207	1267	1309
17	13	6	208	0	60
17	11	1	209	60	70
17	5	2	210	217	304
17	1	10	211	309	334
17	1	9	212	390	444
17	0	4	213	488	514
17	0	1	214	651	704
17	2	7	215	746	760
17	3	6	216	760	846
17	11	13	217	900	923
17	5	12	218	923	981
17	10	8	219	985	1005
17	14	9	220	1034	1065
17	13	5	221	1183	1222
17	2	7	222	1226	1297
18	5	1	223	0	21
18	9	14	224	28	89
18	12	2	225	93	177
18	7	8	226	205	283
18	8	3	227	352	447
18	5	8	228	531	602
18	13	2	229	620	655
18	9	11	230	691	773
18	14	9	231	777	791
18	10	1	232	812	889
18	13	5	233	895	953
18	9	1	234	988	1062
18	12	14	235	1066	1149
18	9	12	236	1149	1232
19	8	7	237	78	165
19	5	2	238	177	217
19	4	4	239	387	442
19	0	4	240	444	488
19	3	12	241	523	537
19	12	14	242	663	746
19	4	3	243	893	973
19	3	6	244	974	1019
19	8	12	245	1041	1059
19	0	1	246	1065	1122
19	3	4	247	1250	1263
20	12	10	248	0	81
20	9	8	249	107	196
20	13	14	250	215	298
20	14	5	251	382	456
20	1	9	252	456	482
20	14	12	253	482	523
20	12	7	254	527	602
20	1	13	255	650	721
20	2	7	256	760	832
20	10	2	257	889	953
20	10	2	258	953	962
20	0	4	259	968	1026
20	14	0	260	1070	1148
20	6	9	261	1188	1221
20	13	2	262	1228	1284
21	14	4	263	50	120
21	9	3	264	196	256
21	9	12	265	329	407
21	6	12	266	407	469
21	5	2	267	469	485
21	12	2	268	485	527
21	1	10	269	578	621
21	14	6	270	623	711
21	13	5	271	810	895
21	3	6	272	905	974
21	4	3	273	1120	1147
21	11	1	274	1147	1163
21	8	14	275	1175	1237
21	6	14	276	1297	1341
22	4	9	277	57	122
22	2	9	278	201	269
22	13	14	279	401	486
22	2	3	280	523	586
22	0	1	281	704	755
22	12	14	282	810	893
22	5	2	283	981	1021
22	2	7	284	1024	1045
22	6	9	285	1096	1156
22	5	9	286	1258	1280
22	4	9	287	1299	1324
23	0	12	288	0	23
23	13	6	289	92	124
23	3	6	290	229	260
23	10	1	291	335	394
23	7	11	292	537	556
23	9	11	293	651	691
23	1	13	294	721	739
23	8	3	295	746	805
23	1	10	296	885	927
23	4	0	297	1222	1278
24	3	14	298	0	28
24	4	13	299	28	57
24	11	1	300	130	192
24	10	7	301	250	269
24	2	7	302	328	419
24	3	0	303	497	521
24	0	14	304	521	543
24	1	10	305	621	650
24	13	4	306	655	717
24	0	4	307	812	872
24	11	13	308	923	980
24	4	3	309	1034	1120
24	10	8	310	1218	1233
24	10	8	311	1233	1258
24	2	8	312	1297	1342
25	5	11	313	54	152
25	3	6	314	313	367
25	6	10	315	367	381
25	5	0	316	387	425
25	14	4	317	523	553
25	6	11	318	556	650
25	11	13	319	980	1043
25	13	5	320	1052	1108
25	11	10	321	1163	1201
25	8	14	322	1237	1260
25	6	14	323	1260	1297
25	3	4	324	1309	1322
26	7	8	325	41	65
26	3	0	326	76	102
26	10	7	327	269	302
26	11	1	328	503	563
26	14	6	329	711	724
26	3	6	330	750	758
26	12	14	331	893	903
26	14	9	332	943	1034
26	7	2	333	1169	1202
26	8	7	334	1297	1321
27	7	4	335	120	205
27	0	13	336	232	289
27	10	2	337	304	335
27	4	12	338	537	607
27	8	14	339	615	663
27	6	14	340	916	1001
27	9	4	341	1097	1105
27	2	7	342	1115	1135
27	12	3	343	1178	1210
27	9	12	344	1248	1264
27	9	12	345	1264	1331
28	10	5	346	56	146
28	4	0	347	313	387
28	9	1	348	407	503
28	13	6	349	503	566
28	9	1	350	566	630
28	0	1	351	755	812
28	3	6	352	846	905
28	10	2	353	962	979
28	1	10	354	983	992
28	3	6	355	1019	1079
28	13	5	356	1108	1183
28	0	13	357	1243	1318
29	9	3	358	0	27
29	0	14	359	93	173
29	7	8	360	283	341
29	3	6	361	434	495
29	0	13	362	590	648
29	6	2	363	655	721
29	6	2	364	785	806
29	8	2	365	862	888
29	13	5	366	1015	1052
29	7	13	367	1066	1131
29	2	7	368	1135	1226


Solution History:
