This is the output of Heuristic Solver for Dual resource constrained flexible job shop Scheduling Problem.
Input file is: wfjsp18_6.txt
Method: FaFM_45_75_900
Seed: 3
Number of Jobs: 20
Number of Operations: 160
Number of Machines: 10
Number of Operators: 8
CPU Time: 293.843
obj: 1099
Best found lower bound:0
Solver gap (best found lower bound and upper bound difference): Not known


Final Solution:
Job	Machine	Operator	Operation	Start Time	Finish Time
0	4	2	0	0	70
0	3	4	1	99	140
0	1	2	2	159	220
0	7	1	3	240	281
0	2	5	4	329	424
0	8	2	5	424	512
0	5	2	6	693	721
0	3	4	7	762	788
0	6	5	8	837	922
1	2	3	9	0	13
1	5	7	10	13	108
1	8	0	11	311	389
1	0	7	12	389	421
1	6	4	13	530	569
1	9	0	14	622	682
1	6	5	15	748	837
1	4	5	16	1013	1091
2	0	7	17	108	199
2	5	1	18	212	240
2	1	1	19	281	329
2	7	7	20	329	385
2	7	0	21	389	432
2	5	5	22	481	565
2	5	7	23	786	862
2	3	0	24	1042	1099
3	0	5	25	0	38
3	0	4	26	64	99
3	6	5	27	112	120
3	5	2	28	269	334
3	3	4	29	357	442
3	6	3	30	644	692
3	1	6	31	692	706
3	3	6	32	788	878
3	2	3	33	954	1030
3	9	3	34	1030	1065
4	6	4	35	140	221
4	0	4	36	221	261
4	3	4	37	261	286
4	4	1	38	435	520
4	1	2	39	530	568
4	3	3	40	591	640
4	4	2	41	861	906
4	8	4	42	935	997
5	1	1	43	46	131
5	7	0	44	432	528
5	2	2	45	645	693
5	2	0	46	711	803
5	0	3	47	845	880
5	7	4	48	880	922
5	3	4	49	922	935
6	9	6	50	84	174
6	3	7	51	199	227
6	5	2	52	258	269
6	9	6	53	351	395
6	9	3	54	437	524
6	3	4	55	644	655
6	8	1	56	693	774
6	4	3	57	779	845
6	1	6	58	949	1007
6	1	4	59	1007	1054
7	4	3	60	101	188
7	0	5	61	208	219
7	6	3	62	349	437
7	2	2	63	592	645
7	7	7	64	645	666
7	5	7	65	666	692
7	7	1	66	976	1061
8	7	4	67	25	64
8	8	1	68	520	606
8	0	6	69	622	690
8	6	6	70	706	721
8	7	0	71	803	838
8	8	0	72	891	933
9	8	2	73	71	159
9	1	1	74	329	365
9	9	6	75	395	437
9	4	0	76	528	537
9	2	2	77	568	592
9	9	7	78	692	786
9	3	0	79	935	1025
9	2	0	80	1030	1042
10	7	1	81	0	25
10	6	5	82	221	230
10	6	7	83	230	329
10	9	6	84	331	351
10	6	4	85	569	644
10	7	4	86	666	762
10	8	0	87	838	891
10	0	7	88	920	944
10	6	3	89	1065	1099
11	4	0	90	203	288
11	9	6	91	524	542
11	0	6	92	603	622
11	0	6	93	748	786
11	0	4	94	788	838
11	2	4	95	838	879
12	2	3	96	13	101
12	9	6	97	174	265
12	5	7	98	421	448
12	0	3	99	524	591
12	0	5	100	694	748
12	7	2	101	762	771
12	9	2	102	825	861
12	1	6	103	878	933
12	9	6	104	933	949
12	7	1	105	1061	1096
13	6	4	106	0	21
13	8	3	107	188	226
13	2	5	108	230	329
13	3	7	109	448	484
13	3	0	110	682	711
13	1	1	111	774	858
13	5	7	112	862	887
13	2	2	113	1046	1097
14	6	5	114	38	112
14	6	4	115	442	530
14	7	0	116	537	622
14	4	5	117	659	694
14	6	6	118	721	738
14	5	2	119	771	782
14	7	1	120	858	879
14	5	1	121	887	976
15	3	0	122	0	17
15	1	6	123	19	46
15	2	5	124	120	208
15	0	6	125	265	331
15	8	2	126	782	825
15	6	5	127	922	1013
15	1	4	128	1054	1097
16	5	7	129	0	9
16	5	1	130	131	212
16	9	0	131	288	305
16	3	4	132	305	357
16	2	5	133	424	481
16	2	2	134	512	530
16	1	2	135	721	755
16	2	3	136	880	954
16	8	2	137	997	1046
17	8	0	138	17	71
17	7	0	139	71	137
17	5	2	140	334	421
17	0	6	141	437	524
17	4	5	142	565	659
17	3	7	143	887	920
17	0	7	144	944	1003
17	5	7	145	1003	1098
18	7	0	146	137	203
18	1	2	147	220	258
18	3	7	148	484	571
18	5	7	149	571	642
18	4	2	150	906	994
19	9	6	151	0	19
19	9	6	152	46	84
19	8	3	153	226	311
19	4	3	154	311	349
19	4	1	155	365	435
19	9	6	156	542	603
19	8	1	157	606	693
19	4	3	158	694	779
19	0	6	159	1007	1098


Solution History:
