This is the output of Heuristic Solver for Dual resource constrained flexible job shop Scheduling Problem.
Input file is: wfjsp13_6.txt
Method: FaFM_45_75_900
Seed: 4
Number of Jobs: 25
Number of Operations: 253
Number of Machines: 15
Number of Operators: 15
CPU Time: 974.932
obj: 986
Best found lower bound:0
Solver gap (best found lower bound and upper bound difference): Not known


Final Solution:
Job	Machine	Operator	Operation	Start Time	Finish Time
0	4	10	0	0	65
0	4	10	1	65	109
0	13	10	2	109	165
0	3	9	3	165	212
0	5	8	4	245	338
0	3	10	5	371	461
0	5	3	6	461	489
0	1	0	7	511	539
0	10	1	8	679	764
0	13	10	9	764	779
0	3	0	10	783	879
0	14	12	11	891	963
1	7	14	12	12	44
1	5	11	13	71	103
1	7	14	14	117	174
1	8	11	15	295	383
1	4	14	16	383	456
1	0	11	17	461	551
1	1	0	18	551	580
1	9	7	19	580	627
1	5	3	20	803	856
1	9	7	21	856	895
1	3	7	22	895	979
2	11	13	23	0	67
2	4	6	24	109	170
2	13	10	25	199	236
2	13	10	26	236	267
2	1	3	27	268	276
2	3	9	28	310	371
2	8	1	29	429	514
2	5	3	30	541	586
2	4	4	31	598	611
2	9	2	32	638	732
2	4	10	33	896	968
3	6	8	34	0	35
3	3	1	35	52	133
3	8	1	36	233	273
3	10	1	37	273	298
3	0	4	38	330	415
3	5	3	39	586	622
3	8	11	40	660	708
3	13	6	41	812	855
3	6	5	42	915	982
4	13	3	43	12	97
4	0	4	44	140	229
4	4	14	45	254	302
4	10	1	46	302	386
4	7	12	47	427	459
4	11	9	48	460	502
4	3	1	49	514	529
4	12	14	50	541	622
4	11	5	51	622	651
4	14	12	52	700	709
4	3	0	53	736	783
4	10	1	54	835	922
5	7	3	55	0	9
5	7	14	56	44	117
5	1	3	57	203	268
5	0	4	58	268	330
5	1	2	59	330	375
5	14	5	60	402	493
5	13	6	61	535	549
5	10	1	62	575	662
5	7	4	63	662	714
5	3	0	64	714	736
5	6	7	65	827	852
5	7	4	66	891	975
6	2	5	67	90	129
6	2	5	68	129	217
6	6	6	69	218	293
6	2	7	70	337	351
6	6	13	71	445	477
6	11	9	72	502	541
6	8	11	73	573	660
6	0	6	74	751	793
6	5	6	75	856	897
6	8	2	76	970	978
7	1	6	77	0	22
7	9	14	78	174	254
7	13	10	79	267	362
7	1	2	80	375	388
7	9	11	81	388	411
7	3	4	82	502	512
7	2	8	83	584	676
7	4	14	84	709	729
7	14	12	85	729	799
7	9	14	86	896	982
8	3	1	87	0	52
8	12	9	88	57	81
8	10	2	89	144	176
8	14	0	90	192	277
8	8	0	91	277	294
8	6	0	92	294	313
8	10	2	93	388	426
8	7	12	94	469	526
8	3	7	95	529	570
8	12	3	96	622	707
8	4	14	97	777	865
8	2	8	98	948	975
9	9	2	99	254	320
9	2	7	100	351	411
9	7	12	101	459	469
9	4	4	102	556	598
9	0	4	103	611	660
9	10	1	104	662	679
9	9	13	105	732	761
9	1	5	106	825	847
9	11	3	107	861	901
10	10	0	108	49	139
10	13	10	109	165	199
10	2	8	110	217	245
10	7	12	111	339	427
10	5	3	112	427	453
10	5	3	113	489	541
10	11	9	114	541	619
10	5	7	115	627	721
10	2	8	116	762	847
10	8	2	117	924	955
10	4	10	118	968	983
11	13	14	119	0	12
11	9	7	120	12	35
11	8	1	121	144	233
11	0	4	122	252	268
11	14	13	123	277	302
11	2	8	124	411	498
11	10	2	125	503	575
11	13	10	126	687	738
11	9	13	127	761	851
11	13	9	128	861	903
11	10	1	129	970	979
12	5	11	130	0	71
12	11	13	131	306	322
12	1	0	132	406	459
12	1	0	133	459	511
12	14	5	134	533	549
12	3	13	135	638	671
12	8	11	136	769	836
12	10	1	137	922	970
13	8	2	138	0	53
13	14	3	139	106	158
13	11	5	140	217	306
13	13	6	141	362	446
13	6	13	142	477	564
13	1	12	143	580	610
13	13	10	144	629	687
13	6	7	145	734	827
13	14	10	146	827	887
13	0	9	147	917	956
14	14	6	148	22	106
14	12	11	149	159	224
14	4	14	150	302	383
14	1	13	151	388	406
14	9	7	152	411	449
14	4	10	153	461	550
14	0	6	154	551	590
14	6	6	155	590	647
14	11	9	156	652	715
14	12	4	157	715	802
14	5	0	158	897	982
15	9	7	159	35	125
15	11	8	160	127	152
15	7	12	161	174	246
15	12	6	162	295	362
15	10	2	163	426	503
15	14	12	164	621	635
15	1	13	165	675	731
15	1	5	166	734	825
15	0	2	167	825	917
15	1	13	168	935	986
16	0	4	169	0	29
16	11	13	170	67	127
16	6	7	171	127	153
16	1	3	172	162	203
16	12	11	173	224	295
16	9	13	174	322	388
16	13	6	175	446	535
16	13	10	176	550	629
16	11	9	177	715	800
16	11	9	178	800	861
16	2	8	179	861	948
16	8	2	180	955	970
17	14	12	181	0	17
17	1	12	182	22	114
17	6	0	183	313	405
17	11	11	184	411	454
17	9	7	185	454	520
17	7	9	186	638	652
17	2	8	187	676	762
17	0	9	188	956	981
18	2	5	189	0	90
18	1	12	190	114	162
18	7	12	191	246	339
18	8	1	192	386	429
18	2	8	193	498	584
18	7	2	194	584	638
18	6	5	195	651	734
18	10	1	196	764	835
18	8	11	197	836	924
19	10	0	198	0	49
19	0	4	199	124	140
19	3	11	200	142	158
19	5	7	201	158	194
19	2	7	202	245	337
19	11	8	203	338	408
19	8	1	204	529	573
19	3	13	205	573	638
19	5	3	206	721	803
19	4	14	207	865	896
20	5	11	208	103	134
20	5	0	209	139	150
20	6	6	210	190	218
20	0	4	211	229	252
20	1	3	212	276	318
20	14	5	213	493	533
20	1	0	214	610	675
20	12	4	215	802	890
21	12	9	216	0	57
21	12	9	217	81	159
21	5	7	218	194	244
21	5	3	219	338	427
21	14	5	220	549	621
21	0	6	221	660	751
21	6	5	222	852	915
21	13	11	223	924	985
22	6	8	224	35	124
22	9	13	225	127	170
22	14	13	226	170	192
22	4	2	227	192	253
22	12	9	228	371	460
22	9	4	229	520	556
22	4	14	230	622	709
22	4	14	231	729	777
22	7	12	232	820	891
22	11	3	233	901	981
23	8	2	234	53	144
23	6	0	235	153	190
23	10	13	236	192	272
23	0	4	237	415	461
23	3	4	238	461	502
23	14	12	239	635	700
23	7	2	240	732	820
23	12	6	241	897	982
24	0	4	242	29	124
24	3	1	243	133	142
24	11	8	244	152	215
24	3	9	245	215	310
24	14	5	246	310	402
24	6	13	247	406	445
24	12	14	248	460	541
24	7	12	249	541	574
24	8	11	250	708	769
24	13	10	251	779	812
24	1	13	252	851	935


Solution History:
