This is the output of Heuristic Solver for Dual resource constrained flexible job shop Scheduling Problem.
Input file is: wfjsp19_8.txt
Method: FaFM_45_75_900
Seed: 1
Number of Jobs: 20
Number of Operations: 197
Number of Machines: 10
Number of Operators: 8
CPU Time: 720.691
obj: 1258
Best found lower bound:0
Solver gap (best found lower bound and upper bound difference): Not known


Final Solution:
Job	Machine	Operator	Operation	Start Time	Finish Time
0	6	0	0	0	24
0	4	2	1	255	312
0	0	0	2	458	482
0	1	0	3	537	591
0	3	5	4	810	878
0	6	0	5	889	946
0	9	0	6	946	1002
0	5	4	7	1045	1057
1	9	6	8	45	101
1	3	3	9	480	531
1	4	2	10	689	719
1	9	6	11	719	801
1	1	0	12	857	865
1	0	5	13	1009	1093
1	1	1	14	1159	1177
2	3	3	15	0	54
2	0	0	16	185	259
2	1	3	17	277	306
2	7	1	18	353	414
2	7	6	19	579	621
2	4	7	20	621	661
2	8	4	21	661	702
2	6	7	22	820	877
2	6	6	23	1062	1126
2	1	1	24	1195	1258
3	1	4	25	0	83
3	6	3	26	194	277
3	9	6	27	295	372
3	0	4	28	372	443
3	5	7	29	460	536
3	8	4	30	552	619
3	0	3	31	619	691
3	4	2	32	719	775
3	3	5	33	878	911
3	1	4	34	932	1017
3	3	7	35	1112	1194
3	7	6	36	1199	1227
3	4	4	37	1227	1255
4	5	5	38	78	146
4	6	2	39	425	434
4	7	1	40	473	539
4	2	1	41	716	744
4	5	4	42	762	771
4	9	1	43	828	875
4	1	4	44	893	932
4	5	3	45	933	989
5	9	6	46	101	184
5	7	5	47	206	244
5	4	2	48	312	366
5	6	0	49	482	537
5	5	2	50	551	626
5	9	1	51	640	653
5	7	3	52	691	708
5	8	7	53	780	820
5	7	6	54	930	994
6	4	6	55	0	17
6	2	0	56	42	114
6	9	2	57	498	551
6	3	5	58	569	643
6	5	7	59	661	698
6	1	1	60	744	828
6	0	3	61	880	933
6	2	4	62	1018	1045
6	5	4	63	1057	1076
6	7	6	64	1157	1199
7	1	3	65	113	179
7	1	3	66	179	194
7	3	2	67	237	255
7	7	6	68	255	295
7	3	7	69	338	392
7	6	3	70	537	592
7	2	0	71	606	623
7	6	2	72	626	689
7	3	7	73	737	780
7	3	5	74	780	810
7	7	1	75	883	910
7	2	6	76	994	1018
8	3	2	77	87	150
8	5	5	78	244	284
8	1	4	79	443	471
8	3	5	80	643	714
8	5	2	81	866	891
8	9	0	82	1080	1140
8	5	5	83	1180	1246
9	6	7	84	24	109
9	5	2	85	150	237
9	8	7	86	254	292
9	5	3	87	306	371
9	7	1	88	414	473
9	0	5	89	489	569
9	0	3	90	829	880
9	2	1	91	910	980
9	8	0	92	1002	1080
9	7	3	93	1080	1146
9	0	3	94	1146	1165
9	6	0	95	1173	1235
10	0	5	96	0	60
10	6	7	97	109	193
10	8	7	98	193	254
10	6	0	99	338	398
10	4	5	100	425	489
10	2	6	101	498	579
10	2	6	102	623	712
10	8	5	103	714	779
10	7	6	104	801	883
10	2	6	105	883	909
10	7	6	106	910	930
10	1	1	107	1036	1100
10	6	6	108	1126	1157
10	1	1	109	1177	1195
10	8	7	110	1195	1255
11	7	1	111	131	195
11	2	4	112	241	279
11	2	4	113	279	345
11	1	3	114	371	431
11	3	5	115	911	1007
11	6	6	116	1018	1062
11	4	4	117	1076	1158
11	8	3	118	1173	1184
12	7	1	119	0	61
12	4	5	120	61	78
12	4	4	121	83	150
12	3	0	122	398	458
12	1	4	123	471	508
12	4	7	124	536	617
12	1	4	125	619	661
12	7	3	126	722	777
12	8	4	127	843	893
12	8	7	128	914	934
12	0	1	129	980	1009
12	9	3	130	1017	1080
12	4	4	131	1158	1222
13	5	2	132	0	59
13	4	4	133	150	217
13	9	6	134	372	450
13	6	3	135	592	618
13	6	0	136	741	796
13	4	2	137	848	866
13	3	2	138	1208	1252
14	9	6	139	17	45
14	8	3	140	54	113
14	0	0	141	114	132
14	6	7	142	292	328
14	5	7	143	392	460
14	9	6	144	460	492
14	8	4	145	508	552
14	7	0	146	623	679
14	1	0	147	679	741
14	4	4	148	775	843
14	6	0	149	877	889
14	3	7	150	1008	1089
14	3	7	151	1089	1112
14	5	5	152	1112	1180
14	0	3	153	1184	1235
15	3	5	154	150	163
15	1	1	155	195	261
15	1	1	156	306	316
15	6	3	157	434	480
15	9	1	158	653	716
15	0	3	159	777	829
15	4	2	160	916	1006
15	7	1	161	1009	1036
16	2	0	162	24	42
16	7	1	163	61	131
16	4	4	164	225	241
16	3	0	165	259	338
16	1	4	166	345	371
16	2	2	167	371	425
16	7	1	168	539	549
16	0	4	169	702	762
16	2	0	170	796	857
16	4	7	171	877	914
16	2	2	172	1062	1114
16	9	2	173	1141	1208
17	0	0	174	132	185
17	2	2	175	434	498
17	7	3	176	708	722
17	5	2	177	775	848
17	4	2	178	1006	1062
18	9	6	179	184	249
18	8	5	180	326	425
18	0	0	181	591	606
18	6	7	182	974	1008
18	2	2	183	1114	1141
18	8	0	184	1141	1173
19	3	2	185	59	87
19	3	5	186	163	206
19	2	4	187	217	225
19	0	1	188	261	293
19	7	5	189	295	326
19	0	1	190	326	353
19	9	1	191	551	640
19	6	7	192	698	737
19	9	2	193	891	916
19	8	7	194	934	974
19	5	3	195	989	1017
19	1	1	196	1100	1159


Solution History:
