This is the output of Heuristic Solver for Dual resource constrained flexible job shop Scheduling Problem.
Input file is: wfjsp24_4.txt
Method: FaFM_45_75_900
Seed: 2
Number of Jobs: 40
Number of Operations: 306
Number of Machines: 15
Number of Operators: 12
CPU Time: 1713.74
obj: 1298
Best found lower bound:0
Solver gap (best found lower bound and upper bound difference): Not known


Final Solution:
Job	Machine	Operator	Operation	Start Time	Finish Time
0	1	6	0	22	101
0	4	7	1	245	304
0	1	8	2	482	546
0	2	6	3	546	608
0	9	6	4	634	735
0	10	11	5	746	779
0	6	3	6	826	873
0	4	3	7	873	887
0	8	1	8	1239	1284
1	1	6	9	0	22
1	9	10	10	39	54
1	3	10	11	54	89
1	3	10	12	380	446
1	7	5	13	503	524
1	13	11	14	604	676
1	7	5	15	708	782
1	0	1	16	912	971
1	0	11	17	1210	1261
2	0	4	18	66	102
2	6	3	19	115	132
2	9	6	20	167	214
2	4	4	21	673	754
2	10	0	22	791	802
2	14	5	23	1075	1138
2	2	11	24	1138	1210
3	10	7	25	95	107
3	11	3	26	217	288
3	12	8	27	823	903
3	3	10	28	1058	1153
3	14	3	29	1153	1199
3	12	4	30	1199	1289
4	12	1	31	249	313
4	5	8	32	335	403
4	14	3	33	407	455
4	2	5	34	661	678
4	13	0	35	867	938
4	2	5	36	938	965
4	10	7	37	1152	1174
5	12	1	38	84	146
5	12	4	39	200	247
5	4	2	40	504	563
5	0	9	41	563	593
5	5	8	42	638	688
5	1	7	43	728	807
6	11	8	44	100	171
6	9	10	45	278	344
6	5	11	46	503	533
6	8	6	47	608	634
6	5	2	48	736	801
6	8	0	49	1046	1076
6	5	8	50	1160	1210
6	4	11	51	1261	1294
7	13	5	52	88	182
7	7	9	53	198	245
7	7	11	54	245	258
7	7	11	55	473	503
7	10	9	56	593	664
7	3	4	57	797	809
7	7	10	58	923	992
7	13	1	59	1199	1239
7	10	0	60	1239	1298
8	1	7	61	304	350
8	6	10	62	350	380
8	7	5	63	443	458
8	14	2	64	479	504
8	14	1	65	504	548
8	9	5	66	571	632
8	3	4	67	754	797
8	14	5	68	1044	1075
9	8	3	69	0	53
9	2	3	70	53	115
9	8	6	71	272	313
9	6	5	72	395	443
9	10	0	73	497	573
9	11	2	74	657	704
9	2	1	75	898	908
9	10	7	76	944	1011
9	9	7	77	1222	1270
10	9	5	78	65	88
10	1	5	79	206	280
10	8	2	80	801	862
10	3	4	81	875	937
10	10	2	82	1011	1065
10	9	9	83	1113	1143
10	8	2	84	1143	1231
10	4	8	85	1232	1253
10	2	3	86	1260	1291
11	4	11	87	66	102
11	8	7	88	173	242
11	12	6	89	378	428
11	12	6	90	428	451
11	10	11	91	718	746
11	0	11	92	845	912
11	14	9	93	978	1038
11	13	0	94	1152	1198
12	2	1	95	0	41
12	5	0	96	168	234
12	2	11	97	258	322
12	1	11	98	426	473
12	5	2	99	722	736
12	4	3	100	887	931
12	5	8	101	978	1005
12	0	1	102	1082	1113
12	5	8	103	1113	1160
12	9	6	104	1274	1293
13	7	9	105	0	70
13	4	3	106	333	407
13	12	1	107	453	502
13	12	10	108	530	579
13	8	1	109	642	710
13	4	8	110	758	823
13	9	6	111	852	901
13	4	3	112	931	998
13	11	3	113	999	1071
13	1	11	114	1126	1136
14	13	0	115	0	84
14	12	1	116	328	378
14	5	11	117	533	604
14	14	5	118	632	661
14	9	9	119	806	852
14	5	9	120	948	975
14	14	0	121	1199	1231
15	6	9	122	70	103
15	10	6	123	107	167
15	4	2	124	436	479
15	7	0	125	636	708
15	5	9	126	852	928
15	11	6	127	951	999
15	3	10	128	1021	1049
15	7	6	129	1069	1149
15	6	9	130	1171	1247
16	12	4	131	151	200
16	0	6	132	328	377
16	2	0	133	395	410
16	9	3	134	475	523
16	5	11	135	805	841
16	14	1	136	855	898
16	6	11	137	912	966
17	0	4	138	102	151
17	5	0	139	154	168
17	13	3	140	193	216
17	11	3	141	288	333
17	1	1	142	548	642
17	11	6	143	901	951
17	7	6	144	999	1069
17	7	10	145	1153	1222
18	3	8	146	0	27
18	7	0	147	84	154
18	0	6	148	214	228
18	9	6	149	228	272
18	1	7	150	350	397
18	10	11	151	397	426
18	5	0	152	607	636
18	12	8	153	1016	1080
18	4	4	154	1099	1194
19	3	10	155	132	224
19	13	1	156	378	453
19	9	10	157	453	475
19	6	10	158	475	503
19	3	6	159	513	544
19	14	4	160	548	624
19	0	4	161	624	673
19	6	10	162	740	807
20	6	9	163	132	198
20	4	2	164	407	436
20	2	8	165	688	697
20	2	5	166	860	886
20	1	5	167	886	924
21	6	5	168	0	65
21	4	11	169	174	245
21	8	7	170	397	460
21	6	3	171	523	604
21	9	11	172	779	805
21	2	11	173	966	1058
21	6	2	174	1065	1140
21	11	6	175	1149	1241
21	13	6	176	1241	1274
21	5	7	177	1274	1290
22	9	10	178	0	39
22	10	1	179	41	84
22	1	5	180	182	206
22	14	2	181	279	356
22	1	3	182	672	705
22	0	1	183	1123	1199
23	0	4	184	0	66
23	6	2	185	211	279
23	2	8	186	418	482
23	2	10	187	630	657
23	3	9	188	664	736
23	8	1	189	754	792
23	13	1	190	792	855
23	3	5	191	1153	1229
24	2	3	192	132	193
24	2	5	193	330	395
24	13	7	194	526	592
24	9	6	195	735	762
24	5	9	196	928	948
24	2	8	197	1210	1232
25	5	8	198	266	335
25	3	5	199	458	496
25	11	4	200	535	548
25	3	8	201	609	638
25	11	3	202	705	774
25	6	0	203	967	1046
26	9	10	204	89	103
26	1	11	205	103	174
26	8	0	206	313	343
26	0	4	207	377	452
26	0	4	208	452	479
26	10	0	209	483	497
26	9	9	210	529	560
26	10	0	211	802	867
26	3	4	212	937	1004
26	1	7	213	1011	1058
27	9	10	214	103	132
27	4	2	215	135	170
27	3	9	216	245	272
27	1	10	217	807	820
27	13	0	218	938	967
28	2	1	219	206	249
28	12	7	220	592	675
28	13	5	221	967	1044
28	10	0	222	1076	1145
28	7	2	223	1231	1288
29	12	7	224	0	72
29	8	7	225	72	95
29	14	5	226	678	708
29	8	2	227	862	950
29	12	1	228	971	1016
29	9	9	229	1065	1113
29	6	9	230	1247	1293
30	14	2	231	0	83
30	13	11	232	322	370
30	13	6	233	453	513
30	11	2	234	591	657
30	6	10	235	657	740
30	13	0	236	782	791
30	1	10	237	820	848
30	8	2	238	950	1011
30	9	9	239	1038	1065
31	14	1	240	146	206
31	11	2	241	356	403
31	8	7	242	460	526
31	4	3	243	604	672
31	14	1	244	710	754
31	0	10	245	992	1021
31	3	10	246	1049	1058
31	5	11	247	1058	1094
31	1	11	248	1094	1126
31	5	3	249	1210	1260
32	14	2	250	83	135
32	13	0	251	234	310
32	9	11	252	370	397
32	2	10	253	503	530
32	7	10	254	579	630
32	13	0	255	708	782
32	0	6	256	782	845
32	7	10	257	848	923
32	11	8	258	1080	1106
32	9	9	259	1143	1171
33	4	11	260	0	66
33	8	0	261	343	394
33	0	4	262	479	535
33	2	8	263	697	758
33	14	8	264	903	978
34	8	7	265	107	173
34	5	0	266	410	483
34	7	5	267	524	571
34	8	0	268	573	607
34	3	7	269	809	836
34	3	7	270	836	875
34	14	5	271	1231	1295
35	0	1	272	313	328
35	7	9	273	335	429
35	11	9	274	429	529
35	14	3	275	774	826
35	13	7	276	1058	1152
36	5	8	277	27	73
36	11	8	278	73	100
36	3	9	279	103	130
36	11	8	280	171	217
36	14	8	281	217	266
36	12	7	282	675	728
36	0	1	283	1021	1082
36	0	1	284	1113	1123
36	9	7	285	1174	1222
36	1	10	286	1222	1293
37	3	4	287	272	364
37	1	8	288	403	418
37	3	8	289	546	609
37	10	7	290	875	944
37	4	4	291	1004	1099
38	7	9	292	272	335
38	4	2	293	563	591
38	10	11	294	676	718
38	12	9	295	736	806
38	11	4	296	809	868
39	0	2	297	170	211
39	0	10	298	228	278
39	6	5	299	280	330
39	0	2	300	704	722
39	2	6	301	762	779
39	2	5	302	782	860
39	12	3	303	1080	1127
39	12	3	304	1127	1151
39	11	8	305	1253	1282


Solution History:
