This is the output of Heuristic Solver for Dual resource constrained flexible job shop Scheduling Problem.
Input file is: wfjsp14_4.txt
Method: FaFM_45_75_900
Seed: 4
Number of Jobs: 30
Number of Operations: 231
Number of Machines: 15
Number of Operators: 15
CPU Time: 775.352
obj: 804
Best found lower bound:0
Solver gap (best found lower bound and upper bound difference): Not known


Final Solution:
Job	Machine	Operator	Operation	Start Time	Finish Time
0	1	0	0	58	132
0	11	13	1	134	196
0	1	10	2	273	338
0	13	2	3	373	437
0	9	12	4	441	531
0	9	3	5	531	560
0	6	4	6	674	721
0	4	14	7	735	748
0	1	9	8	758	804
1	9	3	9	0	20
1	9	3	10	20	37
1	3	6	11	37	71
1	6	10	12	96	161
1	1	6	13	232	254
1	8	2	14	295	369
1	7	5	15	474	548
1	8	11	16	590	650
1	7	6	17	727	773
2	0	11	18	0	31
2	11	13	19	45	62
2	9	2	20	96	143
2	10	14	21	191	288
2	6	4	22	443	456
2	8	11	23	499	563
2	12	12	24	688	756
3	7	2	25	0	11
3	3	6	26	71	158
3	2	9	27	188	257
3	12	0	28	346	440
3	14	7	29	505	559
3	12	12	30	595	688
4	0	11	31	96	163
4	6	0	32	277	346
4	9	7	33	374	424
4	9	0	34	560	576
4	9	0	35	576	642
4	2	1	36	721	751
4	3	4	37	781	803
5	13	4	38	43	113
5	6	0	39	161	211
5	2	9	40	257	317
5	6	3	41	346	381
5	3	4	42	381	433
5	13	2	43	609	692
6	11	13	44	62	134
6	7	7	45	221	286
6	6	3	46	381	413
6	8	8	47	474	499
6	0	8	48	528	596
6	11	13	49	597	629
6	8	11	50	650	700
6	12	12	51	756	784
7	5	5	52	73	169
7	7	3	53	181	221
7	9	1	54	227	242
7	12	3	55	310	341
7	11	13	56	368	445
7	7	8	57	462	474
7	4	14	58	481	553
7	2	1	59	583	627
7	10	5	60	736	795
8	1	2	61	14	58
8	6	10	62	66	96
8	14	7	63	132	145
8	5	5	64	210	237
8	4	8	65	237	287
8	9	7	66	291	351
8	7	8	67	356	402
8	1	9	68	489	519
9	2	1	69	0	57
9	2	1	70	57	121
9	0	12	71	165	197
9	10	5	72	335	385
9	1	9	73	408	489
9	5	10	74	520	574
9	7	5	75	630	643
9	11	13	76	643	718
9	14	3	77	718	764
10	9	3	78	37	57
10	1	2	79	158	232
10	8	2	80	232	295
10	14	6	81	295	346
10	7	8	82	402	462
10	0	8	83	499	528
10	7	5	84	548	630
10	13	7	85	692	714
10	13	7	86	714	745
11	13	4	87	0	43
11	2	1	88	121	188
11	9	1	89	188	227
11	14	6	90	274	295
11	3	4	91	350	377
11	2	1	92	472	542
11	14	3	93	560	620
11	13	7	94	745	791
12	8	0	95	0	49
12	13	11	96	255	323
12	1	14	97	338	406
12	3	7	98	461	505
12	5	10	99	508	520
12	4	14	100	553	601
12	5	10	101	609	636
12	0	8	102	645	674
12	0	8	103	674	721
12	9	0	104	784	803
13	7	8	105	14	84
13	4	9	106	104	176
13	12	10	107	181	227
13	10	14	108	288	335
13	4	9	109	343	408
13	6	4	110	456	532
13	1	9	111	532	580
13	5	10	112	636	700
13	11	13	113	718	787
13	5	11	114	793	802
14	7	8	115	84	178
14	14	3	116	228	274
14	10	5	117	385	467
14	11	13	118	570	597
14	1	9	119	597	645
14	5	10	120	700	727
14	14	2	121	764	800
15	14	7	122	0	39
15	14	7	123	39	107
15	4	7	124	176	219
15	7	8	125	287	356
15	5	10	126	366	446
15	5	10	127	446	494
15	3	6	128	603	630
15	7	6	129	647	727
15	5	10	130	727	793
16	11	9	131	0	45
16	12	10	132	227	273
16	9	1	133	273	291
16	12	3	134	484	530
16	5	10	135	574	609
16	9	2	136	692	730
16	4	14	137	748	803
17	10	14	138	0	47
17	12	3	139	68	85
17	14	7	140	107	132
17	11	13	141	196	246
17	0	12	142	266	368
17	2	1	143	542	583
17	4	14	144	601	667
17	1	9	145	688	758
18	3	6	146	0	27
18	10	14	147	47	124
18	8	12	148	151	165
18	12	3	149	274	310
18	13	11	150	323	373
18	3	7	151	434	461
18	10	0	152	469	502
18	12	12	153	531	595
18	2	1	154	627	721
19	3	4	155	158	255
19	11	13	156	255	322
19	4	9	157	322	343
19	6	3	158	413	443
19	14	6	159	475	505
19	6	4	160	532	597
19	0	8	161	597	645
19	8	11	162	700	771
20	0	12	163	197	266
20	14	6	164	346	372
20	9	7	165	424	434
20	8	11	166	563	590
20	1	9	167	645	688
21	6	10	168	0	66
21	8	12	169	68	151
21	14	6	170	158	228
21	3	4	171	255	350
21	9	7	172	351	374
21	14	6	173	374	475
21	3	6	174	505	571
21	10	5	175	643	736
21	9	2	176	736	764
21	8	11	177	771	785
22	9	2	178	58	96
22	13	4	179	113	158
22	8	8	180	208	229
22	8	12	181	369	441
22	13	2	182	441	477
22	0	8	183	721	796
23	12	12	184	0	68
23	10	14	185	124	191
23	6	0	186	211	277
23	5	10	187	338	366
23	0	11	188	427	495
23	10	0	189	502	548
23	13	2	190	548	609
23	3	0	191	647	725
24	4	9	192	45	104
24	2	1	193	410	472
24	13	2	194	477	546
24	3	6	195	571	603
24	3	6	196	630	647
24	9	3	197	764	784
25	5	5	198	0	73
25	5	5	199	169	210
25	1	6	200	254	266
25	0	11	201	373	401
25	11	13	202	445	511
25	6	4	203	597	674
26	1	8	204	0	14
26	12	3	205	85	181
26	8	8	206	181	208
26	5	5	207	237	333
26	0	11	208	401	427
26	1	9	209	519	532
26	11	13	210	540	570
26	10	7	211	570	635
26	4	14	212	667	735
26	2	1	213	751	794
27	9	7	214	145	174
27	11	13	215	322	368
27	8	0	216	441	469
27	5	10	217	494	508
27	11	13	218	511	540
28	4	13	219	0	44
28	13	11	220	163	255
28	4	14	221	408	481
28	14	3	222	620	699
28	3	0	223	725	781
29	0	11	224	31	96
29	1	0	225	132	158
29	9	1	226	242	271
29	2	1	227	317	410
29	12	3	228	443	484
29	9	7	229	642	690
29	6	4	230	721	768


Solution History:
