This is the output of Heuristic Solver for Dual resource constrained flexible job shop Scheduling Problem.
Input file is: wfjsp18_5.txt
Method: FaFM_45_75_900
Seed: 5
Number of Jobs: 20
Number of Operations: 143
Number of Machines: 10
Number of Operators: 8
CPU Time: 186.484
obj: 883
Best found lower bound:0
Solver gap (best found lower bound and upper bound difference): Not known


Final Solution:
Job	Machine	Operator	Operation	Start Time	Finish Time
0	6	1	0	0	14
0	6	0	1	23	61
0	6	4	2	140	241
0	3	7	3	394	462
0	4	2	4	652	717
0	3	0	5	732	768
0	7	4	6	817	883
1	7	4	7	97	136
1	8	5	8	261	311
1	8	1	9	466	508
1	4	7	10	775	808
1	4	7	11	808	879
2	0	7	12	61	84
2	1	5	13	123	139
2	6	0	14	344	412
2	2	6	15	544	610
2	5	1	16	834	845
3	2	5	17	25	74
3	4	5	18	313	382
3	1	1	19	402	439
3	5	1	20	570	598
3	2	6	21	758	801
4	9	7	22	31	61
4	5	3	23	209	240
4	1	4	24	447	548
4	3	0	25	657	700
4	6	0	26	768	805
5	7	3	27	0	21
5	8	1	28	23	32
5	2	5	29	74	123
5	7	3	30	529	612
5	6	1	31	657	722
6	8	2	32	33	103
6	6	0	33	241	332
6	9	5	34	468	548
6	3	5	35	548	587
6	9	4	36	641	654
6	5	4	37	772	817
7	5	2	38	103	184
7	5	7	39	323	394
7	0	2	40	447	511
7	3	0	41	700	732
7	0	2	42	808	876
8	0	2	43	0	33
8	4	0	44	61	81
8	8	0	45	103	170
8	4	2	46	228	313
8	0	2	47	338	424
8	0	2	48	511	555
8	6	0	49	568	657
8	0	2	50	730	808
8	9	5	51	814	823
8	9	5	52	823	858
9	5	3	53	21	100
9	4	2	54	196	228
9	9	7	55	229	323
9	4	3	56	382	402
9	2	6	57	410	452
9	1	3	58	612	701
9	0	2	59	717	730
9	2	6	60	732	758
9	6	3	61	817	883
10	5	7	62	0	16
10	9	6	63	70	114
10	1	5	64	139	175
10	7	4	65	314	398
10	7	3	66	402	480
10	2	6	67	621	665
10	5	4	68	707	754
10	5	4	69	754	772
11	1	4	70	0	97
11	7	1	71	140	235
11	7	1	72	235	276
11	1	3	73	346	380
11	6	1	74	453	466
11	4	7	75	540	624
11	7	1	76	624	656
11	0	4	77	656	703
11	7	7	78	707	775
11	2	6	79	801	883
12	4	5	80	0	25
12	8	0	81	170	237
12	4	3	82	480	529
12	5	7	83	529	540
12	8	2	84	555	580
12	1	4	85	593	602
12	9	6	86	610	621
12	5	7	87	624	707
13	4	7	88	84	177
13	1	7	89	177	229
13	1	5	90	229	261
13	3	3	91	261	346
13	8	4	92	402	447
13	8	0	93	456	464
13	1	4	94	548	593
13	8	5	95	622	709
13	6	1	96	722	763
13	8	1	97	780	834
14	8	0	98	0	23
14	7	1	99	32	71
14	5	4	100	241	314
14	6	0	101	332	344
14	9	5	102	382	452
14	5	7	103	462	529
14	8	5	104	709	780
14	8	0	105	838	881
15	9	6	106	114	203
15	2	6	107	209	298
15	2	6	108	298	332
15	2	6	109	452	544
15	0	4	110	602	641
15	1	3	111	788	817
15	5	1	112	845	881
16	3	7	113	16	24
16	2	3	114	123	209
16	0	1	115	276	305
16	0	2	116	313	338
16	6	1	117	439	453
16	6	0	118	505	568
16	8	5	119	587	622
16	9	5	120	780	814
17	9	6	121	0	31
17	4	5	122	177	196
17	2	6	123	332	410
17	0	2	124	432	447
17	8	1	125	508	540
17	5	1	126	598	621
17	2	6	127	665	732
18	8	1	128	311	402
18	5	2	129	424	432
18	9	5	130	452	468
18	5	1	131	540	570
18	3	2	132	587	652
19	9	6	133	61	70
19	6	1	134	71	140
19	9	5	135	203	216
19	3	5	136	216	227
19	4	0	137	412	456
19	3	0	138	464	505
19	1	3	139	701	788
19	3	0	140	805	827
19	3	0	141	827	838
19	9	5	142	858	875


Solution History:
