This is the output of Heuristic Solver for Dual resource constrained flexible job shop Scheduling Problem.
Input file is: wfjsp13_3.txt
Method: FaFM_45_75_900
Seed: 1
Number of Jobs: 25
Number of Operations: 243
Number of Machines: 15
Number of Operators: 15
CPU Time: 1177.32
obj: 885
Best found lower bound:0
Solver gap (best found lower bound and upper bound difference): Not known


Final Solution:
Job	Machine	Operator	Operation	Start Time	Finish Time
0	0	0	0	61	145
0	8	5	1	145	158
0	11	10	2	166	180
0	7	10	3	259	338
0	1	13	4	382	461
0	13	5	5	495	561
0	8	2	6	727	806
0	0	13	7	844	880
1	13	7	8	32	133
1	4	6	9	133	146
1	3	8	10	193	252
1	8	10	11	338	423
1	2	3	12	436	454
1	3	11	13	500	596
1	11	10	14	596	684
1	8	7	15	697	727
1	14	9	16	739	792
1	5	8	17	793	809
1	3	8	18	809	874
1	11	10	19	874	883
2	12	14	20	0	25
2	10	10	21	58	113
2	7	12	22	168	256
2	5	12	23	256	320
2	3	7	24	371	398
2	5	14	25	595	667
2	13	7	26	727	820
2	0	13	27	834	844
3	14	5	28	0	27
3	3	11	29	83	181
3	14	4	30	181	218
3	1	13	31	312	343
3	14	5	32	371	430
3	10	3	33	552	615
3	4	6	34	683	742
3	1	11	35	790	878
4	7	12	36	85	168
4	5	11	37	237	251
4	3	11	38	252	279
4	7	4	39	413	506
4	1	8	40	549	564
4	9	1	41	681	706
4	5	8	42	715	765
4	7	12	43	808	842
5	2	13	44	20	80
5	13	7	45	133	227
5	4	6	46	321	390
5	4	1	47	390	474
5	4	14	48	474	489
5	13	5	49	561	575
5	4	2	50	631	681
5	7	13	51	743	808
5	14	9	52	833	872
6	8	3	53	0	21
6	7	12	54	21	85
6	12	3	55	122	149
6	8	5	56	240	267
6	13	5	57	267	336
6	5	12	58	427	506
6	14	9	59	557	654
6	11	10	60	684	778
6	1	11	61	780	790
6	6	2	62	826	879
7	12	3	63	25	122
7	9	10	64	122	166
7	2	13	65	225	252
7	1	13	66	252	312
7	1	13	67	343	382
7	2	8	68	467	549
7	7	7	69	555	564
7	9	0	70	590	681
7	6	3	71	681	745
7	5	8	72	765	793
7	4	6	73	796	880
8	13	4	74	0	27
8	1	8	75	61	121
8	10	2	76	233	244
8	11	2	77	244	272
8	9	0	78	286	299
8	2	3	79	359	436
8	5	14	80	506	595
8	4	6	81	742	796
8	6	3	82	809	826
8	5	3	83	826	864
8	10	5	84	864	876
9	11	2	85	62	152
9	11	1	86	180	223
9	0	10	87	223	259
9	8	2	88	272	295
9	2	3	89	326	359
9	7	4	90	359	413
9	0	8	91	415	467
9	0	10	92	481	508
9	7	7	93	564	591
9	2	4	94	617	653
9	12	13	95	664	741
9	14	9	96	792	833
10	3	11	97	0	83
10	6	9	98	250	332
10	12	11	99	361	443
10	1	13	100	461	519
10	11	6	101	548	577
10	3	11	102	596	690
10	10	5	103	692	761
10	12	14	104	804	836
10	11	4	105	848	858
11	9	6	106	27	89
11	8	13	107	89	132
11	12	2	108	152	225
11	14	7	109	227	326
11	10	14	110	326	419
11	7	7	111	591	695
11	7	14	112	697	743
11	13	7	113	820	850
11	12	14	114	860	882
12	14	4	115	27	75
12	0	13	116	145	179
12	1	14	117	193	205
12	10	14	118	244	311
12	11	6	119	460	548
12	10	3	120	615	631
12	2	4	121	686	743
12	2	4	122	743	779
13	9	6	123	0	27
13	5	9	124	61	133
13	2	13	125	179	225
13	0	8	126	259	319
13	5	12	127	366	427
13	0	10	128	508	578
13	0	5	129	578	650
13	2	4	130	662	686
13	8	10	131	806	863
13	8	3	132	864	885
14	0	8	133	0	61
14	0	10	134	180	218
14	1	14	135	218	244
14	6	9	136	332	402
14	12	11	137	443	500
14	4	3	138	500	545
14	1	8	139	564	616
14	5	8	140	667	715
14	9	10	141	778	806
15	4	7	142	0	32
15	6	3	143	149	250
15	11	1	144	272	349
15	5	5	145	349	366
15	9	0	146	366	391
15	14	5	147	430	495
15	12	4	148	506	561
15	2	4	149	561	617
15	13	2	150	683	726
15	9	0	151	806	843
15	13	7	152	850	881
16	10	14	153	113	180
16	4	1	154	229	268
16	11	1	155	349	385
16	10	14	156	419	453
16	8	2	157	573	596
16	10	3	158	631	676
16	14	9	159	697	739
16	9	0	160	843	880
17	11	2	161	0	62
17	8	5	162	158	240
17	9	0	163	299	366
17	0	8	164	373	415
17	8	10	165	423	481
17	4	13	166	548	631
17	6	12	167	648	676
17	0	0	168	719	797
17	12	14	169	836	860
18	10	10	170	0	58
18	4	1	171	58	98
18	9	6	172	98	107
18	2	1	173	107	179
18	13	2	174	336	417
18	9	0	175	417	484
18	6	12	176	506	576
18	13	6	177	604	683
18	1	11	178	690	780
18	2	4	179	780	845
18	7	12	180	845	884
19	2	13	181	0	20
19	6	5	182	86	140
19	9	0	183	210	286
19	12	4	184	288	357
19	6	9	185	402	497
19	7	7	186	506	555
19	13	6	187	577	604
19	10	5	188	676	692
19	3	12	189	692	793
19	11	1	190	820	848
19	2	1	191	848	876
20	6	5	192	52	86
20	4	6	193	146	229
20	2	3	194	252	326
20	14	7	195	326	371
20	14	9	196	497	557
20	12	1	197	561	570
20	6	12	198	576	648
20	12	4	199	653	662
20	12	14	200	743	804
21	6	9	201	0	52
21	5	14	202	52	61
21	1	8	203	121	193
21	12	4	204	225	288
21	0	8	205	319	373
21	11	6	206	390	460
21	10	3	207	460	468
21	10	1	208	474	552
21	1	1	209	646	672
21	0	0	210	681	719
21	6	3	211	745	809
21	0	13	212	809	834
22	7	12	213	0	16
22	5	9	214	133	237
22	8	2	215	295	335
22	9	0	216	484	561
22	12	1	217	570	646
22	8	13	218	646	664
22	9	1	219	706	777
22	10	5	220	843	858
23	14	4	221	75	179
23	10	11	222	181	233
23	4	6	223	268	321
23	5	12	224	321	330
23	3	7	225	398	496
23	1	13	226	519	548
23	9	0	227	561	590
23	8	2	228	596	626
23	14	9	229	654	697
23	10	5	230	761	793
23	10	5	231	793	843
24	1	1	232	0	58
24	8	14	233	61	85
24	9	0	234	166	210
24	13	6	235	229	260
24	3	11	236	279	361
24	13	2	237	417	495
24	8	2	238	495	573
24	1	8	239	616	642
24	0	8	240	650	666
24	8	14	241	667	697
24	11	1	242	778	820


Solution History:
