This is the output of Heuristic Solver for Dual resource constrained flexible job shop Scheduling Problem.
Input file is: wfjsp22_2.txt
Method: FaFM_45_75_900
Seed: 1
Number of Jobs: 30
Number of Operations: 225
Number of Machines: 15
Number of Operators: 12
CPU Time: 812.951
obj: 957
Best found lower bound:0
Solver gap (best found lower bound and upper bound difference): Not known


Final Solution:
Job	Machine	Operator	Operation	Start Time	Finish Time
0	4	5	0	0	73
0	13	10	1	196	272
0	14	6	2	331	351
0	4	5	3	368	402
0	5	11	4	402	419
1	10	0	5	0	25
1	0	11	6	54	115
1	3	5	7	218	228
1	12	0	8	287	360
1	1	7	9	388	427
1	14	2	10	676	726
1	8	8	11	726	742
1	1	4	12	806	874
1	6	10	13	898	955
2	5	11	14	0	54
2	0	11	15	115	177
2	5	0	16	220	253
2	3	8	17	299	342
2	8	9	18	417	438
2	13	8	19	489	545
2	9	9	20	584	657
2	13	9	21	657	738
2	6	5	22	778	837
2	6	10	23	837	898
3	12	4	24	0	59
3	11	8	25	135	154
3	14	2	26	200	211
3	1	6	27	245	331
3	12	4	28	370	396
3	10	5	29	402	475
3	3	8	30	742	828
3	5	6	31	828	845
3	4	6	32	845	919
4	3	5	33	73	152
4	2	1	34	303	355
4	6	8	35	418	444
4	3	6	36	496	555
4	5	0	37	615	651
4	12	0	38	674	743
4	14	9	39	743	835
4	2	3	40	883	906
4	14	1	41	906	921
4	8	1	42	921	950
5	14	9	43	104	121
5	7	9	44	183	223
5	7	5	45	228	298
5	13	7	46	303	343
5	7	5	47	658	743
5	10	7	48	866	951
6	10	1	49	58	115
6	2	0	50	124	153
6	11	3	51	198	258
6	4	1	52	265	301
6	3	3	53	454	483
6	9	9	54	548	584
6	3	5	55	599	644
6	4	0	56	651	674
6	3	11	57	678	739
7	6	4	58	74	135
7	2	6	59	233	245
7	10	5	60	298	328
7	2	10	61	415	462
7	1	1	62	474	554
7	9	11	63	739	794
7	0	2	64	872	946
8	2	10	65	0	52
8	12	7	66	73	93
8	14	2	67	122	200
8	1	7	68	343	356
8	13	0	69	360	434
8	0	2	70	550	564
8	10	11	71	626	678
8	6	4	72	693	753
8	2	0	73	906	957
9	8	1	74	0	58
9	5	3	75	107	198
9	9	10	76	272	331
9	11	7	77	495	557
9	2	1	78	605	686
9	4	6	79	691	705
9	4	6	80	705	761
9	1	6	81	761	806
9	8	1	82	840	898
9	13	9	83	918	935
10	11	2	84	44	122
10	11	9	85	163	183
10	5	3	86	316	336
10	10	7	87	356	388
10	10	5	88	475	507
10	5	7	89	663	758
10	4	10	90	771	837
11	9	6	91	0	73
11	9	6	92	88	154
11	13	10	93	182	196
11	12	8	94	239	269
11	8	9	95	334	407
11	12	4	96	487	548
11	2	1	97	554	605
11	6	6	98	605	691
11	13	9	99	835	918
12	1	0	100	74	91
12	4	7	101	136	210
12	0	11	102	258	315
12	11	2	103	363	416
12	8	9	104	438	512
12	8	7	105	557	631
12	12	7	106	631	663
12	9	10	107	663	711
12	12	0	108	743	816
13	3	3	109	0	55
13	7	10	110	55	106
13	3	8	111	269	299
13	9	11	112	470	514
13	14	11	113	514	572
13	10	3	114	689	754
13	10	1	115	756	770
14	5	6	116	73	88
14	1	8	117	109	135
14	8	9	118	235	321
14	7	3	119	336	423
14	3	3	120	423	454
14	10	11	121	572	626
14	7	5	122	901	956
15	5	3	123	88	107
15	8	1	124	205	235
15	10	11	125	236	258
15	7	3	126	307	316
15	10	5	127	328	354
15	4	5	128	354	368
15	6	9	129	407	417
15	8	8	130	636	714
15	0	8	131	714	724
16	4	0	132	91	124
16	9	11	133	419	470
16	10	0	134	507	562
16	5	0	135	562	615
16	2	1	136	686	720
16	7	3	137	754	792
16	3	8	138	828	887
17	12	8	139	154	239
17	0	2	140	496	550
17	11	3	141	566	631
17	11	3	142	631	689
17	2	1	143	720	756
17	11	11	144	794	853
18	6	0	145	43	74
18	12	7	146	93	136
18	2	0	147	153	220
18	3	1	148	235	265
18	2	10	149	462	511
18	8	9	150	512	548
18	0	2	151	564	609
18	1	4	152	627	693
18	0	2	153	802	872
19	5	4	154	59	69
19	9	10	155	331	415
19	7	1	156	425	474
19	0	2	157	609	676
19	13	5	158	743	778
19	11	11	159	853	901
20	6	8	160	0	25
20	1	4	161	135	202
20	1	4	162	202	232
20	10	0	163	258	287
20	11	2	164	292	363
20	12	4	165	396	487
20	5	3	166	487	547
20	13	8	167	547	620
21	13	2	168	0	13
21	11	2	169	13	44
21	14	2	170	211	292
21	14	6	171	359	430
21	4	0	172	434	504
21	1	8	173	887	951
22	9	6	174	154	233
22	7	9	175	321	334
22	0	1	176	355	425
22	1	7	177	427	448
22	1	4	178	554	627
22	8	7	179	758	840
22	9	5	180	840	901
22	14	6	181	921	949
23	3	1	182	152	205
23	6	4	183	293	370
23	11	2	184	416	495
23	7	5	185	507	578
23	11	10	186	711	771
23	10	7	187	840	866
24	13	1	188	115	152
24	6	5	189	152	218
24	3	8	190	342	418
24	14	8	191	444	487
24	5	4	192	758	802
25	1	7	193	0	73
25	2	9	194	86	104
25	7	9	195	121	163
25	0	11	196	177	236
25	5	3	197	258	307
25	5	11	198	342	402
25	2	3	199	792	883
25	5	4	200	883	956
26	13	8	201	25	109
26	0	11	202	315	342
26	0	6	203	430	496
26	6	10	204	511	565
26	13	8	205	620	636
26	7	5	206	644	658
26	7	0	207	855	890
27	14	9	208	0	86
27	8	10	209	106	182
27	6	4	210	232	293
27	14	10	211	572	652
27	10	1	212	770	840
28	7	0	213	25	43
28	2	7	214	248	303
28	13	7	215	448	489
28	12	3	216	548	566
28	0	2	217	726	802
28	13	0	218	816	832
28	7	0	219	832	855
29	2	3	220	55	84
29	4	7	221	210	248
29	14	6	222	351	359
29	3	6	223	555	599
29	11	11	224	901	956


Solution History:
