This is the output of Heuristic Solver for Dual resource constrained flexible job shop Scheduling Problem.
Input file is: wfjsp21_9.txt
Method: FaFM_45_75_900
Seed: 1
Number of Jobs: 25
Number of Operations: 258
Number of Machines: 15
Number of Operators: 12
CPU Time: 746.281
obj: 1141
Best found lower bound:0
Solver gap (best found lower bound and upper bound difference): Not known


Final Solution:
Job	Machine	Operator	Operation	Start Time	Finish Time
0	6	1	0	0	80
0	13	0	1	150	197
0	6	9	2	210	272
0	14	4	3	283	339
0	10	5	4	339	374
0	2	0	5	446	524
0	3	8	6	591	653
0	8	3	7	665	684
0	4	9	8	684	742
0	2	7	9	743	801
0	12	6	10	883	967
0	12	11	11	981	1066
1	13	0	12	78	150
1	7	10	13	151	192
1	11	5	14	290	310
1	6	5	15	384	441
1	2	0	16	583	598
1	11	7	17	660	743
1	9	0	18	784	806
1	4	6	19	806	825
1	2	5	20	834	869
1	3	7	21	950	992
1	6	1	22	1091	1103
1	5	0	23	1109	1128
2	8	0	24	0	22
2	9	4	25	34	90
2	7	7	26	90	145
2	2	8	27	274	359
2	8	3	28	394	484
2	10	9	29	562	646
2	11	1	30	842	898
2	10	9	31	937	995
2	6	6	32	1000	1061
3	0	3	33	0	66
3	3	5	34	70	84
3	5	2	35	168	251
3	4	0	36	259	292
3	12	9	37	384	406
3	12	9	38	406	422
3	9	11	39	558	617
3	11	5	40	765	834
3	9	4	41	895	976
3	2	2	42	1008	1032
3	5	2	43	1032	1054
3	6	1	44	1103	1125
4	10	4	45	0	34
4	4	0	46	215	259
4	9	2	47	270	333
4	9	11	48	411	456
4	9	4	49	456	474
4	10	9	50	478	562
4	4	9	51	646	676
4	4	6	52	825	883
4	0	0	53	1025	1051
5	4	3	54	93	119
5	9	3	55	189	252
5	4	1	56	362	450
5	8	5	57	515	529
5	12	11	58	617	653
5	5	8	59	653	743
5	6	1	60	795	842
5	4	3	61	888	928
5	0	3	62	928	999
6	12	10	63	0	54
6	14	2	64	111	168
6	3	8	65	188	260
6	2	8	66	260	274
6	12	4	67	274	283
6	13	9	68	294	323
6	4	1	69	464	531
6	9	1	70	531	558
6	12	10	71	574	607
6	8	10	72	607	636
6	13	9	73	742	805
6	13	9	74	859	937
7	6	6	75	80	131
7	2	9	76	148	180
7	5	6	77	270	343
7	8	3	78	352	394
7	0	10	79	512	568
7	0	3	80	568	596
7	13	4	81	597	632
7	13	3	82	686	720
7	11	1	83	953	968
7	14	3	84	999	1053
7	11	1	85	1054	1091
8	9	4	86	90	173
8	8	11	87	181	240
8	5	2	88	251	270
8	13	9	89	272	294
8	11	3	90	484	567
8	13	2	91	645	686
8	8	0	92	687	784
8	14	4	93	814	895
8	7	0	94	979	1025
8	1	7	95	1026	1039
9	3	5	96	0	36
9	12	8	97	74	132
9	10	7	98	202	285
9	5	6	99	473	558
9	13	5	100	558	588
9	6	1	101	588	646
9	2	5	102	646	683
9	1	4	103	687	707
9	12	6	104	710	795
9	8	8	105	826	881
10	1	2	106	56	111
10	0	3	107	119	189
10	2	7	108	190	202
10	7	6	109	207	268
10	0	9	110	422	478
10	7	6	111	558	575
10	0	3	112	596	665
10	14	4	113	710	804
10	7	3	114	863	888
10	4	0	115	928	960
10	4	9	116	995	1058
10	4	11	117	1066	1138
11	13	2	118	0	56
11	3	5	119	84	117
11	6	11	120	155	181
11	6	9	121	323	384
11	1	2	122	399	456
11	7	6	123	575	636
11	14	6	124	636	710
11	7	10	125	794	857
11	3	1	126	1026	1054
12	1	8	127	0	39
12	2	10	128	54	79
12	12	0	129	292	372
12	13	4	130	474	543
12	11	7	131	574	660
12	13	9	132	805	859
12	7	8	133	888	947
12	10	10	134	997	1033
12	8	10	135	1033	1064
13	4	6	136	0	15
13	4	0	137	22	78
13	5	9	138	88	148
13	10	4	139	173	201
13	0	7	140	304	363
13	14	0	141	372	446
13	3	8	142	522	591
13	1	11	143	709	746
13	10	11	144	746	833
13	5	2	145	923	1008
14	3	5	146	129	177
14	6	9	147	181	210
14	11	1	148	239	273
14	5	6	149	343	419
14	6	5	150	455	515
14	5	5	151	588	645
14	7	10	152	645	675
14	3	5	153	752	765
14	6	7	154	858	919
14	2	7	155	919	950
14	10	5	156	1038	1125
15	3	8	157	39	61
15	14	1	158	80	109
15	3	5	159	117	129
15	0	10	160	192	264
15	4	3	161	295	352
15	0	7	162	363	416
15	10	5	163	441	455
15	12	7	164	498	574
15	7	10	165	713	794
15	8	5	166	881	934
15	8	8	167	947	1029
15	9	4	168	1040	1129
16	7	11	169	0	83
16	7	10	170	268	343
16	9	2	171	343	399
16	11	6	172	421	473
16	2	0	173	524	583
16	0	11	174	665	709
16	12	7	175	801	858
16	3	7	176	992	1026
16	0	3	177	1053	1117
17	14	6	178	15	78
17	4	3	179	78	93
17	12	7	180	145	190
17	1	4	181	201	271
17	5	1	182	450	464
17	4	2	183	540	645
17	6	1	184	699	795
17	14	4	185	804	814
17	5	2	186	848	923
17	11	1	187	968	1024
17	12	10	188	1066	1129
18	13	3	189	66	74
18	14	5	190	177	239
18	6	7	191	285	304
18	10	5	192	310	336
18	6	11	193	520	557
18	11	1	194	898	953
18	2	6	195	967	1000
18	3	7	196	1054	1138
19	10	5	197	36	70
19	4	6	198	131	207
19	14	5	199	239	276
19	3	5	200	276	290
19	3	1	201	303	362
19	3	8	202	362	410
19	14	2	203	456	540
19	5	8	204	743	826
19	1	10	205	857	926
19	1	10	206	926	997
19	14	2	207	1054	1098
20	1	8	208	132	188
20	9	3	209	252	263
20	11	4	210	339	421
20	2	7	211	421	443
20	12	7	212	443	498
20	8	5	213	529	556
20	6	1	214	646	699
20	7	10	215	699	713
20	10	11	216	833	916
20	6	5	217	934	954
21	11	1	218	109	161
21	12	0	219	197	215
21	0	3	220	264	295
21	3	8	221	410	460
21	1	0	222	613	687
21	13	3	223	720	737
21	0	3	224	737	796
21	13	5	225	954	1038
21	2	6	226	1061	1130
22	11	7	227	0	90
22	8	11	228	90	155
22	1	1	229	273	303
22	7	10	230	415	512
22	10	10	231	675	690
22	1	2	232	772	848
22	14	11	233	916	981
22	7	8	234	1029	1103
23	5	9	235	0	88
23	11	1	236	161	239
23	7	10	237	343	415
23	13	4	238	421	453
23	1	11	239	456	520
23	1	4	240	543	597
23	1	0	241	598	613
23	9	2	242	686	772
23	9	0	243	806	883
23	3	0	244	883	927
23	4	0	245	960	979
23	5	0	246	1054	1109
24	12	8	247	61	74
24	10	10	248	79	151
24	8	11	249	240	328
24	13	11	250	328	411
24	3	8	251	460	522
24	5	1	252	558	587
24	9	4	253	632	681
24	3	5	254	683	752
24	0	3	255	796	863
24	9	4	256	976	1040
24	13	9	257	1058	1141


Solution History:
