This is the output of Heuristic Solver for Dual resource constrained flexible job shop Scheduling Problem.
Input file is: wfjsp11_6.txt
Method: FaFM_45_75_900
Seed: 1
Number of Jobs: 20
Number of Operations: 169
Number of Machines: 10
Number of Operators: 10
CPU Time: 861.868
obj: 943
Best found lower bound:0
Solver gap (best found lower bound and upper bound difference): Not known


Final Solution:
Job	Machine	Operator	Operation	Start Time	Finish Time
0	4	9	0	0	57
0	7	7	1	57	97
0	2	4	2	182	243
0	8	3	3	300	341
0	5	1	4	346	434
0	4	6	5	459	547
0	2	3	6	584	613
0	7	9	7	656	682
0	2	3	8	712	798
0	8	9	9	824	839
0	9	7	10	855	939
1	6	8	11	184	259
1	4	6	12	317	349
1	8	7	13	403	441
1	2	4	14	503	562
1	9	7	15	770	855
2	1	2	16	156	237
2	7	7	17	310	401
2	5	1	18	597	624
2	6	1	19	665	710
2	7	5	20	757	810
2	5	0	21	900	943
3	8	3	22	43	131
3	4	6	23	241	317
3	8	9	24	342	403
3	1	2	25	489	530
3	8	9	26	611	645
3	9	0	27	677	686
3	9	8	28	686	746
4	6	1	29	87	171
4	3	5	30	182	227
4	4	6	31	227	241
4	6	8	32	259	346
4	4	6	33	349	421
4	6	8	34	515	553
4	1	2	35	564	645
4	4	6	36	664	704
4	4	6	37	704	729
4	4	6	38	729	820
4	0	4	39	842	880
4	7	9	40	884	939
5	8	7	41	0	43
5	3	6	42	104	170
5	3	5	43	469	554
5	4	6	44	575	664
5	2	3	45	886	935
6	1	2	46	325	410
6	8	7	47	441	476
6	8	7	48	476	518
6	1	2	49	530	545
6	1	2	50	645	734
7	5	1	51	0	29
7	5	8	52	29	42
7	6	5	53	42	87
7	2	5	54	87	182
7	7	7	55	223	234
7	7	7	56	234	310
7	7	9	57	403	463
7	7	9	58	463	521
7	7	7	59	521	567
7	3	5	60	567	655
7	8	5	61	655	667
7	6	1	62	710	798
7	4	2	63	828	881
7	6	1	64	886	907
7	0	4	65	907	934
8	9	0	66	122	207
8	8	3	67	207	247
8	3	5	68	250	336
8	5	1	69	434	513
8	6	8	70	572	585
8	6	8	71	585	618
8	6	1	72	624	665
8	0	4	73	753	842
8	6	1	74	907	943
9	6	5	75	0	41
9	6	1	76	171	180
9	3	5	77	227	250
9	2	3	78	341	422
9	7	7	79	567	656
9	2	3	80	698	712
9	9	8	81	746	770
9	5	0	82	838	850
10	0	4	83	76	169
10	0	9	84	323	342
10	2	3	85	422	497
10	6	1	86	798	886
10	4	2	87	886	938
11	1	2	88	48	72
11	9	0	89	88	122
11	7	7	90	125	223
11	1	2	91	545	564
11	2	4	92	564	581
11	1	2	93	734	775
11	5	0	94	850	900
12	2	3	95	0	43
12	1	2	96	237	325
12	6	8	97	420	515
12	4	6	98	547	575
12	5	8	99	624	685
12	8	9	100	757	813
12	8	9	101	813	824
12	7	9	102	847	884
13	1	2	103	0	48
13	5	8	104	48	65
13	3	6	105	72	104
13	7	7	106	104	125
13	8	3	107	131	172
13	9	0	108	289	379
13	1	2	109	422	460
13	1	2	110	460	489
13	5	1	111	513	597
13	9	0	112	651	677
13	7	9	113	700	757
13	5	0	114	759	838
13	8	5	115	847	934
14	1	2	116	72	156
14	8	3	117	172	206
14	5	1	118	227	244
14	2	4	119	244	255
14	9	0	120	267	289
14	0	4	121	405	503
14	7	9	122	682	700
14	3	7	123	741	769
14	3	6	124	828	916
15	3	6	125	0	72
15	5	1	126	184	227
15	5	1	127	244	329
15	3	5	128	336	381
15	1	2	129	410	422
15	9	0	130	436	512
15	6	8	131	553	572
15	9	0	132	599	651
15	5	0	133	686	737
15	0	4	134	737	753
15	7	5	135	810	847
16	4	9	136	57	132
16	4	6	137	170	219
16	8	3	138	247	300
16	9	0	139	379	436
16	9	0	140	512	599
16	8	5	141	667	757
17	9	0	142	0	88
17	4	9	143	132	166
17	0	9	144	169	228
17	0	9	145	228	323
17	6	8	146	346	420
17	4	6	147	421	459
17	0	3	148	503	584
17	0	4	149	584	646
17	0	4	150	646	734
17	5	0	151	737	759
17	1	8	152	775	814
17	1	8	153	814	899
17	1	8	154	899	938
18	5	8	155	65	123
18	9	0	156	207	267
18	3	5	157	381	469
18	3	7	158	656	741
18	2	3	159	798	886
18	3	6	160	916	940
19	0	4	161	0	76
19	5	8	162	123	184
19	2	4	163	255	332
19	5	4	164	332	346
19	0	4	165	346	405
19	8	9	166	521	611
19	2	3	167	613	698
19	3	2	168	775	828


Solution History:
