This is the output of Heuristic Solver for Dual resource constrained flexible job shop Scheduling Problem.
Input file is: wfjsp22_5.txt
Method: FaFM_45_75_900
Seed: 1
Number of Jobs: 30
Number of Operations: 210
Number of Machines: 15
Number of Operators: 12
CPU Time: 582.411
obj: 856
Best found lower bound:0
Solver gap (best found lower bound and upper bound difference): Not known


Final Solution:
Job	Machine	Operator	Operation	Start Time	Finish Time
0	6	1	0	21	35
0	13	1	1	35	75
0	9	3	2	132	216
0	10	6	3	309	377
0	8	6	4	389	461
0	1	1	5	474	508
0	4	11	6	597	666
1	7	9	7	103	145
1	10	4	8	176	225
1	9	5	9	653	692
1	12	2	10	692	722
1	9	3	11	746	816
2	9	1	12	0	21
2	6	0	13	46	60
2	12	8	14	79	148
2	2	0	15	322	386
2	1	11	16	424	435
3	2	2	17	0	45
3	5	5	18	101	170
3	11	2	19	191	232
3	7	7	20	308	337
3	4	1	21	545	584
4	10	11	22	64	93
4	11	2	23	232	261
4	7	1	24	653	736
4	0	0	25	754	797
4	4	2	26	813	852
5	8	3	27	32	53
5	11	1	28	264	272
5	6	5	29	491	539
5	14	8	30	543	629
5	10	5	31	798	848
6	4	11	32	0	64
6	0	7	33	81	167
6	1	10	34	174	258
6	6	9	35	427	466
6	5	5	36	467	482
6	8	10	37	760	808
7	11	4	38	0	76
7	7	4	39	225	300
7	0	11	40	366	424
7	9	3	41	605	635
7	12	11	42	723	787
8	3	3	43	0	32
8	3	4	44	76	94
8	10	4	45	94	160
8	8	3	46	277	365
8	7	9	47	466	547
8	6	5	48	562	607
8	10	8	49	629	705
8	1	9	50	706	784
8	6	4	51	808	817
8	6	1	52	817	851
9	9	3	53	53	132
9	14	1	54	142	174
9	6	1	55	174	264
9	0	10	56	337	358
9	13	10	57	366	403
9	7	9	58	547	628
9	13	7	59	650	663
9	8	2	60	663	691
9	2	11	61	787	851
10	1	6	62	137	154
10	0	5	63	170	214
10	13	3	64	216	250
10	4	10	65	258	337
10	6	9	66	354	427
10	2	0	67	455	493
10	0	2	68	505	546
10	5	7	69	731	749
11	12	7	70	167	258
11	5	5	71	283	371
11	7	0	72	386	427
11	1	11	73	435	472
11	3	3	74	472	485
11	8	3	75	485	575
11	3	3	76	575	605
11	8	2	77	613	658
11	2	0	78	686	754
11	5	7	79	754	836
12	10	5	80	0	25
12	13	1	81	75	142
12	12	7	82	337	390
12	14	5	83	390	401
12	7	0	84	427	455
12	5	1	85	623	632
12	13	4	86	683	693
12	6	4	87	725	808
13	7	9	88	0	81
13	3	6	89	158	208
13	13	3	90	250	277
13	9	8	91	322	407
13	3	4	92	419	464
13	6	5	93	482	491
13	12	0	94	493	534
13	5	0	95	534	622
13	3	6	96	725	770
13	0	0	97	797	845
14	11	9	98	81	103
14	6	10	99	133	174
14	9	11	100	244	307
14	8	6	101	377	389
14	4	11	102	474	538
14	10	4	103	548	614
14	3	4	104	614	683
14	9	5	105	692	739
15	3	9	106	223	301
15	4	4	107	337	419
15	11	2	108	474	505
15	14	6	109	637	725
15	10	5	110	739	782
15	1	1	111	784	815
15	13	4	112	817	853
16	13	7	113	0	8
16	4	11	114	158	244
16	14	2	115	261	293
16	5	1	116	508	531
16	11	1	117	531	545
16	2	0	118	623	686
16	3	4	119	693	725
16	9	3	120	816	856
17	8	0	121	0	29
17	1	2	122	45	64
17	8	8	123	196	274
17	5	5	124	371	387
17	12	7	125	437	473
17	6	5	126	607	628
17	8	10	127	699	760
18	0	6	128	214	309
18	0	2	129	318	327
18	10	6	130	530	548
18	2	1	131	754	783
18	14	9	132	784	841
19	3	6	133	59	68
19	3	11	134	94	158
19	5	0	135	186	202
19	6	0	136	276	287
19	1	1	137	338	391
19	2	10	138	403	443
19	14	8	139	459	543
19	13	6	140	548	566
19	10	8	141	705	714
19	11	8	142	714	734
20	12	8	143	0	79
20	5	5	144	214	283
20	13	11	145	307	366
20	9	5	146	407	426
20	4	2	147	449	474
20	3	6	148	770	842
21	2	2	149	108	191
21	2	0	150	202	276
21	11	2	151	293	318
21	0	5	152	426	462
21	0	2	153	546	613
22	1	6	154	0	29
22	4	10	155	66	133
22	3	9	156	301	354
22	6	9	157	628	706
22	7	1	158	736	749
23	6	10	159	0	13
23	5	5	160	25	101
23	10	2	161	377	449
23	10	6	162	461	530
23	9	11	163	538	597
23	11	10	164	603	638
23	9	1	165	638	653
23	0	3	166	653	701
23	4	2	167	723	794
24	9	0	168	29	46
24	6	0	169	60	80
24	3	3	170	365	399
24	5	3	171	399	467
24	1	10	172	518	603
24	11	10	173	638	699
25	8	6	174	68	137
25	10	7	175	258	308
25	13	4	176	464	546
25	4	11	177	666	723
25	4	2	178	794	813
25	7	7	179	836	856
26	14	7	180	8	81
26	1	0	181	81	117
26	10	4	182	160	176
26	2	0	183	287	322
26	12	7	184	390	437
26	9	10	185	443	518
26	12	7	186	570	650
26	5	7	187	663	731
26	14	8	188	734	780
27	0	10	189	13	66
27	11	0	190	117	186
27	6	4	191	300	328
27	13	8	192	407	459
27	12	5	193	539	562
27	0	5	194	628	646
27	8	8	195	808	850
28	3	6	196	47	59
28	2	2	197	64	108
28	8	8	198	148	196
28	1	1	199	272	338
28	13	6	200	566	637
29	10	6	201	29	47
29	7	9	202	145	223
29	12	8	203	274	322
29	14	2	204	327	372
29	11	1	205	391	474
29	3	7	206	485	570
29	2	1	207	584	623
29	0	3	208	701	746
29	10	5	209	782	798


Solution History:
