This is the output of Heuristic Solver for Dual resource constrained flexible job shop Scheduling Problem.
Input file is: wfjsp10_7.txt
Method: FaFM_45_75_900
Seed: 1
Number of Jobs: 20
Number of Operations: 160
Number of Machines: 10
Number of Operators: 10
CPU Time: 306.982
obj: 831
Best found lower bound:0
Solver gap (best found lower bound and upper bound difference): Not known


Final Solution:
Job	Machine	Operator	Operation	Start Time	Finish Time
0	1	7	0	103	187
0	0	1	1	311	323
0	3	5	2	368	407
0	9	1	3	420	515
0	4	0	4	515	540
0	1	7	5	597	633
0	7	9	6	728	757
0	1	7	7	758	794
1	1	7	8	0	13
1	0	1	9	36	71
1	7	8	10	160	235
1	3	5	11	235	310
1	9	8	12	331	409
1	3	5	13	409	471
1	3	5	14	520	557
1	9	8	15	641	659
1	6	2	16	688	765
1	6	2	17	765	831
2	5	5	18	36	98
2	8	4	19	117	183
2	2	1	20	221	294
2	2	2	21	377	412
2	6	9	22	468	480
2	2	3	23	480	553
2	7	9	24	588	599
2	7	9	25	599	653
2	8	4	26	660	672
2	0	1	27	751	830
3	6	6	28	36	82
3	7	0	29	110	138
3	1	7	30	417	495
3	9	8	31	678	753
3	7	9	32	757	831
4	8	4	33	0	9
4	3	5	34	100	176
4	4	3	35	185	264
4	3	5	36	310	331
4	4	9	37	337	362
4	1	0	38	380	417
4	8	4	39	465	530
4	0	3	40	561	637
4	7	9	41	653	728
4	3	5	42	748	829
5	4	3	43	144	185
5	6	9	44	193	220
5	7	3	45	288	324
5	6	6	46	358	438
5	3	5	47	557	618
5	5	6	48	651	712
6	9	9	49	46	103
6	4	8	50	108	127
6	6	2	51	139	178
6	5	6	52	191	254
6	2	0	53	294	322
6	0	2	54	420	436
6	0	2	55	436	482
6	1	7	56	633	717
6	4	3	57	789	830
7	5	6	58	0	36
7	5	6	59	98	119
7	7	8	60	138	160
7	9	9	61	220	254
7	1	7	62	264	324
7	5	3	63	337	403
7	1	7	64	513	597
7	8	4	65	731	789
8	7	3	66	0	82
8	8	4	67	183	270
8	1	0	68	324	380
8	4	9	69	396	468
8	1	9	70	495	513
8	4	8	71	549	602
8	2	0	72	621	678
8	2	0	73	738	826
9	2	0	74	36	78
9	0	0	75	149	170
9	5	8	76	292	331
9	5	6	77	573	651
9	3	5	78	709	748
10	9	2	79	103	139
10	0	2	80	226	311
10	4	3	81	324	337
10	6	0	82	480	499
10	3	5	83	658	709
11	0	0	84	0	23
11	6	0	85	82	110
11	3	0	86	176	232
11	0	1	87	323	380
11	8	4	88	398	455
11	8	4	89	455	465
11	7	8	90	476	549
11	7	0	91	549	578
11	9	1	92	597	637
11	4	3	93	641	655
12	6	2	94	0	29
12	8	7	95	29	103
12	6	9	96	110	122
12	9	9	97	139	193
12	0	2	98	208	226
12	9	9	99	254	325
12	5	6	100	476	549
12	0	1	101	637	667
12	0	1	102	667	751
12	9	8	103	778	828
13	3	5	104	0	33
13	2	3	105	82	135
13	7	8	106	235	288
13	4	9	107	362	396
13	2	0	108	417	471
13	8	4	109	530	560
13	4	8	110	602	641
13	4	3	111	655	666
13	9	8	112	753	778
13	5	6	113	790	827
14	0	1	114	71	149
14	2	2	115	322	377
14	7	3	116	403	469
14	9	8	117	659	678
14	2	0	118	678	738
15	9	9	119	0	46
15	7	8	120	82	108
15	1	7	121	187	264
15	4	4	122	270	313
15	8	4	123	313	398
15	9	1	124	515	597
15	6	2	125	601	688
15	4	3	126	748	789
16	2	1	127	0	36
16	8	4	128	103	117
16	3	5	129	331	368
16	0	1	130	380	420
16	2	2	131	561	579
16	1	7	132	717	758
17	4	8	133	0	80
17	2	3	134	135	144
17	5	6	135	254	292
17	7	7	136	324	403
17	5	8	137	409	476
17	6	9	138	513	588
17	6	2	139	588	601
17	3	5	140	618	658
17	8	4	141	672	731
18	1	4	142	13	70
18	2	1	143	149	221
18	6	0	144	232	294
18	3	5	145	471	520
18	5	6	146	549	573
18	8	4	147	573	660
18	5	6	148	712	790
18	8	4	149	790	826
19	3	2	150	33	100
19	5	6	151	119	191
19	9	2	152	193	208
19	6	6	153	294	320
19	6	6	154	320	358
19	6	6	155	438	462
19	0	2	156	482	561
19	2	0	157	579	621
19	4	3	158	666	748
19	1	7	159	794	830


Solution History:
