This is the output of Heuristic Solver for Dual resource constrained flexible job shop Scheduling Problem.
Input file is: wfjsp20_9.txt
Method: FaFM_45_75_900
Seed: 2
Number of Jobs: 25
Number of Operations: 188
Number of Machines: 10
Number of Operators: 8
CPU Time: 510.453
obj: 1190
Best found lower bound:0
Solver gap (best found lower bound and upper bound difference): Not known


Final Solution:
Job	Machine	Operator	Operation	Start Time	Finish Time
0	9	1	0	270	350
0	1	3	1	520	559
0	6	4	2	670	730
0	9	4	3	730	785
0	9	1	4	1163	1189
1	1	3	5	0	88
1	6	0	6	144	200
1	7	1	7	466	483
1	6	4	8	499	555
1	3	4	9	555	614
1	7	1	10	635	720
1	8	4	11	785	878
1	0	1	12	882	949
2	2	7	13	219	258
2	2	6	14	334	355
2	3	3	15	372	428
2	4	0	16	432	449
2	5	3	17	891	979
2	2	0	18	1014	1033
2	4	0	19	1113	1132
2	2	3	20	1160	1190
3	9	7	21	180	219
3	9	5	22	219	232
3	9	1	23	248	270
3	1	0	24	413	432
3	5	0	25	449	506
3	2	6	26	922	973
4	8	5	27	126	216
4	7	1	28	549	635
4	8	6	29	701	783
4	1	7	30	843	904
4	6	6	31	986	1048
5	2	0	32	0	55
5	0	5	33	232	303
5	7	7	34	303	317
5	6	5	35	408	489
5	3	2	36	699	728
5	0	5	37	814	833
5	1	2	38	904	915
5	5	3	39	979	1038
6	6	2	40	0	57
6	5	0	41	240	336
6	8	3	42	345	372
6	7	6	43	447	466
6	0	2	44	530	549
6	4	7	45	719	756
6	3	6	46	783	824
6	7	5	47	833	896
6	2	4	48	973	1014
6	3	1	49	1050	1069
7	7	7	50	0	84
7	1	5	51	323	351
7	9	5	52	351	408
7	9	4	53	468	499
7	2	7	54	548	577
7	2	5	55	578	641
7	0	5	56	659	735
7	5	3	57	819	832
7	4	2	58	864	896
8	8	4	59	0	86
8	8	7	60	424	465
8	7	5	61	489	524
8	0	2	62	549	631
8	9	7	63	904	960
8	9	7	64	960	1019
8	3	4	65	1076	1137
8	5	2	66	1172	1185
9	4	4	67	277	285
9	3	1	68	440	466
9	1	2	69	915	982
9	2	3	70	1038	1065
9	6	2	71	1138	1172
10	9	5	72	0	29
10	9	4	73	86	147
10	7	1	74	161	248
10	0	7	75	317	371
10	8	7	76	386	424
10	1	2	77	631	699
10	8	4	78	878	917
10	6	4	79	917	972
10	1	2	80	982	1010
10	0	1	81	1014	1050
11	4	4	82	167	204
11	1	2	83	728	741
11	0	0	84	758	810
11	5	4	85	1041	1076
11	5	1	86	1076	1163
12	2	6	87	60	115
12	9	4	88	147	167
12	3	4	89	285	307
12	2	6	90	355	447
12	2	7	91	465	504
12	9	1	92	785	882
13	2	6	93	127	208
13	7	7	94	258	298
13	0	7	95	371	386
13	8	6	96	466	503
13	8	6	97	503	559
13	8	6	98	618	701
13	6	0	99	814	893
14	9	2	100	57	85
14	6	0	101	86	144
14	6	2	102	251	290
14	1	5	103	303	323
14	1	3	104	432	520
14	9	5	105	524	578
14	0	0	106	949	1007
15	4	1	107	91	161
15	1	6	108	208	220
15	1	3	109	221	282
15	4	1	110	483	539
15	8	3	111	559	574
15	4	7	112	577	660
15	4	7	113	756	843
16	0	1	114	65	90
16	5	3	115	195	221
16	4	2	116	290	351
16	9	4	117	410	468
16	3	4	118	614	670
16	2	3	119	705	732
16	2	6	120	824	846
16	3	5	121	896	956
16	8	5	122	956	1012
17	4	5	123	29	91
17	2	6	124	265	334
17	4	1	125	351	412
17	5	1	126	412	440
17	2	7	127	504	548
17	0	5	128	641	659
17	2	3	129	732	819
17	2	6	130	846	922
17	7	6	131	1048	1132
17	4	5	132	1132	1189
18	3	2	133	85	147
18	3	2	134	147	180
18	0	0	135	200	223
18	6	0	136	223	240
18	1	2	137	351	407
18	9	7	138	660	719
18	0	0	139	736	758
18	9	7	140	1019	1075
18	0	7	141	1075	1159
19	0	1	142	0	65
19	5	3	143	160	195
19	7	0	144	336	413
19	6	0	145	579	657
19	2	3	146	657	705
19	7	0	147	909	940
20	7	5	148	91	126
20	3	2	149	180	251
20	8	3	150	282	345
20	5	4	151	352	410
20	7	2	152	413	441
20	4	1	153	539	549
20	5	3	154	832	891
20	3	4	155	1014	1041
20	2	3	156	1065	1160
20	0	7	157	1160	1179
21	5	0	158	55	86
21	1	6	159	115	127
21	4	4	160	204	277
21	5	3	161	595	656
21	3	1	162	728	781
21	6	0	163	893	909
21	7	1	164	949	1014
21	4	0	165	1033	1113
21	3	4	166	1137	1190
22	0	7	167	90	180
22	0	2	168	441	530
22	6	5	169	735	814
22	1	2	170	1010	1081
22	6	2	171	1081	1138
22	1	0	172	1138	1189
23	5	3	173	102	160
23	3	4	174	307	352
23	1	6	175	559	618
23	3	2	176	837	864
23	7	6	177	1132	1190
24	3	6	178	0	60
24	5	3	179	88	102
24	8	6	180	220	265
24	5	0	181	506	579
24	8	3	182	579	595
24	5	0	183	657	736
24	1	2	184	741	837
24	3	6	185	973	986
24	8	5	186	1012	1075
24	9	5	187	1075	1131


Solution History:
