This is the output of Heuristic Solver for Dual resource constrained flexible job shop Scheduling Problem.
Input file is: wfjsp23_1.txt
Method: FaFM_45_75_900
Seed: 1
Number of Jobs: 30
Number of Operations: 365
Number of Machines: 15
Number of Operators: 12
CPU Time: 909.182
obj: 1523
Best found lower bound:0
Solver gap (best found lower bound and upper bound difference): Not known


Final Solution:
Job	Machine	Operator	Operation	Start Time	Finish Time
0	7	4	0	119	193
0	5	9	1	222	251
0	5	2	2	263	305
0	4	10	3	499	583
0	9	8	4	817	902
0	13	5	5	1019	1076
0	10	6	6	1086	1156
0	14	4	7	1156	1184
0	4	11	8	1271	1310
0	12	10	9	1381	1419
1	0	4	10	0	8
1	5	11	11	8	24
1	10	3	12	30	42
1	9	6	13	72	117
1	6	10	14	281	336
1	0	8	15	416	461
1	10	2	16	486	512
1	0	9	17	512	521
1	10	0	18	539	592
1	3	8	19	696	740
1	12	7	20	810	897
1	1	10	21	911	994
1	12	10	22	1199	1244
1	14	1	23	1271	1354
2	7	2	24	0	12
2	10	6	25	42	72
2	13	5	26	76	98
2	12	10	27	131	156
2	3	5	28	244	300
2	11	11	29	343	428
2	12	2	30	446	486
2	3	8	31	641	696
2	2	4	32	1005	1086
2	11	8	33	1112	1160
2	11	6	34	1262	1277
2	8	6	35	1287	1341
3	11	7	36	14	39
3	13	6	37	117	146
3	4	11	38	180	262
3	11	11	39	263	318
3	8	1	40	692	725
3	10	6	41	888	974
3	13	10	42	995	1019
3	10	3	43	1279	1335
3	10	10	44	1341	1350
3	11	7	45	1370	1382
3	1	4	46	1382	1460
4	10	0	47	0	9
4	0	0	48	9	18
4	8	8	49	18	58
4	7	4	50	285	360
4	12	11	51	428	445
4	14	11	52	445	499
4	14	2	53	586	640
4	0	2	54	640	682
4	3	5	55	975	1018
4	3	8	56	1026	1112
4	5	4	57	1115	1156
4	6	1	58	1354	1445
5	0	0	59	18	72
5	3	5	60	98	120
5	12	6	61	297	354
5	7	1	62	616	638
5	13	0	63	641	683
5	4	10	64	721	809
5	3	5	65	919	956
5	3	5	66	956	975
5	0	9	67	976	1021
5	13	5	68	1144	1200
5	0	7	69	1200	1261
5	5	7	70	1261	1298
5	6	6	71	1445	1473
5	6	6	72	1473	1514
6	13	6	73	0	37
6	11	3	74	42	80
6	2	0	75	152	197
6	5	7	76	306	379
6	11	4	77	466	541
6	8	1	78	804	884
6	6	7	79	1102	1195
6	9	9	80	1244	1313
6	6	9	81	1313	1354
6	12	11	82	1354	1369
6	14	11	83	1369	1387
6	11	11	84	1387	1399
6	8	8	85	1419	1499
7	2	0	86	111	152
7	14	1	87	197	223
7	1	10	88	390	409
7	2	7	89	460	494
7	1	11	90	539	594
7	9	5	91	614	629
7	7	1	92	638	692
7	10	6	93	724	798
7	8	0	94	1075	1093
7	13	5	95	1284	1308
8	0	9	96	89	144
8	2	1	97	301	314
8	3	5	98	381	462
8	3	1	99	480	562
8	5	10	100	583	642
8	6	2	101	702	743
8	6	9	102	743	827
8	2	4	103	875	947
8	13	3	104	958	995
8	7	3	105	1115	1171
8	10	10	106	1362	1381
9	14	9	107	45	89
9	10	4	108	106	119
9	2	1	109	223	301
9	12	6	110	354	415
9	8	9	111	521	602
9	2	4	112	638	660
9	0	2	113	682	702
9	13	3	114	764	845
9	5	2	115	873	896
9	4	11	116	1180	1271
9	7	4	117	1287	1374
9	11	11	118	1399	1411
9	5	11	119	1411	1436
9	12	8	120	1499	1517
10	14	7	121	110	196
10	5	0	122	416	463
10	9	5	123	463	535
10	7	1	124	562	616
10	4	10	125	681	721
10	7	1	126	725	765
10	1	2	127	765	801
10	14	9	128	827	860
10	6	7	129	928	1021
10	5	0	130	1032	1057
10	4	6	131	1156	1180
10	5	11	132	1310	1353
11	11	7	133	0	14
11	1	2	134	14	56
11	5	9	135	144	222
11	0	0	136	363	416
11	11	4	137	431	466
11	5	11	138	656	749
11	3	1	139	765	804
11	13	3	140	845	922
11	12	3	141	995	1071
11	0	2	142	1079	1133
11	6	2	143	1215	1294
11	11	7	144	1298	1370
12	2	4	145	52	106
12	6	6	146	146	181
12	13	0	147	197	263
12	10	7	148	380	459
12	7	8	149	461	547
12	13	6	150	688	724
12	10	6	151	974	1034
12	9	1	152	1073	1135
12	12	10	153	1144	1199
12	7	1	154	1199	1250
12	2	4	155	1250	1287
12	4	3	156	1353	1391
12	7	1	157	1445	1521
13	14	10	158	0	40
13	5	10	159	68	131
13	1	10	160	180	257
13	14	3	161	354	427
13	12	7	162	494	518
13	14	2	163	810	827
13	10	6	164	836	874
13	6	6	165	874	888
13	9	5	166	902	919
13	8	4	167	947	1005
13	1	2	168	1177	1215
13	9	9	169	1220	1244
13	0	8	170	1261	1338
13	14	3	171	1391	1462
14	3	8	172	0	18
14	4	2	173	56	110
14	3	5	174	120	202
14	6	3	175	532	608
14	9	6	176	656	688
14	1	9	177	860	900
14	2	2	178	956	1003
14	12	3	179	1071	1106
14	13	5	180	1200	1284
14	2	10	181	1287	1341
14	0	9	182	1354	1431
14	10	4	183	1485	1520
15	8	11	184	93	179
15	0	9	185	251	339
15	4	10	186	460	499
15	8	11	187	499	518
15	11	7	188	573	629
15	14	10	189	642	681
15	12	3	190	683	764
15	10	6	191	798	836
15	7	0	192	919	937
15	1	11	193	1039	1089
15	2	0	194	1093	1152
15	11	8	195	1160	1252
15	1	6	196	1277	1287
15	4	10	197	1442	1520
16	9	1	198	0	61
16	9	1	199	141	197
16	3	5	200	202	244
16	6	9	201	339	415
16	4	11	202	594	656
16	14	4	203	683	738
16	5	11	204	749	776
16	2	4	205	800	875
16	7	4	206	1086	1115
16	14	3	207	1184	1240
16	14	1	208	1250	1271
16	1	2	209	1294	1348
16	13	5	210	1368	1386
16	9	5	211	1434	1502
16	8	11	212	1502	1522
17	6	1	213	61	141
17	4	10	214	156	180
17	11	6	215	181	263
17	7	2	216	380	396
17	2	10	217	409	460
17	2	4	218	602	638
17	1	9	219	663	743
17	14	7	220	766	810
17	7	0	221	873	919
17	3	9	222	1431	1511
18	12	3	223	0	30
18	12	8	224	156	201
18	10	8	225	201	289
18	8	11	226	322	343
18	13	4	227	360	431
18	14	7	228	518	573
18	3	0	229	592	641
18	10	4	230	660	683
18	11	8	231	740	817
18	6	7	232	897	928
18	9	1	233	1135	1194
18	10	3	234	1244	1279
18	10	7	235	1382	1462
18	12	7	236	1462	1498
18	0	7	237	1498	1516
19	2	4	238	8	52
19	4	5	239	300	381
19	1	9	240	415	505
19	13	0	241	530	539
19	2	0	242	683	728
19	3	2	243	743	764
19	12	11	244	776	800
19	11	11	245	911	998
19	6	6	246	1068	1086
19	3	10	247	1244	1286
19	5	10	248	1353	1362
19	14	3	249	1462	1523
20	12	7	250	39	110
20	1	0	251	263	312
20	13	6	252	452	507
20	2	2	253	512	586
20	0	7	254	719	766
20	12	8	255	902	982
20	5	0	256	990	1032
20	5	3	257	1171	1183
20	13	5	258	1308	1368
20	1	11	259	1460	1482
21	11	3	260	80	158
21	3	1	261	314	372
21	6	2	262	434	446
21	6	3	263	457	532
21	0	4	264	541	602
21	6	10	265	853	873
21	1	11	266	998	1039
21	3	5	267	1124	1144
21	4	3	268	1335	1353
21	2	2	269	1353	1387
22	0	2	270	151	235
22	7	10	271	257	281
22	7	2	272	396	434
22	1	11	273	518	539
22	12	6	274	560	595
22	2	0	275	728	781
22	7	0	276	781	873
22	9	9	277	930	976
22	14	9	278	1021	1102
22	10	4	279	1462	1485
23	3	11	280	24	93
23	4	6	281	263	297
23	5	0	282	463	515
23	6	5	283	629	689
23	4	10	284	809	853
23	4	11	285	860	906
23	0	9	286	906	930
23	3	8	287	1018	1026
23	6	6	288	1034	1068
23	4	10	289	1068	1144
23	10	4	290	1225	1244
24	4	5	291	0	49
24	13	5	292	49	76
24	14	3	293	273	354
24	9	8	294	359	415
24	10	0	295	515	530
24	1	9	296	602	663
24	8	4	297	738	800
24	8	1	298	884	940
24	14	1	299	940	1020
24	11	7	300	1021	1102
24	1	0	301	1215	1274
24	4	2	302	1391	1442
24	2	2	303	1442	1520
25	4	2	304	110	151
25	10	3	305	158	195
25	14	2	306	235	263
25	13	7	307	269	306
25	1	0	308	312	363
25	8	1	309	430	480
25	9	5	310	535	556
25	10	6	311	595	656
25	1	11	312	801	860
25	8	1	313	1020	1073
25	14	9	314	1102	1141
25	10	0	315	1156	1210
25	8	8	316	1341	1419
25	7	10	317	1419	1440
26	5	10	318	40	68
26	8	0	319	72	93
26	7	0	320	93	111
26	10	2	321	315	380
26	4	6	322	415	452
26	13	8	323	547	630
26	11	7	324	645	719
26	9	8	325	982	1015
26	4	10	326	1019	1058
26	13	5	327	1076	1124
26	3	0	328	1331	1382
26	3	0	329	1382	1428
27	6	3	330	195	273
27	10	2	331	305	315
27	13	8	332	322	359
27	8	1	333	372	430
27	9	5	334	556	614
27	9	5	335	689	772
27	4	2	336	906	956
27	10	0	337	1057	1075
27	0	2	338	1133	1177
27	2	4	339	1184	1225
27	3	0	340	1286	1331
28	1	8	341	58	142
28	8	4	342	193	248
28	8	4	343	248	285
28	12	6	344	518	560
28	11	7	345	629	645
28	3	5	346	808	899
28	13	3	347	922	958
28	3	9	348	1144	1220
28	9	6	349	1341	1434
28	5	0	350	1436	1516
29	6	9	351	0	45
29	12	7	352	201	269
29	8	8	353	289	322
29	2	10	354	336	390
29	9	3	355	427	457
29	13	6	356	507	518
29	8	3	357	608	683
29	9	5	358	772	808
29	5	2	359	827	873
29	11	10	360	873	911
29	7	0	361	937	990
29	7	2	362	1003	1079
29	1	11	363	1089	1177
29	8	6	364	1180	1262


Solution History:
