This is the output of Heuristic Solver for Dual resource constrained flexible job shop Scheduling Problem.
Input file is: wfjsp22_7.txt
Method: FaFM_45_75_900
Seed: 4
Number of Jobs: 30
Number of Operations: 236
Number of Machines: 15
Number of Operators: 12
CPU Time: 799.011
obj: 991
Best found lower bound:0
Solver gap (best found lower bound and upper bound difference): Not known


Final Solution:
Job	Machine	Operator	Operation	Start Time	Finish Time
0	6	8	0	191	264
0	9	9	1	294	306
0	6	0	2	316	354
0	2	2	3	365	480
0	8	8	4	669	692
0	14	3	5	702	744
0	8	4	6	787	819
0	14	7	7	835	874
1	0	3	8	0	10
1	10	9	9	23	57
1	2	4	10	167	247
1	9	2	11	306	365
1	1	5	12	429	503
1	14	4	13	506	552
1	7	10	14	653	686
1	4	11	15	748	768
1	8	9	16	820	903
1	2	2	17	925	991
2	8	0	18	0	56
2	12	6	19	165	233
2	14	7	20	382	462
2	7	7	21	464	494
2	4	10	22	544	554
2	11	10	23	554	625
2	8	8	24	653	669
2	4	11	25	685	748
2	14	7	26	748	763
2	9	5	27	867	945
3	10	9	28	57	101
3	9	11	29	123	150
3	3	10	30	200	271
3	8	8	31	289	371
3	9	2	32	665	732
4	1	11	33	61	76
4	0	6	34	89	165
4	0	3	35	170	256
4	4	1	36	338	364
4	8	5	37	407	429
4	9	11	38	462	500
4	10	9	39	506	576
4	10	2	40	597	665
4	13	7	41	763	835
4	5	2	42	839	925
5	3	4	43	0	35
5	2	1	44	35	60
5	9	5	45	85	123
5	13	4	46	352	429
5	4	11	47	768	830
5	0	0	48	830	886
6	11	9	49	102	171
6	3	4	50	429	455
6	11	10	51	462	500
6	4	4	52	554	617
6	8	0	53	617	653
6	5	5	54	661	673
6	9	3	55	744	795
6	12	3	56	877	945
6	7	10	57	945	984
7	4	6	58	0	37
7	4	0	59	56	80
7	7	2	60	102	131
7	10	2	61	270	303
7	14	4	62	303	352
7	5	1	63	506	572
7	1	7	64	582	664
7	1	0	65	886	943
8	2	10	66	73	141
8	6	0	67	354	439
8	2	2	68	480	538
8	2	2	69	538	597
8	13	4	70	621	639
8	0	0	71	653	715
8	1	0	72	740	797
8	1	3	73	797	877
9	9	11	74	150	200
9	5	11	75	200	221
9	6	8	76	604	642
9	3	9	77	666	751
9	2	2	78	793	827
10	12	6	79	233	277
10	11	7	80	306	382
10	4	5	81	503	517
10	3	9	82	576	592
10	3	6	83	867	918
11	11	5	84	0	18
11	13	0	85	135	163
11	7	2	86	211	268
11	12	3	87	352	403
11	14	1	88	462	505
11	6	8	89	510	520
11	6	7	90	664	746
11	7	10	91	785	815
11	0	9	92	903	945
11	12	1	93	945	960
12	5	1	94	0	35
12	11	2	95	35	102
12	10	4	96	108	120
12	3	10	97	141	200
12	11	1	98	444	462
12	1	0	99	503	561
12	14	3	100	577	656
12	13	0	101	715	740
12	3	5	102	783	867
12	13	7	103	874	918
13	7	2	104	0	33
13	10	7	105	120	187
13	1	11	106	221	281
13	2	11	107	281	308
13	3	8	108	371	425
13	5	11	109	595	622
13	7	10	110	625	653
13	14	10	111	770	785
13	12	0	112	797	822
13	13	6	113	918	956
14	1	5	114	123	196
14	10	9	115	226	270
14	13	1	116	270	338
14	6	8	117	464	477
14	14	3	118	656	702
15	6	8	119	9	50
15	5	1	120	60	90
15	1	5	121	281	358
15	5	9	122	468	506
15	6	8	123	520	604
15	12	1	124	710	794
15	6	8	125	848	932
15	1	3	126	953	984
16	13	1	127	204	240
16	2	4	128	247	266
16	5	4	129	269	295
16	6	8	130	477	510
16	4	5	131	628	642
16	3	8	132	932	984
17	13	7	133	28	119
17	12	0	134	123	135
17	0	3	135	256	297
17	5	11	136	308	397
17	13	4	137	455	506
17	8	6	138	507	582
17	4	5	139	617	628
17	5	5	140	673	709
17	11	2	141	732	775
18	0	6	142	37	89
18	6	8	143	120	191
18	4	0	144	254	316
18	4	0	145	444	502
18	8	5	146	591	615
18	7	10	147	686	770
18	7	4	148	819	904
18	8	9	149	945	975
19	12	10	150	0	73
19	9	5	151	200	272
19	0	9	152	306	325
19	11	11	153	397	423
19	8	9	154	437	468
19	3	6	155	642	666
19	2	5	156	709	783
19	11	6	157	819	866
19	4	10	158	876	944
19	11	7	159	944	980
20	1	11	160	0	61
20	14	1	161	90	174
20	13	7	162	513	582
20	2	11	163	622	685
20	8	8	164	692	774
20	10	10	165	820	846
20	12	10	166	846	876
20	0	3	167	945	953
21	3	4	168	35	108
21	10	9	169	363	437
21	12	7	170	494	513
21	0	0	171	577	615
21	2	2	172	827	839
22	13	7	173	0	28
22	1	11	174	76	118
22	5	4	175	120	167
22	5	9	176	171	197
22	6	9	177	270	294
22	10	9	178	325	363
22	1	6	179	666	720
22	9	5	180	945	966
23	0	5	181	18	32
23	8	0	182	80	123
23	11	7	183	187	256
23	8	8	184	264	289
23	12	3	185	297	352
23	5	10	186	407	450
23	9	11	187	450	462
23	0	3	188	486	577
23	12	1	189	577	646
23	11	11	190	866	933
24	7	2	191	131	211
24	5	1	192	240	269
24	7	10	193	271	342
24	7	10	194	342	407
24	0	6	195	428	468
24	8	6	196	468	507
24	7	5	197	517	591
24	11	6	198	775	819
24	7	7	199	918	929
25	14	3	200	10	87
25	1	5	201	358	407
25	9	11	202	423	450
25	3	6	203	592	642
25	9	1	204	795	855
26	10	9	205	197	226
26	4	1	206	364	444
26	9	9	207	621	660
26	2	2	208	783	793
26	5	11	209	933	991
27	6	8	210	0	9
27	9	9	211	9	23
27	7	5	212	33	85
27	13	1	213	174	204
27	3	6	214	277	355
27	7	8	215	425	464
27	13	9	216	592	621
27	11	5	217	642	661
27	5	4	218	715	787
27	14	4	219	904	986
28	6	8	220	50	120
28	4	0	221	170	254
28	11	7	222	256	306
28	12	3	223	403	486
28	3	10	224	500	544
28	12	1	225	646	710
28	0	6	226	720	772
28	6	8	227	774	848
28	10	1	228	855	938
28	0	0	229	953	991
29	4	3	230	87	170
29	0	6	231	355	428
29	9	11	232	500	595
29	13	4	233	639	715
29	10	9	234	751	820
29	6	6	235	956	979


Solution History:
