This is the output of Heuristic Solver for Dual resource constrained flexible job shop Scheduling Problem.
Input file is: wfjsp11_10.txt
Method: FaFM_45_75_900
Seed: 5
Number of Jobs: 20
Number of Operations: 190
Number of Machines: 10
Number of Operators: 10
CPU Time: 645.256
obj: 1115
Best found lower bound:0
Solver gap (best found lower bound and upper bound difference): Not known


Final Solution:
Job	Machine	Operator	Operation	Start Time	Finish Time
0	7	7	0	31	107
0	8	1	1	289	373
0	1	1	2	373	440
0	6	1	3	618	704
0	8	6	4	891	942
0	3	2	5	1039	1070
0	2	9	6	1070	1101
1	5	6	7	0	48
1	7	7	8	107	193
1	9	6	9	201	226
1	4	9	10	251	285
1	9	4	11	319	355
1	0	5	12	413	502
1	9	4	13	564	648
1	1	0	14	649	715
1	7	7	15	719	808
1	5	0	16	825	919
1	6	1	17	950	964
1	0	9	18	964	972
1	3	2	19	988	1039
1	6	1	20	1042	1114
2	9	9	21	0	83
2	9	4	22	143	200
2	5	2	23	201	275
2	2	6	24	386	433
2	4	9	25	448	469
2	4	9	26	469	516
2	8	6	27	567	587
2	4	9	28	600	688
2	2	3	29	688	720
2	4	9	30	723	796
2	4	9	31	796	875
2	0	9	32	972	1036
2	9	3	33	1079	1115
3	6	2	34	75	141
3	3	5	35	256	334
3	1	0	36	334	348
3	1	0	37	348	372
3	7	7	38	447	467
3	0	5	39	502	550
3	5	2	40	554	588
3	2	3	41	862	954
3	5	0	42	1046	1112
4	0	5	43	115	203
4	4	9	44	353	367
4	7	7	45	384	398
4	5	2	46	482	554
4	7	7	47	558	605
4	2	3	48	608	622
4	8	6	49	762	855
5	4	9	50	83	170
5	3	8	51	180	207
5	9	4	52	226	303
5	9	4	53	355	364
5	8	0	54	488	567
5	0	8	55	570	642
5	8	6	56	680	699
5	0	8	57	709	773
5	8	6	58	855	891
5	9	4	59	931	940
5	9	3	60	963	1052
6	0	5	61	68	115
6	4	9	62	170	251
6	4	9	63	285	353
6	9	4	64	364	456
6	5	2	65	674	753
6	1	8	66	845	892
6	7	7	67	892	941
6	8	6	68	942	959
6	2	9	69	1037	1061
7	3	7	70	0	19
7	4	5	71	44	68
7	6	3	72	255	304
7	7	7	73	398	447
7	3	5	74	570	593
7	0	8	75	642	709
7	2	3	76	720	769
7	6	1	77	964	1007
8	1	0	78	224	262
8	4	9	79	367	448
8	4	9	80	688	723
8	6	1	81	1007	1042
8	9	3	82	1052	1079
8	7	7	83	1089	1101
9	8	1	84	88	178
9	2	3	85	178	214
9	6	3	86	214	255
9	1	0	87	262	327
9	5	2	88	405	482
9	4	9	89	516	532
9	6	1	90	532	618
9	2	3	91	622	687
9	7	7	92	687	719
9	0	5	93	845	863
9	3	2	94	863	956
9	5	0	95	994	1046
10	3	8	96	24	110
10	5	6	97	111	201
10	0	8	98	272	337
10	6	1	99	440	527
10	3	5	100	593	675
10	0	8	101	773	845
10	0	5	102	863	953
10	4	4	103	953	1042
11	0	5	104	0	44
11	1	0	105	115	147
11	3	5	106	207	256
11	3	8	107	337	416
11	2	3	108	433	448
11	2	3	109	520	608
11	9	4	110	736	750
11	5	0	111	754	825
11	8	6	112	959	1027
11	1	8	113	1047	1094
12	8	1	114	0	88
12	1	0	115	147	224
12	7	7	116	303	384
12	8	0	117	408	488
12	7	7	118	488	558
12	1	0	119	567	649
12	3	5	120	675	707
12	1	0	121	715	754
12	1	2	122	754	841
12	6	1	123	841	868
12	4	9	124	875	945
12	9	9	125	945	963
12	3	2	126	963	988
12	1	8	127	1004	1047
12	3	2	128	1070	1101
13	4	8	129	0	24
13	6	2	130	153	199
13	6	3	131	380	429
13	2	3	132	498	520
13	9	4	133	750	844
14	6	2	134	141	153
14	5	2	135	323	405
14	9	6	136	456	472
14	3	8	137	503	570
14	6	1	138	868	950
15	1	4	139	0	22
15	3	8	140	110	180
15	8	1	141	212	289
15	6	3	142	319	380
15	8	6	143	587	680
15	8	6	144	699	762
15	7	7	145	808	876
15	7	7	146	876	888
15	2	5	147	954	1037
15	4	4	148	1042	1114
16	2	3	149	0	95
16	9	3	150	95	143
16	2	3	151	143	156
16	8	1	152	178	212
16	2	6	153	226	313
16	0	5	154	337	413
16	9	6	155	472	564
16	5	2	156	588	674
16	6	1	157	704	793
16	6	1	158	793	829
16	1	8	159	892	917
16	5	0	160	919	994
16	7	7	161	1006	1089
17	7	2	162	0	31
17	7	7	163	238	303
17	1	4	164	456	548
17	3	5	165	795	842
17	0	5	166	1037	1113
18	6	0	167	0	75
18	5	0	168	75	111
18	7	7	169	193	238
18	5	2	170	275	323
18	3	8	171	416	503
18	9	4	172	648	736
18	2	3	173	769	831
18	2	3	174	831	862
18	1	8	175	917	1004
18	8	6	176	1061	1108
19	1	4	177	22	115
19	2	3	178	156	171
19	0	8	179	207	272
19	9	3	180	304	319
19	2	6	181	319	386
19	8	0	182	386	408
19	2	3	183	448	498
19	4	9	184	532	600
19	7	7	185	605	685
19	3	5	186	707	795
19	9	4	187	844	931
19	7	7	188	941	1006
19	8	6	189	1027	1061


Solution History:
