This is the output of Heuristic Solver for Dual resource constrained flexible job shop Scheduling Problem.
Input file is: wfjsp20_8.txt
Method: FaFM_45_75_900
Seed: 1
Number of Jobs: 25
Number of Operations: 186
Number of Machines: 10
Number of Operators: 8
CPU Time: 834.121
obj: 1188
Best found lower bound:0
Solver gap (best found lower bound and upper bound difference): Not known


Final Solution:
Job	Machine	Operator	Operation	Start Time	Finish Time
0	6	0	0	0	24
0	4	2	1	41	104
0	1	3	2	334	363
0	3	3	3	364	428
0	1	3	4	844	912
1	5	0	5	125	181
1	6	0	6	208	264
1	6	3	7	293	303
1	4	2	8	463	510
1	4	2	9	510	564
1	3	3	10	659	687
1	3	2	11	728	817
1	9	4	12	1097	1106
2	1	4	13	114	198
2	7	1	14	280	298
2	2	7	15	471	526
2	9	7	16	725	803
2	6	0	17	974	1000
2	0	0	18	1000	1055
2	4	2	19	1077	1123
3	4	6	20	0	41
3	5	6	21	41	79
3	2	7	22	96	148
3	0	4	23	198	259
3	2	2	24	329	392
3	8	6	25	532	620
3	0	0	26	863	937
3	3	4	27	957	1031
3	8	5	28	1033	1104
3	1	4	29	1106	1182
4	7	1	30	147	215
4	4	1	31	215	280
4	6	3	32	493	556
4	5	7	33	604	644
4	2	5	34	697	782
4	5	6	35	897	979
4	5	7	36	1064	1093
5	9	4	37	37	63
5	9	6	38	162	230
5	9	3	39	303	312
5	2	7	40	395	471
5	9	1	41	572	599
5	7	6	42	827	836
5	9	4	43	911	957
5	8	2	44	1123	1158
6	7	5	45	0	44
6	0	4	46	349	433
6	0	0	47	454	497
6	9	5	48	507	550
6	3	5	49	550	614
6	5	4	50	761	844
7	1	1	51	0	12
7	2	2	52	25	40
7	5	6	53	79	120
7	1	2	54	612	664
7	8	1	55	754	770
7	5	6	56	979	1054
8	3	7	57	224	275
8	6	1	58	303	366
8	3	6	59	465	502
8	1	3	60	687	771
8	3	4	61	1031	1092
8	5	7	62	1093	1118
8	2	7	63	1118	1137
8	5	7	64	1137	1187
9	1	1	65	12	80
9	1	4	66	97	114
9	9	3	67	312	334
9	6	5	68	366	407
9	5	5	69	463	507
9	6	2	70	564	612
9	0	4	71	743	761
9	4	1	72	922	985
9	9	6	73	1054	1097
10	9	4	74	63	97
10	5	3	75	201	231
10	7	6	76	231	258
10	4	1	77	366	429
10	3	3	78	614	659
10	8	3	79	771	799
10	6	3	80	1114	1188
11	3	2	81	0	25
11	1	2	82	218	278
11	6	1	83	429	492
11	7	1	84	492	572
11	0	4	85	661	743
11	9	7	86	803	843
11	4	1	87	857	922
11	2	7	88	923	990
12	3	3	89	33	108
12	1	2	90	278	329
12	5	0	91	378	454
12	5	4	92	518	604
12	2	0	93	803	863
12	0	0	94	937	955
12	6	2	95	1000	1077
12	4	0	96	1124	1182
13	6	5	97	44	128
13	2	7	98	173	224
13	4	0	99	578	638
13	9	1	100	661	720
13	0	1	101	770	857
13	7	5	102	886	968
13	8	5	103	968	1033
14	8	7	104	0	96
14	0	0	105	101	125
14	0	4	106	331	349
14	9	3	107	428	493
14	8	6	108	502	532
14	6	5	109	782	804
14	6	6	110	849	897
14	4	7	111	990	1064
15	9	3	112	0	33
15	8	5	113	166	232
15	5	6	114	258	320
15	1	4	115	433	518
15	1	3	116	567	612
15	4	7	117	644	725
15	4	6	118	836	849
15	8	7	119	849	906
15	3	7	120	906	923
16	7	1	121	80	147
16	2	0	122	264	324
16	3	6	123	428	465
16	5	6	124	654	735
16	7	0	125	756	803
16	7	1	126	1103	1164
17	9	3	127	108	155
17	0	3	128	155	171
17	6	0	129	181	208
17	5	0	130	324	378
17	7	2	131	392	463
17	6	0	132	697	756
17	3	2	133	836	898
17	1	3	134	980	1049
17	2	3	135	1049	1075
17	9	5	136	1106	1150
18	0	4	137	0	19
18	6	5	138	128	166
18	4	3	139	171	201
18	2	7	140	526	583
18	1	3	141	827	844
18	5	5	142	849	886
18	9	1	143	985	1044
18	7	1	144	1044	1075
19	3	6	145	120	162
19	0	4	146	259	331
19	7	1	147	599	661
19	4	6	148	735	811
19	2	2	149	990	1000
19	3	6	150	1097	1178
20	2	7	151	148	173
20	8	5	152	232	300
20	0	4	153	604	661
20	6	6	154	811	827
20	6	2	155	898	974
21	8	2	156	104	114
21	8	2	157	114	161
21	9	3	158	231	293
21	7	6	159	320	369
21	6	5	160	614	697
21	8	1	161	720	754
21	3	2	162	817	836
21	1	3	163	912	980
22	5	4	164	19	37
22	4	7	165	280	361
22	9	7	166	361	395
22	8	5	167	407	463
22	1	3	168	556	567
22	7	2	169	664	728
22	9	4	170	844	911
22	6	3	171	1077	1114
23	3	5	172	300	364
23	2	0	173	638	693
23	8	5	174	804	849
23	0	0	175	1055	1124
23	9	1	176	1164	1179
24	0	0	177	24	101
24	3	2	178	162	218
24	1	6	179	369	422
24	0	0	180	497	578
24	2	7	181	583	598
24	8	6	182	620	654
24	1	3	183	799	827
24	1	1	184	1075	1103
24	2	5	185	1150	1182


Solution History:
