This is the output of Heuristic Solver for Dual resource constrained flexible job shop Scheduling Problem.
Input file is: wfjsp20_9.txt
Method: FaFM_45_75_900
Seed: 3
Number of Jobs: 25
Number of Operations: 188
Number of Machines: 10
Number of Operators: 8
CPU Time: 406.153
obj: 1202
Best found lower bound:0
Solver gap (best found lower bound and upper bound difference): Not known


Final Solution:
Job	Machine	Operator	Operation	Start Time	Finish Time
0	4	5	0	78	150
0	9	4	1	457	509
0	6	6	2	684	746
0	7	5	3	898	954
0	2	3	4	1170	1199
1	1	3	5	0	88
1	8	6	6	198	254
1	7	7	7	315	335
1	6	6	8	580	638
1	3	4	9	658	717
1	7	6	10	749	831
1	8	0	11	899	977
1	0	1	12	1105	1172
2	6	0	13	0	36
2	1	3	14	88	109
2	8	6	15	436	492
2	4	1	16	555	570
2	5	0	17	736	811
2	3	4	18	819	842
2	6	4	19	998	1021
2	6	5	20	1105	1139
3	6	2	21	139	181
3	5	3	22	224	237
3	9	4	23	434	457
3	7	6	24	638	658
3	8	3	25	663	722
3	2	3	26	1116	1170
4	8	6	27	270	353
4	2	7	28	377	467
4	8	0	29	554	630
4	8	5	30	979	1034
4	6	0	31	1139	1198
5	2	6	32	55	110
5	0	1	33	155	221
5	2	5	34	285	299
5	6	0	35	417	492
5	3	1	36	522	555
5	8	3	37	805	822
5	1	7	38	922	936
5	0	0	39	977	1032
6	8	0	40	36	99
6	5	0	41	321	417
6	4	7	42	467	491
6	7	0	43	492	511
6	0	2	44	513	532
6	4	7	45	636	673
6	4	7	46	673	721
6	7	5	47	835	898
6	2	6	48	907	953
6	5	4	49	1021	1040
7	7	5	50	155	257
7	1	5	51	257	285
7	9	1	52	285	342
7	5	4	53	520	546
7	2	6	54	658	684
7	2	4	55	717	780
7	9	3	56	881	975
7	3	4	57	1054	1069
7	1	6	58	1074	1107
8	8	4	59	100	186
8	4	2	60	219	263
8	3	1	61	486	522
8	0	1	62	626	697
8	9	1	63	697	752
8	9	1	64	807	865
8	7	6	65	954	1023
8	4	4	66	1040	1054
9	2	5	67	0	8
9	7	7	68	8	42
9	2	0	69	176	237
9	0	7	70	353	377
9	6	2	71	639	673
10	9	2	72	0	27
10	9	7	73	143	206
10	7	6	74	353	436
10	0	2	75	532	586
10	8	5	76	630	663
10	1	5	77	663	736
10	8	7	78	740	779
10	0	7	79	779	833
10	3	5	80	954	979
10	0	0	81	1032	1068
11	2	6	82	23	55
11	2	6	83	254	270
11	4	5	84	491	546
11	9	3	85	621	662
11	3	6	86	1107	1193
12	2	5	87	299	355
12	8	3	88	359	376
12	3	1	89	395	417
12	2	4	90	571	658
12	5	2	91	877	921
12	9	3	92	1032	1116
13	1	6	93	110	198
13	7	7	94	275	315
13	5	4	95	509	520
13	5	2	96	600	639
13	8	3	97	822	881
13	6	1	98	1021	1105
13	1	7	99	1108	1195
14	9	7	100	42	70
14	6	1	101	221	282
14	6	4	102	349	385
14	2	5	103	546	569
14	2	0	104	819	899
14	9	3	105	975	1032
14	5	0	106	1068	1124
15	6	2	107	55	139
15	1	3	108	211	224
15	9	5	109	355	412
15	4	1	110	570	626
15	8	7	111	722	740
15	1	2	112	749	818
15	4	7	113	835	922
16	8	6	114	0	23
16	5	2	115	27	55
16	3	4	116	217	290
16	1	3	117	298	359
16	1	3	118	432	490
16	2	3	119	490	517
16	2	4	120	794	819
16	3	2	121	979	1050
16	8	4	122	1125	1181
17	4	4	123	0	61
17	2	3	124	110	174
17	4	0	125	263	321
17	5	4	126	546	571
17	1	3	127	574	613
17	0	0	128	718	736
17	3	1	129	865	945
17	5	1	130	945	1017
17	7	2	131	1050	1143
17	4	2	132	1143	1199
18	3	1	133	0	55
18	6	4	134	186	217
18	0	0	135	237	260
18	4	7	136	335	352
18	1	3	137	376	432
18	9	3	138	517	574
18	9	5	139	598	621
18	9	1	140	752	807
18	0	4	141	853	927
19	0	5	142	8	78
19	5	2	143	181	219
19	5	1	144	417	486
19	7	7	145	551	636
19	2	4	146	958	998
19	7	1	147	1172	1199
20	7	1	148	55	88
20	9	7	149	206	275
20	6	4	150	290	349
20	3	5	151	417	486
20	7	0	152	511	536
20	2	4	153	780	794
20	5	2	154	818	877
20	0	4	155	927	958
20	2	7	156	1015	1108
20	8	4	157	1181	1202
21	5	4	158	61	90
21	3	4	159	90	100
21	5	0	160	100	176
21	5	3	161	237	298
21	3	1	162	342	395
21	5	2	163	586	600
21	7	2	164	673	749
21	4	5	165	749	835
21	4	4	166	1069	1125
22	0	2	167	263	353
22	4	2	168	353	437
22	6	6	169	492	580
22	1	6	170	831	907
22	6	2	171	921	978
22	1	6	172	1023	1074
23	7	1	173	88	155
23	3	3	174	174	211
23	1	7	175	491	551
23	3	5	176	569	598
23	8	5	177	1034	1105
24	9	7	178	70	126
24	0	7	179	126	143
24	8	4	180	385	434
24	0	2	181	437	513
24	8	0	182	536	554
24	5	0	183	639	718
24	3	3	184	722	805
24	3	4	185	842	853
24	1	7	186	936	1015
24	9	5	187	1139	1195


Solution History:
