This is the output of Heuristic Solver for Dual resource constrained flexible job shop Scheduling Problem.
Input file is: wfjsp19_8.txt
Method: FaFM_45_75_900
Seed: 2
Number of Jobs: 20
Number of Operations: 197
Number of Machines: 10
Number of Operators: 8
CPU Time: 425.496
obj: 1256
Best found lower bound:0
Solver gap (best found lower bound and upper bound difference): Not known


Final Solution:
Job	Machine	Operator	Operation	Start Time	Finish Time
0	6	0	0	0	24
0	1	0	1	198	260
0	9	6	2	297	330
0	1	0	3	433	487
0	6	7	4	579	657
0	1	2	5	878	932
0	9	6	6	1033	1099
0	5	4	7	1111	1123
1	9	6	8	47	103
1	3	3	9	260	311
1	4	6	10	360	388
1	9	6	11	719	801
1	8	5	12	890	899
1	0	5	13	899	983
1	1	1	14	1172	1190
2	3	3	15	0	54
2	0	1	16	194	263
2	1	1	17	330	358
2	4	2	18	546	601
2	3	5	19	602	646
2	4	6	20	801	842
2	7	6	21	842	880
2	6	6	22	880	940
2	8	5	23	1107	1171
2	1	1	24	1190	1253
3	1	0	25	39	128
3	4	4	26	128	197
3	2	1	27	263	330
3	0	3	28	347	415
3	5	5	29	451	520
3	8	3	30	596	662
3	2	4	31	669	738
3	6	2	32	792	854
3	8	4	33	899	942
3	1	4	34	942	1027
3	3	2	35	1030	1117
3	0	1	36	1146	1172
3	2	2	37	1229	1253
4	5	2	38	78	150
4	1	3	39	188	198
4	9	2	40	456	532
4	2	1	41	573	601
4	7	6	42	708	719
4	5	7	43	790	833
4	4	7	44	926	964
4	9	6	45	1099	1143
5	9	6	46	103	186
5	7	6	47	260	297
5	6	7	48	432	474
5	2	2	49	601	654
5	4	7	50	657	737
5	2	4	51	738	749
5	6	7	52	750	768
5	8	7	53	964	1004
5	5	4	54	1150	1202
6	4	4	55	110	127
6	2	1	56	127	194
6	9	3	57	198	260
6	3	7	58	474	542
6	5	7	59	542	579
6	1	1	60	669	753
6	0	3	61	755	808
6	7	1	62	880	907
6	6	2	63	950	972
6	7	5	64	1175	1218
7	8	3	65	54	128
7	7	3	66	172	188
7	3	2	67	219	237
7	0	0	68	263	311
7	6	7	69	375	432
7	6	3	70	509	564
7	3	3	71	564	581
7	5	5	72	646	715
7	9	3	73	852	895
7	3	5	74	989	1019
7	0	4	75	1027	1058
7	5	4	76	1123	1150
8	3	5	77	60	120
8	1	4	78	288	329
8	2	6	79	330	357
8	4	6	80	388	462
8	1	4	81	645	669
8	1	1	82	819	878
8	4	2	83	972	1030
9	4	2	84	0	78
9	5	7	85	177	258
9	8	7	86	260	298
9	5	5	87	385	451
9	7	1	88	453	512
9	8	4	89	513	596
9	2	4	90	833	893
9	9	3	91	895	969
9	5	3	92	969	1041
9	2	1	93	1080	1145
9	8	0	94	1173	1191
9	6	0	95	1191	1253
10	0	5	96	0	60
10	6	7	97	93	177
10	8	4	98	205	260
10	6	7	99	305	375
10	3	2	100	393	456
10	2	6	101	462	543
10	2	4	102	749	833
10	3	0	103	845	902
10	7	1	104	907	994
10	2	1	105	994	1021
10	4	5	106	1048	1066
10	0	0	107	1072	1146
10	3	0	108	1146	1173
10	3	7	109	1173	1195
10	8	4	110	1202	1256
11	7	1	111	61	125
11	2	6	112	223	260
11	0	3	113	415	483
11	5	4	114	596	645
11	4	7	115	842	926
11	2	6	116	950	994
11	6	0	117	994	1072
11	8	5	118	1096	1107
12	7	1	119	0	61
12	2	4	120	65	81
12	6	2	121	237	305
12	1	1	122	358	423
12	9	1	123	423	453
12	0	5	124	520	602
12	0	0	125	611	660
12	4	5	126	743	793
12	8	5	127	793	846
12	2	2	128	932	950
12	7	5	129	1019	1048
12	7	3	130	1048	1100
12	0	3	131	1175	1251
13	5	4	132	0	65
13	8	0	133	128	190
13	7	1	134	601	664
13	8	5	135	715	743
13	9	3	136	808	852
13	5	2	137	854	873
13	3	7	138	1195	1234
14	9	6	139	0	28
14	6	7	140	36	93
14	0	4	141	93	110
14	6	6	142	186	223
14	5	5	143	259	326
14	4	4	144	329	360
14	8	4	145	360	404
14	7	1	146	512	573
14	6	0	147	660	717
14	3	2	148	726	792
14	7	0	149	804	815
14	3	0	150	902	989
14	1	4	151	1058	1079
14	7	3	152	1100	1175
14	2	2	153	1175	1229
15	1	0	154	24	39
15	3	2	155	150	219
15	1	4	156	276	288
15	5	5	157	326	385
15	9	6	158	640	708
15	8	7	159	1004	1065
15	4	7	160	1066	1150
15	7	5	161	1218	1246
16	2	6	162	28	47
16	7	5	163	188	259
16	4	4	164	260	276
16	3	2	165	311	393
16	7	0	166	401	433
16	1	0	167	487	542
16	7	3	168	581	593
16	0	3	169	662	723
16	1	1	170	753	819
16	8	5	171	846	890
16	2	1	172	1021	1080
16	4	6	173	1150	1219
17	0	5	174	120	175
17	1	0	175	542	611
17	4	6	176	627	640
17	3	2	177	654	726
17	7	0	178	750	804
18	7	0	179	311	365
18	8	4	180	404	513
18	4	2	181	532	546
18	6	0	182	717	750
18	0	0	183	815	845
18	8	5	184	1066	1096
19	8	7	185	0	36
19	1	3	186	128	172
19	2	4	187	197	205
19	0	3	188	311	347
19	2	0	189	365	401
19	0	3	190	483	509
19	9	6	191	543	627
19	5	3	192	723	755
19	8	7	193	768	790
19	9	6	194	994	1033
19	5	4	195	1079	1111
19	1	2	196	1117	1169


Solution History:
