This is the output of Heuristic Solver for Dual resource constrained flexible job shop Scheduling Problem.
Input file is: wfjsp12_7.txt
Method: FaFM_45_75_900
Seed: 5
Number of Jobs: 25
Number of Operations: 200
Number of Machines: 10
Number of Operators: 10
CPU Time: 706.381
obj: 997
Best found lower bound:0
Solver gap (best found lower bound and upper bound difference): Not known


Final Solution:
Job	Machine	Operator	Operation	Start Time	Finish Time
0	1	3	0	67	151
0	3	9	1	204	218
0	2	0	2	246	284
0	1	0	3	462	559
0	0	0	4	652	675
0	3	6	5	740	784
0	3	3	6	784	812
0	0	9	7	852	889
1	9	1	8	0	8
1	6	5	9	12	48
1	6	5	10	129	206
1	3	2	11	295	358
1	6	5	12	364	442
1	8	4	13	468	514
1	0	3	14	589	626
1	1	3	15	627	645
1	6	5	16	663	735
1	8	6	17	864	939
2	9	1	18	8	66
2	7	7	19	242	317
2	2	0	20	321	406
2	4	6	21	463	488
2	3	6	22	491	503
2	2	9	23	531	611
2	4	9	24	611	624
2	3	6	25	686	740
2	1	0	26	744	759
2	7	7	27	781	854
3	9	4	28	66	108
3	3	9	29	178	204
3	4	6	30	338	416
3	7	7	31	573	650
3	7	2	32	925	997
4	0	3	33	52	67
4	8	2	34	112	180
4	4	6	35	237	320
4	5	9	36	325	349
4	7	7	37	349	369
4	0	1	38	381	420
4	5	2	39	501	572
4	9	1	40	627	695
4	4	8	41	700	775
4	2	2	42	806	890
5	1	4	43	0	36
5	4	6	44	131	155
5	2	0	45	204	246
5	0	1	46	478	561
5	9	0	47	561	620
5	1	0	48	759	815
6	3	9	49	72	131
6	3	9	50	131	153
6	3	9	51	218	256
6	3	9	52	397	461
6	0	9	53	626	652
6	9	1	54	695	706
6	8	4	55	718	764
6	8	4	56	764	831
6	8	1	57	940	983
7	3	9	58	35	72
7	4	6	59	112	131
7	3	9	60	153	178
7	8	2	61	257	291
7	6	5	62	295	344
7	1	1	63	561	627
7	9	8	64	778	860
7	0	3	65	889	937
8	0	1	66	67	149
8	9	8	67	271	353
8	2	0	68	406	462
8	7	7	69	506	573
8	5	0	70	630	651
8	0	3	71	724	777
8	1	0	72	815	872
8	3	9	73	891	971
9	5	8	74	111	155
9	7	7	75	169	189
9	2	0	76	284	321
9	9	1	77	706	778
9	5	8	78	888	923
10	4	8	79	74	111
10	8	1	80	295	381
10	9	8	81	544	561
10	4	8	82	596	610
10	2	5	83	891	942
11	3	9	84	12	35
11	1	4	85	36	66
11	2	0	86	148	204
11	7	7	87	369	431
11	2	9	88	472	531
11	6	5	89	577	586
11	2	2	90	726	806
11	1	7	91	889	916
11	5	8	92	923	954
11	1	0	93	975	995
12	5	2	94	0	29
12	8	6	95	43	112
12	9	1	96	182	194
12	6	5	97	206	257
12	6	5	98	344	364
12	0	1	99	420	478
12	6	5	100	504	577
12	3	6	101	577	610
12	1	3	102	645	724
12	5	3	103	831	888
13	9	4	104	108	145
13	1	4	105	151	209
13	5	9	106	271	325
13	8	4	107	381	417
13	5	2	108	572	630
13	7	7	109	650	683
13	8	4	110	831	864
13	1	0	111	872	889
13	4	0	112	889	917
13	5	8	113	954	991
14	6	5	114	48	129
14	1	3	115	403	453
14	7	7	116	683	758
14	5	3	117	813	831
14	9	4	118	864	909
15	4	6	119	0	43
15	4	8	120	43	74
15	1	4	121	209	303
15	3	9	122	358	397
15	5	2	123	416	501
15	2	2	124	630	713
15	6	1	125	855	940
15	6	6	126	950	982
16	9	1	127	149	182
16	0	3	128	229	249
16	6	1	129	266	295
16	0	3	130	335	372
16	2	8	131	611	625
16	9	4	132	909	956
17	2	0	133	55	148
17	5	8	134	189	197
17	3	5	135	257	295
17	9	8	136	353	434
17	6	5	137	442	504
17	4	8	138	625	700
17	2	2	139	713	726
17	7	2	140	890	925
17	2	5	141	942	990
18	0	3	142	0	52
18	0	3	143	151	229
18	1	4	144	303	377
18	8	4	145	417	468
18	4	8	146	565	596
18	8	4	147	617	697
18	6	5	148	774	855
18	9	4	149	956	991
19	7	7	150	56	128
19	8	2	151	180	257
19	4	6	152	320	338
19	1	3	153	377	403
19	3	3	154	461	491
19	0	3	155	565	589
19	6	5	156	589	663
19	0	0	157	675	717
19	5	9	158	734	813
19	3	5	159	855	891
20	2	0	160	0	55
20	0	3	161	249	335
20	9	7	162	434	506
20	3	6	163	506	577
20	5	9	164	652	734
20	7	7	165	758	781
20	7	7	166	854	889
20	6	6	167	940	950
21	4	6	168	155	237
21	4	3	169	491	565
21	1	0	170	724	744
21	0	3	171	937	974
21	6	6	172	982	995
22	8	8	173	0	37
22	7	7	174	128	169
22	7	7	175	189	242
22	8	4	176	594	617
22	8	4	177	697	718
22	3	9	178	813	851
22	4	0	179	917	971
22	3	9	180	971	993
23	3	5	181	0	12
23	7	7	182	12	56
23	5	8	183	197	271
23	7	7	184	317	341
23	5	2	185	358	416
23	4	6	186	416	463
23	2	9	187	463	472
23	8	4	188	514	594
23	3	6	189	610	686
23	0	1	190	778	852
24	5	2	191	29	109
24	5	8	192	155	189
24	9	1	193	194	266
24	7	8	194	434	505
24	9	8	195	506	544
24	6	5	196	735	774
24	4	6	197	784	858
24	1	7	198	916	975
24	4	3	199	975	988


Solution History:
