This is the output of Heuristic Solver for Dual resource constrained flexible job shop Scheduling Problem.
Input file is: wfjsp24_10.txt
Method: FaFM_45_75_900
Seed: 5
Number of Jobs: 40
Number of Operations: 310
Number of Machines: 15
Number of Operators: 12
CPU Time: 667.515
obj: 1387
Best found lower bound:0
Solver gap (best found lower bound and upper bound difference): Not known


Final Solution:
Job	Machine	Operator	Operation	Start Time	Finish Time
0	3	7	0	80	152
0	3	8	1	244	320
0	3	4	2	593	659
0	3	10	3	810	887
0	5	0	4	970	1023
0	2	10	5	1075	1107
0	13	0	6	1132	1167
0	14	10	7	1266	1317
1	6	9	8	113	192
1	11	8	9	192	214
1	4	11	10	287	324
1	10	8	11	390	420
1	4	11	12	681	761
1	9	3	13	839	926
1	6	4	14	961	1023
1	10	11	15	1292	1377
2	3	0	16	152	234
2	6	1	17	254	268
2	1	9	18	361	369
2	3	8	19	534	577
2	7	6	20	692	759
2	4	9	21	803	880
2	9	3	22	926	977
2	12	8	23	977	1047
3	8	11	24	93	131
3	11	3	25	266	286
3	6	9	26	369	412
3	13	10	27	427	446
3	1	9	28	1300	1384
4	12	7	29	0	28
4	12	7	30	267	337
4	5	11	31	818	890
4	5	0	32	906	970
4	7	5	33	1083	1125
4	13	10	34	1191	1244
5	9	8	35	65	136
5	8	6	36	174	187
5	11	4	37	393	412
5	2	10	38	446	465
5	14	0	39	771	822
5	0	1	40	929	963
5	6	3	41	1139	1230
5	0	1	42	1297	1367
6	9	1	43	164	254
6	0	6	44	536	549
6	11	5	45	766	778
6	3	5	46	929	996
6	5	6	47	1110	1161
6	8	0	48	1232	1246
7	6	2	49	731	824
7	6	0	50	824	906
7	8	2	51	1049	1078
7	3	7	52	1098	1164
7	3	5	53	1164	1172
8	8	10	54	208	282
8	11	3	55	301	386
8	12	7	56	389	405
8	4	3	57	592	660
8	12	4	58	744	780
8	14	3	59	830	839
8	14	1	60	839	928
8	5	4	61	1023	1068
8	0	9	62	1134	1218
9	7	2	63	60	136
9	1	2	64	381	473
9	12	7	65	780	852
9	10	6	66	861	907
9	2	10	67	907	961
9	10	8	68	961	976
9	6	3	69	1026	1049
9	11	1	70	1075	1094
9	9	0	71	1246	1270
10	11	8	72	136	191
10	5	6	73	351	399
10	8	6	74	464	485
10	10	9	75	637	705
10	8	2	76	1261	1315
11	13	9	77	0	37
11	8	11	78	54	93
11	8	1	79	358	440
11	7	5	80	778	813
11	1	4	81	825	862
11	13	9	82	880	902
11	13	9	83	931	943
11	7	5	84	996	1083
11	6	5	85	1350	1382
12	14	0	86	114	150
12	14	3	87	198	266
12	9	3	88	482	564
12	8	10	89	961	977
12	3	2	90	1172	1261
13	2	5	91	0	64
13	10	0	92	79	114
13	5	11	93	131	150
13	1	5	94	257	351
13	14	5	95	500	549
13	8	1	96	635	717
13	8	11	97	977	1049
13	0	4	98	1068	1133
13	4	11	99	1134	1212
13	2	7	100	1297	1382
14	12	4	101	49	118
14	14	0	102	323	416
14	13	2	103	571	660
14	2	10	104	755	796
14	3	7	105	887	915
14	7	5	106	1172	1221
14	4	9	107	1221	1300
14	0	1	108	1367	1382
15	10	11	109	150	226
15	14	3	110	286	301
15	13	5	111	351	417
15	2	2	112	660	731
15	8	7	113	915	961
15	2	6	114	970	1060
15	13	8	115	1061	1132
16	6	6	116	0	78
16	5	4	117	150	226
16	1	2	118	473	546
16	5	0	119	606	688
16	2	3	120	796	830
16	5	6	121	1075	1110
16	12	8	122	1214	1298
16	11	6	123	1357	1379
17	10	8	124	320	390
17	6	1	125	466	484
17	5	11	126	580	602
17	0	5	127	625	668
17	4	9	128	774	803
17	13	9	129	902	931
17	8	2	130	1115	1153
18	7	4	131	0	49
18	2	10	132	71	90
18	4	9	133	192	286
18	7	2	134	369	381
18	7	7	135	486	560
18	1	3	136	564	579
18	13	0	137	688	750
18	11	8	138	835	908
18	9	2	139	993	1018
18	14	0	140	1318	1387
19	14	0	141	0	79
19	13	9	142	294	349
19	9	3	143	386	482
19	12	4	144	500	567
19	9	8	145	766	834
19	12	7	146	852	863
19	13	9	147	943	1018
20	10	8	148	0	65
20	6	1	149	268	358
20	3	8	150	420	462
20	1	3	151	579	592
20	2	8	152	619	651
20	5	3	153	712	796
20	4	0	154	1026	1101
20	2	10	155	1107	1191
20	10	11	156	1212	1292
21	12	7	157	182	267
21	5	6	158	319	351
21	2	10	159	465	489
21	10	9	160	495	566
21	1	4	161	1134	1224
21	11	1	162	1264	1293
21	12	10	163	1317	1387
22	0	1	164	75	164
22	7	5	165	211	257
22	3	8	166	462	534
22	8	6	167	549	626
22	11	8	168	651	688
22	1	11	169	774	818
22	14	7	170	961	1009
22	10	9	171	1018	1099
22	11	1	172	1176	1264
22	3	2	173	1315	1381
23	9	1	174	0	31
23	0	6	175	187	274
23	7	2	176	277	328
23	5	11	177	477	557
23	13	2	178	557	571
23	7	6	179	626	692
23	3	10	180	796	810
23	12	4	181	863	926
23	4	0	182	1101	1123
23	9	0	183	1270	1318
24	11	3	184	51	117
24	8	10	185	282	356
24	12	4	186	412	500
24	6	1	187	547	635
24	12	10	188	649	711
24	11	1	189	799	835
24	0	7	190	863	886
24	14	7	191	1009	1098
24	7	4	192	1224	1276
24	13	6	193	1293	1347
25	13	5	194	64	131
25	11	4	195	226	258
25	9	4	196	258	343
25	0	6	197	485	536
25	0	5	198	595	625
25	0	5	199	680	766
25	6	4	200	926	961
25	12	8	201	1047	1061
25	14	9	202	1099	1124
26	11	2	203	0	38
26	2	3	204	117	144
26	7	7	205	152	182
26	11	5	206	417	452
26	0	5	207	549	595
26	7	5	208	813	896
26	3	2	209	1018	1049
26	11	8	210	1313	1357
27	13	10	211	131	208
27	2	10	212	356	427
27	5	1	213	440	466
27	13	6	214	759	839
27	0	6	215	839	861
27	1	11	216	890	975
27	13	10	217	1244	1265
27	8	4	218	1315	1382
28	9	2	219	38	60
28	5	6	220	78	106
28	2	0	221	234	323
28	4	0	222	504	572
28	12	4	223	572	593
28	10	0	224	750	771
28	0	5	225	896	929
28	1	10	226	977	1047
28	11	1	227	1094	1176
29	1	10	228	0	71
29	13	2	229	233	277
29	3	7	230	337	389
29	13	5	231	452	500
29	9	10	232	572	649
29	1	11	233	1049	1134
29	12	8	234	1134	1214
30	5	3	235	0	51
30	4	6	236	113	174
30	10	9	237	286	294
30	9	9	238	349	361
30	11	0	239	452	504
30	2	8	240	577	610
30	11	8	241	610	619
30	9	4	242	659	744
30	8	7	243	1164	1226
30	6	5	244	1266	1350
31	0	7	245	28	36
31	14	10	246	90	102
31	1	10	247	102	131
31	0	6	248	399	464
31	7	2	249	911	993
31	11	1	250	1026	1075
31	5	6	251	1161	1206
31	14	5	252	1221	1266
32	4	11	253	324	401
32	14	10	254	711	755
32	2	6	255	1060	1075
32	7	5	256	1140	1160
32	9	0	257	1167	1232
33	7	7	258	405	486
33	11	8	259	688	766
33	0	4	260	780	825
33	3	10	261	1049	1069
33	4	9	262	1124	1134
34	0	6	263	274	319
34	6	0	264	416	443
34	14	7	265	560	630
34	8	2	266	1078	1115
34	0	7	267	1226	1297
35	3	7	268	36	80
35	12	4	269	118	148
35	0	4	270	343	393
35	14	9	271	416	495
35	5	11	272	557	580
35	1	11	273	602	681
35	3	7	274	692	777
35	11	1	275	963	1026
35	2	6	276	1206	1293
36	0	1	277	36	75
36	10	5	278	131	149
36	14	3	279	150	198
36	6	1	280	484	547
36	1	9	281	705	774
36	4	3	282	1300	1365
37	2	2	283	144	233
37	2	10	284	489	572
37	7	0	285	572	606
37	14	7	286	630	692
37	11	8	287	908	953
37	7	5	288	1125	1140
37	7	4	289	1276	1298
38	8	11	290	0	54
38	1	5	291	149	211
38	10	11	292	226	252
38	10	9	293	566	637
38	13	5	294	668	680
38	8	1	295	717	799
38	4	6	296	907	970
38	4	3	297	977	1026
38	6	3	298	1049	1139
38	10	2	299	1153	1169
39	4	9	300	37	113
39	1	8	301	214	244
39	5	11	302	252	287
39	7	2	303	328	369
39	4	11	304	401	477
39	6	3	305	660	712
39	8	2	306	824	911
39	1	3	307	1230	1298
39	3	8	308	1298	1313
39	9	8	309	1357	1379


Solution History:
