This is the output of Heuristic Solver for Dual resource constrained flexible job shop Scheduling Problem.
Input file is: wfjsp17_10.txt
Method: FaFM_45_75_900
Seed: 2
Number of Jobs: 15
Number of Operations: 127
Number of Machines: 5
Number of Operators: 4
CPU Time: 203.758
obj: 1778
Best found lower bound:0
Solver gap (best found lower bound and upper bound difference): Not known


Final Solution:
Job	Machine	Operator	Operation	Start Time	Finish Time
0	4	2	0	0	86
0	3	0	1	462	552
0	2	1	2	771	834
0	1	0	3	1239	1331
0	3	0	4	1345	1398
0	1	0	5	1469	1500
0	0	1	6	1552	1585
0	1	0	7	1727	1778
1	0	1	8	165	256
1	4	3	9	309	337
1	1	0	10	390	426
1	4	1	11	651	685
1	3	0	12	713	801
1	3	3	13	1028	1112
1	0	1	14	1421	1483
1	2	2	15	1693	1775
2	0	2	16	284	366
2	2	1	17	398	411
2	4	3	18	425	434
2	1	2	19	453	504
2	1	2	20	773	848
2	0	3	21	1223	1313
2	2	2	22	1331	1379
2	0	1	23	1483	1552
3	2	1	24	0	43
3	1	2	25	176	199
3	3	3	26	337	387
3	2	2	27	504	522
3	1	1	28	685	771
3	1	0	29	1046	1078
3	2	2	30	1155	1232
3	3	2	31	1612	1693
4	2	1	32	52	116
4	3	3	33	387	425
4	1	1	34	546	612
4	0	3	35	863	944
4	3	0	36	989	1004
4	0	3	37	1112	1136
4	1	0	38	1500	1522
4	0	1	39	1585	1635
4	2	1	40	1635	1669
5	2	3	41	129	221
5	2	2	42	848	911
5	2	2	43	911	997
5	0	2	44	1061	1076
5	1	0	45	1331	1345
5	3	0	46	1398	1469
5	3	2	47	1480	1526
5	2	2	48	1526	1540
6	0	3	49	34	129
6	0	2	50	366	453
6	3	0	51	552	581
6	0	2	52	700	773
6	3	0	53	839	848
6	0	3	54	944	1026
6	4	1	55	1211	1290
6	4	2	56	1379	1400
6	1	0	57	1662	1727
7	1	0	58	0	36
7	1	1	59	43	52
7	1	0	60	297	390
7	2	2	61	571	618
7	2	2	62	618	700
7	2	1	63	1063	1135
7	0	3	64	1313	1407
7	0	3	65	1691	1777
8	4	1	66	116	165
8	2	1	67	411	462
8	1	1	68	529	546
8	0	3	69	566	592
8	1	0	70	848	870
8	3	0	71	1004	1028
8	1	0	72	1160	1211
8	1	0	73	1522	1570
8	1	0	74	1570	1593
9	3	0	75	134	202
9	2	1	76	349	398
9	3	0	77	581	624
9	3	0	78	801	839
9	1	0	79	1078	1160
9	3	2	80	1540	1577
9	3	2	81	1577	1612
9	0	3	82	1651	1678
9	0	3	83	1678	1691
10	1	0	84	202	297
10	3	0	85	426	462
10	3	0	86	671	713
10	2	1	87	998	1063
10	0	1	88	1136	1211
10	3	0	89	1223	1239
10	4	3	90	1407	1497
10	4	3	91	1578	1651
11	0	3	92	0	34
11	3	0	93	115	134
11	2	1	94	256	349
11	2	2	95	522	571
11	0	3	96	592	680
11	4	1	97	834	921
11	4	2	98	998	1061
11	3	3	99	1136	1223
11	4	1	100	1684	1775
12	3	0	101	36	115
12	4	3	102	470	566
12	4	3	103	685	774
12	3	2	104	1257	1299
12	3	2	105	1299	1331
12	1	1	106	1372	1421
12	4	3	107	1497	1578
12	4	1	108	1669	1684
13	1	2	109	86	176
13	4	2	110	199	212
13	4	2	111	212	284
13	0	1	112	462	529
13	1	0	113	624	671
13	1	0	114	897	989
13	4	2	115	1076	1155
13	4	1	116	1290	1372
13	2	2	117	1400	1480
13	1	0	118	1593	1662
14	3	3	119	221	309
14	4	3	120	434	470
14	4	1	121	612	651
14	0	3	122	774	863
14	1	0	123	870	897
14	4	1	124	921	998
14	1	0	125	1028	1046
14	2	2	126	1232	1257


Solution History:
