This is the output of Heuristic Solver for Dual resource constrained flexible job shop Scheduling Problem.
Input file is: wfjsp22_10.txt
Method: FaFM_45_75_900
Seed: 3
Number of Jobs: 30
Number of Operations: 235
Number of Machines: 15
Number of Operators: 12
CPU Time: 401.243
obj: 1072
Best found lower bound:0
Solver gap (best found lower bound and upper bound difference): Not known


Final Solution:
Job	Machine	Operator	Operation	Start Time	Finish Time
0	3	7	0	45	117
0	1	2	1	243	325
0	4	0	2	337	399
0	11	6	3	489	570
0	5	3	4	646	696
0	8	0	5	713	744
0	13	0	6	744	779
0	3	5	7	905	954
1	6	4	8	84	170
1	4	1	9	177	205
1	2	0	10	227	271
1	4	6	11	301	333
1	12	1	12	460	542
1	9	10	13	583	658
1	14	5	14	669	730
1	10	1	15	809	897
2	3	0	16	145	227
2	6	1	17	295	309
2	1	2	18	325	334
2	14	7	19	344	391
2	9	0	20	399	470
2	5	11	21	497	573
2	9	4	22	785	833
2	6	5	23	954	1020
3	8	0	24	98	141
3	11	5	25	154	177
3	7	5	26	177	224
3	14	10	27	301	319
3	14	10	28	457	540
4	3	7	29	0	28
4	12	4	30	170	244
4	5	1	31	334	415
4	12	7	32	583	651
4	11	8	33	894	931
4	13	5	34	1020	1067
5	9	4	35	244	319
5	8	11	36	326	340
5	8	11	37	340	361
5	12	10	38	438	457
5	3	8	39	467	511
5	3	7	40	699	729
5	6	2	41	844	936
5	1	3	42	1006	1069
6	4	1	43	89	177
6	3	3	44	235	252
6	13	9	45	419	433
6	3	8	46	582	651
6	0	9	47	671	716
6	10	6	48	1010	1024
7	8	11	49	361	451
7	6	4	50	455	536
7	10	11	51	602	628
7	7	0	52	640	713
7	11	6	53	1048	1056
8	9	2	54	124	207
8	11	5	55	235	307
8	2	5	56	307	325
8	2	5	57	325	389
8	5	1	58	415	451
8	7	1	59	451	460
8	4	0	60	470	563
8	5	11	61	708	750
8	14	10	62	756	840
9	1	5	63	0	67
9	2	7	64	391	477
9	5	3	65	574	646
9	11	6	66	691	735
9	5	11	67	828	882
9	10	1	68	897	914
9	9	10	69	1007	1030
9	11	6	70	1030	1048
9	9	4	71	1048	1070
10	14	6	72	255	301
10	11	6	73	570	624
10	12	4	74	868	886
10	10	6	75	941	1010
10	2	2	76	1019	1068
11	13	9	77	0	37
11	13	10	78	220	258
11	11	8	79	307	386
11	7	5	80	471	506
11	1	10	81	550	583
11	1	2	82	649	676
11	3	8	83	759	770
11	9	9	84	912	993
11	14	7	85	1029	1063
12	14	6	86	0	34
12	14	6	87	174	238
12	3	8	88	511	582
12	6	5	89	810	824
12	12	4	90	886	967
13	9	3	91	0	63
13	3	7	92	117	145
13	9	8	93	216	231
13	1	2	94	334	427
13	8	11	95	451	497
13	6	4	96	550	636
13	8	11	97	636	708
13	0	4	98	719	784
13	3	3	99	785	872
13	2	0	100	905	994
14	4	11	101	0	78
14	4	7	102	213	299
14	13	9	103	338	419
14	10	1	104	542	584
14	4	1	105	584	616
14	13	9	106	628	671
14	9	10	107	840	912
14	0	9	108	993	1008
15	10	11	109	78	154
15	14	3	110	159	174
15	13	9	111	269	338
15	7	6	112	338	402
15	8	2	113	506	558
15	12	10	114	671	756
15	0	7	115	798	871
16	6	4	116	0	84
16	13	8	117	139	216
16	14	5	118	601	669
16	12	8	119	770	850
16	2	0	120	873	905
16	5	6	121	906	941
16	8	11	122	958	1036
16	10	11	123	1036	1060
17	5	6	124	99	165
17	7	6	125	238	255
17	5	1	126	309	334
17	2	0	127	563	606
17	1	5	128	776	810
17	8	4	129	844	868
17	8	6	130	872	906
18	9	3	131	63	112
18	0	5	132	134	154
18	8	11	133	154	237
18	9	4	134	319	330
18	12	10	135	362	438
18	14	9	136	438	453
18	13	9	137	453	517
18	11	6	138	735	809
18	11	8	139	931	950
18	14	7	140	960	1029
19	14	9	141	37	112
19	12	3	142	112	159
19	0	3	143	344	439
19	10	2	144	439	506
19	9	3	145	507	574
19	12	10	146	658	671
19	13	2	147	936	1019
20	10	8	148	0	65
20	6	1	149	205	295
20	3	10	150	319	362
20	1	4	151	536	550
20	2	0	152	606	640
20	2	8	153	651	730
20	4	7	154	730	798
20	13	9	155	800	884
20	1	10	156	912	992
21	2	10	157	0	87
21	9	4	158	330	367
21	2	5	159	730	754
21	8	2	160	766	844
21	4	11	161	882	958
21	11	4	162	967	994
21	12	0	163	1007	1072
22	0	1	164	0	89
22	7	10	165	89	140
22	2	7	166	145	213
22	5	8	167	231	302
22	4	6	168	402	444
22	14	7	169	540	583
22	11	6	170	624	677
22	6	1	171	723	809
22	7	5	172	824	905
22	3	8	173	954	1018
23	10	9	174	154	183
23	0	9	175	183	269
23	0	7	176	299	344
23	3	8	177	386	467
23	13	9	178	541	554
23	1	2	179	583	649
23	11	6	180	677	691
23	4	6	181	809	872
23	7	1	182	951	973
23	7	4	183	994	1047
24	8	0	184	0	66
24	11	8	185	66	139
24	12	3	186	252	343
24	6	4	187	367	455
24	0	5	188	506	567
24	7	5	189	567	601
24	2	5	190	754	776
24	14	7	191	871	960
24	5	3	192	960	1006
24	5	8	193	1018	1072
25	1	5	194	67	134
25	11	3	195	198	235
25	10	11	196	243	326
25	2	7	197	477	539
25	3	7	198	671	699
25	10	9	199	723	800
25	7	1	200	914	951
25	12	10	201	992	1007
25	3	10	202	1030	1056
26	7	2	203	0	38
26	6	3	204	174	198
26	10	2	205	207	243
26	11	5	206	389	424
26	11	5	207	424	471
26	6	4	208	636	719
26	3	8	209	730	759
26	11	8	210	850	894
27	13	2	211	38	124
27	7	0	212	271	337
27	10	9	213	517	541
27	13	9	214	554	628
27	0	7	215	651	671
27	1	2	216	676	766
27	13	9	217	884	906
27	4	1	218	973	1041
28	12	7	219	28	45
28	8	0	220	66	98
28	1	10	221	140	220
28	1	3	222	439	507
28	12	2	223	558	581
28	10	11	224	584	602
28	0	1	225	616	651
28	10	1	226	651	723
28	5	11	227	750	828
29	5	6	228	34	99
29	14	9	229	112	150
29	8	10	230	258	300
29	0	6	231	444	489
29	9	3	232	696	785
29	2	0	233	785	873
29	0	3	234	873	960


Solution History:
