This is the output of Heuristic Solver for Dual resource constrained flexible job shop Scheduling Problem.
Input file is: wfjsp8_9.txt
Method: FaFM_45_75_900
Seed: 1
Number of Jobs: 15
Number of Operations: 107
Number of Machines: 5
Number of Operators: 5
CPU Time: 298.072
obj: 1063
Best found lower bound:0
Solver gap (best found lower bound and upper bound difference): Not known


Final Solution:
Job	Machine	Operator	Operation	Start Time	Finish Time
0	1	2	0	140	227
0	4	0	1	329	376
0	1	2	2	423	490
0	1	2	3	587	655
0	0	3	4	1034	1063
1	2	1	5	0	78
1	4	0	6	133	196
1	2	3	7	320	342
1	3	4	8	415	471
1	2	1	9	519	577
1	2	2	10	753	845
1	4	0	11	865	943
1	0	3	12	967	1034
2	4	0	13	0	36
2	3	1	14	111	132
2	2	3	15	252	308
2	4	0	16	540	555
2	0	3	17	663	759
2	1	1	18	816	835
2	1	1	19	835	854
2	1	1	20	898	932
3	0	4	21	113	155
3	1	2	22	227	239
3	4	0	23	518	540
3	0	3	24	641	663
3	1	1	25	753	816
3	2	1	26	1010	1061
4	3	1	27	132	209
4	2	3	28	342	432
4	1	2	29	490	587
4	2	1	30	697	753
4	4	0	31	1005	1062
5	0	3	32	0	58
5	4	0	33	249	329
5	2	1	34	451	464
5	4	0	35	555	630
5	0	3	36	880	913
5	1	1	37	932	951
5	1	1	38	951	966
5	1	2	39	993	1051
6	3	4	40	35	110
6	0	4	41	243	331
6	0	4	42	331	355
6	0	1	43	396	415
6	2	3	44	432	451
6	4	0	45	480	518
6	2	1	46	653	697
6	4	0	47	785	849
6	1	1	48	854	898
6	2	1	49	966	985
7	4	0	50	36	133
7	3	1	51	228	257
7	1	2	52	362	423
7	4	0	53	430	455
7	4	0	54	455	480
7	4	0	55	630	694
7	0	3	56	759	830
7	4	0	57	849	865
7	1	2	58	966	993
8	1	2	59	31	125
8	4	0	60	196	249
8	1	2	61	326	362
8	0	3	62	503	574
8	4	0	63	694	749
8	3	4	64	787	844
8	4	0	65	943	1005
8	1	2	66	1051	1062
9	2	3	67	113	122
9	3	4	68	553	582
9	3	4	69	582	642
9	2	2	70	845	869
9	3	4	71	986	1020
10	1	2	72	0	31
10	2	3	73	122	183
10	1	2	74	239	326
10	4	0	75	376	430
10	0	3	76	451	481
10	2	1	77	577	653
10	0	3	78	830	880
10	0	3	79	913	967
10	2	1	80	985	1010
10	3	4	81	1020	1062
11	3	4	82	0	35
11	1	2	83	125	140
11	3	1	84	303	358
11	0	1	85	415	451
11	1	2	86	655	749
12	0	3	87	58	113
12	3	1	88	209	228
12	3	4	89	396	415
12	3	4	90	471	553
12	4	0	91	749	785
12	2	2	92	869	966
13	0	4	93	155	243
13	3	1	94	257	303
13	2	3	95	308	320
13	3	1	96	358	396
13	2	1	97	464	519
13	0	3	98	574	641
13	3	4	99	844	931
14	2	1	100	78	111
14	2	3	101	183	252
14	0	4	102	355	392
14	0	3	103	481	503
14	3	4	104	642	730
14	3	4	105	730	787
14	3	4	106	931	986


Solution History:
