This is the output of Heuristic Solver for Dual resource constrained flexible job shop Scheduling Problem.
Input file is: wfjsp12_9.txt
Method: FaFM_45_75_900
Seed: 2
Number of Jobs: 25
Number of Operations: 188
Number of Machines: 10
Number of Operators: 10
CPU Time: 373.523
obj: 981
Best found lower bound:0
Solver gap (best found lower bound and upper bound difference): Not known


Final Solution:
Job	Machine	Operator	Operation	Start Time	Finish Time
0	9	1	0	120	200
0	1	8	1	345	389
0	6	1	2	424	485
0	9	9	3	560	617
0	9	7	4	803	830
1	1	9	5	34	122
1	8	0	6	218	274
1	7	2	7	299	318
1	6	1	8	333	390
1	4	2	9	545	620
1	8	0	10	723	823
1	8	0	11	823	901
1	0	4	12	901	968
2	6	1	13	0	36
2	1	2	14	188	209
2	8	0	15	274	330
2	4	6	16	344	360
2	5	5	17	522	610
2	2	6	18	775	794
2	9	7	19	850	873
2	2	7	20	873	910
3	6	5	21	122	172
3	9	7	22	219	232
3	9	7	23	232	255
3	3	3	24	326	351
3	8	0	25	535	591
3	2	7	26	910	964
4	8	7	27	90	173
4	7	2	28	318	395
4	8	0	29	591	667
4	8	0	30	667	723
4	6	1	31	864	923
5	2	0	32	8	63
5	4	6	33	242	329
5	7	6	34	395	407
5	2	4	35	452	535
5	1	2	36	776	809
5	9	7	37	830	850
5	1	2	38	904	915
5	5	5	39	918	977
6	7	2	40	38	113
6	5	9	41	122	205
6	4	6	42	360	382
6	7	6	43	463	482
6	1	8	44	533	553
6	4	5	45	692	729
6	6	9	46	733	771
6	7	9	47	771	836
6	4	6	48	872	917
6	9	8	49	963	981
7	7	4	50	122	206
7	0	7	51	283	315
7	9	7	52	315	373
7	9	7	53	373	404
7	7	6	54	507	538
7	2	5	55	623	686
7	0	7	56	689	765
7	3	3	57	814	830
7	1	2	58	915	946
8	8	5	59	0	86
8	5	9	60	205	261
8	9	9	61	261	302
8	0	7	62	404	480
8	9	9	63	504	560
8	9	9	64	674	733
8	3	3	65	753	814
8	5	5	66	872	884
9	2	3	67	0	8
9	4	6	68	61	93
9	1	8	69	461	533
9	9	8	70	781	803
9	0	4	71	866	899
10	9	7	72	0	29
10	9	7	73	29	90
10	0	9	74	315	401
10	4	2	75	401	458
10	5	5	76	494	522
10	1	8	77	553	626
10	0	7	78	639	689
10	2	6	79	721	775
10	3	3	80	889	917
10	4	9	81	923	964
11	1	2	82	0	34
11	1	8	83	174	188
11	8	0	84	330	383
11	9	9	85	404	445
11	7	2	86	620	693
12	1	8	87	122	174
12	9	1	88	200	219
12	3	3	89	227	246
12	2	4	90	365	452
12	6	1	91	561	597
12	3	3	92	664	753
13	2	0	93	136	211
13	2	4	94	211	254
13	0	7	95	270	283
13	6	1	96	390	424
13	8	0	97	479	535
13	4	6	98	620	692
13	1	2	99	809	904
14	9	8	100	92	117
14	0	8	101	188	247
14	3	3	102	247	289
14	1	8	103	442	461
14	0	7	104	514	616
14	9	9	105	617	674
14	5	4	106	742	797
15	6	4	107	38	122
15	1	2	108	209	220
15	1	1	109	220	278
15	7	6	110	407	463
15	6	1	111	485	503
15	1	8	112	626	700
15	4	5	113	729	816
16	0	8	114	0	22
16	5	1	115	36	61
16	6	5	116	203	278
16	1	8	117	287	345
16	3	3	118	426	482
16	2	6	119	692	721
16	6	1	120	781	806
16	3	3	121	830	889
16	8	0	122	901	958
17	4	6	123	0	61
17	2	0	124	63	136
17	4	6	125	183	242
17	2	4	126	296	321
17	2	4	127	321	365
17	0	7	128	480	499
17	2	6	129	538	610
17	5	4	130	614	683
17	7	2	131	693	771
17	4	5	132	816	872
18	3	3	133	79	145
18	6	5	134	172	203
18	0	8	135	247	270
18	5	8	136	270	287
18	1	8	137	389	442
18	9	9	138	445	504
18	0	7	139	616	639
18	6	1	140	675	732
18	0	4	141	797	866
19	0	8	142	22	92
19	2	4	143	254	296
19	8	0	144	383	479
19	6	1	145	597	675
19	9	1	146	733	781
19	9	8	147	929	963
20	7	4	148	0	38
20	3	3	149	145	227
20	6	1	150	278	333
20	3	3	151	351	426
20	7	6	152	482	507
20	2	5	153	610	623
20	5	4	154	683	742
20	0	7	155	765	796
20	7	9	156	836	923
20	8	0	157	958	976
21	5	9	158	0	34
21	3	3	159	68	79
21	4	2	160	113	181
21	5	5	161	376	437
21	5	5	162	437	494
21	0	7	163	499	514
21	7	4	164	538	614
21	2	6	165	794	866
21	3	3	166	917	972
22	0	6	167	93	183
22	5	5	168	287	376
22	4	2	169	458	545
22	1	8	170	700	776
22	6	1	171	806	864
22	6	1	172	923	975
23	5	1	173	61	120
23	3	3	174	289	326
23	6	1	175	503	561
23	5	5	176	884	918
23	7	6	177	923	981
24	3	3	178	8	68
24	4	5	179	93	109
24	8	7	180	173	218
24	7	2	181	220	299
24	4	6	182	329	344
24	3	3	183	482	569
24	3	3	184	569	652
24	3	3	185	652	664
24	5	8	186	803	872
24	9	8	187	873	929


Solution History:
