This is the output of Heuristic Solver for Dual resource constrained flexible job shop Scheduling Problem.
Input file is: wfjsp13_1.txt
Method: FaFM_45_75_900
Seed: 4
Number of Jobs: 25
Number of Operations: 248
Number of Machines: 15
Number of Operators: 15
CPU Time: 937.534
obj: 856
Best found lower bound:0
Solver gap (best found lower bound and upper bound difference): Not known


Final Solution:
Job	Machine	Operator	Operation	Start Time	Finish Time
0	7	9	0	0	69
0	7	9	1	69	93
0	11	6	2	108	163
0	3	11	3	181	265
0	9	5	4	268	345
0	13	3	5	399	465
0	14	7	6	555	627
0	13	14	7	627	653
0	12	0	8	703	742
0	7	10	9	814	847
0	1	5	10	847	855
1	10	6	11	0	14
1	9	6	12	20	32
1	1	4	13	102	152
1	12	4	14	227	289
1	0	11	15	289	331
1	7	11	16	332	360
1	5	1	17	403	412
1	9	14	18	530	586
1	8	1	19	674	722
1	12	4	20	742	820
2	12	10	21	0	89
2	6	0	22	191	237
2	5	8	23	286	367
2	12	4	24	380	394
2	10	14	25	462	500
2	8	6	26	500	524
2	6	0	27	624	649
2	8	1	28	722	767
2	13	13	29	774	852
3	3	7	30	0	41
3	11	6	31	163	219
3	13	13	32	280	357
3	9	12	33	423	468
3	14	8	34	634	647
3	6	8	35	667	711
3	6	8	36	711	739
3	11	4	37	820	856
4	7	3	38	93	159
4	7	5	39	196	261
4	14	6	40	287	319
4	0	11	41	426	509
4	11	0	42	509	534
4	12	4	43	588	644
4	10	13	44	662	671
4	2	9	45	774	786
5	11	6	46	36	108
5	5	14	47	127	136
5	5	12	48	136	148
5	8	12	49	148	185
5	9	10	50	196	268
5	1	7	51	321	336
5	1	5	52	345	401
5	10	13	53	401	460
5	1	3	54	465	513
5	6	12	55	582	624
5	0	14	56	665	757
5	14	8	57	779	816
6	9	10	58	89	172
6	11	6	59	219	287
6	3	6	60	319	341
6	7	10	61	431	496
6	12	4	62	496	514
6	14	8	63	514	555
6	7	10	64	592	682
6	14	3	65	685	719
6	9	6	66	784	803
7	9	3	67	36	83
7	3	11	68	84	144
7	12	4	69	289	361
7	13	13	70	361	399
7	13	14	71	504	528
7	8	6	72	528	562
7	13	9	73	655	690
7	3	7	74	732	771
7	3	12	75	780	831
8	13	2	76	22	100
8	4	2	77	176	253
8	3	7	78	341	412
8	3	7	79	412	498
8	10	13	80	504	583
8	13	14	81	586	626
8	4	2	82	626	643
8	0	6	83	645	665
8	3	7	84	724	732
8	6	7	85	771	851
9	14	0	86	47	91
9	4	9	87	93	125
9	13	9	88	125	140
9	3	11	89	144	181
9	0	11	90	368	426
9	4	4	91	644	657
9	4	2	92	657	707
9	11	11	93	709	790
10	9	3	94	0	20
10	8	1	95	20	43
10	10	14	96	43	99
10	8	12	97	120	133
10	11	0	98	403	509
10	3	8	99	555	634
10	14	3	100	719	779
10	14	3	101	817	855
11	4	11	102	0	84
11	1	7	103	171	243
11	13	9	104	246	280
11	14	0	105	319	375
11	2	2	106	410	430
11	4	2	107	430	468
11	5	9	108	494	505
11	12	4	109	514	588
11	1	5	110	639	699
12	0	5	111	21	99
12	7	10	112	172	196
12	14	11	113	265	283
12	4	9	114	283	356
12	5	8	115	367	385
12	14	8	116	385	474
12	0	11	117	509	597
12	6	8	118	759	771
12	11	3	119	790	817
13	8	1	120	0	19
13	13	9	121	140	226
13	3	1	122	265	316
13	6	1	123	319	398
13	1	4	124	401	454
13	6	10	125	496	539
13	6	10	126	539	582
13	8	1	127	647	674
13	9	11	128	679	709
13	0	14	129	757	850
14	13	2	130	0	22
14	1	4	131	22	48
14	3	7	132	48	84
14	10	7	133	99	115
14	0	7	134	115	155
14	10	14	135	161	249
14	11	3	136	289	353
14	13	13	137	465	504
14	5	9	138	505	597
14	0	5	139	597	639
14	10	13	140	671	754
14	1	5	141	770	846
15	5	12	142	0	40
15	6	5	143	116	191
15	2	13	144	191	272
15	7	10	145	272	332
15	2	2	146	332	370
15	7	10	147	370	431
15	2	1	148	431	513
15	7	5	149	520	592
15	5	9	150	618	655
15	5	12	151	682	741
15	4	2	152	741	798
15	2	2	153	798	855
16	14	0	154	0	47
16	5	1	155	47	87
16	5	1	156	87	127
16	5	8	157	207	286
16	8	6	158	342	383
16	9	12	159	468	530
16	11	7	160	627	706
16	9	6	161	709	784
17	0	14	162	0	21
17	11	3	163	21	36
17	6	8	164	76	116
17	1	7	165	155	171
17	8	12	166	286	303
17	4	9	167	356	419
17	5	9	168	419	453
17	7	5	169	496	520
17	2	1	170	520	599
17	9	11	171	599	679
17	1	5	172	752	770
18	12	2	173	100	152
18	12	4	174	152	227
18	6	0	175	237	319
18	0	10	176	332	368
18	2	2	177	370	410
18	5	9	178	453	494
18	13	12	179	530	569
18	10	13	180	583	662
18	7	10	181	682	727
18	10	0	182	754	832
18	10	0	183	832	856
19	6	8	184	0	76
19	8	12	185	185	286
19	8	12	186	303	342
19	12	4	187	361	380
19	12	14	188	400	462
19	14	8	189	474	512
19	11	0	190	534	624
19	14	3	191	647	685
19	3	7	192	706	724
19	5	12	193	741	780
19	5	9	194	786	854
20	2	13	195	45	135
20	7	3	196	159	171
20	14	1	197	181	265
20	2	2	198	272	328
20	10	14	199	343	400
20	6	5	200	401	438
20	4	2	201	468	544
20	2	1	202	599	647
20	12	0	203	649	703
20	4	2	204	707	735
20	7	10	205	735	814
20	8	1	206	818	854
21	2	13	207	0	45
21	13	14	208	100	120
21	2	13	209	135	180
21	13	9	210	226	246
21	1	7	211	246	321
21	5	0	212	385	403
21	8	6	213	423	498
21	3	7	214	533	554
21	1	3	215	559	639
21	6	8	216	649	667
21	1	5	217	699	752
21	9	6	218	803	840
22	8	12	219	43	120
22	10	8	220	120	161
22	5	8	221	161	207
22	9	12	222	345	423
22	12	4	223	462	492
22	1	3	224	513	559
22	8	6	225	562	645
22	5	12	226	660	682
22	13	9	227	690	764
23	1	4	228	48	102
23	4	1	229	127	176
23	0	3	230	176	194
23	10	14	231	249	343
23	11	3	232	364	397
23	6	5	233	438	496
23	3	7	234	498	533
23	4	2	235	544	621
23	3	6	236	665	706
23	6	8	237	739	759
23	8	1	238	767	818
24	14	0	239	91	181
24	0	3	240	194	289
24	11	3	241	353	364
24	8	6	242	383	423
24	5	9	243	597	618
24	3	12	244	634	660
24	2	4	245	660	738
24	2	13	246	754	774
24	4	11	247	798	855


Solution History:
