This is the output of Heuristic Solver for Dual resource constrained flexible job shop Scheduling Problem.
Input file is: wfjsp14_1.txt
Method: FaFM_45_75_900
Seed: 5
Number of Jobs: 30
Number of Operations: 215
Number of Machines: 15
Number of Operators: 15
CPU Time: 566.251
obj: 733
Best found lower bound:0
Solver gap (best found lower bound and upper bound difference): Not known


Final Solution:
Job	Machine	Operator	Operation	Start Time	Finish Time
0	10	8	0	61	135
0	5	1	1	235	264
0	11	11	2	285	341
0	4	9	3	475	562
0	9	6	4	658	733
1	13	2	5	42	98
1	1	7	6	225	297
1	10	13	7	316	344
1	12	4	8	359	394
1	7	4	9	524	559
1	6	1	10	574	584
1	10	8	11	622	636
1	9	3	12	641	655
1	11	0	13	655	707
2	10	0	14	0	61
2	6	12	15	136	181
2	7	5	16	319	346
2	12	14	17	346	355
2	13	2	18	475	527
2	8	2	19	527	569
2	12	4	20	654	732
3	3	7	21	139	225
3	10	6	22	258	305
3	12	4	23	394	470
3	14	7	24	574	587
3	10	8	25	589	622
3	7	12	26	693	717
4	0	3	27	0	21
4	8	1	28	35	80
4	13	2	29	246	327
4	6	12	30	333	373
4	11	6	31	480	536
4	13	13	32	569	646
4	13	9	33	649	693
5	7	5	34	0	13
5	6	8	35	13	57
5	3	7	36	94	118
5	1	5	37	184	218
5	4	5	38	221	300
5	7	3	39	347	406
5	14	1	40	454	490
5	5	12	41	495	582
5	11	0	42	707	732
6	5	14	43	26	88
6	7	9	44	88	99
6	5	1	45	221	235
6	4	9	46	319	395
6	14	1	47	442	454
6	3	11	48	477	486
6	8	2	49	569	607
6	8	2	50	647	724
7	14	6	51	128	143
7	4	11	52	161	221
7	11	11	53	230	285
7	12	0	54	474	516
7	12	4	55	610	654
8	0	11	56	62	149
8	14	8	57	199	236
8	14	8	58	236	337
8	8	13	59	448	502
8	3	6	60	568	590
8	7	12	61	619	674
9	1	13	62	0	18
9	14	7	63	50	94
9	7	9	64	186	278
9	12	13	65	281	315
9	9	10	66	351	369
9	9	12	67	435	491
9	1	3	68	525	575
9	3	7	69	626	687
9	13	9	70	693	730
10	5	14	71	0	26
10	3	5	72	51	89
10	13	2	73	159	199
10	10	6	74	221	258
10	13	2	75	327	376
10	10	8	76	437	510
10	0	5	77	513	590
11	1	5	78	89	166
11	5	0	79	272	362
11	10	8	80	365	437
11	11	11	81	568	606
11	10	8	82	636	651
11	5	14	83	651	669
11	5	14	84	669	678
12	8	3	85	84	162
12	14	8	86	162	199
12	9	10	87	215	246
12	4	5	88	300	319
12	9	10	89	322	351
12	0	11	90	419	477
12	6	7	91	513	530
12	7	9	92	562	617
13	11	6	93	0	74
13	5	14	94	88	108
13	3	7	95	118	139
13	6	12	96	181	256
13	10	6	97	305	316
13	3	0	98	370	454
13	3	11	99	486	568
13	11	0	100	606	655
13	4	10	101	688	733
14	4	9	102	0	83
14	8	3	103	270	347
14	13	9	104	436	470
14	1	3	105	470	525
14	4	4	106	562	581
14	4	1	107	584	628
14	9	3	108	628	641
15	12	4	109	0	74
15	11	0	110	74	129
15	0	14	111	204	290
15	12	6	112	316	341
15	3	5	113	351	370
15	4	2	114	395	475
15	8	13	115	502	523
15	2	14	116	537	624
15	0	11	117	632	720
16	6	8	118	0	12
16	2	1	119	12	33
16	9	10	120	61	78
16	7	9	121	99	186
16	3	0	122	225	272
16	2	14	123	359	444
16	7	4	124	470	524
16	6	7	125	530	574
16	8	2	126	607	647
16	10	14	127	678	704
17	9	10	128	78	107
17	1	7	129	297	389
17	1	4	130	581	606
17	10	8	131	651	676
17	3	5	132	687	724
18	14	7	133	0	15
18	0	11	134	21	62
18	10	10	135	135	215
18	12	13	136	215	281
18	7	9	137	281	317
18	5	10	138	369	459
18	0	7	139	477	513
18	10	8	140	513	589
18	1	5	141	608	684
18	5	1	142	687	728
19	2	13	143	33	113
19	2	4	144	206	282
19	0	14	145	290	342
19	11	6	146	342	383
19	11	6	147	383	451
19	14	1	148	490	573
19	14	6	149	590	658
20	13	2	150	118	159
20	9	3	151	162	214
20	8	13	152	347	401
20	7	3	153	406	464
20	1	7	154	687	731
21	13	12	155	0	42
21	5	14	156	108	147
21	9	10	157	246	322
21	8	13	158	401	448
21	9	3	159	575	628
22	5	6	160	147	221
22	0	11	161	342	419
22	0	11	162	608	632
22	5	9	163	632	649
22	6	8	164	688	728
23	1	5	165	18	34
23	3	5	166	34	51
23	0	14	167	149	204
23	5	10	168	459	495
23	2	14	169	624	644
23	2	13	170	646	722
24	6	12	171	57	136
24	1	5	172	166	184
24	13	2	173	199	246
24	2	4	174	282	359
24	6	5	175	431	509
24	11	6	176	536	565
24	12	10	177	576	610
24	14	3	178	658	695
25	14	7	179	15	50
25	12	4	180	74	150
25	8	1	181	162	210
25	6	12	182	256	333
25	14	8	183	337	365
25	14	1	184	365	442
25	2	14	185	444	537
25	3	7	186	590	626
25	7	12	187	674	693
26	9	10	188	0	61
26	14	6	189	94	128
26	11	0	190	129	219
26	13	9	191	395	436
26	3	0	192	454	474
26	13	13	193	527	569
26	4	1	194	628	687
27	2	13	195	113	203
27	11	11	196	221	230
27	3	1	197	272	351
27	9	12	198	373	435
27	12	0	199	516	576
27	5	12	200	582	619
28	4	1	201	83	161
28	8	3	202	214	270
28	6	5	203	373	431
28	11	6	204	451	480
28	9	10	205	495	568
29	8	2	206	0	35
29	1	3	207	35	84
29	13	2	208	98	118
29	12	4	209	150	206
29	13	2	210	376	394
29	1	7	211	394	469
29	0	5	212	590	608
29	6	10	213	610	688
29	10	14	214	704	724


Solution History:
