This is the output of Heuristic Solver for Dual resource constrained flexible job shop Scheduling Problem.
Input file is: wfjsp19_4.txt
Method: FaFM_45_75_900
Seed: 4
Number of Jobs: 20
Number of Operations: 216
Number of Machines: 10
Number of Operators: 8
CPU Time: 407.997
obj: 1397
Best found lower bound:0
Solver gap (best found lower bound and upper bound difference): Not known


Final Solution:
Job	Machine	Operator	Operation	Start Time	Finish Time
0	2	1	0	29	103
0	6	7	1	143	202
0	7	1	2	291	358
0	9	0	3	470	532
0	7	3	4	550	640
0	9	6	5	705	736
0	0	4	6	813	863
0	0	1	7	863	876
0	3	1	8	890	939
0	5	2	9	960	983
0	7	1	10	992	1007
0	6	3	11	1098	1134
0	1	6	12	1137	1209
0	8	7	13	1253	1276
0	6	5	14	1317	1397
1	0	0	15	232	308
1	3	4	16	308	367
1	2	4	17	367	416
1	9	2	18	668	705
1	5	0	19	727	743
1	5	2	20	1074	1121
1	9	2	21	1271	1352
2	6	3	22	30	42
2	6	7	23	80	143
2	5	0	24	149	222
2	0	0	25	222	232
2	5	2	26	330	412
2	3	1	27	455	529
2	4	5	28	539	632
2	7	1	29	772	823
2	2	5	30	859	952
2	6	3	31	1028	1098
2	9	0	32	1098	1167
2	3	7	33	1206	1253
2	0	0	34	1253	1268
2	7	3	35	1301	1367
2	1	7	36	1367	1395
3	0	4	37	0	22
3	3	4	38	27	89
3	9	1	39	103	147
3	2	3	40	197	254
3	5	2	41	277	313
3	7	1	42	358	411
3	1	6	43	475	551
3	4	3	44	640	733
3	9	0	45	926	989
3	2	7	46	1042	1076
3	3	5	47	1101	1126
3	4	2	48	1169	1232
4	2	1	49	0	29
4	8	7	50	29	80
4	0	0	51	552	582
4	6	7	52	690	786
4	3	4	53	1126	1164
4	5	2	54	1255	1271
4	4	7	55	1330	1358
5	3	5	56	89	180
5	2	5	57	180	193
5	1	1	58	217	291
5	6	3	59	376	416
5	3	4	60	576	635
5	2	5	61	710	761
5	0	2	62	772	806
5	8	2	63	806	820
5	3	4	64	863	890
5	6	1	65	939	992
5	4	2	66	1011	1074
5	4	7	67	1076	1125
5	8	6	68	1285	1320
5	8	6	69	1320	1380
6	0	5	70	27	89
6	1	6	71	89	125
6	3	5	72	193	240
6	1	5	73	291	367
6	2	7	74	486	533
6	0	0	75	582	591
6	1	1	76	598	668
6	4	7	77	788	837
6	1	7	78	889	913
6	0	4	79	922	1001
6	1	5	80	1040	1101
6	9	0	81	1167	1222
6	6	3	82	1245	1301
6	5	1	83	1348	1381
7	4	2	84	137	221
7	6	6	85	309	330
7	1	6	86	551	580
7	8	2	87	628	668
7	6	6	88	868	935
7	2	4	89	1164	1211
7	9	2	90	1352	1376
8	3	5	91	0	27
8	4	2	92	68	137
8	9	2	93	221	277
8	8	0	94	308	350
8	9	0	95	421	470
8	3	1	96	668	735
8	1	6	97	736	803
8	7	2	98	823	862
8	1	0	99	914	926
8	0	4	100	1001	1051
8	1	0	101	1222	1253
8	0	0	102	1268	1299
8	2	4	103	1317	1365
8	0	0	104	1371	1388
9	5	0	105	0	73
9	5	0	106	73	149
9	8	7	107	202	249
9	6	6	108	330	376
9	6	3	109	416	486
9	6	1	110	529	598
9	5	4	111	635	684
9	7	2	112	705	772
9	9	0	113	843	914
9	7	6	114	935	946
9	1	6	115	946	1040
9	7	6	116	1089	1137
9	8	3	117	1137	1219
9	3	1	118	1253	1281
9	3	7	119	1281	1330
10	4	2	120	0	28
10	9	6	121	46	83
10	4	7	122	249	287
10	2	7	123	287	347
10	3	4	124	529	576
10	9	6	125	580	658
10	9	3	126	736	816
10	4	7	127	922	971
10	4	2	128	983	1011
10	0	5	129	1126	1213
10	7	6	130	1213	1285
11	0	4	131	164	216
11	7	5	132	240	286
11	5	2	133	313	330
11	3	1	134	411	455
11	7	6	135	658	698
11	0	1	136	736	770
11	4	7	137	837	889
11	3	3	138	945	996
11	8	6	139	1042	1059
11	8	3	140	1219	1245
12	0	4	141	89	135
12	8	7	142	350	445
12	2	7	143	445	486
12	8	3	144	486	550
12	2	5	145	632	710
12	4	5	146	761	788
12	2	5	147	952	1039
12	7	1	148	1075	1089
12	2	5	149	1213	1256
12	2	5	150	1267	1317
13	0	4	151	135	164
13	8	3	152	164	197
13	3	4	153	240	305
13	1	6	154	376	475
13	6	7	155	598	690
13	5	0	156	772	843
13	5	3	157	850	870
13	4	4	158	890	922
13	6	3	159	996	1028
13	5	1	160	1281	1348
14	2	3	161	111	162
14	4	3	162	296	368
14	2	1	163	1089	1160
14	0	4	164	1213	1239
14	1	5	165	1256	1267
14	7	3	166	1367	1395
15	9	6	167	0	46
15	7	3	168	46	111
15	5	2	169	412	491
15	2	5	170	788	859
15	8	2	171	862	960
15	8	6	172	1059	1082
15	5	1	173	1160	1253
16	9	1	174	147	217
16	6	6	175	217	309
16	4	5	176	368	394
16	9	0	177	407	421
16	4	4	178	421	459
16	7	5	179	470	516
16	7	5	180	516	539
16	0	0	181	591	667
16	6	3	182	816	850
16	5	3	183	870	945
16	8	7	184	971	1042
16	0	4	185	1051	1123
16	4	4	186	1239	1303
17	6	3	187	0	30
17	1	6	188	141	217
17	8	3	189	254	296
17	0	2	190	491	552
17	5	2	191	552	628
17	8	0	192	668	727
17	1	6	193	803	868
17	3	1	194	1007	1075
17	5	2	195	1121	1152
17	4	2	196	1152	1169
17	9	2	197	1232	1255
17	0	0	198	1299	1371
18	4	2	199	28	68
18	4	4	200	221	234
18	0	0	201	378	407
18	0	5	202	407	470
18	3	4	203	736	813
18	0	1	204	876	889
18	5	0	205	989	1061
18	9	0	206	1061	1091
18	6	7	207	1134	1206
19	1	7	208	0	27
19	7	6	209	125	141
19	0	0	210	350	378
19	4	4	211	459	523
19	2	7	212	533	598
19	0	4	213	684	736
19	5	0	214	743	772
19	3	1	215	823	858


Solution History:
