This is the output of Heuristic Solver for Dual resource constrained flexible job shop Scheduling Problem.
Input file is: wfjsp20_6.txt
Method: FaFM_45_75_900
Seed: 1
Number of Jobs: 25
Number of Operations: 201
Number of Machines: 10
Number of Operators: 8
CPU Time: 617.586
obj: 1392
Best found lower bound:0
Solver gap (best found lower bound and upper bound difference): Not known


Final Solution:
Job	Machine	Operator	Operation	Start Time	Finish Time
0	1	5	0	19	77
0	9	5	1	212	250
0	2	0	2	501	563
0	9	7	3	566	606
0	5	0	4	719	815
0	2	2	5	834	919
0	6	2	6	954	982
0	5	0	7	1247	1274
0	8	1	8	1304	1389
1	0	4	9	0	13
1	4	6	10	104	192
1	1	5	11	478	552
1	8	4	12	648	676
1	1	5	13	783	820
1	7	6	14	820	891
1	3	3	15	933	1018
1	0	5	16	1070	1154
2	8	1	17	89	173
2	8	5	18	186	212
2	6	0	19	310	361
2	3	5	20	419	478
2	9	5	21	919	958
2	9	4	22	987	1077
2	5	7	23	1122	1199
2	1	3	24	1272	1328
3	4	3	25	0	36
3	8	0	26	57	89
3	1	3	27	260	269
3	4	6	28	388	448
3	0	3	29	503	588
3	6	7	30	606	654
3	8	5	31	820	836
3	5	0	32	933	1021
3	4	3	33	1042	1123
3	2	7	34	1350	1390
4	9	4	35	113	190
4	1	0	36	269	310
4	8	1	37	342	366
4	1	0	38	366	452
4	0	4	39	736	774
4	6	1	40	794	843
4	7	2	41	1195	1240
4	5	4	42	1320	1382
5	7	1	43	173	257
5	0	3	44	269	358
5	6	0	45	452	501
5	4	3	46	673	758
5	6	1	47	758	794
5	1	4	48	918	960
5	4	6	49	1332	1345
6	3	1	50	0	82
6	5	7	51	159	187
6	6	3	52	361	375
6	6	3	53	375	419
6	8	5	54	554	646
6	6	2	55	662	671
6	6	1	56	843	924
6	8	2	57	1071	1135
6	3	7	58	1200	1266
6	2	7	59	1266	1314
7	2	2	60	304	392
7	6	2	61	528	538
7	2	0	62	563	651
7	6	2	63	671	723
7	4	7	64	1013	1033
7	9	4	65	1104	1130
7	6	0	66	1162	1247
8	1	4	67	323	362
8	5	7	68	476	566
8	3	2	69	769	834
8	1	5	70	960	975
8	2	7	71	1314	1350
8	7	6	72	1350	1388
9	7	2	73	23	111
9	5	4	74	286	323
9	9	7	75	423	467
9	9	7	76	467	476
9	7	6	77	679	701
9	1	4	78	828	918
9	0	1	79	924	1022
9	1	3	80	1261	1272
10	0	4	81	190	215
10	6	2	82	295	304
10	3	1	83	663	752
10	5	0	84	815	834
10	9	5	85	836	919
10	2	7	86	1033	1122
10	2	3	87	1209	1261
10	8	5	88	1278	1300
10	1	3	89	1328	1360
11	2	3	90	88	172
11	2	6	91	283	301
11	9	6	92	340	359
11	7	4	93	549	588
11	7	6	94	623	679
11	2	2	95	1152	1195
12	9	5	96	250	340
12	7	4	97	455	549
12	3	1	98	635	663
12	1	5	99	663	725
12	0	4	100	774	828
12	5	0	101	834	844
12	8	0	102	844	882
12	4	3	103	884	933
12	8	0	104	1021	1036
12	8	0	105	1036	1069
13	9	6	106	0	19
13	5	7	107	31	72
13	2	0	108	174	264
13	4	6	109	301	338
13	0	6	110	359	388
13	0	3	111	419	503
13	9	4	112	1077	1104
13	3	0	113	1340	1392
14	5	4	114	215	286
14	4	6	115	448	535
14	1	2	116	578	662
14	8	2	117	738	769
14	8	4	118	960	975
14	4	4	119	975	987
14	3	3	120	1018	1042
14	0	1	121	1219	1304
15	1	5	122	126	143
15	0	5	123	143	172
15	6	7	124	187	270
15	5	4	125	588	648
15	7	6	126	766	811
15	4	3	127	1123	1209
15	4	4	128	1223	1268
16	8	5	129	173	186
16	8	2	130	218	295
16	4	5	131	340	358
16	8	1	132	390	441
16	5	0	133	668	719
16	8	2	134	723	738
16	8	2	135	919	954
16	6	6	136	1261	1332
16	9	2	137	1332	1380
17	6	0	138	0	54
17	0	4	139	57	113
17	7	4	140	362	455
17	0	3	141	588	673
17	9	7	142	743	831
17	5	3	143	847	884
17	6	6	144	1031	1090
17	8	4	145	1135	1223
18	3	5	146	358	419
18	8	1	147	441	477
18	4	6	148	535	623
18	1	5	149	725	783
18	7	2	150	982	1071
19	1	5	151	0	19
19	8	4	152	19	57
19	6	0	153	89	174
19	3	2	154	177	218
19	5	7	155	356	423
19	0	4	156	676	736
19	2	7	157	924	1013
19	5	1	158	1022	1111
19	3	1	159	1111	1200
20	2	2	160	0	23
20	9	6	161	31	104
20	3	2	162	111	177
20	8	1	163	477	554
20	4	5	164	646	662
20	7	6	165	701	766
20	1	0	166	1070	1162
20	1	6	167	1172	1261
20	4	4	168	1268	1320
20	4	3	169	1360	1388
21	4	3	170	36	88
21	3	7	171	270	297
21	6	2	172	538	578
21	7	6	173	1090	1172
21	9	5	174	1194	1278
21	0	5	175	1304	1389
22	5	7	176	72	159
22	1	3	177	172	260
22	3	7	178	297	356
22	2	2	179	392	474
22	5	0	180	651	668
22	9	7	181	723	743
22	7	6	182	891	979
22	1	5	183	979	1070
22	9	5	184	1154	1194
22	3	0	185	1274	1340
23	9	7	186	19	31
23	4	6	187	192	283
23	8	1	188	366	390
23	0	7	189	831	924
23	6	6	190	982	1031
23	7	2	191	1240	1331
24	1	5	192	77	126
24	7	1	193	257	342
24	9	2	194	476	528
24	3	1	195	554	635
24	2	7	196	654	723
24	4	3	197	758	847
24	5	0	198	884	933
24	6	2	199	1135	1152
24	5	1	200	1200	1219


Solution History:
