This is the output of Heuristic Solver for Dual resource constrained flexible job shop Scheduling Problem.
Input file is: wfjsp20_6.txt
Method: FaFM_45_75_900
Seed: 2
Number of Jobs: 25
Number of Operations: 201
Number of Machines: 10
Number of Operators: 8
CPU Time: 494.542
obj: 1392
Best found lower bound:0
Solver gap (best found lower bound and upper bound difference): Not known


Final Solution:
Job	Machine	Operator	Operation	Start Time	Finish Time
0	1	5	0	58	116
0	4	5	1	215	254
0	2	7	2	335	401
0	3	0	3	484	526
0	7	3	4	526	616
0	5	1	5	916	1001
0	6	2	6	1086	1114
0	0	1	7	1269	1297
0	9	0	8	1300	1386
1	0	1	9	166	180
1	0	3	10	186	275
1	8	0	11	336	403
1	7	2	12	454	486
1	1	3	13	489	525
1	7	0	14	730	797
1	0	4	15	825	923
1	7	4	16	1170	1243
2	8	1	17	0	84
2	7	1	18	180	208
2	3	2	19	265	313
2	3	2	20	313	366
2	2	4	21	612	651
2	6	1	22	729	811
2	5	2	23	1180	1251
2	1	6	24	1334	1390
3	4	3	25	0	36
3	8	4	26	143	174
3	4	5	27	193	202
3	4	6	28	525	585
3	0	7	29	636	722
3	8	0	30	806	854
3	9	6	31	854	867
3	6	7	32	1131	1223
3	4	6	33	1229	1306
3	8	4	34	1331	1367
4	1	5	35	116	193
4	4	5	36	254	291
4	8	5	37	291	314
4	8	5	38	546	631
4	9	6	39	817	854
4	5	2	40	1131	1180
4	2	3	41	1218	1264
4	5	2	42	1267	1333
5	7	2	43	88	172
5	8	5	44	403	488
5	6	1	45	681	729
5	8	5	46	854	943
5	8	0	47	1101	1137
5	1	5	48	1223	1273
5	4	4	49	1367	1379
6	3	0	50	160	249
6	2	7	51	305	335
6	0	4	52	432	443
6	6	2	53	486	532
6	7	6	54	623	711
6	4	6	55	728	740
6	7	1	56	811	893
6	6	3	57	893	959
6	3	5	58	995	1052
6	6	2	59	1345	1392
7	2	2	60	0	88
7	1	5	61	202	215
7	7	1	62	340	435
7	4	6	63	466	525
7	6	1	64	660	681
7	3	0	65	702	730
7	1	6	66	867	953
8	8	5	67	488	529
8	2	4	68	651	739
8	3	5	69	786	847
8	1	5	70	1142	1157
8	1	5	71	1190	1223
8	6	3	72	1296	1335
9	9	4	73	249	333
9	0	4	74	443	481
9	9	0	75	579	623
9	8	0	76	797	806
9	7	1	77	893	916
9	5	4	78	1016	1103
9	3	0	79	1142	1239
9	6	2	80	1335	1345
10	0	7	81	0	24
10	6	7	82	24	35
10	3	0	83	70	160
10	5	7	84	401	421
10	4	3	85	616	691
10	2	0	86	854	943
10	2	0	87	943	996
10	8	1	88	1001	1024
10	1	5	89	1157	1190
11	8	2	90	174	265
11	7	1	91	322	340
11	7	2	92	937	953
11	4	7	93	996	1037
11	0	1	94	1102	1153
11	5	3	95	1335	1378
12	9	2	96	366	454
12	5	1	97	487	576
12	8	5	98	631	657
12	9	5	99	657	724
12	1	3	100	786	846
12	4	5	101	943	956
12	8	5	102	956	995
12	8	2	103	1038	1086
12	8	0	104	1086	1101
12	2	3	105	1264	1296
13	9	5	106	38	58
13	8	3	107	92	134
13	9	7	108	480	571
13	1	6	109	585	623
13	8	3	110	691	721
13	2	4	111	739	825
13	4	2	112	911	937
13	9	0	113	1239	1300
14	5	4	114	0	71
14	4	3	115	295	376
14	1	6	116	381	466
14	0	4	117	481	514
14	0	5	118	529	546
14	2	4	119	1103	1117
14	8	1	120	1153	1176
14	0	1	121	1297	1382
15	1	0	122	0	17
15	0	7	123	279	305
15	6	2	124	532	609
15	5	2	125	668	732
15	3	3	126	847	888
15	4	7	127	1037	1128
15	8	3	128	1176	1218
16	3	5	129	0	11
16	2	6	130	118	195
16	5	3	131	275	295
16	3	0	132	526	579
16	4	6	133	740	796
16	6	2	134	819	836
16	4	3	135	959	996
16	0	1	136	1024	1102
16	9	4	137	1117	1165
17	0	7	138	35	94
17	0	7	139	94	150
17	2	6	140	195	288
17	0	5	141	314	401
17	9	7	142	905	993
17	2	6	143	1138	1171
17	9	6	144	1171	1229
17	8	4	145	1243	1331
18	7	6	146	0	79
18	4	6	147	79	118
18	2	3	148	402	489
18	1	5	149	728	786
18	6	3	150	996	1080
19	1	3	151	36	54
19	6	3	152	54	92
19	9	7	153	150	238
19	6	7	154	238	279
19	5	4	155	333	391
19	0	7	156	571	636
19	5	2	157	732	819
19	7	6	158	953	1047
19	7	3	159	1080	1170
20	9	5	160	11	38
20	9	4	161	71	143
20	5	4	162	174	249
20	6	0	163	403	484
20	4	4	164	598	612
20	5	2	165	612	668
20	1	2	166	953	1038
20	3	5	167	1052	1142
20	6	7	168	1223	1279
20	4	6	169	1306	1334
21	4	3	170	134	186
21	5	1	171	295	322
21	4	4	172	391	432
21	1	0	173	623	702
21	5	2	174	836	911
21	2	7	175	1296	1384
22	5	1	176	84	166
22	6	6	177	288	381
22	3	7	178	421	480
22	2	4	179	514	598
22	1	6	180	711	728
22	9	6	181	796	817
22	2	0	182	996	1085
22	0	1	183	1176	1269
22	1	5	184	1273	1322
22	3	5	185	1322	1383
23	9	0	186	59	70
23	7	1	187	208	292
23	3	3	188	376	402
23	0	7	189	722	815
23	0	4	190	972	1016
23	1	6	191	1047	1138
24	3	0	192	17	59
24	1	0	193	249	336
24	5	1	194	435	487
24	3	1	195	579	660
24	8	3	196	721	786
24	4	7	197	815	905
24	0	4	198	923	972
24	6	2	199	1114	1131
24	3	2	200	1251	1267


Solution History:
