This is the output of Heuristic Solver for Dual resource constrained flexible job shop Scheduling Problem.
Input file is: wfjsp9_1.txt
Method: FaFM_45_75_900
Seed: 3
Number of Jobs: 15
Number of Operations: 136
Number of Machines: 5
Number of Operators: 5
CPU Time: 342.886
obj: 1339
Best found lower bound:0
Solver gap (best found lower bound and upper bound difference): Not known


Final Solution:
Job	Machine	Operator	Operation	Start Time	Finish Time
0	1	4	0	53	131
0	4	0	1	191	214
0	1	4	2	365	411
0	1	1	3	514	613
0	4	4	4	693	770
0	1	1	5	1000	1065
0	3	1	6	1109	1186
0	4	0	7	1269	1296
1	4	0	8	69	111
1	3	2	9	263	298
1	4	3	10	326	336
1	0	1	11	446	464
1	2	0	12	595	609
1	1	1	13	710	753
1	1	1	14	853	929
1	0	3	15	1037	1084
1	1	0	16	1248	1269
2	1	4	17	0	8
2	3	2	18	8	70
2	4	0	19	214	266
2	1	4	20	411	514
2	2	0	21	684	778
2	3	2	22	801	848
2	4	4	23	987	1058
2	4	4	24	1058	1072
2	3	0	25	1074	1109
2	2	2	26	1271	1293
3	2	0	27	0	21
3	1	4	28	131	188
3	2	0	29	347	428
3	4	3	30	433	474
3	0	3	31	723	779
3	4	4	32	807	912
3	1	1	33	1065	1108
3	0	3	34	1218	1231
3	2	2	35	1293	1339
4	4	3	36	0	30
4	3	2	37	70	103
4	1	4	38	291	365
4	0	3	39	510	566
4	4	4	40	660	693
4	0	3	41	916	1014
4	3	0	42	1051	1074
4	4	4	43	1117	1181
4	4	4	44	1181	1192
4	1	4	45	1269	1281
5	3	2	46	103	179
5	2	1	47	186	198
5	2	1	48	198	208
5	4	3	49	376	414
5	0	3	50	648	723
5	1	1	51	983	1000
5	0	3	52	1145	1201
5	2	2	53	1207	1271
5	4	0	54	1296	1338
6	2	1	55	22	62
6	2	1	56	208	321
6	3	1	57	401	445
6	0	3	58	779	878
6	3	2	59	918	988
6	0	3	60	1014	1037
6	1	0	61	1193	1248
6	1	4	62	1319	1339
7	0	3	63	30	78
7	0	2	64	307	402
7	4	3	65	474	508
7	2	0	66	534	555
7	1	1	67	613	659
7	1	1	68	929	983
7	2	2	69	1063	1137
7	1	4	70	1281	1319
8	0	1	71	0	22
8	4	0	72	30	69
8	3	2	73	179	217
8	3	1	74	321	361
8	0	2	75	402	446
8	2	2	76	609	684
8	4	4	77	912	987
8	2	2	78	988	1063
8	0	3	79	1231	1333
9	0	3	80	162	238
9	4	3	81	336	376
9	3	2	82	446	461
9	2	0	83	555	575
9	3	0	84	632	641
9	3	2	85	684	759
9	3	2	86	759	801
9	2	2	87	1137	1169
9	0	3	88	1201	1218
10	2	1	89	62	98
10	2	1	90	133	186
10	3	2	91	250	263
10	0	1	92	464	510
10	3	2	93	532	608
10	3	0	94	641	661
10	3	0	95	661	680
10	3	2	96	848	918
10	3	0	97	1042	1051
10	1	0	98	1109	1193
11	0	3	99	78	162
11	0	3	100	238	295
11	3	1	101	361	401
11	4	4	102	514	613
11	2	0	103	778	862
11	0	3	104	878	916
11	0	3	105	1084	1145
11	2	2	106	1169	1188
11	3	1	107	1188	1226
11	3	1	108	1226	1241
12	4	0	109	111	191
12	4	0	110	266	326
12	3	2	111	461	532
12	2	0	112	575	595
12	4	4	113	613	634
12	1	1	114	753	835
12	2	2	115	1188	1207
12	3	1	116	1241	1338
13	1	4	117	188	291
13	0	3	118	295	307
13	2	0	119	326	347
13	4	3	120	414	433
13	0	3	121	566	648
13	1	1	122	659	710
13	2	0	123	862	941
13	3	0	124	988	1042
13	4	4	125	1072	1117
14	1	4	126	8	53
14	2	1	127	98	133
14	3	2	128	217	250
14	2	0	129	428	534
14	3	0	130	609	632
14	4	4	131	634	660
14	4	4	132	770	807
14	1	1	133	835	853
14	2	0	134	941	988
14	4	4	135	1192	1268


Solution History:
