This is the output of Heuristic Solver for Dual resource constrained flexible job shop Scheduling Problem.
Input file is: wfjsp12_6.txt
Method: FaFM_45_75_900
Seed: 1
Number of Jobs: 25
Number of Operations: 201
Number of Machines: 10
Number of Operators: 10
CPU Time: 649.511
obj: 1138
Best found lower bound:0
Solver gap (best found lower bound and upper bound difference): Not known


Final Solution:
Job	Machine	Operator	Operation	Start Time	Finish Time
0	1	8	0	0	58
0	9	7	1	187	225
0	7	0	2	225	292
0	9	2	3	357	396
0	5	9	4	588	682
0	3	2	5	721	809
0	6	1	6	809	837
0	2	6	7	890	916
0	6	1	8	999	1085
1	1	3	9	58	74
1	0	4	10	111	202
1	1	5	11	347	420
1	7	0	12	489	523
1	1	5	13	645	681
1	7	0	14	681	748
1	3	2	15	945	1028
1	7	8	16	1060	1138
2	5	7	17	100	187
2	8	8	18	187	213
2	3	9	19	264	317
2	0	1	20	371	426
2	9	7	21	580	619
2	9	7	22	619	705
2	4	8	23	740	822
2	1	9	24	1072	1128
3	4	4	25	17	59
3	8	0	26	59	91
3	7	0	27	185	194
3	8	6	28	213	275
3	7	0	29	404	489
3	8	4	30	646	691
3	9	3	31	705	717
3	3	2	32	831	919
3	4	6	33	919	996
3	8	0	34	1049	1086
4	9	8	35	106	184
4	1	5	36	214	254
4	5	8	37	380	405
4	1	5	38	420	505
4	0	3	39	599	637
4	6	1	40	711	760
4	2	4	41	916	962
4	5	5	42	1047	1113
5	8	0	43	91	185
5	0	7	44	276	371
5	7	4	45	781	829
5	8	4	46	829	915
5	6	1	47	963	999
5	9	7	48	1030	1072
5	3	6	49	1122	1138
6	3	2	50	43	125
6	7	0	51	194	224
6	0	7	52	225	237
6	9	8	53	237	296
6	8	6	54	443	536
6	0	3	55	589	599
6	6	1	56	630	711
6	2	6	57	740	801
6	0	7	58	835	893
6	0	3	59	1039	1085
7	5	2	60	214	305
7	0	3	61	430	441
7	0	3	62	441	529
7	6	1	63	578	630
7	4	8	64	631	651
7	3	2	65	694	721
7	5	5	66	911	1002
8	1	3	67	74	115
8	5	2	68	424	509
8	0	3	69	637	703
8	0	7	70	705	719
8	7	0	71	748	780
8	6	1	72	1085	1126
9	7	5	73	96	184
9	0	7	74	237	276
9	6	3	75	386	430
9	5	2	76	509	518
9	7	0	77	523	547
9	1	9	78	835	928
9	1	9	79	982	1072
9	2	2	80	1122	1135
10	0	9	81	0	24
10	6	9	82	24	35
10	3	2	83	125	214
10	5	8	84	405	424
10	9	8	85	485	572
10	3	2	86	606	694
10	5	5	87	778	829
10	8	0	88	915	939
10	2	4	89	1057	1089
11	8	6	90	275	372
11	7	0	91	387	404
11	9	2	92	404	424
11	7	0	93	547	587
11	5	5	94	862	911
11	5	5	95	1002	1047
12	4	1	96	111	199
12	7	0	97	292	387
12	4	4	98	387	414
12	9	8	99	424	485
12	6	1	100	525	578
12	5	5	101	682	691
12	8	0	102	781	819
12	7	8	103	829	882
12	8	0	104	1034	1049
12	2	6	105	1089	1122
13	9	1	106	11	30
13	5	8	107	58	100
13	1	5	108	254	347
13	4	4	109	490	526
13	1	5	110	595	623
13	0	9	111	749	834
13	3	2	112	919	945
13	0	3	113	1085	1137
14	0	7	114	24	99
14	2	4	115	289	383
14	6	1	116	430	525
14	8	6	117	611	643
14	0	7	118	719	735
14	0	7	119	735	747
14	3	2	120	809	831
14	2	4	121	962	1057
15	6	3	122	0	17
15	5	2	123	17	43
15	6	3	124	309	386
15	5	9	125	519	588
15	9	3	126	945	990
15	4	6	127	996	1088
15	8	0	128	1088	1133
16	5	2	129	0	9
16	2	6	130	119	196
16	0	3	131	202	219
16	3	9	132	376	433
16	4	4	133	526	576
16	4	8	134	576	594
16	4	8	135	594	631
16	6	1	136	837	912
16	1	9	137	928	982
17	8	6	138	0	58
17	2	6	139	58	119
17	2	4	140	202	289
17	7	0	141	587	678
17	8	4	142	691	781
17	5	5	143	829	862
17	9	3	144	883	945
17	8	0	145	945	1034
18	7	5	146	23	96
18	4	1	147	325	366
18	2	7	148	494	580
18	1	9	149	682	749
18	7	8	150	882	970
19	4	4	151	0	17
19	2	3	152	17	58
19	6	9	153	123	222
19	3	9	154	222	264
19	8	6	155	372	443
19	0	3	156	529	589
19	5	5	157	691	778
19	9	3	158	793	883
19	3	2	159	1028	1117
20	7	5	160	0	23
20	9	1	161	30	106
20	5	8	162	305	380
20	4	4	163	414	490
20	8	6	164	536	552
20	2	4	165	580	646
20	4	8	166	651	740
20	1	7	167	749	835
20	6	1	168	912	963
20	4	4	169	1105	1133
21	4	4	170	59	111
21	5	5	171	187	214
21	4	1	172	284	325
21	1	5	173	505	580
21	9	3	174	717	793
21	2	6	175	801	890
22	6	9	176	35	123
22	6	3	177	222	309
22	3	9	178	317	376
22	2	7	179	407	494
22	1	5	180	580	595
22	1	5	181	623	645
22	2	6	182	646	740
22	0	7	183	893	985
22	9	7	184	990	1030
22	9	7	185	1072	1138
23	9	1	186	0	11
23	4	1	187	199	284
23	2	7	188	383	407
23	3	2	189	519	606
23	6	1	190	760	803
23	7	8	191	970	1060
24	3	0	192	0	42
24	1	3	193	115	201
24	9	2	194	305	357
24	3	9	195	433	519
24	8	6	196	552	611
24	4	0	197	822	912
24	0	3	198	990	1039
24	4	4	199	1089	1105
24	5	5	200	1113	1130


Solution History:
