This is the output of Heuristic Solver for Dual resource constrained flexible job shop Scheduling Problem.
Input file is: wfjsp9_5.txt
Method: FaFM_45_75_900
Seed: 2
Number of Jobs: 15
Number of Operations: 130
Number of Machines: 5
Number of Operators: 5
CPU Time: 233.622
obj: 1260
Best found lower bound:0
Solver gap (best found lower bound and upper bound difference): Not known


Final Solution:
Job	Machine	Operator	Operation	Start Time	Finish Time
0	2	2	0	0	14
0	2	3	1	96	138
0	1	3	2	138	225
0	3	2	3	416	486
0	0	1	4	589	654
0	3	2	5	708	750
0	3	2	6	819	883
0	4	1	7	1068	1107
0	4	1	8	1107	1151
0	1	4	9	1223	1258
1	4	1	10	41	72
1	2	0	11	224	295
1	4	4	12	444	465
1	3	2	13	557	570
1	2	0	14	634	702
1	4	1	15	1004	1068
1	2	3	16	1084	1093
1	1	4	17	1115	1160
2	4	1	18	72	140
2	1	3	19	263	302
2	1	3	20	302	330
2	2	0	21	516	553
2	1	3	22	688	718
2	0	1	23	762	792
2	0	1	24	913	1004
2	0	0	25	1212	1255
3	0	0	26	36	77
3	3	2	27	96	119
3	4	4	28	220	228
3	0	1	29	258	303
3	0	1	30	480	566
3	2	2	31	750	819
3	3	2	32	883	947
3	2	3	33	990	1076
4	4	4	34	140	220
4	1	3	35	225	263
4	3	2	36	317	330
4	0	1	37	389	440
4	2	0	38	553	634
4	1	4	39	856	931
4	1	4	40	1051	1115
4	1	4	41	1192	1223
5	0	0	42	77	145
5	2	0	43	145	181
5	4	4	44	294	311
5	1	3	45	371	435
5	1	3	46	606	688
5	4	3	47	820	903
5	0	0	48	1128	1170
5	2	3	49	1177	1258
6	2	2	50	14	92
6	1	4	51	127	136
6	4	4	52	311	346
6	2	0	53	379	468
6	4	4	54	468	500
6	0	1	55	654	742
6	0	1	56	742	762
6	1	4	57	931	966
6	3	2	58	1147	1233
7	3	2	59	119	132
7	0	1	60	154	180
7	4	4	61	228	294
7	2	0	62	295	311
7	0	1	63	440	480
7	4	4	64	614	646
7	0	1	65	792	879
7	3	2	66	1030	1108
8	0	0	67	0	36
8	1	4	68	70	111
8	1	4	69	111	127
8	4	4	70	346	430
8	3	2	71	570	652
8	3	0	72	750	791
8	0	1	73	879	913
8	0	0	74	1004	1019
8	2	3	75	1093	1177
8	0	0	76	1180	1212
9	3	3	77	39	87
9	2	0	78	311	379
9	1	3	79	524	606
9	3	0	80	791	819
9	2	0	81	819	889
9	0	0	82	1019	1070
9	0	0	83	1070	1081
9	4	1	84	1151	1178
9	4	1	85	1178	1186
10	3	3	86	87	96
10	3	2	87	151	237
10	1	3	88	435	524
10	2	0	89	702	750
10	4	4	90	780	808
10	4	3	91	903	988
10	0	0	92	1081	1128
10	0	0	93	1170	1180
11	4	1	94	0	41
11	3	2	95	237	317
11	1	3	96	330	371
11	2	0	97	468	516
11	0	1	98	566	589
11	3	2	99	667	708
11	1	3	100	718	789
11	4	4	101	808	819
11	2	0	102	923	990
11	4	1	103	1186	1255
12	1	4	104	0	70
12	2	0	105	181	224
12	3	2	106	330	416
12	4	4	107	532	614
12	2	0	108	889	923
12	1	4	109	966	1051
12	3	2	110	1108	1147
12	1	4	111	1160	1192
13	3	3	112	0	39
13	0	1	113	145	154
13	0	1	114	303	389
13	3	2	115	486	513
13	3	2	116	513	536
13	3	2	117	652	667
13	4	4	118	713	780
13	1	3	119	789	820
13	1	4	120	820	856
13	3	2	121	1233	1260
14	3	2	122	132	151
14	0	1	123	180	258
14	4	4	124	430	444
14	4	4	125	500	532
14	3	2	126	536	557
14	4	4	127	646	713
14	3	2	128	947	1030
14	2	3	129	1076	1084


Solution History:
