This is the output of Heuristic Solver for Dual resource constrained flexible job shop Scheduling Problem.
Input file is: wfjsp16_6.txt
Method: FaFM_45_75_900
Seed: 4
Number of Jobs: 40
Number of Operations: 314
Number of Machines: 15
Number of Operators: 15
CPU Time: 1384.06
obj: 1214
Best found lower bound:0
Solver gap (best found lower bound and upper bound difference): Not known


Final Solution:
Job	Machine	Operator	Operation	Start Time	Finish Time
0	3	9	0	0	58
0	13	3	1	106	149
0	13	10	2	312	368
0	3	7	3	499	538
0	2	13	4	540	628
0	13	8	5	668	756
0	1	0	6	899	929
0	1	12	7	962	991
0	10	2	8	1055	1140
1	1	12	9	0	12
1	3	1	10	153	242
1	2	13	11	389	459
1	7	12	12	506	537
1	3	11	13	580	615
1	5	7	14	668	723
1	5	0	15	723	808
1	4	4	16	947	1023
2	8	1	17	65	149
2	2	8	18	223	249
2	9	4	19	354	399
2	14	5	20	515	574
2	0	6	21	672	712
2	11	9	22	858	944
2	7	14	23	1004	1072
2	2	3	24	1072	1128
3	13	8	25	40	76
3	13	8	26	76	106
3	1	0	27	139	148
3	13	10	28	239	299
3	13	10	29	396	486
3	5	8	30	617	662
3	4	5	31	786	801
3	8	11	32	837	917
3	11	9	33	1033	1113
3	6	1	34	1128	1168
4	10	12	35	12	79
4	8	11	36	253	292
4	11	5	37	310	334
4	0	6	38	579	672
4	11	8	39	760	799
4	5	3	40	893	942
4	12	7	41	1018	1061
4	2	3	42	1128	1194
5	13	10	43	149	239
5	4	7	44	388	477
5	9	14	45	504	559
5	13	9	46	768	853
5	1	12	47	991	1022
5	4	4	48	1023	1068
5	10	2	49	1140	1154
6	12	4	50	95	177
6	11	5	51	209	238
6	3	9	52	243	255
6	0	6	53	300	345
6	10	1	54	389	476
6	1	0	55	497	508
6	0	2	56	835	923
6	5	13	57	1022	1083
6	0	4	58	1085	1147
6	1	12	59	1169	1214
7	4	7	60	178	268
7	13	10	61	299	312
7	1	2	62	345	433
7	7	4	63	544	596
7	2	2	64	966	987
7	5	6	65	994	1022
7	7	14	66	1120	1203
8	6	4	67	55	95
8	14	0	68	308	400
8	10	5	69	574	637
8	9	13	70	668	681
8	6	4	71	911	944
8	11	10	72	1175	1211
9	8	11	73	166	253
9	4	4	74	317	353
9	1	2	75	433	477
9	6	7	76	556	567
9	1	2	77	725	748
9	2	10	78	811	907
9	13	8	79	948	1037
9	1	12	80	1091	1101
10	1	0	81	12	38
10	8	5	82	157	166
10	14	0	83	218	308
10	7	12	84	461	477
10	0	6	85	504	579
10	3	11	86	615	711
10	5	0	87	942	994
10	12	7	88	1061	1088
10	10	2	89	1154	1186
11	12	7	90	268	353
11	11	14	91	484	502
11	3	11	92	538	555
11	0	6	93	797	835
11	7	14	94	1072	1120
11	3	13	95	1163	1205
12	14	13	96	55	141
12	8	11	97	380	467
12	6	4	98	517	544
12	11	10	99	697	760
12	8	2	100	777	830
12	7	14	101	863	874
12	14	12	102	890	925
12	0	3	103	991	1040
12	10	2	104	1040	1055
12	0	4	105	1147	1179
13	1	0	106	38	61
13	12	11	107	61	95
13	8	2	108	477	570
13	8	9	109	637	671
13	2	2	110	748	777
13	8	11	111	917	1000
13	5	13	112	1083	1108
13	5	11	113	1142	1202
14	1	0	114	61	139
14	5	8	115	249	342
14	14	12	116	574	663
14	8	9	117	739	768
14	9	6	118	837	851
14	9	8	119	858	869
14	3	7	120	875	899
14	4	5	121	1068	1153
15	0	13	122	0	15
15	14	0	123	148	175
15	2	1	124	249	338
15	13	10	125	486	545
15	12	7	126	976	1018
15	9	6	127	1022	1108
15	9	6	128	1108	1152
16	10	1	129	0	9
16	10	12	130	144	211
16	11	5	131	238	257
16	1	2	132	293	345
16	1	13	133	748	798
16	2	10	134	907	923
16	9	13	135	987	1017
16	1	12	136	1022	1091
16	9	6	137	1152	1200
17	7	2	138	14	68
17	10	12	139	79	144
17	6	13	140	287	373
17	13	9	141	546	632
17	14	12	142	730	819
17	13	6	143	853	886
17	13	8	144	886	948
17	14	10	145	997	1091
18	6	13	146	141	203
18	10	12	147	283	317
18	3	9	148	412	499
18	7	4	149	631	693
18	4	3	150	696	778
19	13	8	151	0	17
19	0	6	152	22	61
19	12	4	153	177	260
19	0	6	154	345	384
19	6	6	155	384	441
19	11	10	156	546	603
19	11	10	157	603	697
19	5	0	158	808	893
19	9	6	159	893	987
20	13	8	160	17	40
20	7	2	161	68	149
20	0	6	162	232	300
20	10	12	163	317	389
20	14	5	164	500	515
20	12	14	165	559	616
20	12	14	166	616	700
20	3	7	167	747	833
20	1	13	168	848	899
20	0	3	169	1040	1069
21	9	14	170	0	51
21	6	8	171	106	135
21	14	0	172	175	218
21	12	8	173	435	512
21	9	13	174	681	747
21	8	11	175	1000	1082
22	0	6	176	61	145
22	5	3	177	149	237
22	11	5	178	257	310
22	2	13	179	459	540
22	12	7	180	540	556
22	3	11	181	556	580
22	1	0	182	598	687
22	4	5	183	801	888
22	2	2	184	923	966
22	11	10	185	1113	1175
23	12	11	186	38	48
23	7	9	187	153	243
23	3	9	188	388	412
23	2	2	189	637	725
23	2	5	190	1023	1064
23	8	9	191	1113	1203
24	8	1	192	22	65
24	9	14	193	178	270
24	7	3	194	327	380
24	6	1	195	567	648
24	10	5	196	727	786
24	12	3	197	786	886
24	0	3	198	942	991
24	0	4	199	1069	1085
24	3	11	200	1125	1141
25	12	7	201	0	38
25	5	7	202	38	132
25	9	7	203	604	668
25	7	14	204	960	1004
25	1	12	205	1101	1169
26	4	14	206	90	178
26	4	7	207	353	388
26	7	12	208	477	506
26	7	4	209	596	607
26	1	0	210	687	720
26	2	7	211	725	747
26	2	10	212	777	811
26	6	1	213	868	911
26	12	7	214	911	976
27	4	3	215	0	89
27	2	1	216	338	389
27	7	12	217	389	461
27	9	6	218	461	504
27	1	0	219	508	598
27	14	12	220	663	730
27	13	8	221	1114	1203
28	6	4	222	0	55
28	6	13	223	229	287
28	0	3	224	384	472
28	9	7	225	567	604
28	7	4	226	607	631
28	6	1	227	944	997
28	12	7	228	1088	1174
29	14	13	229	17	55
29	0	6	230	145	232
29	4	4	231	268	317
29	12	14	232	354	423
29	10	1	233	476	560
29	6	1	234	686	782
29	7	14	235	782	821
29	10	4	236	824	907
29	4	5	237	1153	1198
30	11	5	238	118	157
30	10	12	239	211	283
30	4	3	240	477	563
30	6	1	241	782	868
30	3	13	242	899	986
30	3	1	243	1205	1214
31	2	10	244	70	138
31	1	2	245	198	293
31	14	0	246	400	497
31	13	13	247	632	668
31	12	14	248	700	781
31	3	7	249	833	875
31	10	5	250	947	1007
31	8	11	251	1082	1112
31	14	0	252	1125	1210
32	14	5	253	0	17
32	3	9	254	58	153
32	6	4	255	442	517
32	8	2	256	570	619
32	7	14	257	821	863
32	10	1	258	911	937
32	14	10	259	937	997
32	3	0	260	1079	1125
32	12	7	261	1174	1214
33	8	6	262	0	22
33	11	5	263	166	209
33	7	3	264	243	327
33	13	10	265	368	396
33	11	9	266	502	546
33	0	6	267	712	797
33	11	8	268	799	858
33	7	14	269	874	960
33	13	8	270	1037	1114
34	2	10	271	0	70
34	2	8	272	138	223
34	5	5	273	342	407
34	5	5	274	407	500
34	5	11	275	500	530
34	10	5	276	637	727
34	14	12	277	819	890
34	11	9	278	944	1033
34	5	13	279	1108	1142
34	6	1	280	1168	1202
35	6	13	281	203	229
35	3	9	282	255	328
35	4	3	283	651	696
35	1	13	284	798	848
35	3	13	285	1142	1163
36	11	5	286	34	118
36	11	8	287	342	435
36	0	11	288	472	497
36	4	5	289	888	947
36	6	1	290	997	1085
37	1	2	291	149	198
37	3	9	292	328	388
37	9	4	293	399	442
37	8	2	294	619	637
37	6	1	295	648	686
37	7	4	296	693	780
37	2	2	297	987	1023
37	6	1	298	1085	1128
38	9	14	299	51	90
38	9	11	300	95	166
38	9	14	301	270	354
38	11	14	302	435	484
38	4	3	303	563	651
38	8	9	304	671	739
38	9	11	305	747	837
38	1	12	306	929	962
38	3	0	307	994	1079
39	7	2	308	0	14
39	11	11	309	14	34
39	8	11	310	292	380
39	5	8	311	530	617
39	3	11	312	711	746
39	10	4	313	786	824


Solution History:
