This is the output of Heuristic Solver for Dual resource constrained flexible job shop Scheduling Problem.
Input file is: wfjsp13_5.txt
Method: FaFM_45_75_900
Seed: 4
Number of Jobs: 25
Number of Operations: 244
Number of Machines: 15
Number of Operators: 15
CPU Time: 686.295
obj: 825
Best found lower bound:0
Solver gap (best found lower bound and upper bound difference): Not known


Final Solution:
Job	Machine	Operator	Operation	Start Time	Finish Time
0	6	3	0	81	95
0	6	12	1	101	142
0	8	11	2	182	270
0	10	4	3	325	391
0	8	13	4	427	491
0	9	0	5	500	539
0	10	3	6	635	699
0	6	1	7	779	818
1	10	4	8	0	49
1	9	0	9	49	90
1	8	8	10	147	182
1	0	9	11	266	337
1	5	3	12	340	363
1	6	14	13	414	428
1	11	10	14	430	498
1	8	13	15	516	578
1	3	7	16	645	654
1	2	4	17	678	723
2	14	6	18	68	133
2	9	0	19	133	170
2	10	3	20	170	198
2	10	3	21	198	239
2	8	0	22	339	369
2	11	6	23	393	422
2	12	4	24	549	641
2	0	10	25	674	723
2	4	6	26	747	786
2	4	6	27	786	807
3	7	5	28	0	9
3	13	5	29	9	57
3	14	6	30	133	218
3	10	7	31	268	324
3	11	6	32	327	393
3	6	14	33	428	528
3	1	8	34	620	707
3	4	6	35	711	747
3	7	5	36	812	825
4	7	9	37	9	59
4	10	4	38	59	144
4	7	10	39	243	312
4	0	13	40	337	395
4	2	2	41	414	442
4	12	8	42	466	537
4	6	8	43	537	573
4	14	13	44	635	653
4	14	7	45	686	754
5	4	11	46	81	167
5	9	4	47	196	279
5	6	2	48	280	331
5	7	11	49	420	496
5	1	9	50	496	574
5	6	8	51	574	584
5	6	8	52	584	620
5	9	6	53	623	702
5	12	1	54	744	775
6	3	12	55	0	80
6	0	12	56	80	101
6	13	0	57	196	237
6	7	11	58	339	420
6	13	4	59	421	433
6	2	2	60	442	468
6	2	2	61	468	540
6	5	1	62	551	567
6	0	5	63	570	610
6	2	4	64	645	678
6	0	8	65	723	824
7	4	11	66	0	81
7	12	2	67	103	143
7	2	13	68	175	220
7	2	2	69	259	275
7	12	5	70	283	374
7	14	7	71	397	483
7	7	7	72	496	539
7	1	9	73	574	615
7	4	5	74	629	642
7	8	11	75	657	736
7	8	4	76	736	765
7	8	4	77	765	810
8	2	1	78	0	68
8	1	1	79	156	241
8	10	7	80	243	268
8	13	14	81	339	400
8	12	1	82	413	466
8	9	0	83	476	487
8	8	13	84	491	516
8	10	3	85	517	525
8	12	2	86	540	549
8	3	12	87	549	636
8	10	5	88	711	805
9	5	7	89	0	47
9	7	7	90	106	134
9	13	0	91	237	335
9	3	8	92	339	384
9	5	7	93	387	396
9	3	8	94	413	458
9	5	12	95	638	713
9	9	0	96	713	754
10	8	0	97	0	43
10	8	13	98	43	66
10	9	0	99	90	129
10	12	5	100	214	283
10	4	6	101	288	300
10	9	0	102	369	439
10	13	4	103	439	512
10	5	1	104	567	638
10	11	13	105	685	729
10	3	11	106	736	819
11	2	13	107	78	175
11	5	8	108	182	216
11	14	12	109	312	397
11	4	5	110	397	436
11	4	5	111	436	466
11	10	3	112	478	517
11	11	10	113	517	525
11	4	10	114	543	629
11	14	7	115	654	686
11	5	14	116	722	745
12	11	3	117	0	14
12	7	7	118	134	201
12	0	9	119	231	266
12	5	3	120	304	340
12	8	4	121	394	421
12	7	0	122	539	557
12	13	2	123	620	702
12	14	7	124	754	768
13	12	2	125	0	35
13	1	8	126	35	58
13	4	6	127	223	288
13	6	2	128	331	414
13	11	6	129	422	430
13	1	9	130	476	495
13	2	7	131	540	571
13	14	13	132	578	635
14	2	13	133	68	78
14	11	14	134	81	142
14	5	2	135	163	178
14	6	2	136	178	188
14	1	3	137	241	288
14	9	0	138	439	476
14	10	3	139	525	635
14	4	0	140	689	711
14	5	8	141	713	722
14	14	7	142	768	785
15	6	14	143	0	81
15	11	10	144	147	218
15	6	14	145	218	280
15	7	8	146	312	331
15	4	9	147	337	362
15	1	9	148	362	431
15	0	5	149	466	552
15	2	7	150	571	645
15	11	13	151	659	685
15	1	3	152	707	738
15	9	0	153	754	823
16	1	8	154	0	29
16	12	2	155	35	103
16	13	4	156	145	195
16	2	10	157	325	412
16	0	13	158	412	427
16	14	7	159	483	495
16	14	11	160	496	577
16	8	11	161	578	657
16	3	14	162	659	720
16	11	13	163	729	793
16	11	3	164	793	825
17	0	6	165	0	16
17	14	6	166	16	68
17	0	9	167	101	179
17	9	0	168	179	196
17	6	2	169	196	214
17	11	13	170	220	257
17	5	12	171	397	466
17	3	12	172	466	542
17	11	14	173	542	603
17	7	5	174	647	711
17	1	12	175	738	795
18	13	5	176	57	145
18	3	14	177	145	204
18	4	7	178	204	223
18	7	7	179	223	243
18	14	1	180	243	312
18	1	1	181	312	350
18	10	3	182	401	417
18	4	6	183	466	502
18	4	6	184	502	543
18	9	6	185	543	623
18	12	1	186	664	744
18	5	14	187	745	815
19	7	8	188	59	106
19	0	9	189	179	231
19	11	13	190	257	327
19	3	8	191	384	413
19	10	3	192	426	478
19	12	1	193	641	664
19	6	12	194	717	737
19	13	2	195	771	812
19	8	4	196	812	824
20	9	13	197	0	43
20	5	7	198	47	94
20	12	5	199	145	214
20	8	11	200	270	339
20	8	5	201	374	394
20	13	2	202	549	620
20	6	9	203	620	669
20	6	9	204	669	717
20	7	9	205	717	812
21	1	1	206	68	156
21	2	2	207	220	259
21	2	4	208	279	325
21	3	7	209	325	339
21	12	1	210	374	413
21	10	3	211	417	426
21	0	6	212	430	465
21	9	0	213	487	500
21	13	4	214	512	546
21	7	0	215	557	647
21	4	0	216	677	689
21	6	3	217	738	779
22	0	10	218	16	48
22	3	9	219	80	100
22	3	12	220	204	291
22	1	3	221	291	302
22	4	6	222	302	327
22	10	3	223	391	401
22	13	14	224	401	411
22	5	1	225	466	481
22	0	10	226	629	674
23	8	10	227	66	147
23	9	14	228	280	339
23	4	7	229	362	387
23	11	10	230	498	513
23	0	5	231	552	570
23	0	5	232	610	626
23	4	0	233	647	677
23	13	2	234	702	771
24	11	3	235	14	78
24	5	3	236	95	163
24	5	8	237	216	304
24	9	7	238	339	357
24	5	3	239	363	386
24	1	9	240	431	476
24	5	1	241	481	551
24	11	14	242	603	659
24	2	10	243	723	812


Solution History:
