This is the output of Heuristic Solver for Dual resource constrained flexible job shop Scheduling Problem.
Input file is: wfjsp5_4.txt
Method: FaFM_45_75_900
Seed: 5
Number of Jobs: 10
Number of Operations: 72
Number of Machines: 5
Number of Operators: 5
CPU Time: 72.7402
obj: 731
Best found lower bound:0
Solver gap (best found lower bound and upper bound difference): Not known


Final Solution:
Job	Machine	Operator	Operation	Start Time	Finish Time
0	1	2	0	0	74
0	4	0	1	210	271
0	2	4	2	273	347
0	1	4	3	353	415
0	1	4	4	577	678
0	2	3	5	698	731
1	2	3	6	0	43
1	0	2	7	74	87
1	4	0	8	87	136
1	0	2	9	161	186
1	3	1	10	230	245
1	4	0	11	330	373
1	2	3	12	397	472
1	4	0	13	509	532
1	4	0	14	532	605
2	0	4	15	0	74
2	4	0	16	271	330
2	1	4	17	415	464
2	2	3	18	665	698
3	4	0	19	0	15
3	3	1	20	67	116
3	4	0	21	136	210
3	0	2	22	216	226
3	0	2	23	226	291
3	4	0	24	373	468
3	4	0	25	468	479
3	3	1	26	492	563
3	2	3	27	590	665
4	1	4	28	130	224
4	2	4	29	224	273
4	0	2	30	291	391
4	1	4	31	464	538
4	3	1	32	563	633
4	0	2	33	668	715
4	0	2	34	715	731
5	3	1	35	0	67
5	0	2	36	87	117
5	2	3	37	149	174
5	3	1	38	245	309
5	3	1	39	374	420
5	0	2	40	434	491
5	2	3	41	503	535
5	2	3	42	535	590
5	0	2	43	596	668
6	2	3	44	74	149
6	3	1	45	309	374
6	4	0	46	479	509
6	1	4	47	551	577
6	3	1	48	662	729
7	2	3	49	43	74
7	3	1	50	116	169
7	0	2	51	186	216
7	1	3	52	257	353
7	0	2	53	391	434
7	3	1	54	477	492
7	0	2	55	492	522
7	0	2	56	522	596
7	4	0	57	667	678
8	4	0	58	15	86
8	0	2	59	117	161
8	3	1	60	169	230
8	2	3	61	353	397
8	2	3	62	472	503
8	1	4	63	538	551
8	3	1	64	633	662
8	4	0	65	678	731
9	1	4	66	74	130
9	2	3	67	174	217
9	1	3	68	224	257
9	3	1	69	420	477
9	4	0	70	605	667
9	1	4	71	678	715


Solution History:
