This is the output of Heuristic Solver for Dual resource constrained flexible job shop Scheduling Problem.
Input file is: wfjsp9_7.txt
Method: FaFM_45_75_900
Seed: 5
Number of Jobs: 15
Number of Operations: 134
Number of Machines: 5
Number of Operators: 5
CPU Time: 489.073
obj: 1335
Best found lower bound:0
Solver gap (best found lower bound and upper bound difference): Not known


Final Solution:
Job	Machine	Operator	Operation	Start Time	Finish Time
0	1	0	0	121	211
0	0	0	1	281	296
0	1	0	2	439	481
0	1	0	3	669	766
0	1	0	4	766	789
0	0	3	5	825	866
0	2	2	6	892	926
0	0	3	7	1024	1065
1	3	1	8	0	8
1	1	0	9	26	67
1	0	3	10	144	224
1	2	2	11	581	646
1	2	2	12	677	758
1	4	1	13	840	902
1	3	4	14	902	939
1	1	0	15	1018	1036
1	4	1	16	1080	1157
1	2	2	17	1269	1335
2	1	0	18	67	121
2	2	4	19	223	302
2	2	2	20	366	439
2	4	2	21	439	472
2	2	2	22	540	551
2	3	4	23	594	672
2	3	4	24	833	845
2	1	0	25	964	1018
2	4	1	26	1069	1080
2	1	1	27	1190	1269
3	4	2	28	0	51
3	2	4	29	157	187
3	4	1	30	366	438
3	4	1	31	608	688
3	4	1	32	768	840
3	2	2	33	955	966
3	2	2	34	1169	1237
3	3	4	35	1256	1335
4	1	0	36	0	26
4	2	4	37	50	77
4	2	4	38	187	223
4	4	2	39	286	364
4	0	3	40	420	501
4	0	3	41	558	642
4	3	4	42	747	833
4	2	2	43	857	892
4	1	0	44	939	964
4	4	0	45	1157	1196
5	3	1	46	138	223
5	2	1	47	310	366
5	2	1	48	439	497
5	0	3	49	501	558
5	1	0	50	608	630
5	0	3	51	784	825
5	3	4	52	996	1064
5	1	0	53	1126	1154
5	3	4	54	1154	1167
6	4	2	55	51	103
6	1	3	56	224	298
6	0	3	57	695	738
6	2	2	58	758	797
6	2	2	59	833	857
6	4	1	60	902	931
6	1	0	61	1036	1071
6	2	2	62	1112	1169
6	1	1	63	1269	1335
7	0	3	64	55	144
7	0	0	65	224	281
7	3	4	66	517	594
7	4	1	67	688	768
7	1	0	68	789	845
7	4	1	69	1008	1069
7	2	2	70	1095	1112
7	4	0	71	1279	1334
8	4	2	72	120	197
8	3	4	73	310	390
8	3	4	74	465	517
8	0	3	75	672	695
8	2	2	76	797	833
8	2	2	77	1023	1095
8	3	4	78	1167	1205
8	2	2	79	1237	1269
9	3	1	80	236	310
9	3	4	81	390	403
9	4	2	82	506	523
9	4	0	83	551	607
9	3	4	84	672	699
9	0	3	85	738	768
9	2	2	86	966	1023
9	1	0	87	1071	1126
10	0	3	88	0	55
10	1	0	89	211	220
10	0	3	90	342	420
10	2	1	91	497	526
10	2	2	92	551	581
10	3	4	93	699	715
10	2	2	94	926	955
10	0	3	95	1111	1194
11	2	4	96	0	11
11	3	1	97	11	74
11	4	2	98	103	120
11	1	0	99	298	356
11	1	0	100	356	439
11	0	3	101	642	672
11	1	0	102	845	939
11	3	4	103	939	996
11	1	1	104	1157	1190
11	0	3	105	1277	1335
12	3	1	106	74	138
12	4	2	107	197	232
12	3	4	108	403	465
12	4	0	109	523	551
12	3	4	110	715	747
12	0	3	111	768	784
12	0	3	112	866	896
12	0	3	113	896	937
12	4	1	114	937	1008
12	3	4	115	1205	1256
13	2	4	116	77	157
13	3	1	117	223	236
13	4	2	118	236	286
13	0	3	119	298	342
13	4	2	120	472	506
13	1	1	121	526	608
13	1	0	122	630	669
13	0	3	123	937	1024
13	3	4	124	1064	1150
13	4	0	125	1196	1279
14	2	4	126	11	50
14	1	0	127	481	521
14	2	2	128	526	540
14	2	2	129	646	677
14	3	4	130	845	882
14	3	4	131	882	897
14	0	3	132	1065	1111
14	0	3	133	1194	1277


Solution History:
