This is the output of Heuristic Solver for Dual resource constrained flexible job shop Scheduling Problem.
Input file is: wfjsp23_9.txt
Method: FaFM_45_75_900
Seed: 2
Number of Jobs: 30
Number of Operations: 369
Number of Machines: 15
Number of Operators: 12
CPU Time: 993.768
obj: 1588
Best found lower bound:0
Solver gap (best found lower bound and upper bound difference): Not known


Final Solution:
Job	Machine	Operator	Operation	Start Time	Finish Time
0	4	6	0	151	223
0	14	1	1	287	323
0	14	1	2	323	392
0	14	3	3	517	572
0	8	2	4	691	720
0	13	2	5	720	805
0	10	9	6	984	1044
0	12	0	7	1085	1104
0	7	8	8	1399	1460
0	0	6	9	1503	1562
1	2	5	10	56	145
1	0	7	11	386	471
1	13	1	12	496	584
1	12	8	13	599	645
1	11	1	14	645	664
1	11	3	15	664	721
1	10	7	16	945	961
1	12	0	17	996	1076
1	11	4	18	1114	1139
1	4	0	19	1278	1300
1	3	5	20	1399	1431
1	5	8	21	1521	1563
1	14	4	22	1574	1586
2	2	0	23	0	19
2	7	9	24	19	44
2	11	8	25	82	144
2	13	11	26	161	219
2	11	5	27	434	524
2	5	9	28	559	641
2	3	0	29	669	745
2	3	8	30	929	986
2	7	8	31	1058	1115
2	14	2	32	1142	1202
2	2	9	33	1369	1439
2	13	9	34	1440	1453
2	11	4	35	1489	1572
3	5	1	36	12	45
3	6	2	37	123	145
3	2	7	38	168	182
3	5	8	39	349	410
3	8	0	40	611	669
3	8	7	41	1043	1124
3	1	7	42	1140	1161
3	1	0	43	1177	1196
3	5	0	44	1196	1216
3	3	0	45	1216	1256
3	3	3	46	1257	1298
4	0	10	47	144	218
4	4	9	48	228	277
4	1	2	49	286	308
4	8	2	50	468	560
4	4	3	51	608	636
4	2	8	52	695	756
4	12	7	53	961	987
4	7	11	54	1017	1053
4	5	9	55	1216	1281
4	6	9	56	1453	1528
5	5	1	57	0	12
5	14	1	58	45	74
5	6	7	59	241	327
5	3	3	60	349	393
5	11	4	61	573	611
5	9	4	62	611	696
5	13	0	63	826	881
5	7	10	64	937	996
5	4	3	65	1149	1210
5	0	10	66	1211	1225
5	7	8	67	1230	1238
5	12	4	68	1321	1348
5	7	8	69	1460	1521
6	2	10	70	28	53
6	6	9	71	79	110
6	7	3	72	118	149
6	8	10	73	218	290
6	4	6	74	454	537
6	1	11	75	601	659
6	13	5	76	670	705
6	1	1	77	868	936
6	1	2	78	951	993
6	11	4	79	1059	1114
6	6	11	80	1120	1149
6	11	3	81	1224	1257
6	11	6	82	1257	1294
6	14	5	83	1363	1380
6	2	5	84	1439	1497
7	14	2	85	0	38
7	13	4	86	44	143
7	11	3	87	236	294
7	6	5	88	362	380
7	9	1	89	392	414
7	0	9	90	641	728
7	8	3	91	782	824
7	11	11	92	824	925
7	3	6	93	1044	1125
7	11	1	94	1148	1191
7	8	7	95	1249	1261
7	8	11	96	1314	1353
7	10	6	97	1353	1410
7	2	5	98	1497	1587
8	6	3	99	149	236
8	2	0	100	262	295
8	12	10	101	367	430
8	3	7	102	473	510
8	6	5	103	524	547
8	6	1	104	706	786
8	5	6	105	911	965
8	8	7	106	987	1043
8	0	3	107	1079	1149
8	13	11	108	1149	1162
8	14	5	109	1303	1363
8	1	4	110	1363	1417
8	4	1	111	1440	1456
9	3	1	112	101	192
9	9	4	113	417	504
9	13	3	114	636	660
9	1	1	115	678	706
9	7	7	116	732	801
9	5	2	117	805	866
9	2	2	118	866	924
9	7	8	119	1115	1146
9	3	6	120	1189	1214
9	5	2	121	1458	1517
10	10	5	122	0	56
10	2	0	123	200	262
10	9	4	124	314	383
10	12	0	125	449	507
10	10	0	126	507	532
10	11	11	127	535	572
10	3	1	128	599	620
10	4	6	129	649	721
10	11	11	130	746	822
10	12	4	131	1222	1321
10	7	8	132	1323	1380
10	6	3	133	1387	1449
10	3	1	134	1456	1489
10	14	0	135	1548	1574
10	4	1	136	1574	1588
11	0	7	137	0	53
11	13	2	138	229	286
11	12	8	139	327	349
11	6	3	140	393	449
11	0	7	141	801	875
11	0	7	142	875	945
11	0	3	143	1043	1079
11	4	1	144	1079	1148
11	2	8	145	1238	1323
11	8	3	146	1454	1491
12	1	4	147	0	33
12	7	9	148	44	79
12	11	6	149	312	381
12	7	10	150	585	639
12	5	6	151	721	779
12	3	6	152	868	893
12	10	4	153	974	984
12	9	10	154	996	1068
12	2	10	155	1175	1211
12	0	11	156	1358	1458
12	11	11	157	1458	1482
13	9	3	158	0	34
13	1	4	159	34	44
13	14	4	160	174	253
13	12	8	161	272	327
13	2	9	162	334	395
13	5	1	163	414	426
13	14	11	164	659	746
13	4	6	165	779	851
13	13	0	166	881	933
13	5	2	167	1287	1374
13	5	2	168	1374	1458
13	8	3	169	1491	1579
14	1	10	170	53	128
14	10	5	171	233	289
14	11	5	172	381	434
14	10	0	173	532	590
14	10	10	174	708	744
14	7	8	175	815	873
14	6	2	176	924	951
14	3	5	177	987	1044
14	3	6	178	1125	1189
14	12	4	179	1209	1222
14	11	6	180	1294	1339
14	1	10	181	1519	1588
15	13	9	182	0	16
15	8	0	183	121	200
15	7	8	184	473	566
15	0	7	185	626	637
15	10	7	186	637	701
15	12	10	187	780	837
15	6	5	188	848	915
15	7	10	189	929	937
15	13	0	190	937	996
15	9	0	191	1104	1122
15	5	5	192	1175	1196
15	12	7	193	1454	1483
16	11	6	194	0	56
16	3	1	195	74	101
16	3	6	196	223	312
16	7	6	197	381	413
16	9	4	198	504	573
16	12	8	199	645	695
16	5	5	200	705	721
16	2	8	201	756	815
16	8	5	202	942	987
16	5	10	203	1068	1172
16	1	2	204	1204	1287
16	13	0	205	1300	1377
16	1	4	206	1417	1489
16	9	2	207	1519	1558
17	6	11	208	0	63
17	11	11	209	63	76
17	5	1	210	192	287
17	13	11	211	290	316
17	1	2	212	316	373
17	3	3	213	572	599
17	9	5	214	721	766
17	1	4	215	766	782
17	3	1	216	786	868
17	5	6	217	893	911
17	11	11	218	925	980
17	2	6	219	1021	1043
17	10	9	220	1102	1136
17	13	11	221	1162	1208
17	3	3	222	1298	1387
18	9	2	223	38	59
18	9	3	224	60	118
18	12	9	225	144	228
18	7	10	226	290	367
18	8	2	227	373	468
18	5	9	228	489	559
18	13	2	229	589	625
18	9	5	230	766	848
18	14	6	231	851	865
18	9	4	232	889	974
18	5	8	233	996	1058
18	0	10	234	1285	1358
18	12	10	235	1358	1436
18	9	10	236	1436	1519
19	8	8	237	0	82
19	0	11	238	219	260
19	4	3	239	294	349
19	1	11	240	405	462
19	2	8	241	585	599
19	10	9	242	839	928
19	4	1	243	936	1005
19	14	5	244	1262	1303
19	7	8	245	1380	1399
19	10	6	246	1410	1468
19	3	1	247	1489	1500
20	12	0	248	45	121
20	9	2	249	145	229
20	4	0	250	373	449
20	14	3	251	449	517
20	8	11	252	572	601
20	14	6	253	608	649
20	12	4	254	696	766
20	1	4	255	782	854
20	1	2	256	993	1056
20	10	9	257	1136	1215
20	11	3	258	1215	1224
20	0	10	259	1225	1285
20	8	7	260	1363	1454
20	0	6	261	1468	1503
20	3	1	262	1503	1564
21	14	11	263	76	161
21	9	4	264	253	314
21	13	11	265	316	405
21	6	5	266	547	607
21	5	1	267	664	678
21	10	10	268	744	780
21	10	9	269	799	839
21	14	3	270	865	953
21	2	5	271	1044	1132
21	12	4	272	1139	1209
21	6	1	273	1209	1233
21	6	11	274	1297	1314
21	10	7	275	1483	1540
21	6	7	276	1540	1577
22	4	2	277	60	123
22	0	9	278	277	334
22	13	1	279	426	496
22	2	5	280	607	670
22	0	9	281	728	782
22	12	10	282	837	925
22	2	5	283	1132	1175
22	2	6	284	1214	1236
22	6	1	285	1236	1297
22	1	7	286	1312	1330
22	4	0	287	1377	1399
23	0	7	288	53	73
23	1	4	289	143	174
23	7	11	290	260	290
23	10	10	291	430	494
23	7	8	292	566	585
23	9	4	293	854	889
23	11	4	294	1041	1059
23	1	11	295	1059	1120
23	8	7	296	1261	1312
23	4	9	297	1312	1369
24	3	10	298	0	28
24	4	3	299	34	60
24	11	5	300	145	205
24	6	5	301	345	362
24	2	9	302	395	489
24	1	10	303	494	520
24	9	0	304	590	611
24	1	7	305	706	732
24	7	8	306	873	929
24	14	4	307	984	1041
24	10	9	308	1044	1102
24	7	8	309	1146	1230
24	4	6	310	1237	1254
24	10	9	311	1281	1309
24	7	9	312	1528	1565
25	5	6	313	56	151
25	7	6	314	413	454
25	6	11	315	462	478
25	3	7	316	510	552
25	1	2	317	560	589
25	14	0	318	746	826
25	2	9	319	928	982
25	9	0	320	1122	1177
25	8	7	321	1215	1249
25	13	0	322	1256	1278
25	2	7	323	1330	1363
25	3	5	324	1387	1399
26	0	9	325	110	144
26	10	5	326	205	233
26	12	8	327	239	272
26	2	10	328	520	583
26	14	1	329	584	596
26	13	1	330	625	634
26	12	8	331	987	996
26	14	2	332	1056	1142
26	0	7	333	1161	1191
26	8	7	334	1191	1215
27	7	8	335	149	239
27	0	7	336	334	386
27	10	4	337	386	417
27	4	6	338	537	608
27	8	3	339	824	865
27	6	3	340	953	1043
27	9	0	341	1076	1085
27	4	11	342	1210	1237
27	10	11	343	1237	1277
27	9	11	344	1277	1295
27	13	1	345	1377	1440
28	10	7	346	73	168
28	10	0	347	295	373
28	0	7	348	552	626
28	7	10	349	639	708
28	8	3	350	721	782
28	0	6	351	965	1021
28	13	1	352	1021	1079
28	8	7	353	1124	1140
28	1	1	354	1196	1204
28	9	1	355	1297	1366
28	14	0	356	1399	1472
28	14	0	357	1472	1548
29	12	0	358	19	45
29	1	7	359	182	241
29	5	5	360	289	345
29	3	8	361	410	473
29	0	11	362	478	535
29	6	2	363	625	691
29	5	9	364	782	799
29	8	5	365	915	942
29	11	11	366	980	1017
29	14	5	367	1202	1262
29	12	11	368	1483	1573


Solution History:
