This is the output of Heuristic Solver for Dual resource constrained flexible job shop Scheduling Problem.
Input file is: wfjsp18_6.txt
Method: FaFM_45_75_900
Seed: 4
Number of Jobs: 20
Number of Operations: 160
Number of Machines: 10
Number of Operators: 8
CPU Time: 269.644
obj: 1092
Best found lower bound:0
Solver gap (best found lower bound and upper bound difference): Not known


Final Solution:
Job	Machine	Operator	Operation	Start Time	Finish Time
0	3	6	0	19	83
0	3	4	1	85	126
0	1	6	2	152	209
0	7	0	3	241	283
0	2	5	4	417	512
0	1	1	5	533	618
0	5	7	6	632	660
0	2	4	7	813	842
0	6	4	8	968	1053
1	2	5	9	95	109
1	5	5	10	109	200
1	8	4	11	210	285
1	8	0	12	478	511
1	6	6	13	511	551
1	9	7	14	680	735
1	6	4	15	885	968
1	4	2	16	1015	1092
2	0	4	17	0	85
2	5	1	18	229	257
2	1	1	19	297	345
2	2	5	20	357	417
2	9	6	21	460	499
2	5	5	22	664	748
2	7	7	23	827	904
2	7	7	24	938	999
3	0	6	25	85	127
3	0	3	26	175	209
3	6	5	27	291	299
3	7	2	28	324	397
3	4	5	29	512	602
3	0	4	30	635	680
3	1	1	31	706	721
3	3	0	32	775	870
3	2	3	33	977	1053
3	9	3	34	1053	1088
4	6	3	35	95	175
4	0	6	36	209	247
4	3	3	37	349	374
4	4	1	38	374	459
4	6	4	39	693	729
4	1	6	40	745	801
4	1	0	41	885	932
4	8	2	42	933	999
5	6	5	43	200	291
5	8	4	44	291	385
5	4	1	45	459	507
5	8	4	46	544	634
5	0	6	47	708	745
5	6	6	48	836	879
5	3	0	49	982	996
6	3	7	50	152	247
6	3	6	51	247	274
6	5	0	52	283	295
6	9	3	53	303	349
6	9	3	54	592	679
6	3	6	55	694	707
6	8	1	56	721	802
6	4	5	57	859	919
6	1	6	58	982	1040
6	1	6	59	1040	1092
7	4	1	60	0	85
7	0	6	61	127	140
7	5	2	62	397	491
7	2	2	63	541	594
7	7	2	64	647	668
7	0	3	65	680	708
7	3	6	66	879	972
8	7	2	67	283	324
8	8	0	68	385	478
8	3	7	69	500	561
8	8	0	70	870	885
8	7	7	71	904	938
8	8	0	72	999	1041
9	4	1	73	85	174
9	0	6	74	334	376
9	9	6	75	418	460
9	4	5	76	635	644
9	2	3	77	708	732
9	9	2	78	756	844
9	2	3	79	859	952
9	5	1	80	989	1003
10	7	2	81	0	25
10	0	6	82	140	152
10	6	7	83	307	406
10	9	3	84	515	533
10	6	6	85	589	664
10	7	2	86	668	756
10	8	1	87	802	854
10	0	3	88	952	977
10	6	4	89	1053	1088
11	7	0	90	156	241
11	9	3	91	499	515
11	8	1	92	515	533
11	0	6	93	551	589
11	7	0	94	596	646
11	2	3	95	732	775
12	2	3	96	0	88
12	9	2	97	147	236
12	1	1	98	345	373
12	0	4	99	470	544
12	2	2	100	594	647
12	6	4	101	680	693
12	4	0	102	735	775
12	1	0	103	932	982
12	9	2	104	999	1015
12	7	7	105	1056	1089
13	6	5	106	74	95
13	8	1	107	174	210
13	2	3	108	210	303
13	3	3	109	455	493
13	3	6	110	664	694
13	6	4	111	729	813
13	5	1	112	854	879
13	7	7	113	999	1056
14	6	5	114	0	74
14	6	7	115	406	500
14	7	0	116	511	596
14	0	5	117	602	635
14	6	7	118	664	680
14	5	5	119	836	849
14	5	1	120	879	900
14	5	1	121	1003	1092
15	3	0	122	0	17
15	7	2	123	65	91
15	2	4	124	126	210
15	0	7	125	247	307
15	9	6	126	376	418
15	5	5	127	748	836
15	1	4	128	842	885
16	5	7	129	0	9
16	5	7	130	9	86
16	4	1	131	210	229
16	3	6	132	274	334
16	5	2	133	491	541
16	2	5	134	647	664
16	1	6	135	801	836
16	4	5	136	919	995
16	8	0	137	1041	1091
17	8	0	138	17	71
17	9	2	139	91	147
17	5	0	140	295	383
17	0	4	141	385	470
17	4	0	142	646	735
17	3	7	143	735	768
17	0	7	144	768	827
17	5	1	145	900	989
18	7	7	146	91	152
18	1	2	147	236	274
18	3	3	148	374	455
18	5	7	149	561	632
18	4	3	150	775	859
19	9	6	151	0	19
19	9	2	152	25	65
19	8	0	153	71	156
19	4	1	154	257	297
19	4	5	155	299	357
19	9	3	156	533	592
19	1	1	157	618	706
19	9	2	158	844	933
19	0	5	159	995	1090


Solution History:
