This is the output of Heuristic Solver for Dual resource constrained flexible job shop Scheduling Problem.
Input file is: wfjsp14_2.txt
Method: FaFM_45_75_900
Seed: 2
Number of Jobs: 30
Number of Operations: 225
Number of Machines: 15
Number of Operators: 15
CPU Time: 751.632
obj: 786
Best found lower bound:0
Solver gap (best found lower bound and upper bound difference): Not known


Final Solution:
Job	Machine	Operator	Operation	Start Time	Finish Time
0	2	4	0	169	247
0	13	8	1	367	433
0	5	0	2	505	524
0	4	1	3	687	724
0	5	0	4	770	785
1	10	0	5	18	43
1	8	14	6	83	143
1	3	13	7	143	153
1	0	7	8	218	292
1	1	14	9	303	343
1	6	10	10	510	565
1	9	12	11	596	614
1	0	7	12	634	704
1	0	2	13	704	771
2	14	14	14	0	56
2	2	4	15	101	169
2	13	8	16	203	231
2	4	6	17	233	278
2	8	9	18	328	353
2	10	5	19	357	415
2	9	9	20	430	503
2	13	8	21	551	632
2	6	10	22	642	698
2	6	7	23	704	768
3	4	5	24	0	65
3	8	3	25	65	83
3	8	10	26	145	157
3	1	10	27	217	303
3	3	10	28	303	324
3	9	1	29	335	417
3	3	8	30	435	518
3	5	5	31	583	600
3	4	1	32	615	687
4	3	13	33	58	137
4	1	10	34	160	217
4	12	14	35	217	244
4	3	14	36	244	294
4	3	10	37	324	359
4	12	14	38	448	526
4	14	4	39	533	616
4	9	12	40	681	707
4	2	4	41	707	720
4	10	5	42	720	751
5	11	6	43	0	15
5	11	6	44	15	55
5	7	0	45	233	304
5	4	6	46	311	349
5	7	11	47	465	551
5	12	9	48	630	713
6	12	12	49	43	109
6	14	11	50	145	178
6	11	12	51	195	258
6	13	8	52	331	367
6	0	2	53	393	414
6	9	9	54	503	539
6	0	2	55	568	615
6	0	2	56	615	634
6	3	6	57	645	709
7	6	11	58	16	80
7	13	8	59	87	98
7	11	6	60	163	193
7	5	3	61	305	364
7	1	7	62	459	539
7	7	11	63	651	708
7	7	11	64	708	781
8	10	0	65	43	105
8	6	3	66	118	140
8	14	11	67	212	299
8	13	8	68	318	331
8	13	12	69	433	517
8	0	2	70	555	568
8	10	14	71	583	635
8	14	14	72	635	689
8	2	12	73	720	767
9	8	3	74	0	56
9	1	9	75	76	160
9	9	1	76	280	335
9	2	1	77	417	469
9	2	1	78	469	550
9	4	1	79	601	615
9	1	4	80	616	669
9	1	5	81	669	715
9	8	14	82	716	770
9	0	7	83	771	786
10	11	6	84	55	133
10	14	11	85	188	212
10	5	2	86	212	232
10	0	7	87	292	323
10	10	5	88	323	357
10	5	3	89	364	447
10	12	9	90	713	781
11	9	7	91	34	107
11	9	2	92	107	178
11	14	11	93	178	188
11	0	7	94	194	218
11	8	9	95	252	328
11	12	14	96	390	448
11	4	6	97	480	535
11	12	9	98	539	630
11	13	8	99	632	715
12	10	0	100	0	18
12	5	1	101	35	112
12	0	7	102	112	177
12	4	0	103	180	233
12	8	9	104	353	430
12	10	5	105	438	511
12	13	8	106	518	551
12	5	0	107	645	696
12	9	3	108	707	786
13	7	13	109	0	58
13	12	14	110	153	200
13	2	4	111	387	415
13	0	2	112	415	461
13	14	4	113	465	533
13	9	12	114	539	596
13	7	11	115	640	651
14	5	1	116	19	35
14	14	14	117	56	80
14	2	4	118	247	330
14	7	0	119	348	430
14	5	13	120	464	500
14	11	13	121	560	616
14	14	4	122	720	776
15	5	1	123	0	19
15	11	6	124	133	163
15	0	7	125	177	194
15	7	0	126	304	312
15	10	5	127	415	438
15	0	2	128	461	475
15	3	0	129	524	532
15	8	3	130	592	668
15	9	12	131	672	681
16	9	7	132	0	34
16	13	8	133	98	163
16	10	5	134	253	309
16	1	14	135	343	390
16	1	7	136	539	568
16	7	11	137	568	604
16	4	1	138	724	778
17	8	9	139	160	252
17	6	13	140	285	335
17	11	12	141	358	426
17	11	13	142	505	560
17	1	7	143	581	612
17	11	13	144	616	675
18	13	8	145	59	87
18	12	12	146	109	153
18	9	1	147	209	280
18	4	6	148	280	311
18	2	4	149	330	387
18	7	4	150	430	465
18	6	3	151	465	510
18	5	14	152	526	583
18	3	10	153	709	781
19	14	11	154	80	92
19	5	1	155	112	205
19	13	8	156	259	318
19	0	7	157	323	393
19	8	3	158	668	704
19	11	13	159	727	775
20	13	2	160	0	25
20	0	2	161	25	93
20	9	2	162	178	209
20	11	12	163	258	291
20	11	12	164	291	358
20	14	11	165	375	461
20	4	1	166	550	601
20	13	8	167	715	784
21	2	4	168	0	12
21	12	12	169	12	43
21	6	3	170	140	230
21	0	2	171	475	555
21	3	0	172	577	645
21	10	2	173	645	704
22	2	4	174	12	86
22	0	2	175	93	103
22	12	2	176	244	324
22	7	0	177	324	348
22	4	6	178	359	437
22	8	3	179	510	592
22	9	12	180	614	672
22	14	14	181	689	716
23	3	10	182	0	54
23	10	0	183	105	180
23	10	5	184	180	253
23	6	10	185	565	642
23	11	13	186	675	727
23	10	5	187	751	777
24	13	8	188	25	59
24	5	3	189	232	305
24	3	10	190	359	435
24	3	0	191	532	577
24	5	5	192	600	645
25	1	9	193	0	76
25	2	4	194	86	101
25	7	12	195	153	195
25	6	13	196	230	285
25	12	2	197	324	368
25	1	13	198	393	459
25	2	6	199	550	642
25	5	0	200	696	770
26	4	5	201	65	172
26	13	8	202	231	259
26	14	11	203	299	375
26	6	7	204	393	450
26	5	3	205	450	464
26	1	7	206	568	581
26	7	11	207	604	640
27	7	10	208	58	145
27	3	13	209	153	229
27	6	13	210	335	393
27	8	10	211	435	508
27	10	5	212	511	580
28	6	8	213	0	16
28	14	11	214	92	145
28	13	8	215	163	203
28	12	2	216	368	386
28	11	0	217	430	505
28	4	6	218	535	549
28	2	4	219	669	692
29	6	3	220	83	118
29	7	6	221	195	233
29	4	6	222	349	359
29	4	6	223	437	480
29	1	6	224	715	777


Solution History:
