This is the output of Heuristic Solver for Dual resource constrained flexible job shop Scheduling Problem.
Input file is: wfjsp6_2.txt
Method: FaFM_45_75_900
Seed: 1
Number of Jobs: 12
Number of Operations: 76
Number of Machines: 5
Number of Operators: 5
CPU Time: 90.8772
obj: 792
Best found lower bound:0
Solver gap (best found lower bound and upper bound difference): Not known


Final Solution:
Job	Machine	Operator	Operation	Start Time	Finish Time
0	4	1	0	135	215
0	2	0	1	267	335
0	4	1	2	359	381
0	0	2	3	419	454
0	0	2	4	454	469
0	3	3	5	589	613
0	4	1	6	627	699
0	0	4	7	776	785
1	3	3	8	108	187
1	3	3	9	214	254
1	4	1	10	302	359
1	0	2	11	404	419
1	1	4	12	433	498
1	1	0	13	536	603
2	0	2	14	231	299
2	3	3	15	383	455
2	0	2	16	469	499
2	3	0	17	745	789
3	4	0	18	0	19
3	1	0	19	19	76
3	2	2	20	114	191
3	4	1	21	381	462
3	2	4	22	592	650
3	0	4	23	650	714
4	0	4	24	63	128
4	1	0	25	176	193
4	1	4	26	202	215
4	4	1	27	215	302
4	1	4	28	340	360
4	3	3	29	455	535
4	0	2	30	555	648
5	3	3	31	0	18
5	0	4	32	128	202
5	0	2	33	312	393
5	0	2	34	499	555
5	1	0	35	603	623
5	4	1	36	699	751
6	2	4	37	26	63
6	3	3	38	254	327
6	2	4	39	500	592
6	1	0	40	691	710
6	3	0	41	712	726
6	4	1	42	751	782
7	0	2	43	0	16
7	4	1	44	19	59
7	4	1	45	59	135
7	1	0	46	136	176
7	2	0	47	335	433
7	3	3	48	613	712
7	0	4	49	714	776
8	0	2	50	202	231
8	1	4	51	360	433
8	1	0	52	500	536
9	2	4	53	0	26
9	0	2	54	26	59
9	1	0	55	76	123
9	3	3	56	187	214
9	1	4	57	215	279
9	1	4	58	279	340
9	0	2	59	393	404
9	4	1	60	542	575
9	2	2	61	650	701
9	1	3	62	712	792
10	2	2	63	63	114
10	4	1	64	462	542
10	4	1	65	575	627
10	3	0	66	726	745
11	3	3	67	18	108
11	1	0	68	123	136
11	2	0	69	193	267
11	0	2	70	299	312
11	3	3	71	327	383
11	2	0	72	433	500
11	3	3	73	535	589
11	1	0	74	623	691
11	2	2	75	701	786


Solution History:
