This is the output of Heuristic Solver for Dual resource constrained flexible job shop Scheduling Problem.
Input file is: wfjsp9_5.txt
Method: FaFM_45_75_900
Seed: 3
Number of Jobs: 15
Number of Operations: 130
Number of Machines: 5
Number of Operators: 5
CPU Time: 280.27
obj: 1269
Best found lower bound:0
Solver gap (best found lower bound and upper bound difference): Not known


Final Solution:
Job	Machine	Operator	Operation	Start Time	Finish Time
0	2	2	0	0	14
0	1	4	1	14	54
0	1	3	2	171	258
0	3	2	3	395	465
0	0	1	4	545	610
0	2	0	5	702	743
0	3	2	6	774	838
0	1	3	7	1082	1121
0	4	3	8	1146	1192
0	1	4	9	1233	1268
1	4	1	10	109	140
1	2	0	11	225	296
1	4	4	12	431	452
1	2	0	13	490	505
1	0	1	14	721	796
1	4	4	15	834	898
1	3	2	16	985	994
1	1	4	17	1188	1233
2	4	1	18	41	109
2	1	3	19	296	335
2	1	3	20	349	377
2	2	0	21	453	490
2	1	3	22	676	706
2	0	1	23	796	826
2	0	1	24	931	1022
2	3	0	25	1131	1172
3	0	0	26	36	77
3	3	3	27	80	103
3	0	1	28	145	154
3	0	1	29	258	303
3	0	1	30	610	696
3	2	0	31	743	810
3	3	2	32	838	902
3	2	2	33	1008	1094
4	3	2	34	146	229
4	1	3	35	258	296
4	1	3	36	335	349
4	0	1	37	407	458
4	2	0	38	528	609
4	0	1	39	826	897
4	1	3	40	897	963
4	1	4	41	1121	1152
5	0	0	42	77	145
5	2	0	43	146	182
5	0	1	44	389	407
5	1	3	45	418	482
5	1	3	46	594	676
5	4	4	47	898	991
5	4	4	48	1076	1121
5	2	2	49	1186	1267
6	2	2	50	68	146
6	1	3	51	146	155
6	4	4	52	312	347
6	2	0	53	364	453
6	1	3	54	564	594
6	2	0	55	609	702
6	2	0	56	921	941
6	1	3	57	963	997
6	0	1	58	1120	1209
7	3	3	59	67	80
7	0	1	60	154	180
7	4	4	61	231	297
7	4	4	62	297	312
7	0	1	63	473	513
7	1	3	64	777	809
7	1	3	65	809	893
7	3	0	66	1008	1094
8	0	0	67	0	36
8	3	3	68	103	146
8	1	3	69	155	171
8	4	4	70	347	431
8	3	2	71	492	574
8	3	2	72	636	679
8	0	1	73	897	931
8	3	2	74	994	1007
8	2	2	75	1094	1178
8	3	0	76	1232	1263
9	2	2	77	14	68
9	2	0	78	296	364
9	1	3	79	482	564
9	0	1	80	696	721
9	2	0	81	838	908
9	0	1	82	1022	1077
9	0	1	83	1077	1087
9	4	3	84	1121	1146
9	4	3	85	1258	1266
10	3	3	86	19	28
10	4	4	87	148	231
10	4	4	88	616	717
10	4	4	89	717	767
10	2	0	90	810	838
10	4	4	91	991	1076
10	0	1	92	1209	1260
10	0	1	93	1260	1269
11	4	1	94	0	41
11	3	2	95	229	309
11	1	3	96	377	418
11	4	4	97	452	497
11	2	0	98	505	528
11	3	2	99	595	636
11	1	3	100	706	777
11	2	0	101	908	921
11	2	0	102	941	1008
11	4	3	103	1192	1258
12	1	4	104	54	124
12	2	0	105	182	225
12	3	2	106	309	395
12	4	4	107	520	602
12	3	2	108	679	709
12	1	3	109	997	1082
12	3	0	110	1094	1131
12	3	0	111	1172	1203
13	3	3	112	28	67
13	4	4	113	140	148
13	0	1	114	303	389
13	3	2	115	465	492
13	4	4	116	497	520
13	4	4	117	602	616
13	3	2	118	709	774
13	0	1	119	1087	1120
13	1	4	120	1152	1188
13	3	0	121	1203	1232
14	3	3	122	0	19
14	0	1	123	180	258
14	0	1	124	458	473
14	0	1	125	513	545
14	3	2	126	574	595
14	4	4	127	767	834
14	3	2	128	902	985
14	2	2	129	1178	1186


Solution History:
