This is the output of Heuristic Solver for Dual resource constrained flexible job shop Scheduling Problem.
Input file is: wfjsp7_6.txt
Method: FaFM_45_75_900
Seed: 2
Number of Jobs: 12
Number of Operations: 96
Number of Machines: 5
Number of Operators: 5
CPU Time: 149.971
obj: 1022
Best found lower bound:0
Solver gap (best found lower bound and upper bound difference): Not known


Final Solution:
Job	Machine	Operator	Operation	Start Time	Finish Time
0	3	4	0	0	70
0	2	0	1	112	153
0	3	4	2	194	260
0	4	1	3	300	341
0	0	4	4	422	517
0	0	4	5	592	683
0	3	3	6	758	786
0	3	3	7	786	812
0	4	2	8	812	897
1	1	1	9	0	15
1	0	3	10	53	142
1	3	4	11	296	362
1	3	3	12	639	674
1	0	4	13	683	719
1	0	4	14	751	810
1	3	3	15	857	940
1	0	4	16	942	1018
2	2	2	17	0	84
2	2	2	18	84	111
2	1	2	19	370	418
2	1	1	20	450	511
2	3	3	21	511	552
2	4	1	22	610	698
2	4	2	23	700	771
2	0	4	24	886	942
3	0	3	25	0	41
3	3	4	26	70	103
3	4	0	27	103	112
3	2	0	28	153	230
3	2	0	29	319	405
3	4	2	30	515	562
3	4	1	31	580	596
3	2	0	32	622	710
3	0	4	33	810	886
3	1	1	34	924	963
4	4	0	35	25	101
4	4	1	36	112	151
4	0	3	37	227	252
4	4	1	38	341	426
4	1	1	39	522	562
4	1	2	40	562	612
4	3	3	41	812	857
4	4	2	42	897	962
5	3	4	43	103	194
5	2	0	44	230	319
5	2	0	45	405	454
5	3	3	46	674	758
5	2	0	47	901	937
5	1	2	48	963	1008
5	4	2	49	1008	1020
6	1	1	50	15	111
6	1	2	51	200	229
6	4	1	52	240	254
6	4	1	53	254	300
6	3	3	54	422	509
6	1	1	55	511	522
6	2	0	56	542	622
6	1	1	57	753	819
6	1	1	58	819	882
6	3	3	59	975	1022
7	0	3	60	142	227
7	1	2	61	229	242
7	1	2	62	282	370
7	0	4	63	517	570
7	0	4	64	570	592
7	2	0	65	800	827
7	2	0	66	937	1022
8	1	2	67	242	282
8	0	3	68	336	422
8	4	2	69	450	515
8	4	1	70	596	610
8	0	4	71	719	751
8	1	1	72	882	924
9	1	2	73	111	200
9	3	4	74	260	296
9	3	4	75	362	405
9	1	2	76	418	427
9	1	2	77	427	450
9	1	2	78	612	700
9	2	0	79	710	800
9	1	1	80	1008	1020
10	4	0	81	0	25
10	0	3	82	41	53
10	4	1	83	151	240
10	4	1	84	426	447
10	2	0	85	454	542
10	3	3	86	552	639
10	1	1	87	700	753
10	2	0	88	877	901
10	3	3	89	940	975
11	0	3	90	252	336
11	3	4	91	405	421
11	4	1	92	562	580
11	4	2	93	771	809
11	2	0	94	827	877
11	4	1	95	963	1007


Solution History:
