This is the output of Heuristic Solver for Dual resource constrained flexible job shop Scheduling Problem.
Input file is: wfjsp11_8.txt
Method: FaFM_45_75_900
Seed: 4
Number of Jobs: 20
Number of Operations: 197
Number of Machines: 10
Number of Operators: 10
CPU Time: 315.641
obj: 1048
Best found lower bound:0
Solver gap (best found lower bound and upper bound difference): Not known


Final Solution:
Job	Machine	Operator	Operation	Start Time	Finish Time
0	6	0	0	0	24
0	1	3	1	200	267
0	3	6	2	292	321
0	1	3	3	332	391
0	3	6	4	458	526
0	6	1	5	608	670
0	9	0	6	972	1028
0	5	4	7	1036	1046
1	9	0	8	31	85
1	3	6	9	232	292
1	6	7	10	369	399
1	9	8	11	550	643
1	5	0	12	718	726
1	0	6	13	777	861
1	6	0	14	1028	1048
2	3	3	15	13	74
2	9	8	16	85	158
2	7	9	17	293	321
2	7	9	18	321	387
2	3	6	19	414	458
2	2	7	20	526	567
2	8	4	21	621	664
2	6	3	22	703	754
2	8	4	23	769	824
2	1	6	24	887	951
3	1	9	25	0	83
3	4	5	26	83	152
3	2	2	27	154	221
3	0	0	28	307	369
3	5	4	29	376	445
3	8	8	30	480	550
3	0	0	31	587	657
3	4	5	32	668	729
3	3	5	33	729	765
3	1	7	34	770	866
3	2	7	35	875	958
3	7	2	36	962	988
3	2	3	37	1024	1048
4	5	1	38	0	67
4	1	7	39	190	200
4	9	1	40	406	475
4	2	2	41	498	526
4	5	3	42	581	590
4	5	6	43	594	637
4	4	9	44	729	767
4	5	3	45	799	848
5	8	9	46	132	216
5	7	9	47	216	253
5	4	5	48	290	347
5	2	3	49	445	498
5	7	2	50	651	732
5	1	1	51	757	770
5	6	3	52	780	798
5	8	9	53	848	888
5	8	4	54	888	943
6	0	5	55	63	79
6	2	2	56	79	146
6	9	8	57	158	220
6	0	0	58	393	466
6	5	4	59	466	504
6	1	3	60	619	703
6	0	6	61	718	777
6	7	2	62	821	845
6	6	0	63	950	969
6	0	5	64	983	1027
7	8	6	65	0	74
7	1	7	66	126	141
7	3	6	67	204	223
7	7	9	68	253	293
7	6	7	69	399	459
7	6	7	70	459	523
7	5	3	71	562	581
7	5	0	72	726	799
7	3	3	73	848	896
7	3	9	74	896	929
7	7	2	75	932	962
7	6	9	76	1000	1026
8	3	6	77	74	134
8	5	0	78	248	293
8	2	2	79	293	321
8	4	5	80	492	566
8	1	3	81	594	619
8	1	1	82	703	757
8	5	4	83	970	1036
9	4	4	84	0	78
9	5	0	85	85	172
9	8	8	86	271	310
9	5	4	87	310	376
9	7	2	88	387	441
9	0	0	89	466	538
9	0	0	90	657	712
9	9	8	91	723	797
9	6	0	92	799	872
9	7	2	93	872	932
9	8	4	94	943	961
9	3	6	95	972	1040
10	0	5	96	0	63
10	6	1	97	67	156
10	8	7	98	216	271
10	6	7	99	271	340
10	3	6	100	340	414
10	1	9	101	433	515
10	2	2	102	567	651
10	8	4	103	664	733
10	7	2	104	733	821
10	2	1	105	826	850
10	4	5	106	856	872
10	0	5	107	872	942
10	3	9	108	942	972
10	1	1	109	972	991
10	8	7	110	991	1045
11	7	7	111	56	121
11	4	5	112	152	193
11	9	1	113	312	376
11	5	4	114	504	562
11	4	5	115	579	668
11	2	7	116	722	766
11	6	0	117	872	950
11	8	6	118	961	972
12	7	2	119	0	56
12	2	2	120	56	72
12	6	1	121	156	224
12	1	3	122	267	332
12	9	1	123	376	406
12	4	5	124	406	492
12	0	0	125	538	587
12	7	7	126	587	651
12	3	9	127	679	721
12	8	4	128	824	842
12	7	2	129	845	872
12	9	1	130	913	972
12	4	8	131	972	1037
13	0	4	132	236	307
13	8	8	133	310	381
13	7	3	134	498	561
13	6	3	135	754	780
13	9	8	136	837	881
13	4	8	137	881	898
13	0	5	138	942	983
14	9	8	139	0	31
14	8	4	140	78	132
14	0	4	141	132	151
14	1	7	142	151	190
14	5	0	143	190	248
14	9	1	144	284	312
14	1	9	145	391	433
14	7	2	146	441	497
14	1	6	147	526	594
14	3	9	148	608	679
14	9	8	149	683	695
14	3	9	150	767	848
14	1	6	151	866	887
14	5	3	152	896	970
14	2	3	153	970	1024
15	3	3	154	0	13
15	3	6	155	134	204
15	3	6	156	223	232
15	4	5	157	347	401
15	9	1	158	475	538
15	8	4	159	562	621
15	4	5	160	767	856
15	5	4	161	856	887
16	2	7	162	0	19
16	7	3	163	121	191
16	4	5	164	193	209
16	4	5	165	209	290
16	6	7	166	340	369
16	2	3	167	391	445
16	9	1	168	538	550
16	3	1	169	550	608
16	2	7	170	651	722
16	8	4	171	733	769
16	2	1	172	770	826
16	4	8	173	898	967
17	0	4	174	151	200
17	2	2	175	321	384
17	7	7	176	567	579
17	5	6	177	637	718
17	7	2	178	988	1042
18	9	1	179	224	284
18	8	8	180	381	480
18	4	5	181	566	579
18	6	1	182	670	700
18	2	1	183	850	875
18	6	9	184	972	1000
19	2	7	185	19	54
19	1	9	186	83	126
19	2	2	187	146	154
19	0	4	188	200	236
19	2	2	189	236	269
19	0	0	190	369	393
19	6	9	191	523	608
19	9	8	192	643	683
19	9	8	193	695	723
19	9	8	194	797	837
19	9	1	195	881	913
19	1	1	196	991	1047


Solution History:
