This is the output of Heuristic Solver for Dual resource constrained flexible job shop Scheduling Problem.
Input file is: wfjsp11_10.txt
Method: FaFM_45_75_900
Seed: 2
Number of Jobs: 20
Number of Operations: 190
Number of Machines: 10
Number of Operators: 10
CPU Time: 929.455
obj: 1121
Best found lower bound:0
Solver gap (best found lower bound and upper bound difference): Not known


Final Solution:
Job	Machine	Operator	Operation	Start Time	Finish Time
0	7	7	0	31	107
0	8	6	1	307	389
0	1	0	2	418	481
0	6	1	3	654	740
0	8	0	4	809	862
0	6	1	5	892	923
0	5	0	6	1036	1069
1	5	6	7	0	48
1	7	7	8	107	193
1	5	6	9	201	226
1	3	2	10	260	304
1	9	9	11	372	404
1	0	9	12	404	491
1	9	3	13	496	580
1	1	0	14	654	720
1	7	7	15	741	830
1	5	6	16	830	921
1	0	5	17	938	951
1	4	4	18	958	967
1	4	4	19	967	1023
1	2	5	20	1039	1110
2	9	9	21	0	83
2	9	3	22	156	213
2	5	6	23	226	305
2	2	3	24	365	410
2	4	8	25	427	447
2	4	3	26	447	494
2	6	1	27	526	544
2	4	4	28	571	659
2	2	3	29	666	698
2	4	4	30	712	789
2	4	4	31	789	870
2	0	5	32	870	938
2	9	9	33	965	999
3	6	9	34	83	145
3	3	5	35	304	382
3	1	0	36	382	396
3	1	8	37	396	418
3	2	3	38	419	441
3	0	9	39	491	539
3	0	9	40	539	571
3	2	3	41	698	790
3	8	6	42	1004	1077
4	0	5	43	68	156
4	8	1	44	291	307
4	7	3	45	580	595
4	2	3	46	599	666
4	4	4	47	666	712
4	2	5	48	999	1013
4	0	3	49	1027	1120
5	4	4	50	70	157
5	3	2	51	180	209
5	9	9	52	302	372
5	2	3	53	410	419
5	8	6	54	499	575
5	0	5	55	575	654
5	8	6	56	668	687
5	0	5	57	726	795
5	7	7	58	830	864
5	5	0	59	940	949
5	9	9	60	1017	1106
6	1	4	61	22	70
6	4	4	62	191	273
6	4	4	63	273	345
6	5	2	64	512	602
6	5	6	65	688	760
6	8	0	66	760	809
6	8	0	67	862	913
6	8	6	68	987	1004
6	2	5	69	1013	1039
7	3	7	70	0	19
7	4	5	71	44	68
7	6	3	72	253	302
7	7	7	73	446	495
7	6	1	74	544	567
7	0	5	75	654	726
7	2	5	76	952	999
7	6	1	77	1005	1048
8	8	1	78	178	214
8	4	4	79	345	427
8	6	1	80	452	491
8	6	1	81	491	526
8	3	7	82	569	593
8	5	0	83	1024	1036
9	8	1	84	88	178
9	2	5	85	179	215
9	6	0	86	215	253
9	1	0	87	253	318
9	5	2	88	435	512
9	3	5	89	552	568
9	6	1	90	568	654
9	5	6	91	760	828
9	7	7	92	864	896
9	5	6	93	921	940
9	3	8	94	940	1031
9	5	0	95	1069	1121
10	3	8	96	24	110
10	5	6	97	111	201
10	0	8	98	245	310
10	6	1	99	365	452
10	3	8	100	599	680
10	0	8	101	798	870
10	4	4	102	870	958
10	1	2	103	1026	1120
11	0	5	104	0	44
11	1	0	105	164	196
11	3	2	106	209	260
11	3	5	107	382	463
11	2	8	108	494	510
11	2	8	109	510	599
11	9	9	110	666	678
11	9	9	111	692	760
11	2	3	112	821	888
11	9	9	113	914	965
12	8	1	114	0	88
12	9	9	115	213	288
12	7	7	116	303	384
12	8	4	117	427	499
12	7	7	118	499	569
12	1	0	119	572	654
12	3	8	120	680	710
12	1	0	121	720	759
12	1	2	122	759	846
12	6	1	123	865	892
12	7	7	124	896	967
12	9	9	125	999	1017
12	4	4	126	1023	1048
12	6	1	127	1048	1089
12	6	1	128	1089	1120
13	4	8	129	0	24
13	6	9	130	145	187
13	6	1	131	307	365
13	8	0	132	913	935
13	7	7	133	1032	1118
14	6	9	134	187	197
14	5	2	135	305	387
14	9	9	136	678	692
14	3	5	137	798	869
14	6	1	138	923	1005
15	1	4	139	0	22
15	3	8	140	110	180
15	8	1	141	214	291
15	7	7	142	384	446
15	8	6	143	575	668
15	8	2	144	688	755
15	9	9	145	760	829
15	2	3	146	888	901
15	1	2	147	937	1026
15	4	4	148	1048	1120
16	2	3	149	0	95
16	9	3	150	95	143
16	2	3	151	143	156
16	4	4	152	157	191
16	2	5	153	215	302
16	0	8	154	310	391
16	9	6	155	404	496
16	5	2	156	602	688
16	6	1	157	740	829
16	6	1	158	829	865
16	3	8	159	870	899
16	5	0	160	949	1024
16	3	8	161	1031	1114
17	7	2	162	0	31
17	7	7	163	238	303
17	1	0	164	481	572
17	2	3	165	901	952
17	0	3	166	952	1027
18	6	0	167	0	75
18	5	0	168	75	111
18	7	7	169	193	238
18	5	2	170	387	435
18	3	5	171	463	552
18	9	9	172	580	666
18	7	7	173	675	741
18	2	3	174	790	821
18	1	2	175	846	937
18	8	6	176	940	987
19	1	2	177	70	164
19	2	5	178	164	179
19	0	8	179	180	245
19	9	9	180	288	302
19	2	3	181	302	365
19	8	0	182	396	418
19	2	8	183	447	494
19	4	4	184	499	571
19	7	7	185	595	675
19	3	8	186	710	798
19	9	9	187	829	914
19	7	7	188	967	1032
19	8	6	189	1077	1111


Solution History:
