This is the output of Heuristic Solver for Dual resource constrained flexible job shop Scheduling Problem.
Input file is: wfjsp10_4.txt
Method: FaFM_45_75_900
Seed: 4
Number of Jobs: 20
Number of Operations: 163
Number of Machines: 10
Number of Operators: 10
CPU Time: 292.938
obj: 865
Best found lower bound:0
Solver gap (best found lower bound and upper bound difference): Not known


Final Solution:
Job	Machine	Operator	Operation	Start Time	Finish Time
0	2	6	0	36	115
0	9	0	1	164	225
0	9	0	2	239	313
0	9	9	3	320	384
0	5	1	4	384	487
0	9	0	5	541	572
0	2	0	6	669	716
0	4	6	7	761	776
0	9	5	8	791	838
1	9	7	9	0	22
1	6	0	10	33	47
1	9	0	11	47	90
1	1	5	12	164	231
1	8	9	13	238	259
1	6	3	14	298	372
1	8	5	15	524	613
1	5	1	16	663	724
1	6	7	17	808	857
2	6	0	18	0	33
2	3	7	19	124	141
2	7	2	20	202	251
2	4	4	21	252	341
2	2	6	22	429	440
2	7	4	23	667	730
2	3	3	24	772	846
3	0	2	25	0	10
3	5	4	26	152	234
3	7	2	27	341	415
3	0	8	28	483	580
3	3	7	29	619	667
3	2	0	30	716	820
4	5	8	31	64	130
4	4	1	32	182	252
4	6	3	33	469	516
4	9	0	34	524	541
4	9	4	35	572	639
4	5	1	36	724	754
4	0	2	37	839	864
5	4	1	38	118	182
5	7	2	39	251	301
5	0	8	40	370	430
5	2	6	41	467	501
5	6	3	42	516	571
5	8	8	43	697	783
6	9	0	44	90	164
6	3	3	45	220	285
6	0	8	46	337	370
6	7	2	47	415	443
6	2	6	48	501	571
6	8	5	49	613	647
6	1	8	50	647	697
6	3	3	51	739	772
7	0	9	52	10	106
7	3	3	53	180	220
7	9	0	54	225	239
7	2	6	55	337	364
7	9	5	56	392	480
7	5	1	57	487	498
7	7	2	58	559	630
7	1	9	59	697	747
7	5	1	60	804	865
8	4	1	61	74	118
8	0	9	62	198	232
8	5	4	63	234	248
8	2	6	64	311	337
8	6	3	65	416	469
8	5	1	66	498	561
8	3	3	67	672	715
8	8	8	68	816	854
9	7	4	69	28	82
9	8	3	70	87	151
9	6	7	71	260	298
9	5	1	72	333	383
9	4	4	73	389	465
9	8	0	74	476	523
9	3	7	75	534	546
9	2	0	76	572	641
9	1	9	77	801	850
10	5	5	78	0	23
10	3	7	79	45	124
10	7	2	80	141	202
10	2	6	81	364	429
10	0	8	82	430	483
10	7	2	83	531	559
10	6	3	84	571	672
10	3	3	85	715	739
10	6	7	86	777	808
11	6	3	87	47	87
11	5	1	88	252	318
11	1	5	89	345	392
11	1	9	90	392	416
11	2	6	91	440	467
11	5	1	92	594	663
11	1	9	93	747	801
11	2	0	94	820	862
12	3	3	95	0	45
12	1	5	96	98	164
12	2	6	97	192	263
12	1	5	98	302	345
12	4	4	99	374	389
12	7	2	100	483	531
12	7	4	101	639	667
12	6	7	102	672	703
12	5	1	103	754	804
12	9	5	104	838	857
13	4	1	105	0	74
13	6	7	106	141	213
13	6	7	107	213	260
13	0	8	108	287	337
13	1	9	109	416	481
13	3	7	110	546	619
13	8	5	111	647	696
13	6	7	112	703	777
13	7	6	113	779	855
13	3	3	114	855	865
14	8	8	115	151	238
14	0	8	116	238	287
14	8	0	117	404	476
14	4	6	118	571	602
14	9	9	119	639	688
14	4	6	120	732	761
14	8	8	121	783	816
15	2	6	122	0	36
15	1	5	123	36	98
15	7	2	124	98	141
15	8	0	125	320	404
15	1	9	126	481	570
15	0	8	127	580	628
15	2	0	128	641	669
15	0	2	129	694	771
15	0	2	130	771	839
16	5	2	131	23	64
16	2	6	132	263	311
16	5	1	133	318	333
16	6	3	134	372	416
16	9	5	135	480	524
16	5	1	136	561	594
16	4	6	137	602	654
17	6	4	138	87	136
17	5	4	139	136	152
17	3	3	140	152	180
17	8	9	141	273	320
17	3	7	142	322	422
17	7	2	143	443	483
17	1	9	144	570	635
17	4	6	145	654	732
18	7	4	146	0	28
18	2	6	147	115	192
18	8	9	148	259	273
18	7	2	149	301	341
18	3	7	150	453	505
18	3	7	151	505	534
18	4	4	152	534	567
18	0	2	153	630	694
18	9	5	154	696	791
19	0	9	155	106	198
19	1	5	156	231	302
19	3	7	157	302	322
19	4	4	158	341	374
19	3	7	159	422	453
19	4	4	160	465	530
19	7	4	161	730	779
19	4	4	162	779	857


Solution History:
