This is the output of Heuristic Solver for Dual resource constrained flexible job shop Scheduling Problem.
Input file is: wfjsp17_8.txt
Method: FaFM_45_75_900
Seed: 4
Number of Jobs: 15
Number of Operations: 133
Number of Machines: 5
Number of Operators: 4
CPU Time: 157.916
obj: 1738
Best found lower bound:0
Solver gap (best found lower bound and upper bound difference): Not known


Final Solution:
Job	Machine	Operator	Operation	Start Time	Finish Time
0	1	0	0	0	24
0	4	1	1	208	270
0	3	3	2	465	497
0	1	2	3	576	636
0	3	3	4	1017	1098
0	2	0	5	1165	1221
0	1	1	6	1282	1343
0	4	1	7	1420	1430
1	3	3	8	136	186
1	4	2	9	436	490
1	0	1	10	504	531
1	1	0	11	636	725
1	3	3	12	752	761
1	3	3	13	1181	1278
1	0	2	14	1285	1307
1	2	2	15	1623	1685
2	2	1	16	0	69
2	2	2	17	69	101
2	2	2	18	169	230
2	3	3	19	497	543
2	3	3	20	761	805
2	4	0	21	850	893
2	1	2	22	896	947
2	4	2	23	1128	1179
2	3	3	24	1341	1405
2	1	0	25	1496	1584
3	4	0	26	24	99
3	2	2	27	101	169
3	2	0	28	464	520
3	3	3	29	620	698
3	1	0	30	789	850
3	0	1	31	880	945
3	1	0	32	1221	1279
3	3	3	33	1405	1444
3	3	3	34	1444	1543
3	0	1	35	1650	1738
4	0	2	36	19	44
4	0	2	37	44	68
4	2	0	38	354	416
4	4	1	39	425	434
4	2	1	40	637	703
4	4	0	41	965	991
4	0	0	42	991	1000
4	4	1	43	1343	1390
4	0	2	44	1407	1450
4	4	1	45	1560	1609
5	4	1	46	270	358
5	4	1	47	596	637
5	4	2	48	686	732
5	1	2	49	732	785
5	2	1	50	988	1066
5	3	3	51	1098	1113
5	4	0	52	1279	1295
5	0	2	53	1307	1353
6	1	0	54	189	243
6	3	3	55	309	328
6	1	1	56	358	425
6	0	2	57	636	686
6	0	1	58	812	880
6	1	2	59	1043	1084
6	0	1	60	1133	1217
6	2	2	61	1493	1546
6	1	1	62	1609	1634
7	0	2	63	0	19
7	3	3	64	263	309
7	0	1	65	531	596
7	0	0	66	725	741
7	0	1	67	945	963
7	4	2	68	1084	1128
7	4	2	69	1179	1230
7	2	2	70	1230	1285
7	1	0	71	1421	1437
8	3	3	72	186	263
8	2	0	73	416	464
8	1	0	74	520	547
8	4	0	75	759	789
8	0	1	76	963	988
8	4	0	77	1000	1059
8	4	2	78	1450	1493
8	0	0	79	1584	1607
9	0	1	80	69	139
9	1	0	81	243	268
9	2	0	82	268	327
9	3	3	83	543	607
9	2	1	84	703	783
9	1	2	85	947	1043
9	2	1	86	1430	1473
9	2	2	87	1546	1623
9	4	0	88	1631	1685
10	3	3	89	46	136
10	3	3	90	328	379
10	1	1	91	434	504
10	3	3	92	865	951
10	3	3	93	951	1017
10	4	0	94	1059	1077
10	3	3	95	1113	1181
10	0	2	96	1353	1407
10	3	3	97	1543	1642
10	2	2	98	1685	1735
11	0	2	99	328	389
11	3	3	100	401	465
11	2	0	101	547	634
11	1	0	102	1084	1165
11	2	0	103	1364	1421
11	0	1	104	1473	1560
11	0	0	105	1607	1631
11	0	1	106	1634	1650
12	0	1	107	139	208
12	2	0	108	327	354
12	3	3	109	379	401
12	3	3	110	698	752
12	2	2	111	785	856
12	2	2	112	856	896
12	3	3	113	1278	1341
12	4	0	114	1685	1738
13	1	0	115	99	189
13	1	2	116	280	328
13	4	2	117	490	576
13	3	3	118	607	620
13	3	3	119	805	865
13	4	0	120	893	909
13	2	1	121	1066	1133
13	0	1	122	1217	1282
13	4	1	123	1390	1420
13	3	3	124	1642	1738
14	3	3	125	0	46
14	0	2	126	230	280
14	0	2	127	389	436
14	4	0	128	741	759
14	0	1	129	783	812
14	2	0	130	909	965
14	2	0	131	1295	1364
14	1	0	132	1437	1496


Solution History:
