This is the output of Heuristic Solver for Dual resource constrained flexible job shop Scheduling Problem.
Input file is: wfjsp15_8.txt
Method: FaFM_45_75_900
Seed: 3
Number of Jobs: 30
Number of Operations: 373
Number of Machines: 15
Number of Operators: 15
CPU Time: 1034.6
obj: 1330
Best found lower bound:0
Solver gap (best found lower bound and upper bound difference): Not known


Final Solution:
Job	Machine	Operator	Operation	Start Time	Finish Time
0	14	1	0	0	27
0	9	11	1	156	224
0	1	12	2	249	274
0	12	10	3	407	470
0	7	7	4	576	645
0	4	12	5	744	811
0	11	7	6	883	951
0	8	3	7	959	972
0	4	12	8	1119	1168
0	4	9	9	1271	1323
1	9	7	10	0	26
1	12	10	11	115	210
1	4	14	12	363	371
1	4	2	13	374	463
1	6	0	14	502	522
1	1	14	15	545	598
1	7	7	16	645	721
1	2	1	17	785	811
1	10	0	18	841	895
1	3	5	19	952	995
1	1	7	20	1038	1078
1	6	5	21	1113	1151
1	3	9	22	1153	1205
2	14	12	23	28	78
2	8	3	24	128	186
2	5	7	25	277	365
2	7	6	26	402	480
2	9	11	27	480	549
2	2	1	28	549	611
2	14	12	29	669	744
2	11	7	30	814	883
2	8	4	31	883	951
2	9	1	32	969	1026
2	10	0	33	1076	1121
2	7	8	34	1160	1254
3	10	1	35	64	157
3	0	13	36	165	189
3	5	10	37	244	270
3	0	6	38	334	402
3	1	12	39	421	430
3	2	10	40	470	535
3	13	3	41	535	564
3	1	14	42	598	608
3	5	6	43	675	717
3	6	9	44	796	836
3	10	9	45	895	945
3	1	7	46	954	1038
3	11	4	47	1078	1117
3	12	6	48	1130	1173
3	10	0	49	1182	1237
4	7	0	50	63	138
4	0	13	51	153	165
4	1	6	52	180	196
4	0	9	53	251	293
4	7	1	54	337	397
4	8	13	55	419	434
4	1	12	56	434	502
4	3	14	57	646	695
4	10	9	58	945	1012
4	1	7	59	1078	1115
4	13	7	60	1115	1197
4	11	14	61	1229	1296
5	6	5	62	10	37
5	3	1	63	37	59
5	4	3	64	206	254
5	9	11	65	283	351
5	13	14	66	374	388
5	3	5	67	531	550
5	9	3	68	572	617
5	2	9	69	687	736
5	14	10	70	744	799
5	6	2	71	885	902
5	12	10	72	939	1002
5	7	4	73	1117	1160
5	13	5	74	1277	1308
6	4	3	75	0	27
6	11	8	76	34	60
6	2	4	77	188	249
6	4	14	78	311	354
6	0	14	79	402	426
6	13	5	80	445	529
6	1	14	81	620	646
6	0	5	82	724	784
6	0	13	83	947	1014
6	8	3	84	1048	1125
6	10	0	85	1237	1327
7	11	4	86	0	34
7	4	12	87	128	192
7	8	8	88	225	288
7	11	8	89	336	425
7	8	8	90	497	557
7	11	8	91	620	704
7	0	4	92	785	857
7	2	3	93	894	959
7	12	10	94	1002	1021
7	6	11	95	1044	1113
7	14	1	96	1127	1189
8	8	4	97	34	123
8	5	4	98	123	173
8	14	0	99	265	326
8	8	13	100	355	419
8	7	6	101	480	576
8	11	14	102	704	799
8	14	6	103	829	897
8	5	6	104	897	990
8	3	0	105	996	1020
8	14	5	106	1031	1050
8	9	1	107	1057	1127
8	4	12	108	1168	1199
8	4	12	109	1199	1219
9	6	5	110	77	137
9	13	2	111	144	214
9	0	9	112	214	251
9	12	10	113	277	340
9	6	5	114	383	445
9	5	7	115	451	535
9	9	3	116	617	664
9	12	2	117	785	876
9	4	12	118	916	928
9	13	14	119	944	1002
9	2	10	120	1021	1037
9	7	8	121	1048	1116
9	10	0	122	1121	1182
9	11	4	123	1296	1330
10	2	8	124	106	188
10	7	6	125	203	253
10	4	14	126	262	311
10	2	3	127	414	462
10	4	2	128	463	480
10	3	9	129	497	531
10	12	4	130	632	693
10	9	1	131	709	785
10	0	13	132	860	923
10	2	10	133	1037	1103
10	8	4	134	1222	1292
10	2	11	135	1292	1317
11	0	13	136	17	64
11	11	3	137	75	94
11	1	14	138	127	170
11	10	0	139	213	240
11	3	9	140	337	389
11	0	9	141	426	445
11	8	8	142	557	592
11	2	6	143	615	675
11	8	13	144	724	752
11	9	11	145	913	956
11	3	9	146	1084	1153
11	8	4	147	1160	1222
11	3	1	148	1264	1330
12	6	10	149	0	10
12	11	7	150	123	215
12	13	2	151	215	236
12	6	5	152	307	383
12	3	9	153	445	497
12	1	12	154	502	516
12	11	12	155	518	603
12	2	9	156	675	687
12	4	4	157	693	740
12	4	12	158	811	865
12	4	12	159	865	916
12	0	13	160	1112	1205
12	8	14	161	1296	1323
13	0	6	162	0	17
13	14	13	163	189	263
13	10	3	164	265	289
13	5	7	165	365	451
13	12	4	166	470	498
13	14	10	167	547	604
13	11	14	168	608	620
13	8	3	169	664	722
13	2	3	170	811	877
13	4	12	171	928	973
13	4	12	172	1065	1119
13	14	12	173	1250	1314
14	9	3	174	27	75
14	3	1	175	186	249
14	11	7	176	249	261
14	1	12	177	274	348
14	14	1	178	487	547
14	5	1	179	620	674
14	1	1	180	873	954
14	9	4	181	956	969
14	0	13	182	1014	1047
14	14	13	183	1084	1112
14	9	11	184	1208	1237
14	12	10	185	1237	1269
14	5	6	186	1285	1328
15	7	0	187	0	8
15	12	10	188	10	43
15	4	3	189	95	128
15	10	1	190	157	186
15	10	4	191	354	460
15	4	2	192	480	515
15	9	7	193	549	572
15	5	6	194	576	615
15	9	1	195	674	709
15	10	0	196	712	766
15	14	6	197	805	829
15	3	5	198	853	883
15	6	11	199	989	1036
15	5	3	200	1155	1245
16	7	0	201	8	63
16	3	8	202	63	106
16	8	13	203	288	355
16	2	3	204	355	385
16	11	14	205	426	453
16	1	11	206	652	734
16	6	9	207	739	796
16	11	14	208	799	814
16	5	10	209	826	897
16	13	2	210	1002	1038
16	13	7	211	1197	1277
17	10	2	212	0	64
17	3	9	213	106	185
17	1	12	214	196	249
17	1	12	215	348	421
17	0	13	216	514	582
17	1	1	217	611	620
17	6	10	218	666	739
17	7	4	219	740	785
17	1	1	220	811	873
17	7	8	221	908	976
17	14	5	222	996	1031
17	14	13	223	1050	1084
17	8	3	224	1125	1155
17	12	6	225	1173	1182
17	2	11	226	1237	1288
18	1	14	227	31	82
18	14	12	228	82	117
18	5	14	229	173	244
18	2	4	230	292	346
18	0	13	231	445	514
18	3	5	232	595	639
18	5	3	233	722	802
18	5	10	234	802	826
18	8	4	235	860	876
18	6	2	236	902	988
18	7	3	237	988	1043
18	5	14	238	1078	1154
18	12	10	239	1269	1298
19	13	11	240	0	75
19	7	0	241	138	146
19	7	6	242	253	333
19	14	1	243	424	487
19	10	9	244	531	578
19	13	5	245	652	720
19	1	6	246	734	805
19	13	14	247	867	944
19	14	0	248	972	996
19	6	11	249	1036	1044
19	0	13	250	1205	1275
20	8	8	251	0	29
20	5	6	252	31	98
20	13	2	253	284	374
20	2	3	254	385	414
20	8	8	255	434	497
20	13	11	256	584	652
20	3	8	257	704	789
20	8	8	258	976	1048
20	2	10	259	1164	1237
20	6	2	260	1261	1321
21	2	9	261	0	19
21	13	2	262	75	144
21	7	0	263	146	203
21	11	7	264	215	243
21	14	0	265	326	384
21	10	3	266	462	528
21	6	9	267	579	666
21	13	7	268	721	810
21	6	9	269	836	885
21	2	4	270	969	1020
21	5	6	271	1034	1065
21	9	11	272	1127	1208
21	7	8	273	1254	1319
22	2	9	274	19	96
22	11	7	275	112	123
22	0	13	276	143	153
22	3	1	277	249	337
22	14	1	278	397	424
22	3	5	279	550	595
22	0	13	280	595	659
22	8	13	281	752	860
22	0	13	282	923	947
22	11	11	283	956	989
22	5	6	284	990	1034
22	3	1	285	1205	1264
22	1	3	286	1264	1318
23	6	5	287	37	77
23	11	7	288	95	112
23	12	10	289	210	239
23	4	3	290	254	262
23	9	11	291	351	421
23	10	0	292	579	635
23	4	2	293	638	686
23	13	14	294	814	867
23	11	14	295	1002	1078
23	6	5	296	1220	1261
24	4	7	297	27	95
24	14	6	298	156	180
24	4	3	299	192	206
24	9	11	300	224	236
24	10	0	301	240	265
24	12	7	302	265	277
24	12	10	303	340	407
24	11	14	304	453	518
24	13	11	305	564	584
24	7	8	306	859	908
24	4	12	307	985	1065
24	12	6	308	1065	1130
24	6	5	309	1151	1220
24	14	12	310	1220	1250
25	5	14	311	0	31
25	14	6	312	117	156
25	6	5	313	222	307
25	13	14	314	388	402
25	1	14	315	518	545
25	12	4	316	565	632
25	0	13	317	659	724
25	2	3	318	877	894
25	14	0	319	897	972
25	9	1	320	1026	1057
25	11	14	321	1156	1229
25	13	5	322	1308	1330
26	1	12	323	0	28
26	1	14	324	82	127
26	8	8	325	188	225
26	0	9	326	293	334
26	4	14	327	354	363
26	6	0	328	522	579
26	8	8	329	592	608
26	10	0	330	635	712
26	9	11	331	785	843
26	3	4	332	1020	1075
26	3	9	333	1075	1084
26	4	9	334	1219	1271
26	9	7	335	1277	1323
27	12	10	336	43	115
27	6	5	337	137	222
27	13	2	338	236	284
27	10	3	339	289	354
27	4	2	340	515	576
27	4	2	341	576	638
27	12	2	342	693	785
27	10	0	343	785	841
27	9	11	344	843	913
27	12	10	345	913	939
27	0	5	346	1050	1111
27	11	8	347	1117	1156
27	1	2	348	1186	1255
27	0	13	349	1275	1304
28	9	11	350	75	156
28	10	9	351	186	213
28	9	11	352	236	283
28	3	0	353	389	443
28	6	0	354	445	502
28	8	10	355	608	664
28	2	11	356	736	776
28	3	5	357	789	853
28	13	2	358	1038	1111
28	1	2	359	1115	1186
28	5	6	360	1245	1285
29	0	13	361	64	143
29	2	4	362	249	292
29	11	8	363	292	336
29	9	11	364	421	479
29	12	4	365	498	565
29	14	12	366	604	669
29	7	8	367	789	859
29	3	5	368	883	952
29	4	3	369	973	985
29	10	0	370	1020	1076
29	2	10	371	1103	1152
29	2	10	372	1152	1164


Solution History:
