This is the output of Heuristic Solver for Dual resource constrained flexible job shop Scheduling Problem.
Input file is: wfjsp13_4.txt
Method: FaFM_45_75_900
Seed: 1
Number of Jobs: 25
Number of Operations: 255
Number of Machines: 15
Number of Operators: 15
CPU Time: 875.253
obj: 892
Best found lower bound:0
Solver gap (best found lower bound and upper bound difference): Not known


Final Solution:
Job	Machine	Operator	Operation	Start Time	Finish Time
0	1	1	0	10	85
0	8	0	1	161	222
0	9	7	2	350	421
0	13	13	3	436	500
0	10	6	4	500	593
0	10	6	5	593	622
0	8	2	6	674	713
0	0	4	7	753	766
0	9	3	8	801	854
1	9	3	9	0	20
1	6	3	10	20	36
1	6	3	11	36	75
1	3	7	12	196	261
1	4	7	13	261	284
1	14	3	14	401	482
1	7	8	15	494	573
1	6	0	16	619	680
1	7	8	17	788	834
1	0	11	18	847	878
2	6	0	19	0	15
2	14	5	20	42	89
2	0	1	21	234	310
2	2	8	22	316	327
2	8	12	23	327	393
2	12	6	24	397	475
2	2	9	25	496	506
2	14	5	26	550	622
2	2	4	27	664	741
3	0	7	28	0	94
3	7	6	29	114	162
3	12	6	30	211	301
3	0	1	31	310	376
3	6	10	32	396	462
3	5	5	33	486	533
3	14	11	34	533	550
3	2	9	35	550	616
3	12	3	36	653	683
3	10	5	37	748	771
3	13	4	38	771	841
3	12	13	39	841	889
4	2	2	40	0	56
4	3	6	41	79	113
4	11	9	42	196	247
4	1	9	43	285	353
4	11	13	44	364	436
4	3	4	45	436	504
4	9	7	46	604	637
4	3	6	47	648	673
4	5	14	48	693	760
4	7	8	49	760	788
4	5	10	50	836	886
5	12	12	51	46	74
5	5	5	52	110	206
5	7	3	53	206	246
5	9	14	54	246	260
5	11	13	55	260	287
5	11	13	56	287	364
5	7	8	57	394	406
5	7	8	58	406	474
5	2	1	59	506	550
5	6	0	60	558	619
5	1	10	61	668	713
5	8	2	62	756	791
6	14	6	63	0	13
6	14	0	64	15	42
6	3	4	65	144	195
6	9	7	66	290	350
6	3	5	67	381	430
6	1	10	68	563	593
6	8	12	69	610	671
6	3	1	70	727	793
6	5	10	71	803	836
6	8	14	72	844	891
7	10	12	73	74	149
7	11	9	74	149	196
7	4	14	75	225	235
7	10	12	76	253	321
7	11	11	77	436	485
7	9	4	78	549	570
7	1	10	79	593	668
7	12	11	80	683	746
7	14	6	81	792	843
8	13	9	82	0	60
8	6	4	83	92	124
8	6	4	84	195	286
8	4	10	85	286	307
8	13	4	86	307	340
8	4	10	87	359	394
8	2	9	88	433	496
8	12	3	89	539	582
8	14	5	90	622	644
8	10	5	91	648	674
8	10	5	92	674	748
8	2	2	93	838	892
9	5	5	94	0	42
9	1	1	95	85	130
9	13	11	96	221	289
9	9	7	97	421	489
9	3	9	98	506	549
9	5	14	99	549	561
9	4	13	100	608	657
9	14	1	101	694	727
9	8	2	102	727	756
9	0	7	103	766	814
9	10	5	104	846	865
10	7	8	105	0	70
10	0	13	106	145	234
10	12	6	107	301	348
10	12	6	108	348	397
10	10	0	109	419	489
10	6	0	110	489	558
10	9	7	111	637	685
10	4	13	112	753	817
10	11	12	113	822	890
11	1	10	114	0	9
11	13	11	115	134	221
11	8	0	116	222	274
11	5	11	117	289	359
11	11	11	118	485	517
11	2	4	119	616	664
11	5	14	120	760	788
11	2	2	121	805	838
12	13	11	122	71	106
12	14	2	123	106	171
12	2	8	124	198	247
12	7	8	125	247	316
12	5	11	126	359	435
12	5	5	127	435	486
12	12	13	128	510	539
12	7	8	129	573	653
12	13	12	130	676	747
12	6	0	131	843	892
13	12	12	132	0	46
13	2	2	133	56	73
13	12	3	134	75	121
13	12	3	135	121	161
13	9	1	136	184	227
13	4	10	137	307	359
13	2	9	138	372	420
13	9	14	139	533	549
13	13	11	140	550	572
13	14	1	141	648	694
13	1	10	142	713	803
13	7	8	143	834	885
14	4	13	144	34	101
14	1	10	145	132	203
14	3	3	146	261	289
14	7	8	147	327	394
14	2	9	148	420	433
14	12	14	149	475	510
14	13	4	150	572	615
14	10	6	151	622	648
14	7	8	152	720	749
14	4	7	153	817	881
15	4	7	154	101	196
15	3	5	155	289	381
15	4	14	156	395	465
15	9	14	157	510	533
15	1	10	158	536	563
15	5	14	159	662	693
15	14	6	160	727	792
15	14	1	161	843	892
16	8	11	162	0	71
16	6	14	163	124	192
16	4	14	164	196	225
16	9	14	165	235	245
16	2	9	166	247	273
16	6	3	167	289	329
16	6	3	168	329	396
16	8	12	169	396	479
16	8	12	170	479	543
16	3	1	171	550	648
16	9	3	172	685	708
16	9	3	173	708	801
17	3	6	174	13	79
17	10	12	175	149	253
17	9	14	176	260	290
17	2	4	177	290	304
17	2	0	178	327	372
17	10	0	179	372	419
17	7	8	180	474	494
17	0	7	181	498	572
17	9	7	182	572	604
17	0	11	183	604	680
17	0	13	184	685	753
17	10	5	185	771	846
18	10	14	186	0	68
18	2	8	187	166	198
18	1	10	188	203	285
18	10	14	189	321	367
18	1	2	190	401	462
18	5	14	191	561	662
18	4	7	192	685	744
18	2	9	193	744	805
19	5	0	194	42	110
19	3	0	195	113	144
19	8	0	196	144	161
19	9	1	197	161	184
19	14	2	198	276	358
19	0	1	199	453	498
19	11	11	200	517	530
19	0	11	201	572	600
19	11	2	202	606	674
19	6	0	203	680	759
19	8	14	204	791	805
19	1	9	205	805	874
20	11	10	206	43	70
20	11	9	207	70	148
20	5	5	208	206	235
20	1	9	209	353	366
20	1	14	210	367	395
20	1	2	211	462	526
20	4	13	212	539	608
20	3	1	213	793	840
20	9	3	214	854	887
21	4	13	215	0	34
21	9	4	216	34	69
21	6	4	217	75	92
21	13	11	218	106	134
21	7	3	219	162	205
21	13	4	220	340	435
21	4	10	221	465	536
21	12	3	222	582	653
21	3	6	223	673	726
21	12	11	224	746	818
21	8	14	225	818	844
22	11	10	226	9	43
22	2	8	227	73	166
22	12	6	228	166	211
22	14	2	229	229	276
22	8	0	230	276	325
22	0	1	231	376	453
22	13	4	232	504	548
22	13	9	233	616	676
22	11	9	234	676	742
22	6	0	235	759	843
22	3	6	236	843	852
22	3	6	237	852	881
23	8	10	238	71	132
23	9	1	239	132	161
23	14	2	240	171	229
23	14	2	241	358	401
23	8	12	242	543	610
23	7	8	243	653	720
23	11	12	244	747	795
23	0	11	245	818	847
24	3	1	246	0	10
24	7	14	247	70	114
24	0	13	248	114	145
24	5	5	249	235	288
24	14	3	250	482	533
24	11	2	251	533	606
24	4	13	252	657	685
24	11	12	253	795	822
24	13	4	254	841	888


Solution History:
