This is the output of Heuristic Solver for Dual resource constrained flexible job shop Scheduling Problem.
Input file is: wfjsp20_3.txt
Method: FaFM_45_75_900
Seed: 3
Number of Jobs: 25
Number of Operations: 204
Number of Machines: 10
Number of Operators: 8
CPU Time: 449.727
obj: 1338
Best found lower bound:0
Solver gap (best found lower bound and upper bound difference): Not known


Final Solution:
Job	Machine	Operator	Operation	Start Time	Finish Time
0	5	1	0	27	101
0	5	4	1	237	250
0	9	5	2	354	367
0	1	2	3	516	601
0	8	3	4	611	681
0	1	3	5	681	752
0	3	4	6	824	901
0	9	7	7	934	964
0	0	7	8	964	1046
1	8	4	9	0	13
1	4	0	10	71	137
1	2	7	11	137	222
1	1	0	12	648	666
1	6	7	13	807	903
1	4	6	14	913	1001
1	0	3	15	1059	1090
1	5	4	16	1186	1238
2	3	5	17	0	15
2	0	6	18	31	108
2	9	6	19	185	196
2	2	4	20	250	277
2	3	5	21	277	325
2	0	7	22	371	454
2	2	7	23	598	665
2	2	2	24	760	787
2	5	0	25	915	998
2	8	4	26	1073	1174
3	3	7	27	47	57
3	6	5	28	107	140
3	5	1	29	256	364
3	8	1	30	364	402
3	6	3	31	500	531
3	5	0	32	695	763
3	9	5	33	864	923
3	6	4	34	964	1023
4	7	3	35	36	138
4	5	6	36	366	449
4	4	6	37	449	464
4	1	2	38	601	628
4	0	4	39	698	767
4	4	3	40	824	838
4	7	3	41	838	865
4	9	5	42	982	1032
4	4	1	43	1041	1078
4	3	3	44	1223	1271
5	5	2	45	107	205
5	8	4	46	277	340
5	2	4	47	340	411
5	3	2	48	496	516
5	4	6	49	561	575
5	6	4	50	575	629
5	9	5	51	807	864
5	3	6	52	1001	1037
5	5	4	53	1261	1283
5	2	1	54	1283	1336
6	5	1	55	0	27
6	8	0	56	43	71
6	7	7	57	261	326
6	1	3	58	428	500
6	2	7	59	516	598
6	8	6	60	681	781
6	0	3	61	948	959
6	7	6	62	1037	1098
6	1	2	63	1116	1217
7	7	7	64	0	36
7	3	3	65	399	428
7	6	2	66	437	496
7	0	0	67	611	648
7	4	5	68	656	739
7	4	0	69	1027	1039
7	4	5	70	1205	1307
8	3	2	71	205	270
8	7	2	72	330	362
8	5	6	73	495	561
8	2	0	74	666	695
8	9	7	75	746	807
8	5	4	76	1174	1186
9	1	2	77	38	71
9	5	5	78	564	576
9	9	5	79	591	656
9	3	3	80	752	824
9	8	1	81	824	873
9	5	1	82	999	1016
9	6	5	83	1132	1169
9	1	6	84	1297	1312
10	9	1	85	101	180
10	0	0	86	294	335
10	7	2	87	362	399
10	6	0	88	415	437
10	0	7	89	665	698
10	3	7	90	698	746
10	0	4	91	767	819
10	3	5	92	958	982
10	6	2	93	1085	1116
11	6	3	94	0	35
11	1	6	95	271	355
11	1	0	96	375	415
11	0	0	97	466	542
11	5	6	98	576	670
11	4	1	99	746	818
11	5	6	100	860	913
11	3	5	101	923	958
11	2	0	102	1041	1132
11	6	7	103	1183	1255
12	9	6	104	0	31
12	3	7	105	36	47
12	8	4	106	118	180
12	1	0	107	180	216
12	6	4	108	629	696
12	0	0	109	819	915
12	3	7	110	1046	1132
12	2	0	111	1132	1231
12	9	7	112	1255	1303
12	9	7	113	1303	1336
13	8	4	114	93	118
13	1	7	115	222	261
13	9	1	116	427	468
13	7	3	117	531	542
13	8	0	118	542	610
13	7	2	119	1241	1335
14	3	5	120	15	29
14	4	4	121	180	237
14	3	7	122	326	371
14	5	6	123	464	495
14	9	5	124	496	564
14	6	5	125	739	802
14	1	3	126	891	948
15	6	4	127	36	93
15	7	1	128	180	256
15	7	1	129	666	746
15	2	1	130	1016	1041
15	9	5	131	1041	1096
15	5	4	132	1238	1261
15	3	3	133	1271	1333
16	9	5	134	31	78
16	2	5	135	78	107
16	8	6	136	196	271
16	6	2	137	271	330
16	4	0	138	335	375
16	7	1	139	623	666
16	9	2	140	666	722
16	1	3	141	865	891
16	8	7	142	903	934
16	0	6	143	1098	1199
17	9	5	144	197	267
17	9	5	145	576	591
17	5	0	146	763	789
17	6	4	147	903	964
17	4	3	148	1090	1151
17	1	0	149	1231	1297
18	4	0	150	0	43
18	4	0	151	137	178
18	9	5	152	325	354
18	7	7	153	454	516
18	5	4	154	1023	1073
18	7	5	155	1098	1132
18	4	5	156	1169	1205
18	7	2	157	1217	1241
18	8	4	158	1283	1332
19	1	2	159	0	38
19	1	2	160	71	107
19	4	3	161	242	304
19	8	4	162	411	481
19	0	3	163	542	611
19	3	2	164	628	665
19	7	1	165	1150	1208
19	0	6	166	1216	1295
19	5	5	167	1307	1338
20	0	0	168	216	294
20	4	1	169	402	425
20	8	4	170	481	537
20	2	2	171	722	760
20	8	0	172	789	802
20	5	1	173	1078	1150
21	0	6	174	108	185
21	9	5	175	367	427
21	3	5	176	428	496
21	7	1	177	873	950
21	8	3	178	959	1059
21	3	3	179	1151	1223
21	0	0	180	1297	1337
22	8	4	181	13	36
22	3	5	182	140	197
22	6	3	183	330	399
22	4	1	184	468	544
22	2	2	185	787	886
22	2	1	186	950	999
22	4	0	187	1001	1027
22	8	6	188	1199	1216
23	6	3	189	140	242
23	7	2	190	399	432
23	2	0	191	437	466
23	3	4	192	537	575
23	1	6	193	781	860
23	7	2	194	950	1026
23	9	7	195	1132	1173
24	3	7	196	57	119
24	0	6	197	355	366
24	7	1	198	544	623
24	5	6	199	670	680
24	2	2	200	886	948
24	6	2	201	1026	1085
24	6	7	202	1173	1183
24	8	1	203	1216	1281


Solution History:
