This is the output of Heuristic Solver for Dual resource constrained flexible job shop Scheduling Problem.
Input file is: wfjsp18_9.txt
Method: FaFM_45_75_900
Seed: 1
Number of Jobs: 20
Number of Operations: 148
Number of Machines: 10
Number of Operators: 8
CPU Time: 548.001
obj: 960
Best found lower bound:0
Solver gap (best found lower bound and upper bound difference): Not known


Final Solution:
Job	Machine	Operator	Operation	Start Time	Finish Time
0	4	6	0	291	363
0	9	1	1	389	436
0	1	2	2	575	653
0	9	6	3	653	723
0	1	1	4	809	838
1	9	6	5	116	209
1	8	6	6	209	265
1	9	4	7	270	290
1	1	7	8	342	397
1	2	7	9	415	473
1	4	3	10	567	656
1	3	0	11	657	736
1	3	0	12	736	811
2	7	0	13	0	36
2	3	4	14	84	105
2	8	4	15	105	164
2	4	4	16	233	249
2	9	6	17	535	616
2	0	5	18	616	636
2	6	7	19	659	678
2	5	1	20	704	739
3	4	3	21	88	142
3	9	1	22	242	252
3	8	6	23	265	284
3	3	4	24	290	312
3	4	3	25	772	832
3	7	2	26	902	956
4	1	7	27	36	131
4	6	7	28	207	290
4	6	4	29	399	483
4	6	7	30	742	800
4	6	7	31	899	958
5	9	6	32	61	116
5	6	0	33	118	192
5	5	5	34	299	311
5	6	7	35	483	576
5	7	1	36	671	704
5	7	7	37	800	819
5	5	0	38	888	903
5	1	0	39	903	958
6	5	2	40	0	57
6	9	2	41	301	389
6	7	1	42	438	462
6	8	1	43	462	481
6	5	4	44	483	505
6	3	5	45	512	549
6	8	1	46	561	614
6	1	1	47	739	809
6	1	2	48	861	902
6	2	3	49	937	959
7	2	3	50	151	240
7	7	0	51	290	319
7	8	4	52	336	399
7	4	6	53	509	535
7	8	4	54	635	664
7	6	7	55	678	742
7	7	7	56	819	895
7	5	5	57	903	918
7	9	1	58	924	956
8	2	2	59	57	151
8	1	2	60	151	195
8	1	3	61	397	437
8	8	1	62	481	561
8	0	5	63	561	616
8	1	3	64	656	725
8	0	2	65	793	861
8	0	4	66	899	914
9	0	0	67	109	118
9	7	0	68	192	218
9	5	5	69	238	299
9	7	0	70	319	343
9	9	6	71	616	651
10	1	1	72	0	31
10	0	7	73	131	204
10	4	6	74	363	454
10	7	2	75	485	539
10	4	4	76	539	567
10	3	4	77	567	635
10	7	3	78	725	772
10	4	1	79	838	889
10	9	1	80	896	924
10	3	4	81	924	960
11	2	7	82	0	36
11	6	1	83	192	207
11	0	7	84	290	342
11	2	2	85	539	575
11	2	7	86	576	659
12	0	5	87	53	106
12	9	4	88	252	270
12	6	1	89	291	313
12	3	5	90	313	400
12	5	0	91	505	552
12	6	4	92	810	899
13	4	3	93	0	88
13	1	2	94	195	238
13	1	3	95	240	253
13	4	1	96	253	291
13	4	6	97	454	509
13	8	4	98	664	754
13	9	6	99	811	896
14	0	5	100	23	53
14	0	0	101	231	290
14	6	1	102	313	363
14	7	1	103	363	385
14	0	2	104	389	485
14	5	1	105	614	671
14	4	6	106	896	954
15	8	4	107	0	84
15	3	0	108	218	231
15	2	2	109	240	301
15	7	0	110	385	438
15	2	3	111	493	509
15	0	5	112	636	710
15	2	5	113	733	841
16	0	5	114	0	23
16	9	1	115	31	59
16	7	1	116	122	192
16	2	3	117	336	397
16	1	3	118	437	493
16	9	4	119	505	534
16	3	0	120	635	657
16	0	2	121	727	793
16	2	3	122	881	937
17	3	6	123	0	61
17	4	4	124	164	233
17	1	3	125	253	313
17	1	3	126	313	336
17	0	0	127	343	385
17	2	7	128	397	415
17	3	5	129	417	512
17	4	2	130	656	727
17	9	6	131	727	811
17	3	5	132	841	903
18	5	1	133	59	122
18	9	1	134	209	242
18	5	4	135	312	336
18	5	5	136	400	417
18	9	0	137	438	491
18	1	3	138	509	567
18	2	5	139	710	733
18	8	4	140	754	810
18	5	0	141	811	888
19	7	0	142	36	109
19	3	5	143	109	150
19	5	5	144	150	238
19	7	0	145	552	630
19	2	3	146	841	881
19	5	5	147	918	951


Solution History:
