This is the output of Heuristic Solver for Dual resource constrained flexible job shop Scheduling Problem.
Input file is: wfjsp17_8.txt
Method: FaFM_45_75_900
Seed: 3
Number of Jobs: 15
Number of Operations: 133
Number of Machines: 5
Number of Operators: 4
CPU Time: 201.189
obj: 1749
Best found lower bound:0
Solver gap (best found lower bound and upper bound difference): Not known


Final Solution:
Job	Machine	Operator	Operation	Start Time	Finish Time
0	1	0	0	0	24
0	4	0	1	283	340
0	3	3	2	499	531
0	2	0	3	585	644
0	3	3	4	1030	1111
0	2	1	5	1132	1193
0	1	0	6	1353	1409
0	4	1	7	1560	1570
1	3	3	8	90	140
1	1	2	9	183	234
1	4	2	10	566	593
1	3	3	11	701	797
1	0	2	12	927	936
1	3	3	13	1322	1419
1	0	0	14	1557	1576
1	1	2	15	1598	1652
2	2	1	16	0	69
2	2	1	17	69	97
2	2	1	18	238	298
2	4	1	19	461	507
2	2	2	20	692	737
2	4	1	21	778	820
2	1	2	22	1189	1240
2	1	0	23	1240	1295
2	2	1	24	1335	1398
2	1	0	25	1409	1497
3	0	1	26	102	171
3	0	1	27	171	238
3	1	1	28	327	394
3	3	3	29	553	631
3	0	1	30	703	769
3	0	1	31	1067	1132
3	4	0	32	1147	1204
3	1	0	33	1295	1330
3	3	3	34	1482	1581
3	0	1	35	1661	1749
4	0	2	36	0	25
4	0	0	37	80	102
4	2	2	38	301	369
4	4	1	39	769	778
4	2	2	40	832	905
4	4	1	41	905	934
4	1	2	42	997	1006
4	4	0	43	1056	1104
4	4	0	44	1104	1147
4	4	0	45	1576	1626
5	4	0	46	194	283
5	1	0	47	494	537
5	4	2	48	593	639
5	1	2	49	1006	1059
5	2	1	50	1257	1335
5	2	1	51	1570	1581
5	4	0	52	1626	1642
5	2	2	53	1652	1696
6	1	2	54	25	85
6	2	0	55	102	118
6	1	1	56	394	461
6	0	2	57	639	689
6	0	0	58	774	847
6	2	2	59	1059	1099
6	0	2	60	1389	1479
6	2	0	61	1497	1554
6	1	2	62	1574	1598
7	0	2	63	282	301
7	3	3	64	389	435
7	0	2	65	494	566
7	3	3	66	685	701
7	1	2	67	905	927
7	1	2	68	1143	1189
7	3	3	69	1274	1322
7	0	2	70	1479	1531
7	1	2	71	1557	1574
8	3	3	72	312	389
8	2	0	73	644	692
8	1	0	74	692	719
8	4	0	75	719	749
8	1	0	76	749	774
8	0	2	77	936	997
8	1	2	78	1099	1143
8	0	0	79	1330	1353
9	3	3	80	237	312
9	0	0	81	340	362
9	0	0	82	440	494
9	2	1	83	507	570
9	0	0	84	847	925
9	3	3	85	1179	1274
9	2	1	86	1398	1441
9	3	3	87	1581	1653
9	4	0	88	1695	1749
10	3	3	89	0	90
10	3	3	90	140	191
10	2	2	91	419	494
10	1	1	92	601	673
10	3	3	93	964	1030
10	4	0	94	1038	1056
10	3	3	95	1111	1179
10	0	2	96	1240	1294
10	4	1	97	1471	1560
10	2	2	98	1696	1746
11	0	0	99	25	80
11	3	3	100	435	499
11	2	2	101	737	832
11	3	3	102	857	964
11	2	0	103	981	1038
11	4	2	104	1294	1389
11	0	2	105	1531	1557
11	0	1	106	1581	1597
12	4	0	107	118	194
12	1	1	108	298	327
12	3	3	109	531	553
12	3	3	110	631	685
12	1	1	111	820	889
12	4	0	112	1204	1240
12	3	3	113	1419	1482
12	4	0	114	1642	1695
13	1	2	115	85	183
13	1	2	116	234	282
13	4	0	117	362	440
13	2	1	118	570	582
13	3	3	119	797	857
13	4	1	120	889	904
13	4	1	121	934	1002
13	0	1	122	1002	1067
13	4	1	123	1441	1471
13	3	3	124	1653	1749
14	3	3	125	191	237
14	0	2	126	369	419
14	1	0	127	537	585
14	1	1	128	585	601
14	4	1	129	673	703
14	2	0	130	925	981
14	2	1	131	1193	1257
14	0	1	132	1597	1661


Solution History:
