This is the output of Heuristic Solver for Dual resource constrained flexible job shop Scheduling Problem.
Input file is: wfjsp10_6.txt
Method: FaFM_45_75_900
Seed: 5
Number of Jobs: 20
Number of Operations: 160
Number of Machines: 10
Number of Operators: 10
CPU Time: 292.223
obj: 916
Best found lower bound:0
Solver gap (best found lower bound and upper bound difference): Not known


Final Solution:
Job	Machine	Operator	Operation	Start Time	Finish Time
0	3	7	0	42	106
0	3	7	1	146	185
0	1	9	2	188	245
0	4	2	3	264	306
0	2	4	4	353	448
0	9	5	5	462	553
0	7	5	6	723	751
0	2	4	7	751	778
0	6	1	8	786	871
1	2	4	9	0	13
1	5	1	10	13	102
1	8	3	11	222	301
1	8	3	12	387	420
1	6	0	13	522	560
1	9	8	14	584	639
1	0	9	15	646	741
1	4	9	16	838	916
2	0	3	17	82	167
2	5	1	18	183	211
2	1	9	19	245	299
2	2	4	20	299	353
2	7	8	21	368	408
2	5	1	22	445	527
2	7	7	23	565	641
2	3	2	24	859	916
3	0	7	25	0	42
3	0	9	26	42	75
3	0	7	27	207	218
3	8	9	28	420	480
3	4	2	29	503	587
3	0	3	30	601	646
3	1	3	31	646	659
3	3	2	32	674	769
3	9	8	33	793	871
3	9	8	34	871	907
4	6	8	35	75	152
4	0	3	36	167	207
4	3	8	37	252	277
4	5	1	38	360	445
4	1	8	39	445	487
4	1	9	40	584	640
4	1	3	41	693	739
4	8	9	42	776	838
5	1	2	43	49	134
5	7	8	44	277	368
5	2	4	45	482	530
5	2	4	46	645	736
5	0	7	47	776	813
5	7	5	48	836	880
5	8	0	49	902	915
6	8	3	50	0	82
6	3	7	51	106	133
6	5	0	52	211	223
6	4	2	53	306	353
6	9	5	54	375	462
6	2	4	55	472	482
6	8	5	56	578	665
6	9	8	57	733	793
6	1	3	58	806	868
6	1	3	59	868	914
7	9	0	60	114	206
7	0	4	61	284	295
7	3	6	62	317	405
7	7	7	63	492	544
7	7	7	64	544	565
7	5	1	65	565	591
7	7	5	66	751	836
8	7	5	67	25	66
8	8	3	68	301	387
8	3	6	69	502	567
8	6	0	70	596	610
8	7	7	71	690	723
8	8	7	72	723	762
9	4	6	73	57	146
9	1	9	74	146	188
9	9	5	75	331	375
9	3	2	76	405	415
9	2	4	77	448	472
9	9	8	78	639	733
9	3	2	79	769	859
9	2	4	80	903	914
10	7	5	81	0	25
10	3	2	82	134	146
10	6	2	83	152	245
10	9	5	84	311	331
10	6	0	85	359	444
10	8	9	86	480	574
10	8	5	87	665	717
10	0	9	88	741	765
10	6	1	89	871	906
11	7	8	90	152	237
11	6	2	91	245	263
11	0	9	92	299	317
11	0	3	93	565	601
11	7	7	94	641	690
11	6	1	95	694	738
12	2	4	96	13	101
12	9	5	97	222	311
12	1	9	98	317	345
12	6	0	99	444	522
12	2	4	100	530	583
12	4	2	101	587	599
12	4	0	102	695	735
12	6	1	103	738	786
12	5	6	104	805	823
12	7	5	105	880	915
13	1	9	106	0	22
13	8	5	107	82	124
13	2	4	108	189	282
13	3	6	109	282	317
13	0	3	110	488	517
13	6	1	111	610	694
13	5	6	112	778	805
13	2	4	113	852	903
14	6	8	114	0	75
14	6	0	115	264	359
14	7	7	116	408	492
14	5	1	117	527	561
14	6	5	118	561	578
14	8	7	119	762	776
14	1	3	120	784	806
14	5	6	121	823	914
15	3	2	122	0	17
15	1	2	123	22	49
15	2	4	124	101	189
15	0	7	125	218	284
15	0	3	126	517	565
15	5	6	127	599	687
15	1	3	128	739	784
16	5	1	129	0	9
16	5	1	130	102	183
16	4	6	131	183	200
16	3	6	132	200	252
16	5	1	133	310	360
16	6	0	134	578	596
16	1	3	135	659	693
16	2	4	136	778	852
16	8	0	137	852	902
17	4	0	138	0	55
17	9	0	139	57	114
17	5	1	140	223	310
17	0	7	141	317	404
17	4	2	142	415	503
17	3	6	143	567	599
17	3	2	144	599	674
17	5	6	145	687	778
18	7	9	146	75	136
18	1	2	147	353	394
18	3	6	148	415	502
18	2	4	149	583	645
18	4	0	150	735	824
19	9	6	151	0	17
19	9	6	152	17	57
19	8	5	153	124	222
19	4	0	154	223	264
19	4	9	155	353	411
19	0	3	156	420	488
19	1	8	157	488	584
19	4	0	158	610	695
19	0	7	159	813	904


Solution History:
