This is the output of Heuristic Solver for Dual resource constrained flexible job shop Scheduling Problem.
Input file is: wfjsp21_10.txt
Method: FaFM_45_75_900
Seed: 1
Number of Jobs: 25
Number of Operations: 248
Number of Machines: 15
Number of Operators: 12
CPU Time: 896.345
obj: 1117
Best found lower bound:0
Solver gap (best found lower bound and upper bound difference): Not known


Final Solution:
Job	Machine	Operator	Operation	Start Time	Finish Time
0	0	4	0	0	72
0	3	2	1	109	193
0	13	0	2	215	278
0	11	8	3	482	562
0	5	3	4	651	701
0	8	7	5	713	740
0	5	0	6	790	823
0	3	10	7	849	903
0	14	10	8	903	986
0	11	0	9	1013	1038
1	2	8	10	0	38
1	10	8	11	38	68
1	12	1	12	224	306
1	6	6	13	349	425
1	7	0	14	702	768
1	8	6	15	787	868
1	3	5	16	903	984
1	2	10	17	986	999
2	11	5	18	0	8
2	4	0	19	8	59
2	9	8	20	158	222
2	5	11	21	327	403
2	10	5	22	408	456
2	12	4	23	517	585
2	8	1	24	598	639
2	0	7	25	740	761
2	7	5	26	785	832
2	10	1	27	832	850
2	0	6	28	988	1074
2	3	2	29	1083	1115
3	12	4	30	93	167
3	5	11	31	255	327
3	14	0	32	327	395
3	8	4	33	478	517
3	3	4	34	585	635
3	13	10	35	649	721
3	4	3	36	752	767
3	11	1	37	807	828
3	4	1	38	969	991
3	3	8	39	991	1035
3	0	6	40	1074	1104
4	14	10	41	238	327
4	0	6	42	425	491
4	9	0	43	510	602
4	6	6	44	668	683
4	12	7	45	700	713
4	12	8	46	713	780
4	12	8	47	797	839
4	14	1	48	991	1006
5	10	8	49	68	158
5	6	6	50	265	349
5	8	4	51	349	375
5	3	2	52	375	449
5	3	7	53	461	469
5	13	6	54	491	571
5	11	5	55	681	753
5	12	8	56	780	797
5	2	5	57	832	896
5	0	1	58	933	969
5	12	4	59	982	990
6	14	10	60	78	164
6	5	6	61	210	253
6	0	9	62	553	637
6	3	4	63	637	715
6	2	10	64	721	806
6	12	1	65	850	930
6	6	6	66	944	988
6	2	5	67	1013	1061
6	14	1	68	1061	1077
7	9	3	69	0	23
7	5	3	70	23	42
7	0	4	71	72	93
7	11	3	72	308	357
7	5	3	73	460	505
7	2	7	74	538	561
7	9	2	75	624	700
7	3	4	76	715	765
7	13	9	77	804	841
7	9	0	78	974	1012
8	8	7	79	45	132
8	3	2	80	193	230
8	3	7	81	266	297
8	10	5	82	322	346
8	11	4	83	375	387
8	1	8	84	392	482
8	14	1	85	560	598
8	14	0	86	602	638
8	14	0	87	638	702
8	3	7	88	765	833
8	6	6	89	929	944
9	14	10	90	0	78
9	7	10	91	164	238
9	3	7	92	238	266
9	9	9	93	310	326
9	9	10	94	327	413
9	14	0	95	445	497
9	8	11	96	517	590
9	13	9	97	731	804
9	0	4	98	804	869
9	4	9	99	879	958
9	7	7	100	958	1042
9	12	4	101	1042	1111
10	1	11	102	19	106
10	6	1	103	125	215
10	10	0	104	278	322
10	4	2	105	543	577
10	13	2	106	577	624
10	9	2	107	790	871
10	0	3	108	917	933
10	10	9	109	958	1035
11	6	9	110	44	57
11	11	3	111	87	152
11	2	3	112	237	308
11	4	3	113	357	407
11	2	10	114	413	500
11	0	1	115	639	717
11	1	11	116	749	826
11	13	8	117	841	918
11	10	0	118	1038	1106
12	12	1	119	0	88
12	5	11	120	140	175
12	14	7	121	200	235
12	12	1	122	355	437
12	11	5	123	456	480
12	10	9	124	480	553
12	6	6	125	571	588
12	14	10	126	807	829
12	0	6	127	869	910
12	1	11	128	911	943
12	12	0	129	943	974
13	8	7	130	0	32
13	7	5	131	37	87
13	6	2	132	87	109
13	8	4	133	167	256
13	7	6	134	256	265
13	13	2	135	294	373
13	1	5	136	482	498
13	1	10	137	500	565
13	9	2	138	708	790
13	14	10	139	829	849
13	10	2	140	879	956
13	7	7	141	1042	1113
14	12	3	142	167	214
14	0	5	143	231	322
14	10	5	144	346	408
14	13	9	145	410	478
14	12	0	146	497	510
14	12	8	147	589	664
14	4	9	148	664	731
14	6	0	149	823	915
14	6	4	150	990	1037
14	1	10	151	1037	1049
14	3	2	152	1049	1083
15	2	6	153	44	129
15	4	7	154	132	200
15	2	8	155	308	392
15	1	11	156	590	669
15	10	11	157	669	749
15	5	6	158	755	787
15	10	9	159	850	879
15	8	7	160	884	951
15	5	2	161	956	1041
16	11	5	162	8	37
16	1	9	163	126	187
16	11	8	164	224	303
16	4	1	165	306	355
16	3	7	166	469	538
16	11	5	167	617	681
16	11	5	168	753	785
16	1	10	169	1049	1092
17	6	6	170	0	44
17	10	11	171	175	255
17	7	7	172	297	381
17	14	5	173	498	558
17	10	8	174	562	589
17	14	1	175	717	807
17	7	7	176	833	876
17	9	4	177	876	963
17	13	8	178	1035	1047
17	5	8	179	1047	1111
18	8	7	180	32	45
18	9	9	181	57	126
18	8	4	182	304	323
18	5	3	183	407	460
18	7	2	184	468	543
18	6	6	185	588	668
18	1	11	186	943	1030
18	8	11	187	1030	1108
19	0	0	188	118	179
19	11	0	189	179	215
19	6	3	190	215	237
19	8	4	191	387	478
19	5	3	192	558	604
19	5	3	193	604	651
19	13	8	194	918	986
19	13	10	195	999	1034
19	6	9	196	1037	1117
20	11	3	197	42	87
20	13	0	198	91	118
20	13	6	199	129	210
20	6	1	200	437	474
20	5	3	201	542	558
20	3	5	202	558	585
20	11	5	203	585	617
20	2	8	204	664	689
20	6	4	205	765	795
20	9	1	206	1012	1049
20	2	5	207	1061	1112
21	3	2	208	0	86
21	5	11	209	106	140
21	8	4	210	256	304
21	7	7	211	381	461
21	7	7	212	561	629
21	10	9	213	637	661
21	6	6	214	683	755
21	10	0	215	768	790
21	1	11	216	826	911
21	2	0	217	915	942
21	4	3	218	991	1054
22	1	11	219	0	19
22	5	0	220	59	91
22	2	5	221	137	227
22	1	2	222	230	294
22	12	4	223	323	344
22	12	2	224	449	468
22	0	3	225	505	542
22	7	7	226	629	700
22	5	3	227	827	917
22	4	3	228	1054	1116
23	13	9	229	0	40
23	7	5	230	87	137
23	0	9	231	187	231
23	0	9	232	326	410
23	4	11	233	410	497
23	2	10	234	565	649
23	5	3	235	701	752
23	4	3	236	767	827
23	7	7	237	876	884
23	6	6	238	915	929
23	11	3	239	933	982
24	4	1	240	88	125
24	11	1	241	215	224
24	9	9	242	231	310
24	11	0	243	395	445
24	6	1	244	474	560
24	9	8	245	700	708
24	0	4	246	969	982
24	11	5	247	984	1013


Solution History:
