This is the output of Heuristic Solver for Dual resource constrained flexible job shop Scheduling Problem.
Input file is: wfjsp19_10.txt
Method: FaFM_45_75_900
Seed: 4
Number of Jobs: 20
Number of Operations: 190
Number of Machines: 10
Number of Operators: 8
CPU Time: 565.148
obj: 1354
Best found lower bound:0
Solver gap (best found lower bound and upper bound difference): Not known


Final Solution:
Job	Machine	Operator	Operation	Start Time	Finish Time
0	5	5	0	299	371
0	8	3	1	371	455
0	1	2	2	464	527
0	6	3	3	582	668
0	8	1	4	729	788
0	6	5	5	964	993
0	5	5	6	1318	1354
1	5	5	7	0	48
1	7	4	8	78	166
1	5	3	9	246	274
1	4	0	10	296	332
1	5	4	11	372	408
1	6	4	12	408	497
1	9	1	13	497	581
1	3	1	14	581	647
1	4	6	15	674	755
1	4	6	16	786	867
1	2	1	17	935	948
1	4	0	18	981	990
1	3	5	19	993	1041
1	6	5	20	1101	1169
2	9	6	21	0	83
2	9	0	22	167	218
2	6	5	23	229	299
2	3	2	24	409	450
2	4	6	25	639	660
2	2	3	26	668	718
2	8	4	27	805	824
2	8	4	28	824	913
2	7	7	29	913	943
2	5	3	30	943	1021
2	4	6	31	1095	1174
2	0	7	32	1189	1253
2	9	6	33	1306	1340
3	6	3	34	101	167
3	3	7	35	299	373
3	2	2	36	450	464
3	1	2	37	544	568
3	0	0	38	609	631
3	0	2	39	635	683
3	0	2	40	683	717
3	4	0	41	891	981
3	8	1	42	1277	1340
4	0	2	43	42	130
4	2	3	44	354	370
4	5	5	45	461	476
4	2	5	46	569	635
4	7	4	47	752	805
4	2	1	48	984	998
4	6	2	49	1000	1089
5	4	0	50	78	167
5	4	3	51	217	246
5	9	6	52	365	435
5	9	5	53	452	461
5	0	4	54	497	579
5	1	5	55	635	718
5	2	3	56	718	739
5	7	5	57	809	877
5	2	1	58	948	984
5	3	7	59	1110	1118
5	1	5	60	1223	1318
6	1	7	61	43	88
6	1	7	62	208	295
6	7	1	63	417	489
6	9	0	64	631	721
6	5	3	65	752	831
6	1	7	66	973	1020
6	1	6	67	1044	1095
6	7	1	68	1232	1249
6	2	2	69	1255	1281
7	0	7	70	0	20
7	4	4	71	57	78
7	6	4	72	323	372
7	0	6	73	445	490
7	6	0	74	504	527
7	8	6	75	570	639
7	2	2	76	1089	1136
7	6	5	77	1169	1212
8	8	1	78	212	248
8	4	0	79	332	414
8	6	3	80	541	582
8	9	6	81	899	934
8	3	1	82	1118	1145
8	7	7	83	1336	1348
9	8	6	84	117	207
9	2	2	85	221	257
9	9	1	86	299	335
9	1	2	87	344	409
9	5	4	88	579	659
9	3	2	89	766	782
9	6	2	90	782	868
9	2	1	91	870	935
9	0	7	92	943	973
9	5	3	93	1021	1039
9	5	3	94	1110	1199
9	2	3	95	1281	1334
10	3	5	96	48	139
10	5	5	97	139	229
10	0	6	98	286	351
10	4	0	99	414	504
10	3	1	100	788	870
10	8	4	101	913	1002
10	0	7	102	1020	1110
10	4	0	103	1185	1280
11	3	2	104	0	42
11	1	7	105	178	208
11	3	1	106	248	299
11	3	7	107	450	529
11	2	2	108	529	544
11	9	5	109	721	809
11	2	3	110	831	845
11	5	3	111	845	917
11	8	0	112	1078	1149
11	9	6	113	1255	1306
12	8	1	114	0	88
12	9	0	115	218	296
12	7	1	116	335	417
12	8	3	117	455	541
12	7	7	118	580	650
12	1	7	119	730	811
12	9	6	120	867	899
12	1	2	121	917	956
12	4	0	122	990	1078
12	9	1	123	1091	1118
12	7	1	124	1158	1232
12	9	2	125	1232	1252
12	3	1	126	1252	1277
12	6	2	127	1281	1322
12	6	2	128	1322	1353
13	4	4	129	0	24
13	6	2	130	177	219
13	3	2	131	717	766
13	2	6	132	766	786
13	9	2	133	1136	1230
14	6	3	134	89	101
14	5	6	135	490	570
14	4	6	136	660	674
14	5	3	137	1039	1110
14	5	3	138	1199	1281
15	1	7	139	20	43
15	3	1	140	139	212
15	8	3	141	274	354
15	3	7	142	529	580
15	5	4	143	659	752
15	8	4	144	1002	1064
15	7	4	145	1064	1136
15	2	1	146	1145	1158
15	2	6	147	1174	1255
15	4	0	148	1280	1351
16	2	3	149	0	89
16	9	1	150	89	137
16	2	3	151	167	181
16	4	3	152	181	217
16	2	2	153	257	344
16	0	7	154	373	445
16	4	0	155	527	609
16	8	1	156	647	729
16	6	5	157	877	964
16	7	2	158	964	1000
16	1	6	159	1020	1044
16	0	7	160	1118	1189
16	7	7	161	1253	1336
17	7	4	162	24	57
17	7	4	163	166	235
17	7	4	164	235	323
17	3	2	165	870	917
17	0	4	166	1273	1352
18	6	0	167	0	75
18	5	6	168	83	117
18	0	2	169	130	177
18	7	5	170	523	569
18	0	0	171	721	809
18	0	0	172	809	891
18	2	1	173	998	1060
18	9	1	174	1060	1091
18	1	4	175	1136	1223
18	8	4	176	1223	1273
19	1	7	177	88	178
19	2	6	178	207	221
19	0	6	179	221	286
19	9	6	180	351	365
19	2	5	181	371	433
19	5	5	182	433	452
19	2	5	183	476	523
19	1	2	184	568	635
19	7	7	185	650	730
19	1	7	186	811	901
19	9	6	187	934	1019
19	3	5	188	1041	1101
19	8	0	189	1149	1185


Solution History:
