This is the output of Heuristic Solver for Dual resource constrained flexible job shop Scheduling Problem.
Input file is: wfjsp12_7.txt
Method: FaFM_45_75_900
Seed: 2
Number of Jobs: 25
Number of Operations: 200
Number of Machines: 10
Number of Operators: 10
CPU Time: 395.75
obj: 1007
Best found lower bound:0
Solver gap (best found lower bound and upper bound difference): Not known


Final Solution:
Job	Machine	Operator	Operation	Start Time	Finish Time
0	1	3	0	66	150
0	3	2	1	191	205
0	2	0	2	280	318
0	1	0	3	418	515
0	1	3	4	593	615
0	5	9	5	694	732
0	3	3	6	856	884
0	8	4	7	885	923
1	9	1	8	0	8
1	6	1	9	8	50
1	6	5	10	198	275
1	3	2	11	275	338
1	6	4	12	411	494
1	8	4	13	495	541
1	9	1	14	587	620
1	7	1	15	627	645
1	7	7	16	752	824
1	5	8	17	847	915
2	9	0	18	8	64
2	9	7	19	183	265
2	3	5	20	347	412
2	4	2	21	413	443
2	4	9	22	446	456
2	3	5	23	513	586
2	4	2	24	623	633
2	3	6	25	666	720
2	8	4	26	873	885
2	7	7	27	906	979
3	9	0	28	64	107
3	3	9	29	165	191
3	4	9	30	294	379
3	7	7	31	472	549
3	0	9	32	781	866
4	8	3	33	18	31
4	8	4	34	131	208
4	4	6	35	208	291
4	2	5	36	326	347
4	7	7	37	378	398
4	0	1	38	418	457
4	5	2	39	540	611
4	9	1	40	645	713
4	4	8	41	716	791
4	2	5	42	808	889
5	1	4	43	0	36
5	4	0	44	109	136
5	2	0	45	238	280
5	0	3	46	515	593
5	5	0	47	739	795
5	1	3	48	795	856
6	3	9	49	59	118
6	3	9	50	118	140
6	4	0	51	140	182
6	3	5	52	412	475
6	0	0	53	593	621
6	9	7	54	627	639
6	0	0	55	675	717
6	8	4	56	806	873
6	8	4	57	923	965
7	3	6	58	10	49
7	9	8	59	109	131
7	3	9	60	140	165
7	1	3	61	203	237
7	6	4	62	357	411
7	1	0	63	515	593
7	9	1	64	786	866
7	0	0	65	950	1007
8	0	1	66	59	141
8	9	8	67	269	351
8	2	2	68	351	409
8	4	8	69	456	528
8	2	8	70	528	546
8	8	4	71	688	737
8	4	0	72	795	854
8	9	1	73	894	976
9	5	2	74	109	153
9	7	8	75	170	195
9	0	3	76	327	368
9	9	1	77	515	587
9	5	8	78	795	830
10	4	8	79	72	109
10	8	6	80	363	439
10	4	2	81	612	623
10	6	2	82	820	835
10	4	6	83	928	989
11	8	3	84	0	18
11	1	4	85	36	66
11	2	0	86	182	238
11	5	9	87	379	446
11	2	9	88	456	515
11	6	6	89	564	575
11	2	5	90	733	808
11	9	1	91	866	894
11	5	8	92	915	946
11	7	7	93	979	996
12	5	2	94	0	29
12	6	6	95	50	124
12	9	7	96	170	183
12	6	5	97	275	326
12	9	8	98	351	370
12	0	1	99	457	515
12	6	5	100	586	659
12	2	2	101	659	689
12	7	7	102	824	906
12	2	9	103	950	1007
13	4	8	104	0	32
13	1	3	105	150	203
13	5	7	106	269	316
13	4	8	107	379	413
13	0	0	108	621	675
13	2	2	109	689	719
13	8	4	110	737	770
13	3	6	111	796	810
13	1	0	112	856	884
13	3	5	113	962	1001
14	6	6	114	124	198
14	3	6	115	586	643
14	9	1	116	713	786
14	5	8	117	830	847
14	1	3	118	884	935
15	2	5	119	0	41
15	4	8	120	41	72
15	1	1	121	241	323
15	7	7	122	336	378
15	5	2	123	455	540
15	2	8	124	546	641
15	6	2	125	733	820
15	6	2	126	928	959
16	9	8	127	131	170
16	0	1	128	224	241
16	6	4	129	326	357
16	3	5	130	475	513
16	2	2	131	641	654
16	1	3	132	716	757
17	2	5	133	101	179
17	8	2	134	208	217
17	3	2	135	217	256
17	7	7	136	398	472
17	6	6	137	495	564
17	4	8	138	641	716
17	2	2	139	719	732
17	8	4	140	770	806
17	5	8	141	946	1001
18	0	9	142	0	59
18	0	1	143	141	224
18	1	1	144	323	387
18	8	6	145	439	495
18	1	3	146	615	639
18	7	7	147	645	729
18	6	2	148	844	928
18	9	1	149	976	1006
19	7	7	150	54	126
19	8	4	151	217	289
19	7	7	152	316	336
19	1	1	153	387	418
19	2	8	154	418	452
19	9	3	155	477	508
19	6	5	156	659	733
19	0	9	157	739	781
19	0	9	158	866	950
19	8	4	159	965	1001
20	2	5	160	41	101
20	0	3	161	241	327
20	9	3	162	370	447
20	8	4	163	541	608
20	5	9	164	612	694
20	7	7	165	729	752
20	1	3	166	757	794
20	6	2	167	835	844
21	8	4	168	66	131
21	4	9	169	528	612
21	3	6	170	643	666
21	6	2	171	959	992
21	6	2	172	992	1004
22	8	3	173	31	66
22	7	7	174	126	167
22	7	9	175	195	255
22	9	3	176	447	477
22	0	0	177	717	739
22	3	6	178	810	850
22	3	5	179	889	941
22	3	5	180	941	962
23	3	6	181	0	10
23	7	7	182	10	54
23	5	8	183	195	269
23	7	9	184	269	294
23	5	0	185	318	374
23	0	0	186	374	416
23	5	2	187	446	455
23	8	4	188	608	688
23	3	6	189	720	796
23	2	0	190	889	950
24	5	2	191	29	109
24	5	2	192	153	186
24	8	6	193	291	363
24	7	7	194	549	627
24	1	3	195	639	679
24	1	3	196	679	716
24	4	6	197	854	928
24	1	3	198	935	987
24	4	3	199	989	1002


Solution History:
