This is the output of Heuristic Solver for Dual resource constrained flexible job shop Scheduling Problem.
Input file is: wfjsp14_4.txt
Method: FaFM_45_75_900
Seed: 1
Number of Jobs: 30
Number of Operations: 231
Number of Machines: 15
Number of Operators: 15
CPU Time: 743.265
obj: 804
Best found lower bound:0
Solver gap (best found lower bound and upper bound difference): Not known


Final Solution:
Job	Machine	Operator	Operation	Start Time	Finish Time
0	1	9	0	77	148
0	11	2	1	174	233
0	1	9	2	233	297
0	13	4	3	315	385
0	9	0	4	421	515
0	9	0	5	515	546
0	8	2	6	553	592
0	0	11	7	690	702
0	8	7	8	750	799
1	11	10	9	0	19
1	1	10	10	19	32
1	0	11	11	96	142
1	6	10	12	171	236
1	4	0	13	283	308
1	8	8	14	325	400
1	7	10	15	436	511
1	8	7	16	592	651
1	8	10	17	653	700
2	0	11	18	0	31
2	13	4	19	43	61
2	9	3	20	145	191
2	10	5	21	386	473
2	2	11	22	475	484
2	14	6	23	525	588
2	2	1	24	728	802
3	7	2	25	0	11
3	3	7	26	39	122
3	2	12	27	215	286
3	12	13	28	374	464
3	14	1	29	468	517
3	12	12	30	703	796
4	0	11	31	142	209
4	6	10	32	236	302
4	14	5	33	307	356
4	2	12	34	443	458
4	9	0	35	546	612
4	2	4	36	626	653
4	10	5	37	674	697
5	13	4	38	61	131
5	12	11	39	256	305
5	7	10	40	373	436
5	3	1	41	521	557
5	11	3	42	598	651
5	1	10	43	719	788
6	11	2	44	64	138
6	7	5	45	238	303
6	6	0	46	308	339
6	3	1	47	348	376
6	0	11	48	402	466
6	7	3	49	525	555
6	5	10	50	576	626
6	0	8	51	702	729
7	7	14	52	84	176
7	7	14	53	176	220
7	7	6	54	221	236
7	11	2	55	313	344
7	11	2	56	344	422
7	7	6	57	511	525
7	4	14	58	562	634
7	2	1	59	653	697
7	6	9	60	699	760
8	1	10	61	32	77
8	6	10	62	77	107
8	14	0	63	133	146
8	2	12	64	186	215
8	14	7	65	228	277
8	9	1	66	287	348
8	13	9	67	587	636
8	14	6	68	688	719
9	2	1	69	0	57
9	2	1	70	57	121
9	11	2	71	138	174
9	8	8	72	207	259
9	1	9	73	348	429
9	11	3	74	555	598
9	4	14	75	634	644
9	11	13	76	651	726
9	9	3	77	756	804
10	8	8	78	49	70
10	1	9	79	148	227
10	8	8	80	259	325
10	4	7	81	325	378
10	6	7	82	378	431
10	0	13	83	466	499
10	12	12	84	528	627
10	4	14	85	644	668
10	2	4	86	699	728
11	13	4	87	0	43
11	2	12	88	121	186
11	13	4	89	226	272
11	14	6	90	356	377
11	10	5	91	473	499
11	2	4	92	499	573
11	2	4	93	573	626
11	13	9	94	636	684
12	8	0	95	0	49
12	10	0	96	146	219
12	2	12	97	286	350
12	9	0	98	371	421
12	5	6	99	493	507
12	4	14	100	514	562
12	5	10	101	626	653
12	0	11	102	658	690
12	5	6	103	720	768
12	10	6	104	768	787
13	7	14	105	12	84
13	4	6	106	108	182
13	12	11	107	209	256
13	10	14	108	288	335
13	3	3	109	376	440
13	4	14	110	447	514
13	1	9	111	537	585
13	5	0	112	653	720
13	11	13	113	726	795
13	1	10	114	795	804
14	5	5	115	47	148
14	12	11	116	326	374
14	10	5	117	499	581
14	14	6	118	588	617
14	1	2	119	653	702
14	7	2	120	702	733
14	5	5	121	768	799
15	14	7	122	0	39
15	9	12	123	39	104
15	4	6	124	182	221
15	7	10	125	303	373
15	5	6	126	418	493
15	11	2	127	502	553
15	3	1	128	557	586
15	7	8	129	621	701
15	13	11	130	702	772
16	11	2	131	19	64
16	12	13	132	152	206
16	9	1	133	269	287
16	1	9	134	297	348
16	4	6	135	378	418
16	9	0	136	612	652
16	14	0	137	720	781
17	5	6	138	0	47
17	9	12	139	104	120
17	9	7	140	122	145
17	5	5	141	189	238
17	0	13	142	279	374
17	1	9	143	429	472
17	7	8	144	555	621
17	7	2	145	733	804
18	3	3	146	0	28
18	10	3	147	28	102
18	3	1	148	214	229
18	9	1	149	229	269
18	13	4	150	272	315
18	10	14	151	335	364
18	5	14	152	386	415
18	12	12	153	464	528
18	4	14	154	668	773
19	3	1	155	122	214
19	11	2	156	233	302
19	12	11	157	305	326
19	6	0	158	339	368
19	13	4	159	385	416
19	6	7	160	431	501
19	8	8	161	501	549
19	0	11	162	590	658
20	0	13	163	209	279
20	4	14	164	418	447
20	2	11	165	466	475
20	12	12	166	627	655
20	6	4	167	655	699
21	6	9	168	0	65
21	8	8	169	70	157
21	14	7	170	157	228
21	3	3	171	229	321
21	9	3	172	348	371
21	8	8	173	400	490
21	6	13	174	501	573
21	10	5	175	581	674
21	9	4	176	728	756
21	14	0	177	781	795
22	9	12	178	0	39
22	10	3	179	102	145
22	3	3	180	321	345
22	14	1	181	377	468
22	13	11	182	552	587
22	0	8	183	729	804
23	12	13	184	0	69
23	6	10	185	107	171
23	10	14	186	220	288
23	5	5	187	356	386
23	3	3	188	440	521
23	0	7	189	544	590
23	1	2	190	592	653
23	3	3	191	680	756
24	4	6	192	47	108
24	4	0	193	221	283
24	5	10	194	511	576
24	9	3	195	652	678
24	8	10	196	700	719
24	8	7	197	727	750
25	14	0	198	49	133
25	5	5	199	148	189
25	11	2	200	302	313
25	0	11	201	374	402
25	13	11	202	489	552
25	6	13	203	573	651
26	1	14	204	0	12
26	12	13	205	69	152
26	8	8	206	157	184
26	5	6	207	238	328
26	5	6	208	328	355
26	10	14	209	364	378
26	11	2	210	422	453
26	1	9	211	472	537
26	3	1	212	586	653
26	9	7	213	680	727
27	9	3	214	191	224
27	0	7	215	501	544
27	3	7	216	653	680
27	1	1	217	702	716
27	13	11	218	772	800
28	4	8	219	0	46
28	13	4	220	131	226
28	13	4	221	416	489
28	14	6	222	617	688
28	10	5	223	697	751
29	0	11	224	31	96
29	8	8	225	184	207
29	14	7	226	277	307
29	2	12	227	350	443
29	11	2	228	453	502
29	12	12	229	655	703
29	3	4	230	756	804


Solution History:
