This is the output of Heuristic Solver for Dual resource constrained flexible job shop Scheduling Problem.
Input file is: wfjsp22_1.txt
Method: FaFM_45_75_900
Seed: 1
Number of Jobs: 30
Number of Operations: 215
Number of Machines: 15
Number of Operators: 12
CPU Time: 477.653
obj: 894
Best found lower bound:0
Solver gap (best found lower bound and upper bound difference): Not known


Final Solution:
Job	Machine	Operator	Operation	Start Time	Finish Time
0	11	11	0	62	131
0	4	5	1	353	375
0	11	0	2	486	533
0	3	8	3	627	710
0	8	8	4	750	829
1	13	8	5	18	75
1	14	9	6	150	222
1	13	4	7	420	448
1	11	4	8	448	486
1	7	9	9	490	525
1	1	10	10	565	574
1	10	6	11	741	755
1	4	10	12	817	833
1	11	10	13	833	878
2	8	0	14	0	55
2	6	7	15	61	106
2	7	0	16	127	152
2	12	11	17	242	251
2	9	9	18	306	362
2	8	6	19	381	421
2	12	3	20	691	769
3	4	1	21	176	266
3	10	10	22	462	509
3	12	10	23	577	658
3	12	7	24	677	691
3	11	6	25	756	789
3	14	11	26	795	816
4	10	10	27	0	23
4	8	0	28	152	197
4	13	7	29	315	394
4	3	5	30	516	562
4	11	0	31	599	653
4	13	4	32	653	729
4	3	8	33	840	881
5	14	3	34	0	11
5	6	7	35	13	61
5	3	0	36	105	127
5	1	10	37	195	232
5	7	1	38	382	452
5	8	11	39	457	511
5	12	3	40	543	577
5	0	7	41	577	659
5	11	0	42	731	756
6	5	11	43	0	62
6	10	3	44	67	78
6	5	7	45	124	136
6	8	6	46	242	314
6	14	2	47	325	337
6	3	0	48	371	380
6	8	9	49	701	738
6	10	0	50	807	891
7	1	10	51	232	249
7	4	1	52	266	325
7	11	4	53	360	420
7	12	3	54	769	807
7	6	9	55	820	862
8	3	5	56	0	91
8	6	3	57	255	303
8	9	9	58	396	485
8	8	11	59	643	697
8	6	2	60	711	740
8	7	4	61	800	857
9	14	3	62	11	28
9	0	7	63	140	182
9	7	4	64	182	274
9	14	11	65	419	457
9	1	4	66	486	505
9	3	8	67	583	627
9	1	6	68	636	693
9	3	5	69	772	832
9	9	5	70	832	870
10	11	6	71	0	24
10	7	1	72	49	90
10	13	5	73	91	130
10	3	5	74	309	353
10	13	6	75	537	594
10	10	10	76	658	741
10	4	10	77	741	817
11	3	5	78	210	288
11	5	11	79	290	380
11	0	6	80	421	502
11	13	6	81	502	537
11	4	6	82	716	731
11	0	8	83	731	750
11	3	8	84	832	840
12	8	4	85	61	144
12	6	2	86	210	249
12	13	7	87	269	299
12	13	7	88	299	315
12	9	9	89	362	396
12	0	7	90	520	577
12	9	5	91	718	731
12	4	1	92	836	882
13	4	6	93	24	98
13	5	7	94	106	124
13	8	11	95	218	241
13	10	10	96	249	305
13	10	6	97	314	325
13	3	5	98	435	516
13	14	9	99	525	597
13	14	9	100	597	661
13	14	9	101	661	701
14	1	10	102	23	106
14	6	3	103	348	425
14	13	8	104	456	494
14	1	10	105	509	565
14	2	1	106	775	795
14	1	2	107	797	841
14	9	5	108	870	881
15	12	2	109	0	76
15	1	6	110	106	161
15	9	8	111	222	298
15	12	0	112	298	322
15	10	8	113	333	355
15	10	3	114	577	655
15	5	7	115	659	677
15	14	11	116	701	795
15	0	7	117	804	891
16	4	7	118	0	13
16	2	3	119	28	50
16	9	3	120	50	67
16	6	10	121	106	195
16	3	0	122	380	427
16	6	2	123	427	506
16	1	2	124	574	627
16	6	9	125	740	780
16	6	9	126	780	820
16	8	4	127	864	892
17	2	4	128	0	26
17	0	7	129	182	269
17	1	11	130	269	290
17	1	6	131	693	716
17	2	1	132	795	836
18	13	8	133	0	18
18	0	9	134	18	59
18	12	6	135	161	242
18	2	1	136	325	382
18	7	1	137	452	490
18	2	4	138	505	592
18	5	4	139	592	635
18	4	2	140	635	711
18	5	7	141	729	804
18	5	3	142	807	852
19	3	2	143	133	210
19	2	2	144	249	325
19	0	0	145	325	371
19	12	2	146	389	427
19	11	0	147	533	599
19	2	1	148	695	775
19	14	11	149	816	894
20	5	11	150	136	179
20	11	0	151	246	296
20	4	5	152	375	435
20	10	2	153	509	567
20	1	2	154	841	887
21	5	11	155	179	218
21	6	3	156	303	348
21	5	3	157	425	499
21	8	11	158	511	558
21	9	2	159	740	797
22	11	3	160	154	233
22	1	10	161	387	462
22	5	3	162	499	526
22	12	3	163	526	543
22	6	6	164	596	636
23	1	9	165	0	17
23	7	1	166	30	49
23	0	8	167	75	140
23	11	8	168	298	333
23	10	8	169	355	379
23	9	5	170	583	655
24	9	5	171	133	209
24	3	5	172	288	309
24	12	2	173	337	389
24	2	7	174	394	473
24	6	1	175	514	596
24	6	3	176	655	686
24	13	5	177	731	772
24	13	6	178	789	827
25	11	4	179	26	61
25	12	3	180	78	154
25	8	6	181	325	381
25	10	8	182	381	456
25	14	7	183	473	502
25	9	8	184	502	583
25	2	1	185	596	695
25	8	6	186	829	864
25	12	6	187	864	882
26	9	2	188	76	133
26	2	8	189	140	177
26	7	4	190	274	360
26	14	11	191	380	419
26	3	5	192	562	582
26	5	7	193	691	729
26	7	4	194	729	800
27	14	9	195	59	150
27	1	4	196	166	174
27	14	9	197	222	306
27	9	5	198	655	718
27	10	0	199	756	807
27	5	3	200	852	894
28	4	1	201	98	176
28	10	0	202	197	246
28	12	0	203	427	481
28	4	1	204	490	514
28	11	0	205	653	731
29	7	1	206	0	30
29	2	0	207	55	105
29	13	4	208	144	166
29	2	8	209	177	222
29	13	3	210	233	255
29	1	10	211	305	387
29	0	7	212	502	520
29	8	11	213	558	643
29	3	8	214	710	731


Solution History:
