This is the output of Heuristic Solver for Dual resource constrained flexible job shop Scheduling Problem.
Input file is: wfjsp13_2.txt
Method: FaFM_45_75_900
Seed: 2
Number of Jobs: 25
Number of Operations: 271
Number of Machines: 15
Number of Operators: 15
CPU Time: 495.761
obj: 968
Best found lower bound:0
Solver gap (best found lower bound and upper bound difference): Not known


Final Solution:
Job	Machine	Operator	Operation	Start Time	Finish Time
0	9	2	0	65	145
0	7	11	1	206	281
0	7	9	2	281	301
0	4	0	3	321	356
0	10	3	4	395	410
0	6	10	5	420	445
0	3	0	6	494	562
0	6	8	7	603	612
0	12	11	8	649	728
0	1	5	9	730	770
0	14	4	10	818	868
0	8	1	11	948	963
1	0	4	12	11	83
1	8	5	13	84	149
1	2	8	14	168	235
1	2	4	15	305	373
1	1	10	16	387	418
1	1	7	17	451	493
1	8	1	18	505	525
1	10	14	19	573	626
1	9	9	20	626	699
1	13	4	21	722	803
1	6	13	22	848	899
1	6	13	23	899	960
2	9	3	24	0	65
2	8	12	25	65	84
2	8	1	26	220	232
2	1	10	27	251	337
2	10	3	28	410	436
2	10	3	29	436	509
2	3	10	30	569	655
2	5	2	31	675	693
2	4	0	32	712	780
2	3	8	33	805	884
3	2	8	34	40	95
3	10	4	35	216	245
3	3	14	36	264	314
3	5	14	37	374	414
3	9	12	38	457	519
3	14	12	39	521	604
3	4	14	40	686	711
3	2	3	41	757	772
3	8	1	42	846	875
3	14	11	43	945	962
4	1	6	44	0	38
4	9	2	45	145	224
4	4	0	46	268	308
4	7	9	47	308	393
4	11	6	48	407	494
4	14	14	49	626	682
4	10	14	50	712	739
4	11	13	51	769	826
4	4	0	52	869	903
4	11	0	53	905	930
4	2	0	54	930	963
5	11	9	55	0	44
5	0	4	56	83	106
5	3	14	57	203	264
5	13	12	58	264	328
5	2	4	59	373	383
5	3	13	60	399	432
5	8	1	61	454	505
5	1	7	62	505	585
5	7	13	63	606	660
5	0	7	64	681	750
5	10	14	65	805	859
6	6	7	66	0	20
6	14	1	67	69	149
6	13	9	68	149	164
6	11	6	69	245	323
6	0	7	70	323	335
6	10	3	71	335	395
6	12	14	72	417	472
6	13	10	73	513	569
6	8	3	74	701	757
6	5	2	75	757	848
6	1	5	76	848	903
6	3	8	77	903	965
7	5	13	78	85	169
7	3	10	79	185	197
7	1	10	80	197	251
7	9	2	81	277	323
7	9	12	82	328	380
7	6	10	83	445	462
7	11	6	84	494	572
7	11	6	85	572	595
7	5	3	86	595	615
7	10	0	87	681	712
7	0	7	88	816	846
7	10	4	89	868	953
8	14	1	90	0	69
8	2	8	91	95	168
8	11	6	92	175	245
8	14	9	93	256	265
8	12	1	94	269	294
8	8	1	95	294	374
8	4	0	96	374	442
8	4	0	97	442	493
8	12	11	98	545	649
8	14	12	99	682	766
8	1	13	100	827	846
8	13	7	101	862	927
9	8	14	102	0	55
9	4	0	103	65	118
9	8	1	104	149	220
9	6	3	105	220	301
9	12	5	106	314	350
9	5	5	107	417	469
9	7	13	108	526	606
9	7	13	109	660	718
9	7	13	110	718	769
9	3	8	111	777	805
9	9	12	112	837	881
9	14	12	113	881	945
10	10	2	114	0	65
10	7	11	115	145	156
10	1	7	116	180	194
10	14	12	117	227	253
10	11	6	118	323	407
10	8	3	119	618	701
10	3	8	120	749	777
10	2	6	121	777	842
11	14	14	122	149	203
11	14	12	123	203	227
11	8	1	124	232	262
11	0	7	125	294	311
11	2	4	126	383	393
11	9	1	127	600	621
11	11	10	128	671	684
11	6	10	129	684	694
11	6	10	130	694	771
11	9	12	131	828	837
12	4	0	132	0	33
12	13	14	133	60	117
12	10	5	134	149	205
12	9	2	135	224	277
12	1	10	136	356	387
12	7	9	137	393	427
12	3	13	138	432	494
12	8	9	139	526	618
12	10	1	140	626	681
12	0	7	141	750	816
12	7	11	142	840	897
12	4	6	143	932	966
13	11	9	144	44	110
13	13	14	145	117	144
13	12	11	146	162	206
13	2	8	147	235	305
13	6	13	148	359	396
13	0	2	149	405	456
13	7	9	150	494	526
13	0	2	151	553	598
13	5	2	152	615	675
13	2	1	153	681	752
13	5	3	154	848	858
13	9	2	155	881	965
14	12	13	156	28	85
14	0	4	157	106	173
14	13	9	158	179	218
14	14	11	159	408	468
14	6	8	160	487	515
14	11	12	161	604	671
14	1	10	162	771	798
14	11	10	163	930	959
15	13	12	164	0	60
15	1	7	165	60	156
15	5	13	166	169	228
15	0	7	167	335	405
15	6	7	168	405	420
15	13	10	169	487	513
15	6	8	170	515	603
15	0	7	171	603	681
15	3	8	172	682	749
15	10	14	173	749	805
15	8	1	174	875	948
16	0	4	175	0	11
16	5	5	176	11	84
16	1	7	177	156	180
16	4	0	178	188	268
16	14	11	179	281	371
16	7	9	180	427	494
16	14	14	181	494	521
16	4	14	182	521	568
16	6	8	183	612	682
16	11	6	184	686	765
16	7	9	185	769	840
16	7	11	186	897	944
17	12	13	187	0	28
17	11	9	188	110	147
17	6	3	189	149	220
17	9	12	190	380	457
17	5	5	191	469	516
17	5	2	192	693	742
17	8	1	193	772	846
17	13	7	194	846	862
18	7	11	195	24	65
18	6	11	196	65	128
18	5	5	197	269	314
18	5	14	198	314	374
18	2	4	199	393	484
18	5	5	200	516	593
18	4	6	201	595	686
18	1	5	202	700	730
18	4	0	203	798	869
18	0	14	204	869	930
18	13	7	205	930	947
18	5	3	206	954	968
19	4	0	207	33	65
19	10	3	208	65	149
19	0	7	209	216	294
19	6	13	210	301	359
19	8	1	211	374	454
19	12	11	212	472	545
19	13	4	213	569	586
19	2	0	214	623	677
19	9	9	215	699	740
19	12	1	216	755	772
19	11	10	217	827	905
19	4	6	218	918	932
20	7	11	219	0	24
20	6	7	220	24	60
20	7	12	221	162	202
20	14	9	222	265	273
20	3	8	223	314	357
20	12	5	224	357	417
20	6	10	225	462	483
20	9	1	226	525	600
20	14	11	227	766	818
21	3	10	228	113	185
21	12	5	229	206	269
21	0	2	230	456	553
21	12	11	231	728	755
21	1	10	232	798	827
21	12	5	233	827	840
21	0	2	234	848	867
21	1	5	235	903	956
22	3	10	236	59	113
22	4	0	237	118	188
22	5	13	238	228	268
22	4	0	239	308	321
22	10	3	240	321	333
22	1	10	241	337	356
22	3	8	242	357	399
22	10	3	243	509	573
22	13	4	244	633	722
22	4	0	245	780	798
22	2	6	246	842	918
22	12	9	247	923	957
23	3	10	248	0	59
23	12	12	249	85	162
23	13	9	250	164	179
23	13	9	251	218	256
23	10	4	252	256	297
23	14	11	253	371	408
23	1	7	254	420	451
23	2	4	255	484	568
23	13	4	256	586	633
23	9	9	257	740	766
23	6	3	258	772	848
23	5	3	259	858	954
24	2	8	260	0	40
24	7	6	261	65	145
24	11	6	262	147	175
24	0	4	263	175	216
24	13	2	264	328	398
24	13	8	265	399	487
24	2	0	266	568	623
24	1	5	267	623	700
24	9	12	268	766	828
24	12	9	269	840	923
24	0	14	270	930	958


Solution History:
