This is the output of Heuristic Solver for Dual resource constrained flexible job shop Scheduling Problem.
Input file is: wfjsp16_1.txt
Method: FaFM_45_75_900
Seed: 3
Number of Jobs: 40
Number of Operations: 291
Number of Machines: 15
Number of Operators: 15
CPU Time: 1657.21
obj: 983
Best found lower bound:0
Solver gap (best found lower bound and upper bound difference): Not known


Final Solution:
Job	Machine	Operator	Operation	Start Time	Finish Time
0	10	10	0	97	175
0	10	10	1	175	202
0	6	5	2	330	376
0	4	2	3	462	561
0	9	6	4	814	889
1	6	12	5	70	146
1	1	7	6	226	298
1	13	14	7	423	449
1	12	4	8	497	532
1	7	5	9	547	579
1	11	6	10	594	604
1	5	12	11	748	766
1	9	3	12	786	800
1	11	11	13	814	859
2	9	5	14	67	143
2	14	11	15	218	271
2	1	3	16	349	370
2	10	0	17	381	393
2	9	10	18	481	539
2	8	12	19	558	599
2	4	9	20	612	699
3	3	7	21	0	86
3	13	14	22	369	423
3	5	10	23	583	661
3	12	2	24	773	789
3	0	7	25	789	823
3	8	1	26	944	966
4	6	0	27	0	25
4	14	3	28	45	102
4	13	13	29	252	330
4	4	4	30	424	462
4	10	0	31	470	529
4	13	13	32	640	717
4	13	9	33	878	922
5	14	3	34	0	11
5	6	12	35	25	70
5	6	12	36	146	175
5	11	0	37	205	242
5	0	6	38	319	400
5	7	3	39	400	459
5	14	7	40	493	527
5	5	12	41	661	748
5	11	0	42	954	979
6	13	14	43	53	107
6	4	9	44	173	184
6	5	1	45	270	284
6	4	4	46	346	424
6	14	0	47	529	541
6	3	8	48	545	555
6	1	9	49	565	608
6	9	10	50	661	733
7	14	3	51	102	117
7	4	4	52	184	249
7	10	0	53	412	470
7	1	4	54	663	705
7	12	2	55	868	908
8	0	11	56	63	150
8	14	6	57	271	307
8	14	7	58	403	493
8	8	12	59	599	654
8	3	0	60	821	842
8	7	8	61	842	898
9	1	13	62	0	18
9	0	4	63	18	62
9	7	9	64	271	363
9	1	13	65	372	411
9	1	13	66	430	449
9	3	8	67	497	545
9	1	4	68	609	663
9	14	0	69	740	801
9	3	1	70	901	943
10	11	12	71	0	23
10	7	4	72	63	104
10	13	12	73	215	252
10	11	11	74	303	341
10	0	11	75	547	590
10	4	9	76	714	789
10	12	2	77	789	868
11	3	1	78	192	270
11	5	9	79	366	458
11	0	3	80	462	545
11	11	6	81	622	659
11	4	9	82	699	714
11	0	14	83	763	783
11	5	12	84	871	880
12	7	4	85	104	183
12	6	8	86	215	252
12	9	10	87	335	366
12	1	13	88	411	430
12	9	10	89	452	481
12	0	14	90	708	763
12	9	11	91	800	814
12	5	12	92	920	979
13	4	9	93	12	86
13	5	6	94	155	173
13	8	3	95	220	245
13	10	0	96	245	301
13	14	6	97	307	318
13	6	13	98	453	543
13	9	14	99	568	648
13	13	7	100	717	776
13	14	3	101	801	839
14	1	8	102	127	211
14	6	5	103	376	453
14	13	9	104	458	492
14	14	3	105	583	645
14	4	14	106	827	846
14	4	14	107	872	914
14	8	10	108	966	980
15	11	0	109	25	105
15	11	0	110	150	205
15	0	14	111	233	319
15	7	3	112	370	390
15	10	0	113	393	412
15	3	7	114	635	710
15	8	13	115	717	738
15	13	9	116	789	878
15	14	6	117	889	981
16	4	4	118	0	12
16	2	1	119	12	33
16	8	1	120	33	52
16	7	9	121	184	271
16	12	2	122	311	366
16	3	7	123	563	635
16	2	4	124	725	789
16	6	1	125	814	855
16	6	8	126	899	938
16	10	13	127	944	973
17	10	8	128	0	31
17	3	8	129	403	497
17	1	3	130	705	726
17	4	14	131	846	872
17	2	2	132	942	983
18	13	6	133	0	16
18	9	5	134	16	67
18	12	13	135	174	251
18	12	2	136	253	311
18	13	14	137	330	369
18	2	1	138	501	596
18	0	11	139	596	633
18	10	8	140	663	739
18	7	5	141	741	817
18	5	12	142	880	920
19	3	1	143	113	192
19	4	4	144	249	323
19	12	2	145	366	424
19	12	4	146	462	497
19	7	5	147	661	717
19	2	4	148	789	867
19	1	7	149	874	946
20	13	6	150	16	53
20	11	3	151	245	303
20	8	12	152	419	474
20	2	1	153	596	649
20	1	7	154	830	874
21	5	14	155	12	51
21	6	12	156	175	215
21	9	10	157	376	452
21	8	3	158	654	701
21	9	3	159	733	786
22	5	6	160	194	268
22	13	13	161	565	640
22	0	5	162	869	892
22	12	2	163	908	927
22	6	8	164	938	978
23	1	13	165	18	36
23	3	8	166	95	113
23	3	7	167	298	367
23	11	6	168	493	526
23	7	5	169	717	741
23	2	4	170	867	942
24	9	5	171	143	226
24	3	11	172	271	294
24	2	13	173	330	372
24	2	1	174	372	453
24	12	4	175	532	609
24	11	6	176	773	802
24	11	11	177	859	900
24	13	9	178	922	960
25	14	3	179	11	45
25	12	13	180	97	174
25	11	11	181	341	401
25	13	9	182	492	565
25	10	8	183	565	591
25	0	11	184	633	708
25	8	10	185	817	907
25	8	10	186	907	944
25	12	10	187	944	962
26	12	10	188	33	97
26	2	2	189	215	253
26	11	6	190	401	493
26	14	3	191	545	583
26	3	0	192	801	821
26	6	1	193	855	899
26	4	14	194	914	973
27	14	7	195	127	218
27	1	7	196	218	226
27	14	8	197	318	401
27	2	14	198	649	707
27	10	13	199	739	799
27	0	7	200	946	983
28	13	14	201	107	191
28	2	1	202	453	501
28	6	1	203	704	758
28	4	14	204	803	827
28	7	11	205	900	982
29	8	10	206	0	33
29	1	7	207	86	127
29	13	14	208	191	211
29	2	5	209	253	306
29	0	11	210	442	462
29	11	6	211	526	594
29	11	6	212	604	622
29	8	10	213	738	817
29	10	13	214	921	944
30	8	3	215	117	192
30	9	5	216	226	246
30	5	1	217	284	341
30	3	7	218	367	403
30	12	2	219	612	693
30	10	13	220	879	921
30	9	3	221	921	971
31	2	2	222	33	113
31	0	11	223	171	208
31	1	3	224	303	349
31	8	12	225	474	558
31	5	12	226	766	788
31	5	12	227	788	871
31	0	5	228	892	946
32	8	1	229	52	110
32	0	11	230	150	171
32	7	11	231	462	547
32	5	10	232	548	583
32	6	1	233	650	704
32	3	5	234	946	982
33	4	9	235	86	173
33	10	10	236	202	242
33	6	8	237	292	312
33	4	2	238	561	612
33	14	0	239	650	740
33	1	8	240	740	830
34	9	14	241	0	9
34	2	2	242	113	162
34	5	6	243	173	194
34	0	14	244	211	233
34	8	12	245	337	419
34	2	4	246	707	725
34	3	11	247	725	770
34	14	3	248	876	887
34	11	0	249	901	954
35	5	6	250	53	131
35	2	2	251	162	215
35	9	10	252	281	335
35	1	5	253	453	529
35	6	0	254	602	650
35	11	2	255	693	773
35	14	3	256	839	876
36	5	9	257	0	12
36	11	0	258	105	150
36	8	3	259	192	220
36	10	0	260	301	381
36	6	0	261	543	602
36	4	14	262	789	803
36	10	13	263	803	879
37	7	11	264	0	63
37	5	6	265	131	155
37	9	10	266	246	281
37	2	5	267	306	330
37	4	4	268	330	346
37	12	2	269	424	460
37	7	5	270	579	661
37	3	11	271	770	793
37	0	5	272	823	869
37	9	3	273	889	912
38	12	2	274	0	30
38	10	8	275	31	95
38	8	12	276	252	337
38	0	11	277	401	442
38	5	14	278	458	548
38	9	14	279	548	568
38	10	8	280	591	663
38	11	6	281	663	692
38	6	1	282	758	814
38	3	0	283	842	901
39	1	13	284	36	85
39	6	8	285	252	292
39	5	1	286	341	366
39	9	10	287	366	376
39	1	7	288	529	563
39	12	6	289	693	773
39	13	9	290	960	978


Solution History:
