This is the output of Heuristic Solver for Dual resource constrained flexible job shop Scheduling Problem.
Input file is: wfjsp14_7.txt
Method: FaFM_45_75_900
Seed: 5
Number of Jobs: 30
Number of Operations: 236
Number of Machines: 15
Number of Operators: 15
CPU Time: 510.714
obj: 827
Best found lower bound:0
Solver gap (best found lower bound and upper bound difference): Not known


Final Solution:
Job	Machine	Operator	Operation	Start Time	Finish Time
0	6	4	0	51	132
0	9	13	1	142	151
0	11	5	2	251	287
0	1	10	3	382	482
0	12	7	4	556	578
0	10	7	5	581	621
0	8	1	6	752	780
0	8	7	7	780	816
1	0	1	8	0	10
1	10	4	9	11	50
1	9	12	10	53	139
1	0	1	11	257	322
1	7	2	12	322	403
1	14	7	13	411	457
1	7	13	14	483	516
1	3	2	15	635	650
1	13	6	16	677	749
1	9	13	17	749	821
2	14	1	18	22	89
2	11	5	19	172	251
2	14	12	20	259	326
2	4	6	21	346	371
2	1	10	22	371	382
2	11	12	23	402	473
2	6	14	24	484	499
2	4	9	25	532	586
2	12	5	26	674	685
2	5	2	27	746	827
3	4	0	28	36	95
3	13	4	29	171	205
3	3	2	30	403	475
3	4	3	31	590	668
3	9	11	32	679	748
4	14	12	33	0	10
4	8	14	34	10	86
4	3	10	35	125	215
4	4	9	36	235	261
4	4	6	37	261	279
4	9	13	38	284	316
4	3	0	39	336	399
4	9	4	40	486	567
4	13	9	41	590	662
4	5	2	42	662	746
5	3	2	43	0	35
5	2	10	44	68	94
5	9	0	45	151	190
5	6	3	46	323	408
5	11	5	47	473	540
5	0	1	48	679	737
6	3	6	49	36	88
6	10	7	50	105	127
6	12	11	51	192	224
6	10	8	52	320	393
6	6	3	53	408	438
6	5	14	54	442	456
6	12	7	55	457	503
6	5	8	56	582	654
6	3	0	57	654	693
7	4	6	58	0	36
7	9	13	59	36	53
7	6	7	60	132	156
7	12	11	61	224	258
7	7	14	62	258	316
7	2	4	63	320	388
7	10	3	64	486	567
7	1	3	65	670	718
8	2	10	66	0	68
8	6	13	67	156	242
8	3	0	68	278	336
8	13	9	69	398	467
8	13	6	70	497	515
8	0	0	71	532	594
8	2	0	72	594	653
8	1	3	73	718	793
9	14	2	74	89	141
9	5	2	75	226	249
9	6	3	76	284	323
9	7	13	77	630	701
9	6	13	78	702	738
10	10	2	79	50	86
10	9	14	80	347	442
10	3	2	81	624	635
10	14	12	82	689	705
10	2	4	83	773	821
11	11	7	84	0	18
11	13	4	85	138	171
11	10	8	86	209	275
11	12	7	87	275	321
11	14	12	88	326	370
11	5	13	89	375	386
11	4	6	90	420	493
11	11	5	91	636	664
11	6	14	92	773	809
11	3	10	93	809	823
12	5	13	94	0	35
12	11	5	95	105	172
12	4	6	96	172	184
12	4	6	97	184	235
12	1	8	98	284	303
12	0	1	99	322	380
12	14	12	100	508	579
12	7	13	101	600	630
12	10	7	102	688	770
12	13	1	103	784	827
13	7	8	104	0	37
13	12	11	105	56	121
13	1	3	106	233	284
13	2	10	107	284	314
13	10	8	108	393	459
13	5	1	109	459	487
13	6	14	110	499	539
13	10	6	111	567	581
13	12	11	112	648	674
13	7	9	113	787	826
14	1	3	114	83	156
14	8	11	115	259	312
14	8	1	116	391	457
14	6	14	117	539	555
14	14	12	118	646	689
15	6	12	119	11	51
15	5	13	120	53	83
15	1	3	121	156	233
15	6	13	122	242	284
15	7	11	123	403	483
15	1	10	124	498	592
15	9	1	125	592	679
15	14	12	126	789	821
16	11	7	127	66	105
16	8	12	128	147	161
16	14	1	129	226	256
16	6	3	130	438	471
16	1	10	131	482	498
16	2	4	132	732	773
17	13	8	133	38	138
17	8	12	134	139	147
17	0	9	135	192	232
17	13	9	136	261	329
17	13	6	137	515	566
17	14	12	138	579	646
17	1	10	139	657	670
17	8	14	140	710	752
17	11	5	141	758	801
18	11	7	142	18	66
18	10	8	143	138	209
18	4	6	144	279	346
18	4	6	145	371	420
18	8	14	146	457	484
18	7	13	147	516	600
18	2	4	148	654	732
18	13	9	149	750	784
19	0	5	150	10	90
19	5	2	151	142	226
19	8	12	152	244	259
19	1	10	153	314	344
19	11	12	154	370	402
19	10	4	155	460	486
19	11	5	156	557	636
19	4	10	157	670	712
19	4	10	158	712	793
19	4	11	159	793	824
20	4	6	160	95	157
20	2	0	161	190	277
20	13	9	162	329	398
20	2	4	163	398	460
20	3	2	164	483	567
20	13	3	165	567	590
20	8	8	166	654	687
20	0	1	167	737	745
21	12	11	168	121	192
21	2	8	169	460	542
21	8	8	170	687	710
21	0	0	171	747	785
21	6	3	172	809	823
22	13	9	173	10	38
22	8	1	174	89	120
22	3	10	175	215	278
22	5	13	176	321	350
22	5	13	177	350	375
22	4	0	178	494	531
22	1	10	179	592	657
22	3	6	180	749	768
23	13	3	181	0	10
23	12	11	182	10	56
23	14	1	183	141	226
23	0	6	184	235	257
23	12	7	185	321	371
23	5	13	186	386	429
23	3	2	187	475	483
23	5	1	188	487	572
23	12	11	189	580	648
23	11	9	190	677	750
24	7	9	191	38	113
24	5	13	192	113	142
24	7	14	193	187	255
24	12	5	194	371	431
24	0	9	195	497	532
24	2	8	196	542	582
24	0	6	197	594	677
24	3	0	198	693	747
24	12	11	199	758	769
25	8	12	200	161	244
25	10	4	201	275	320
25	9	14	202	320	347
25	10	7	203	621	688
25	12	5	204	688	758
26	3	10	205	94	125
26	9	7	206	192	269
26	14	12	207	473	508
26	11	9	208	664	677
26	12	6	209	769	825
27	6	4	210	0	11
27	9	1	211	11	22
27	0	0	212	95	151
27	0	7	213	156	192
27	5	2	214	249	321
27	14	7	215	371	411
27	13	9	216	467	497
27	11	5	217	540	557
27	6	14	218	557	626
27	14	12	219	705	789
28	1	3	220	10	83
28	7	9	221	113	187
28	13	4	222	205	260
28	11	5	223	287	368
28	9	13	224	442	483
28	12	7	225	503	556
28	3	2	226	567	624
28	6	14	227	626	702
28	7	8	228	710	787
28	0	0	229	787	825
29	2	14	230	94	185
29	8	11	231	312	391
29	0	0	232	399	494
29	8	11	233	494	580
29	8	4	234	580	654
29	6	14	235	752	773


Solution History:
