This is the output of Heuristic Solver for Dual resource constrained flexible job shop Scheduling Problem.
Input file is: wfjsp13_2.txt
Method: FaFM_45_75_900
Seed: 5
Number of Jobs: 25
Number of Operations: 271
Number of Machines: 15
Number of Operators: 15
CPU Time: 907.958
obj: 971
Best found lower bound:0
Solver gap (best found lower bound and upper bound difference): Not known


Final Solution:
Job	Machine	Operator	Operation	Start Time	Finish Time
0	9	7	0	65	145
0	7	11	1	194	269
0	14	9	2	307	327
0	4	6	3	343	377
0	14	12	4	379	395
0	4	14	5	446	468
0	3	6	6	481	555
0	6	10	7	590	600
0	0	2	8	600	675
0	10	14	9	839	880
0	6	11	10	888	946
0	8	3	11	955	971
1	0	13	12	11	79
1	8	8	13	81	151
1	2	1	14	174	242
1	2	4	15	308	376
1	5	5	16	376	410
1	3	1	17	434	478
1	7	13	18	488	509
1	10	14	19	515	568
1	8	3	20	568	645
1	13	4	21	681	762
1	6	3	22	762	815
1	6	13	23	827	888
2	9	3	24	0	65
2	8	8	25	65	81
2	12	12	26	145	157
2	1	7	27	279	364
2	9	9	28	364	386
2	10	3	29	419	492
2	1	7	30	492	583
2	5	0	31	595	612
2	4	6	32	697	764
2	3	8	33	822	901
3	2	12	34	40	90
3	10	5	35	107	132
3	3	1	36	252	304
3	13	10	37	323	361
3	12	9	38	386	454
3	14	9	39	661	744
3	9	12	40	762	788
3	2	1	41	836	851
3	4	14	42	880	908
3	11	3	43	908	925
4	1	6	44	0	38
4	9	7	45	145	219
4	13	14	46	224	265
4	7	11	47	269	355
4	11	0	48	402	501
4	7	13	49	624	683
4	5	0	50	683	715
4	11	13	51	752	809
4	4	6	52	838	871
4	0	13	53	888	913
4	2	4	54	929	961
5	11	9	55	0	44
5	0	9	56	79	99
5	3	13	57	185	252
5	13	14	58	265	323
5	13	8	59	361	372
5	6	13	60	384	418
5	4	5	61	517	575
5	1	7	62	583	663
5	5	0	63	715	768
5	5	0	64	790	864
5	2	4	65	869	929
6	3	0	66	0	19
6	14	10	67	69	148
6	13	2	68	148	162
6	11	0	69	244	324
6	0	2	70	326	339
6	10	3	71	359	419
6	14	7	72	419	476
6	6	8	73	521	567
6	4	5	74	575	636
6	0	2	75	675	771
6	9	12	76	788	839
6	3	14	77	908	962
7	5	1	78	87	171
7	3	13	79	171	185
7	1	4	80	187	240
7	9	10	81	450	496
7	9	12	82	496	548
7	6	8	83	567	583
7	11	6	84	587	665
7	11	6	85	665	688
7	5	0	86	768	790
7	1	5	87	790	826
7	0	7	88	833	863
7	10	10	89	880	964
8	14	1	90	0	69
8	2	6	91	98	174
8	11	6	92	174	244
8	8	8	93	244	254
8	12	12	94	266	292
8	8	12	95	292	379
8	4	6	96	379	446
8	4	14	97	468	515
8	12	11	98	607	711
8	14	9	99	744	828
8	1	10	100	860	877
8	13	7	101	886	951
9	8	14	102	0	55
9	4	9	103	99	153
9	8	8	104	153	223
9	6	3	105	240	321
9	13	7	106	372	409
9	5	5	107	420	472
9	11	3	108	501	566
9	7	13	109	566	624
9	5	14	110	628	677
9	7	10	111	683	710
9	9	12	112	718	762
9	14	12	113	839	903
10	10	5	114	36	107
10	10	5	115	132	145
10	0	2	116	162	176
10	0	2	117	176	194
10	0	2	118	339	432
10	9	12	119	548	636
10	3	1	120	725	756
10	13	4	121	804	869
11	14	10	122	148	211
11	8	10	123	223	244
11	8	8	124	254	283
11	1	10	125	364	385
11	5	5	126	410	420
11	8	8	127	490	510
11	0	2	128	574	588
11	6	10	129	600	610
11	6	8	130	683	756
11	6	3	131	815	826
12	4	5	132	0	36
12	13	14	133	57	114
12	0	14	134	114	161
12	9	7	135	219	278
12	12	13	136	292	326
12	7	11	137	355	391
12	7	11	138	391	455
12	12	11	139	522	607
12	9	12	140	636	690
12	11	13	141	690	752
12	0	7	142	771	833
12	4	8	143	908	946
13	11	3	144	65	127
13	6	13	145	134	169
13	12	12	146	169	213
13	2	4	147	242	308
13	4	6	148	312	343
13	3	1	149	381	434
13	7	9	150	455	487
13	0	2	151	529	574
13	8	5	152	645	710
13	7	11	153	733	801
13	14	9	154	828	839
13	9	9	155	839	932
14	12	2	156	0	51
14	9	8	157	283	359
14	8	8	158	379	412
14	8	1	159	510	564
14	10	3	160	672	701
14	3	8	161	756	822
14	1	5	162	877	907
14	11	3	163	925	955
15	13	7	164	0	57
15	12	2	165	57	145
15	5	5	166	205	261
15	11	0	167	324	402
15	2	4	168	418	430
15	14	1	169	478	508
15	14	10	170	508	590
15	14	9	171	590	661
15	12	14	172	711	769
15	10	14	173	783	839
15	8	1	174	860	933
16	0	4	175	0	11
16	5	4	176	11	87
16	1	4	177	87	107
16	4	9	178	153	226
16	14	9	179	226	307
16	9	10	180	386	450
16	6	13	181	461	488
16	7	13	182	509	563
16	6	0	183	612	683
16	10	5	184	710	783
16	7	11	185	801	876
16	14	12	186	903	962
17	1	9	187	44	71
17	11	3	188	127	164
17	6	3	189	169	240
17	3	1	190	304	381
17	6	13	191	418	461
17	5	5	192	472	517
17	8	10	193	783	860
17	6	8	194	946	962
18	7	11	195	36	77
18	6	13	196	79	134
18	12	12	197	223	266
18	5	5	198	300	369
18	2	4	199	430	521
18	5	0	200	521	595
18	3	1	201	638	725
18	1	7	202	740	768
18	4	6	203	768	838
18	7	6	204	876	938
18	8	9	205	938	955
18	12	9	206	955	967
19	7	11	207	0	36
19	10	0	208	145	231
19	0	2	209	246	326
19	6	13	210	326	384
19	8	8	211	412	490
19	10	14	212	568	628
19	13	8	213	666	681
19	2	3	214	701	760
19	13	4	215	762	804
19	11	13	216	809	827
19	11	3	217	827	908
19	4	6	218	946	960
20	10	10	219	0	28
20	6	10	220	28	62
20	7	11	221	154	194
20	12	12	222	213	223
20	4	6	223	244	287
20	1	14	224	386	445
20	6	0	225	501	521
20	2	4	226	605	681
20	0	13	227	913	968
21	3	0	228	72	141
21	12	14	229	326	386
21	0	2	230	432	529
21	3	6	231	555	587
21	9	12	232	690	718
21	12	14	233	769	783
21	0	7	234	863	886
21	1	5	235	907	960
22	3	0	236	19	72
22	13	14	237	162	224
22	5	5	238	261	300
22	4	6	239	300	312
22	10	3	240	321	333
22	10	3	241	333	359
22	2	4	242	376	418
22	12	11	243	455	522
22	13	8	244	583	666
22	4	14	245	677	697
22	8	10	246	710	783
22	1	5	247	826	860
23	4	6	248	38	98
23	1	4	249	107	187
23	4	8	250	226	243
23	1	10	251	244	279
23	10	10	252	279	321
23	14	9	253	327	362
23	1	6	254	446	481
23	2	4	255	521	605
23	10	10	256	628	672
23	7	11	257	711	733
23	2	1	258	760	836
23	5	0	259	864	960
24	2	8	260	0	40
24	7	11	261	77	154
24	5	5	262	171	205
24	0	2	263	205	246
24	13	12	264	409	489
24	13	9	265	489	578
24	3	1	266	587	638
24	1	7	267	663	740
24	12	2	268	783	856
24	12	2	269	856	945
24	9	1	270	945	970


Solution History:
