This is the output of Heuristic Solver for Dual resource constrained flexible job shop Scheduling Problem.
Input file is: wfjsp18_3.txt
Method: FaFM_45_75_900
Seed: 5
Number of Jobs: 20
Number of Operations: 168
Number of Machines: 10
Number of Operators: 8
CPU Time: 418.054
obj: 1126
Best found lower bound:0
Solver gap (best found lower bound and upper bound difference): Not known


Final Solution:
Job	Machine	Operator	Operation	Start Time	Finish Time
0	9	6	0	0	67
0	5	4	1	67	82
0	2	5	2	235	250
0	8	4	3	313	398
0	9	6	4	425	495
0	5	3	5	510	583
0	6	4	6	763	835
0	8	7	7	869	904
0	1	7	8	1016	1112
1	4	7	9	25	40
1	5	4	10	82	147
1	0	0	11	223	317
1	9	2	12	405	423
1	0	0	13	492	587
1	4	2	14	908	1000
1	4	6	15	1031	1060
1	7	1	16	1073	1125
2	8	3	17	35	54
2	9	7	18	117	188
2	2	5	19	250	262
2	6	4	20	282	309
2	3	1	21	380	423
2	2	7	22	423	520
2	1	1	23	532	597
2	8	7	24	656	689
2	8	5	25	788	858
2	9	6	26	930	1031
3	5	1	27	37	49
3	7	5	28	67	101
3	4	2	29	272	369
3	8	3	30	471	510
3	3	7	31	689	720
3	7	1	32	724	789
3	5	1	33	857	924
3	8	7	34	942	1016
4	2	0	35	0	97
4	4	2	36	180	272
4	5	5	37	490	505
4	2	7	38	534	567
4	7	5	39	606	689
4	2	2	40	808	825
4	4	7	41	826	853
4	5	1	42	924	990
4	8	4	43	1026	1062
4	3	2	44	1065	1120
5	4	2	45	59	152
5	3	7	46	188	265
5	5	1	47	297	380
5	6	2	48	425	442
5	8	7	49	520	534
5	9	6	50	649	703
5	2	2	51	736	808
5	3	1	52	816	857
5	2	5	53	1019	1041
5	9	6	54	1060	1113
6	4	3	55	0	25
6	7	4	56	36	63
6	8	3	57	148	224
6	1	3	58	297	383
6	6	6	59	495	591
6	6	0	60	591	706
6	0	3	61	759	770
6	1	3	62	829	892
6	2	5	63	918	1019
7	8	5	64	0	35
7	4	6	65	152	180
7	8	3	66	410	471
7	3	1	67	495	532
7	1	1	68	597	669
7	8	5	69	689	698
7	0	6	70	830	930
8	9	6	71	309	367
8	2	7	72	390	420
8	7	4	73	510	580
8	2	2	74	825	854
8	6	3	75	892	956
8	1	7	76	1112	1125
9	1	1	77	126	160
9	2	2	78	160	174
9	6	4	79	212	282
9	3	2	80	605	677
9	2	2	81	680	736
9	9	7	82	853	869
9	7	0	83	1033	1073
9	9	6	84	1113	1126
10	1	6	85	180	252
10	8	7	86	265	313
10	9	6	87	367	399
10	7	4	88	405	428
10	4	7	89	567	602
10	8	7	90	602	656
10	7	0	91	789	832
10	7	0	92	832	857
10	2	5	93	889	918
11	0	4	94	0	36
11	8	3	95	54	148
11	8	3	96	224	261
11	2	7	97	313	390
11	0	0	98	401	492
11	9	0	99	706	788
11	6	4	100	835	890
11	1	7	101	904	942
11	7	0	102	942	1033
11	2	5	103	1041	1124
12	3	5	104	35	67
12	6	0	105	97	111
12	6	4	106	147	212
12	2	5	107	262	303
12	0	0	108	317	401
12	4	2	109	442	538
12	2	4	110	580	680
12	4	7	111	720	826
12	3	4	112	890	942
12	5	3	113	1083	1120
13	3	7	114	0	25
13	2	5	115	186	235
13	7	2	116	369	405
13	6	3	117	706	717
13	8	5	118	721	788
13	5	1	119	990	1072
14	5	1	120	49	67
14	9	6	121	252	309
14	3	5	122	309	345
14	1	3	123	383	410
14	5	4	124	680	763
14	4	2	125	854	908
14	6	4	126	969	1026
15	6	2	127	0	59
15	0	6	128	67	142
15	1	1	129	423	495
15	7	5	130	580	606
15	4	3	131	635	698
15	7	5	132	698	721
15	3	2	133	1000	1065
16	5	1	134	0	37
16	7	0	135	111	138
16	0	0	136	142	223
16	5	1	137	230	297
16	5	5	138	380	425
16	5	3	139	583	635
16	0	1	140	669	724
16	0	1	141	789	816
16	3	5	142	858	889
16	0	3	143	956	1057
17	1	7	144	40	117
17	3	5	145	170	186
17	6	6	146	399	425
17	5	5	147	425	490
17	1	6	148	739	795
17	0	4	149	1062	1121
18	3	1	150	67	126
18	1	3	151	261	297
18	3	5	152	345	376
18	3	2	153	538	605
18	0	6	154	605	649
18	1	6	155	703	739
18	9	6	156	795	830
18	4	3	157	1060	1083
18	6	0	158	1083	1123
19	2	5	159	101	137
19	3	5	160	137	170
19	7	1	161	170	230
19	7	4	162	428	510
19	9	5	163	510	576
19	6	3	164	717	759
19	5	3	165	770	829
19	7	0	166	857	935
19	3	4	167	942	969


Solution History:
