This is the output of Heuristic Solver for Dual resource constrained flexible job shop Scheduling Problem.
Input file is: wfjsp15_7.txt
Method: FaFM_45_75_900
Seed: 4
Number of Jobs: 30
Number of Operations: 386
Number of Machines: 15
Number of Operators: 15
CPU Time: 1404.94
obj: 1332
Best found lower bound:0
Solver gap (best found lower bound and upper bound difference): Not known


Final Solution:
Job	Machine	Operator	Operation	Start Time	Finish Time
0	6	3	0	64	144
0	0	1	1	144	156
0	6	7	2	212	251
0	12	7	3	305	405
0	8	12	4	455	481
0	12	11	5	490	531
0	8	12	6	671	704
0	7	13	7	704	744
0	13	9	8	744	753
0	7	2	9	774	815
0	14	7	10	957	1036
0	2	0	11	1041	1104
0	7	2	12	1108	1186
1	1	0	13	0	55
1	12	11	14	81	124
1	12	5	15	233	250
1	3	6	16	286	367
1	10	6	17	367	442
1	9	14	18	527	589
1	14	8	19	626	696
1	14	12	20	785	852
1	14	12	21	852	881
1	4	11	22	881	892
1	13	9	23	945	1016
1	1	3	24	1044	1057
1	0	0	25	1154	1208
1	6	3	26	1223	1234
1	10	3	27	1234	1312
2	14	7	28	0	46
2	10	10	29	46	82
2	5	13	30	121	192
2	7	8	31	268	350
2	8	12	32	350	421
2	7	9	33	427	439
2	7	2	34	509	577
2	0	9	35	598	683
2	0	11	36	683	707
2	8	11	37	776	799
2	8	7	38	799	840
2	1	3	39	862	934
2	3	10	40	946	1013
2	9	1	41	1138	1211
2	7	9	42	1221	1304
3	13	3	43	30	64
3	9	12	44	103	128
3	5	2	45	337	373
3	1	3	46	431	509
3	10	4	47	549	613
3	11	5	48	865	934
3	5	13	49	987	1049
3	3	9	50	1050	1072
3	7	2	51	1072	1108
3	4	11	52	1260	1330
4	8	1	53	8	38
4	8	1	54	38	49
4	3	2	55	78	136
4	0	0	56	156	239
4	4	11	57	358	400
4	5	13	58	400	438
4	4	11	59	465	490
4	10	4	60	525	549
4	6	3	61	560	594
4	3	6	62	598	651
4	8	11	63	707	776
4	11	5	64	785	865
4	9	0	65	985	1041
4	1	10	66	1169	1237
4	11	10	67	1240	1322
5	14	7	68	90	168
5	2	4	69	182	244
5	5	13	70	265	287
5	13	1	71	499	545
5	11	5	72	545	606
5	0	5	73	707	785
5	0	8	74	785	827
5	1	3	75	996	1014
5	3	10	76	1014	1050
5	13	9	77	1072	1138
5	8	11	78	1176	1213
6	10	2	79	0	36
6	5	13	80	192	265
6	3	3	81	267	280
6	2	10	82	334	350
6	1	3	83	358	406
6	7	9	84	439	461
6	12	11	85	613	639
6	6	14	86	645	707
6	5	14	87	707	770
6	7	8	88	827	884
6	6	14	89	912	926
6	12	5	90	1064	1146
6	12	5	91	1146	1174
6	6	7	92	1259	1294
7	7	13	93	0	16
7	5	13	94	16	49
7	2	4	95	101	182
7	5	13	96	287	296
7	7	8	97	350	406
7	12	4	98	406	425
7	12	4	99	425	486
7	10	4	100	680	753
7	3	0	101	764	792
7	7	2	102	915	1000
7	5	13	103	1049	1111
7	10	2	104	1188	1220
7	14	1	105	1234	1300
8	5	13	106	49	110
8	1	0	107	110	149
8	1	12	108	270	333
8	0	6	109	442	467
8	10	4	110	488	525
8	12	11	111	531	545
8	13	1	112	606	634
8	6	12	113	707	747
8	13	9	114	796	867
8	3	10	115	884	946
8	0	6	116	1072	1146
8	10	10	117	1146	1164
8	14	7	118	1193	1234
9	9	12	119	27	66
9	11	5	120	66	96
9	11	5	121	311	392
9	6	3	122	509	549
9	8	12	123	552	641
9	4	2	124	644	729
9	9	1	125	762	847
9	8	1	126	917	948
9	9	0	127	948	985
9	4	11	128	1243	1260
10	13	3	129	0	30
10	10	10	130	127	169
10	13	6	131	212	230
10	12	7	132	251	297
10	6	7	133	405	485
10	11	9	134	736	744
10	2	10	135	764	804
10	5	13	136	815	883
10	8	1	137	1020	1079
10	4	11	138	1098	1163
11	12	5	139	0	12
11	0	5	140	12	51
11	10	10	141	82	127
11	11	5	142	170	229
11	8	4	143	244	323
11	11	5	144	468	540
11	13	1	145	545	606
11	11	7	146	606	627
11	12	7	147	667	747
11	1	3	148	763	841
11	14	12	149	881	915
11	2	8	150	957	1036
11	13	9	151	1151	1221
11	3	2	152	1222	1243
11	8	12	153	1286	1314
12	9	14	154	0	27
12	7	14	155	27	56
12	3	2	156	161	240
12	13	6	157	240	286
12	2	10	158	350	443
12	5	13	159	443	474
12	2	0	160	504	561
12	2	0	161	616	703
12	8	1	162	847	917
12	1	3	163	934	996
12	1	3	164	1057	1144
12	10	8	165	1166	1188
12	4	11	166	1213	1243
12	1	2	167	1243	1252
12	12	5	168	1252	1314
13	0	8	169	57	139
13	8	14	170	141	160
13	4	11	171	241	280
13	14	1	172	289	304
13	9	11	173	305	338
13	5	13	174	485	516
13	0	6	175	547	598
13	5	7	176	637	660
13	14	8	177	696	714
13	11	12	178	747	785
13	12	5	179	993	1064
13	3	13	180	1118	1140
13	8	11	181	1163	1176
13	0	0	182	1208	1249
13	3	2	183	1252	1324
14	3	6	184	0	24
14	13	6	185	100	145
14	6	1	186	156	212
14	11	6	187	230	239
14	9	14	188	410	503
14	12	11	189	545	613
14	2	0	190	703	764
14	12	11	191	799	872
14	14	12	192	915	945
14	6	1	193	948	1010
15	2	4	194	38	101
15	4	11	195	124	167
15	14	7	196	168	209
15	13	9	197	326	398
15	14	7	198	485	533
15	6	3	199	549	560
15	1	3	200	633	714
15	4	6	201	737	788
15	0	6	202	842	864
15	12	4	203	878	933
15	8	12	204	948	1020
15	1	3	205	1144	1169
15	9	14	206	1240	1332
16	9	12	207	66	103
16	8	1	208	124	137
16	7	8	209	218	268
16	12	5	210	297	305
16	11	5	211	392	404
16	9	14	212	589	645
16	9	1	213	645	678
16	6	14	214	829	912
16	10	4	215	983	1020
16	4	10	216	1071	1098
16	3	10	217	1098	1118
17	4	9	218	51	124
17	9	12	219	128	210
17	4	3	220	280	358
17	3	2	221	373	452
17	3	2	222	452	509
17	14	7	223	533	606
17	10	4	224	636	680
17	12	7	225	747	794
17	4	10	226	804	866
17	11	14	227	934	1010
17	9	7	228	1041	1109
17	14	7	229	1110	1146
17	3	6	230	1146	1222
17	2	4	231	1230	1305
18	12	9	232	124	233
18	2	10	233	245	334
18	14	1	234	384	469
18	14	1	235	469	485
18	8	12	236	485	552
18	4	10	237	552	644
18	2	8	238	884	942
18	10	4	239	1020	1106
18	10	0	240	1106	1115
18	8	0	241	1115	1154
18	6	3	242	1209	1223
18	6	7	243	1234	1259
18	5	13	244	1259	1326
19	7	14	245	56	141
19	7	8	246	141	218
19	5	13	247	296	337
19	8	12	248	421	455
19	7	9	249	461	508
19	11	5	250	627	699
19	1	3	251	714	763
19	13	9	252	763	796
19	0	6	253	827	842
19	7	2	254	884	915
19	12	5	255	934	976
19	13	9	256	1016	1049
19	7	2	257	1059	1071
19	6	12	258	1124	1209
19	8	12	259	1213	1286
20	2	4	260	0	38
20	3	2	261	43	78
20	6	14	262	251	340
20	13	8	263	406	499
20	6	8	264	499	509
20	7	2	265	744	774
20	3	0	266	792	830
20	5	13	267	883	921
20	0	6	268	945	1019
20	0	6	269	1019	1072
20	11	14	270	1072	1134
20	13	6	271	1222	1306
20	13	9	272	1306	1314
21	14	7	273	46	90
21	1	3	274	149	228
21	4	11	275	400	465
21	10	10	276	465	488
21	3	9	277	509	551
21	7	13	278	637	703
21	2	4	279	805	878
21	4	11	280	892	928
21	7	2	281	1000	1059
21	14	7	282	1146	1193
22	6	8	283	0	57
22	10	10	284	169	245
22	1	3	285	245	267
22	0	0	286	282	366
22	1	3	287	406	431
22	4	10	288	490	549
22	7	2	289	577	636
22	14	8	290	714	784
22	6	14	291	815	829
22	13	6	292	867	945
22	2	4	293	1106	1182
22	12	5	294	1182	1247
22	6	7	295	1294	1308
23	13	6	296	145	212
23	9	1	297	212	289
23	9	11	298	289	305
23	13	9	299	311	326
23	0	0	300	366	422
23	2	0	301	561	616
23	11	9	302	699	736
23	4	6	303	788	804
23	9	7	304	847	897
23	4	11	305	928	972
23	4	11	306	972	988
23	6	3	307	1014	1042
23	13	9	308	1138	1151
23	4	3	309	1169	1206
23	1	0	310	1252	1310
24	8	1	311	0	8
24	11	10	312	8	34
24	13	6	313	64	100
24	11	9	314	239	311
24	8	4	315	323	341
24	9	14	316	341	410
24	3	9	317	551	593
24	8	12	318	641	671
24	9	1	319	678	762
24	0	9	320	867	902
24	0	9	321	902	937
24	11	14	322	1010	1072
24	2	4	323	1182	1230
24	0	8	324	1249	1332
25	8	1	325	49	107
25	3	2	326	136	161
25	8	14	327	161	241
25	6	4	328	352	404
25	0	6	329	467	547
25	12	11	330	639	667
25	10	4	331	753	805
25	3	0	332	830	884
25	5	13	333	921	987
25	11	14	334	1134	1198
26	4	9	335	0	51
26	8	1	336	107	124
26	14	1	337	304	370
26	14	1	338	370	384
26	7	9	339	406	427
26	5	13	340	516	576
26	6	3	341	594	633
26	3	10	342	721	763
26	14	8	343	1036	1110
26	5	13	344	1166	1257
27	1	0	345	55	109
27	4	11	346	167	241
27	0	0	347	241	282
27	6	13	348	340	352
27	2	0	349	443	504
27	1	8	350	605	626
27	13	6	351	651	737
27	6	13	352	747	814
27	1	3	353	841	862
27	9	7	354	897	944
27	2	7	355	944	957
27	1	12	356	1020	1044
27	9	1	357	1110	1138
27	7	8	358	1188	1216
27	9	1	359	1216	1233
28	12	11	360	12	81
28	11	5	361	96	170
28	14	12	362	210	270
28	10	2	363	303	333
28	5	13	364	373	385
28	1	8	365	509	605
28	10	4	366	613	636
28	3	10	367	651	721
28	5	14	368	770	815
28	10	2	369	815	880
28	10	0	370	884	940
28	10	4	371	940	983
28	12	5	372	983	993
28	6	12	373	1044	1124
28	11	14	374	1198	1240
29	3	6	375	24	43
29	11	6	376	43	60
29	5	13	377	110	121
29	10	2	378	245	303
29	11	5	379	404	468
29	5	13	380	474	485
29	9	14	381	503	527
29	5	13	382	576	637
29	4	11	383	988	1071
29	8	1	384	1079	1110
29	5	8	385	1111	1166


Solution History:
