This is the output of Heuristic Solver for Dual resource constrained flexible job shop Scheduling Problem.
Input file is: wfjsp5_8.txt
Method: FaFM_45_75_900
Seed: 3
Number of Jobs: 10
Number of Operations: 65
Number of Machines: 5
Number of Operators: 5
CPU Time: 34.9252
obj: 703
Best found lower bound:0
Solver gap (best found lower bound and upper bound difference): Not known


Final Solution:
Job	Machine	Operator	Operation	Start Time	Finish Time
0	1	4	0	464	497
0	0	4	1	617	685
1	1	0	2	43	74
1	3	2	3	129	193
1	2	3	4	232	302
1	2	3	5	484	545
1	2	3	6	545	606
2	1	0	7	0	12
2	0	4	8	24	71
2	1	0	9	74	129
2	1	1	10	219	246
2	1	1	11	246	334
2	4	2	12	347	355
2	3	1	13	395	484
2	1	0	14	499	518
2	0	4	15	563	617
2	3	2	16	628	700
3	1	0	17	12	43
3	0	1	18	71	131
3	4	4	19	133	179
3	2	3	20	186	232
3	4	4	21	254	296
3	4	4	22	296	347
3	2	3	23	347	409
3	2	3	24	409	472
3	3	2	25	541	628
3	2	3	26	628	697
4	2	3	27	0	67
4	4	4	28	71	133
4	3	2	29	193	264
4	0	0	30	264	335
4	3	1	31	335	395
4	1	0	32	406	464
4	0	0	33	464	499
4	4	1	34	499	589
4	4	1	35	589	677
4	4	1	36	677	703
5	0	4	37	0	24
5	0	1	38	131	198
5	0	1	39	198	208
5	1	0	40	335	406
5	3	2	41	512	541
6	4	1	42	54	63
6	3	2	43	264	312
6	0	0	44	518	563
7	2	3	45	67	126
7	1	0	46	129	219
7	0	0	47	219	262
8	4	1	48	0	54
8	2	3	49	126	186
8	4	2	50	355	433
8	2	3	51	472	484
8	3	2	52	497	512
8	1	4	53	518	563
8	1	0	54	585	641
8	0	4	55	685	703
9	3	2	56	0	69
9	3	2	57	69	129
9	4	4	58	179	254
9	2	3	59	302	344
9	0	4	60	347	437
9	4	2	61	437	497
9	1	0	62	563	585
9	2	3	63	606	623
9	1	0	64	641	690


Solution History:
