This is the output of Heuristic Solver for Dual resource constrained flexible job shop Scheduling Problem.
Input file is: wfjsp9_4.txt
Method: FaFM_45_75_900
Seed: 5
Number of Jobs: 15
Number of Operations: 137
Number of Machines: 5
Number of Operators: 5
CPU Time: 179.974
obj: 1369
Best found lower bound:0
Solver gap (best found lower bound and upper bound difference): Not known


Final Solution:
Job	Machine	Operator	Operation	Start Time	Finish Time
0	2	1	0	29	126
0	1	3	1	258	319
0	4	2	2	386	461
0	3	0	3	679	743
0	0	2	4	770	865
0	4	4	5	928	959
0	0	2	6	1143	1186
0	0	2	7	1198	1211
0	4	2	8	1211	1257
1	0	4	9	0	23
1	1	3	10	100	114
1	1	3	11	114	150
1	1	3	12	319	387
1	3	0	13	444	469
1	4	2	14	598	672
1	3	0	15	1108	1182
1	2	1	16	1190	1249
1	2	1	17	1312	1363
2	3	0	18	36	69
2	0	2	19	82	98
2	1	3	20	150	199
2	3	0	21	360	434
2	2	1	22	501	512
2	4	2	23	533	598
2	0	2	24	696	770
2	3	0	25	819	830
2	0	2	26	961	1034
2	3	0	27	1294	1366
3	1	3	28	0	100
3	4	4	29	284	333
3	0	4	30	443	537
3	2	1	31	706	770
3	3	0	32	874	943
3	1	3	33	1045	1088
3	3	0	34	1092	1108
3	1	3	35	1224	1291
3	4	2	36	1304	1334
4	4	0	37	0	23
4	4	4	38	123	185
4	1	3	39	199	245
4	2	1	40	442	501
4	0	4	41	537	572
4	3	0	42	626	679
4	2	1	43	830	901
4	2	1	44	974	1048
4	2	1	45	1249	1312
4	4	2	46	1334	1369
5	0	2	47	24	52
5	4	4	48	219	284
5	3	0	49	302	332
5	2	1	50	580	633
5	2	1	51	633	664
5	0	2	52	865	961
5	2	1	53	1048	1088
5	3	0	54	1182	1196
5	0	4	55	1288	1316
6	3	0	56	173	246
6	1	3	57	246	258
6	4	2	58	461	533
6	1	3	59	648	692
6	4	4	60	696	757
6	3	0	61	830	874
6	0	2	62	1078	1109
6	0	2	63	1186	1198
7	2	1	64	0	29
7	0	2	65	171	224
7	2	1	66	383	442
7	3	0	67	469	512
7	1	3	68	515	547
7	4	4	69	806	862
7	1	3	70	870	934
7	0	2	71	1109	1143
7	4	2	72	1257	1304
8	2	1	73	169	247
8	0	2	74	290	337
8	3	0	75	434	444
8	1	3	76	444	515
8	1	3	77	726	777
8	1	3	78	844	870
8	4	4	79	1031	1120
8	1	3	80	1161	1224
9	4	4	81	70	123
9	3	0	82	246	302
9	3	0	83	332	360
9	1	3	84	547	648
9	4	2	85	672	696
9	3	0	86	788	819
9	1	3	87	1008	1045
9	2	1	88	1124	1190
9	1	3	89	1330	1369
10	3	2	90	0	24
10	0	2	91	52	82
10	2	1	92	307	383
10	1	3	93	387	444
10	2	1	94	664	706
10	4	4	95	757	806
10	3	0	96	943	1016
10	3	0	97	1196	1260
10	1	3	98	1291	1330
11	3	0	99	24	36
11	3	0	100	120	173
11	2	1	101	247	277
11	3	0	102	512	543
11	3	0	103	576	626
11	4	4	104	862	881
11	1	3	105	934	1008
11	3	0	106	1016	1092
12	4	4	107	23	70
12	2	1	108	126	169
12	0	2	109	224	290
12	2	1	110	512	580
12	0	4	111	647	696
12	1	3	112	777	844
12	2	1	113	901	974
12	4	4	114	977	988
12	4	4	115	1120	1211
12	0	4	116	1316	1366
13	0	2	117	98	171
13	2	1	118	277	307
13	4	2	119	337	386
13	0	4	120	412	443
13	3	0	121	543	576
13	1	3	122	692	726
13	2	1	123	770	830
13	4	4	124	988	1031
13	1	3	125	1088	1161
13	0	4	126	1211	1288
14	3	0	127	69	120
14	4	4	128	185	219
14	0	4	129	337	412
14	0	4	130	572	647
14	3	0	131	743	788
14	4	4	132	881	928
14	4	4	133	959	977
14	0	2	134	1034	1078
14	2	1	135	1088	1124
14	3	0	136	1260	1294


Solution History:
