This is the output of Heuristic Solver for Dual resource constrained flexible job shop Scheduling Problem.
Input file is: wfjsp13_7.txt
Method: FaFM_45_75_900
Seed: 5
Number of Jobs: 25
Number of Operations: 242
Number of Machines: 15
Number of Operators: 15
CPU Time: 857.265
obj: 866
Best found lower bound:0
Solver gap (best found lower bound and upper bound difference): Not known


Final Solution:
Job	Machine	Operator	Operation	Start Time	Finish Time
0	1	3	0	52	127
0	7	14	1	223	238
0	0	5	2	261	302
0	2	0	3	349	446
0	12	11	4	462	488
0	12	11	5	488	524
0	8	1	6	601	629
0	1	6	7	753	792
0	3	2	8	857	866
1	6	7	9	46	82
1	9	1	10	106	190
1	6	1	11	190	252
1	7	14	12	265	356
1	4	14	13	356	419
1	8	7	14	422	458
1	4	2	15	514	531
1	13	3	16	531	608
1	9	7	17	617	699
1	1	6	18	699	753
1	11	12	19	753	843
2	0	1	20	33	106
2	4	10	21	179	205
2	13	9	22	230	240
2	12	11	23	246	332
2	6	13	24	477	489
2	4	2	25	531	588
2	7	8	26	698	712
2	5	4	27	735	816
3	6	7	28	0	46
3	7	9	29	67	92
3	12	5	30	139	211
3	8	0	31	231	321
3	7	10	32	443	517
3	12	11	33	524	536
3	7	2	34	625	693
3	9	11	35	785	860
4	12	10	36	0	19
4	4	10	37	19	38
4	9	11	38	38	71
4	3	13	39	138	207
4	10	2	40	251	319
4	6	7	41	343	422
4	8	7	42	458	536
4	3	10	43	559	594
4	2	4	44	645	667
4	14	1	45	701	736
4	10	0	46	775	857
5	6	8	47	82	151
5	0	6	48	200	261
5	10	2	49	349	420
5	10	4	50	421	442
5	12	11	51	536	568
5	12	11	52	568	634
5	5	14	53	680	708
5	3	2	54	725	739
5	0	8	55	812	854
6	3	13	56	62	138
6	4	10	57	138	179
6	14	0	58	179	218
6	1	3	59	251	270
6	12	11	60	332	355
6	12	11	61	355	389
6	7	10	62	389	443
6	2	4	63	446	514
6	0	11	64	641	734
6	2	14	65	805	865
7	11	5	66	0	79
7	14	12	67	85	176
7	2	4	68	207	268
7	13	6	69	324	403
7	3	3	70	403	422
7	11	5	71	422	479
7	6	13	72	489	558
7	1	8	73	562	644
7	14	8	74	646	698
7	5	8	75	712	735
7	3	2	76	747	783
7	8	1	77	790	862
8	2	3	78	14	52
8	14	12	79	52	85
8	11	9	80	271	347
8	5	13	81	384	398
8	5	13	82	398	413
8	10	0	83	446	506
8	1	8	84	515	536
8	1	8	85	536	562
8	7	1	86	736	790
9	12	6	87	21	72
9	7	9	88	92	138
9	5	14	89	138	152
9	4	10	90	259	339
9	11	5	91	383	411
9	6	13	92	422	452
9	3	3	93	507	523
9	5	14	94	581	622
9	8	1	95	629	701
9	4	0	96	720	732
9	4	9	97	732	788
9	11	5	98	843	858
10	2	0	99	52	133
10	5	7	100	152	225
10	7	14	101	238	265
10	14	12	102	342	426
10	13	9	103	461	505
10	7	2	104	592	625
10	10	10	105	670	731
10	1	6	106	792	848
11	0	1	107	0	33
11	10	2	108	127	194
11	5	1	109	314	342
11	13	9	110	429	461
11	13	9	111	505	519
11	5	14	112	553	581
11	13	9	113	608	647
11	2	4	114	667	730
11	10	0	115	732	775
12	10	4	116	45	127
12	6	8	117	151	165
12	13	12	118	176	230
12	11	7	119	230	271
12	1	3	120	271	308
12	3	3	121	308	392
12	0	6	122	447	485
12	7	9	123	519	592
12	12	13	124	658	748
12	6	13	125	748	832
13	14	12	126	14	46
13	13	7	127	113	150
13	8	8	128	216	231
13	5	8	129	283	314
13	8	4	130	380	421
13	4	2	131	421	434
13	9	1	132	478	536
13	9	7	133	536	617
13	8	14	134	708	717
13	0	8	135	735	774
14	5	2	136	0	79
14	11	14	137	160	223
14	0	5	138	302	381
14	1	8	139	406	422
14	5	14	140	422	463
14	2	0	141	514	571
14	0	6	142	571	623
14	11	5	143	623	690
14	2	10	144	731	805
14	4	10	145	805	861
15	8	11	146	0	25
15	7	9	147	138	220
15	2	4	148	268	346
15	8	4	149	346	380
15	12	11	150	389	462
15	5	14	151	463	553
15	0	6	152	623	641
15	14	14	153	757	791
15	3	2	154	791	824
16	13	6	155	0	21
16	2	4	156	133	207
16	4	10	157	207	249
16	6	7	158	271	343
16	11	9	159	347	383
16	1	8	160	448	515
16	10	4	161	515	593
16	13	9	162	647	716
16	13	3	163	716	780
17	8	11	164	101	183
17	8	8	165	188	216
17	12	5	166	216	246
17	4	9	167	249	259
17	9	13	168	314	383
17	10	10	169	594	670
17	14	14	170	736	757
17	0	8	171	774	812
18	2	3	172	0	14
18	5	2	173	79	109
18	1	3	174	127	163
18	5	8	175	231	283
18	1	8	176	422	448
18	6	13	177	452	477
18	4	0	178	588	625
18	1	6	179	644	698
18	3	2	180	701	725
18	12	4	181	833	848
19	1	0	182	0	41
19	4	10	183	41	126
19	0	0	184	133	158
19	9	11	185	190	244
19	5	1	186	342	384
19	9	1	187	384	393
19	9	1	188	393	478
19	14	12	189	563	646
19	11	5	190	690	753
19	12	5	191	753	833
19	5	13	192	833	862
20	7	9	193	0	67
20	12	5	194	79	139
20	1	3	195	163	199
20	0	9	196	383	422
20	0	6	197	485	568
20	2	4	198	593	645
20	3	3	199	690	701
20	14	7	200	791	863
21	10	4	201	0	45
21	9	11	202	71	100
21	10	2	203	194	251
21	9	1	204	252	314
21	10	0	205	321	349
21	4	2	206	434	514
21	3	10	207	523	559
21	2	0	208	571	584
21	5	14	209	622	680
21	7	9	210	716	728
22	14	12	211	0	14
22	13	8	212	21	80
22	13	7	213	82	113
22	3	13	214	207	300
22	14	12	215	300	342
22	13	6	216	403	429
22	0	6	217	429	447
22	14	12	218	491	563
22	6	13	219	563	658
22	6	12	220	658	722
22	7	9	221	790	864
23	3	13	222	0	62
23	11	6	223	79	160
23	0	6	224	160	200
23	1	3	225	200	251
23	13	6	226	261	324
23	1	8	227	324	406
23	14	12	228	426	491
23	11	5	229	491	530
23	11	5	230	530	610
23	3	3	231	610	690
23	9	7	232	699	785
23	13	3	233	785	866
24	8	14	234	25	101
24	6	8	235	165	188
24	14	12	236	230	299
24	3	3	237	422	507
24	8	1	238	536	601
24	4	0	239	625	720
24	3	2	240	739	747
24	3	2	241	824	857


Solution History:
