This is the output of Heuristic Solver for Dual resource constrained flexible job shop Scheduling Problem.
Input file is: wfjsp10_4.txt
Method: FaFM_45_75_900
Seed: 5
Number of Jobs: 20
Number of Operations: 163
Number of Machines: 10
Number of Operators: 10
CPU Time: 214.013
obj: 873
Best found lower bound:0
Solver gap (best found lower bound and upper bound difference): Not known


Final Solution:
Job	Machine	Operator	Operation	Start Time	Finish Time
0	2	2	0	36	111
0	9	0	1	151	212
0	8	0	2	250	318
0	9	7	3	318	387
0	5	8	4	395	490
0	9	7	5	664	693
0	2	4	6	717	764
0	0	8	7	775	789
0	9	7	8	813	859
1	9	7	9	0	22
1	6	4	10	22	38
1	9	4	11	38	77
1	5	4	12	77	152
1	0	6	13	323	348
1	1	9	14	361	433
1	2	0	15	590	666
1	5	1	16	678	739
1	6	6	17	824	872
2	0	2	18	0	32
2	3	5	19	32	49
2	7	6	20	121	167
2	6	3	21	206	281
2	2	2	22	295	305
2	7	2	23	466	529
2	3	3	24	681	755
3	0	9	25	96	108
3	5	4	26	168	250
3	7	2	27	313	387
3	0	7	28	494	588
3	5	8	29	596	645
3	2	4	30	764	858
4	8	0	31	0	71
4	4	6	32	249	323
4	6	3	33	470	517
4	9	9	34	517	536
4	9	4	35	546	613
4	5	8	36	645	673
4	0	8	37	673	695
5	4	1	38	118	182
5	7	2	39	387	437
5	0	7	40	438	494
5	2	0	41	494	525
5	6	3	42	525	580
5	8	5	43	792	873
6	9	0	44	77	151
6	3	1	45	310	373
6	0	7	46	404	438
6	7	2	47	438	466
6	2	0	48	525	590
6	8	9	49	636	670
6	1	9	50	719	770
6	3	3	51	817	850
7	1	9	52	0	92
7	3	1	53	182	226
7	9	4	54	250	265
7	2	2	55	265	295
7	4	8	56	323	395
7	5	8	57	546	559
7	7	2	58	559	630
7	1	5	59	666	714
7	5	1	60	789	850
8	4	1	61	74	118
8	0	8	62	200	233
8	9	7	63	275	290
8	9	7	64	290	316
8	6	3	65	417	470
8	5	4	66	490	546
8	4	6	67	548	594
8	8	5	68	753	792
9	7	6	69	68	121
9	8	5	70	172	234
9	3	1	71	234	267
9	5	5	72	267	314
9	4	6	73	404	485
9	8	8	74	492	542
9	3	1	75	603	613
9	7	2	76	660	730
9	1	9	77	770	819
10	5	5	78	0	23
10	3	5	79	49	123
10	7	7	80	169	230
10	2	4	81	313	373
10	2	4	82	401	457
10	7	2	83	529	557
10	6	3	84	580	681
10	4	4	85	695	717
10	6	6	86	795	824
11	6	3	87	41	81
11	4	6	88	182	249
11	3	1	89	267	310
11	1	9	90	324	348
11	2	4	91	373	401
11	9	9	92	435	507
11	1	5	93	579	635
11	2	6	94	666	711
12	7	3	95	0	41
12	1	7	96	96	169
12	2	2	97	184	252
12	1	9	98	279	324
12	1	6	99	348	361
12	8	0	100	439	492
12	7	2	101	630	660
12	6	0	102	681	712
12	5	1	103	739	789
12	9	7	104	791	813
13	4	1	105	0	74
13	6	3	106	132	206
13	6	3	107	281	330
13	0	6	108	361	404
13	1	5	109	435	500
13	3	1	110	535	603
13	8	9	111	670	719
13	6	0	112	719	785
13	7	2	113	785	856
13	3	1	114	856	866
14	8	8	115	71	158
14	0	8	116	233	282
14	8	0	117	367	439
14	4	6	118	485	516
14	9	4	119	613	664
14	4	4	120	664	695
14	8	5	121	719	753
15	2	6	122	0	36
15	0	7	123	36	96
15	7	7	124	230	275
15	5	5	125	314	391
15	1	5	126	500	579
15	8	9	127	589	636
15	1	5	128	636	666
15	0	8	129	695	775
15	0	8	130	789	862
16	5	8	131	23	70
16	3	5	132	123	172
16	5	5	133	250	267
16	6	3	134	330	374
16	9	5	135	391	435
16	5	8	136	559	596
16	3	3	137	755	817
17	6	3	138	81	132
17	5	4	139	152	168
17	9	0	140	212	238
17	8	0	141	318	367
17	3	1	142	373	476
17	8	9	143	542	589
17	0	7	144	589	653
17	4	6	145	717	795
18	7	6	146	41	68
18	2	2	147	111	184
18	8	0	148	238	250
18	7	4	149	275	313
18	6	3	150	374	417
18	3	1	151	476	507
18	4	6	152	516	548
18	3	1	153	613	678
18	9	7	154	693	791
19	0	9	155	108	200
19	1	9	156	200	279
19	0	8	157	282	302
19	2	4	158	457	489
19	3	1	159	507	535
19	4	6	160	594	664
19	7	2	161	730	781
19	4	0	162	795	866


Solution History:
