This is the output of Heuristic Solver for Dual resource constrained flexible job shop Scheduling Problem.
Input file is: wfjsp12_2.txt
Method: FaFM_45_75_900
Seed: 5
Number of Jobs: 25
Number of Operations: 193
Number of Machines: 10
Number of Operators: 10
CPU Time: 524.397
obj: 1005
Best found lower bound:0
Solver gap (best found lower bound and upper bound difference): Not known


Final Solution:
Job	Machine	Operator	Operation	Start Time	Finish Time
0	4	5	0	200	276
0	2	0	1	465	533
0	9	3	2	711	733
0	4	9	3	783	821
0	5	5	4	990	1005
1	9	1	5	0	25
1	8	5	6	30	97
1	6	7	7	108	119
1	1	9	8	247	325
1	0	4	9	412	450
1	9	3	10	487	543
1	6	7	11	553	570
1	8	9	12	633	707
1	9	4	13	879	944
2	7	2	14	0	56
2	5	5	15	97	167
2	8	8	16	196	228
2	8	8	17	228	271
2	2	0	18	382	401
2	5	6	19	510	570
2	3	2	20	576	655
2	6	7	21	657	739
2	0	4	22	783	846
2	0	2	23	919	990
3	7	2	24	56	123
3	6	7	25	123	142
3	2	9	26	234	246
3	9	1	27	262	355
3	0	4	28	450	470
3	7	5	29	500	573
3	6	7	30	573	657
3	7	0	31	816	835
3	8	3	32	873	934
4	1	0	33	41	122
4	5	1	34	205	259
4	0	4	35	388	412
4	1	9	36	412	467
4	5	5	37	634	669
4	7	0	38	670	739
4	3	2	39	750	832
4	1	0	40	835	854
4	9	1	41	860	875
4	0	2	42	889	919
5	4	4	43	0	16
5	9	1	44	25	67
5	1	2	45	172	247
5	9	5	46	381	417
5	2	6	47	724	822
5	3	5	48	876	960
6	5	6	49	31	97
6	4	3	50	166	200
6	0	4	51	322	388
6	3	2	52	433	469
6	2	0	53	533	554
6	2	0	54	610	643
6	1	8	55	647	693
6	8	9	56	707	731
6	2	6	57	888	957
7	3	6	58	99	164
7	3	6	59	191	204
7	3	6	60	204	238
7	5	6	61	359	419
7	0	4	62	549	629
7	3	2	63	695	750
7	4	0	64	923	997
8	2	9	65	31	86
8	0	3	66	142	166
8	5	6	67	259	344
8	5	6	68	344	359
8	7	5	69	420	500
8	2	0	70	643	656
8	9	1	71	804	860
8	4	0	72	866	923
8	6	7	73	943	1004
9	0	3	74	0	61
9	6	7	75	142	229
9	4	1	76	356	411
9	2	0	77	411	465
9	1	8	78	558	647
9	0	4	79	699	710
9	6	7	80	739	801
9	4	9	81	821	866
9	1	9	82	866	923
9	7	5	83	972	987
10	7	0	84	123	203
10	3	2	85	250	269
10	9	5	86	355	381
10	8	8	87	491	526
10	5	5	88	669	701
10	5	5	89	701	787
10	8	1	90	934	1001
11	4	4	91	16	89
11	0	4	92	166	232
11	3	6	93	238	250
11	0	4	94	298	322
11	8	8	95	331	411
11	9	3	96	420	487
11	4	1	97	536	587
11	4	1	98	587	687
11	5	5	99	787	872
12	8	9	100	12	30
12	9	1	101	67	138
12	9	1	102	138	205
12	2	0	103	254	307
12	3	2	104	362	433
12	4	1	105	460	536
12	5	5	106	601	634
12	4	9	107	736	783
12	8	3	108	794	873
13	6	7	109	41	108
13	7	0	110	203	254
13	5	6	111	419	446
13	7	6	112	573	616
13	2	6	113	657	724
13	2	6	114	822	888
13	7	5	115	961	972
14	2	6	116	0	14
14	6	7	117	14	41
14	3	2	118	269	362
14	1	9	119	467	555
14	5	5	120	573	601
14	1	8	121	693	758
14	5	3	122	934	990
15	2	6	123	14	31
15	3	6	124	164	191
15	9	3	125	238	262
15	7	3	126	262	273
15	6	7	127	402	429
15	7	0	128	657	670
15	3	2	129	687	695
15	0	4	130	710	783
15	7	0	131	806	816
16	3	8	132	21	55
16	2	9	133	178	234
16	8	8	134	271	331
16	1	9	135	356	408
16	8	8	136	526	558
16	7	6	137	616	657
16	5	1	138	875	931
17	2	9	139	86	178
17	6	7	140	341	402
17	5	6	141	446	510
17	2	0	142	554	610
17	3	2	143	655	687
17	1	8	144	758	824
18	5	5	145	0	30
18	3	8	146	55	99
18	0	4	147	232	298
18	1	9	148	325	356
18	4	1	149	411	460
18	3	2	150	469	502
18	6	7	151	509	553
18	7	0	152	739	806
18	7	8	153	889	961
19	1	0	154	0	11
19	8	8	155	99	184
19	0	4	156	494	549
19	0	4	157	629	699
19	0	4	158	846	879
19	1	9	159	952	1005
20	3	8	160	0	21
20	4	4	161	89	156
20	5	5	162	167	195
20	6	7	163	314	341
20	7	3	164	356	420
20	9	3	165	543	631
20	4	1	166	687	736
20	6	7	167	866	943
21	8	9	168	0	12
21	1	0	169	12	41
21	6	7	170	229	314
21	8	8	171	411	491
21	8	3	172	733	794
21	9	4	173	944	1005
22	0	3	174	61	142
22	8	8	175	184	196
22	4	3	176	276	356
22	0	4	177	470	494
22	3	2	178	502	576
22	9	3	179	631	711
22	6	7	180	801	866
22	3	8	181	961	990
23	1	2	182	123	172
23	2	0	183	307	382
23	6	7	184	429	509
23	8	9	185	558	633
23	7	2	186	835	889
23	1	9	187	923	952
24	9	3	188	205	238
24	7	5	189	276	347
24	9	1	190	736	804
24	3	8	191	832	876
24	2	6	192	957	1001


Solution History:
