This is the output of Heuristic Solver for Dual resource constrained flexible job shop Scheduling Problem.
Input file is: Dauzere_12a.txt
Method: TS_25000_15_10
Seed: 1
Number of Jobs: 15
Number of Operations: 293
Number of Machines: 8
Number of Operators: 6
CPU Time: 900.018
obj: 2820
Best found lower bound:0
Solver gap (best found lower bound and upper bound difference): Not known


Final Solution:
Job	Machine	Operator	Operation	Start Time	Finish Time
0	1	1	0	0	27
0	4	0	1	33	92
0	1	1	2	106	144
0	1	1	3	144	222
0	3	2	4	554	582
0	5	4	5	803	868
0	4	5	6	985	1020
0	7	5	7	1109	1123
0	2	3	8	1416	1480
0	5	4	9	1801	1888
0	3	2	10	1938	1981
0	3	2	11	2061	2149
0	6	4	12	2311	2374
0	2	3	13	2572	2618
0	2	3	14	2689	2776
1	2	3	15	0	66
1	2	3	16	66	99
1	0	0	17	119	213
1	5	4	18	281	302
1	5	4	19	302	330
1	5	2	20	468	554
1	7	5	21	661	682
1	2	3	22	1007	1078
1	0	0	23	1208	1247
1	7	5	24	1304	1375
1	7	5	25	1509	1560
1	4	5	26	1560	1613
1	6	3	27	1794	1831
1	0	0	28	1994	2051
1	7	5	29	2051	2118
1	5	4	30	2156	2227
1	3	2	31	2253	2333
1	7	5	32	2364	2449
1	5	2	33	2594	2635
1	7	5	34	2657	2759
2	5	4	35	22	91
2	0	0	36	92	119
2	0	0	37	213	301
2	6	4	38	363	436
2	0	2	39	669	713
2	4	0	40	767	826
2	2	3	41	915	968
2	2	3	42	968	1007
2	6	4	43	1099	1188
2	6	4	44	1188	1228
2	5	2	45	1228	1286
2	7	5	46	1375	1444
2	7	5	47	1444	1509
2	1	1	48	1511	1567
2	6	4	49	1593	1628
2	4	5	50	1720	1748
2	6	3	51	1831	1870
2	4	5	52	1873	1946
2	6	4	53	1976	2057
2	7	5	54	2118	2191
2	0	2	55	2333	2399
2	5	2	56	2399	2443
2	7	5	57	2523	2581
3	4	5	58	183	246
3	3	2	59	276	346
3	5	2	60	380	468
3	7	4	61	574	603
3	4	0	62	669	735
3	0	0	63	735	767
3	7	5	64	770	834
3	4	5	65	834	868
3	6	4	66	868	962
3	5	2	67	1065	1099
3	0	0	68	1129	1208
3	7	5	69	1214	1261
3	0	0	70	1296	1355
3	1	1	71	1422	1511
3	4	5	72	1613	1683
3	6	3	73	1870	1952
3	5	2	74	1981	2025
3	7	5	75	2449	2486
4	2	3	76	99	148
4	2	3	77	148	234
4	7	5	78	246	290
4	2	3	79	307	388
4	6	4	80	487	530
4	2	3	81	594	681
4	2	3	82	846	915
4	5	2	83	915	1016
4	5	2	84	1016	1065
4	6	4	85	1228	1256
4	1	1	86	1273	1332
4	1	1	87	1332	1422
4	0	0	88	1546	1610
4	0	0	89	1610	1673
4	1	1	90	1951	2042
4	2	3	91	2045	2090
4	6	3	92	2172	2268
4	4	0	93	2357	2420
4	2	3	94	2420	2507
4	4	0	95	2661	2727
4	7	5	96	2759	2779
5	0	0	97	0	33
5	6	4	98	177	208
5	1	1	99	391	413
5	1	1	100	489	584
5	2	3	101	681	771
5	3	1	102	955	1016
5	7	5	103	1020	1038
5	2	3	104	1078	1166
5	1	1	105	1238	1273
5	2	3	106	1345	1416
5	3	2	107	1583	1635
5	0	0	108	1743	1834
5	4	5	109	1846	1873
5	1	1	110	1913	1951
5	3	2	111	2732	2820
6	3	2	112	0	75
6	6	4	113	91	177
6	5	2	114	228	276
6	7	5	115	290	325
6	6	4	116	436	487
6	0	0	117	530	598
6	4	5	118	603	661
6	3	2	119	1490	1583
6	0	0	120	1673	1743
6	1	1	121	1768	1843
6	3	1	122	2042	2055
6	1	1	123	2055	2089
6	3	2	124	2149	2212
6	5	4	125	2227	2281
6	4	0	126	2337	2357
6	4	0	127	2468	2521
6	1	1	128	2533	2621
7	3	2	129	121	175
7	6	4	130	208	281
7	3	2	131	346	380
7	1	1	132	413	457
7	0	2	133	767	819
7	4	5	134	868	906
7	7	5	135	1038	1109
7	3	1	136	1109	1147
7	6	4	137	1256	1326
7	5	4	138	1326	1398
7	1	1	139	1609	1649
7	2	3	140	1649	1665
7	4	5	141	1683	1720
7	3	2	142	1800	1845
7	2	3	143	1952	2045
7	0	0	144	2051	2116
7	3	2	145	2212	2253
7	7	5	146	2298	2364
7	6	4	147	2374	2402
7	6	4	148	2402	2432
7	5	2	149	2443	2510
7	5	2	150	2510	2569
7	2	3	151	2618	2689
7	0	2	152	2698	2732
7	2	3	153	2776	2818
8	1	1	154	27	106
8	4	5	155	139	183
8	1	1	156	222	307
8	1	1	157	307	363
8	0	0	158	363	431
8	1	1	159	457	489
8	1	1	160	584	665
8	3	2	161	713	758
8	1	1	162	835	914
8	3	1	163	914	955
8	4	0	164	1044	1061
8	0	0	165	1061	1129
8	2	3	166	1166	1258
8	2	3	167	1548	1565
8	1	1	168	1649	1684
8	4	5	169	1946	2042
8	2	3	170	2090	2172
8	1	1	171	2283	2330
8	1	1	172	2330	2415
8	0	0	173	2567	2610
8	6	4	174	2610	2666
8	6	4	175	2666	2726
8	1	1	176	2784	2818
9	7	5	177	325	385
9	4	5	178	429	487
9	7	5	179	682	770
9	0	0	180	826	863
9	7	5	181	906	985
9	7	5	182	1261	1304
9	0	2	183	1453	1490
9	1	1	184	1567	1609
9	3	2	185	1717	1800
9	1	1	186	1843	1913
9	1	1	187	2143	2210
9	0	0	188	2216	2290
9	4	0	189	2310	2337
9	2	3	190	2372	2420
9	6	4	191	2455	2481
9	4	0	192	2521	2567
9	6	4	193	2567	2594
9	1	1	194	2621	2692
9	6	4	195	2726	2820
10	0	0	196	301	361
10	5	2	197	582	669
10	5	4	198	724	782
10	0	0	199	863	949
10	0	0	200	949	1012
10	1	1	201	1016	1075
10	7	5	202	1123	1214
10	4	0	203	1247	1296
10	3	2	204	1374	1453
10	2	3	205	1480	1548
10	5	4	206	1552	1593
10	5	4	207	1628	1723
10	3	2	208	1845	1938
10	0	0	209	2116	2154
10	1	1	210	2210	2283
10	0	0	211	2290	2310
10	2	3	212	2310	2372
10	6	4	213	2432	2455
10	3	2	214	2635	2698
11	1	1	215	363	391
11	2	3	216	391	480
11	2	3	217	480	510
11	2	3	218	510	594
11	0	0	219	598	647
11	1	1	220	665	712
11	1	1	221	712	775
11	6	4	222	782	803
11	6	4	223	962	1029
11	6	4	224	1029	1099
11	5	2	225	1181	1228
11	4	0	226	1355	1409
11	5	4	227	1444	1484
11	5	4	228	1484	1500
11	1	1	229	1684	1768
11	6	4	230	1957	1976
11	5	4	231	2061	2156
11	6	4	232	2281	2311
11	1	1	233	2415	2500
11	1	1	234	2500	2533
11	1	1	235	2692	2732
12	3	2	236	75	121
12	4	5	237	551	603
12	6	4	238	658	724
12	3	2	239	819	877
12	0	0	240	1012	1044
12	3	1	241	1147	1238
12	2	3	242	1258	1345
12	5	4	243	1398	1444
12	4	0	244	1484	1546
12	2	3	245	1565	1645
12	6	3	246	1665	1759
12	4	5	247	1759	1846
12	7	5	248	2213	2298
12	2	3	249	2507	2572
12	5	2	250	2572	2594
12	4	0	251	2727	2820
13	7	5	252	0	70
13	7	5	253	70	139
13	0	0	254	431	530
13	7	4	255	530	574
13	6	4	256	603	658
13	1	1	257	775	835
13	3	2	258	877	909
13	5	2	259	1099	1181
13	2	3	260	1759	1778
13	2	3	261	1778	1794
13	7	4	262	1888	1957
13	0	0	263	2154	2216
13	2	3	264	2268	2310
13	6	4	265	2481	2550
13	7	5	266	2581	2657
13	1	1	267	2732	2784
14	5	4	268	0	22
14	3	2	269	175	228
14	2	3	270	234	307
14	6	4	271	330	363
14	7	5	272	385	429
14	4	5	273	487	503
14	4	5	274	503	551
14	0	0	275	647	669
14	2	3	276	771	846
14	1	1	277	1075	1106
14	3	2	278	1286	1374
14	4	0	279	1409	1427
14	4	0	280	1427	1484
14	6	4	281	1500	1552
14	3	2	282	1635	1717
14	7	4	283	1723	1801
14	0	0	284	1834	1911
14	0	0	285	1911	1994
14	5	2	286	2025	2061
14	1	1	287	2089	2143
14	4	5	288	2191	2213
14	4	0	289	2420	2468
14	7	5	290	2486	2523
14	4	0	291	2610	2661
14	7	5	292	2779	2815


Solution History:
