This is the output of Heuristic Solver for Dual resource constrained flexible job shop Scheduling Problem.
Input file is: wfjsp15_7.txt
Method: TS_25000_15_10
Seed: 1
Number of Jobs: 30
Number of Operations: 386
Number of Machines: 15
Number of Operators: 15
CPU Time: 900.047
obj: 1340
Best found lower bound:0
Solver gap (best found lower bound and upper bound difference): Not known


Final Solution:
Job	Machine	Operator	Operation	Start Time	Finish Time
0	8	7	0	0	75
0	7	13	1	143	154
0	0	5	2	224	265
0	2	0	3	287	382
0	10	4	4	457	475
0	14	8	5	492	529
0	4	11	6	529	561
0	1	3	7	561	597
0	3	10	8	767	775
0	2	3	9	792	831
0	10	2	10	831	913
0	9	14	11	1007	1075
0	7	8	12	1113	1191
1	13	4	13	0	51
1	12	4	14	78	120
1	3	3	15	120	138
1	14	8	16	164	237
1	8	12	17	240	305
1	2	0	18	382	436
1	8	12	19	538	603
1	12	5	20	750	812
1	14	8	21	834	864
1	14	8	22	864	875
1	13	3	23	882	954
1	11	5	24	954	966
1	0	1	25	1024	1081
1	6	12	26	1105	1119
1	4	11	27	1148	1238
2	10	8	28	10	54
2	10	2	29	125	155
2	9	4	30	211	285
2	1	3	31	285	358
2	12	5	32	443	510
2	14	8	33	529	542
2	2	4	34	568	644
2	10	4	35	644	726
2	7	9	36	744	767
2	8	12	37	797	823
2	12	7	38	864	902
2	1	2	39	939	1016
2	3	10	40	1027	1094
2	6	14	41	1131	1225
2	8	11	42	1255	1340
3	2	10	43	13	48
3	7	14	44	57	82
3	14	0	45	125	164
3	6	13	46	256	339
3	0	6	47	378	444
3	9	14	48	472	536
3	5	13	49	679	741
3	10	10	50	913	933
3	12	11	51	943	976
3	4	10	52	1273	1337
4	6	14	53	82	110
4	14	2	54	110	125
4	3	10	55	187	244
4	9	1	56	287	351
4	4	10	57	351	392
4	12	4	58	397	438
4	4	11	59	472	497
4	4	11	60	497	523
4	3	2	61	552	581
4	12	11	62	695	746
4	7	1	63	818	880
4	14	14	64	880	970
4	12	9	65	976	1029
4	1	2	66	1112	1188
4	11	5	67	1254	1334
5	1	12	68	0	62
5	2	4	69	149	211
5	6	13	70	240	256
5	13	12	71	305	350
5	3	2	72	651	710
5	9	13	73	741	829
5	8	7	74	902	948
5	11	6	75	1040	1065
5	9	13	76	1131	1166
5	7	2	77	1191	1263
5	6	14	78	1293	1335
6	6	3	79	0	32
6	3	2	80	244	329
6	14	8	81	393	406
6	10	4	82	438	457
6	1	3	83	457	505
6	9	0	84	567	586
6	12	10	85	602	625
6	3	2	86	710	767
6	7	9	87	767	818
6	9	12	88	941	994
6	6	12	89	1007	1021
6	5	2	90	1021	1099
6	5	12	91	1218	1245
6	13	8	92	1264	1301
7	6	3	93	32	46
7	4	9	94	73	103
7	8	7	95	154	230
7	4	10	96	326	341
7	13	9	97	523	593
7	8	1	98	651	666
7	9	1	99	666	726
7	13	4	100	726	805
7	7	10	101	880	913
7	7	1	102	941	1024
7	5	12	103	1159	1218
7	10	8	104	1232	1264
7	14	12	105	1270	1335
8	13	6	106	66	109
8	9	13	107	179	211
8	1	0	108	220	274
8	11	5	109	307	334
8	10	2	110	404	436
8	13	3	111	445	457
8	2	0	112	476	504
8	0	6	113	508	544
8	13	3	114	597	669
8	1	3	115	669	719
8	2	3	116	719	792
8	7	2	117	1099	1112
8	10	4	118	1284	1335
9	3	3	119	66	112
9	2	4	120	123	149
9	8	7	121	330	409
9	6	7	122	409	446
9	6	1	123	450	533
9	10	7	124	551	635
9	3	10	125	941	1027
9	8	1	126	1081	1112
9	2	10	127	1112	1148
9	5	13	128	1245	1259
10	11	14	129	0	29
10	5	1	130	56	94
10	13	3	131	138	153
10	5	14	132	179	229
10	11	7	133	230	307
10	0	7	134	307	315
10	10	4	135	357	397
10	14	7	136	970	1045
10	13	12	137	1045	1105
10	14	7	138	1193	1270
11	2	10	139	0	13
11	0	5	140	265	304
11	0	6	141	330	378
11	11	10	142	446	501
11	14	8	143	624	693
11	14	10	144	693	757
11	11	6	145	786	842
11	11	6	146	842	868
11	4	6	147	874	956
11	2	8	148	956	1043
11	8	0	149	1043	1079
11	11	5	150	1086	1163
11	13	9	151	1184	1254
11	10	4	152	1264	1284
11	13	8	153	1301	1335
12	12	11	154	47	78
12	7	11	155	82	109
12	12	11	156	120	188
12	10	3	157	232	283
12	12	10	158	523	602
12	0	5	159	709	750
12	0	11	160	750	811
12	5	13	161	864	947
12	5	13	162	947	1021
12	6	13	163	1021	1092
12	0	6	164	1119	1198
12	10	0	165	1198	1219
12	2	10	166	1219	1249
12	3	2	167	1263	1272
12	12	7	168	1272	1337
13	0	8	169	56	138
13	1	6	170	187	205
13	12	11	171	205	238
13	14	8	172	238	254
13	10	4	173	285	321
13	5	13	174	435	466
13	1	3	175	505	558
13	9	14	176	586	614
13	2	14	177	653	675
13	12	4	178	812	851
13	2	4	179	851	903
13	7	2	180	913	939
13	8	0	181	948	961
13	2	4	182	1043	1085
13	2	3	183	1257	1340
14	3	6	184	19	43
14	1	0	185	62	116
14	3	6	186	138	179
14	12	11	187	188	197
14	13	6	188	220	300
14	12	11	189	326	394
14	11	5	190	582	651
14	6	14	191	789	879
14	8	12	192	1119	1148
14	6	14	193	1225	1293
15	0	0	194	0	56
15	5	1	195	94	132
15	13	9	196	179	220
15	11	5	197	334	413
15	14	8	198	413	466
15	12	7	199	510	523
15	6	7	200	717	789
15	11	12	201	896	939
15	8	0	202	961	983
15	12	5	203	1029	1086
15	13	3	204	1106	1176
15	1	8	205	1191	1217
15	9	1	206	1255	1337
16	7	13	207	0	40
16	10	2	208	59	69
16	7	9	209	350	395
16	7	2	210	395	404
16	7	9	211	404	420
16	9	11	212	420	472
16	9	14	213	614	653
16	6	8	214	879	953
16	8	0	215	983	1026
16	4	11	216	1118	1148
16	8	1	217	1159	1176
17	4	9	218	0	73
17	8	7	219	75	154
17	4	3	220	154	232
17	3	2	221	473	552
17	3	0	222	586	640
17	7	9	223	670	744
17	10	2	224	767	814
17	1	3	225	831	882
17	9	1	226	882	941
17	11	6	227	966	1040
17	10	8	228	1043	1113
17	14	7	229	1121	1157
17	3	3	230	1176	1257
17	7	9	231	1263	1340
18	8	12	232	450	538
18	0	6	233	544	621
18	4	11	234	621	695
18	8	0	235	707	730
18	8	12	236	730	797
18	0	5	237	812	897
18	2	4	238	903	954
18	10	4	239	954	1040
18	11	6	240	1065	1076
18	11	5	241	1163	1194
18	10	8	242	1219	1232
18	4	10	243	1249	1273
18	5	13	244	1273	1340
19	7	2	245	155	229
19	7	9	246	229	301
19	10	4	247	321	357
19	8	1	248	416	450
19	5	13	249	466	509
19	11	5	250	510	582
19	1	2	251	597	651
19	13	12	252	679	718
19	5	1	253	741	753
19	13	9	254	818	850
19	12	11	255	902	943
19	4	11	256	976	1012
19	8	0	257	1026	1043
19	12	4	258	1086	1181
19	8	1	259	1181	1255
20	14	12	260	62	102
20	7	13	261	114	143
20	11	5	262	143	222
20	12	10	263	244	326
20	6	13	264	339	348
20	6	14	265	381	407
20	3	10	266	407	446
20	5	4	267	527	568
20	0	6	268	621	695
20	1	0	269	882	937
20	0	5	270	966	1022
20	3	9	271	1094	1174
20	13	9	272	1176	1184
21	14	2	273	10	59
21	6	12	274	158	240
21	12	10	275	625	677
21	2	8	276	693	717
21	10	8	277	726	764
21	8	12	278	823	896
21	13	3	279	954	1031
21	5	1	280	1112	1149
21	1	0	281	1219	1274
21	3	0	282	1274	1336
22	12	5	283	0	47
22	9	13	284	47	114
22	13	6	285	114	136
22	0	1	286	138	224
22	6	13	287	348	378
22	4	14	288	407	468
22	7	1	289	533	590
22	14	8	290	764	834
22	3	0	291	850	859
22	3	9	292	859	941
22	4	11	293	1024	1118
22	12	4	294	1181	1244
22	1	2	295	1274	1290
23	11	5	296	72	129
23	5	8	297	322	393
23	11	5	298	413	430
23	7	9	299	430	447
23	0	6	300	447	508
23	2	0	301	508	563
23	5	1	302	590	628
23	8	7	303	636	651
23	6	7	304	651	717
23	1	1	305	765	808
23	4	9	306	956	973
23	6	14	307	973	1007
23	4	11	308	1012	1024
23	14	7	309	1157	1193
23	0	6	310	1198	1259
24	14	8	311	0	10
24	11	14	312	29	57
24	10	2	313	69	103
24	9	14	314	114	179
24	8	11	315	305	324
24	9	1	316	351	416
24	2	0	317	436	476
24	9	13	318	536	567
24	7	9	319	593	670
24	1	0	320	730	765
24	9	11	321	829	869
24	14	7	322	1045	1121
24	2	10	323	1148	1206
24	0	6	324	1259	1335
25	9	11	325	0	46
25	3	6	326	46	66
25	4	11	327	238	303
25	7	9	328	303	350
25	1	3	329	358	441
25	3	2	330	446	473
25	10	4	331	475	527
25	11	5	332	651	709
25	1	3	333	1031	1106
25	11	5	334	1194	1254
26	4	9	335	103	154
26	13	9	336	154	179
26	3	2	337	329	393
26	11	5	338	430	443
26	13	8	339	466	485
26	6	14	340	536	581
26	8	12	341	603	636
26	5	12	342	636	679
26	4	6	343	695	768
26	5	7	344	789	864
27	5	1	345	0	56
27	2	10	346	56	123
27	6	12	347	123	158
27	1	6	348	205	218
27	2	1	349	224	287
27	4	6	350	303	325
27	13	12	351	350	445
27	6	13	352	581	648
27	4	10	353	850	874
27	9	14	354	1075	1131
27	8	12	355	1148	1159
27	9	13	356	1166	1188
27	9	13	357	1188	1216
27	9	13	358	1216	1238
27	12	4	359	1244	1263
28	1	10	360	123	187
28	5	14	361	229	322
28	14	14	362	322	381
28	5	13	363	393	423
28	5	13	364	423	435
28	7	9	365	447	523
28	10	7	366	527	551
28	14	8	367	551	624
28	8	0	368	666	707
28	11	14	369	709	786
28	3	10	370	786	849
28	0	5	371	897	953
28	6	7	372	953	966
28	7	9	373	1029	1092
28	1	2	374	1290	1331
29	3	6	375	0	19
29	11	5	376	57	72
29	5	8	377	138	150
29	10	0	378	164	220
29	14	8	379	254	306
29	0	7	380	315	330
29	14	7	381	466	492
29	4	11	382	561	619
29	4	0	383	768	850
29	0	6	384	1081	1119
29	10	0	385	1119	1180


Solution History:
