This is the output of Heuristic Solver for Dual resource constrained flexible job shop Scheduling Problem.
Input file is: wfjsp21_8.txt
Method: TS_25000_15_10
Seed: 1
Number of Jobs: 25
Number of Operations: 249
Number of Machines: 15
Number of Operators: 12
CPU Time: 900.02
obj: 1067
Best found lower bound:0
Solver gap (best found lower bound and upper bound difference): Not known


Final Solution:
Job	Machine	Operator	Operation	Start Time	Finish Time
0	14	10	0	0	27
0	11	0	1	27	84
0	4	6	2	253	279
0	1	8	3	429	496
0	2	10	4	640	707
0	14	2	5	780	845
0	10	1	6	881	937
0	3	5	7	941	954
0	6	10	8	1018	1067
1	9	8	9	133	193
1	8	1	10	274	299
1	8	1	11	299	387
1	1	2	12	500	508
1	14	2	13	592	674
1	12	0	14	731	751
1	12	0	15	751	807
1	3	11	16	811	880
2	12	0	17	0	26
2	4	5	18	26	90
2	1	7	19	90	133
2	10	4	20	133	177
2	7	5	21	243	281
2	0	8	22	281	333
2	5	5	23	351	412
2	5	5	24	412	484
2	5	7	25	750	838
2	4	3	26	838	907
2	4	3	27	907	974
2	8	11	28	989	1056
3	10	3	29	0	77
3	4	5	30	90	160
3	6	4	31	320	387
3	2	6	32	531	586
3	2	1	33	608	640
3	0	4	34	700	796
3	11	0	35	807	911
3	1	1	36	1007	1030
3	1	1	37	1030	1052
4	2	10	38	27	94
4	3	8	39	94	103
4	3	11	40	103	169
4	10	10	41	428	457
4	0	1	42	468	477
4	5	10	43	549	594
4	12	0	44	635	673
4	7	5	45	831	876
5	6	6	46	0	98
5	10	1	47	177	219
5	12	0	48	236	284
5	12	0	49	295	354
5	6	4	50	438	516
5	10	10	51	536	549
5	8	6	52	586	605
5	3	5	53	620	661
5	5	7	54	692	750
5	13	9	55	782	797
5	5	9	56	860	926
5	7	4	57	1011	1064
6	3	8	58	0	67
6	14	10	59	94	127
6	1	7	60	133	222
6	1	8	61	227	281
6	0	6	62	339	363
6	4	6	63	363	382
6	10	1	64	477	524
6	4	3	65	576	644
6	3	2	66	674	691
6	14	1	67	861	881
6	3	5	68	900	941
6	0	3	69	986	1034
7	12	9	70	26	73
7	7	11	71	79	96
7	11	9	72	209	276
7	9	8	73	333	372
7	7	10	74	398	428
7	7	3	75	431	458
7	12	7	76	458	484
7	14	2	77	529	592
7	13	10	78	594	633
7	3	5	79	701	726
7	2	6	80	922	1002
8	9	8	81	67	91
8	7	6	82	98	168
8	6	4	83	177	240
8	6	4	84	240	320
8	12	7	85	373	458
8	6	4	86	516	560
8	7	5	87	757	823
8	2	10	88	823	874
8	11	0	89	911	986
9	9	11	90	0	50
9	3	11	91	169	239
9	3	11	92	239	313
9	4	2	93	409	469
9	12	0	94	581	599
9	5	8	95	617	692
9	2	10	96	719	772
9	0	6	97	837	922
9	4	9	98	1010	1059
10	0	1	99	55	110
10	8	3	100	137	201
10	1	7	101	291	373
10	0	1	102	387	468
10	6	4	103	573	637
10	4	3	104	644	730
10	1	2	105	749	776
10	6	7	106	864	880
10	14	7	107	991	1057
11	0	8	108	193	227
11	10	5	109	322	346
11	8	3	110	458	505
11	8	3	111	505	576
11	12	0	112	599	635
11	12	0	113	673	731
11	8	3	114	772	821
11	9	2	115	845	934
11	12	2	116	934	981
11	11	0	117	986	1065
12	4	5	118	0	11
12	8	3	119	77	137
12	6	2	120	149	165
12	2	3	121	268	336
12	9	11	122	377	444
12	14	2	123	470	500
12	9	8	124	536	617
12	6	11	125	700	745
12	6	11	126	880	929
12	9	7	127	938	991
12	9	2	128	991	1007
13	9	8	129	103	133
13	8	1	130	219	274
13	7	11	131	313	377
13	1	11	132	508	572
13	0	9	133	572	638
13	13	1	134	640	704
13	8	1	135	704	728
13	2	10	136	772	822
13	12	9	137	841	860
13	14	1	138	937	975
14	12	0	139	84	110
14	6	6	140	387	438
14	4	9	141	470	487
14	13	0	142	487	523
14	1	7	143	626	688
14	14	8	144	692	724
14	10	3	145	730	772
14	13	4	146	870	940
14	5	2	147	1009	1066
15	2	3	148	201	268
15	12	0	149	284	295
15	3	2	150	313	409
15	2	2	151	508	529
15	7	1	152	536	608
15	9	2	153	691	749
15	14	1	154	845	861
15	5	4	155	940	1009
15	0	1	156	1052	1063
16	13	7	157	36	89
16	1	8	158	373	429
16	2	0	159	431	487
16	12	7	160	487	570
16	0	11	161	663	693
16	11	5	162	727	748
16	10	4	163	796	870
16	3	8	164	880	900
16	6	9	165	929	1010
16	3	5	166	1031	1063
17	0	1	167	0	55
17	14	2	168	81	91
17	0	1	169	110	172
17	4	2	170	172	233
17	14	10	171	277	309
17	10	10	172	351	398
17	9	11	173	444	508
17	3	5	174	523	578
17	6	4	175	637	700
17	10	10	176	707	719
17	4	8	177	730	801
17	2	6	178	1011	1064
18	5	7	179	227	291
18	11	6	180	438	531
18	6	4	181	560	573
18	11	11	182	573	604
18	11	11	183	604	632
18	7	6	184	729	757
18	12	8	185	900	934
18	0	8	186	934	986
18	7	6	187	1002	1011
19	14	11	188	50	79
19	6	2	189	116	149
19	10	6	190	227	253
19	2	3	191	336	431
19	5	8	192	496	536
19	0	9	193	638	659
19	10	5	194	661	701
19	10	1	195	975	1007
20	8	4	196	9	72
20	2	2	197	94	116
20	2	9	198	160	185
20	10	5	199	281	322
20	14	9	200	367	470
20	13	0	201	523	581
20	8	6	202	605	657
20	3	11	203	745	811
20	12	9	204	811	841
21	1	9	205	0	25
21	5	9	206	81	160
21	11	5	207	160	209
21	5	6	208	212	227
21	9	2	209	233	311
21	5	10	210	311	351
21	0	9	211	487	566
21	10	7	212	570	626
21	7	6	213	657	729
21	13	9	214	729	782
21	9	1	215	782	844
21	3	5	216	954	1031
22	8	2	217	0	9
22	5	2	218	9	81
22	7	6	219	168	212
22	13	10	220	213	277
22	4	6	221	279	339
22	8	4	222	396	435
22	3	5	223	484	523
22	9	11	224	632	663
22	4	5	225	823	831
22	1	7	226	880	938
22	1	11	227	938	989
23	13	7	228	0	36
23	13	0	229	110	180
23	12	0	230	180	236
23	13	0	231	354	425
23	3	5	232	578	620
23	6	6	233	757	837
23	13	7	234	838	864
23	8	5	235	876	894
23	12	8	236	986	1066
24	10	4	237	77	132
24	14	10	238	132	213
24	7	5	239	213	243
24	11	9	240	276	367
24	4	4	241	387	396
24	7	10	242	458	536
24	11	9	243	659	727
24	14	1	244	728	780
24	1	8	245	801	877
24	7	10	246	877	941
24	13	10	247	941	1018
24	10	3	248	1034	1061


Solution History:
