This is the output of Heuristic Solver for Dual resource constrained flexible job shop Scheduling Problem.
Input file is: wfjsp5_8.txt
Method: TS_25000_15_10
Seed: 1
Number of Jobs: 10
Number of Operations: 65
Number of Machines: 5
Number of Operators: 5
CPU Time: 150.686
obj: 686
Best found lower bound:0
Solver gap (best found lower bound and upper bound difference): Not known


Final Solution:
Job	Machine	Operator	Operation	Start Time	Finish Time
0	1	0	0	249	276
0	0	1	1	354	421
1	4	1	2	0	32
1	3	2	3	69	133
1	3	2	4	204	280
1	2	3	5	487	548
1	2	3	6	548	609
2	1	0	7	0	12
2	0	4	8	24	71
2	1	4	9	71	122
2	1	0	10	175	205
2	1	0	11	276	365
2	4	4	12	365	374
2	3	2	13	393	481
2	1	1	14	489	507
2	0	4	15	560	614
2	3	2	16	614	686
3	4	1	17	32	64
3	0	0	18	71	126
3	1	0	19	126	175
3	2	3	20	186	232
3	4	4	21	252	294
3	4	4	22	294	345
3	2	3	23	345	407
3	2	3	24	407	470
3	3	2	25	481	568
3	2	3	26	609	678
4	2	3	27	0	67
4	4	1	28	73	129
4	3	2	29	133	204
4	0	1	30	204	270
4	3	2	31	280	345
4	1	0	32	365	423
4	0	0	33	423	458
4	4	4	34	462	560
4	4	1	35	560	648
4	4	1	36	648	674
5	0	4	37	0	24
5	0	1	38	129	196
5	2	3	39	319	330
5	1	1	40	423	489
5	1	0	41	653	684
6	4	1	42	64	73
6	3	2	43	345	393
6	0	1	44	507	551
7	4	4	45	204	252
7	1	0	46	507	597
7	0	4	47	614	655
8	1	0	48	12	63
8	2	3	49	126	186
8	2	3	50	232	307
8	2	3	51	307	319
8	4	4	52	345	364
8	0	0	53	458	506
8	1	0	54	597	653
8	0	4	55	655	673
9	3	2	56	0	69
9	2	3	57	69	126
9	4	4	58	129	204
9	1	0	59	205	249
9	0	1	60	270	354
9	4	4	61	374	435
9	4	4	62	435	462
9	2	3	63	470	487
9	3	2	64	568	614


Solution History:
