This is the output of Heuristic Solver for Dual resource constrained flexible job shop Scheduling Problem.
Input file is: wfjsp8_10.txt
Method: TS_25000_15_10
Seed: 1
Number of Jobs: 15
Number of Operations: 109
Number of Machines: 5
Number of Operators: 5
CPU Time: 517.881
obj: 1213
Best found lower bound:0
Solver gap (best found lower bound and upper bound difference): Not known


Final Solution:
Job	Machine	Operator	Operation	Start Time	Finish Time
0	0	2	0	466	545
0	0	2	1	545	627
0	2	2	2	677	740
0	1	1	3	748	834
0	3	0	4	947	1000
0	1	1	5	1045	1076
0	0	4	6	1082	1117
0	1	0	7	1162	1213
1	0	2	8	0	89
1	3	1	9	157	185
1	1	0	10	222	258
1	2	4	11	470	506
1	1	1	12	542	629
1	2	4	13	776	863
1	4	3	14	1045	1115
1	0	2	15	1126	1213
2	0	2	16	259	341
2	4	3	17	427	441
2	1	1	18	533	542
2	1	1	19	629	676
2	1	1	20	676	748
2	0	2	21	868	954
2	2	4	22	991	1043
2	3	1	23	1122	1196
3	2	3	24	86	127
3	1	0	25	151	174
3	2	2	26	627	677
3	4	3	27	763	785
3	1	1	28	959	1045
4	1	0	29	0	32
4	4	4	30	73	154
4	3	1	31	185	266
4	2	4	32	506	574
4	3	0	33	618	654
4	1	0	34	1076	1138
5	2	4	35	253	335
5	2	4	36	335	350
5	2	4	37	350	374
5	1	1	38	385	407
5	0	4	39	627	679
5	2	3	40	863	897
5	0	2	41	954	1044
5	2	3	42	1135	1198
6	2	3	43	0	86
6	4	4	44	863	880
6	1	1	45	945	959
6	3	0	46	1000	1071
6	3	1	47	1076	1122
6	2	3	48	1198	1212
7	0	2	49	168	259
7	1	1	50	303	385
7	3	0	51	408	437
7	4	3	52	785	859
7	2	3	53	1126	1135
8	0	2	54	89	168
8	4	3	55	253	333
8	4	3	56	333	354
8	4	3	57	354	427
8	1	1	58	497	533
8	3	0	59	654	663
8	3	0	60	695	786
8	2	3	61	897	944
8	2	2	62	1044	1126
9	1	0	63	32	100
9	0	2	64	376	466
9	3	0	65	489	568
9	3	0	66	568	618
9	0	4	67	679	731
9	0	4	68	731	749
9	0	2	69	842	868
9	1	1	70	923	945
9	1	0	71	1138	1162
10	1	0	72	100	151
10	1	0	73	174	222
10	2	4	74	753	776
10	3	0	75	879	947
10	4	3	76	991	1045
11	3	1	77	0	41
11	2	3	78	127	165
11	2	3	79	165	253
11	1	1	80	266	303
11	0	2	81	341	376
11	2	4	82	443	470
11	2	2	83	740	753
11	1	1	84	834	923
11	0	4	85	1044	1082
12	3	1	86	41	77
12	2	4	87	374	443
12	4	3	88	443	520
12	4	3	89	520	537
12	0	2	90	753	842
13	4	4	91	0	73
13	3	0	92	266	298
13	3	0	93	298	317
13	3	0	94	317	408
13	3	0	95	437	489
13	4	3	96	537	619
13	4	3	97	619	700
13	4	3	98	700	763
13	3	0	99	786	879
13	4	4	100	880	973
14	3	1	101	77	157
14	4	4	102	157	253
14	1	1	103	407	497
14	2	4	104	574	622
14	3	0	105	663	695
14	2	3	106	944	991
14	4	4	107	1117	1198
14	4	1	108	1198	1213


Solution History:
