This is the output of Heuristic Solver for Dual resource constrained flexible job shop Scheduling Problem.
Input file is: wfjsp16_8.txt
Method: TS_25000_15_10
Seed: 1
Number of Jobs: 40
Number of Operations: 295
Number of Machines: 15
Number of Operators: 15
CPU Time: 900.029
obj: 1045
Best found lower bound:0
Solver gap (best found lower bound and upper bound difference): Not known


Final Solution:
Job	Machine	Operator	Operation	Start Time	Finish Time
0	14	12	0	160	187
0	11	5	1	187	250
0	13	2	2	327	353
0	11	4	3	361	425
0	2	10	4	449	515
1	6	0	5	0	56
1	10	7	6	84	153
1	3	0	7	297	309
1	11	4	8	314	361
1	10	9	9	416	462
1	8	3	10	464	489
1	0	14	11	939	1035
1	4	2	12	1035	1043
2	12	7	13	153	242
2	7	5	14	440	458
2	4	2	15	578	636
2	3	1	16	684	753
2	14	12	17	767	796
2	4	7	18	837	901
2	4	8	19	978	1020
3	10	7	20	35	84
3	7	8	21	88	128
3	4	2	22	138	192
3	2	10	23	195	249
3	5	6	24	252	318
3	1	7	25	326	408
3	6	0	26	538	615
3	4	2	27	636	698
3	8	10	28	762	828
3	3	5	29	926	998
4	2	10	30	79	144
4	1	6	31	186	252
4	2	10	32	252	305
4	9	4	33	504	544
4	1	12	34	569	662
4	5	7	35	718	800
4	3	5	36	895	926
5	1	14	37	252	275
5	2	10	38	305	371
5	3	5	39	391	400
5	3	11	40	801	866
5	3	9	41	866	895
5	12	1	42	896	904
5	4	8	43	935	978
5	12	10	44	998	1033
6	0	13	45	269	317
6	10	4	46	544	627
6	10	4	47	669	705
6	13	11	48	712	763
6	0	13	49	778	830
6	6	2	50	837	920
7	1	2	51	8	19
7	4	14	52	50	65
7	9	5	53	329	366
7	11	7	54	425	489
7	13	14	55	515	530
7	5	6	56	977	1045
8	4	8	57	327	383
8	0	13	58	398	465
8	11	14	59	681	715
8	1	6	60	725	809
8	1	12	61	826	878
8	0	13	62	915	938
8	12	7	63	977	998
8	10	3	64	998	1040
9	4	2	65	65	138
9	5	6	66	161	175
9	7	8	67	304	325
9	13	6	68	353	390
9	0	13	69	517	564
9	12	9	70	692	741
9	1	1	71	809	826
9	11	4	72	890	953
9	6	2	73	983	1030
10	3	5	74	82	111
10	7	1	75	128	155
10	8	3	76	242	267
10	12	11	77	267	340
10	13	5	78	400	440
10	11	8	79	645	676
10	9	11	80	871	948
11	9	5	81	0	24
11	0	5	82	116	176
11	6	0	83	192	250
11	6	0	84	461	538
11	12	10	85	549	627
11	14	4	86	628	669
11	12	9	87	741	823
11	2	9	88	972	1025
12	6	1	89	250	328
12	12	2	90	353	412
12	3	4	91	427	504
12	3	1	92	608	684
12	4	2	93	698	758
12	4	2	94	758	776
12	5	3	95	800	867
12	8	13	96	972	1040
13	3	9	97	190	297
13	4	8	98	383	439
13	11	11	99	489	563
13	8	8	100	677	744
13	2	8	101	744	825
13	0	13	102	830	915
13	7	0	103	915	973
14	3	8	104	0	82
14	11	12	105	82	109
14	8	3	106	267	285
14	14	12	107	502	566
14	2	6	108	628	659
14	7	7	109	800	821
14	8	14	110	829	875
14	8	14	111	875	939
15	10	9	112	153	190
15	14	12	113	224	288
15	8	3	114	288	341
15	5	6	115	394	490
15	12	1	116	500	549
15	11	11	117	563	645
15	2	8	118	856	870
15	2	8	119	870	935
15	2	6	120	945	961
16	0	4	121	47	116
16	1	14	122	121	186
16	14	12	123	288	318
16	9	11	124	392	486
16	5	7	125	675	718
16	6	0	126	783	837
17	14	4	127	0	47
17	9	5	128	60	78
17	9	1	129	80	107
17	8	13	130	107	173
17	7	8	131	173	237
17	4	2	132	268	327
17	7	5	133	458	530
17	13	14	134	564	628
17	2	9	135	659	692
17	3	1	136	753	801
18	12	7	137	0	20
18	9	11	138	121	158
18	0	13	139	176	204
18	6	0	140	392	447
18	7	5	141	675	695
18	13	14	142	796	829
18	14	12	143	945	1015
18	14	12	144	1015	1043
19	10	0	145	251	294
19	4	2	146	522	578
19	5	7	147	608	675
19	4	2	148	776	837
19	12	1	149	885	896
19	11	4	150	953	1039
20	2	10	151	35	55
20	7	8	152	237	304
20	14	12	153	318	364
20	3	9	154	516	532
20	10	10	155	909	982
21	13	3	156	0	11
21	12	11	157	20	65
21	1	11	158	65	121
21	7	1	159	344	406
21	12	2	160	412	500
21	0	13	161	596	626
21	14	12	162	748	767
21	11	4	163	820	890
22	1	2	164	19	35
22	6	0	165	56	134
22	11	4	166	251	280
22	0	13	167	317	367
22	2	8	168	522	535
22	0	13	169	626	688
22	5	7	170	901	977
22	3	5	171	998	1035
23	3	4	172	116	168
23	8	3	173	403	464
23	13	3	174	867	916
23	6	1	175	920	983
23	10	10	176	983	995
24	11	12	177	0	79
24	2	10	178	144	195
24	5	1	179	195	249
24	3	0	180	309	390
24	6	0	181	447	461
24	13	14	182	530	564
24	11	14	183	715	743
24	12	10	184	828	857
24	9	2	185	948	980
25	0	9	186	0	43
25	8	13	187	64	73
25	14	12	188	187	216
25	11	4	189	280	314
25	10	10	190	516	541
25	2	8	191	541	625
25	0	13	192	688	720
26	14	13	193	73	96
26	10	9	194	297	345
26	0	13	195	367	398
26	8	3	196	489	543
26	2	10	197	692	714
26	2	10	198	714	739
26	10	4	199	780	820
26	14	6	200	861	945
27	4	14	201	0	50
27	14	12	202	109	160
27	9	5	203	257	329
27	14	12	204	364	398
27	3	14	205	400	427
27	14	12	206	669	748
27	11	14	207	748	796
27	5	1	208	869	885
27	1	11	209	948	1027
28	9	5	210	24	60
28	2	10	211	371	449
28	10	9	212	462	516
28	7	5	213	530	602
28	13	14	214	628	681
28	9	1	215	983	1045
29	5	6	216	88	161
29	8	3	217	173	182
29	4	2	218	192	268
29	6	11	219	340	392
29	13	14	220	451	515
29	6	0	221	672	728
29	10	10	222	869	909
30	10	10	223	0	35
30	9	1	224	158	185
30	14	12	225	216	224
30	1	14	226	275	326
30	5	7	227	490	544
30	13	11	228	763	794
31	13	3	229	26	91
31	6	0	230	134	192
31	10	9	231	345	416
31	0	13	232	465	517
31	8	3	233	543	620
31	13	3	234	681	707
31	8	10	235	744	762
32	12	9	236	65	145
32	10	4	237	190	251
32	3	9	238	532	607
32	10	9	239	627	659
32	7	0	240	837	913
33	1	6	241	0	8
33	7	6	242	8	88
33	8	3	243	341	403
33	14	1	244	434	489
33	1	6	245	502	569
33	7	5	246	602	675
33	9	3	247	712	787
33	14	12	248	796	821
33	7	7	249	821	829
33	13	3	250	916	987
34	1	2	251	35	60
34	0	13	252	204	269
34	1	12	253	408	502
34	0	13	254	564	596
34	9	11	255	645	712
34	10	4	256	712	780
34	9	5	257	787	871
34	1	12	258	878	945
34	7	0	259	973	1045
35	13	14	260	186	244
35	7	6	261	325	344
35	5	1	262	549	608
35	6	0	263	615	672
35	2	8	264	825	856
35	12	9	265	904	972
36	8	13	266	0	64
36	13	3	267	91	170
36	4	8	268	439	522
36	9	7	269	553	605
36	8	3	270	620	677
36	8	13	271	939	972
37	5	1	272	0	80
37	9	11	273	185	257
37	5	14	274	326	394
37	13	14	275	440	451
37	9	7	276	544	553
37	7	5	277	695	777
38	2	10	278	55	79
38	11	8	279	128	167
38	8	3	280	182	242
38	13	7	281	244	326
38	9	5	282	366	391
38	7	1	283	406	434
38	14	6	284	569	628
38	1	6	285	662	725
38	0	13	286	725	778
38	10	1	287	826	869
39	13	3	288	11	26
39	8	14	289	73	101
39	11	14	290	109	117
39	12	10	291	627	691
39	6	0	292	728	783
39	14	6	293	821	861
39	13	7	294	998	1042


Solution History:
