This is the output of Heuristic Solver for Dual resource constrained flexible job shop Scheduling Problem.
Input file is: wfjsp14_6.txt
Method: TS_25000_15_10
Seed: 1
Number of Jobs: 30
Number of Operations: 238
Number of Machines: 15
Number of Operators: 15
CPU Time: 900.022
obj: 933
Best found lower bound:0
Solver gap (best found lower bound and upper bound difference): Not known


Final Solution:
Job	Machine	Operator	Operation	Start Time	Finish Time
0	4	4	0	176	246
0	4	4	1	273	313
0	13	8	2	381	441
0	3	1	3	441	482
0	5	0	4	485	580
0	7	12	5	587	679
0	1	3	6	727	756
0	1	6	7	803	829
0	0	11	8	841	928
1	1	12	9	0	12
1	7	9	10	12	99
1	6	7	11	106	186
1	4	4	12	313	345
1	5	13	13	352	385
1	7	9	14	409	465
1	7	12	15	679	770
1	4	5	16	804	888
2	8	1	17	64	148
2	3	4	18	148	175
2	6	5	19	220	267
2	2	2	20	381	435
2	9	7	21	435	474
2	3	9	22	569	657
2	7	12	23	770	836
2	14	12	24	863	927
3	2	2	25	41	82
3	13	13	26	129	157
3	1	6	27	281	290
3	3	9	28	290	351
3	8	11	29	405	489
3	9	6	30	513	560
3	10	5	31	560	575
3	9	6	32	635	728
3	4	10	33	732	804
3	8	11	34	804	841
4	3	4	35	65	141
4	8	6	36	232	273
4	10	1	37	324	349
4	0	3	38	473	558
4	5	7	39	705	747
4	5	13	40	747	795
4	10	1	41	804	849
4	11	10	42	868	931
5	13	8	43	0	84
5	5	13	44	269	352
5	8	11	45	489	536
5	12	4	46	566	651
5	10	7	47	665	703
5	6	0	48	784	829
5	10	2	49	863	877
6	12	6	50	85	173
6	11	5	51	173	202
6	6	5	52	206	220
6	0	2	53	242	290
6	10	1	54	349	436
6	7	9	55	465	476
6	12	9	56	476	566
6	1	3	57	588	653
6	0	9	58	657	715
6	1	3	59	756	802
7	9	11	60	0	89
7	11	10	61	108	120
7	6	13	62	389	476
7	6	13	63	588	639
7	11	14	64	681	701
7	10	13	65	703	728
7	11	8	66	742	835
8	2	2	67	0	41
8	14	5	68	41	132
8	0	6	69	405	473
8	5	0	70	692	705
8	6	0	71	705	740
8	11	13	72	835	868
9	0	13	73	0	93
9	0	13	74	93	129
9	10	1	75	160	203
9	8	0	76	210	219
9	0	11	77	219	242
9	9	14	78	349	429
9	13	9	79	791	888
9	5	0	80	916	929
10	12	9	81	173	196
10	8	0	82	200	210
10	14	3	83	234	323
10	4	4	84	345	366
10	0	6	85	560	635
10	3	1	86	660	748
10	3	7	87	748	808
10	1	3	88	829	853
10	12	3	89	853	886
11	12	3	90	0	85
11	8	5	91	148	165
11	6	7	92	186	206
11	11	10	93	373	410
11	9	14	94	782	839
11	3	7	95	882	923
12	1	2	96	82	170
12	5	13	97	182	269
12	6	0	98	281	309
12	1	3	99	332	398
12	10	7	100	474	540
12	7	14	101	553	564
12	14	5	102	665	702
12	8	11	103	748	795
12	10	12	104	849	863
12	5	0	105	882	916
13	9	14	106	118	138
13	11	8	107	255	293
13	8	5	108	300	399
13	13	10	109	603	637
13	10	5	110	637	665
13	8	11	111	665	748
13	5	13	112	795	820
13	5	0	113	829	882
14	1	12	114	12	81
14	9	14	115	269	349
14	14	12	116	405	494
14	1	13	117	556	588
14	9	14	118	588	602
14	9	14	119	602	612
14	9	14	120	612	632
14	4	10	121	643	732
15	8	0	122	182	200
15	4	4	123	246	273
15	2	2	124	435	517
15	13	10	125	544	603
15	13	14	126	637	681
15	2	2	127	775	861
15	13	3	128	888	933
16	11	10	129	0	12
16	10	12	130	93	160
16	13	13	131	160	177
16	1	2	132	177	229
16	1	0	133	229	281
16	14	12	134	332	347
16	3	11	135	351	383
16	1	3	136	653	727
16	10	2	137	877	925
17	7	9	138	99	157
17	10	7	139	206	270
17	2	8	140	293	381
17	4	4	141	381	472
17	14	12	142	494	583
17	11	8	143	638	671
17	13	9	144	727	791
17	6	8	145	835	931
18	6	4	146	0	65
18	2	8	147	133	174
18	3	1	148	203	284
18	12	3	149	398	472
18	4	14	150	472	553
19	8	1	151	0	21
19	11	10	152	70	108
19	12	9	153	196	284
19	10	1	154	284	324
19	1	5	155	399	457
19	11	10	156	487	544
19	11	8	157	544	638
19	14	5	158	702	797
19	9	14	159	839	926
20	13	11	160	89	111
20	9	14	161	138	207
20	9	14	162	207	269
20	6	0	163	309	389
20	14	12	164	391	405
20	1	5	165	457	512
20	2	2	166	517	601
20	5	0	167	601	692
20	14	10	168	804	861
20	12	9	169	888	915
21	11	10	170	12	70
21	8	5	171	273	300
21	14	12	172	347	391
21	7	4	173	476	551
21	8	1	174	579	660
21	8	1	175	849	932
22	10	0	176	0	93
22	5	0	177	93	182
22	11	8	178	202	255
22	13	11	179	255	348
22	12	6	180	380	394
22	3	7	181	409	433
22	13	8	182	441	528
22	4	7	183	553	643
22	11	14	184	701	742
22	2	13	185	868	930
23	3	7	186	0	14
23	12	7	187	284	376
23	3	7	188	383	409
23	3	1	189	482	569
23	9	14	190	742	782
23	7	4	191	840	931
24	8	1	192	21	64
24	0	11	193	129	216
24	7	9	194	351	409
24	6	13	195	476	556
24	10	5	196	575	634
24	12	4	197	651	756
24	10	1	198	756	804
24	0	13	199	820	835
24	12	9	200	915	932
25	6	7	201	65	106
25	2	10	202	174	268
25	11	10	203	302	373
25	8	11	204	536	579
25	3	7	205	808	882
26	5	6	206	0	84
26	9	14	207	89	118
26	14	10	208	132	168
26	11	10	209	293	302
26	1	12	210	303	332
26	0	11	211	383	405
26	1	5	212	512	554
26	6	0	213	740	784
26	1	6	214	853	922
27	4	14	215	0	88
27	2	8	216	88	133
27	7	12	217	160	232
27	7	2	218	303	347
27	5	0	219	389	485
27	14	11	220	583	661
27	2	2	221	687	775
28	3	7	222	14	61
28	13	3	223	177	234
28	0	6	224	290	380
28	9	6	225	474	513
28	7	14	226	564	587
28	6	13	227	639	691
28	12	4	228	756	840
29	14	5	229	0	39
29	4	3	230	88	176
29	14	6	231	176	232
29	7	12	232	232	303
29	11	10	233	410	487
29	2	2	234	601	687
29	13	8	235	687	727
29	0	6	236	728	803
29	4	5	237	888	933


Solution History:
