This is the output of Heuristic Solver for Dual resource constrained flexible job shop Scheduling Problem.
Input file is: wfjsp20_4.txt
Method: TS_25000_15_10
Seed: 1
Number of Jobs: 25
Number of Operations: 198
Number of Machines: 10
Number of Operators: 8
CPU Time: 900.013
obj: 1250
Best found lower bound:0
Solver gap (best found lower bound and upper bound difference): Not known


Final Solution:
Job	Machine	Operator	Operation	Start Time	Finish Time
0	9	4	0	64	141
0	9	5	1	352	411
0	5	6	2	442	506
0	2	0	3	560	622
0	6	3	4	904	994
0	5	0	5	995	1026
0	7	1	6	1079	1118
0	0	1	7	1118	1131
0	1	5	8	1203	1250
1	8	3	9	0	21
1	5	2	10	41	57
1	6	3	11	114	153
1	6	7	12	346	417
1	4	5	13	571	591
1	3	5	14	591	666
1	9	2	15	783	858
1	7	2	16	958	1017
1	6	2	17	1190	1241
2	3	1	18	0	33
2	6	3	19	317	335
2	8	3	20	646	693
2	5	0	21	791	865
2	3	7	22	892	901
2	5	0	23	930	995
2	7	7	24	1168	1236
3	2	3	25	153	166
3	8	7	26	279	346
3	3	3	27	392	479
3	7	7	28	562	655
3	2	6	29	692	740
3	4	3	30	1155	1236
4	2	6	31	60	128
4	2	6	32	316	382
4	6	6	33	620	667
4	4	2	34	717	734
4	2	0	35	865	930
4	1	5	36	945	973
4	4	5	37	1089	1111
5	9	5	38	0	64
5	9	5	39	161	211
5	5	6	40	382	442
5	4	2	41	597	630
5	7	7	42	771	823
5	8	0	43	1181	1250
6	0	4	44	141	220
6	9	5	45	220	285
6	3	5	46	538	571
6	5	3	47	623	646
6	3	5	48	973	1041
6	7	7	49	1041	1070
6	1	4	50	1147	1197
6	3	1	51	1213	1243
7	1	2	52	91	183
7	3	3	53	279	317
7	4	7	54	417	430
7	4	5	55	491	518
7	1	1	56	543	619
7	8	1	57	623	636
7	0	6	58	793	863
7	3	2	59	914	958
7	5	4	60	1088	1147
8	5	0	61	73	117
8	3	1	62	184	214
8	4	7	63	430	443
8	1	7	64	501	527
8	1	1	65	636	689
8	9	4	66	706	770
8	7	6	67	894	939
8	9	6	68	1074	1107
9	6	6	69	0	60
9	8	0	70	160	224
9	0	1	71	276	310
9	9	5	72	411	463
9	3	5	73	735	816
9	0	5	74	896	943
9	0	4	75	945	956
9	4	7	76	975	1041
9	8	7	77	1070	1118
10	3	5	78	64	87
10	0	0	79	359	435
10	2	0	80	499	560
10	8	3	81	571	623
10	5	2	82	659	715
10	2	1	83	824	856
10	6	4	84	994	1088
10	7	7	85	1118	1137
10	9	5	86	1177	1203
11	8	1	87	33	70
11	6	7	88	153	216
11	5	0	89	268	315
11	7	3	90	335	355
11	8	7	91	443	470
11	7	1	92	473	543
11	0	6	93	740	793
11	6	2	94	1112	1154
12	7	1	95	70	111
12	3	7	96	216	279
12	7	1	97	355	425
12	6	2	98	465	508
12	0	2	99	519	533
12	9	4	100	630	677
12	9	4	101	677	706
12	1	4	102	841	870
12	4	7	103	901	948
12	0	1	104	1061	1079
13	0	0	105	0	73
13	7	6	106	197	269
13	7	6	107	269	316
13	5	0	108	316	359
13	0	0	109	435	499
13	6	3	110	693	768
13	8	6	111	939	986
13	0	6	112	986	1049
13	3	3	113	1074	1155
13	4	3	114	1236	1247
14	9	4	115	464	555
14	5	6	116	571	620
14	0	0	117	622	694
14	8	0	118	694	722
14	5	2	119	734	783
14	9	4	120	956	987
14	7	7	121	1137	1168
15	1	2	122	57	91
15	4	3	123	214	274
15	0	1	124	310	353
15	9	4	125	555	630
15	1	1	126	717	796
15	5	2	127	865	914
15	4	7	128	948	975
15	2	0	129	1026	1103
15	0	1	130	1144	1213
16	2	3	131	166	214
16	9	4	132	292	338
16	1	4	133	374	392
16	1	1	134	425	473
16	6	7	135	527	562
16	8	5	136	1118	1154
16	5	4	137	1197	1249
17	8	7	138	96	144
17	4	2	139	450	465
17	2	6	140	667	692
17	4	3	141	768	815
17	9	1	142	858	952
17	2	1	143	952	993
17	8	1	144	993	1061
17	9	6	145	1107	1175
18	6	7	146	64	96
18	5	6	147	128	197
18	2	2	148	214	228
18	0	0	149	228	268
18	4	2	150	374	417
18	6	2	151	417	450
18	1	7	152	473	501
18	0	2	153	533	597
18	8	3	154	815	904
19	4	3	155	21	114
19	1	2	156	302	374
19	3	5	157	518	538
19	4	2	158	630	659
19	4	1	159	689	717
19	6	4	160	770	841
19	4	5	161	1041	1089
19	2	6	162	1181	1249
20	3	5	163	87	161
20	4	5	164	465	491
20	0	2	165	508	519
20	0	4	166	870	896
20	6	2	167	1154	1190
21	7	7	168	0	64
21	4	1	169	114	184
21	6	4	170	220	292
21	8	3	171	479	571
21	7	7	172	655	675
21	7	7	173	675	771
21	3	5	174	816	892
21	9	3	175	994	1074
21	1	2	176	1082	1112
21	1	1	177	1131	1144
22	1	2	178	0	41
22	7	0	179	117	160
22	1	2	180	183	209
22	2	2	181	228	302
22	8	3	182	355	392
22	2	4	183	392	464
23	4	5	184	285	352
23	5	6	185	506	571
23	3	5	186	666	735
23	1	1	187	796	824
23	4	7	188	824	892
23	1	4	189	896	945
23	1	2	190	1017	1082
23	2	0	191	1103	1181
24	2	4	192	0	59
24	1	1	193	214	276
24	8	0	194	722	791
24	6	6	195	863	894
24	5	6	196	1049	1071
24	3	5	197	1155	1177


Solution History:
