This is the output of Heuristic Solver for Dual resource constrained flexible job shop Scheduling Problem.
Input file is: wfjsp14_8.txt
Method: TS_25000_15_10
Seed: 1
Number of Jobs: 30
Number of Operations: 223
Number of Machines: 15
Number of Operators: 15
CPU Time: 900.016
obj: 794
Best found lower bound:0
Solver gap (best found lower bound and upper bound difference): Not known


Final Solution:
Job	Machine	Operator	Operation	Start Time	Finish Time
0	14	5	0	27	55
0	5	6	1	96	167
0	4	8	2	397	423
0	1	1	3	604	658
0	3	5	4	680	751
1	6	0	5	0	56
1	6	0	6	56	118
1	9	3	7	149	161
1	11	3	8	212	260
1	10	10	9	341	387
1	1	14	10	397	424
1	0	9	11	471	554
1	1	1	12	596	604
2	9	5	13	66	149
2	12	1	14	232	252
2	12	4	15	340	402
2	4	3	16	427	499
2	12	7	17	541	569
2	4	2	18	595	650
2	6	11	19	749	793
3	10	4	20	9	49
3	14	6	21	60	96
3	0	14	22	97	147
3	2	9	23	160	216
3	4	2	24	238	296
3	0	9	25	308	391
3	13	6	26	408	500
3	14	12	27	532	599
3	14	12	28	599	665
3	10	10	29	665	740
4	4	2	30	0	61
4	1	14	31	147	212
4	2	9	32	216	271
4	2	9	33	271	308
4	1	2	34	308	397
4	4	9	35	650	752
4	8	13	36	765	791
5	1	12	37	0	23
5	4	2	38	61	123
5	2	9	39	148	160
5	6	1	40	163	232
5	3	11	41	363	390
5	12	2	42	402	410
5	5	1	43	457	505
5	12	6	44	505	541
6	12	6	45	0	60
6	10	4	46	147	230
6	10	3	47	390	427
6	8	13	48	487	536
6	0	14	49	621	673
6	8	13	50	684	765
7	1	12	51	116	127
7	1	3	52	127	145
7	0	13	53	147	198
7	5	8	54	540	593
7	11	12	55	665	682
7	5	3	56	720	787
8	7	8	57	0	52
8	11	8	58	97	175
8	11	3	59	175	212
8	1	14	60	212	306
8	1	3	61	518	571
8	5	8	62	593	620
8	12	7	63	657	678
8	9	2	64	680	727
9	1	12	65	52	116
9	7	0	66	210	227
9	7	0	67	227	246
9	10	10	68	301	341
9	4	12	69	341	391
9	3	11	70	391	442
9	6	5	71	442	459
9	11	12	72	460	527
9	13	5	73	751	793
10	1	12	74	23	52
10	7	0	75	120	150
10	8	6	76	167	194
10	12	1	77	278	340
10	13	6	78	371	408
10	9	7	79	430	456
10	9	5	80	596	680
11	10	4	81	120	147
11	7	0	82	150	210
11	6	0	83	246	304
11	6	0	84	304	381
11	8	13	85	397	487
11	6	5	86	536	575
11	7	4	87	582	648
11	6	0	88	678	733
12	11	3	89	21	96
12	9	7	90	161	211
12	7	5	91	246	330
12	5	1	92	379	457
12	4	2	93	499	559
12	12	7	94	569	589
12	0	14	95	673	740
12	2	10	96	740	793
13	3	11	97	69	166
13	4	2	98	184	238
13	0	4	99	238	298
13	8	3	100	332	390
13	10	10	101	452	552
13	11	3	102	571	659
13	7	0	103	733	791
14	3	8	104	175	257
14	11	12	105	287	314
14	8	3	106	314	332
14	14	13	107	332	397
14	2	10	108	397	427
14	3	0	109	556	575
14	8	14	110	575	621
14	8	13	111	621	684
15	12	1	112	69	105
15	12	1	113	105	163
15	8	12	114	194	244
15	9	7	115	248	341
15	7	5	116	341	385
15	14	0	117	454	532
15	2	6	118	552	564
15	2	6	119	592	656
15	6	1	120	658	673
16	9	7	121	0	66
16	13	11	122	223	290
16	14	13	123	293	323
16	9	1	124	509	596
16	5	8	125	620	672
16	7	8	126	679	733
17	14	13	127	97	143
17	12	11	128	174	193
17	14	13	129	198	225
17	3	8	130	257	315
17	7	0	131	385	454
17	1	14	132	454	518
17	0	13	133	554	620
17	13	6	134	656	721
17	13	11	135	722	749
17	3	8	136	751	794
18	11	3	137	0	21
18	9	7	138	211	248
18	12	1	139	252	278
18	6	5	140	385	442
18	4	2	141	577	595
18	13	11	142	609	642
18	1	3	143	659	720
18	12	7	144	748	783
19	14	13	145	225	264
19	13	11	146	290	362
19	11	12	147	397	460
19	6	5	148	460	536
19	7	4	149	570	582
19	3	0	150	590	678
20	2	10	151	0	20
20	7	4	152	52	120
20	14	4	153	402	449
20	3	0	154	575	590
20	2	11	155	656	722
21	8	4	156	0	9
21	2	9	157	20	68
21	8	10	158	97	165
21	2	6	159	310	371
21	12	2	160	410	498
21	5	7	161	509	540
21	4	2	162	559	577
21	10	10	163	595	662
22	0	13	164	0	17
22	0	13	165	17	97
22	11	12	166	260	287
22	9	7	167	456	509
22	2	6	168	541	552
22	12	7	169	589	657
22	11	12	170	682	750
22	4	14	171	752	789
23	10	10	172	49	96
23	9	7	173	367	430
23	3	11	174	456	504
23	6	9	175	575	647
23	10	4	176	740	754
24	13	7	177	66	152
24	13	5	178	152	213
24	5	6	179	247	310
24	11	8	180	315	397
24	3	11	181	442	456
24	11	14	182	527	558
24	2	6	183	564	592
24	7	4	184	648	679
24	0	9	185	752	787
25	14	12	186	143	191
25	0	4	187	230	238
25	14	13	188	264	293
25	4	4	189	298	335
25	10	10	190	427	452
25	2	8	191	453	537
25	5	4	192	679	718
26	14	5	193	0	27
26	5	14	194	40	83
26	0	6	195	198	230
26	8	3	196	260	314
26	3	1	197	340	363
26	2	8	198	427	453
26	10	10	199	552	595
26	14	1	200	688	777
27	13	11	201	0	53
27	8	8	202	53	97
27	4	2	203	123	184
27	12	11	204	193	223
27	9	7	205	341	367
27	0	9	206	391	471
27	3	11	207	504	556
27	14	1	208	673	688
27	1	6	209	721	791
28	5	14	210	0	40
28	2	9	211	68	148
28	10	10	212	247	301
28	5	14	213	310	379
28	13	11	214	556	609
28	9	2	215	727	794
29	3	1	216	0	69
29	12	11	217	166	174
29	5	10	218	174	247
29	7	4	219	454	499
29	7	4	220	499	570
29	12	7	221	678	748
29	10	4	222	754	791


Solution History:
