This is the output of Heuristic Solver for Dual resource constrained flexible job shop Scheduling Problem.
Input file is: wfjsp13_8.txt
Method: TS_25000_15_10
Seed: 1
Number of Jobs: 25
Number of Operations: 249
Number of Machines: 15
Number of Operators: 15
CPU Time: 900.019
obj: 905
Best found lower bound:0
Solver gap (best found lower bound and upper bound difference): Not known


Final Solution:
Job	Machine	Operator	Operation	Start Time	Finish Time
0	0	14	0	28	59
0	5	3	1	59	126
0	13	10	2	146	175
0	11	5	3	195	260
0	6	1	4	326	402
0	1	12	5	422	475
0	6	1	6	600	667
0	3	8	7	761	774
0	11	5	8	846	892
1	4	12	9	207	257
1	1	12	10	384	411
1	8	8	11	411	504
1	4	2	12	557	565
1	2	11	13	567	664
1	7	0	14	679	698
1	12	2	15	772	833
1	4	12	16	833	904
2	14	13	17	0	29
2	8	12	18	60	129
2	6	4	19	146	188
2	10	2	20	207	251
2	3	0	21	267	311
2	0	9	22	350	407
2	2	4	23	411	466
2	1	7	24	501	569
2	1	6	25	587	680
2	6	10	26	680	751
2	14	12	27	763	830
2	6	4	28	832	903
3	2	1	29	13	86
3	2	8	30	105	179
3	7	7	31	179	251
3	11	5	32	411	477
3	3	1	33	477	512
3	0	9	34	598	683
3	4	2	35	683	772
3	3	0	36	797	823
3	1	3	37	841	865
4	11	8	38	0	68
4	2	1	39	86	97
4	6	10	40	258	326
4	10	4	41	326	359
4	12	7	42	424	433
4	6	9	43	488	538
4	6	10	44	552	598
4	12	9	45	833	885
5	10	0	46	0	89
5	10	3	47	143	180
5	12	10	48	207	258
5	12	1	49	258	317
5	8	13	50	330	411
5	1	12	51	411	422
5	1	14	52	476	492
5	0	9	53	556	598
5	5	3	54	663	722
5	2	1	55	722	739
5	5	10	56	773	839
5	7	8	57	848	900
6	3	5	58	0	74
6	1	2	59	74	117
6	1	6	60	117	201
6	1	14	61	201	253
6	0	9	62	284	308
6	4	2	63	325	343
6	10	4	64	359	400
6	10	0	65	400	476
6	7	4	66	564	580
6	7	8	67	589	610
6	10	3	68	618	656
6	0	13	69	765	812
7	12	9	70	0	49
7	13	10	71	51	70
7	11	4	72	70	133
7	6	1	73	203	251
7	1	12	74	257	286
7	5	10	75	326	356
7	13	14	76	374	405
7	12	1	77	538	600
7	13	5	78	722	762
7	3	0	79	774	797
7	2	11	80	805	875
8	10	10	81	89	115
8	2	3	82	321	385
8	14	1	83	402	466
8	2	11	84	488	567
8	8	13	85	567	657
8	12	7	86	657	695
8	7	0	87	698	768
8	4	4	88	772	832
8	0	14	89	832	905
9	9	4	90	0	60
9	7	7	91	66	150
9	5	3	92	184	265
9	4	2	93	265	325
9	12	7	94	404	424
9	0	13	95	490	556
9	4	2	96	565	621
9	1	7	97	699	783
9	14	1	98	830	892
10	4	2	99	0	61
10	8	13	100	129	198
10	14	6	101	304	389
10	11	4	102	477	564
10	7	8	103	610	679
10	3	8	104	679	761
10	8	6	105	773	806
10	8	6	106	806	826
10	8	13	107	826	894
11	1	12	108	0	31
11	3	1	109	109	127
11	5	14	110	131	184
11	8	13	111	267	330
11	13	5	112	330	366
11	12	7	113	433	501
11	8	14	114	504	552
11	9	5	115	557	641
11	12	9	116	695	747
11	11	14	117	747	827
12	2	1	118	0	13
12	6	9	119	49	118
12	14	1	120	186	203
12	9	11	121	279	346
12	9	11	122	414	481
12	14	10	123	517	552
12	9	5	124	641	722
12	5	6	125	729	773
12	6	9	126	773	824
12	9	6	127	834	883
12	9	6	128	883	901
13	14	13	129	97	124
13	3	1	130	127	186
13	0	9	131	207	284
13	4	2	132	343	402
13	7	6	133	402	477
13	13	5	134	477	548
13	13	10	135	629	661
13	2	1	136	667	722
13	6	10	137	751	771
13	9	3	138	790	834
14	0	14	139	0	28
14	14	13	140	29	97
14	4	9	141	118	137
14	9	11	142	145	179
14	8	13	143	198	267
14	14	5	144	275	304
14	0	9	145	308	350
14	13	3	146	411	477
14	11	14	147	676	740
15	14	6	148	203	275
15	7	7	149	304	316
15	11	8	150	329	410
15	2	9	151	466	488
15	3	8	152	512	589
15	14	12	153	622	668
15	14	12	154	668	683
15	2	11	155	739	805
15	0	13	156	812	822
16	13	11	157	0	51
16	14	0	158	124	185
16	2	8	159	263	321
16	12	7	160	321	404
16	5	6	161	477	505
16	14	12	162	552	571
16	11	7	163	571	642
16	1	12	164	683	699
16	10	1	165	739	830
16	2	11	166	875	900
17	9	6	167	60	115
17	9	4	168	133	145
17	0	9	169	145	207
17	11	14	170	260	329
17	3	5	171	374	411
17	3	9	172	411	464
17	9	2	173	493	557
17	13	14	174	573	620
17	10	4	175	663	731
17	12	4	176	747	763
17	7	8	177	774	848
17	13	2	178	848	903
18	5	3	179	0	59
18	3	0	180	186	267
18	3	5	181	315	329
18	1	12	182	354	384
18	12	1	183	512	538
18	12	10	184	600	629
18	8	13	185	657	685
18	0	6	186	685	729
18	8	13	187	756	765
19	7	7	188	0	32
19	4	8	189	68	105
19	10	2	190	117	143
19	2	8	191	179	263
19	5	3	192	280	315
19	2	3	193	385	411
19	10	0	194	476	521
19	10	10	195	839	868
20	8	6	196	0	60
20	3	0	197	89	109
20	6	10	198	118	146
20	10	4	199	279	319
20	4	2	200	402	493
20	4	12	201	493	543
20	14	12	202	571	622
20	4	2	203	622	683
20	14	12	204	729	763
21	1	12	205	31	56
21	0	14	206	59	131
21	11	5	207	146	195
21	5	3	208	265	280
21	1	12	209	286	354
21	5	10	210	356	402
21	0	13	211	411	490
21	10	0	212	521	580
21	5	4	213	587	663
21	13	11	214	664	717
21	9	3	215	722	790
21	3	0	216	823	897
22	12	11	217	127	135
22	4	12	218	137	207
22	7	7	219	251	304
22	9	11	220	346	414
22	7	3	221	499	562
22	10	3	222	580	618
22	11	14	223	642	676
22	14	12	224	699	729
22	0	9	225	747	758
22	1	7	226	783	841
22	5	7	227	841	895
23	7	7	228	32	66
23	13	5	229	74	146
23	12	2	230	146	207
23	13	11	231	207	272
23	3	14	232	329	374
23	5	14	233	405	476
23	7	3	234	477	499
23	13	14	235	552	573
23	3	0	236	589	667
24	6	10	237	0	49
24	12	11	238	51	127
24	7	7	239	150	179
24	9	4	240	188	279
24	13	5	241	304	315
24	7	0	242	316	393
24	6	10	243	402	468
24	14	10	244	468	517
24	5	6	245	517	587
24	8	13	246	685	756
24	13	5	247	762	846
24	10	10	248	868	893


Solution History:
