This is the output of Heuristic Solver for Dual resource constrained flexible job shop Scheduling Problem.
Input file is: wfjsp17_8.txt
Method: TS_25000_15_10
Seed: 1
Number of Jobs: 15
Number of Operations: 133
Number of Machines: 5
Number of Operators: 4
CPU Time: 900.006
obj: 1723
Best found lower bound:0
Solver gap (best found lower bound and upper bound difference): Not known


Final Solution:
Job	Machine	Operator	Operation	Start Time	Finish Time
0	1	2	0	47	73
0	4	0	1	983	1040
0	0	2	2	1129	1155
0	1	0	3	1186	1240
0	1	0	4	1240	1312
0	1	2	5	1409	1463
0	1	2	6	1463	1525
0	4	1	7	1713	1723
1	1	2	8	0	47
1	1	2	9	73	124
1	4	2	10	483	510
1	3	3	11	993	1089
1	3	3	12	1161	1170
1	1	1	13	1320	1409
1	0	0	14	1430	1449
1	1	2	15	1566	1620
2	4	1	16	88	160
2	4	2	17	337	365
2	4	2	18	376	438
2	4	2	19	438	483
2	3	3	20	611	655
2	4	0	21	722	765
2	1	2	22	1032	1083
2	4	2	23	1155	1206
2	2	1	24	1257	1320
2	0	0	25	1449	1538
3	0	0	26	45	119
3	2	0	27	181	243
3	2	0	28	483	539
3	0	2	29	562	637
3	0	2	30	637	710
3	0	2	31	710	782
3	3	3	32	865	927
3	1	1	33	947	979
3	3	3	34	1332	1431
3	2	1	35	1498	1585
4	0	0	36	0	23
4	0	0	37	23	45
4	2	0	38	119	181
4	4	2	39	365	376
4	2	1	40	376	442
4	4	2	41	782	810
4	0	1	42	875	884
4	1	1	43	979	1027
4	4	2	44	1525	1566
4	3	3	45	1584	1636
5	4	1	46	0	88
5	1	2	47	151	192
5	4	2	48	192	238
5	1	2	49	238	291
5	1	1	50	298	373
5	3	3	51	377	392
5	4	0	52	706	722
5	2	0	53	937	983
6	0	2	54	510	562
6	3	3	55	566	585
6	1	1	56	744	811
6	0	2	57	982	1032
6	2	1	58	1127	1190
6	2	2	59	1361	1401
6	0	0	60	1538	1619
6	3	3	61	1636	1697
6	3	3	62	1697	1723
7	0	0	63	304	322
7	3	3	64	520	566
7	1	2	65	811	886
7	0	1	66	1094	1109
7	0	1	67	1109	1127
7	3	3	68	1491	1536
7	3	3	69	1536	1584
7	0	2	70	1620	1672
7	0	0	71	1706	1723
8	3	3	72	146	223
8	2	2	73	291	337
8	1	0	74	377	404
8	4	1	75	541	568
8	3	3	76	585	611
8	0	1	77	884	947
8	4	0	78	1312	1357
8	0	0	79	1407	1430
9	3	3	80	0	75
9	1	2	81	124	151
9	0	0	82	250	304
9	3	3	83	313	377
9	2	0	84	539	616
9	4	0	85	616	706
9	2	0	86	765	809
9	3	3	87	1089	1161
9	0	2	88	1206	1258
10	3	3	89	223	313
10	3	3	90	392	443
10	1	1	91	471	541
10	1	1	92	568	640
10	3	3	93	927	993
10	4	0	94	1040	1058
10	2	1	95	1190	1257
10	0	2	96	1307	1361
10	4	1	97	1409	1498
10	2	2	98	1672	1722
11	0	0	99	322	377
11	3	3	100	443	507
11	2	1	101	658	744
11	3	3	102	758	865
11	2	0	103	880	937
11	4	0	104	1058	1145
11	0	0	105	1162	1186
11	0	0	106	1390	1407
12	3	3	107	75	146
12	1	1	108	442	471
12	1	1	109	640	658
12	3	3	110	658	712
12	2	1	111	811	875
12	1	2	112	886	927
12	3	3	113	1170	1233
12	4	2	114	1258	1307
13	0	1	115	160	250
13	4	1	116	250	298
13	0	0	117	404	483
13	3	3	118	507	520
13	0	0	119	809	864
13	4	0	120	864	880
13	2	1	121	1027	1094
13	3	3	122	1266	1332
13	4	0	123	1357	1390
13	4	0	124	1619	1706
14	3	3	125	712	758
14	4	2	126	927	982
14	1	2	127	1083	1129
14	1	0	128	1145	1162
14	3	3	129	1233	1266
14	3	3	130	1431	1491
14	2	1	131	1585	1649
14	1	1	132	1649	1713


Solution History:
