This is the output of Heuristic Solver for Dual resource constrained flexible job shop Scheduling Problem.
Input file is: wfjsp8_3.txt
Method: TS_25000_15_10
Seed: 1
Number of Jobs: 15
Number of Operations: 127
Number of Machines: 5
Number of Operators: 5
CPU Time: 639.049
obj: 1381
Best found lower bound:0
Solver gap (best found lower bound and upper bound difference): Not known


Final Solution:
Job	Machine	Operator	Operation	Start Time	Finish Time
0	4	4	0	42	112
0	4	4	1	112	125
0	1	4	2	276	292
0	1	4	3	292	377
0	0	0	4	542	621
0	1	4	5	640	716
0	1	4	6	991	1068
0	0	0	7	1085	1126
0	3	1	8	1187	1293
1	1	3	9	23	39
1	3	0	10	63	126
1	0	0	11	126	220
1	4	3	12	365	383
1	2	2	13	417	517
1	3	1	14	630	733
1	3	3	15	918	948
1	1	3	16	1305	1365
2	2	2	17	0	17
2	4	4	18	125	195
2	3	3	19	235	246
2	3	3	20	289	317
2	3	3	21	317	365
2	2	0	22	895	987
2	3	1	23	1001	1068
2	1	4	24	1068	1099
2	0	0	25	1126	1208
2	4	4	26	1277	1374
3	0	1	27	0	12
3	4	4	28	473	506
3	4	4	29	506	604
3	0	0	30	649	685
3	2	2	31	692	719
3	3	1	32	733	796
3	4	4	33	813	876
3	4	3	34	1090	1155
4	1	2	35	178	275
4	0	0	36	336	428
4	1	3	37	473	490
4	4	3	38	676	705
4	0	1	39	796	872
4	0	1	40	872	889
4	2	2	41	1106	1131
4	4	3	42	1155	1205
4	2	2	43	1267	1303
4	3	0	44	1319	1374
5	2	2	45	17	115
5	3	3	46	163	235
5	4	1	47	276	360
5	4	3	48	383	400
5	3	1	49	492	508
5	3	1	50	508	558
5	3	1	51	558	630
5	4	4	52	777	813
5	3	3	53	895	918
5	3	1	54	948	1001
6	0	1	55	12	38
6	2	1	56	238	269
6	2	2	57	275	351
6	3	1	58	365	444
6	2	2	59	594	692
6	4	4	60	876	974
6	0	4	61	974	985
6	4	3	62	1037	1090
6	1	4	63	1099	1200
7	2	1	64	149	188
7	3	1	65	444	471
7	4	4	66	716	777
7	3	0	67	796	838
7	3	1	68	1115	1187
7	2	2	69	1196	1206
7	0	0	70	1208	1303
8	3	0	71	0	63
8	3	3	72	246	277
8	2	2	73	517	594
8	2	2	74	1131	1161
8	2	2	75	1206	1267
8	1	3	76	1365	1379
9	2	1	77	117	149
9	2	1	78	188	201
9	4	4	79	201	276
9	1	3	80	716	788
9	0	0	81	987	1050
9	2	2	82	1053	1071
9	2	2	83	1071	1106
9	3	0	84	1303	1319
10	0	1	85	38	117
10	1	2	86	137	178
10	2	1	87	201	238
10	3	1	88	471	492
10	1	3	89	492	528
10	1	3	90	788	835
10	3	0	91	852	895
10	2	2	92	991	1017
10	0	0	93	1050	1085
11	4	4	94	0	42
11	1	3	95	42	119
11	0	0	96	220	260
11	0	0	97	260	336
11	1	4	98	377	473
11	1	3	99	528	600
11	1	3	100	835	886
11	2	2	101	1017	1053
11	1	3	102	1205	1305
11	2	2	103	1305	1381
12	3	3	104	126	163
12	3	3	105	277	289
12	4	3	106	400	466
12	0	0	107	466	502
12	4	3	108	604	676
12	0	0	109	685	781
12	2	2	110	792	892
12	1	2	111	892	991
12	3	1	112	1068	1115
12	2	2	113	1161	1196
13	1	3	114	0	23
13	0	0	115	428	466
13	1	4	116	604	640
13	3	0	117	838	852
13	4	4	118	1205	1277
13	0	1	119	1303	1380
14	1	2	120	119	137
14	2	2	121	351	417
14	0	0	122	502	542
14	0	0	123	621	649
14	2	2	124	719	792
14	0	1	125	889	943
14	4	3	126	974	1037


Solution History:
