This is the output of Heuristic Solver for Dual resource constrained flexible job shop Scheduling Problem.
Input file is: wfjsp12_5.txt
Method: TS_25000_15_10
Seed: 1
Number of Jobs: 25
Number of Operations: 174
Number of Machines: 10
Number of Operators: 10
CPU Time: 900.012
obj: 875
Best found lower bound:0
Solver gap (best found lower bound and upper bound difference): Not known


Final Solution:
Job	Machine	Operator	Operation	Start Time	Finish Time
0	0	2	0	256	271
0	3	2	1	281	321
0	7	1	2	411	495
0	7	1	3	495	565
0	5	6	4	590	657
0	3	8	5	720	756
0	1	5	6	791	865
1	4	5	7	12	53
1	6	7	8	251	301
1	2	0	9	353	389
1	5	8	10	756	787
1	8	9	11	800	874
2	2	1	12	79	102
2	2	2	13	197	210
2	1	7	14	319	388
2	6	4	15	629	693
2	2	1	16	797	807
3	7	0	17	0	44
3	8	8	18	46	114
3	2	0	19	495	532
3	3	9	20	542	577
3	6	2	21	590	629
4	5	4	22	398	426
4	5	4	23	426	454
4	0	2	24	495	586
4	4	7	25	586	633
4	9	9	26	659	702
5	8	0	27	116	139
5	6	2	28	180	188
5	0	0	29	452	495
5	2	6	30	657	743
5	9	0	31	743	810
6	4	5	32	53	119
6	4	9	33	175	261
6	8	9	34	261	341
6	0	6	35	743	780
6	0	6	36	780	795
6	2	3	37	828	873
7	5	4	38	32	113
7	1	4	39	126	195
7	0	2	40	321	387
7	2	1	41	606	635
7	4	9	42	728	800
8	5	4	43	0	32
8	6	2	44	91	109
8	6	3	45	109	180
8	7	1	46	193	275
8	7	1	47	320	411
8	1	4	48	454	498
8	8	9	49	578	659
8	6	4	50	693	771
8	7	7	51	777	787
8	0	3	52	795	828
9	2	1	53	0	79
9	5	2	54	113	147
9	5	6	55	166	251
9	9	6	56	260	278
9	1	8	57	278	319
9	2	2	58	404	490
9	0	3	59	595	608
9	4	9	60	702	728
9	8	3	61	731	795
10	8	8	62	0	16
10	8	0	63	139	177
10	6	4	64	211	244
10	9	5	65	350	439
10	6	7	66	459	537
10	5	7	67	537	581
10	1	7	68	663	708
10	2	0	69	810	827
11	2	1	70	102	186
11	1	8	71	195	277
11	7	1	72	277	320
11	1	3	73	401	443
11	4	3	74	465	478
11	8	8	75	494	578
11	2	1	76	578	606
11	0	3	77	608	662
11	7	7	78	708	777
11	3	4	79	785	867
12	4	6	80	320	345
12	6	7	81	388	459
12	6	6	82	537	590
12	2	2	83	635	644
12	3	8	84	665	695
12	3	8	85	712	720
12	9	0	86	720	731
12	7	7	87	787	870
13	9	6	88	0	86
13	4	5	89	119	165
13	7	5	90	165	193
13	2	0	91	260	353
13	3	9	92	414	459
13	3	9	93	459	468
13	1	4	94	498	543
13	3	8	95	578	665
13	7	0	96	667	706
13	6	2	97	821	869
14	8	8	98	25	46
14	7	0	99	46	85
14	3	9	100	341	414
14	4	3	101	453	465
14	3	9	102	468	542
14	9	5	103	592	658
14	0	3	104	662	731
14	0	0	105	828	871
15	6	2	106	0	91
15	3	9	107	93	175
15	5	6	108	454	486
15	4	3	109	496	586
15	7	0	110	597	634
15	3	2	111	756	785
15	6	2	112	785	821
16	1	3	113	98	107
16	8	3	114	180	258
16	5	4	115	258	285
16	4	6	116	345	368
16	4	6	117	368	384
16	8	8	118	425	494
16	7	0	119	634	667
16	2	1	120	764	797
17	9	0	121	86	116
17	5	2	122	147	165
17	3	5	123	197	281
17	2	2	124	389	404
17	7	0	125	565	597
17	2	1	126	743	764
17	9	6	127	810	875
18	9	5	128	509	592
18	5	2	129	675	683
18	3	8	130	695	712
18	1	1	131	712	743
18	4	1	132	807	872
19	8	8	133	16	25
19	0	3	134	28	98
19	1	4	135	113	126
19	3	2	136	188	197
19	9	0	137	218	260
19	0	6	138	278	320
19	8	8	139	341	425
19	4	3	140	478	496
19	0	3	141	586	595
19	5	2	142	657	675
20	0	7	143	166	251
20	5	4	144	285	356
20	4	6	145	384	453
20	2	0	146	532	550
20	1	7	147	633	663
20	5	2	148	683	751
21	1	7	149	0	90
21	7	7	150	90	164
21	9	0	151	191	218
21	4	3	152	261	291
21	8	5	153	659	730
22	0	3	154	0	28
22	0	6	155	98	166
22	2	2	156	210	256
22	6	3	157	301	384
22	1	3	158	388	401
23	4	5	159	0	12
23	3	9	160	12	93
23	9	8	161	116	191
23	9	5	162	281	350
23	0	0	163	389	452
23	5	6	164	486	515
23	5	6	165	515	531
23	1	5	166	743	791
23	5	8	167	791	873
24	6	4	168	195	211
24	4	7	169	301	319
24	5	4	170	356	398
24	9	5	171	439	509
24	1	4	172	543	624
24	4	1	173	635	702


Solution History:
