This is the output of Heuristic Solver for Dual resource constrained flexible job shop Scheduling Problem.
Input file is: wfjsp6_10.txt
Method: TS_25000_15_10
Seed: 1
Number of Jobs: 12
Number of Operations: 62
Number of Machines: 5
Number of Operators: 5
CPU Time: 169.309
obj: 707
Best found lower bound:0
Solver gap (best found lower bound and upper bound difference): Not known


Final Solution:
Job	Machine	Operator	Operation	Start Time	Finish Time
0	2	2	0	95	175
0	0	2	1	175	257
0	4	3	2	257	324
0	3	0	3	330	419
0	0	4	4	464	523
0	1	0	5	535	566
0	2	4	6	571	606
0	4	3	7	646	703
1	0	4	8	0	93
1	4	3	9	112	140
2	3	0	10	286	330
2	1	0	11	501	535
3	2	2	12	0	95
3	1	1	13	138	222
3	3	0	14	224	286
3	2	2	15	328	410
3	3	0	16	419	501
4	3	0	17	53	66
4	1	3	18	81	90
4	3	0	19	158	209
4	0	2	20	257	328
4	4	3	21	328	413
4	1	1	22	421	478
4	2	2	23	498	571
4	1	0	24	571	614
4	2	4	25	683	706
5	1	1	26	90	138
5	4	3	27	233	251
5	1	1	28	301	389
5	1	1	29	389	421
5	2	2	30	421	498
5	3	1	31	510	597
5	3	1	32	597	665
5	3	1	33	665	707
6	3	0	34	0	53
6	4	3	35	140	219
6	4	3	36	219	233
7	4	3	37	0	24
7	4	3	38	90	112
8	4	3	39	24	81
8	0	4	40	523	559
8	1	0	41	614	706
9	1	1	42	0	70
9	3	0	43	70	158
9	2	4	44	175	192
9	3	0	45	209	224
9	2	4	46	224	299
9	0	4	47	397	449
9	0	4	48	449	464
9	4	3	49	464	553
9	0	2	50	571	658
10	2	4	51	192	221
10	2	4	52	606	683
11	1	1	53	70	79
11	0	4	54	93	175
11	1	1	55	222	301
11	2	4	56	301	322
11	0	4	57	328	397
11	4	3	58	413	451
11	3	1	59	501	510
11	4	3	60	553	646
11	0	2	61	658	705


Solution History:
