This is the output of Heuristic Solver for Dual resource constrained flexible job shop Scheduling Problem.
Input file is: wfjsp16_5.txt
Method: TS_25000_15_10
Seed: 1
Number of Jobs: 40
Number of Operations: 278
Number of Machines: 15
Number of Operators: 15
CPU Time: 900.026
obj: 916
Best found lower bound:0
Solver gap (best found lower bound and upper bound difference): Not known


Final Solution:
Job	Machine	Operator	Operation	Start Time	Finish Time
0	6	3	0	16	30
0	6	3	1	48	88
0	9	13	2	152	231
0	10	12	3	456	516
0	12	2	4	597	663
0	1	12	5	709	746
0	6	9	6	838	912
1	2	2	7	126	165
1	9	12	8	584	629
1	7	7	9	748	790
1	12	6	10	815	851
1	12	11	11	851	915
2	11	13	12	109	131
2	3	10	13	207	222
2	12	1	14	464	539
2	2	1	15	539	603
2	3	14	16	764	774
3	14	1	17	141	185
3	8	4	18	185	250
3	11	10	19	437	482
3	5	3	20	516	544
3	13	6	21	624	673
4	8	5	22	156	185
4	11	6	23	309	338
4	0	9	24	502	597
4	6	1	25	631	672
4	2	6	26	851	890
5	8	10	27	81	102
5	11	0	28	151	159
5	5	3	29	229	274
5	3	7	30	362	445
5	10	5	31	516	566
6	4	0	32	0	70
6	2	2	33	441	524
6	5	8	34	584	664
6	14	1	35	742	782
6	7	11	36	831	847
6	8	13	37	863	911
7	10	8	38	371	456
7	4	7	39	584	657
7	4	0	40	657	723
7	2	4	41	815	844
7	5	3	42	844	912
8	3	9	43	12	48
8	3	8	44	80	98
8	14	12	45	215	295
8	4	9	46	332	421
8	7	11	47	473	554
8	6	3	48	554	599
8	10	4	49	666	747
8	11	10	50	767	849
8	0	2	51	867	878
8	3	8	52	878	911
9	9	12	53	0	79
9	14	8	54	98	134
9	0	5	55	185	273
9	0	5	56	273	293
9	13	11	57	297	334
9	14	6	58	361	452
9	2	2	59	524	537
9	5	14	60	544	569
9	12	2	61	663	733
10	1	1	62	0	16
10	5	14	63	60	104
10	13	7	64	107	148
10	4	10	65	223	307
10	6	12	66	379	452
10	1	8	67	461	503
10	0	9	68	639	684
10	2	6	69	890	908
11	13	11	70	0	79
11	5	12	71	104	181
11	7	8	72	220	267
11	1	3	73	293	328
11	4	11	74	421	437
11	8	4	75	487	571
11	8	0	76	571	602
11	8	0	77	602	645
11	2	9	78	744	813
11	1	1	79	831	916
12	10	8	80	42	67
12	2	2	81	165	237
12	12	0	82	297	346
12	9	4	83	449	459
12	8	4	84	462	487
12	5	8	85	664	674
12	12	2	86	733	742
12	6	3	87	755	838
13	7	5	88	10	96
13	3	14	89	107	163
13	14	6	90	185	215
13	9	14	91	300	385
13	3	9	92	455	500
13	5	3	93	508	516
13	12	2	94	539	582
13	10	4	95	586	666
13	9	0	96	723	764
13	13	0	97	764	814
14	11	13	98	87	109
14	6	1	99	190	227
14	9	6	100	231	300
14	4	5	101	501	513
14	4	12	102	516	580
14	7	8	103	674	748
14	3	14	104	774	837
14	13	0	105	851	899
15	2	2	106	0	86
15	4	9	107	104	186
15	11	10	108	340	372
15	14	13	109	462	558
15	0	9	110	597	639
15	3	14	111	647	679
15	13	0	112	814	851
16	11	13	113	0	9
16	10	11	114	79	152
16	14	10	115	307	340
16	5	3	116	461	484
16	11	6	117	673	687
16	2	13	118	687	744
16	0	13	119	744	780
16	5	8	120	807	844
17	8	5	121	128	156
17	1	3	122	274	293
17	13	11	123	334	411
17	3	8	124	523	538
17	9	7	125	550	584
17	11	12	126	746	767
17	4	12	127	846	905
18	6	8	128	274	361
18	2	2	129	371	379
18	3	8	130	503	523
18	7	11	131	554	588
18	14	13	132	629	686
19	3	7	133	98	107
19	11	14	134	163	224
19	2	7	135	243	257
19	8	13	136	369	379
19	1	3	137	414	461
19	9	0	138	464	501
19	1	5	139	571	661
19	13	7	140	722	740
19	8	5	141	743	751
19	14	7	142	822	839
20	12	4	143	0	85
20	1	8	144	141	208
20	13	14	145	233	292
20	7	5	146	293	312
20	4	11	147	437	463
20	1	0	148	503	571
21	11	13	149	9	87
21	0	6	150	102	185
21	11	10	151	482	507
21	14	1	152	782	816
21	9	4	153	846	912
22	3	9	154	48	80
22	12	11	155	235	297
22	3	8	156	538	584
22	6	3	157	672	755
22	0	13	158	780	795
23	14	6	159	0	12
23	14	7	160	12	97
23	10	7	161	168	243
23	10	2	162	243	310
23	11	10	163	372	437
23	0	6	164	471	502
23	10	4	165	571	586
23	0	9	166	684	738
23	9	12	167	767	846
24	6	3	168	0	16
24	6	3	169	30	48
24	3	7	170	257	291
24	2	13	171	309	369
24	10	5	172	751	838
24	11	14	173	849	910
25	8	4	174	293	359
25	9	4	175	385	449
25	13	7	176	449	531
25	4	6	177	742	805
25	4	9	178	813	832
25	7	7	179	894	914
26	5	14	180	0	60
26	2	2	181	86	126
26	10	4	182	152	168
26	4	9	183	186	223
26	8	4	184	250	293
26	0	12	185	295	379
26	7	5	186	393	473
26	5	2	187	742	807
26	14	10	188	849	898
27	0	6	189	12	58
27	3	7	190	291	362
27	6	1	191	603	631
27	1	5	192	661	709
27	12	4	193	747	770
27	0	2	194	807	824
27	0	2	195	878	914
28	7	8	196	208	220
28	6	1	197	227	274
28	10	2	198	328	371
28	12	0	199	396	464
28	8	13	200	801	863
29	11	13	201	131	150
29	13	0	202	159	233
29	12	0	203	346	396
29	2	2	204	396	441
29	11	10	205	507	594
29	3	10	206	679	764
29	12	4	207	770	815
29	0	2	208	824	867
29	14	10	209	898	915
30	10	8	210	0	42
30	0	6	211	58	67
30	0	6	212	67	102
30	7	10	213	183	199
30	13	14	214	411	447
30	7	11	215	588	665
31	3	7	216	0	12
31	1	1	217	102	141
31	3	12	218	181	207
31	3	9	219	223	243
31	8	11	220	665	743
32	7	5	221	0	10
32	8	5	222	102	128
32	7	0	223	272	284
32	14	6	224	340	351
32	0	9	225	421	437
32	8	8	226	751	801
33	8	10	227	0	81
33	9	4	228	85	152
33	4	9	229	307	332
33	5	1	230	344	358
33	0	9	231	437	455
33	0	6	232	455	471
33	4	5	233	473	501
33	13	6	234	531	600
33	11	3	235	600	664
33	5	1	236	674	742
34	7	10	237	102	183
34	5	3	238	190	206
34	5	3	239	206	229
34	1	0	240	233	272
34	5	1	241	274	344
34	1	3	242	351	414
34	6	14	243	452	537
34	11	14	244	687	741
34	13	14	245	741	760
35	9	6	246	502	530
35	9	7	247	531	550
35	3	14	248	584	647
35	14	6	249	726	742
35	7	7	250	790	822
36	1	1	251	16	102
36	14	6	252	351	361
36	0	2	253	379	389
36	12	2	254	582	597
36	13	6	255	600	624
36	13	7	256	673	722
36	3	8	257	844	872
37	12	0	258	85	114
37	12	0	259	114	151
37	12	11	260	152	235
37	2	9	261	257	306
37	7	5	262	312	393
37	2	10	263	603	677
37	14	6	264	687	726
37	1	11	265	746	831
38	4	12	266	79	104
38	6	3	267	104	190
38	5	1	268	358	449
38	5	3	269	484	508
38	14	13	270	558	629
38	9	12	271	629	699
38	10	5	272	838	909
39	11	13	273	231	309
39	10	2	274	310	328
39	1	3	275	328	351
39	8	13	276	379	462
39	7	7	277	847	894


Solution History:
