This is the output of Heuristic Solver for Dual resource constrained flexible job shop Scheduling Problem.
Input file is: wfjsp13_10.txt
Method: TS_25000_15_10
Seed: 1
Number of Jobs: 25
Number of Operations: 248
Number of Machines: 15
Number of Operators: 15
CPU Time: 900.019
obj: 947
Best found lower bound:0
Solver gap (best found lower bound and upper bound difference): Not known


Final Solution:
Job	Machine	Operator	Operation	Start Time	Finish Time
0	12	3	0	94	166
0	3	8	1	206	282
0	3	6	2	312	379
0	3	6	3	379	463
0	5	9	4	471	521
0	8	11	5	545	574
0	13	11	6	584	617
0	3	5	7	706	754
0	6	6	8	767	858
0	8	1	9	858	886
1	2	14	10	95	134
1	11	5	11	189	223
1	6	10	12	306	385
1	2	8	13	421	502
1	9	13	14	523	594
1	10	1	15	605	693
1	3	8	16	848	932
1	10	10	17	937	947
2	1	5	18	0	8
2	4	10	19	33	84
2	7	3	20	176	243
2	4	11	21	318	395
2	9	7	22	449	500
2	12	7	23	523	591
2	1	2	24	604	651
2	0	10	25	694	717
2	7	14	26	721	769
2	7	3	27	769	789
2	0	10	28	789	875
2	12	7	29	917	947
3	0	9	30	45	118
3	2	14	31	134	206
3	14	14	32	234	307
3	11	12	33	340	374
3	13	4	34	414	470
3	4	10	35	519	589
3	4	2	36	590	604
3	1	3	37	654	675
3	2	0	38	706	728
3	12	7	39	795	844
3	0	10	40	907	937
4	1	14	41	8	95
4	0	9	42	118	184
4	7	3	43	243	331
4	0	4	44	486	502
4	11	1	45	591	605
4	12	7	46	605	673
4	12	7	47	673	719
4	8	5	48	760	775
5	10	10	49	84	174
5	5	7	50	222	313
5	10	7	51	397	423
5	1	5	52	427	496
5	11	14	53	534	543
5	8	10	54	589	660
5	6	13	55	689	767
5	9	11	56	767	788
5	9	11	57	788	852
5	0	10	58	875	907
5	3	8	59	932	940
6	14	0	60	93	184
6	5	14	61	313	355
6	14	14	62	378	462
6	1	5	63	496	564
6	2	5	64	570	661
6	12	7	65	719	795
6	7	3	66	795	844
6	13	12	67	865	908
6	13	12	68	908	926
7	9	1	69	0	26
7	5	6	70	45	67
7	9	1	71	67	91
7	11	5	72	93	143
7	5	7	73	145	199
7	5	7	74	199	222
7	10	10	75	241	306
7	3	6	76	526	573
7	10	1	77	728	771
7	8	1	78	886	924
8	8	11	79	0	84
8	3	8	80	89	124
8	3	8	81	124	157
8	10	10	82	174	201
8	14	0	83	223	234
8	1	1	84	337	427
8	5	10	85	660	694
8	14	9	86	760	792
8	14	9	87	792	856
8	9	11	88	856	925
8	8	1	89	925	942
9	3	4	90	0	89
9	9	6	91	91	159
9	9	12	92	159	191
9	9	11	93	191	206
9	9	13	94	206	292
9	14	2	95	318	376
9	9	13	96	376	449
9	8	11	97	472	545
9	0	4	98	548	613
9	3	0	99	613	706
9	2	8	100	761	848
9	12	7	101	848	917
10	14	0	102	0	93
10	6	13	103	109	196
10	10	10	104	201	241
10	3	8	105	282	312
10	7	3	106	331	382
10	5	2	107	382	469
10	10	1	108	503	519
10	10	14	109	856	932
11	6	8	110	0	12
11	11	5	111	27	93
11	13	4	112	93	163
11	8	6	113	163	214
11	2	9	114	231	319
11	0	9	115	330	404
11	1	3	116	675	764
11	13	1	117	771	850
11	1	3	118	856	935
12	12	3	119	0	94
12	5	7	120	109	145
12	14	0	121	184	223
12	8	11	122	228	307
12	11	5	123	315	337
12	6	10	124	385	455
12	6	10	125	455	472
12	14	2	126	472	497
12	0	4	127	502	548
12	1	0	128	570	601
12	8	9	129	694	719
13	5	9	130	0	45
13	7	11	131	126	176
13	2	14	132	206	225
13	11	5	133	225	315
13	2	9	134	319	328
13	12	5	135	337	422
13	13	4	136	470	486
13	13	8	137	502	563
13	9	13	138	594	667
13	9	13	139	667	689
13	10	0	140	771	844
13	14	0	141	864	943
14	10	8	142	12	74
14	12	4	143	166	255
14	12	4	144	255	326
14	13	0	145	340	412
14	12	7	146	423	435
14	12	13	147	449	523
14	4	8	148	611	679
14	14	12	149	679	760
14	4	12	150	767	808
14	4	4	151	865	879
14	2	9	152	899	929
15	2	13	153	0	79
15	4	2	154	175	250
15	1	1	155	250	337
15	2	8	156	337	421
15	6	3	157	565	654
15	9	11	158	694	729
15	2	2	159	729	756
15	8	4	160	775	850
15	5	13	161	867	944
16	11	12	162	0	27
16	1	1	163	95	160
16	11	12	164	374	454
16	4	10	165	472	519
16	7	12	166	567	632
16	11	2	167	651	726
16	8	9	168	726	760
16	2	9	169	856	899
17	3	8	170	157	206
17	6	6	171	214	303
17	7	3	172	382	464
17	3	6	173	464	526
17	11	14	174	543	577
17	14	14	175	590	677
17	7	14	176	677	721
17	3	2	177	756	845
17	13	0	178	850	864
17	7	6	179	867	939
18	8	11	180	214	228
18	10	7	181	313	374
18	4	11	182	395	415
18	0	9	183	423	471
18	2	0	184	503	570
18	13	11	185	617	694
18	1	14	186	769	856
18	6	2	187	858	946
19	7	7	188	0	64
19	7	7	189	64	103
19	8	12	190	127	146
19	8	4	191	326	414
19	7	14	192	464	522
19	5	9	193	522	569
19	13	8	194	694	761
19	11	5	195	775	807
19	11	5	196	807	888
20	11	5	197	143	189
20	0	0	198	234	266
20	11	12	199	454	534
20	7	12	200	534	567
20	13	9	201	569	584
20	3	8	202	584	611
20	7	12	203	632	664
20	2	5	204	670	694
20	10	1	205	694	728
20	9	0	206	729	766
20	4	12	207	808	865
21	6	2	208	12	97
21	4	11	209	97	126
21	4	2	210	126	175
21	13	12	211	191	268
21	0	0	212	268	330
21	10	7	213	374	397
21	10	0	214	423	503
21	9	7	215	503	522
21	5	6	216	573	660
21	8	6	217	660	684
21	5	6	218	694	766
22	9	1	219	26	48
22	5	13	220	79	109
22	1	1	221	160	248
22	4	2	222	250	318
22	5	14	223	355	378
22	0	9	224	404	423
22	8	1	225	427	462
22	10	1	226	519	591
22	4	4	227	679	767
22	4	4	228	879	946
23	13	12	229	27	68
23	8	12	230	84	127
23	0	9	231	184	231
23	9	13	232	292	369
23	6	3	233	472	565
23	0	9	234	613	694
23	0	10	235	727	775
23	5	13	236	775	842
23	7	3	237	844	853
23	7	13	238	853	867
23	11	5	239	888	938
24	4	10	240	0	33
24	9	1	241	48	57
24	13	12	242	268	340
24	4	11	243	415	472
24	14	2	244	497	590
24	2	5	245	661	670
24	0	10	246	717	727
24	11	11	247	729	758


Solution History:
