This is the output of Heuristic Solver for Dual resource constrained flexible job shop Scheduling Problem.
Input file is: wfjsp10_9.txt
Method: TS_25000_15_10
Seed: 1
Number of Jobs: 20
Number of Operations: 148
Number of Machines: 10
Number of Operators: 10
CPU Time: 582.852
obj: 811
Best found lower bound:0
Solver gap (best found lower bound and upper bound difference): Not known


Final Solution:
Job	Machine	Operator	Operation	Start Time	Finish Time
0	4	8	0	0	72
0	9	4	1	162	201
0	1	2	2	201	268
0	6	0	3	321	378
0	1	1	4	386	419
1	9	4	5	74	162
1	7	1	6	167	230
1	6	0	7	302	321
1	1	1	8	331	386
1	2	8	9	396	454
1	8	3	10	504	580
1	3	0	11	632	711
1	0	4	12	711	778
2	6	9	13	0	49
2	3	0	14	73	91
2	8	3	15	94	150
2	7	2	16	154	167
2	8	7	17	293	376
2	0	1	18	432	451
2	6	0	19	491	510
2	1	6	20	623	662
3	2	8	21	266	313
3	5	8	22	331	344
3	8	7	23	425	447
3	3	7	24	447	466
3	4	3	25	683	743
3	7	1	26	756	807
4	1	6	27	0	90
4	6	0	28	225	302
4	4	1	29	451	553
4	6	0	30	574	632
4	6	0	31	751	810
5	9	1	32	0	55
5	0	6	33	242	319
5	5	8	34	319	331
5	9	2	35	331	422
5	7	2	36	422	455
5	5	8	37	523	543
5	5	7	38	629	644
5	9	7	39	713	771
6	5	7	40	174	231
6	9	4	41	239	327
6	7	9	42	348	369
6	8	8	43	376	396
6	5	9	44	444	463
6	3	5	45	539	576
6	2	8	46	590	636
6	1	9	47	662	737
6	1	9	48	737	783
6	2	8	49	791	810
7	2	6	50	94	201
7	7	1	51	230	259
7	1	2	52	268	329
7	4	4	53	329	358
7	8	7	54	396	425
7	6	0	55	510	574
7	7	1	56	595	675
7	2	8	57	719	734
7	0	4	58	778	809
8	2	3	59	0	94
8	6	0	60	96	140
8	8	3	61	150	187
8	8	5	62	187	258
8	0	6	63	377	432
8	1	6	64	432	507
8	5	4	65	545	615
8	0	4	66	626	639
9	6	0	67	64	73
9	7	1	68	128	154
9	5	8	69	463	523
9	7	1	70	732	756
9	9	7	71	771	806
10	1	7	72	90	123
10	0	9	73	144	217
10	4	3	74	217	311
10	7	5	75	369	421
10	4	4	76	421	449
10	3	7	77	466	539
10	7	1	78	553	595
10	4	3	79	629	683
10	9	7	80	683	713
10	3	0	81	713	749
11	7	5	82	0	32
11	6	5	83	49	64
11	9	5	84	422	478
11	9	2	85	532	565
11	2	8	86	636	719
12	0	4	87	0	55
12	9	4	88	55	74
12	6	5	89	74	96
12	3	5	90	258	345
12	6	0	91	455	491
12	6	6	92	662	751
13	8	7	93	0	83
13	1	7	94	123	174
13	1	2	95	174	186
13	8	7	96	258	293
13	5	9	97	386	444
13	7	2	98	455	522
13	9	2	99	592	680
14	0	9	100	55	85
14	0	9	101	85	144
14	3	5	102	144	181
14	7	1	103	259	278
14	0	9	104	535	626
14	5	2	105	680	734
14	4	3	106	743	804
15	5	2	107	72	150
15	4	3	108	199	208
15	2	8	109	208	266
15	7	1	110	278	331
15	7	9	111	331	348
15	6	0	112	378	455
15	2	4	113	455	545
16	0	6	114	217	242
16	2	3	115	313	341
16	4	4	116	358	419
16	8	3	117	447	504
16	1	6	118	507	565
16	9	2	119	565	592
16	3	5	120	592	617
16	0	4	121	639	705
16	2	8	122	734	791
17	3	0	123	0	62
17	4	8	124	72	141
17	4	8	125	141	199
17	3	7	126	231	256
17	0	6	127	319	358
17	2	6	128	358	377
17	0	9	129	463	535
17	4	7	130	553	629
17	8	5	131	651	745
17	3	6	132	751	811
18	5	2	133	0	72
18	9	4	134	201	239
18	5	8	135	344	368
18	5	9	136	369	386
18	9	5	137	478	532
18	1	6	138	565	623
18	8	9	139	626	651
18	7	1	140	675	732
18	5	2	141	734	811
19	7	1	142	55	128
19	3	0	143	181	225
19	5	9	144	231	319
19	3	3	145	345	441
19	2	8	146	545	590
19	5	7	147	644	680


Solution History:
