This is the output of Heuristic Solver for Dual resource constrained flexible job shop Scheduling Problem.
Input file is: wfjsp22_1.txt
Method: TS_25000_15_10
Seed: 1
Number of Jobs: 30
Number of Operations: 215
Number of Machines: 15
Number of Operators: 12
CPU Time: 900.018
obj: 888
Best found lower bound:0
Solver gap (best found lower bound and upper bound difference): Not known


Final Solution:
Job	Machine	Operator	Operation	Start Time	Finish Time
0	11	0	0	112	178
0	5	0	1	201	226
0	7	8	2	243	291
0	5	7	3	347	439
0	8	9	4	767	845
1	13	0	5	0	56
1	2	4	6	123	198
1	8	3	7	206	238
1	5	11	8	259	298
1	5	3	9	439	474
1	6	5	10	479	489
1	10	7	11	652	667
1	10	7	12	667	682
1	1	2	13	712	762
2	12	0	14	56	112
2	14	1	15	267	314
2	1	11	16	319	340
2	10	8	17	350	362
2	9	5	18	421	479
2	8	4	19	682	727
2	12	10	20	798	877
3	4	5	21	87	178
3	10	8	22	201	243
3	12	7	23	259	333
3	12	7	24	333	347
3	11	3	25	566	599
3	0	9	26	659	682
4	10	0	27	178	201
4	14	1	28	218	267
4	13	4	29	347	424
4	4	11	30	438	477
4	0	7	31	499	554
4	13	5	32	563	644
4	14	3	33	797	842
5	14	11	34	16	29
5	2	4	35	83	123
5	3	1	36	139	165
5	1	8	37	165	198
5	0	4	38	271	347
5	8	11	39	384	438
5	12	8	40	500	535
5	5	10	41	711	798
5	11	4	42	808	835
6	12	7	43	0	55
6	9	5	44	76	87
6	5	2	45	101	115
6	11	7	46	179	251
6	5	7	47	251	259
6	1	6	48	507	516
6	8	6	49	516	552
6	10	6	50	553	628
7	1	8	51	16	31
7	1	8	52	31	86
7	13	7	53	439	499
7	1	8	54	561	601
7	12	7	55	682	720
8	3	11	56	29	119
8	14	3	57	164	206
8	14	1	58	458	564
8	8	4	59	572	627
8	3	10	60	687	711
8	7	0	61	826	881
9	14	9	62	67	85
9	14	3	63	87	133
9	4	2	64	270	365
9	14	1	65	420	458
9	1	8	66	535	553
9	3	11	67	558	608
9	8	11	68	627	682
9	3	0	69	711	770
9	13	6	70	831	868
10	11	6	71	69	93
10	3	5	72	178	221
10	8	11	73	340	384
10	11	0	74	408	453
10	7	2	75	553	610
10	13	3	76	644	720
10	0	2	77	808	887
11	2	4	78	198	271
11	3	8	79	362	448
11	10	2	80	474	553
11	11	3	81	599	638
11	4	11	82	736	753
11	5	11	83	808	826
11	5	11	84	826	835
12	8	4	85	0	83
12	6	6	86	93	130
12	13	3	87	134	164
12	4	10	88	477	496
12	9	5	89	496	525
12	9	1	90	564	622
12	9	6	91	628	642
12	4	1	92	775	821
13	8	6	93	130	199
13	9	5	94	244	266
13	3	5	95	268	288
13	2	3	96	347	402
13	10	2	97	445	455
13	3	0	98	474	558
13	9	5	99	644	714
13	11	11	100	753	808
13	4	11	101	835	882
14	4	10	102	0	84
14	7	10	103	84	164
14	13	5	104	525	563
14	1	0	105	613	668
14	4	1	106	681	702
14	7	4	107	767	807
14	9	6	108	874	886
15	12	11	109	119	203
15	12	11	110	203	259
15	11	10	111	267	348
15	12	3	112	402	428
15	3	2	113	455	474
15	5	3	114	474	547
15	5	3	115	547	566
15	2	8	116	601	683
15	0	7	117	720	807
16	6	3	118	0	12
16	2	2	119	38	61
16	9	8	120	145	164
16	6	6	121	199	282
16	3	5	122	288	342
16	6	5	123	342	421
16	1	6	124	451	507
16	6	9	125	579	619
16	8	4	126	727	767
16	10	4	127	835	862
17	10	6	128	38	69
17	1	9	129	203	293
17	1	11	130	298	319
17	7	10	131	502	526
17	2	8	132	771	811
18	14	11	133	0	16
18	0	9	134	85	126
18	10	0	135	268	350
18	11	0	136	350	408
18	7	9	137	420	457
18	2	4	138	485	572
18	0	7	139	616	652
18	10	6	140	682	758
18	13	6	141	758	831
18	5	9	142	845	888
19	6	3	143	12	87
19	4	2	144	191	270
19	14	1	145	314	367
19	12	8	146	448	484
19	7	4	147	627	682
19	12	3	148	720	797
19	1	8	149	811	883
20	10	2	150	0	38
20	9	1	151	87	139
20	6	6	152	282	342
20	2	4	153	424	485
20	14	11	154	683	736
21	5	9	155	0	40
21	5	2	156	61	101
21	5	2	157	115	191
21	8	8	158	294	339
21	9	1	159	821	874
22	7	1	160	0	83
22	0	9	161	126	203
22	0	2	162	687	712
22	4	5	163	714	733
22	6	5	164	733	778
23	1	8	165	0	16
23	8	8	166	484	500
23	0	0	167	558	613
23	11	6	168	642	679
23	5	0	169	686	710
23	2	7	170	811	888
24	9	5	171	0	76
24	1	8	172	86	104
24	6	7	173	134	179
24	13	10	174	179	267
24	9	6	175	342	420
24	6	6	176	421	451
24	12	7	177	554	588
24	6	9	178	619	659
25	11	6	179	0	38
25	10	2	180	365	445
25	7	9	181	457	502
25	6	9	182	502	579
25	14	10	183	579	607
25	14	10	184	607	683
25	2	8	185	683	771
25	3	2	186	771	808
25	8	4	187	862	882
26	9	1	188	165	218
26	3	0	189	226	268
26	7	9	190	293	380
26	14	9	191	380	420
26	6	10	192	451	471
26	4	10	193	526	571
26	4	1	194	622	681
27	1	10	195	348	434
27	1	8	196	553	561
27	3	2	197	610	687
27	9	1	198	714	775
27	10	0	199	775	826
27	14	3	200	842	884
28	13	7	201	56	134
28	8	3	202	238	294
28	4	1	203	367	419
28	4	7	204	588	616
28	7	9	205	682	764
29	0	9	206	40	67
29	1	8	207	104	145
29	9	5	208	221	244
29	2	3	209	294	347
29	0	0	210	453	473
29	11	11	211	477	555
29	5	0	212	668	686
29	6	5	213	778	859
29	3	5	214	859	879


Solution History:
