This is the output of Heuristic Solver for Dual resource constrained flexible job shop Scheduling Problem.
Input file is: wfjsp12_9.txt
Method: TS_25000_15_10
Seed: 1
Number of Jobs: 25
Number of Operations: 188
Number of Machines: 10
Number of Operators: 10
CPU Time: 900.011
obj: 996
Best found lower bound:0
Solver gap (best found lower bound and upper bound difference): Not known


Final Solution:
Job	Machine	Operator	Operation	Start Time	Finish Time
0	4	6	0	0	88
0	1	4	1	277	316
0	1	1	2	372	448
0	7	6	3	562	619
0	9	3	4	770	799
1	6	1	5	0	78
1	2	3	6	78	138
1	7	9	7	262	282
1	6	1	8	311	368
1	3	4	9	387	446
1	8	7	10	455	547
1	8	0	11	603	681
1	0	8	12	689	761
2	9	7	13	0	52
2	1	9	14	83	104
2	3	4	15	446	500
2	9	9	16	516	534
2	2	7	17	618	701
2	6	1	18	714	736
2	4	2	19	741	763
2	6	3	20	864	896
3	9	9	21	223	262
3	9	8	22	291	304
3	5	9	23	534	556
3	5	4	24	677	702
3	5	4	25	771	831
3	2	6	26	941	992
4	8	0	27	166	243
4	2	0	28	243	346
4	8	7	29	373	455
4	8	7	30	547	603
4	6	9	31	610	672
5	2	0	32	0	55
5	0	8	33	56	127
5	7	3	34	249	260
5	6	1	35	736	811
5	3	4	36	833	864
5	0	4	37	864	886
5	0	4	38	886	899
5	5	8	39	922	980
6	7	3	40	0	66
6	3	2	41	133	229
6	4	2	42	248	272
6	9	8	43	272	291
6	0	8	44	304	323
6	4	9	45	364	401
6	4	2	46	547	597
6	7	5	47	633	696
6	4	6	48	696	741
6	3	7	49	864	883
7	7	4	50	125	209
7	1	4	51	249	277
7	9	5	52	308	368
7	5	2	53	393	422
7	2	0	54	454	480
7	2	0	55	522	586
7	0	8	56	613	689
7	6	5	57	811	826
7	4	5	58	826	858
8	8	5	59	0	86
8	4	5	60	149	193
8	4	5	61	193	234
8	0	8	62	410	486
8	0	1	63	557	613
8	9	1	64	633	691
8	3	8	65	770	833
8	5	8	66	980	992
9	2	0	67	55	64
9	4	2	68	272	302
9	2	0	69	346	407
9	9	9	70	491	516
9	6	1	71	826	859
10	9	7	72	111	140
10	9	7	73	140	201
10	7	6	74	364	447
10	0	1	75	506	557
10	5	9	76	557	587
10	1	2	77	597	665
10	8	0	78	681	723
10	2	6	79	815	869
10	1	8	80	892	922
10	4	5	81	945	986
11	2	3	82	138	168
11	0	8	83	197	213
11	4	2	84	763	821
11	5	2	85	831	864
11	7	2	86	864	937
12	1	6	87	118	171
12	9	9	88	201	223
12	3	8	89	236	255
12	7	9	90	282	364
12	2	0	91	480	522
12	3	3	92	593	682
13	1	9	93	0	83
13	7	4	94	209	249
13	6	4	95	372	386
13	9	5	96	396	433
13	6	3	97	515	576
13	4	6	98	619	691
13	0	4	99	899	994
14	7	6	100	88	118
14	6	7	101	201	259
14	6	3	102	260	294
14	1	4	103	564	586
14	2	5	104	701	794
14	8	0	105	811	865
14	5	1	106	865	921
15	5	4	107	32	125
15	1	6	108	171	183
15	1	6	109	183	242
15	4	5	110	491	547
15	6	3	111	576	592
15	1	6	112	741	815
15	4	5	113	858	945
16	0	8	114	0	22
16	3	1	115	255	287
16	8	7	116	304	373
16	1	1	117	448	506
16	1	4	118	506	564
16	2	4	119	586	618
16	6	9	120	672	700
16	3	3	121	711	770
16	8	0	122	929	986
17	4	5	123	88	149
17	2	3	124	168	232
17	4	6	125	302	361
17	9	5	126	368	396
17	2	0	127	407	454
17	0	8	128	486	504
17	9	5	129	547	633
17	5	4	130	702	771
17	0	7	131	771	862
17	3	7	132	883	942
18	3	2	133	0	62
18	6	1	134	78	111
18	0	8	135	213	236
18	6	1	136	294	311
18	1	4	137	316	372
18	9	5	138	433	490
18	9	1	139	691	714
18	9	9	140	838	894
18	6	9	141	896	988
19	0	8	142	127	197
19	5	1	143	197	234
19	5	5	144	234	308
19	7	6	145	447	537
19	9	7	146	714	767
19	9	9	147	799	838
20	0	8	148	22	56
20	3	2	149	62	133
20	6	3	150	387	449
20	6	3	151	449	515
20	7	6	152	537	562
20	4	9	153	597	610
20	5	4	154	618	677
20	3	3	155	682	711
20	7	9	156	711	798
20	1	1	157	973	993
21	5	4	158	0	32
21	7	3	159	66	76
21	8	0	160	86	166
21	0	6	161	242	301
21	3	3	162	331	387
21	5	2	163	510	522
21	7	3	164	799	864
21	2	6	165	869	941
21	3	7	166	942	994
22	6	9	167	111	198
22	5	2	168	308	393
22	4	9	169	401	491
22	1	2	170	665	736
22	8	0	171	736	811
22	1	1	172	922	973
23	5	1	173	125	184
23	3	3	174	294	331
23	1	8	175	833	892
23	9	3	176	896	925
23	7	2	177	937	995
24	9	7	178	52	111
24	4	2	179	234	248
24	8	7	180	259	304
24	0	8	181	323	393
24	0	8	182	393	410
24	5	2	183	422	510
24	3	8	184	510	593
24	1	1	185	815	824
24	8	0	186	865	929
24	9	3	187	929	996


Solution History:
