This is the output of Heuristic Solver for Dual resource constrained flexible job shop Scheduling Problem.
Input file is: wfjsp6_2.txt
Method: TS_25000_15_10
Seed: 1
Number of Jobs: 12
Number of Operations: 76
Number of Machines: 5
Number of Operators: 5
CPU Time: 274.242
obj: 786
Best found lower bound:0
Solver gap (best found lower bound and upper bound difference): Not known


Final Solution:
Job	Machine	Operator	Operation	Start Time	Finish Time
0	4	1	0	0	80
0	2	0	1	212	280
0	3	0	2	344	363
0	0	2	3	440	475
0	0	2	4	475	490
0	4	1	5	490	518
0	0	4	6	613	677
0	1	0	7	694	703
1	4	1	8	80	157
1	3	3	9	180	220
1	3	3	10	220	270
1	0	2	11	425	440
1	1	4	12	475	540
1	1	4	13	540	613
2	1	0	14	0	68
2	3	3	15	108	180
2	3	0	16	299	332
2	1	4	17	336	383
3	0	2	18	112	129
3	4	1	19	157	210
3	2	0	20	369	448
3	4	1	21	531	612
3	2	2	22	626	691
3	0	4	23	714	778
4	0	4	24	0	65
4	1	4	25	138	156
4	3	0	26	332	344
4	4	1	27	344	431
4	3	3	28	492	518
4	3	3	29	518	598
4	3	3	30	697	786
5	3	3	31	0	18
5	0	2	32	129	197
5	0	3	33	272	351
5	0	2	34	369	425
5	1	4	35	450	475
5	4	1	36	665	717
6	2	2	37	76	112
6	1	4	38	206	271
6	2	2	39	280	369
6	1	4	40	383	407
6	3	3	41	421	436
6	0	2	42	586	612
7	4	1	43	210	228
7	4	1	44	228	268
7	4	1	45	268	344
7	1	4	46	407	450
7	2	0	47	450	548
7	3	3	48	598	697
7	4	1	49	717	786
8	0	2	50	490	519
8	0	2	51	519	586
8	0	4	52	677	714
9	2	2	53	51	76
9	0	4	54	76	112
9	1	4	55	156	206
9	0	2	56	253	272
9	1	4	57	272	336
9	3	3	58	436	492
9	4	1	59	518	531
9	2	0	60	548	578
9	4	1	61	612	665
9	1	0	62	703	785
10	2	2	63	0	51
10	1	0	64	68	138
10	0	2	65	197	253
10	3	0	66	280	299
11	3	3	67	18	108
11	2	4	68	112	127
11	2	0	69	138	212
11	0	3	70	351	365
11	3	3	71	365	421
11	4	1	72	431	486
11	2	0	73	578	626
11	1	0	74	626	694
11	2	2	75	694	779


Solution History:
