This is the output of Heuristic Solver for Dual resource constrained flexible job shop Scheduling Problem.
Input file is: wfjsp8_4.txt
Method: TS_25000_15_10
Seed: 1
Number of Jobs: 15
Number of Operations: 122
Number of Machines: 5
Number of Operators: 5
CPU Time: 628.69
obj: 1218
Best found lower bound:0
Solver gap (best found lower bound and upper bound difference): Not known


Final Solution:
Job	Machine	Operator	Operation	Start Time	Finish Time
0	2	4	0	91	178
0	4	0	1	210	271
0	2	3	2	452	520
0	4	2	3	572	636
0	2	4	4	683	773
0	2	4	5	773	804
0	4	2	6	818	857
0	0	1	7	880	892
0	4	2	8	1144	1190
1	0	2	9	0	25
1	1	3	10	118	132
1	1	3	11	132	168
1	4	2	12	333	402
1	3	0	13	422	447
1	4	2	14	451	525
1	3	0	15	724	798
1	3	0	16	798	859
1	4	2	17	859	908
2	0	2	18	25	58
2	0	2	19	58	74
2	1	3	20	260	309
2	0	1	21	453	529
2	0	1	22	529	538
2	3	0	23	1046	1111
2	0	1	24	1145	1218
3	3	0	25	0	11
3	4	0	26	91	161
3	3	1	27	205	278
3	3	2	28	909	990
3	4	2	29	993	1044
3	0	2	30	1044	1144
4	0	4	31	279	345
4	3	0	32	353	422
4	1	4	33	452	499
4	3	0	34	546	562
4	1	3	35	626	693
4	4	4	36	1044	1072
4	2	1	37	1120	1145
5	3	0	38	11	75
5	2	4	39	559	607
5	0	4	40	894	950
5	0	4	41	950	985
5	3	0	42	993	1046
5	2	1	43	1049	1120
6	2	1	44	0	74
6	0	2	45	74	139
6	3	0	46	322	353
6	3	0	47	447	473
6	1	3	48	762	827
6	2	1	49	894	923
6	2	1	50	923	976
6	2	4	51	1145	1176
7	1	3	52	168	260
7	3	0	53	278	322
7	2	1	54	342	355
7	2	1	55	355	386
7	3	0	56	473	546
7	3	0	57	686	698
7	4	2	58	706	778
7	4	2	59	778	818
7	0	4	60	985	1044
8	1	3	61	0	44
8	3	1	62	75	107
8	0	2	63	139	151
8	2	4	64	178	205
8	1	3	65	309	353
8	2	4	66	389	448
8	0	1	67	833	880
8	1	4	68	1176	1211
9	4	2	69	276	333
9	1	3	70	353	417
9	1	3	71	417	452
9	4	2	72	525	572
9	2	4	73	607	683
9	1	3	74	827	870
9	3	0	75	899	909
9	1	3	76	1038	1109
9	1	3	77	1119	1170
10	3	1	78	107	131
10	2	4	79	205	279
10	2	1	80	279	342
10	3	0	81	562	622
10	2	4	82	804	860
10	3	0	83	871	899
10	4	0	84	909	993
10	3	0	85	1111	1135
10	3	0	86	1185	1216
11	0	4	87	345	389
11	0	1	88	389	453
11	1	4	89	499	542
11	3	0	90	698	724
11	1	3	91	732	762
11	0	1	92	765	833
11	1	3	93	981	1038
11	2	3	94	1176	1214
12	4	0	95	161	210
12	0	1	96	538	604
12	3	0	97	622	686
12	1	3	98	693	732
12	3	0	99	859	871
12	1	3	100	937	981
12	4	4	101	1072	1103
12	4	4	102	1103	1135
12	3	0	103	1135	1185
12	4	2	104	1190	1208
13	1	3	105	44	118
13	3	1	106	131	205
13	4	2	107	402	451
13	2	3	108	520	559
13	1	3	109	559	626
13	4	2	110	636	706
13	0	1	111	714	765
13	1	3	112	870	937
13	2	1	113	976	1049
13	1	3	114	1109	1119
14	4	4	115	0	91
14	0	2	116	151	203
14	0	2	117	203	276
14	0	1	118	604	632
14	0	1	119	632	683
14	0	1	120	683	714
14	2	4	121	860	894


Solution History:
