This is the output of Heuristic Solver for Dual resource constrained flexible job shop Scheduling Problem.
Input file is: wfjsp17_1.txt
Method: TS_25000_15_10
Seed: 1
Number of Jobs: 15
Number of Operations: 136
Number of Machines: 5
Number of Operators: 4
CPU Time: 680.255
obj: 1603
Best found lower bound:0
Solver gap (best found lower bound and upper bound difference): Not known


Final Solution:
Job	Machine	Operator	Operation	Start Time	Finish Time
0	3	3	0	301	372
0	0	3	1	457	480
0	1	3	2	702	748
0	0	1	3	811	902
0	4	2	4	960	1037
0	4	0	5	1169	1230
0	3	3	6	1268	1340
0	4	0	7	1474	1501
1	4	1	8	0	41
1	3	3	9	246	281
1	3	3	10	281	289
1	1	3	11	410	426
1	1	1	12	579	595
1	1	2	13	1050	1093
1	0	1	14	1093	1148
1	4	0	15	1379	1427
1	1	1	16	1487	1508
2	1	2	17	0	9
2	2	0	18	21	81
2	4	2	19	430	480
2	1	2	20	480	579
2	0	1	21	902	992
2	0	1	22	992	1038
2	4	0	23	1091	1169
2	0	3	24	1493	1507
2	3	3	25	1523	1554
2	4	0	26	1581	1603
3	2	0	27	0	21
3	1	1	28	83	132
3	2	0	29	148	229
3	2	0	30	402	444
3	0	3	31	571	627
3	2	0	32	764	857
3	1	3	33	899	946
3	4	2	34	1037	1050
3	2	3	35	1554	1600
4	4	0	36	81	107
4	3	3	37	213	246
4	2	0	38	266	332
4	3	1	39	476	535
4	4	2	40	604	637
4	2	0	41	857	951
4	3	3	42	968	993
4	2	0	43	996	1049
4	4	0	44	1370	1379
4	1	1	45	1379	1393
5	3	3	46	121	197
5	0	3	47	197	205
5	0	3	48	205	213
5	4	2	49	304	346
5	4	2	50	346	430
5	1	3	51	441	456
5	0	3	52	515	571
5	0	2	53	637	690
5	4	0	54	1328	1370
6	0	2	55	114	157
6	1	1	56	276	366
6	4	1	57	535	573
6	2	0	58	669	764
6	0	1	59	1197	1251
6	0	3	60	1340	1363
6	1	1	61	1414	1469
6	1	1	62	1469	1487
7	1	2	63	233	271
7	0	1	64	366	457
7	0	3	65	480	515
7	4	2	66	690	707
7	1	2	67	779	825
7	1	1	68	1306	1356
7	0	3	69	1363	1428
7	2	0	70	1428	1474
8	0	2	71	9	35
8	4	1	72	41	79
8	3	3	73	748	786
8	3	3	74	786	823
8	2	0	75	951	996
8	1	2	76	1093	1175
8	4	0	77	1249	1328
8	2	2	78	1344	1424
8	1	1	79	1508	1598
9	1	3	80	9	83
9	3	3	81	83	121
9	3	3	82	426	441
9	2	0	83	444	464
9	3	2	84	579	589
9	3	3	85	627	702
9	3	3	86	1180	1222
9	2	3	87	1222	1254
9	3	1	88	1356	1375
10	2	0	89	229	266
10	2	0	90	332	381
10	3	2	91	589	604
10	0	1	92	711	757
10	3	3	93	823	899
10	3	3	94	946	968
10	3	3	95	1017	1038
10	0	1	96	1038	1092
10	2	3	97	1147	1158
10	1	2	98	1175	1264
11	0	2	99	35	114
11	0	1	100	227	276
11	3	3	101	372	410
11	2	0	102	488	574
11	4	2	103	707	779
11	3	3	104	1038	1076
11	0	1	105	1251	1306
11	3	3	106	1428	1447
11	3	2	107	1472	1510
11	3	3	108	1510	1523
12	4	2	109	157	233
12	0	1	110	757	811
12	3	3	111	1076	1147
12	2	3	112	1158	1180
12	4	0	113	1230	1249
12	2	2	114	1264	1344
12	3	1	115	1393	1414
12	0	2	116	1510	1603
13	1	1	117	132	227
13	0	3	118	289	301
13	2	0	119	381	402
13	3	1	120	457	476
13	2	0	121	574	669
13	1	2	122	825	876
13	4	2	123	876	960
13	0	1	124	1148	1197
13	4	2	125	1427	1472
14	4	0	126	107	148
14	4	2	127	271	304
14	2	0	128	464	488
14	1	1	129	595	690
14	0	1	130	690	711
14	1	3	131	993	1017
14	4	0	132	1050	1091
14	3	3	133	1254	1268
14	0	3	134	1447	1493
14	4	0	135	1501	1581


Solution History:
