This is the output of Heuristic Solver for Dual resource constrained flexible job shop Scheduling Problem.
Input file is: wfjsp16_7.txt
Method: TS_25000_15_10
Seed: 1
Number of Jobs: 40
Number of Operations: 313
Number of Machines: 15
Number of Operators: 15
CPU Time: 900.03
obj: 1084
Best found lower bound:0
Solver gap (best found lower bound and upper bound difference): Not known


Final Solution:
Job	Machine	Operator	Operation	Start Time	Finish Time
0	5	14	0	0	90
0	9	4	1	90	101
0	0	1	2	260	301
0	10	2	3	349	438
0	8	7	4	481	503
0	12	11	5	513	549
0	8	0	6	693	727
0	14	8	7	781	822
1	2	10	8	9	17
1	10	2	9	31	65
1	9	7	10	326	405
1	9	13	11	448	514
1	13	8	12	555	640
1	7	9	13	640	691
1	3	0	14	731	769
1	3	0	15	769	787
1	13	6	16	791	863
1	9	13	17	945	1017
2	1	0	18	0	54
2	12	11	19	61	126
2	0	9	20	187	259
2	14	7	21	271	297
2	1	10	22	320	331
2	11	12	23	480	551
2	3	3	24	560	572
2	4	14	25	701	764
2	10	2	26	813	822
2	5	4	27	863	944
3	4	9	28	0	55
3	13	6	29	108	143
3	12	5	30	217	289
3	4	6	31	311	384
3	9	13	32	610	676
4	2	10	33	0	9
4	7	13	34	187	254
4	9	13	35	254	326
4	8	1	36	361	389
4	1	10	37	447	471
4	3	10	38	679	717
4	0	5	39	717	794
4	10	2	40	822	890
4	13	9	41	929	1001
4	7	9	42	1001	1084
5	13	6	43	143	179
5	7	9	44	462	486
5	14	14	45	514	555
5	6	12	46	684	771
5	2	1	47	771	828
5	0	11	48	1020	1082
6	3	3	49	31	88
6	3	6	50	233	254
6	12	11	51	438	470
6	4	14	52	629	701
6	8	8	53	727	758
6	5	8	54	769	781
6	0	8	55	915	957
6	12	4	56	957	1026
6	4	14	57	1032	1081
7	13	6	58	0	36
7	4	9	59	55	81
7	3	9	60	88	111
7	10	2	61	148	181
7	11	5	62	289	342
7	12	5	63	642	701
7	7	9	64	701	776
7	1	3	65	835	883
8	11	1	66	0	89
8	14	7	67	102	177
8	3	0	68	376	434
8	2	0	69	434	491
8	3	10	70	534	551
8	11	5	71	851	908
8	1	1	72	923	982
8	1	3	73	1005	1080
9	9	13	74	405	448
9	5	1	75	538	559
9	6	7	76	559	595
9	13	9	77	863	929
9	8	12	78	1008	1046
10	14	2	79	65	102
10	11	12	80	551	624
10	3	13	81	717	731
10	14	7	82	731	750
10	10	0	83	945	1005
11	10	4	84	0	22
11	1	8	85	148	174
11	8	11	86	217	285
11	12	11	87	289	345
11	7	9	88	378	424
11	5	4	89	432	445
11	4	6	90	472	545
11	7	9	91	614	640
11	6	3	92	905	935
11	3	2	93	1065	1079
12	12	11	94	0	29
12	6	14	95	90	173
12	7	10	96	333	346
12	4	6	97	384	435
12	1	2	98	471	489
12	1	0	99	491	549
12	10	4	100	593	666
12	13	6	101	722	744
12	14	2	102	910	997
12	13	6	103	1001	1043
13	11	10	104	131	164
13	4	6	105	179	232
13	1	6	106	254	310
13	3	2	107	438	469
13	7	9	108	553	614
13	0	6	109	682	707
13	7	10	110	850	879
13	10	2	111	890	903
13	5	12	112	944	970
13	6	8	113	994	1034
14	2	8	114	271	335
14	10	7	115	438	481
14	12	13	116	769	845
14	6	3	117	892	905
14	2	0	118	1021	1081
15	11	10	119	89	131
15	3	13	120	131	160
15	5	8	121	174	267
15	0	1	122	301	342
15	6	14	123	361	452
15	14	2	124	555	637
15	6	7	125	776	858
15	1	1	126	892	923
16	13	4	127	179	219
16	2	7	128	253	271
16	5	7	129	405	431
16	6	4	130	452	489
16	4	6	131	545	561
16	3	6	132	933	980
17	0	5	133	9	92
17	8	0	134	146	155
17	2	0	135	177	218
17	13	3	136	261	330
17	13	3	137	356	418
17	14	1	138	433	501
17	1	10	139	666	679
17	5	13	140	734	769
17	11	1	141	982	1023
18	11	10	142	164	219
18	11	5	143	342	409
18	4	14	144	561	629
18	14	7	145	643	709
18	14	7	146	750	776
18	5	12	147	781	863
18	2	14	148	914	1007
18	8	12	149	1046	1076
19	2	10	150	17	83
19	9	12	151	101	180
19	8	12	152	200	215
19	1	0	153	218	247
19	6	4	154	260	293
19	13	3	155	330	356
19	2	4	156	358	432
19	11	12	157	624	681
19	1	3	158	684	761
19	3	0	159	787	829
20	1	0	160	54	109
20	14	14	161	177	269
20	13	3	162	418	488
20	6	3	163	489	550
20	8	11	164	550	632
20	8	11	165	632	656
20	12	10	166	731	767
20	0	5	167	994	1003
21	6	1	168	200	260
21	10	8	169	481	555
21	2	1	170	665	682
21	6	3	171	935	974
21	0	5	172	1003	1020
22	12	11	173	29	61
22	8	0	174	109	146
22	3	3	175	175	233
22	0	8	176	445	469
22	5	1	177	514	538
22	2	10	178	626	665
22	0	6	179	863	915
22	3	6	180	980	999
23	12	11	181	126	138
23	8	1	182	155	200
23	11	12	183	219	285
23	0	8	184	342	365
23	12	11	185	378	438
23	8	7	186	503	550
23	3	3	187	551	560
23	5	1	188	560	645
23	2	8	189	828	914
23	11	1	190	1023	1084
24	7	9	191	112	187
24	5	4	192	293	326
24	11	5	193	409	479
24	7	2	194	489	547
24	0	6	195	600	640
24	8	11	196	656	693
24	7	9	197	776	850
24	11	5	198	920	967
24	2	0	199	1007	1021
25	13	6	200	36	108
25	1	10	201	346	405
25	3	3	202	572	599
25	4	14	203	764	825
25	12	7	204	858	937
26	3	2	205	0	31
26	4	3	206	88	168
26	8	1	207	832	871
26	11	5	208	908	920
26	5	4	209	1027	1081
27	0	5	210	0	9
27	9	4	211	23	36
27	9	4	212	36	88
27	2	4	213	219	253
27	5	13	214	326	397
27	7	9	215	424	462
27	13	9	216	488	518
27	0	5	217	541	559
27	5	2	218	657	734
27	11	10	219	767	849
28	6	7	220	23	86
28	7	9	221	259	333
28	0	5	222	479	541
28	12	5	223	559	642
28	0	6	224	642	682
28	13	6	225	744	791
28	0	5	226	794	851
28	8	12	227	871	940
28	8	7	228	940	1008
28	6	8	229	1034	1073
29	2	4	230	101	177
29	8	12	231	392	480
29	9	13	232	514	602
29	6	3	233	602	684
29	8	4	234	758	832
29	6	1	235	871	892
30	8	8	236	0	70
30	14	12	237	297	392
30	3	10	238	471	534
30	4	11	239	920	1020
30	4	14	240	1020	1032
30	3	2	241	1032	1065
30	14	10	242	1068	1083
31	9	7	243	0	23
31	10	8	244	70	144
31	12	11	245	144	217
31	10	2	246	272	349
31	4	6	247	435	472
31	10	4	248	555	593
31	3	7	249	599	643
31	3	13	250	845	933
31	12	5	251	1026	1083
32	1	2	252	109	148
32	3	13	253	160	175
32	12	9	254	345	378
32	1	10	255	405	447
32	0	6	256	561	600
32	1	2	257	640	657
32	11	1	258	682	764
32	14	14	259	825	910
32	0	8	260	957	994
33	8	12	261	70	99
33	0	5	262	99	187
33	10	2	263	187	272
33	3	10	264	311	320
33	2	4	265	335	358
33	12	11	266	470	513
33	2	0	267	589	626
33	2	4	268	682	756
33	9	11	269	756	824
34	5	1	270	90	152
34	9	7	271	180	252
34	1	0	272	657	666
34	9	11	273	693	740
34	4	11	274	825	920
34	7	10	275	942	996
34	5	2	276	997	1027
34	13	6	277	1043	1084
35	4	10	278	232	311
35	0	8	279	365	445
35	13	9	280	518	553
35	9	0	281	829	884
35	7	10	282	884	942
35	10	7	283	1008	1070
36	8	14	284	285	361
36	12	7	285	709	729
36	10	2	286	734	813
36	5	12	287	970	996
36	14	10	288	1013	1068
37	3	0	289	254	309
37	1	10	290	551	623
37	1	0	291	626	640
37	13	8	292	640	722
37	1	3	293	761	835
37	9	0	294	884	945
37	3	10	295	999	1013
37	9	13	296	1017	1081
38	7	13	297	0	68
38	1	12	298	180	198
38	6	7	299	297	312
38	3	0	300	320	376
38	2	4	301	491	551
38	2	0	302	551	589
38	14	10	303	717	731
39	14	12	304	0	60
39	7	13	305	68	112
39	3	13	306	112	129
39	13	3	307	233	261
39	7	1	308	346	361
39	14	1	309	392	433
39	5	14	310	452	514
39	9	13	311	602	610
39	1	3	312	982	1005


Solution History:
