This is the output of Heuristic Solver for Dual resource constrained flexible job shop Scheduling Problem.
Input file is: Dauzere_11a.txt
Method: TS_10000_10_5
Seed: 1
Number of Jobs: 15
Number of Operations: 293
Number of Machines: 8
Number of Operators: 6
CPU Time: 261.36
obj: 2879
Best found lower bound:0
Solver gap (best found lower bound and upper bound difference): Not known


Final Solution:
Job	Machine	Operator	Operation	Start Time	Finish Time
0	1	1	0	0	30
0	1	1	1	280	342
0	1	1	2	395	435
0	3	2	3	758	838
0	7	5	4	846	873
0	5	3	5	906	974
0	1	1	6	1043	1083
0	7	4	7	1260	1272
0	1	1	8	1447	1513
0	1	1	9	1588	1678
0	1	1	10	1809	1847
0	4	5	11	1960	2053
0	5	2	12	2235	2300
0	0	0	13	2346	2389
0	7	5	14	2424	2516
1	1	1	15	30	101
1	1	1	16	101	130
1	7	5	17	232	322
1	1	1	18	342	365
1	1	1	19	365	395
1	2	3	20	428	522
1	0	2	21	710	735
1	2	3	22	746	821
1	3	2	23	890	927
1	1	1	24	976	1043
1	4	5	25	1115	1166
1	5	2	26	1190	1246
1	4	5	27	1276	1320
1	0	0	28	1354	1406
1	4	0	29	1476	1551
1	2	3	30	1797	1880
1	2	3	31	1927	2007
1	4	5	32	2053	2137
1	1	1	33	2165	2206
1	4	0	34	2486	2578
2	7	5	35	133	206
2	4	0	36	256	283
2	5	4	37	381	466
2	0	0	38	509	587
2	5	2	39	607	655
2	7	5	40	916	979
2	1	1	41	1348	1403
2	1	1	42	1403	1447
2	7	5	43	1484	1576
2	2	3	44	1656	1694
2	4	5	45	1733	1793
2	5	4	46	1901	1969
2	3	2	47	2010	2076
2	0	0	48	2114	2173
2	3	1	49	2206	2241
2	0	0	50	2251	2284
2	6	4	51	2292	2335
2	2	3	52	2335	2412
2	1	1	53	2450	2529
2	6	4	54	2536	2608
2	1	1	55	2650	2721
2	4	0	56	2750	2791
2	2	3	57	2808	2869
3	2	3	58	162	224
3	3	2	59	444	514
3	0	0	60	603	693
3	4	0	61	693	726
3	6	4	62	836	902
3	4	0	63	950	978
3	0	0	64	1199	1264
3	7	4	65	1286	1321
3	5	3	66	1373	1471
3	1	1	67	1534	1568
3	3	2	68	1582	1664
3	2	3	69	1694	1736
3	3	2	70	1907	1967
3	4	5	71	2137	2231
3	0	0	72	2578	2650
3	2	3	73	2683	2770
3	0	2	74	2797	2843
3	0	2	75	2843	2876
4	1	1	76	435	494
4	2	3	77	522	610
4	6	4	78	613	655
4	2	3	79	664	746
4	2	3	80	821	868
4	6	4	81	948	1040
4	0	0	82	1056	1122
4	1	1	83	1141	1242
4	5	2	84	1246	1287
4	2	3	85	1342	1373
4	2	3	86	1471	1533
4	7	5	87	1576	1665
4	4	5	88	1665	1733
4	5	3	89	1736	1797
4	3	2	90	1810	1907
4	4	5	91	1915	1960
4	1	1	92	2008	2109
4	6	3	93	2140	2206
4	6	4	94	2206	2292
4	7	5	95	2338	2408
4	6	4	96	2814	2837
5	4	0	97	0	33
5	4	0	98	33	68
5	6	4	99	68	95
5	6	4	100	183	287
5	7	5	101	322	414
5	7	5	102	776	846
5	5	3	103	1037	1060
5	3	2	104	1078	1161
5	6	4	105	1217	1260
5	4	0	106	1406	1476
5	0	2	107	1483	1526
5	2	3	108	2230	2327
5	6	4	109	2440	2473
5	6	4	110	2665	2702
5	4	0	111	2791	2878
6	7	5	112	0	72
6	6	4	113	95	183
6	1	1	114	223	280
6	6	3	115	385	428
6	1	1	116	524	582
6	5	4	117	655	720
6	0	0	118	799	857
6	4	0	119	857	950
6	7	5	120	1043	1115
6	0	0	121	1122	1199
6	7	4	122	1272	1286
6	2	3	123	1622	1656
6	7	4	124	2013	2067
6	1	1	125	2109	2165
6	0	0	126	2322	2346
6	5	4	127	2608	2665
6	7	5	128	2782	2870
7	5	4	129	0	51
7	2	3	130	95	162
7	5	2	131	514	549
7	4	5	132	580	632
7	3	2	133	655	710
7	6	4	134	720	760
7	6	4	135	760	836
7	2	3	136	868	906
7	2	3	137	1060	1129
7	3	1	138	1279	1348
7	7	5	139	1380	1417
7	6	4	140	1498	1519
7	5	4	141	1519	1554
7	4	0	142	1554	1605
7	0	0	143	1605	1700
7	1	1	144	1847	1911
7	7	4	145	1969	2013
7	0	0	146	2051	2114
7	7	5	147	2231	2255
7	1	1	148	2255	2287
7	3	2	149	2300	2365
7	0	0	150	2389	2450
7	5	4	151	2473	2536
7	7	5	152	2575	2618
7	7	5	153	2737	2782
8	0	2	154	179	262
8	0	0	155	371	420
8	7	5	156	456	540
8	2	3	157	610	664
8	4	0	158	726	799
8	7	5	159	873	916
8	3	2	160	999	1078
8	5	3	161	1129	1177
8	2	3	162	1177	1257
8	3	2	163	1371	1416
8	6	3	164	1533	1551
8	5	4	165	1554	1618
8	7	4	166	1704	1797
8	4	5	167	1797	1826
8	7	4	168	1860	1901
8	1	1	169	1911	2008
8	2	3	170	2008	2090
8	5	2	171	2155	2199
8	7	5	172	2255	2338
8	6	4	173	2353	2397
8	7	5	174	2516	2575
8	2	3	175	2621	2683
8	7	5	176	2702	2737
9	2	3	177	26	95
9	5	2	178	120	179
9	5	4	179	287	381
9	3	2	180	408	444
9	7	4	181	540	613
9	7	5	182	678	725
9	1	1	183	938	976
9	3	1	184	1242	1279
9	6	4	185	1321	1401
9	3	2	186	1664	1742
9	6	4	187	1797	1860
9	0	0	188	1926	2000
9	0	0	189	2000	2028
9	5	3	190	2090	2140
9	1	3	191	2206	2230
9	6	4	192	2397	2440
9	0	2	193	2468	2497
9	2	3	194	2549	2621
9	5	2	195	2712	2797
10	4	5	196	72	133
10	3	1	197	133	223
10	2	3	198	224	284
10	3	2	199	323	408
10	6	4	200	466	529
10	2	3	201	974	1037
10	6	4	202	1076	1167
10	6	4	203	1167	1217
10	2	3	204	1257	1342
10	7	5	205	1417	1484
10	0	0	206	1700	1750
10	0	0	207	1750	1841
10	0	0	208	1841	1926
10	5	2	209	2199	2235
10	3	2	210	2634	2712
10	6	4	211	2712	2730
10	6	4	212	2730	2795
10	6	4	213	2795	2814
10	1	1	214	2816	2879
11	7	5	215	206	232
11	4	0	216	283	371
11	1	1	217	494	524
11	1	1	218	582	668
11	7	5	219	725	776
11	3	2	220	838	890
11	4	0	221	978	1035
11	0	0	222	1035	1056
11	3	2	223	1416	1483
11	6	3	224	1551	1622
11	1	1	225	1678	1727
11	2	3	226	1880	1927
11	3	2	227	1967	2010
11	0	0	228	2028	2051
11	3	2	229	2076	2155
11	5	4	230	2335	2353
11	3	2	231	2365	2468
11	3	1	232	2529	2561
11	7	5	233	2618	2702
11	1	1	234	2721	2760
11	2	3	235	2770	2808
12	4	0	236	144	187
12	0	2	237	262	323
12	0	0	238	451	509
12	5	2	239	549	607
12	1	1	240	668	704
12	1	1	241	704	795
12	1	1	242	795	883
12	6	4	243	902	948
12	1	1	244	1083	1141
12	5	2	245	1287	1371
12	6	4	246	1401	1498
12	1	1	247	1727	1809
12	4	5	248	1826	1915
12	7	4	249	2067	2131
12	7	5	250	2408	2424
12	1	1	251	2561	2650
13	3	2	252	0	70
13	0	0	253	70	144
13	6	3	254	287	385
13	7	5	255	414	456
13	1	1	256	883	938
13	7	5	257	979	1043
13	3	2	258	1161	1190
13	0	0	259	1264	1354
13	3	1	260	1513	1534
13	1	1	261	1568	1588
13	3	2	262	1742	1810
13	7	4	263	2131	2198
13	0	0	264	2284	2322
13	2	3	265	2412	2476
13	2	3	266	2476	2549
13	4	0	267	2696	2750
14	6	3	268	0	26
14	3	2	269	70	120
14	4	0	270	187	256
14	0	0	271	420	451
14	4	5	272	540	580
14	0	0	273	587	603
14	4	5	274	632	678
14	3	2	275	735	758
14	3	2	276	927	999
14	6	4	277	1040	1076
14	4	5	278	1166	1256
14	4	5	279	1256	1276
14	7	5	280	1321	1380
14	0	2	281	1526	1582
14	6	4	282	1622	1704
14	0	0	283	2173	2251
14	1	1	284	2287	2364
14	1	1	285	2364	2450
14	4	0	286	2450	2486
14	0	2	287	2497	2556
14	5	2	288	2556	2584
14	3	2	289	2584	2634
14	0	0	290	2650	2696
14	3	1	291	2760	2816
14	5	4	292	2837	2873


Solution History:
