This is the output of Heuristic Solver for Dual resource constrained flexible job shop Scheduling Problem.
Input file is: wfjsp17_7.txt
Method: TS_10000_10_5
Seed: 1
Number of Jobs: 15
Number of Operations: 134
Number of Machines: 5
Number of Operators: 4
CPU Time: 196.123
obj: 1614
Best found lower bound:0
Solver gap (best found lower bound and upper bound difference): Not known


Final Solution:
Job	Machine	Operator	Operation	Start Time	Finish Time
0	3	3	0	0	80
0	3	0	1	306	318
0	2	1	2	443	481
0	0	0	3	665	760
0	2	3	4	937	964
0	0	3	5	1031	1072
0	3	2	6	1157	1185
0	0	3	7	1423	1464
1	4	2	8	220	229
1	1	3	9	343	382
1	0	2	10	460	540
1	4	2	11	540	604
1	1	1	12	680	759
1	0	0	13	894	949
1	3	3	14	994	1031
1	2	2	15	1140	1157
1	4	3	16	1313	1390
1	2	3	17	1464	1537
2	1	0	18	184	238
2	3	2	19	394	460
2	3	0	20	500	560
2	2	1	21	560	597
2	2	1	22	597	606
2	3	2	23	606	684
2	3	0	24	788	801
2	3	0	25	801	857
2	3	2	26	1056	1065
2	1	1	27	1535	1614
3	4	2	28	0	57
3	2	3	29	80	110
3	4	2	30	229	301
3	4	2	31	301	381
3	3	2	32	1065	1137
3	1	0	33	1177	1189
3	2	2	34	1242	1310
3	2	2	35	1310	1389
4	4	2	36	57	85
4	0	3	37	110	135
4	2	3	38	135	171
4	1	0	39	437	500
4	1	1	40	835	903
4	4	2	41	911	984
4	1	0	42	985	1072
4	2	3	43	1072	1111
4	2	3	44	1111	1140
4	1	1	45	1240	1276
5	4	0	46	102	184
5	2	1	47	194	250
5	2	1	48	343	401
5	4	3	49	437	505
5	1	3	50	522	546
5	0	0	51	857	894
5	4	2	52	984	1056
5	3	0	53	1272	1300
5	0	2	54	1389	1403
6	0	0	55	60	102
6	3	0	56	318	380
6	2	1	57	481	522
6	2	1	58	522	559
6	2	1	59	606	628
6	0	0	60	1109	1134
6	1	1	61	1211	1240
6	4	3	62	1259	1313
6	3	0	63	1328	1390
7	1	1	64	263	343
7	0	3	65	789	842
7	2	2	66	842	911
7	2	1	67	985	1070
7	1	1	68	1333	1391
7	4	2	69	1403	1464
7	2	3	70	1537	1556
7	4	0	71	1556	1611
8	3	2	72	159	220
8	3	3	73	226	306
8	2	1	74	401	443
8	0	0	75	560	581
8	4	0	76	1072	1109
8	1	1	77	1391	1463
8	3	2	78	1547	1581
8	2	2	79	1581	1613
9	3	2	80	85	159
9	2	1	81	177	194
9	1	1	82	250	263
9	1	3	83	382	435
9	3	3	84	910	937
9	3	0	85	949	977
9	2	1	86	1157	1211
9	1	1	87	1276	1333
10	0	3	88	171	226
10	1	0	89	238	247
10	1	3	90	600	680
10	3	2	91	684	712
10	1	1	92	759	795
10	1	3	93	1189	1208
10	2	3	94	1390	1423
10	1	1	95	1463	1535
11	2	1	96	0	12
11	0	0	97	247	305
11	4	3	98	505	522
11	0	0	99	609	665
11	2	3	100	711	789
11	0	3	101	964	994
11	1	1	102	1072	1156
11	4	2	103	1185	1242
11	3	0	104	1300	1328
11	0	3	105	1556	1614
12	1	0	106	0	60
12	0	3	107	306	343
12	4	0	108	381	437
12	0	0	109	581	609
12	3	2	110	712	740
12	3	2	111	740	753
12	0	0	112	760	788
12	1	1	113	795	835
12	4	3	114	842	910
12	3	3	115	1208	1259
13	1	1	116	60	126
13	3	2	117	381	394
13	1	3	118	546	600
13	2	1	119	628	670
13	4	2	120	805	835
13	1	1	121	903	985
13	4	0	122	1134	1177
13	0	0	123	1189	1272
13	3	0	124	1390	1472
13	4	0	125	1472	1555
14	2	1	126	12	53
14	1	1	127	126	160
14	1	1	128	160	177
14	2	3	129	680	711
14	3	2	130	753	786
14	2	2	131	789	805
14	0	3	132	1140	1186
14	0	2	133	1464	1547


Solution History:
