This is the output of Heuristic Solver for Dual resource constrained flexible job shop Scheduling Problem.
Input file is: wfjsp17_8.txt
Method: TS_10000_10_5
Seed: 1
Number of Jobs: 15
Number of Operations: 133
Number of Machines: 5
Number of Operators: 4
CPU Time: 169.07
obj: 1728
Best found lower bound:0
Solver gap (best found lower bound and upper bound difference): Not known


Final Solution:
Job	Machine	Operator	Operation	Start Time	Finish Time
0	0	0	0	18	45
0	4	0	1	642	699
0	4	1	2	938	967
0	2	0	3	1190	1249
0	2	1	4	1282	1352
0	1	2	5	1370	1424
0	0	0	6	1442	1504
0	4	1	7	1700	1710
1	1	2	8	0	47
1	1	2	9	47	98
1	0	1	10	141	168
1	3	3	11	269	365
1	0	2	12	385	394
1	3	3	13	694	791
1	0	1	14	1188	1206
1	1	0	15	1648	1706
2	4	1	16	0	72
2	4	0	17	127	153
2	4	0	18	153	209
2	3	3	19	475	521
2	3	3	20	521	565
2	4	1	21	896	938
2	3	3	22	1021	1082
2	4	2	23	1126	1177
2	3	3	24	1373	1437
2	1	1	25	1461	1548
3	0	1	26	72	141
3	2	2	27	144	212
3	2	0	28	376	432
3	3	3	29	565	643
3	0	1	30	678	744
3	1	0	31	800	860
3	1	2	32	860	914
3	1	1	33	1206	1238
3	3	3	34	1274	1373
3	0	1	35	1612	1700
4	0	0	36	45	68
4	0	1	37	184	209
4	1	1	38	276	343
4	4	0	39	560	570
4	2	1	40	1055	1121
4	4	2	41	1177	1205
4	4	2	42	1322	1333
4	4	2	43	1424	1470
4	0	2	44	1568	1611
4	3	3	45	1676	1728
5	2	0	46	212	302
5	4	0	47	302	344
5	4	1	48	344	391
5	2	0	49	432	487
5	1	0	50	1265	1337
5	1	2	51	1337	1351
5	4	1	52	1382	1397
5	2	2	53	1470	1514
6	4	0	54	72	127
6	0	1	55	168	184
6	1	1	56	209	276
6	1	2	57	560	613
6	0	1	58	825	893
6	1	2	59	914	955
6	0	0	60	1337	1418
6	2	0	61	1591	1648
6	1	0	62	1706	1728
7	0	0	63	0	18
7	3	3	64	365	411
7	2	1	65	487	561
7	0	1	66	647	662
7	1	0	67	699	719
7	3	3	68	868	913
7	3	3	69	913	961
7	0	2	70	1074	1126
7	1	0	71	1249	1265
8	3	3	72	0	77
8	2	2	73	98	144
8	0	2	74	212	245
8	4	2	75	245	276
8	0	2	76	361	385
8	0	2	77	394	455
8	4	2	78	1205	1248
8	0	2	79	1297	1322
9	3	3	80	123	198
9	0	2	81	337	361
9	0	0	82	487	541
9	3	3	83	791	855
9	0	2	84	955	1041
9	1	0	85	1102	1190
9	0	1	86	1238	1282
9	3	3	87	1505	1577
9	4	2	88	1611	1671
10	0	0	89	570	642
10	3	3	90	643	694
10	2	2	91	781	856
10	1	1	92	967	1039
10	3	3	93	1142	1208
10	1	2	94	1351	1370
10	3	3	95	1437	1505
10	0	2	96	1514	1568
10	3	3	97	1577	1676
10	2	2	98	1676	1726
11	0	2	99	276	337
11	3	3	100	411	475
11	2	1	101	561	647
11	1	0	102	719	800
11	2	0	103	958	1015
11	4	0	104	1015	1102
11	0	0	105	1418	1442
11	0	1	106	1710	1726
12	3	3	107	198	269
12	1	0	108	344	376
12	1	0	109	541	560
12	2	2	110	659	710
12	2	2	111	710	781
12	4	0	112	860	896
12	2	0	113	896	958
12	4	2	114	1248	1297
13	1	1	115	391	480
13	4	2	116	510	557
13	4	1	117	744	825
13	3	3	118	855	868
13	3	3	119	961	1021
13	2	1	120	1039	1055
13	2	1	121	1121	1188
13	3	3	122	1208	1274
13	4	1	123	1352	1382
13	4	0	124	1504	1591
14	3	3	125	77	123
14	4	2	126	455	510
14	1	2	127	613	659
14	1	1	128	662	678
14	0	2	129	1041	1074
14	3	3	130	1082	1142
14	2	1	131	1397	1461
14	1	1	132	1548	1612


Solution History:
