This is the output of Heuristic Solver for Dual resource constrained flexible job shop Scheduling Problem.
Input file is: wfjsp18_2.txt
Method: TS_10000_10_5
Seed: 1
Number of Jobs: 20
Number of Operations: 160
Number of Machines: 10
Number of Operators: 8
CPU Time: 165.827
obj: 1030
Best found lower bound:0
Solver gap (best found lower bound and upper bound difference): Not known


Final Solution:
Job	Machine	Operator	Operation	Start Time	Finish Time
0	4	5	0	175	251
0	7	6	1	257	328
0	3	0	2	440	459
0	9	7	3	522	562
0	2	1	4	926	943
1	0	2	5	129	153
1	4	2	6	313	377
1	9	2	7	377	387
1	5	3	8	413	485
1	8	0	9	485	525
1	6	4	10	709	765
1	5	3	11	811	826
1	1	3	12	827	892
1	0	3	13	893	966
2	1	3	14	0	61
2	9	6	15	67	135
2	5	7	16	152	187
2	3	0	17	261	305
2	0	3	18	335	353
2	1	7	19	404	466
2	4	1	20	569	646
2	9	6	21	652	733
2	5	7	22	827	889
2	0	3	23	966	1030
3	3	4	24	0	70
3	5	2	25	111	129
3	6	6	26	135	148
3	1	3	27	179	269
3	8	0	28	305	326
3	1	7	29	328	404
3	1	6	30	472	563
3	8	6	31	813	831
3	3	0	32	847	915
4	5	1	33	0	77
4	8	0	34	110	166
4	6	1	35	226	246
4	1	7	36	269	328
4	6	1	37	403	439
4	4	2	38	454	519
4	6	4	39	590	677
4	3	0	40	728	747
4	2	1	41	893	908
4	1	6	42	923	953
5	9	4	43	172	190
5	6	4	44	326	366
5	0	4	45	425	495
5	4	1	46	529	569
5	5	0	47	630	728
5	3	0	48	927	1024
6	6	3	49	61	123
6	3	0	50	168	197
6	0	3	51	495	568
6	5	0	52	594	630
6	7	3	53	652	677
6	6	4	54	677	709
6	7	7	55	747	803
6	1	7	56	803	827
6	8	4	57	839	915
7	4	2	58	0	61
7	3	2	59	155	168
7	0	4	60	366	394
7	2	5	61	442	497
7	8	5	62	525	605
7	9	2	63	859	912
7	1	6	64	953	1022
8	2	0	65	0	54
8	9	6	66	148	168
8	3	1	67	313	403
8	4	0	68	426	440
8	1	7	69	608	684
8	2	5	70	690	702
8	2	5	71	702	764
8	5	7	72	889	953
8	7	2	73	964	1020
9	5	3	74	269	335
9	2	5	75	346	442
9	6	1	76	442	499
9	2	4	77	499	560
9	2	6	78	563	652
9	1	6	79	747	758
9	9	2	80	758	816
9	6	6	81	831	876
9	9	4	82	915	969
9	8	5	83	1014	1029
10	5	7	84	187	268
10	2	0	85	326	345
10	3	0	86	459	481
10	5	0	87	525	557
10	3	4	88	560	590
10	3	2	89	590	678
10	4	5	90	879	946
11	3	1	91	77	155
11	6	1	92	155	226
11	2	5	93	251	261
11	0	5	94	261	286
11	7	6	95	328	407
11	8	6	96	407	472
11	6	2	97	519	575
11	8	5	98	605	690
11	5	3	99	728	811
12	0	4	100	190	206
12	6	1	101	246	313
12	9	2	102	387	454
12	7	3	103	603	652
12	0	1	104	681	748
12	0	1	105	748	826
12	7	2	106	826	859
12	6	6	107	876	923
12	2	1	108	943	1014
13	9	7	109	0	67
13	1	3	110	123	179
13	3	5	111	497	525
13	1	7	112	563	608
13	4	2	113	681	755
13	0	1	114	826	893
13	3	0	115	915	927
14	7	6	116	44	58
14	1	0	117	61	79
14	2	5	118	84	175
14	7	2	119	175	257
14	7	3	120	677	710
14	3	0	121	779	847
14	4	4	122	969	1026
15	0	2	123	61	80
15	1	0	124	80	110
15	6	1	125	499	517
15	4	1	126	519	529
15	0	3	127	568	588
15	0	3	128	588	603
15	1	6	129	758	766
15	4	4	130	766	839
15	8	1	131	915	926
16	7	6	132	10	44
16	4	4	133	70	129
16	4	2	134	257	313
16	8	0	135	345	396
16	0	4	136	396	425
16	5	0	137	557	594
16	1	7	138	684	747
17	8	5	139	0	84
17	8	0	140	197	261
17	9	5	141	286	346
17	5	3	142	353	413
17	3	0	143	747	779
17	5	7	144	953	1019
18	0	2	145	80	111
18	4	4	146	129	172
18	2	6	147	175	248
18	4	0	148	396	426
18	7	7	149	466	522
18	4	1	150	646	681
18	8	6	151	766	813
18	2	5	152	813	879
18	8	5	153	946	1014
19	7	6	154	0	10
19	7	7	155	67	152
19	9	4	156	206	255
19	2	4	157	261	326
19	2	5	158	764	799
19	7	2	159	912	964


Solution History:
