This is the output of Heuristic Solver for Dual resource constrained flexible job shop Scheduling Problem.
Input file is: wfjsp12_2.txt
Method: TS_10000_10_5
Seed: 1
Number of Jobs: 25
Number of Operations: 193
Number of Machines: 10
Number of Operators: 10
CPU Time: 312.212
obj: 1031
Best found lower bound:0
Solver gap (best found lower bound and upper bound difference): Not known


Final Solution:
Job	Machine	Operator	Operation	Start Time	Finish Time
0	7	6	0	194	274
0	2	0	1	363	431
0	4	5	2	574	595
0	8	8	3	685	726
0	1	0	4	940	955
1	8	9	5	12	37
1	8	1	6	335	403
1	8	1	7	403	412
1	3	6	8	499	579
1	0	4	9	625	663
1	3	3	10	685	735
1	6	7	11	796	813
1	8	8	12	881	958
1	9	4	13	960	1025
2	9	8	14	0	65
2	5	8	15	65	139
2	6	7	16	161	197
2	3	5	17	320	362
2	2	0	18	499	518
2	3	6	19	579	641
2	4	9	20	641	714
2	6	7	21	714	796
2	0	4	22	804	867
2	6	5	23	960	1029
3	4	4	24	72	142
3	6	7	25	142	161
3	2	1	26	206	219
3	5	8	27	348	434
3	0	9	28	482	503
3	2	9	29	727	800
3	4	9	30	800	886
3	7	6	31	915	939
3	0	7	32	953	1027
4	1	9	33	292	380
4	5	8	34	434	491
4	0	9	35	503	524
4	8	9	36	524	577
4	4	9	37	595	630
4	9	5	38	760	830
4	1	2	39	851	940
4	1	2	40	955	978
4	7	0	41	978	992
4	7	0	42	992	1021
5	2	1	43	56	73
5	9	3	44	106	146
5	1	4	45	215	292
5	4	4	46	332	370
5	4	4	47	370	455
5	3	3	48	944	1030
6	2	1	49	73	142
6	7	6	50	167	194
6	7	5	51	372	437
6	9	3	52	515	550
6	6	7	53	550	580
6	2	6	54	641	673
6	1	2	55	804	851
6	6	7	56	871	895
6	4	9	57	954	1027
7	1	5	58	0	66
7	0	0	59	66	77
7	6	7	60	104	135
7	1	0	61	163	214
7	8	8	62	225	304
7	4	5	63	516	574
7	8	5	64	595	663
8	0	0	65	77	133
8	0	0	66	133	152
8	0	2	67	320	410
8	0	9	68	469	482
8	5	8	69	491	568
8	8	9	70	577	591
8	5	5	71	663	725
8	8	8	72	754	816
8	1	2	73	978	1027
9	5	1	74	0	56
9	1	9	75	66	163
9	9	3	76	217	270
9	2	6	77	305	363
9	1	9	78	380	469
9	4	1	79	502	516
9	1	2	80	545	594
9	1	2	81	594	640
9	1	2	82	689	743
9	7	6	83	898	915
10	7	6	84	0	79
10	4	4	85	142	169
10	4	4	86	312	332
10	8	1	87	412	444
10	5	1	88	727	762
10	5	1	89	762	850
10	6	4	90	897	960
11	8	5	91	66	139
11	9	3	92	270	337
11	3	5	93	362	372
11	0	2	94	434	458
11	6	7	95	469	545
11	5	8	96	568	635
11	4	0	97	740	793
11	3	6	98	812	898
11	2	6	99	939	1022
12	8	2	100	37	56
12	7	0	101	285	352
12	9	4	102	455	515
12	2	1	103	518	569
12	2	1	104	569	640
12	7	3	105	765	846
12	0	4	106	867	897
12	0	7	107	897	953
12	8	1	108	958	1031
13	6	7	109	0	67
13	7	2	110	111	160
13	5	8	111	304	333
13	3	6	112	372	417
13	2	6	113	431	498
13	2	0	114	800	867
13	7	0	115	965	977
14	2	0	116	18	33
14	2	0	117	33	51
14	5	8	118	139	225
14	2	1	119	225	305
14	6	7	120	332	366
14	1	4	121	743	804
14	5	1	122	850	899
15	2	0	123	0	18
15	7	2	124	79	111
15	0	9	125	163	181
15	7	6	126	274	285
15	4	4	127	292	312
15	5	8	128	333	348
15	4	1	129	455	465
15	1	2	130	469	545
15	7	0	131	955	965
16	3	6	132	106	142
16	2	1	133	142	195
16	6	7	134	197	253
16	1	2	135	640	689
16	8	5	136	726	754
16	7	3	137	846	884
16	5	1	138	899	955
17	3	3	139	12	96
17	7	0	140	437	499
17	6	7	141	580	649
17	2	1	142	673	727
17	9	5	143	830	863
17	4	9	144	886	954
18	9	6	145	79	106
18	4	4	146	169	215
18	6	7	147	253	332
18	9	3	148	337	368
18	9	3	149	368	419
18	4	1	150	465	502
18	9	3	151	630	673
18	7	0	152	673	740
18	2	0	153	867	937
19	3	2	154	0	12
19	8	5	155	139	223
19	0	9	156	235	287
19	6	7	157	366	442
19	0	4	158	524	557
19	0	2	159	743	795
20	3	6	160	142	167
20	4	0	161	215	283
20	8	1	162	305	335
20	6	7	163	442	469
20	7	0	164	518	589
20	9	6	165	673	760
20	6	7	166	813	871
20	9	5	167	891	960
21	8	9	168	0	12
21	0	9	169	37	64
21	3	2	170	167	250
21	7	0	171	589	669
21	8	8	172	816	881
21	5	8	173	958	1025
22	4	4	174	0	72
22	2	1	175	195	206
22	3	2	176	250	320
22	0	2	177	410	434
22	8	5	178	444	512
22	9	3	179	550	630
22	6	7	180	649	714
22	3	3	181	735	765
23	0	9	182	181	235
23	5	5	183	235	304
23	3	3	184	419	499
23	0	4	185	663	736
23	3	6	186	765	812
23	9	5	187	863	891
24	6	7	188	67	104
24	9	3	189	146	217
24	0	4	190	557	625
24	3	8	191	641	685
24	3	3	192	898	944


Solution History:
