This is the output of Heuristic Solver for Dual resource constrained flexible job shop Scheduling Problem.
Input file is: wfjsp21_3.txt
Method: TS_10000_10_5
Seed: 1
Number of Jobs: 25
Number of Operations: 243
Number of Machines: 15
Number of Operators: 12
CPU Time: 600.023
obj: 1055
Best found lower bound:0
Solver gap (best found lower bound and upper bound difference): Not known


Final Solution:
Job	Machine	Operator	Operation	Start Time	Finish Time
0	5	0	0	156	235
0	9	9	1	284	296
0	1	6	2	296	313
0	7	6	3	313	398
0	8	8	4	664	735
0	1	7	5	757	829
0	8	8	6	842	934
0	4	11	7	992	1026
1	13	7	8	138	239
1	3	6	9	281	295
1	4	2	10	305	365
1	8	8	11	366	451
1	6	4	12	512	528
1	1	0	13	564	659
1	7	11	14	663	753
1	8	5	15	780	808
1	14	11	16	825	882
1	12	3	17	942	958
1	3	6	18	977	1043
1	3	6	19	1043	1054
2	5	3	20	0	29
2	13	7	21	29	73
2	3	6	22	99	182
2	2	5	23	237	300
2	3	2	24	615	642
2	5	3	25	660	735
2	6	3	26	845	942
2	1	0	27	1000	1012
3	10	4	28	0	31
3	1	10	29	58	153
3	6	4	30	222	256
3	1	0	31	369	397
3	2	9	32	553	618
3	4	10	33	642	705
3	13	0	34	706	768
3	3	6	35	879	977
4	7	1	36	46	138
4	4	0	37	138	156
4	3	0	38	341	369
4	3	1	39	525	601
4	10	4	40	614	626
4	3	7	41	732	757
4	5	9	42	828	880
4	11	1	43	967	1003
5	3	1	44	219	267
5	9	9	45	322	406
5	10	11	46	420	490
5	0	11	47	562	635
5	3	2	48	642	659
5	1	7	49	664	679
5	3	0	50	783	849
5	7	9	51	947	1015
5	14	3	52	1018	1054
6	12	1	53	22	46
6	12	5	54	51	109
6	8	3	55	109	135
6	8	8	56	150	178
6	7	7	57	239	310
6	5	3	58	384	470
6	14	7	59	564	664
6	11	8	60	745	842
6	13	1	61	899	908
6	6	2	62	1002	1055
7	2	9	63	85	183
7	2	5	64	202	237
7	5	10	65	271	301
7	8	8	66	301	366
7	1	5	67	434	476
7	1	7	68	491	564
7	7	1	69	601	613
7	9	1	70	702	793
7	2	5	71	865	924
7	14	11	72	927	953
7	8	4	73	976	1051
8	13	7	74	0	27
8	8	9	75	28	85
8	6	4	76	140	151
8	3	3	77	182	210
8	9	4	78	211	222
8	14	3	79	222	294
8	0	8	80	451	524
8	5	10	81	562	612
8	6	3	82	617	634
8	11	5	83	684	715
8	10	0	84	768	783
9	11	0	85	0	79
9	11	0	86	79	122
9	11	10	87	153	187
9	11	6	88	258	281
9	2	7	89	310	341
9	9	2	90	417	464
9	12	4	91	464	512
9	10	10	92	528	553
9	7	11	93	635	663
9	12	3	94	774	820
9	12	10	95	840	927
9	14	5	96	982	1016
10	5	10	97	301	384
10	6	7	98	409	491
10	12	8	99	524	606
10	2	9	100	618	670
10	11	10	101	715	745
10	0	2	102	745	836
10	10	4	103	890	959
10	9	11	104	959	992
10	9	5	105	1016	1026
11	12	5	106	109	166
11	8	2	107	181	222
11	12	10	108	384	452
11	8	2	109	464	560
11	10	9	110	670	756
11	7	1	111	800	899
11	7	9	112	899	947
11	0	8	113	973	1009
11	12	5	114	1026	1049
12	9	4	115	31	79
12	0	3	116	135	172
12	6	5	117	300	311
12	6	7	118	341	409
12	5	11	119	490	562
12	10	4	120	626	641
12	1	7	121	919	985
12	13	7	122	985	1026
13	9	9	123	0	28
13	3	3	124	29	97
13	7	9	125	183	231
13	4	11	126	243	305
13	13	5	127	311	365
13	0	5	128	365	434
13	6	3	129	528	617
13	0	3	130	635	660
13	4	5	131	924	982
13	10	1	132	1003	1026
14	14	4	133	79	140
14	0	8	134	178	216
14	4	11	135	216	243
14	11	1	136	281	343
14	10	4	137	360	411
14	4	4	138	417	462
14	4	5	139	564	612
14	5	0	140	905	960
14	9	11	141	1026	1051
15	7	8	142	15	46
15	10	2	143	50	147
15	11	6	144	187	258
15	12	10	145	258	271
15	9	9	146	296	322
15	14	11	147	353	420
15	14	10	148	475	528
15	9	2	149	560	615
15	13	0	150	663	706
15	13	8	151	934	973
15	5	7	152	1026	1055
16	0	3	153	294	361
16	9	5	154	476	525
16	9	5	155	525	559
16	8	4	156	737	775
16	7	6	157	775	800
16	10	4	158	845	890
16	10	0	159	960	1000
16	1	0	160	1012	1051
17	0	11	161	0	64
17	12	10	162	187	257
17	12	4	163	292	360
17	13	3	164	470	517
17	8	8	165	606	664
17	0	2	166	664	742
17	6	3	167	742	773
17	4	6	168	800	879
17	2	10	169	994	1017
18	14	10	170	0	58
18	1	5	171	166	202
18	6	3	172	210	222
18	7	1	173	398	480
18	4	0	174	488	564
18	13	6	175	589	663
18	6	4	176	669	737
18	14	11	177	753	825
18	1	7	178	829	919
18	2	10	179	927	994
18	7	9	180	1015	1054
19	12	1	181	0	22
19	6	7	182	73	138
19	10	4	183	151	211
19	8	2	184	222	300
19	2	9	185	406	502
19	7	9	186	502	553
19	12	6	187	669	697
19	2	7	188	716	732
19	2	10	189	745	840
19	11	0	190	849	877
19	10	1	191	1026	1053
20	9	11	192	79	113
20	9	11	193	113	205
20	1	8	194	216	292
20	14	11	195	305	353
20	4	2	196	365	417
20	4	10	197	462	475
20	6	4	198	775	845
20	14	9	199	882	891
20	12	3	200	958	1018
21	6	2	201	0	50
21	14	11	202	64	73
21	14	1	203	140	219
21	13	0	204	239	305
21	10	4	205	559	614
21	11	5	206	614	684
21	9	1	207	692	702
21	5	9	208	756	828
21	5	0	209	880	905
21	0	2	210	908	946
21	6	2	211	946	1002
21	2	10	212	1017	1043
22	8	8	213	0	15
22	5	8	214	46	150
22	10	1	215	490	525
22	9	1	216	615	692
22	12	6	217	697	774
22	8	3	218	820	837
22	9	2	219	837	908
22	8	4	220	959	976
23	4	6	221	0	99
23	10	9	222	231	284
23	3	0	223	305	341
23	12	3	224	361	372
23	11	6	225	398	498
23	0	4	226	528	559
23	5	10	227	612	642
23	12	4	228	642	669
23	1	7	229	679	716
23	13	5	230	808	839
23	11	1	231	908	967
24	1	5	232	0	51
24	4	2	233	156	181
24	6	4	234	256	292
24	11	1	235	343	378
24	3	0	236	397	488
24	13	6	237	517	589
24	4	5	238	715	780
24	2	5	239	840	865
24	0	11	240	882	898
24	14	11	241	898	927
24	11	8	242	1009	1053


Solution History:
