This is the output of Heuristic Solver for Dual resource constrained flexible job shop Scheduling Problem.
Input file is: wfjsp9_7.txt
Method: TS_10000_10_5
Seed: 1
Number of Jobs: 15
Number of Operations: 134
Number of Machines: 5
Number of Operators: 5
CPU Time: 159.221
obj: 1336
Best found lower bound:0
Solver gap (best found lower bound and upper bound difference): Not known


Final Solution:
Job	Machine	Operator	Operation	Start Time	Finish Time
0	3	4	0	9	89
0	3	4	1	89	100
0	4	2	2	228	272
0	0	0	3	734	829
0	1	3	4	858	883
0	0	1	5	884	925
0	2	2	6	996	1030
0	0	0	7	1068	1105
1	3	4	8	0	9
1	1	3	9	409	448
1	0	3	10	449	529
1	4	1	11	647	711
1	2	2	12	723	804
1	0	0	13	829	884
1	4	0	14	884	926
1	1	0	15	954	972
1	4	1	16	986	1063
1	2	2	17	1063	1129
2	1	0	18	0	54
2	3	1	19	108	174
2	3	1	20	313	375
2	3	4	21	422	452
2	1	0	22	630	644
2	3	4	23	686	764
2	4	1	24	870	882
2	1	0	25	972	1026
2	3	4	26	1079	1090
2	1	3	27	1104	1183
3	4	2	28	160	211
3	2	4	29	286	316
3	4	1	30	387	459
3	0	3	31	586	664
3	4	1	32	711	783
3	1	3	33	847	858
3	2	2	34	928	996
3	2	2	35	1199	1278
4	4	2	36	0	28
4	2	4	37	101	128
4	2	4	38	128	164
4	1	1	39	174	239
4	1	1	40	506	574
4	4	1	41	574	647
4	1	0	42	647	734
4	2	2	43	804	839
4	1	3	44	883	910
4	3	4	45	1038	1079
5	2	4	46	203	286
5	2	2	47	396	454
5	2	2	48	561	621
5	3	4	49	624	686
5	4	1	50	783	809
5	2	2	51	839	871
5	3	4	52	877	945
5	4	1	53	1093	1123
5	0	0	54	1168	1185
6	4	2	55	108	160
6	3	0	56	174	236
6	3	4	57	375	422
6	4	1	58	459	502
6	4	0	59	506	530
6	0	3	60	559	586
6	0	3	61	664	703
6	4	1	62	926	986
6	0	0	63	1105	1168
7	4	1	64	28	108
7	0	0	65	111	168
7	0	3	66	168	250
7	4	2	67	272	352
7	1	0	68	574	630
7	4	1	69	809	870
7	2	2	70	871	888
7	0	3	71	954	1012
8	1	0	72	54	111
8	0	3	73	250	328
8	2	2	74	352	396
8	2	2	75	454	479
8	4	0	76	530	567
8	2	2	77	621	693
8	3	4	78	764	802
8	2	2	79	1030	1062
9	3	1	80	239	313
9	2	4	81	316	332
9	0	0	82	387	406
9	1	0	83	449	506
9	3	4	84	850	877
9	3	4	85	1090	1123
9	2	1	86	1129	1183
9	4	0	87	1185	1245
10	0	3	88	0	55
10	0	1	89	376	387
10	2	2	90	479	561
10	3	4	91	592	624
10	2	2	92	693	723
10	3	4	93	834	850
10	2	2	94	899	928
10	1	1	95	1261	1333
11	2	1	96	0	12
11	0	3	97	55	109
11	4	2	98	211	228
11	1	0	99	279	337
11	3	4	100	514	592
11	0	3	101	703	733
11	3	4	102	945	1038
11	4	2	103	1129	1180
11	3	4	104	1246	1279
11	2	2	105	1279	1336
12	1	3	106	111	167
12	0	0	107	337	376
12	3	4	108	452	514
12	0	3	109	529	559
12	3	4	110	802	834
12	2	2	111	888	899
12	0	0	112	926	954
12	0	0	113	1026	1068
12	1	1	114	1183	1261
12	3	4	115	1279	1330
13	2	2	116	28	101
13	1	3	117	337	355
13	1	3	118	355	409
13	0	0	119	409	449
13	1	3	120	734	765
13	1	3	121	765	847
13	1	3	122	910	953
13	1	3	123	1026	1104
13	3	4	124	1160	1246
13	4	0	125	1246	1329
14	2	4	126	164	203
14	1	0	127	239	279
14	2	4	128	332	348
14	4	1	129	1063	1093
14	3	4	130	1123	1160
14	2	2	131	1183	1199
14	0	3	132	1199	1245
14	0	3	133	1245	1328


Solution History:
