This is the output of Heuristic Solver for Dual resource constrained flexible job shop Scheduling Problem.
Input file is: wfjsp8_10.txt
Method: TS_10000_10_5
Seed: 1
Number of Jobs: 15
Number of Operations: 109
Number of Machines: 5
Number of Operators: 5
CPU Time: 102.012
obj: 1214
Best found lower bound:0
Solver gap (best found lower bound and upper bound difference): Not known


Final Solution:
Job	Machine	Operator	Operation	Start Time	Finish Time
0	2	2	0	253	332
0	0	2	1	468	550
0	3	0	2	564	631
0	0	2	3	640	727
0	3	1	4	767	826
0	1	0	5	926	957
0	0	2	6	1079	1112
0	1	0	7	1112	1163
1	4	3	8	32	120
1	4	3	9	282	310
1	2	2	10	332	368
1	2	4	11	368	404
1	3	1	12	478	564
1	2	3	13	656	738
1	1	0	14	860	926
1	2	4	15	1119	1206
2	0	2	16	0	82
2	2	4	17	90	104
2	1	0	18	119	128
2	1	0	19	128	177
2	0	4	20	270	341
2	4	4	21	563	648
2	2	4	22	738	790
2	4	3	23	958	1032
3	2	2	24	186	229
3	1	0	25	259	282
3	2	4	26	892	944
3	2	3	27	1038	1056
3	4	3	28	1119	1209
4	4	3	29	0	32
4	4	3	30	120	198
4	1	1	31	564	651
4	3	0	32	699	767
4	3	1	33	951	987
4	0	2	34	1155	1214
5	2	4	35	104	186
5	0	4	36	186	201
5	2	2	37	229	253
5	0	4	38	341	363
5	0	2	39	368	416
5	2	2	40	416	450
5	0	2	41	550	640
5	2	3	42	1056	1119
6	2	4	43	0	90
6	2	4	44	450	466
6	2	4	45	877	892
6	3	1	46	987	1059
6	1	0	47	1059	1109
6	3	0	48	1185	1199
7	0	2	49	82	173
7	1	0	50	361	443
7	3	1	51	449	478
7	0	2	52	727	800
7	2	4	53	841	850
8	4	1	54	203	282
8	4	3	55	310	390
8	1	0	56	443	464
8	1	1	57	651	720
8	1	1	58	720	756
8	1	1	59	756	765
8	1	0	60	767	860
8	3	1	61	906	951
8	2	4	62	951	1038
9	1	0	63	0	68
9	3	1	64	115	203
9	3	0	65	282	361
9	3	1	66	858	906
9	1	0	67	1008	1059
9	0	2	68	1112	1129
9	0	2	69	1129	1155
9	1	0	70	1163	1185
9	1	1	71	1185	1209
10	1	0	72	68	119
10	1	0	73	464	512
10	1	0	74	528	551
10	3	0	75	631	699
10	2	4	76	790	841
11	3	1	77	0	41
11	3	1	78	77	115
11	1	0	79	177	259
11	4	3	80	738	777
11	4	3	81	777	814
11	2	4	82	850	877
11	0	2	83	889	901
11	0	2	84	901	991
11	3	1	85	1059	1095
12	3	1	86	41	77
12	3	3	87	203	276
12	4	3	88	390	467
12	1	0	89	512	528
12	0	2	90	800	889
13	0	4	91	201	270
13	0	4	92	416	450
13	0	2	93	450	468
13	2	4	94	468	563
13	2	3	95	607	656
13	4	4	96	656	738
13	4	3	97	814	895
13	4	3	98	895	958
13	0	2	99	991	1079
13	3	1	100	1095	1177
14	1	1	101	282	361
14	3	1	102	361	449
14	4	3	103	467	556
14	2	3	104	563	607
14	3	1	105	826	858
14	1	0	106	957	1008
14	4	4	107	1038	1119
14	3	0	108	1199	1214


Solution History:
