This is the output of Heuristic Solver for Dual resource constrained flexible job shop Scheduling Problem.
Input file is: wfjsp20_5.txt
Method: TS_10000_10_5
Seed: 1
Number of Jobs: 25
Number of Operations: 174
Number of Machines: 10
Number of Operators: 8
CPU Time: 298.755
obj: 1061
Best found lower bound:0
Solver gap (best found lower bound and upper bound difference): Not known


Final Solution:
Job	Machine	Operator	Operation	Start Time	Finish Time
0	3	2	0	236	250
0	4	0	1	344	384
0	7	5	2	461	545
0	5	0	3	600	666
0	7	3	4	754	824
0	3	3	5	863	901
0	4	1	6	993	1057
1	1	3	7	16	55
1	0	3	8	310	355
1	3	3	9	536	575
1	4	4	10	905	940
1	1	5	11	990	1061
2	2	3	12	119	142
2	5	2	13	523	536
2	7	2	14	550	615
2	4	7	15	713	783
2	2	4	16	893	905
3	2	0	17	297	344
3	8	2	18	411	478
3	9	6	19	570	619
3	9	6	20	774	803
3	0	7	21	864	907
4	9	6	22	15	45
4	1	3	23	55	86
4	5	1	24	411	494
4	0	0	25	909	952
4	4	0	26	952	993
5	4	4	27	21	42
5	0	0	28	451	462
5	0	0	29	816	859
5	7	2	30	895	978
5	9	3	31	994	1061
6	4	3	32	440	506
6	8	4	33	569	661
6	6	6	34	668	748
6	0	1	35	773	808
6	3	1	36	808	821
6	2	4	37	1011	1056
7	7	5	38	0	82
7	7	7	39	84	153
7	0	0	40	233	297
7	2	3	41	506	536
7	4	3	42	575	643
8	5	0	43	0	34
8	5	6	44	128	146
8	4	7	45	232	310
8	7	5	46	379	461
8	0	7	47	475	561
8	2	7	48	561	606
8	0	7	49	615	713
8	2	2	50	775	853
8	4	1	51	892	901
8	0	3	52	958	994
9	2	7	53	153	232
9	5	2	54	250	283
9	5	2	55	283	368
9	8	2	56	393	411
9	1	6	57	436	477
9	1	1	58	611	700
9	0	1	59	730	743
9	8	4	60	869	893
9	9	6	61	895	967
10	1	3	62	0	16
10	8	0	63	34	72
10	9	7	64	335	372
10	9	7	65	372	475
10	6	0	66	476	562
10	5	0	67	562	600
10	9	6	68	619	667
10	8	4	69	977	993
11	2	7	70	0	84
11	1	6	71	231	313
11	7	5	72	332	379
11	1	6	73	394	436
11	6	0	74	462	476
11	9	6	75	477	570
11	1	1	76	700	730
11	8	2	77	730	775
11	7	1	78	824	892
11	3	2	79	978	1060
12	4	3	80	86	111
12	3	1	81	273	342
12	6	5	82	562	615
12	8	2	83	713	722
12	6	6	84	748	774
12	8	4	85	861	869
12	9	2	86	886	895
12	7	7	87	978	1061
13	6	2	88	0	89
13	5	6	89	146	196
13	1	6	90	196	231
13	2	3	91	355	440
13	3	2	92	478	523
13	3	7	93	606	615
13	1	0	94	773	816
13	5	5	95	831	911
13	8	3	96	911	958
13	6	6	97	967	1015
14	8	4	98	0	21
14	4	4	99	129	172
14	8	4	100	238	307
14	7	4	101	307	320
14	6	0	102	384	451
14	9	0	103	667	736
14	9	6	104	803	874
14	6	5	105	911	957
15	6	5	106	243	332
15	1	1	107	494	579
15	0	1	108	579	611
15	3	4	109	692	777
15	3	3	110	824	863
15	1	5	111	957	990
15	6	6	112	1015	1057
16	2	3	113	111	119
16	8	5	114	136	214
16	5	5	115	214	243
16	0	2	116	368	393
16	5	2	117	536	550
16	5	5	118	680	745
16	2	2	119	853	886
16	2	4	120	940	977
17	3	1	121	43	70
17	3	1	122	70	89
17	1	1	123	89	167
17	8	3	124	218	234
17	7	1	125	241	273
17	4	4	126	389	410
17	3	7	127	907	976
18	9	0	128	72	163
18	3	4	129	411	421
18	3	2	130	615	631
18	4	4	131	661	692
18	0	0	132	994	1057
19	8	5	133	127	136
19	0	0	134	163	233
19	2	5	135	545	559
19	2	2	136	631	640
19	2	3	137	643	689
19	9	0	138	736	773
19	8	4	139	777	861
19	6	6	140	874	892
19	8	1	141	901	909
19	8	4	142	993	1011
20	6	2	143	89	168
20	9	2	144	168	236
20	8	4	145	320	389
20	0	4	146	421	440
20	6	2	147	640	668
20	5	5	148	745	814
21	5	6	149	45	128
21	7	1	150	167	241
21	9	7	151	310	335
21	8	2	152	681	713
21	6	7	153	783	864
22	0	1	154	16	43
22	0	4	155	61	129
22	2	4	156	440	486
22	8	4	157	486	569
22	8	2	158	668	681
23	9	6	159	0	15
23	3	3	160	142	218
23	9	3	161	236	310
23	3	1	162	342	411
23	7	5	163	615	680
23	0	1	164	743	773
23	5	5	165	814	831
23	1	0	166	859	909
23	5	1	167	911	993
24	3	1	168	0	16
24	4	4	169	42	61
24	8	5	170	82	127
24	6	4	171	172	238
24	1	6	172	313	394
24	2	3	173	689	754


Solution History:
