This is the output of Heuristic Solver for Dual resource constrained flexible job shop Scheduling Problem.
Input file is: wfjsp10_4.txt
Method: TS_10000_10_5
Seed: 1
Number of Jobs: 20
Number of Operations: 163
Number of Machines: 10
Number of Operators: 10
CPU Time: 186.545
obj: 878
Best found lower bound:0
Solver gap (best found lower bound and upper bound difference): Not known


Final Solution:
Job	Machine	Operator	Operation	Start Time	Finish Time
0	2	0	0	0	74
0	6	3	1	127	188
0	7	3	2	188	256
0	9	9	3	335	399
0	8	5	4	399	489
0	7	3	5	575	608
0	2	2	6	610	653
0	0	7	7	697	711
0	9	5	8	733	780
1	9	0	9	75	100
1	6	4	10	100	116
1	9	4	11	123	162
1	5	1	12	174	242
1	4	1	13	245	270
1	1	6	14	279	353
1	2	6	15	353	432
1	4	4	16	597	656
1	6	3	17	722	773
2	0	8	18	234	269
2	3	3	19	269	285
2	7	2	20	391	440
2	3	1	21	471	547
2	2	2	22	600	610
2	7	2	23	694	757
2	3	9	24	763	844
3	0	8	25	92	104
3	9	4	26	162	233
3	7	2	27	440	514
3	0	7	28	524	618
3	5	5	29	621	669
3	2	4	30	694	788
4	8	9	31	154	233
4	4	1	32	270	340
4	6	6	33	432	484
4	9	0	34	510	527
4	9	9	35	599	664
4	7	2	36	827	855
4	0	7	37	855	878
5	4	1	38	44	108
5	7	4	39	298	348
5	0	7	40	405	461
5	2	4	41	486	521
5	6	6	42	582	634
5	8	8	43	770	856
6	9	4	44	0	75
6	3	5	45	112	175
6	0	8	46	201	234
6	2	4	47	432	458
6	0	7	48	461	524
6	7	3	49	545	575
6	1	7	50	618	669
6	3	9	51	844	875
7	1	6	52	0	92
7	2	2	53	92	135
7	0	8	54	186	201
7	2	2	55	208	238
7	4	0	56	368	444
7	5	2	57	514	526
7	2	0	58	527	600
7	5	1	59	770	814
7	5	1	60	814	875
8	4	1	61	0	44
8	0	8	62	104	137
8	9	9	63	233	248
8	9	9	64	248	275
8	6	7	65	307	358
8	5	2	66	526	583
8	3	1	67	615	662
8	2	2	68	662	694
9	7	3	69	0	56
9	8	9	70	92	154
9	3	5	71	175	212
9	5	5	72	261	308
9	4	4	73	521	597
9	8	5	74	669	716
9	3	9	75	729	741
9	7	2	76	757	827
9	1	6	77	827	878
10	5	2	78	0	26
10	3	5	79	38	112
10	7	7	80	127	188
10	2	4	81	238	298
10	0	8	82	298	351
10	1	8	83	428	457
10	6	6	84	484	582
10	3	9	85	741	763
10	6	3	86	773	806
11	6	7	87	49	95
11	5	1	88	108	174
11	1	6	89	236	279
11	8	5	90	376	398
11	2	4	91	458	486
11	9	9	92	527	599
11	1	6	93	752	808
11	0	7	94	808	854
12	7	3	95	56	97
12	1	6	96	97	164
12	4	0	97	181	245
12	1	8	98	353	399
12	9	9	99	399	415
12	8	5	100	489	540
12	7	3	101	608	638
12	6	3	102	689	722
12	5	8	103	722	770
12	4	0	104	770	787
13	4	0	105	108	181
13	6	7	106	188	260
13	6	7	107	260	307
13	0	7	108	358	405
13	1	8	109	457	527
13	3	1	110	547	615
13	0	8	111	618	666
13	9	0	112	666	733
13	2	4	113	788	868
13	4	0	114	868	878
14	8	8	115	0	87
14	0	8	116	137	186
14	8	0	117	257	329
14	4	0	118	340	368
14	9	9	119	415	464
14	4	4	120	656	687
14	8	0	121	733	763
15	3	5	122	0	38
15	9	9	123	275	335
15	7	2	124	348	391
15	5	1	125	391	463
15	1	8	126	527	609
15	8	0	127	609	658
15	0	8	128	666	697
15	0	7	129	711	786
15	6	3	130	806	876
16	5	2	131	26	67
16	3	5	132	212	261
16	5	5	133	308	325
16	6	4	134	358	406
16	9	9	135	464	510
16	5	5	136	585	621
16	6	6	137	634	685
17	6	7	138	0	49
17	5	4	139	75	91
17	9	7	140	100	123
17	8	5	141	329	376
17	3	3	142	376	471
17	8	5	143	540	585
17	1	6	144	685	752
17	4	0	145	787	860
18	7	3	146	97	127
18	2	2	147	135	208
18	8	0	148	245	257
18	7	2	149	257	297
18	3	3	150	297	344
18	3	1	151	344	375
18	7	3	152	514	545
18	3	9	153	664	729
18	9	5	154	780	875
19	0	9	155	0	92
19	1	6	156	164	236
19	0	8	157	269	289
19	2	2	158	298	327
19	1	8	159	399	428
19	4	0	160	444	509
19	7	3	161	638	689
19	4	1	162	689	761


Solution History:
