This is the output of Heuristic Solver for Dual resource constrained flexible job shop Scheduling Problem.
Input file is: wfjsp8_1.txt
Method: TS_10000_10_5
Seed: 1
Number of Jobs: 15
Number of Operations: 109
Number of Machines: 5
Number of Operators: 5
CPU Time: 113.471
obj: 1060
Best found lower bound:0
Solver gap (best found lower bound and upper bound difference): Not known


Final Solution:
Job	Machine	Operator	Operation	Start Time	Finish Time
0	2	2	0	167	243
0	4	4	1	310	335
0	2	1	2	383	429
0	1	0	3	555	650
0	4	4	4	757	834
1	1	0	5	329	384
1	2	1	6	563	645
1	4	4	7	660	693
1	4	4	8	719	757
1	0	3	9	818	854
1	4	3	10	854	864
1	1	4	11	886	902
1	2	2	12	907	919
1	1	4	13	1013	1060
2	0	1	14	0	55
2	4	3	15	94	146
2	1	4	16	147	170
2	4	3	17	223	235
2	3	2	18	284	346
2	1	4	19	840	886
2	0	1	20	966	1057
3	0	1	21	55	145
3	3	0	22	197	246
3	4	4	23	529	600
3	4	4	24	600	614
3	3	2	25	702	733
3	4	3	26	905	931
4	2	0	27	135	156
4	1	4	28	182	239
4	1	0	29	246	329
4	4	4	30	335	380
4	0	3	31	415	471
4	0	3	32	471	568
4	3	2	33	989	1041
5	4	3	34	0	15
5	3	0	35	21	73
5	1	4	36	81	105
5	3	2	37	120	153
5	2	1	38	243	313
5	2	1	39	313	383
5	4	4	40	422	455
5	0	3	41	624	722
5	3	0	42	852	875
6	2	0	43	82	135
6	2	2	44	156	167
6	1	4	45	170	182
6	4	4	46	455	529
6	0	3	47	722	730
6	0	3	48	730	738
6	4	3	49	931	969
6	4	3	50	969	1048
7	1	4	51	66	81
7	0	3	52	568	624
7	0	3	53	761	818
7	4	3	54	864	905
7	2	2	55	919	957
8	0	1	56	145	239
8	4	4	57	380	422
8	2	1	58	429	528
8	3	2	59	598	668
8	0	3	60	738	761
8	1	0	61	785	840
9	3	0	62	0	21
9	1	4	63	105	147
9	0	3	64	316	415
9	3	2	65	668	702
9	4	4	66	702	719
9	1	1	67	739	785
9	2	1	68	838	907
9	0	1	69	907	966
9	1	4	70	975	1013
10	1	4	71	0	28
10	1	4	72	28	66
10	3	2	73	82	120
10	3	0	74	156	197
10	2	0	75	650	695
10	2	0	76	695	777
10	2	0	77	976	1057
11	0	3	78	239	316
11	1	0	79	384	474
11	1	0	80	474	555
11	3	0	81	875	917
11	3	0	82	917	934
11	2	2	83	957	975
11	3	2	84	1041	1052
12	4	3	85	15	94
12	3	2	86	459	501
12	2	1	87	528	563
12	3	2	88	733	750
12	3	2	89	750	780
12	2	1	90	785	838
12	1	4	91	902	917
12	1	4	92	917	975
13	4	4	93	239	310
13	3	2	94	346	368
13	3	2	95	368	389
13	3	2	96	389	459
13	3	2	97	501	512
13	1	1	98	650	739
13	3	2	99	780	852
13	0	2	100	854	907
13	3	0	101	934	976
14	2	2	102	0	82
14	4	3	103	146	223
14	3	2	104	246	284
14	3	2	105	512	579
14	3	2	106	579	598
14	4	4	107	614	660
14	3	2	108	976	989


Solution History:
