This is the output of Heuristic Solver for Dual resource constrained flexible job shop Scheduling Problem.
Input file is: wfjsp20_7.txt
Method: TS_10000_10_5
Seed: 1
Number of Jobs: 25
Number of Operations: 200
Number of Machines: 10
Number of Operators: 8
CPU Time: 438.775
obj: 1221
Best found lower bound:0
Solver gap (best found lower bound and upper bound difference): Not known


Final Solution:
Job	Machine	Operator	Operation	Start Time	Finish Time
0	3	4	0	276	351
0	1	2	1	428	437
0	4	7	2	443	483
0	0	1	3	598	693
0	0	1	4	693	716
0	7	0	5	803	843
0	3	1	6	864	892
0	0	5	7	1123	1159
1	9	1	8	0	8
1	4	3	9	290	325
1	2	6	10	326	418
1	5	3	11	552	618
1	9	4	12	649	722
1	7	6	13	722	778
1	9	5	14	790	824
1	7	1	15	911	926
1	7	1	16	926	1003
1	5	3	17	1098	1164
2	1	0	18	0	54
2	7	3	19	325	398
2	3	1	20	527	589
2	4	7	21	589	615
2	4	7	22	615	625
2	8	7	23	625	709
2	6	2	24	730	742
2	7	0	25	843	899
2	8	4	26	915	927
2	6	5	27	927	1005
3	9	0	28	83	126
3	3	6	29	136	162
3	9	1	30	329	396
3	5	4	31	426	506
3	7	1	32	1134	1206
4	7	3	33	0	11
4	8	2	34	34	102
4	4	3	35	102	188
4	5	7	36	196	220
4	9	0	37	428	453
4	5	3	38	618	654
4	1	0	39	654	717
4	9	1	40	722	790
4	4	6	41	822	897
4	1	0	42	1134	1221
5	8	2	43	0	34
5	2	6	44	74	101
5	9	0	45	126	163
5	1	5	46	174	254
5	9	4	47	585	649
5	3	4	48	722	785
6	3	4	49	0	52
6	0	1	50	231	253
6	6	5	51	254	290
6	3	4	52	351	414
6	0	5	53	723	748
6	9	4	54	963	977
6	0	7	55	997	1039
6	2	6	56	1064	1146
6	3	6	57	1182	1221
7	7	7	58	101	140
7	4	0	59	241	263
7	4	7	60	418	443
7	0	6	61	474	510
7	6	5	62	838	887
7	0	2	63	928	993
7	8	2	64	993	1080
7	0	5	65	1159	1207
8	7	3	66	11	88
8	9	6	67	163	245
8	2	2	68	611	669
8	2	2	69	669	730
8	2	2	70	742	759
8	8	3	71	768	822
8	1	2	72	855	914
8	8	4	73	1137	1212
9	7	7	74	140	194
9	7	3	75	196	221
9	2	2	76	241	280
9	8	2	77	354	426
9	5	7	78	830	870
10	1	5	79	138	174
10	8	2	80	280	354
10	0	2	81	527	541
10	4	0	82	570	586
10	2	4	83	859	915
11	0	7	84	80	101
11	1	5	85	113	138
11	0	4	86	138	200
11	7	3	87	221	290
11	5	5	88	380	426
11	6	5	89	426	435
11	1	0	90	482	570
11	1	7	91	717	744
11	5	3	92	902	932
11	7	1	93	1206	1220
12	5	6	94	44	74
12	8	2	95	174	241
12	5	7	96	241	253
12	0	7	97	253	309
12	6	1	98	309	329
12	1	0	99	370	428
12	6	7	100	485	565
12	3	6	101	678	711
12	1	7	102	744	830
12	5	7	103	1039	1098
13	4	6	104	12	44
13	5	1	105	253	308
13	4	5	106	485	538
13	8	2	107	580	611
13	5	3	108	654	712
13	2	2	109	825	855
13	8	7	110	870	904
13	1	2	111	914	928
13	1	5	112	1098	1123
13	5	3	113	1181	1217
14	2	5	114	0	63
14	1	5	115	63	113
14	7	6	116	571	639
14	7	1	117	790	803
14	9	4	118	1013	1058
15	6	7	119	0	39
15	4	0	120	54	83
15	8	3	121	471	552
15	3	6	122	639	678
15	9	3	123	824	902
15	3	0	124	902	997
15	4	0	125	997	1080
15	6	2	126	1189	1220
16	2	6	127	101	136
16	5	7	128	220	237
16	6	7	129	391	418
16	5	5	130	748	784
16	0	1	131	892	911
16	9	4	132	1090	1137
17	3	4	133	52	132
17	5	3	134	188	196
17	4	0	135	200	241
17	9	6	136	245	326
17	2	2	137	437	494
17	2	2	138	759	825
17	8	5	139	825	838
17	8	4	140	927	963
17	2	1	141	1003	1060
18	0	1	142	396	457
18	2	4	143	506	585
18	1	0	144	586	648
18	8	3	145	712	768
18	4	0	146	773	802
18	5	3	147	932	1017
18	6	5	148	1017	1098
18	9	6	149	1146	1182
19	3	4	150	200	276
19	5	5	151	308	380
19	4	3	152	398	413
19	1	0	153	453	482
19	3	2	154	494	527
19	9	6	155	544	571
19	6	5	156	649	723
19	0	6	157	778	822
19	1	6	158	993	1064
19	8	2	159	1080	1111
20	6	1	160	174	231
20	1	0	161	288	370
20	9	1	162	457	527
20	3	1	163	803	864
20	4	6	164	897	993
20	1	4	165	1064	1090
20	7	7	166	1098	1134
20	6	2	167	1180	1189
21	8	1	168	110	170
21	0	7	169	309	391
21	3	6	170	418	437
21	3	6	171	437	474
21	6	2	172	1111	1123
22	5	1	173	82	110
22	3	0	174	163	200
22	7	3	175	413	471
22	8	2	176	552	580
22	8	4	177	838	859
22	9	4	178	977	1013
22	4	0	179	1080	1134
22	5	3	180	1164	1181
23	4	6	181	0	12
23	0	7	182	39	80
23	6	2	183	102	174
23	1	0	184	263	288
23	6	5	185	435	485
23	0	5	186	541	582
23	2	1	187	589	598
23	2	7	188	915	997
23	3	1	189	1060	1134
23	2	7	190	1146	1219
24	9	1	191	8	82
24	5	6	192	510	544
24	6	5	193	582	649
24	4	0	194	717	773
24	6	4	195	785	826
24	6	5	196	887	926
24	7	3	197	1017	1096
24	6	2	198	1123	1180
24	8	4	199	1212	1221


Solution History:
