This is the output of Heuristic Solver for Dual resource constrained flexible job shop Scheduling Problem.
Input file is: wfjsp10_6.txt
Method: TS_10000_10_5
Seed: 1
Number of Jobs: 20
Number of Operations: 160
Number of Machines: 10
Number of Operators: 10
CPU Time: 115.008
obj: 916
Best found lower bound:0
Solver gap (best found lower bound and upper bound difference): Not known


Final Solution:
Job	Machine	Operator	Operation	Start Time	Finish Time
0	3	6	0	27	89
0	3	6	1	89	130
0	1	9	2	152	209
0	9	0	3	209	251
0	2	5	4	261	352
0	1	3	5	358	449
0	5	4	6	449	477
0	3	8	7	494	520
0	5	4	8	684	770
1	2	2	9	158	172
1	5	1	10	227	316
1	8	9	11	358	433
1	8	9	12	433	461
1	6	0	13	497	535
1	9	8	14	586	641
1	0	7	15	652	737
1	4	9	16	827	905
2	0	7	17	0	87
2	5	1	18	159	187
2	1	9	19	248	302
2	7	7	20	341	401
2	9	6	21	402	443
2	5	1	22	518	600
2	5	4	23	609	684
2	3	6	24	848	904
3	0	4	25	88	126
3	0	4	26	126	158
3	0	4	27	158	167
3	7	7	28	184	257
3	4	2	29	263	347
3	0	4	30	397	443
3	1	3	31	449	462
3	8	3	32	559	640
3	9	8	33	735	813
3	9	0	34	859	896
4	6	0	35	0	80
4	0	4	36	178	218
4	3	6	37	225	250
4	4	2	38	387	472
4	1	2	39	472	513
4	3	6	40	529	578
4	1	3	41	640	686
4	8	0	42	792	859
5	1	8	43	59	152
5	4	2	44	174	263
5	0	4	45	348	397
5	2	7	46	401	492
5	0	7	47	492	529
5	7	5	48	537	581
5	8	0	49	684	697
6	9	5	50	0	88
6	3	6	51	130	162
6	5	1	52	214	227
6	9	6	53	251	297
6	9	6	54	297	384
6	2	5	55	384	396
6	8	3	56	478	559
6	1	9	57	562	623
6	1	3	58	686	748
6	5	4	59	770	817
7	8	3	60	0	88
7	0	4	61	167	178
7	3	8	62	252	346
7	7	5	63	401	453
7	7	9	64	669	690
7	0	7	65	737	766
7	7	5	66	812	897
8	7	9	67	83	130
8	8	3	68	257	343
8	3	8	69	346	407
8	6	1	70	407	422
8	7	9	71	690	724
8	8	0	72	750	792
9	4	0	73	84	174
9	6	0	74	350	388
9	9	6	75	485	529
9	4	9	76	537	546
9	2	4	77	585	609
9	9	8	78	641	735
9	3	6	79	759	848
9	2	4	80	858	869
10	7	7	81	159	184
10	3	6	82	214	225
10	6	0	83	252	350
10	9	6	84	384	402
10	6	1	85	422	497
10	7	5	86	581	669
10	8	0	87	697	750
10	0	3	88	783	807
10	6	1	89	868	903
11	4	2	90	0	84
11	2	5	91	352	371
11	0	9	92	461	479
11	0	7	93	614	652
11	7	5	94	763	812
11	2	4	95	869	912
12	2	4	96	0	88
12	9	5	97	88	177
12	5	1	98	187	214
12	0	4	99	218	284
12	1	9	100	302	358
12	6	0	101	388	400
12	9	6	102	443	485
12	1	2	103	513	562
12	3	6	104	578	593
12	7	5	105	728	763
13	1	9	106	0	22
13	8	3	107	88	124
13	2	4	108	492	585
13	3	6	109	593	628
13	3	6	110	628	656
13	6	1	111	693	777
13	1	1	112	783	809
13	1	1	113	809	862
14	6	2	114	84	158
14	6	8	115	158	252
14	7	7	116	257	341
14	5	0	117	403	436
14	8	0	118	461	478
14	5	0	119	478	490
14	5	1	120	497	518
14	0	7	121	529	614
15	3	6	122	0	16
15	1	1	123	22	50
15	2	5	124	177	261
15	0	4	125	284	348
15	8	0	126	640	684
15	6	2	127	777	868
15	1	2	128	868	913
16	3	6	129	16	27
16	5	1	130	59	140
16	7	1	131	140	159
16	3	6	132	162	214
16	2	5	133	669	728
16	2	2	134	732	749
16	1	3	135	749	783
16	2	7	136	783	858
16	8	7	137	859	916
17	5	8	138	0	59
17	2	7	139	88	149
17	5	1	140	316	403
17	7	5	141	453	537
17	4	2	142	562	650
17	3	6	143	656	688
17	3	6	144	688	759
17	5	8	145	817	912
18	7	9	146	22	83
18	1	9	147	209	248
18	3	8	148	407	494
18	9	8	149	529	586
18	4	2	150	650	732
19	7	1	151	0	22
19	8	3	152	124	162
19	8	3	153	162	257
19	4	2	154	347	387
19	4	9	155	479	537
19	6	0	156	537	605
19	6	1	157	605	693
19	4	9	158	732	827
19	0	3	159	827	916


Solution History:
