This is the output of Heuristic Solver for Dual resource constrained flexible job shop Scheduling Problem.
Input file is: wfjsp20_1.txt
Method: TS_10000_10_5
Seed: 1
Number of Jobs: 25
Number of Operations: 179
Number of Machines: 10
Number of Operators: 8
CPU Time: 450.902
obj: 1091
Best found lower bound:0
Solver gap (best found lower bound and upper bound difference): Not known


Final Solution:
Job	Machine	Operator	Operation	Start Time	Finish Time
0	8	6	0	0	74
0	6	4	1	160	185
0	6	0	2	200	247
0	0	6	3	663	746
0	5	0	4	1006	1085
1	3	0	5	260	315
1	6	4	6	335	412
1	3	1	7	634	669
1	5	5	8	685	719
1	4	0	9	776	815
1	3	1	10	844	853
1	5	0	11	875	891
1	7	3	12	897	911
1	1	3	13	1038	1088
2	0	2	14	158	213
2	6	3	15	252	304
2	5	5	16	318	343
2	3	1	17	375	384
2	0	2	18	754	805
2	5	5	19	831	875
2	6	6	20	875	958
3	2	4	21	224	306
3	8	5	22	343	389
3	3	7	23	392	470
3	8	6	24	488	502
3	9	5	25	655	685
3	0	7	26	1044	1068
4	7	5	27	123	147
4	9	2	28	374	427
4	8	7	29	583	660
4	4	4	30	675	714
4	3	5	31	719	774
4	4	1	32	945	1046
4	4	1	33	1046	1089
5	3	5	34	0	13
5	7	0	35	153	200
5	0	2	36	213	235
5	2	4	37	306	335
5	8	1	38	389	455
5	2	1	39	776	834
5	2	4	40	868	900
5	1	0	41	916	1006
5	6	5	42	1066	1091
6	2	0	43	0	53
6	4	0	44	247	260
6	0	5	45	389	403
6	8	6	46	502	574
6	2	0	47	767	776
6	3	1	48	853	862
6	2	4	49	900	936
6	2	2	50	1013	1088
7	0	4	51	10	25
7	4	1	52	27	85
7	3	3	53	195	252
7	0	3	54	494	536
7	8	7	55	927	967
8	3	5	56	13	99
8	2	4	57	124	160
8	1	6	58	225	308
8	0	2	59	320	374
8	6	5	60	449	475
8	0	2	61	540	595
9	2	4	62	66	84
9	4	1	63	123	161
9	4	6	64	398	488
9	6	4	65	603	637
9	0	5	66	637	655
9	2	2	67	670	720
9	0	2	68	805	855
9	0	2	69	855	914
9	5	5	70	957	994
10	9	4	71	41	66
10	0	2	72	235	277
10	8	5	73	277	318
10	3	4	74	559	603
10	2	0	75	722	767
10	6	7	76	777	853
10	8	7	77	967	1044
11	5	2	78	0	75
11	8	6	79	75	169
11	7	1	80	455	525
11	6	4	81	637	675
11	1	3	82	687	704
11	9	4	83	751	769
11	4	1	84	834	844
12	7	7	85	0	77
12	5	0	86	361	402
12	6	0	87	422	449
12	0	3	88	475	494
12	7	1	89	525	561
12	4	1	90	581	634
12	5	1	91	759	776
12	0	2	92	914	960
13	3	3	93	119	195
13	2	4	94	202	224
13	4	2	95	277	298
13	3	3	96	315	375
13	4	6	97	386	398
13	8	1	98	669	759
13	9	7	99	853	927
13	2	4	100	936	993
13	9	4	101	993	1037
14	1	0	102	449	535
14	9	5	103	562	637
14	4	4	104	714	751
14	3	5	105	774	831
14	4	4	106	850	868
14	8	5	107	875	916
14	0	7	108	1068	1082
15	1	3	109	0	80
15	1	6	110	169	225
15	4	6	111	308	386
15	5	0	112	402	422
15	8	4	113	467	488
15	4	4	114	488	559
15	2	1	115	561	581
15	1	6	116	582	663
15	8	6	117	783	875
16	6	4	118	0	10
16	9	5	119	99	123
16	1	0	120	134	153
16	5	2	121	427	509
16	1	0	122	535	582
16	2	2	123	595	670
16	1	0	124	815	873
16	7	3	125	911	960
16	7	6	126	1020	1056
16	8	6	127	1056	1087
17	9	1	128	0	27
17	9	7	129	160	253
17	8	5	130	253	276
17	0	2	131	298	320
17	7	6	132	746	783
18	6	4	133	25	41
18	2	4	134	84	124
18	7	7	135	253	331
18	1	3	136	375	432
18	5	7	137	546	583
18	6	7	138	687	777
18	7	3	139	783	819
18	3	1	140	862	945
18	6	3	141	960	1038
18	9	4	142	1038	1086
19	0	2	143	75	158
19	5	5	144	160	232
19	1	0	145	315	361
19	7	5	146	403	442
19	6	3	147	536	594
19	5	0	148	594	675
19	3	5	149	994	1066
20	7	1	150	85	123
20	8	1	151	179	231
20	5	1	152	232	304
20	7	7	153	331	392
20	2	4	154	412	467
21	1	3	155	80	119
21	7	0	156	675	722
21	7	3	157	819	897
21	5	5	158	916	957
21	0	2	159	960	1013
22	6	0	160	53	134
22	2	7	161	470	546
22	4	0	162	891	916
22	7	6	163	960	977
22	7	6	164	977	1020
23	2	1	165	161	179
23	4	4	166	185	202
23	9	1	167	304	360
23	5	2	168	509	540
23	1	7	169	663	687
23	1	3	170	704	783
24	5	7	171	77	160
24	7	5	172	232	253
24	0	3	173	432	475
24	9	5	174	475	562
24	7	3	175	594	670
24	5	2	176	720	754
24	9	4	177	769	807
24	9	4	178	807	850


Solution History:
