This is the output of Heuristic Solver for Dual resource constrained flexible job shop Scheduling Problem.
Input file is: wfjsp11_7.txt
Method: TS_10000_10_5
Seed: 1
Number of Jobs: 20
Number of Operations: 199
Number of Machines: 10
Number of Operators: 10
CPU Time: 211.3
obj: 1019
Best found lower bound:0
Solver gap (best found lower bound and upper bound difference): Not known


Final Solution:
Job	Machine	Operator	Operation	Start Time	Finish Time
0	3	5	0	0	75
0	0	0	1	147	162
0	1	7	2	366	402
0	0	5	3	413	514
0	1	1	4	700	725
0	1	4	5	725	766
1	0	0	6	0	40
1	5	2	7	54	93
1	3	0	8	138	147
1	0	0	9	162	203
1	4	4	10	218	300
1	6	2	11	313	377
1	3	2	12	383	462
1	9	9	13	477	533
1	9	2	14	546	587
1	7	8	15	602	620
1	9	8	16	811	883
1	6	9	17	894	962
1	4	9	18	963	1017
2	8	4	19	0	66
2	9	8	20	79	144
2	7	9	21	144	174
2	8	7	22	204	215
2	2	1	23	227	312
2	1	0	24	350	366
2	8	4	25	372	430
2	6	6	26	447	461
2	7	3	27	501	582
2	8	4	28	584	641
2	3	5	29	681	706
2	7	9	30	706	780
2	0	3	31	795	868
3	6	6	32	0	81
3	4	0	33	82	94
3	8	7	34	95	165
3	7	8	35	174	248
3	5	6	36	253	276
3	0	3	37	308	328
3	7	0	38	366	404
3	8	4	39	430	501
3	5	5	40	514	589
3	9	9	41	630	705
3	5	6	42	763	844
3	0	1	43	972	1007
4	1	4	44	136	165
4	8	7	45	165	204
4	8	5	46	222	308
4	7	0	47	404	460
4	3	2	48	462	522
4	1	9	49	533	590
4	9	2	50	590	616
4	1	1	51	630	662
4	2	7	52	693	783
4	9	2	53	894	924
4	1	4	54	936	952
4	7	3	55	952	1010
5	2	3	56	0	84
5	3	5	57	100	138
5	5	6	58	276	316
5	0	0	59	328	350
5	3	5	60	361	383
5	2	1	61	395	424
5	2	7	62	513	571
5	4	0	63	618	696
5	4	0	64	696	781
5	4	8	65	883	934
5	3	2	66	934	1003
6	6	6	67	81	165
6	0	0	68	203	259
6	9	9	69	406	477
6	5	3	70	477	500
6	8	4	71	527	584
6	6	6	72	617	681
6	0	3	73	681	754
6	0	3	74	754	795
6	4	9	75	849	872
6	3	5	76	898	934
6	2	7	77	942	1016
7	4	9	78	31	66
7	2	1	79	84	116
7	4	3	80	142	216
7	9	2	81	533	546
7	5	3	82	589	602
8	0	2	83	93	146
8	9	8	84	146	168
8	2	1	85	188	218
8	6	0	86	259	313
8	5	6	87	316	376
8	1	7	88	463	513
8	7	8	89	593	602
8	6	2	90	804	884
8	4	0	91	934	963
9	4	9	92	0	31
9	7	8	93	41	60
9	8	4	94	66	95
9	2	1	95	116	188
9	2	1	96	218	227
9	0	3	97	259	308
9	7	3	98	329	344
9	0	3	99	350	411
9	0	1	100	514	599
9	8	1	101	725	753
9	2	0	102	837	933
10	6	6	103	165	217
10	5	3	104	434	464
10	7	8	105	620	673
10	1	4	106	766	824
10	8	1	107	838	875
10	1	4	108	952	1014
11	3	5	109	75	100
11	5	3	110	222	250
11	7	7	111	353	366
11	6	6	112	377	410
11	6	6	113	410	447
11	4	8	114	448	511
11	6	6	115	571	617
11	8	4	116	641	707
11	8	4	117	707	720
11	3	5	118	755	800
12	7	8	119	0	41
12	1	4	120	165	201
12	4	8	121	329	408
12	4	8	122	408	448
12	4	8	123	511	593
12	0	3	124	602	680
12	5	6	125	681	763
12	2	0	126	795	837
12	8	1	127	875	917
12	1	4	128	917	936
13	1	1	129	0	32
13	1	1	130	32	72
13	5	3	131	129	142
13	1	7	132	218	265
13	1	7	133	265	343
13	7	7	134	344	353
13	7	0	135	460	501
13	5	5	136	602	681
13	9	8	137	705	767
13	4	9	138	781	849
13	6	2	139	884	894
13	8	1	140	917	955
13	6	0	141	963	1009
14	5	2	142	0	54
14	7	9	143	66	140
14	2	1	144	312	395
14	3	0	145	522	580
14	1	1	146	662	691
14	6	2	147	691	776
14	7	7	148	783	868
15	5	3	149	93	129
15	9	9	150	174	243
15	7	8	151	248	329
15	5	3	152	413	434
15	6	2	153	776	804
15	3	5	154	865	898
15	5	6	155	925	951
16	9	7	156	0	79
16	1	0	157	94	136
16	3	2	158	147	216
16	6	6	159	217	253
16	3	2	160	253	310
16	9	9	161	310	406
16	2	1	162	424	507
16	6	6	163	507	571
16	2	7	164	571	667
16	2	7	165	667	693
16	3	5	166	718	755
16	2	0	167	783	795
16	3	5	168	800	865
16	7	7	169	868	942
16	0	1	170	955	972
17	4	4	171	95	136
17	1	4	172	201	218
17	3	2	173	218	251
17	9	9	174	273	305
17	3	5	175	310	361
17	5	5	176	383	413
17	8	4	177	501	527
17	3	0	178	580	618
17	3	2	179	618	681
17	7	8	180	681	702
17	3	5	181	706	718
17	9	8	182	767	811
17	5	6	183	844	925
17	9	8	184	934	958
17	9	8	185	958	1019
18	0	0	186	40	82
18	1	1	187	691	700
18	8	1	188	753	838
18	0	3	189	868	948
18	5	6	190	951	1017
19	5	5	191	142	222
19	9	9	192	243	273
19	8	4	193	308	372
19	1	7	194	402	463
19	6	6	195	463	500
19	1	9	196	590	630
19	1	4	197	824	912
19	8	5	198	955	1008


Solution History:
