This is the output of Heuristic Solver for Dual resource constrained flexible job shop Scheduling Problem.
Input file is: Dauzere_10a.txt
Method: CP_LBBD_CP
Seed: 1
Number of Jobs: 15
Number of Operations: 293
Number of Machines: 8
Number of Operators: 6
CPU Time: 3600.17
obj: 2930
Best found lower bound:2848
Solver gap (best found lower bound and upper bound difference): Not known


Final Solution:
Job	Machine	Operator	Operation	Start Time	Finish Time
0	3	1	0	368	395
0	7	5	1	620	684
0	0	0	2	1358	1400
0	3	1	3	1584	1667
0	6	4	4	1742	1770
0	2	3	5	1807	1872
0	7	5	6	1901	1934
0	5	2	7	1934	1950
0	7	5	8	2152	2212
0	5	2	9	2226	2316
0	0	0	10	2316	2358
0	4	5	11	2380	2474
0	4	5	12	2581	2652
0	3	1	13	2722	2768
0	0	0	14	2790	2879
1	5	2	15	0	68
1	5	2	16	68	102
1	2	3	17	122	214
1	7	5	18	214	238
1	2	3	19	272	302
1	0	2	20	321	415
1	6	4	21	631	656
1	7	5	22	684	760
1	4	0	23	934	971
1	6	3	24	1076	1143
1	3	2	25	1398	1449
1	6	4	26	1451	1508
1	2	3	27	1560	1599
1	1	3	28	1599	1655
1	0	0	29	1763	1835
1	5	2	30	2045	2122
1	6	4	31	2363	2443
1	5	4	32	2462	2549
1	6	4	33	2549	2593
1	2	3	34	2623	2712
2	0	0	35	122	202
2	0	0	36	202	226
2	5	3	37	302	390
2	4	0	38	501	579
2	4	0	39	692	742
2	4	0	40	775	834
2	5	4	41	852	910
2	7	5	42	946	989
2	5	4	43	989	1086
2	7	5	44	1096	1135
2	4	0	45	1149	1210
2	1	1	46	1213	1285
2	2	3	47	1406	1467
2	3	1	48	1725	1781
2	4	5	49	1934	1973
2	1	1	50	2007	2039
2	1	1	51	2039	2087
2	6	4	52	2130	2208
2	6	4	53	2208	2288
2	1	1	54	2351	2420
2	0	0	55	2420	2494
2	6	4	56	2593	2637
2	2	3	57	2712	2774
3	6	3	58	0	65
3	5	2	59	191	260
3	6	4	60	328	425
3	4	0	61	742	775
3	3	1	62	826	888
3	1	1	63	935	963
3	1	1	64	963	1024
3	5	4	65	1086	1123
3	5	4	66	1176	1271
3	6	3	67	1325	1360
3	4	0	68	1468	1545
3	0	2	69	1587	1628
3	0	2	70	1628	1693
3	0	0	71	2494	2585
3	4	5	72	2652	2722
3	5	2	73	2722	2809
3	1	1	74	2842	2889
3	6	4	75	2893	2930
4	4	5	76	0	58
4	7	4	77	65	156
4	6	4	78	156	200
4	4	0	79	226	307
4	4	0	80	307	355
4	7	5	81	440	538
4	4	0	82	623	692
4	5	3	83	721	817
4	1	1	84	888	935
4	6	4	85	948	985
4	7	5	86	989	1051
4	4	0	87	1053	1149
4	4	5	88	1224	1292
4	5	4	89	1357	1417
4	4	0	90	1593	1686
4	6	4	91	1770	1824
4	5	2	92	1830	1931
4	3	2	93	2498	2563
4	1	1	94	2635	2722
4	6	4	95	2786	2857
4	4	5	96	2907	2930
5	3	1	97	335	368
5	3	2	98	642	676
5	6	4	99	752	775
5	0	2	100	988	1090
5	7	5	101	1312	1407
5	7	5	102	1499	1566
5	5	4	103	1586	1607
5	3	1	104	1818	1907
5	1	1	105	1934	1975
5	7	5	106	1975	2048
5	2	3	107	2067	2116
5	2	3	108	2116	2206
5	5	2	109	2695	2722
5	6	4	110	2748	2786
5	5	2	111	2834	2918
6	4	0	112	426	501
6	2	3	113	568	660
6	1	1	114	769	826
6	5	4	115	910	948
6	5	4	116	1123	1176
6	3	1	117	1458	1525
6	3	1	118	1667	1725
6	4	5	119	1763	1860
6	2	3	120	1950	2016
6	0	0	121	2062	2138
6	5	2	122	2211	2226
6	4	5	123	2253	2292
6	7	5	124	2292	2351
6	3	2	125	2415	2467
6	4	5	126	2558	2581
6	3	2	127	2639	2695
6	4	5	128	2761	2851
7	4	5	129	58	116
7	6	4	130	200	275
7	7	5	131	326	362
7	3	2	132	415	472
7	0	2	133	508	565
7	4	0	134	579	623
7	3	2	135	676	750
7	3	2	136	750	789
7	7	5	137	805	875
7	7	5	138	875	946
7	3	2	139	1162	1207
7	7	4	140	1271	1288
7	4	0	141	1298	1337
7	2	3	142	1360	1406
7	7	5	143	1407	1499
7	0	2	144	1520	1587
7	4	5	145	1860	1901
7	0	0	146	1901	1968
7	1	1	147	1975	2007
7	6	4	148	2033	2063
7	6	4	149	2063	2130
7	2	3	150	2344	2406
7	0	0	151	2646	2713
7	7	5	152	2722	2761
7	0	0	153	2879	2926
8	3	1	154	0	76
8	0	0	155	76	122
8	4	5	156	122	207
8	1	3	157	214	272
8	7	5	158	362	440
8	5	3	159	449	487
8	7	5	160	538	620
8	6	3	161	817	863
8	6	3	162	863	939
8	7	5	163	1051	1096
8	3	2	164	1136	1162
8	7	5	165	1162	1224
8	6	3	166	1234	1325
8	0	0	167	1337	1358
8	5	4	168	1417	1451
8	2	3	169	1467	1560
8	6	4	170	1655	1742
8	5	2	171	1781	1830
8	3	1	172	2167	2254
8	5	2	173	2316	2359
8	0	0	174	2585	2646
8	6	4	175	2684	2748
8	0	0	176	2758	2790
9	3	1	177	138	204
9	2	3	178	390	449
9	6	4	179	449	540
9	5	4	180	817	852
9	4	0	181	852	934
9	2	3	182	988	1030
9	6	3	183	1030	1076
9	3	2	184	1090	1136
9	0	0	185	1210	1298
9	0	0	186	1400	1468
9	5	4	187	1520	1586
9	4	0	188	1686	1763
9	1	1	189	1907	1934
9	2	3	190	2016	2067
9	5	2	191	2387	2415
9	1	1	192	2420	2467
9	3	2	193	2467	2498
9	5	2	194	2563	2639
9	2	3	195	2774	2868
10	7	4	196	0	65
10	5	2	197	102	191
10	3	1	198	204	263
10	3	1	199	487	572
10	1	1	200	572	635
10	5	3	201	660	721
10	1	1	202	1120	1213
10	3	2	203	1265	1315
10	3	2	204	1315	1398
10	7	5	205	1683	1756
10	6	4	206	1824	1872
10	0	0	207	1968	2062
10	5	2	208	2122	2211
10	4	5	209	2212	2253
10	6	4	210	2288	2363
10	2	3	211	2457	2481
10	3	1	212	2572	2635
10	5	2	213	2809	2834
10	2	3	214	2868	2927
11	3	1	215	76	107
11	7	5	216	238	326
11	2	3	217	541	568
11	0	2	218	789	877
11	0	2	219	877	935
11	3	2	220	935	988
11	3	1	221	1024	1086
11	7	5	222	1135	1156
11	5	4	223	1288	1357
11	5	2	224	1451	1520
11	4	0	225	1545	1593
11	5	4	226	1607	1655
11	1	1	227	1781	1818
11	0	0	228	1859	1881
11	1	1	229	2087	2167
11	0	0	230	2222	2234
11	3	1	231	2254	2351
11	7	5	232	2351	2380
11	7	5	233	2474	2558
11	5	4	234	2639	2684
11	0	0	235	2713	2758
12	0	0	236	0	44
12	1	3	237	65	122
12	0	2	238	260	321
12	1	1	239	395	460
12	0	2	240	472	508
12	5	4	241	540	631
12	1	1	242	680	769
12	2	3	243	939	988
12	3	1	244	1525	1584
12	2	3	245	1872	1950
12	3	2	246	1950	2045
12	0	0	247	2138	2222
12	2	3	248	2251	2344
12	0	0	249	2358	2420
12	6	4	250	2443	2462
12	2	3	251	2481	2572
13	3	1	252	263	335
13	0	2	253	565	642
13	6	4	254	656	752
13	7	5	255	760	805
13	3	2	256	1207	1265
13	1	1	257	1285	1348
13	7	5	258	1647	1683
13	5	2	259	1693	1781
13	0	0	260	1835	1859
13	0	0	261	1881	1901
13	5	4	262	1964	2033
13	4	5	263	2087	2152
13	2	3	264	2206	2251
13	1	1	265	2467	2531
13	3	1	266	2768	2842
13	4	5	267	2851	2907
14	3	1	268	107	138
14	6	4	269	275	328
14	4	0	270	355	426
14	1	1	271	460	487
14	5	3	272	487	526
14	2	3	273	526	541
14	1	1	274	635	680
14	6	4	275	775	798
14	4	0	276	971	1053
14	1	1	277	1086	1120
14	2	3	278	1143	1234
14	7	5	279	1292	1312
14	1	1	280	1348	1409
14	1	1	281	1409	1458
14	7	5	282	1566	1647
14	1	3	283	1655	1734
14	2	3	284	1734	1807
14	6	4	285	1872	1964
14	4	5	286	2048	2087
14	0	0	287	2234	2288
14	5	2	288	2359	2387
14	2	3	289	2406	2457
14	1	1	290	2531	2572
14	2	3	291	2572	2623
14	6	4	292	2857	2893


Solution History:
