This is the output of Heuristic Solver for Dual resource constrained flexible job shop Scheduling Problem.
Input file is: Dauzere_09a.txt
Method: CP_LBBD_CP
Seed: 1
Number of Jobs: 15
Number of Operations: 293
Number of Machines: 8
Number of Operators: 6
CPU Time: 3600.13
obj: 2883
Best found lower bound:2829
Solver gap (best found lower bound and upper bound difference): Not known


Final Solution:
Job	Machine	Operator	Operation	Start Time	Finish Time
0	1	3	0	662	687
0	6	4	1	713	780
0	1	3	2	1034	1067
0	6	4	3	1139	1225
0	7	5	4	1270	1295
0	5	4	5	1410	1478
0	4	0	6	1501	1533
0	1	1	7	1564	1575
0	4	0	8	1662	1730
0	0	0	9	1936	2030
0	6	4	10	2032	2074
0	2	3	11	2101	2197
0	6	4	12	2418	2484
0	1	1	13	2666	2711
0	5	2	14	2792	2883
1	6	4	15	63	137
1	4	5	16	172	207
1	5	2	17	273	370
1	2	3	18	440	458
1	5	2	19	513	539
1	7	5	20	644	737
1	7	5	21	737	759
1	7	5	22	812	893
1	4	0	23	951	988
1	2	3	24	1067	1135
1	5	2	25	1169	1220
1	1	1	26	1334	1392
1	0	0	27	1463	1501
1	0	2	28	1513	1568
1	4	5	29	1816	1887
1	5	2	30	2043	2123
1	3	1	31	2273	2356
1	5	2	32	2410	2499
1	5	2	33	2517	2556
1	0	0	34	2785	2883
2	7	5	35	0	75
2	0	0	36	82	106
2	0	0	37	106	198
2	0	0	38	198	278
2	0	0	39	278	325
2	4	5	40	411	475
2	3	1	41	608	661
2	3	1	42	740	782
2	4	0	43	785	880
2	7	5	44	893	929
2	1	3	45	955	1016
2	7	5	46	1200	1270
2	4	0	47	1349	1410
2	1	1	48	1437	1493
2	6	4	49	1550	1582
2	1	3	50	1763	1787
2	1	3	51	1787	1828
2	2	3	52	2013	2089
2	1	3	53	2197	2279
2	7	4	54	2348	2418
2	2	3	55	2474	2546
2	0	0	56	2679	2723
2	0	0	57	2723	2785
3	6	4	58	0	63
3	1	3	59	369	440
3	7	5	60	475	573
3	2	3	61	634	662
3	4	0	62	722	785
3	0	2	63	844	865
3	0	2	64	865	929
3	7	5	65	929	965
3	2	3	66	1343	1442
3	2	3	67	1442	1473
3	6	4	68	1629	1714
3	5	2	69	1797	1837
3	7	5	70	1887	1953
3	7	4	71	2074	2169
3	4	5	72	2260	2332
3	4	5	73	2532	2626
3	4	5	74	2725	2772
3	2	3	75	2847	2882
4	5	2	76	0	54
4	5	2	77	54	146
4	5	2	78	146	189
4	5	2	79	189	273
4	3	1	80	273	318
4	7	4	81	362	456
4	2	3	82	468	538
4	5	2	83	582	688
4	5	2	84	688	733
4	6	4	85	864	893
4	6	3	86	893	955
4	1	3	87	1177	1275
4	5	2	88	1319	1388
4	0	2	89	1614	1678
4	0	0	90	1765	1863
4	0	0	91	1863	1912
4	3	2	92	1939	2043
4	3	1	93	2112	2180
4	6	4	94	2484	2573
4	1	1	95	2594	2666
4	3	2	96	2773	2792
5	6	4	97	684	713
5	5	2	98	733	768
5	5	4	99	780	801
5	5	2	100	1069	1169
5	4	0	101	1211	1305
5	2	3	102	1473	1540
5	2	3	103	1680	1699
5	3	1	104	1707	1799
5	3	1	105	1799	1835
5	4	5	106	2035	2110
5	0	0	107	2330	2377
5	0	0	108	2377	2477
5	0	0	109	2477	2503
5	2	3	110	2546	2582
5	7	4	111	2720	2812
6	0	0	112	360	437
6	3	1	113	512	608
6	3	1	114	904	956
6	5	2	115	1029	1069
6	6	4	116	1088	1139
6	3	1	117	1177	1246
6	7	5	118	1295	1356
6	4	0	119	1533	1631
6	6	4	120	1754	1828
6	4	5	121	1953	2035
6	3	1	122	2070	2080
6	1	1	123	2080	2112
6	7	5	124	2201	2260
6	0	0	125	2274	2330
6	3	1	126	2381	2400
6	0	0	127	2561	2616
6	1	1	128	2788	2882
7	3	1	129	0	53
7	3	1	130	53	126
7	7	5	131	139	172
7	3	1	132	178	226
7	6	4	133	250	304
7	4	5	134	370	411
7	6	4	135	456	534
7	2	3	136	768	804
7	4	0	137	880	951
7	3	1	138	956	1029
7	4	0	139	1062	1101
7	0	0	140	1101	1118
7	6	4	141	1225	1259
7	3	1	142	1392	1437
7	7	5	143	1442	1538
7	1	3	144	1615	1680
7	6	4	145	1714	1754
7	3	1	146	1835	1903
7	0	0	147	1912	1936
7	7	4	148	2007	2032
7	0	0	149	2118	2186
7	3	1	150	2465	2526
7	1	1	151	2526	2594
7	3	1	152	2711	2747
7	2	3	153	2802	2847
8	1	3	154	0	86
8	1	3	155	86	130
8	1	3	156	130	218
8	1	3	157	218	271
8	3	1	158	318	393
8	3	1	159	393	428
8	5	2	160	429	513
8	5	2	161	539	582
8	1	3	162	687	768
8	3	1	163	782	824
8	2	3	164	1016	1034
8	1	1	165	1092	1161
8	6	4	166	1259	1359
8	4	0	167	1410	1426
8	4	0	168	1426	1463
8	5	2	169	1678	1780
8	2	3	170	1843	1930
8	5	2	171	2123	2169
8	6	4	172	2222	2309
8	2	3	173	2415	2456
8	0	0	174	2503	2561
8	0	0	175	2616	2679
8	6	4	176	2812	2844
9	7	5	177	75	139
9	4	5	178	312	370
9	1	3	179	538	634
9	0	0	180	653	688
9	3	1	181	824	904
9	7	5	182	965	1010
9	2	3	183	1135	1174
9	5	2	184	1279	1319
9	7	5	185	1356	1442
9	5	3	186	1540	1615
9	2	3	187	1699	1763
9	6	4	188	1828	1906
9	7	4	189	1984	2007
9	6	4	190	2169	2222
9	1	3	191	2279	2298
9	4	5	192	2332	2376
9	6	3	193	2391	2415
9	4	5	194	2452	2532
9	4	5	195	2626	2725
10	4	0	196	22	82
10	1	3	197	271	369
10	5	2	198	370	429
10	0	0	199	437	526
10	0	0	200	590	653
10	6	4	201	801	864
10	7	5	202	1010	1105
10	4	5	203	1148	1200
10	3	1	204	1246	1334
10	6	4	205	1478	1550
10	0	2	206	1568	1614
10	1	1	207	1903	1999
10	3	1	208	2180	2273
10	6	4	209	2309	2348
10	4	5	210	2376	2452
10	2	3	211	2456	2474
10	2	3	212	2582	2645
10	2	3	213	2731	2751
10	4	5	214	2820	2883
11	6	4	215	137	159
11	6	4	216	159	250
11	1	1	217	486	512
11	6	4	218	534	624
11	7	5	219	759	812
11	1	3	220	839	892
11	3	1	221	1029	1092
11	1	1	222	1161	1177
11	2	3	223	1275	1343
11	1	1	224	1493	1564
11	6	4	225	1582	1629
11	3	1	226	1658	1707
11	4	0	227	1730	1765
11	5	2	228	1780	1797
11	2	3	229	1930	2013
11	2	3	230	2089	2101
11	5	2	231	2237	2342
11	5	2	232	2342	2370
11	5	2	233	2556	2640
11	6	3	234	2695	2731
11	1	1	235	2747	2788
12	3	1	236	226	273
12	7	4	237	304	362
12	3	1	238	428	486
12	6	4	239	624	684
12	0	0	240	688	722
12	0	2	241	929	1029
12	0	0	242	1118	1211
12	4	0	243	1305	1349
12	0	2	244	1388	1450
12	3	1	245	1575	1658
12	5	2	246	1837	1939
12	4	5	247	2110	2201
12	2	3	248	2298	2391
12	3	1	249	2400	2465
12	5	2	250	2499	2517
12	5	2	251	2640	2735
13	4	5	252	573	644
13	0	2	253	768	844
13	6	4	254	986	1088
13	4	5	255	1105	1148
13	0	2	256	1220	1279
13	3	2	257	1450	1513
13	4	0	258	1631	1662
13	7	5	259	1709	1802
13	4	5	260	1802	1816
13	2	3	261	1828	1843
13	1	1	262	1999	2070
13	5	2	263	2169	2237
13	5	2	264	2370	2410
13	6	4	265	2573	2644
13	7	4	266	2644	2720
13	6	3	267	2751	2802
14	4	0	268	0	22
14	3	1	269	126	178
14	4	5	270	207	286
14	4	5	271	286	312
14	0	0	272	325	360
14	2	3	273	458	468
14	0	0	274	526	572
14	0	0	275	572	590
14	3	1	276	661	740
14	1	3	277	804	839
14	5	4	278	893	986
14	4	0	279	988	1002
14	4	0	280	1002	1062
14	6	4	281	1359	1410
14	7	5	282	1538	1625
14	7	5	283	1625	1709
14	6	4	284	1906	1984
14	0	0	285	2030	2118
14	0	0	286	2186	2220
14	0	0	287	2220	2274
14	1	1	288	2356	2381
14	6	3	289	2645	2695
14	5	2	290	2735	2773
14	4	5	291	2773	2820
14	7	4	292	2844	2879


Solution History:
