This is the output of Heuristic Solver for Dual resource constrained flexible job shop Scheduling Problem.
Input file is: wfjsp13_9.txt
Method: CP_LBBD_CP
Seed: 1
Number of Jobs: 25
Number of Operations: 258
Number of Machines: 15
Number of Operators: 15
CPU Time: 3600.41
obj: 970
Best found lower bound:826
Solver gap (best found lower bound and upper bound difference): Not known


Final Solution:
Job	Machine	Operator	Operation	Start Time	Finish Time
0	14	4	0	0	92
0	12	7	1	122	166
0	6	0	2	167	228
0	2	1	3	267	335
0	10	10	4	337	369
0	10	10	5	369	470
0	8	5	6	471	530
0	8	5	7	544	563
0	4	9	8	573	631
0	2	8	9	647	708
0	6	0	10	749	851
0	0	6	11	874	966
1	9	12	12	97	181
1	4	13	13	194	245
1	11	11	14	266	290
1	14	12	15	319	377
1	2	8	16	421	437
1	10	10	17	470	576
1	0	6	18	740	760
1	13	4	19	760	785
1	2	4	20	795	827
1	8	7	21	827	871
1	14	9	22	882	894
1	5	0	23	951	970
2	11	0	24	0	20
2	11	10	25	20	79
2	10	11	26	107	165
2	11	10	27	184	266
2	11	11	28	399	502
2	10	10	29	576	678
2	11	5	30	707	762
2	0	6	31	814	874
2	2	3	32	903	959
3	3	6	33	50	137
3	3	6	34	137	151
3	5	6	35	167	268
3	8	5	36	365	401
3	12	7	37	413	432
3	4	0	38	469	482
3	9	1	39	482	537
3	12	7	40	678	736
3	14	13	41	760	861
3	14	9	42	861	882
3	5	11	43	923	947
3	6	10	44	951	970
4	8	5	45	56	98
4	4	13	46	146	194
4	9	8	47	307	371
4	9	1	48	537	578
4	9	1	49	623	642
4	4	1	50	698	795
4	4	1	51	795	828
4	4	1	52	845	906
4	4	1	53	906	935
5	2	3	54	39	73
5	9	8	55	181	245
5	8	5	56	282	365
5	9	8	57	371	385
5	6	12	58	419	452
5	14	13	59	544	632
5	10	10	60	678	736
5	12	3	61	762	811
5	5	11	62	839	923
6	12	7	63	0	64
6	13	13	64	78	146
6	9	8	65	245	307
6	5	6	66	356	370
6	14	12	67	377	385
6	6	12	68	388	419
6	14	13	69	452	530
6	0	14	70	551	576
6	0	14	71	576	616
6	9	12	72	642	676
6	13	4	73	687	760
6	13	13	74	888	966
7	7	5	75	0	55
7	2	1	76	155	185
7	7	2	77	252	342
7	8	5	78	401	443
7	0	14	79	496	551
7	6	0	80	554	587
7	13	4	81	592	625
7	11	5	82	670	707
7	1	8	83	764	780
7	7	2	84	797	855
7	8	7	85	922	968
8	9	1	86	0	97
8	2	1	87	97	155
8	6	0	88	250	269
8	14	12	89	294	319
8	12	7	90	323	413
8	13	4	91	436	485
8	8	5	92	586	670
8	1	3	93	674	762
8	7	2	94	855	906
8	11	10	95	936	949
9	3	6	96	14	50
9	12	7	97	64	122
9	10	11	98	165	248
9	1	3	99	254	341
9	8	5	100	443	471
9	13	4	101	485	547
9	9	1	102	578	623
9	1	3	103	652	674
9	3	9	104	693	786
9	1	8	105	918	970
10	0	2	106	0	61
10	5	0	107	70	167
10	7	2	108	182	191
10	7	2	109	191	252
10	0	14	110	278	335
10	7	2	111	342	357
10	1	3	112	357	449
10	12	7	113	508	600
10	8	14	114	670	699
10	12	7	115	736	761
10	3	9	116	786	859
10	1	8	117	859	918
11	0	2	118	61	119
11	3	2	119	151	182
11	6	0	120	228	250
11	6	0	121	269	329
11	1	3	122	553	610
11	7	2	123	623	696
11	8	14	124	699	787
11	10	5	125	818	880
11	4	1	126	935	963
12	1	3	127	0	39
12	2	3	128	73	97
12	5	6	129	268	356
12	4	0	130	389	469
12	11	11	131	502	606
12	13	4	132	625	687
12	2	8	133	708	764
12	8	7	134	795	826
12	6	0	135	906	932
13	4	12	136	0	15
13	4	12	137	15	76
13	14	9	138	92	164
13	3	9	139	182	207
13	0	14	140	215	278
13	2	1	141	335	421
13	3	12	142	491	560
13	1	3	143	610	652
13	10	10	144	736	818
13	10	5	145	880	963
14	6	14	146	0	44
14	4	4	147	92	125
14	7	8	148	139	174
14	12	7	149	251	323
14	6	0	150	329	388
14	5	6	151	429	486
14	13	4	152	547	576
14	5	6	153	656	669
14	0	6	154	669	740
14	2	7	155	764	795
14	12	3	156	811	903
15	10	11	157	0	24
15	5	0	158	24	55
15	11	10	159	79	91
15	1	3	160	97	188
15	4	13	161	245	305
15	0	14	162	335	392
15	9	8	163	392	407
15	12	7	164	432	508
15	7	2	165	536	623
15	4	1	166	642	698
15	7	2	167	698	797
15	11	10	168	845	936
16	7	8	169	56	139
16	12	7	170	166	251
16	3	9	171	322	393
16	3	9	172	440	491
16	4	9	173	491	573
16	0	14	174	616	660
16	14	13	175	694	760
16	9	12	176	787	818
16	2	4	177	827	884
17	8	8	178	0	56
17	5	0	179	56	70
17	0	14	180	120	177
17	2	1	181	185	267
17	14	12	182	278	294
17	11	11	183	294	399
17	7	2	184	452	536
17	2	8	185	549	558
17	5	6	186	587	656
17	11	5	187	762	817
17	12	14	188	903	965
18	13	4	189	286	294
18	14	13	190	389	452
18	6	12	191	452	474
18	8	5	192	563	586
18	6	0	193	587	621
18	14	13	194	632	694
18	9	12	195	758	787
18	3	4	196	884	968
19	2	9	197	0	29
19	6	14	198	44	120
19	13	4	199	146	199
19	3	9	200	207	221
19	3	9	201	221	277
19	3	9	202	277	322
19	7	2	203	357	452
19	5	6	204	486	587
19	5	11	205	669	747
19	1	8	206	780	852
19	8	7	207	871	922
20	1	3	208	188	254
20	1	3	209	341	353
20	0	14	210	392	496
20	2	8	211	524	549
20	12	7	212	600	654
20	12	7	213	654	678
20	6	0	214	696	749
20	5	11	215	749	765
20	9	12	216	818	887
20	6	0	217	932	951
21	1	9	218	39	90
21	4	4	219	125	146
21	0	14	220	177	215
21	3	9	221	393	440
21	1	3	222	449	538
21	13	4	223	576	592
21	11	11	224	606	668
21	13	14	225	787	888
21	14	9	226	894	969
22	14	12	227	181	278
22	10	10	228	278	337
22	5	6	229	370	398
22	2	8	230	437	524
22	14	5	231	530	544
22	3	12	232	560	638
22	3	9	233	638	693
22	9	12	234	887	969
23	13	13	235	0	78
23	11	10	236	91	184
23	8	5	237	191	282
23	13	4	238	294	324
23	13	4	239	324	386
23	13	4	240	386	436
23	1	3	241	538	553
23	2	8	242	558	647
23	9	12	243	676	758
23	0	6	244	760	814
23	11	1	245	828	845
23	6	0	246	851	906
24	3	10	247	0	14
24	10	11	248	24	107
24	8	5	249	107	191
24	13	4	250	199	286
24	4	13	251	305	389
24	5	6	252	398	429
24	9	1	253	429	476
24	6	0	254	482	554
24	6	0	255	621	696
24	5	11	256	765	839
24	7	2	257	906	970


Solution History:
