This is the output of Heuristic Solver for Dual resource constrained flexible job shop Scheduling Problem.
Input file is: wfjsp21_1.txt
Method: CP_LBBD_CP
Seed: 1
Number of Jobs: 25
Number of Operations: 248
Number of Machines: 15
Number of Operators: 12
CPU Time: 3600.17
obj: 1053
Best found lower bound:937
Solver gap (best found lower bound and upper bound difference): Not known


Final Solution:
Job	Machine	Operator	Operation	Start Time	Finish Time
0	7	4	0	0	69
0	7	4	1	69	93
0	7	9	2	93	138
0	5	10	3	239	340
0	9	2	4	427	504
0	13	10	5	640	696
0	1	2	6	703	782
0	4	3	7	795	828
0	12	8	8	849	885
0	7	4	9	945	976
0	1	9	10	1044	1053
1	10	10	11	52	68
1	9	2	12	95	109
1	11	3	13	328	374
1	8	4	14	420	476
1	0	0	15	494	543
1	7	0	16	543	568
1	5	3	17	610	618
1	0	10	18	703	760
1	10	6	19	771	815
1	12	10	20	963	1042
2	4	5	21	163	254
2	13	6	22	267	314
2	12	7	23	482	556
2	12	7	24	556	570
2	11	3	25	577	610
2	8	11	26	619	641
2	10	0	27	679	702
2	14	9	28	744	803
2	3	1	29	892	973
3	4	5	30	294	337
3	11	10	31	400	455
3	4	2	32	606	703
3	13	7	33	703	751
3	12	7	34	751	764
3	6	6	35	815	859
3	6	3	36	959	987
3	11	0	37	987	1024
4	11	3	38	249	328
4	7	10	39	458	517
4	14	11	40	563	600
4	0	10	41	760	848
4	0	10	42	848	871
4	10	4	43	886	945
4	9	9	44	983	996
4	5	11	45	1038	1052
5	4	5	46	0	83
5	5	2	47	109	118
5	5	2	48	118	130
5	10	8	49	130	171
5	10	8	50	171	253
5	1	2	51	293	310
5	4	10	52	340	400
5	2	1	53	458	511
5	12	7	54	570	607
5	10	0	55	637	679
5	0	10	56	871	963
5	6	9	57	1001	1044
6	11	10	58	151	239
6	8	4	59	272	327
6	6	9	60	454	482
6	10	8	61	516	592
6	14	11	62	600	619
6	14	11	63	641	687
6	5	7	64	825	912
6	12	7	65	933	963
6	0	7	66	963	981
7	9	6	67	185	242
7	3	5	68	337	397
7	5	9	69	482	549
7	13	0	70	568	613
7	13	0	71	613	637
7	7	9	72	703	744
7	6	1	73	747	789
7	10	2	74	822	862
7	9	3	75	903	959
8	3	1	76	0	79
8	4	5	77	83	163
8	1	2	78	189	271
8	3	5	79	397	498
8	0	10	80	556	640
8	6	6	81	688	725
8	10	6	82	725	740
8	5	0	83	760	778
8	3	2	84	862	870
8	7	4	85	976	1048
9	14	11	86	326	368
9	4	11	87	409	446
9	1	0	88	466	485
9	9	2	89	550	583
9	9	5	90	595	655
9	9	5	91	716	729
9	12	7	92	764	825
9	8	8	93	949	1022
10	9	2	94	71	95
10	8	6	95	242	267
10	6	9	96	379	454
10	14	7	97	471	482
10	11	3	98	618	720
10	3	8	99	738	813
10	13	5	100	892	951
10	14	7	101	983	1024
11	1	10	102	68	151
11	6	9	103	297	379
11	13	6	104	466	500
11	14	11	105	507	563
11	4	5	106	577	595
11	1	6	107	641	688
11	9	5	108	801	812
11	11	11	109	812	898
11	11	11	110	898	953
12	9	6	111	112	185
12	7	4	112	190	212
12	10	0	113	256	275
12	10	8	114	433	516
12	8	4	115	522	544
12	2	1	116	634	727
12	14	9	117	893	983
12	6	1	118	987	1001
12	11	0	119	1024	1049
13	8	11	120	25	44
13	13	3	121	73	171
13	3	1	122	187	238
13	2	7	123	327	404
13	7	1	124	404	458
13	6	9	125	549	589
13	8	4	126	665	705
13	8	4	127	705	733
13	10	6	128	740	771
13	10	6	129	949	1044
14	8	11	130	0	25
14	13	3	131	45	73
14	3	1	132	79	119
14	6	1	133	119	137
14	0	7	134	143	183
14	12	7	135	183	271
14	12	7	136	271	326
14	13	6	137	351	392
14	2	1	138	511	610
14	0	9	139	666	703
14	4	2	140	870	946
14	5	11	141	953	1038
15	5	3	142	0	45
15	2	8	143	45	125
15	2	0	144	127	210
15	0	0	145	210	256
15	7	8	146	256	293
15	7	8	147	293	354
15	12	8	148	354	433
15	1	6	149	500	588
15	10	8	150	592	629
15	5	0	151	702	760
15	8	4	152	813	868
15	2	2	153	949	1010
16	1	2	154	0	46
16	6	6	155	76	112
16	5	2	156	130	170
16	5	3	157	374	448
16	8	4	158	476	522
16	9	5	159	655	716
16	7	0	160	778	863
16	1	0	161	863	941
17	5	11	162	45	70
17	5	2	163	170	189
17	6	9	164	222	263
17	1	4	165	327	343
17	8	1	166	380	397
17	4	11	167	446	507
17	11	3	168	540	577
17	2	1	169	610	634
17	9	5	170	729	801
17	6	6	171	859	949
17	3	5	172	1032	1053
18	12	7	173	0	56
18	12	7	174	56	143
18	6	9	175	143	222
18	6	9	176	263	297
18	13	6	177	314	351
18	14	11	178	368	409
18	14	7	179	409	442
18	12	7	180	607	695
18	11	11	181	726	783
18	13	5	182	812	892
18	14	7	183	1024	1053
19	6	6	184	0	76
19	8	11	185	128	238
19	3	5	186	254	294
19	2	2	187	310	327
19	9	1	188	327	380
19	13	10	189	517	556
19	7	4	190	579	665
19	14	11	191	687	726
19	6	1	192	727	747
19	5	2	193	782	822
19	4	3	194	987	1052
20	14	9	195	0	91
20	5	4	196	93	103
20	14	4	197	103	190
20	2	4	198	212	272
20	10	0	199	275	326
20	0	0	200	326	371
20	13	6	201	392	466
20	4	5	202	519	577
20	3	8	203	629	689
20	11	11	204	783	810
20	9	3	205	828	903
20	0	8	206	1022	1050
21	2	8	207	0	45
21	9	2	208	46	71
21	13	3	209	171	227
21	13	3	210	227	249
21	1	4	211	343	420
21	3	5	212	498	519
21	6	9	213	589	666
21	3	8	214	689	710
21	8	4	215	733	813
21	8	4	216	868	886
21	1	0	217	941	986
21	2	2	218	1010	1053
22	11	0	219	0	78
22	10	0	220	78	127
22	3	1	221	137	187
22	9	1	222	242	323
22	12	7	223	442	471
22	1	6	224	588	641
22	14	9	225	803	893
22	5	7	226	912	933
22	13	5	227	951	1032
23	0	10	228	0	52
23	8	11	229	70	128
23	0	2	230	271	293
23	10	2	231	327	427
23	5	3	232	448	482
23	6	3	233	482	540
23	8	4	234	544	579
23	4	3	235	720	795
23	3	8	236	813	849
23	7	8	237	885	907
23	9	1	238	1001	1051
24	14	11	239	238	326
24	0	0	240	371	466
24	11	0	241	485	494
24	9	2	242	504	550
24	5	2	243	583	606
24	3	8	244	710	738
24	2	1	245	789	872
24	2	1	246	872	892
24	2	8	247	907	949


Solution History:
