This is the output of Heuristic Solver for Dual resource constrained flexible job shop Scheduling Problem.
Input file is: wfjsp15_5.txt
Method: CP_LBBD_CP
Seed: 1
Number of Jobs: 30
Number of Operations: 360
Number of Machines: 15
Number of Operators: 15
CPU Time: 3600.7
obj: 1208
Best found lower bound:1069
Solver gap (best found lower bound and upper bound difference): Not known


Final Solution:
Job	Machine	Operator	Operation	Start Time	Finish Time
0	5	2	0	0	15
0	8	9	1	15	59
0	2	10	2	171	250
0	12	1	3	260	328
0	8	13	4	347	417
0	1	11	5	617	658
0	1	11	6	658	729
0	7	14	7	756	799
0	10	4	8	819	865
0	12	1	9	889	930
0	12	1	10	930	960
0	5	2	11	1076	1147
1	3	8	12	123	144
1	12	1	13	245	260
1	12	1	14	395	470
1	3	8	15	522	586
1	8	13	16	697	707
1	14	12	17	715	771
1	11	7	18	826	895
1	5	2	19	957	998
1	13	0	20	1008	1040
1	0	13	21	1166	1207
2	0	5	22	179	207
2	4	5	23	241	271
2	4	5	24	335	418
2	2	10	25	566	612
2	11	7	26	646	689
2	13	7	27	691	712
2	7	14	28	748	756
2	0	9	29	786	835
2	6	3	30	1029	1130
2	1	8	31	1143	1208
3	4	12	32	0	64
3	0	12	33	225	306
3	6	3	34	363	443
3	8	13	35	447	485
3	7	14	36	516	530
3	1	11	37	542	594
3	9	9	38	668	751
3	14	12	39	864	934
3	14	12	40	934	999
3	8	11	41	1170	1206
4	10	4	42	39	107
4	7	14	43	163	200
4	0	5	44	207	225
4	8	13	45	271	347
4	8	13	46	515	614
4	14	12	47	629	715
4	12	1	48	769	811
4	13	0	49	876	965
4	14	12	50	1041	1118
4	8	13	51	1118	1128
5	2	10	52	19	60
5	5	2	53	276	355
5	4	5	54	518	548
5	6	3	55	573	673
5	4	5	56	673	693
5	13	0	57	712	751
5	5	2	58	872	957
5	12	1	59	960	974
5	5	2	60	998	1024
5	3	14	61	1048	1117
6	6	3	62	61	76
6	3	8	63	83	123
6	8	13	64	150	184
6	3	8	65	235	332
6	2	10	66	332	413
6	7	14	67	470	516
6	7	14	68	530	584
6	13	0	69	624	642
6	8	13	70	847	931
6	0	9	71	1006	1095
6	12	1	72	1130	1173
7	14	6	73	10	51
7	7	10	74	72	90
7	6	3	75	107	204
7	9	9	76	359	389
7	12	1	77	470	524
7	12	1	78	587	654
7	5	2	79	745	827
7	10	4	80	865	894
7	4	11	81	963	1031
7	13	4	82	1159	1206
8	14	6	83	0	10
8	7	11	84	22	48
8	7	11	85	48	60
8	7	10	86	60	72
8	4	12	87	76	159
8	9	9	88	216	311
8	9	9	89	311	359
8	3	8	90	401	429
8	2	10	91	459	548
8	0	6	92	596	641
8	4	5	93	665	673
8	1	11	94	729	775
8	10	4	95	894	974
8	3	14	96	1005	1048
8	10	4	97	1113	1158
9	7	11	98	0	22
9	0	5	99	38	77
9	5	2	100	98	169
9	10	4	101	175	188
9	7	14	102	200	269
9	4	5	103	271	335
9	14	6	104	342	410
9	2	10	105	413	459
9	11	7	106	544	646
9	4	5	107	693	775
9	11	7	108	895	931
9	10	4	109	974	1074
9	10	4	110	1074	1113
9	7	7	111	1118	1149
10	4	12	112	184	225
10	3	8	113	332	340
10	7	14	114	386	470
10	14	12	115	510	548
10	6	3	116	550	573
10	5	2	117	578	592
10	10	4	118	671	734
10	0	9	119	751	786
10	4	11	120	855	895
10	7	5	121	916	943
10	0	9	122	944	963
10	11	7	123	1022	1098
10	11	6	124	1109	1125
11	6	3	125	28	61
11	12	11	126	63	84
11	1	1	127	86	153
11	0	12	128	306	398
11	0	12	129	398	410
11	0	6	130	410	426
11	8	13	131	485	515
11	9	9	132	516	581
11	9	9	133	659	668
11	5	2	134	679	745
11	12	1	135	754	769
11	6	3	136	769	778
11	0	9	137	860	910
11	3	6	138	929	970
11	12	1	139	1046	1130
12	10	4	140	0	18
12	11	13	141	44	53
12	11	13	142	53	73
12	9	9	143	137	216
12	13	0	144	216	287
12	4	5	145	418	485
12	13	0	146	485	503
12	13	0	147	594	624
12	3	8	148	635	702
12	1	8	149	801	884
12	9	6	150	970	1043
12	13	0	151	1131	1159
12	6	3	152	1168	1203
13	3	7	153	0	67
13	5	2	154	71	98
13	0	5	155	111	179
13	14	6	156	189	243
13	2	10	157	250	328
13	1	11	158	336	353
13	7	14	159	373	386
13	9	9	160	389	471
13	0	6	161	512	596
13	5	2	162	610	679
13	3	8	163	702	767
13	11	7	164	790	826
13	13	0	165	860	876
13	1	8	166	884	938
13	9	6	167	1125	1207
14	2	10	168	0	19
14	13	14	169	23	41
14	2	7	170	67	103
14	2	7	171	103	171
14	5	2	172	192	276
14	12	1	173	328	395
14	13	0	174	415	485
14	14	12	175	566	629
14	6	3	176	778	873
14	6	3	177	883	946
14	2	10	178	976	998
14	2	10	179	998	1019
14	0	9	180	1095	1166
15	0	5	181	0	38
15	3	8	182	67	83
15	9	0	183	88	126
15	10	4	184	132	175
15	6	3	185	204	297
15	3	8	186	429	522
15	4	5	187	593	665
15	10	4	188	734	779
15	9	6	189	804	858
15	7	5	190	943	1014
15	5	2	191	1024	1051
15	7	0	192	1159	1207
16	13	14	193	0	23
16	5	2	194	56	71
16	0	5	195	77	111
16	9	9	196	126	137
16	12	11	197	141	185
16	3	8	198	187	235
16	7	14	199	269	339
16	1	11	200	471	542
16	5	2	201	592	610
16	11	7	202	712	790
16	5	2	203	827	872
16	13	0	204	965	1008
16	2	10	205	1096	1188
17	1	11	206	353	442
17	6	3	207	443	484
17	4	5	208	548	593
17	2	10	209	612	629
17	2	10	210	629	666
17	13	0	211	681	691
17	9	6	212	751	792
17	9	6	213	792	804
17	14	12	214	825	864
17	7	5	215	1014	1099
17	4	5	216	1100	1111
17	8	11	217	1128	1170
18	1	11	218	442	471
18	14	10	219	548	566
18	8	13	220	614	697
18	13	0	221	751	762
18	3	8	222	767	791
18	3	8	223	791	801
18	12	1	224	811	820
18	12	1	225	820	834
18	12	1	226	834	889
18	3	14	227	1117	1205
19	1	1	228	16	86
19	10	4	229	107	132
19	1	1	230	153	165
19	8	13	231	184	202
19	4	5	232	225	241
19	14	6	233	243	272
19	14	6	234	272	342
19	5	2	235	355	430
19	10	4	236	478	544
19	6	3	237	673	769
19	1	5	238	775	794
19	0	9	239	835	860
19	3	6	240	888	929
19	12	1	241	974	1046
19	14	7	242	1149	1199
20	14	12	243	410	510
20	10	4	244	544	589
20	10	4	245	589	608
20	10	4	246	608	638
20	12	1	247	654	671
20	3	14	248	801	864
20	9	6	249	874	888
20	0	9	250	910	944
20	6	3	251	946	1029
20	10	3	252	1158	1168
20	2	1	253	1188	1198
21	13	14	254	41	59
21	8	13	255	126	150
21	13	0	256	174	216
21	7	14	257	339	373
21	8	13	258	417	447
21	9	9	259	471	516
21	12	1	260	671	754
21	14	12	261	771	825
21	8	13	262	931	1029
21	4	5	263	1111	1190
22	11	13	264	0	44
22	13	14	265	59	158
22	4	12	266	159	184
22	1	11	267	185	266
22	11	7	268	452	544
22	1	11	269	594	617
22	0	6	270	641	709
22	2	10	271	752	819
22	1	8	272	986	1053
22	11	12	273	1125	1208
23	1	1	274	0	16
23	10	4	275	18	39
23	14	6	276	51	134
23	11	7	277	174	221
23	11	7	278	221	297
23	11	7	279	297	369
23	11	7	280	369	408
23	11	7	281	408	452
23	5	2	282	475	526
23	9	9	283	581	659
23	13	0	284	762	860
23	4	11	285	895	963
23	0	9	286	963	1006
23	4	11	287	1031	1100
24	1	1	288	165	185
24	12	1	289	185	202
24	6	3	290	297	363
24	7	14	291	584	648
24	8	13	292	707	752
24	8	13	293	752	847
24	3	14	294	864	879
24	7	5	295	894	916
24	2	10	296	1019	1096
24	7	7	297	1099	1107
24	5	2	298	1147	1163
25	5	2	299	15	33
25	11	13	300	73	126
25	11	0	301	126	174
25	6	3	302	484	550
25	3	8	303	586	635
25	10	4	304	638	671
25	4	11	305	775	855
25	9	6	306	858	874
25	6	3	307	874	883
25	9	6	308	1043	1109
25	5	2	309	1163	1208
26	6	3	310	0	28
26	5	2	311	33	56
26	8	9	312	59	126
26	14	6	313	134	189
26	12	1	314	202	245
26	1	11	315	266	336
26	3	8	316	340	368
26	13	0	317	368	415
26	0	6	318	426	512
26	5	2	319	526	578
26	7	14	320	648	748
26	2	10	321	903	976
26	3	14	322	976	1005
26	13	0	323	1040	1131
27	9	0	324	0	88
27	7	10	325	90	163
27	5	2	326	169	192
27	8	13	327	202	258
27	8	13	328	258	271
27	10	4	329	283	379
27	10	4	330	379	478
27	13	0	331	503	594
27	0	6	332	709	751
27	10	4	333	779	819
27	11	7	334	931	1022
27	8	13	335	1029	1117
28	6	3	336	76	107
28	4	5	337	485	518
28	12	1	338	524	557
28	12	1	339	557	587
28	13	0	340	642	681
28	2	10	341	819	903
28	9	14	342	903	967
28	14	12	343	999	1041
28	5	2	344	1051	1076
28	7	7	345	1107	1118
29	12	8	346	0	21
29	12	8	347	21	63
29	4	12	348	64	76
29	12	11	349	84	141
29	3	8	350	144	187
29	10	4	351	188	283
29	13	0	352	287	360
29	3	8	353	368	401
29	5	2	354	430	475
29	2	10	355	666	752
29	7	5	356	799	868
29	7	5	357	868	894
29	1	8	358	938	986
29	1	8	359	1053	1143


Solution History:
