This is the output of Heuristic Solver for Dual resource constrained flexible job shop Scheduling Problem.
Input file is: wfjsp11_10.txt
Method: CP_LBBD_CP
Seed: 1
Number of Jobs: 20
Number of Operations: 190
Number of Machines: 10
Number of Operators: 10
CPU Time: 3600.2
obj: 1092
Best found lower bound:1024
Solver gap (best found lower bound and upper bound difference): Not known


Final Solution:
Job	Machine	Operator	Operation	Start Time	Finish Time
0	5	0	0	278	358
0	3	2	1	397	479
0	2	9	2	539	606
0	0	5	3	639	726
0	8	6	4	756	807
0	6	9	5	847	876
0	2	3	6	970	1003
1	8	2	7	0	55
1	8	6	8	59	145
1	8	6	9	145	171
1	8	6	10	171	205
1	9	4	11	212	248
1	0	5	12	271	360
1	2	9	13	372	453
1	0	5	14	485	551
1	7	7	15	557	646
1	4	9	16	646	727
1	6	9	17	797	810
1	0	5	18	813	822
1	4	8	19	925	972
1	2	8	20	1003	1069
2	1	8	21	0	86
2	7	7	22	90	138
2	6	1	23	138	212
2	8	6	24	237	282
2	3	2	25	295	318
2	4	3	26	329	376
2	6	1	27	381	399
2	8	6	28	535	621
2	2	8	29	657	692
2	4	3	30	741	817
2	4	5	31	822	903
2	0	7	32	933	1001
2	9	2	33	1056	1092
3	2	6	34	0	59
3	3	2	35	110	187
3	1	8	36	272	285
3	1	8	37	350	372
3	7	7	38	423	443
3	8	6	39	621	670
3	5	0	40	742	776
3	2	8	41	787	880
3	8	6	42	1016	1089
4	0	5	43	183	271
4	4	3	44	376	391
4	7	7	45	409	423
4	5	0	46	434	505
4	7	7	47	646	693
4	5	0	48	776	790
4	8	6	49	876	969
5	4	4	50	27	114
5	4	3	51	138	167
5	9	4	52	248	325
5	2	9	53	350	358
5	8	6	54	459	535
5	1	8	55	546	622
5	6	1	56	624	645
5	0	5	57	726	795
5	2	8	58	880	919
5	5	0	59	958	967
5	1	1	60	1001	1092
6	0	5	61	136	183
6	1	8	62	185	272
6	7	7	63	293	362
6	9	4	64	387	479
6	5	0	65	505	585
6	6	9	66	876	924
6	7	5	67	925	973
6	7	2	68	973	990
6	2	8	69	1069	1092
7	3	2	70	88	110
7	4	3	71	114	138
7	0	5	72	436	485
7	7	7	73	508	557
7	6	1	74	601	624
7	8	6	75	807	876
7	1	1	76	910	959
7	6	9	77	1045	1088
8	3	2	78	574	612
8	8	6	79	670	756
8	6	9	80	810	847
8	7	7	81	878	911
8	3	2	82	944	971
8	7	2	83	990	1003
9	9	9	84	23	110
9	2	9	85	195	229
9	2	9	86	229	265
9	1	8	87	285	350
9	5	0	88	358	434
9	4	3	89	462	479
9	6	1	90	515	601
9	5	0	91	673	742
9	6	9	92	742	772
9	0	5	93	795	813
9	3	2	94	851	944
9	5	0	95	967	1019
10	3	5	96	0	88
10	5	0	97	110	203
10	5	0	98	203	278
10	6	1	99	283	370
10	1	8	100	372	459
10	4	3	101	567	646
10	0	3	102	822	914
10	4	4	103	997	1086
11	0	5	104	92	136
11	1	8	105	155	185
11	3	2	106	187	238
11	2	9	107	265	350
11	2	9	108	358	372
11	2	9	109	453	539
11	2	8	110	643	657
11	9	4	111	691	766
11	9	4	112	922	997
11	9	2	113	1003	1056
12	7	7	114	0	90
12	9	4	115	114	196
12	7	7	116	212	293
12	3	2	117	318	397
12	6	1	118	399	473
12	9	3	119	479	567
12	9	4	120	567	603
12	2	9	121	606	643
12	1	1	122	645	732
12	6	9	123	772	797
12	7	7	124	807	878
12	0	7	125	914	933
12	4	8	126	972	994
12	6	9	127	1004	1045
12	3	5	128	1058	1089
13	4	4	129	0	27
13	6	1	130	473	515
13	3	2	131	612	663
13	4	5	132	903	925
13	7	3	133	1003	1089
14	6	1	134	370	381
14	5	0	135	585	673
14	4	9	136	727	741
14	3	2	137	753	820
14	6	9	138	924	1004
15	9	9	139	0	23
15	1	8	140	86	155
15	4	3	141	167	242
15	3	2	142	242	295
15	8	6	143	303	396
15	8	6	144	396	459
15	7	7	145	693	761
15	7	7	146	795	807
15	1	1	147	821	910
15	5	0	148	1019	1091
16	0	3	149	0	92
16	6	1	150	92	136
16	2	9	151	183	195
16	8	6	152	205	237
16	4	3	153	242	329
16	0	5	154	360	436
16	1	8	155	459	546
16	0	5	156	551	639
16	6	3	157	646	738
16	7	7	158	761	795
16	3	2	159	820	851
16	5	0	160	883	958
16	3	5	161	973	1058
17	7	7	162	138	167
17	7	7	163	443	508
17	1	1	164	732	821
17	2	3	165	919	970
17	0	7	166	1001	1080
18	5	0	167	0	74
18	5	0	168	74	110
18	7	7	169	167	212
18	7	7	170	362	409
18	3	2	171	479	574
18	9	4	172	603	691
18	2	8	173	692	753
18	2	8	174	753	787
18	5	0	175	790	883
18	8	6	176	969	1016
19	6	1	177	0	89
19	2	3	178	92	107
19	2	9	179	110	183
19	9	4	180	196	212
19	6	1	181	212	283
19	8	6	182	283	303
19	9	4	183	325	387
19	4	3	184	391	462
19	4	4	185	479	561
19	3	2	186	663	753
19	9	4	187	766	853
19	9	4	188	853	922
19	1	1	189	959	1001


Solution History:
