This is the output of Heuristic Solver for Dual resource constrained flexible job shop Scheduling Problem.
Input file is: wfjsp10_9.txt
Method: CP_LBBD_CP
Seed: 1
Number of Jobs: 20
Number of Operations: 148
Number of Machines: 10
Number of Operators: 10
CPU Time: 3600.06
obj: 804
Best found lower bound:712
Solver gap (best found lower bound and upper bound difference): Not known


Final Solution:
Job	Machine	Operator	Operation	Start Time	Finish Time
0	4	3	0	290	377
0	9	2	1	437	484
0	1	1	2	507	583
0	9	2	3	625	690
0	1	1	4	768	801
1	9	4	5	0	88
1	7	5	6	102	164
1	6	0	7	167	186
1	1	1	8	192	247
1	2	8	9	428	486
1	4	4	10	510	599
1	3	0	11	629	708
1	0	9	12	714	786
2	6	0	13	0	47
2	3	0	14	61	79
2	1	1	15	79	132
2	7	5	16	224	238
2	8	3	17	505	601
2	0	6	18	634	656
2	9	2	19	690	715
2	2	4	20	746	781
3	2	8	21	185	232
3	5	4	22	233	245
3	8	9	23	291	310
3	5	9	24	425	447
3	4	4	25	599	659
3	7	5	26	722	774
4	5	7	27	57	142
4	3	7	28	142	232
4	6	6	29	260	344
4	6	9	30	597	655
4	6	9	31	655	714
5	9	2	32	116	174
5	6	0	33	186	260
5	5	7	34	271	284
5	6	6	35	363	451
5	7	5	36	483	518
5	9	2	37	608	625
5	5	7	38	630	645
5	9	2	39	743	804
6	5	7	40	0	57
6	9	2	41	207	303
6	7	5	42	381	403
6	8	3	43	411	430
6	5	7	44	510	529
6	3	0	45	538	578
6	2	8	46	584	630
6	1	1	47	645	724
6	1	1	48	724	768
6	2	3	49	781	803
7	2	8	50	91	185
7	7	5	51	196	224
7	8	7	52	310	373
7	4	1	53	377	403
7	8	3	54	454	480
7	6	9	55	533	597
7	7	5	56	646	722
7	2	8	57	725	740
7	7	5	58	774	803
8	2	8	59	0	91
8	6	0	60	123	167
8	8	9	61	180	215
8	8	9	62	215	291
8	0	9	63	369	425
8	1	1	64	434	507
8	1	1	65	583	645
8	0	9	66	786	800
9	1	2	67	0	8
9	7	2	68	73	102
9	3	0	69	260	336
9	8	3	70	430	454
9	9	2	71	484	517
10	1	2	72	8	39
10	0	6	73	74	153
10	4	3	74	187	281
10	7	5	75	329	381
10	4	4	76	403	431
10	6	9	77	451	533
10	3	0	78	578	629
10	5	7	79	645	702
10	9	2	80	715	743
10	3	0	81	767	803
11	7	5	82	164	196
11	1	1	83	247	262
11	1	1	84	262	317
11	5	8	85	317	366
11	2	8	86	501	584
12	0	9	87	22	74
12	9	2	88	303	320
12	6	6	89	344	363
12	3	0	90	416	516
12	5	7	91	529	573
12	6	6	92	714	803
13	8	5	93	0	91
13	1	1	94	132	178
13	1	1	95	178	192
13	8	3	96	377	411
13	5	4	97	447	508
13	7	5	98	574	646
13	4	4	99	659	746
14	0	8	100	232	262
14	0	9	101	310	369
14	9	2	102	376	410
14	7	1	103	410	429
14	0	6	104	451	557
14	5	7	105	573	630
14	4	8	106	746	804
15	8	9	107	91	180
15	4	3	108	281	290
15	2	8	109	370	428
15	7	5	110	429	483
15	2	8	111	486	501
15	9	2	112	517	608
15	2	8	113	630	725
16	0	9	114	0	22
16	9	4	115	88	116
16	0	6	116	153	232
16	2	4	117	245	306
16	1	1	118	317	372
16	9	2	119	410	437
16	3	0	120	516	538
16	0	6	121	557	634
16	0	6	122	656	713
17	3	6	123	0	61
17	4	3	124	62	126
17	4	3	125	126	187
17	3	6	126	232	258
17	0	8	127	262	309
17	2	4	128	309	330
17	3	0	129	336	416
17	4	7	130	434	510
17	8	3	131	601	700
17	3	0	132	708	767
18	4	3	133	0	62
18	9	2	134	174	207
18	5	7	135	245	271
18	5	7	136	284	302
18	9	2	137	320	376
18	1	7	138	376	434
18	8	3	139	480	505
18	7	5	140	518	574
18	5	7	141	702	794
19	7	1	142	0	73
19	3	0	143	79	123
19	5	4	144	142	233
19	7	5	145	238	329
19	2	4	146	330	370
19	5	4	147	370	401


Solution History:
