This is the output of Heuristic Solver for Dual resource constrained flexible job shop Scheduling Problem.
Input file is: wfjsp6_8.txt
Method: CP_LBBD_CP
Seed: 1
Number of Jobs: 12
Number of Operations: 77
Number of Machines: 5
Number of Operators: 5
CPU Time: 3600.04
obj: 764
Best found lower bound:727
Solver gap (best found lower bound and upper bound difference): Not known


Final Solution:
Job	Machine	Operator	Operation	Start Time	Finish Time
0	1	4	0	203	236
0	0	0	1	697	759
1	0	0	2	0	24
1	1	4	3	92	152
1	1	1	4	327	394
1	2	3	5	434	495
1	2	3	6	602	663
2	1	4	7	32	45
2	0	0	8	101	152
2	1	4	9	152	203
2	3	2	10	203	231
2	1	1	11	239	327
2	4	4	12	372	381
2	3	2	13	381	469
2	1	0	14	516	535
2	4	1	15	556	612
2	3	2	16	646	718
3	1	4	17	0	32
3	0	0	18	46	101
3	4	1	19	118	166
3	2	3	20	179	225
3	4	4	21	279	321
3	4	4	22	321	372
3	2	3	23	372	434
3	4	1	24	449	507
3	3	2	25	517	604
3	2	3	26	663	732
4	4	1	27	0	62
4	4	1	28	62	118
4	3	2	29	129	200
4	0	0	30	217	288
4	3	2	31	299	364
4	1	4	32	394	448
4	0	0	33	455	490
4	2	3	34	495	585
4	4	1	35	612	700
4	4	1	36	700	726
5	0	0	37	24	46
5	0	4	38	494	568
5	0	4	39	568	580
5	1	0	40	625	696
5	4	1	41	726	758
6	4	4	42	381	392
6	3	2	43	469	517
6	3	2	44	604	646
7	2	3	45	300	359
7	1	0	46	535	625
7	0	4	47	632	673
8	1	4	48	45	92
8	2	3	49	119	179
8	2	3	50	225	300
8	2	3	51	359	371
8	0	0	52	371	388
8	0	0	53	407	455
8	1	4	54	697	749
8	2	3	55	749	764
9	3	2	56	0	69
9	3	2	57	69	129
9	4	1	58	166	239
9	4	4	59	239	279
9	0	0	60	288	369
9	4	1	61	394	449
9	1	0	62	494	516
9	2	3	63	585	602
9	3	2	64	718	764
10	3	2	65	231	299
10	3	2	66	364	378
10	0	0	67	388	407
10	1	4	68	448	494
10	4	1	69	507	556
10	0	4	70	580	632
10	2	3	71	732	748
11	2	3	72	0	70
11	2	3	73	70	119
11	0	0	74	152	184
11	0	0	75	184	217
11	0	4	76	673	697


Solution History:
