This is the output of Heuristic Solver for Dual resource constrained flexible job shop Scheduling Problem.
Input file is: wfjsp17_2.txt
Method: CP_LBBD_CP
Seed: 1
Number of Jobs: 15
Number of Operations: 141
Number of Machines: 5
Number of Operators: 4
CPU Time: 3600.06
obj: 1714
Best found lower bound:1671
Solver gap (best found lower bound and upper bound difference): Not known


Final Solution:
Job	Machine	Operator	Operation	Start Time	Finish Time
0	4	0	0	0	74
0	2	0	1	391	459
0	2	0	2	674	693
0	0	0	3	956	991
0	0	0	4	991	1006
0	1	1	5	1020	1040
0	0	2	6	1631	1695
0	0	0	7	1695	1703
1	3	0	8	217	290
1	3	0	9	290	330
1	2	1	10	341	391
1	1	3	11	652	668
1	0	2	12	700	765
1	4	2	13	849	909
1	4	1	14	909	965
1	0	2	15	1012	1077
1	0	0	16	1303	1333
2	2	3	17	0	47
2	0	0	18	97	114
2	3	2	19	118	171
2	0	1	20	391	468
2	3	2	21	619	700
2	4	1	22	738	791
2	1	3	23	1383	1447
2	1	3	24	1512	1577
2	3	3	25	1631	1650
2	0	0	26	1703	1714
3	1	3	27	383	473
3	0	2	28	515	535
3	2	0	29	693	767
3	3	3	30	769	863
3	1	3	31	924	942
3	4	0	32	1124	1192
3	4	1	33	1260	1337
3	4	1	34	1337	1389
3	2	0	35	1405	1425
4	3	2	36	12	62
4	1	1	37	81	115
4	0	2	38	224	289
4	4	1	39	658	738
4	0	0	40	767	786
4	1	3	41	1199	1214
4	0	0	42	1221	1247
4	3	3	43	1447	1464
4	3	3	44	1464	1502
4	2	0	45	1610	1681
5	3	0	46	330	370
5	2	3	47	473	563
5	2	3	48	563	652
5	4	1	49	791	848
5	1	1	50	849	878
5	4	2	51	1192	1252
5	0	0	52	1252	1286
5	2	0	53	1425	1446
5	1	1	54	1680	1713
6	1	3	55	243	293
6	0	0	56	370	389
6	2	3	57	1044	1108
6	2	3	58	1138	1199
6	0	0	59	1210	1221
6	1	3	60	1221	1251
6	1	2	61	1333	1382
6	3	2	62	1502	1580
6	3	2	63	1580	1631
7	0	0	64	147	217
7	3	2	65	461	513
7	3	0	66	515	534
7	1	2	67	535	619
7	1	3	68	942	956
7	3	0	69	1006	1080
7	0	0	70	1080	1093
7	2	1	71	1446	1500
7	4	1	72	1569	1624
7	3	3	73	1650	1701
8	2	3	74	863	924
8	2	3	75	956	1044
8	1	2	76	1077	1130
8	2	1	77	1199	1251
8	3	2	78	1252	1333
8	1	1	79	1500	1512
8	4	1	80	1520	1569
8	1	3	81	1577	1626
8	4	1	82	1626	1680
9	0	0	83	81	97
9	4	1	84	115	193
9	2	0	85	655	674
9	1	3	86	749	769
9	2	0	87	924	956
9	0	0	88	1093	1124
9	2	3	89	1295	1383
9	0	2	90	1383	1446
9	4	0	91	1446	1520
9	0	0	92	1543	1610
10	0	2	93	0	12
10	1	1	94	12	32
10	2	3	95	47	131
10	2	3	96	131	194
10	4	1	97	194	243
10	1	3	98	293	383
10	4	1	99	468	555
10	0	0	100	638	655
10	0	0	101	852	919
10	4	1	102	965	1020
11	0	1	103	32	81
11	0	0	104	571	638
11	1	3	105	668	749
11	0	0	106	786	817
11	3	2	107	909	958
11	1	1	108	1130	1197
11	4	1	109	1389	1444
11	1	2	110	1447	1496
11	2	0	111	1520	1543
12	2	3	112	194	243
12	4	2	113	289	352
12	4	2	114	352	412
12	2	0	115	459	471
12	0	0	116	501	515
12	0	0	117	553	571
12	4	1	118	571	658
12	1	2	119	769	849
12	1	1	120	878	907
13	3	2	121	62	118
13	3	2	122	412	461
13	0	0	123	535	553
13	2	3	124	1108	1138
13	0	0	125	1192	1210
13	1	1	126	1251	1260
13	1	3	127	1260	1280
13	1	3	128	1280	1295
13	0	0	129	1295	1303
13	3	0	130	1333	1405
14	1	1	131	0	9
14	0	0	132	114	147
14	1	2	133	171	224
14	2	1	134	243	292
14	2	1	135	292	341
14	0	0	136	471	501
14	2	0	137	817	852
14	1	2	138	958	1012
14	4	1	139	1040	1124
14	3	2	140	1130	1182


Solution History:
