This is the output of Heuristic Solver for Dual resource constrained flexible job shop Scheduling Problem.
Input file is: wfjsp12_4.txt
Method: CP_LBBD_CP
Seed: 1
Number of Jobs: 25
Number of Operations: 198
Number of Machines: 10
Number of Operators: 10
CPU Time: 3600.2
obj: 1030
Best found lower bound:937
Solver gap (best found lower bound and upper bound difference): Not known


Final Solution:
Job	Machine	Operator	Operation	Start Time	Finish Time
0	6	8	0	0	99
0	9	5	1	152	211
0	9	5	2	211	290
0	2	1	3	312	374
0	4	0	4	598	692
0	9	5	5	713	740
0	1	4	6	752	799
0	0	6	7	813	827
0	1	4	8	881	928
1	8	6	9	0	20
1	5	3	10	40	55
1	4	0	11	64	107
1	6	8	12	258	340
1	3	2	13	354	377
1	9	5	14	391	467
1	5	3	15	540	635
1	7	7	16	679	739
1	0	6	17	911	960
2	5	3	18	55	92
2	5	3	19	181	197
2	7	7	20	415	461
2	0	9	21	492	571
2	3	2	22	587	598
2	5	3	23	707	774
2	7	7	24	898	966
3	2	1	25	30	41
3	8	0	26	158	228
3	0	9	27	410	481
3	2	1	28	633	737
3	7	7	29	805	851
3	4	0	30	877	960
4	2	1	31	168	239
4	9	5	32	467	544
4	6	8	33	565	612
4	2	1	34	618	633
4	3	2	35	852	918
4	7	7	36	966	990
4	4	0	37	991	1016
5	9	5	38	0	64
5	9	6	39	640	691
5	6	8	40	717	776
5	3	2	41	817	852
5	2	1	42	885	940
5	8	8	43	963	1029
6	8	6	44	229	319
6	6	8	45	386	449
6	7	7	46	461	491
6	5	3	47	514	540
6	8	6	48	572	640
6	7	7	49	650	679
6	1	4	50	830	881
6	8	8	51	934	963
7	2	1	52	67	168
7	7	7	53	213	247
7	7	7	54	247	262
7	4	0	55	278	308
7	1	4	56	311	394
7	0	9	57	481	492
7	0	9	58	583	653
7	3	2	59	691	739
7	1	4	60	928	987
8	5	3	61	0	40
8	3	2	62	377	411
8	7	7	63	491	504
8	1	4	64	519	546
8	4	0	65	550	598
8	3	2	66	598	654
8	6	9	67	663	713
8	5	3	68	774	810
9	0	9	69	0	53
9	3	2	70	81	143
9	6	8	71	145	183
9	7	7	72	262	316
9	3	2	73	411	487
9	2	1	74	540	587
9	0	2	75	654	663
9	4	0	76	808	877
9	9	6	77	960	1008
10	2	1	78	41	67
10	1	4	79	144	233
10	2	1	80	251	312
10	5	3	81	382	444
10	1	4	82	546	600
10	1	4	83	646	678
10	6	9	84	865	959
10	5	3	85	969	993
10	5	3	86	993	1022
11	6	8	87	99	145
11	4	6	88	158	229
11	5	3	89	262	305
11	5	3	90	305	331
11	9	5	91	363	391
11	7	7	92	504	570
11	0	8	93	663	717
11	0	6	94	865	911
12	7	7	95	43	91
12	3	2	96	281	354
12	4	0	97	408	479
12	4	0	98	479	522
12	0	9	99	571	583
12	6	8	100	612	663
12	3	2	101	663	691
12	1	4	102	799	830
12	7	7	103	851	898
12	5	3	104	929	949
13	3	2	105	0	81
13	7	7	106	91	167
13	7	7	107	167	213
13	5	3	108	223	262
13	8	6	109	319	393
13	6	8	110	449	525
13	7	7	111	570	618
13	1	4	112	678	752
13	6	9	113	786	865
13	5	3	114	865	875
14	9	5	115	64	152
14	5	3	116	462	514
14	0	9	117	717	786
14	9	5	118	844	878
14	5	3	119	878	929
14	4	0	120	960	991
14	7	7	121	991	1022
15	7	7	122	0	43
15	0	9	123	53	114
15	0	9	124	114	164
15	0	9	125	164	233
15	1	4	126	394	471
15	9	5	127	544	599
15	5	3	128	635	666
15	2	1	129	737	814
15	0	5	130	960	1029
16	4	0	131	107	156
16	5	3	132	331	382
16	5	3	133	444	462
16	1	4	134	471	519
16	6	8	135	525	565
16	9	5	136	740	778
16	5	3	137	810	864
17	8	6	138	20	68
17	5	3	139	92	108
17	5	3	140	197	223
17	4	0	141	229	278
17	8	6	142	393	493
17	5	3	143	666	707
17	7	7	144	739	805
17	3	2	145	949	1030
18	2	1	146	0	30
18	5	3	147	108	181
18	2	1	148	239	251
18	6	8	149	340	386
18	2	1	150	485	540
18	2	1	151	587	618
18	7	7	152	618	650
18	8	6	153	700	774
18	8	8	154	842	934
19	8	6	155	68	158
19	1	4	156	233	311
19	7	7	157	316	338
19	7	7	158	338	369
19	4	0	159	522	550
19	4	0	160	692	757
19	4	0	161	757	808
19	2	1	162	814	885
20	0	9	163	233	301
20	4	0	164	308	337
20	9	5	165	700	713
20	0	6	166	786	813
20	0	6	167	827	865
21	1	4	168	0	65
21	1	4	169	65	144
21	6	8	170	183	258
21	0	9	171	301	410
21	2	1	172	433	459
21	3	2	173	487	587
21	3	2	174	739	817
21	9	5	175	878	958
21	1	4	176	987	1015
21	1	4	177	1015	1030
22	9	5	178	325	363
22	7	7	179	369	415
22	2	1	180	459	485
22	8	6	181	493	572
22	9	5	182	599	639
22	6	9	183	959	1029
23	4	0	184	0	64
23	3	2	185	143	217
23	3	2	186	217	281
23	9	5	187	290	325
23	4	0	188	337	408
23	1	4	189	600	646
23	9	5	190	778	844
23	2	1	191	940	1018
24	2	1	192	374	433
24	8	5	193	640	700
24	8	8	194	776	842
24	3	2	195	918	949
24	5	3	196	949	969
24	9	6	197	1008	1030


Solution History:
