This is the output of Heuristic Solver for Dual resource constrained flexible job shop Scheduling Problem.
Input file is: wfjsp24_9.txt
Method: CP_LBBD_CP
Seed: 1
Number of Jobs: 40
Number of Operations: 284
Number of Machines: 15
Number of Operators: 12
CPU Time: 3600.12
obj: 1275
Best found lower bound:1134
Solver gap (best found lower bound and upper bound difference): Not known


Final Solution:
Job	Machine	Operator	Operation	Start Time	Finish Time
0	14	2	0	471	555
0	12	0	1	704	746
0	6	9	2	923	985
0	2	7	3	1041	1098
0	8	0	4	1102	1128
1	2	0	5	0	78
1	7	8	6	78	141
1	12	6	7	154	173
1	0	6	8	173	229
1	2	5	9	312	373
1	6	5	10	510	617
1	9	5	11	876	969
1	3	6	12	1107	1188
2	9	5	13	373	417
2	2	0	14	417	438
2	1	11	15	642	699
2	11	4	16	764	781
2	10	6	17	925	1031
2	12	10	18	1037	1062
2	4	0	19	1062	1081
2	4	3	20	1182	1219
3	3	0	21	78	123
3	14	11	22	189	203
3	5	6	23	766	785
3	3	3	24	793	818
3	11	1	25	1024	1080
3	5	6	26	1224	1275
4	11	5	27	132	232
4	8	8	28	379	469
4	13	3	29	679	768
4	11	4	30	949	1004
4	10	9	31	1213	1271
5	2	5	32	232	288
5	3	7	33	407	496
5	3	3	34	514	529
5	5	9	35	593	694
5	2	2	36	759	792
5	12	0	37	919	938
5	4	3	38	1000	1012
5	9	3	39	1219	1275
6	12	8	40	18	76
6	9	4	41	206	287
6	2	5	42	288	312
6	12	8	43	312	331
6	6	3	44	339	358
6	10	4	45	514	548
6	8	5	46	673	718
6	9	0	47	746	810
6	1	11	48	938	986
6	0	0	49	1081	1100
7	4	11	50	0	106
7	4	3	51	172	200
7	4	0	52	323	381
7	9	4	53	488	513
7	4	1	54	642	670
7	9	5	55	811	876
7	0	7	56	891	967
7	2	9	57	985	1000
7	7	9	58	1000	1034
8	14	4	59	31	115
8	6	11	60	204	255
8	4	0	61	381	417
8	7	9	62	447	532
8	14	6	63	651	708
8	14	2	64	879	936
8	9	11	65	1062	1132
8	2	0	66	1132	1145
9	9	3	67	0	8
9	13	1	68	189	216
9	8	2	69	936	1005
9	9	0	70	1038	1062
9	7	6	71	1188	1224
10	9	5	72	8	47
10	9	1	73	55	123
10	7	8	74	141	224
10	7	9	75	390	447
10	8	3	76	478	514
10	5	9	77	694	766
10	10	6	78	785	837
10	0	3	79	837	891
10	4	2	80	1032	1060
10	13	1	81	1211	1244
11	4	3	82	136	172
11	11	1	83	736	751
11	2	9	84	807	864
11	1	1	85	988	1024
11	10	9	86	1063	1151
12	0	9	87	335	390
12	6	1	88	393	412
12	14	0	89	567	587
12	10	4	90	674	764
12	4	9	91	766	807
12	1	2	92	1117	1206
13	9	2	93	123	206
13	7	9	94	292	335
13	1	1	95	501	513
13	11	6	96	527	559
13	6	5	97	617	673
13	14	2	98	792	879
13	5	5	99	1004	1096
14	3	1	100	27	55
14	6	3	101	260	321
14	2	5	102	473	510
14	1	1	103	513	535
14	8	5	104	718	811
14	6	9	105	864	923
14	3	0	106	1192	1248
15	10	4	107	115	205
15	8	10	108	210	222
15	8	7	109	315	379
15	0	7	110	496	549
15	7	8	111	685	701
15	0	7	112	967	1041
15	8	8	113	1128	1218
16	10	10	114	54	84
16	4	9	115	106	136
16	6	9	116	136	204
16	1	11	117	319	381
16	13	4	118	548	605
16	11	3	119	650	679
16	6	3	120	768	793
16	6	11	121	986	1054
16	1	2	122	1060	1117
17	7	6	123	0	61
17	0	3	124	67	131
17	5	0	125	132	190
17	2	0	126	190	212
17	1	8	127	273	312
17	14	3	128	358	377
17	5	2	129	387	471
17	13	4	130	605	674
17	11	4	131	863	949
17	0	7	132	1210	1269
18	2	10	133	84	148
18	8	10	134	148	179
18	8	10	135	179	210
18	0	7	136	390	407
18	4	0	137	438	494
18	5	9	138	533	593
18	0	7	139	647	669
18	11	1	140	679	736
18	14	4	141	1123	1203
19	9	10	142	292	370
19	1	10	143	381	422
19	0	7	144	669	743
19	4	1	145	810	897
19	6	7	146	1098	1135
19	4	1	147	1244	1275
20	11	3	148	8	38
20	11	5	149	47	132
20	3	0	150	212	267
20	10	4	151	287	353
20	3	1	152	365	393
20	4	6	153	417	428
20	6	11	154	699	767
20	2	10	155	935	971
20	12	10	156	1062	1146
20	3	0	157	1248	1270
21	14	4	158	0	31
21	11	3	159	38	47
21	13	11	160	106	189
21	4	0	161	267	323
21	0	5	162	417	473
21	10	10	163	501	514
21	4	2	164	671	759
21	13	0	165	938	1018
21	2	10	166	1146	1205
22	6	9	167	0	105
22	14	6	168	229	324
22	12	0	169	494	567
22	7	8	170	775	851
22	5	5	171	1164	1220
22	11	5	172	1220	1273
23	2	8	173	533	593
23	0	7	174	605	647
23	12	7	175	829	886
23	3	1	176	897	924
23	8	8	177	1038	1102
24	10	10	178	0	54
24	5	6	179	92	105
24	12	6	180	105	154
24	1	7	181	203	273
24	5	2	182	273	289
24	11	6	183	324	416
24	7	10	184	605	685
24	2	0	185	695	704
24	5	1	186	924	988
24	8	8	187	1218	1275
25	5	8	188	471	533
25	13	1	189	535	543
25	1	1	190	751	810
25	6	3	191	818	837
25	8	0	192	1018	1038
25	4	6	193	1081	1107
25	14	4	194	1216	1274
26	9	1	195	543	570
26	2	0	196	593	695
26	2	2	197	1005	1032
26	14	4	198	1051	1123
26	13	1	199	1158	1211
27	3	7	200	0	16
27	11	1	201	246	305
27	3	1	202	315	365
27	10	6	203	559	651
27	8	10	204	829	909
27	1	10	205	1206	1275
28	12	9	206	204	291
28	13	2	207	333	387
28	1	1	208	570	632
28	1	1	209	632	642
28	11	4	210	781	863
28	2	10	211	909	935
28	12	8	212	983	1037
29	8	8	213	224	253
29	11	11	214	578	633
29	8	2	215	656	671
29	13	11	216	768	855
29	0	9	217	1041	1063
29	6	11	218	1135	1193
30	12	8	219	0	18
30	0	7	220	18	51
30	3	7	221	273	315
30	1	10	222	422	501
30	2	6	223	510	527
30	0	7	224	549	605
30	7	8	225	908	983
30	2	2	226	1206	1270
31	12	11	227	381	485
31	9	10	228	685	743
31	5	0	229	890	919
31	13	3	230	1018	1118
31	14	4	231	1203	1216
32	1	7	232	133	203
32	14	3	233	377	433
32	7	10	234	532	605
32	13	11	235	855	938
32	11	1	236	1080	1158
33	8	7	237	51	133
33	13	1	238	216	246
33	13	11	239	255	319
33	13	3	240	433	478
33	1	2	241	555	570
33	9	2	242	570	656
33	7	8	243	701	775
33	3	6	244	1031	1077
33	2	8	245	1102	1124
34	5	2	246	206	272
34	10	4	247	353	366
34	11	1	248	416	492
34	12	8	249	593	679
34	10	6	250	837	925
34	5	5	251	1096	1164
35	5	6	252	61	92
35	5	2	253	289	333
35	6	6	254	428	506
35	0	7	255	743	815
35	9	10	256	971	1036
35	7	3	257	1118	1182
36	14	0	258	123	132
36	3	3	259	529	587
36	12	10	260	746	829
36	3	5	261	969	1004
36	10	9	262	1151	1213
37	13	2	263	0	61
37	1	2	264	61	121
37	3	1	265	123	188
37	4	3	266	200	260
37	6	3	267	321	339
37	12	8	268	339	375
37	9	4	269	436	488
37	4	11	270	494	578
37	5	0	271	810	890
37	6	11	272	1193	1275
38	1	1	273	0	27
38	0	3	274	51	67
38	7	8	275	851	908
38	14	4	276	1004	1051
38	0	7	277	1135	1210
39	7	10	278	224	292
39	10	4	279	366	436
39	3	3	280	587	650
39	14	6	281	708	764
39	4	3	282	897	1000
39	12	0	283	1146	1192


Solution History:
