This is the output of Heuristic Solver for Dual resource constrained flexible job shop Scheduling Problem.
Input file is: wfjsp17_3.txt
Method: CP_LBBD_CP
Seed: 1
Number of Jobs: 15
Number of Operations: 139
Number of Machines: 5
Number of Operators: 4
CPU Time: 3600.07
obj: 1831
Best found lower bound:1779
Solver gap (best found lower bound and upper bound difference): Not known


Final Solution:
Job	Machine	Operator	Operation	Start Time	Finish Time
0	4	2	0	407	477
0	4	2	1	552	565
0	1	3	2	882	898
0	1	0	3	1056	1134
0	3	3	4	1161	1238
0	3	3	5	1238	1309
0	1	3	6	1523	1600
0	3	3	7	1682	1718
0	0	1	8	1740	1831
1	4	2	9	47	61
1	3	0	10	248	311
1	0	1	11	394	488
1	4	2	12	565	582
1	2	0	13	622	717
1	2	0	14	717	809
1	3	0	15	809	838
1	4	1	16	875	927
2	3	3	17	16	32
2	4	2	18	124	194
2	3	3	19	387	398
2	0	2	20	833	860
2	3	0	21	899	942
2	2	0	22	964	1056
2	2	0	23	1343	1411
2	0	3	24	1421	1448
2	0	3	25	1448	1523
2	2	0	26	1588	1684
3	4	2	27	194	204
3	4	2	28	204	237
3	4	2	29	237	335
3	0	1	30	574	610
3	2	3	31	935	962
3	0	2	32	1349	1415
3	4	2	33	1685	1748
3	3	0	34	1748	1814
4	1	0	35	26	123
4	0	1	36	302	394
4	3	3	37	475	490
4	1	0	38	503	531
4	0	3	39	644	718
4	3	3	40	794	808
4	2	0	41	875	899
4	4	1	42	1050	1100
4	4	2	43	1100	1135
4	3	1	44	1521	1569
5	1	0	45	410	503
5	3	3	46	572	644
5	1	3	47	718	794
5	4	2	48	817	833
5	3	3	49	964	979
5	3	1	50	1000	1050
5	3	3	51	1054	1124
5	4	2	52	1135	1171
5	3	0	53	1475	1497
5	3	1	54	1569	1622
6	2	0	55	0	26
6	2	3	56	32	62
6	2	3	57	220	296
6	3	3	58	398	475
6	1	0	59	1134	1225
6	4	2	60	1241	1339
6	4	2	61	1339	1349
6	4	1	62	1349	1402
6	4	2	63	1588	1685
7	2	3	64	62	100
7	3	0	65	220	248
7	4	2	66	335	396
7	0	1	67	537	574
7	3	1	68	717	789
7	2	3	69	1411	1421
7	4	0	70	1497	1588
7	3	1	71	1622	1682
7	1	0	72	1684	1713
7	4	2	73	1748	1823
8	2	0	74	123	152
8	1	1	75	246	302
8	3	3	76	346	357
8	3	3	77	357	387
8	4	2	78	396	407
8	4	2	79	477	552
8	1	1	80	645	717
8	1	1	81	927	976
8	4	2	82	1006	1023
9	4	2	83	0	34
9	4	2	84	34	47
9	0	3	85	100	177
9	1	3	86	808	846
9	2	3	87	899	935
9	3	1	88	979	1000
9	2	3	89	1309	1342
9	1	1	90	1474	1521
10	3	0	91	152	195
10	2	0	92	195	220
10	4	2	93	582	612
10	4	0	94	838	875
10	1	3	95	979	1054
10	3	3	96	1124	1161
10	0	1	97	1173	1249
10	1	0	98	1252	1343
10	1	1	99	1402	1474
11	1	1	100	123	174
11	3	3	101	311	346
11	1	0	102	531	622
11	4	2	103	637	711
11	4	2	104	711	746
11	4	2	105	927	938
11	4	2	106	938	1006
11	0	1	107	1100	1136
11	4	2	108	1171	1241
11	0	1	109	1249	1345
12	0	1	110	0	95
12	1	0	111	311	410
12	3	1	112	490	537
12	2	3	113	537	572
12	1	1	114	622	645
12	0	1	115	789	827
12	1	3	116	846	882
12	4	2	117	1023	1034
12	4	2	118	1415	1487
12	0	3	119	1600	1675
13	1	3	120	0	16
13	4	2	121	61	124
13	0	3	122	177	215
13	0	3	123	490	517
13	4	2	124	746	817
13	2	1	125	827	874
13	3	0	126	1411	1475
13	0	2	127	1523	1585
13	1	3	128	1718	1792
14	1	1	129	174	246
14	0	2	130	612	637
14	0	2	131	860	923
14	3	0	132	942	964
14	0	2	133	1034	1099
14	0	1	134	1136	1173
14	2	0	135	1225	1252
14	3	3	136	1342	1411
14	2	1	137	1684	1740
14	1	3	138	1792	1827


Solution History:
