This is the output of Heuristic Solver for Dual resource constrained flexible job shop Scheduling Problem.
Input file is: wfjsp9_7.txt
Method: CP_LBBD_CP
Seed: 1
Number of Jobs: 15
Number of Operations: 134
Number of Machines: 5
Number of Operators: 5
CPU Time: 3600.09
obj: 1331
Best found lower bound:1248
Solver gap (best found lower bound and upper bound difference): Not known


Final Solution:
Job	Machine	Operator	Operation	Start Time	Finish Time
0	1	3	0	394	474
0	0	1	1	522	534
0	4	0	2	589	629
0	4	0	3	629	728
0	1	3	4	908	933
0	2	2	5	939	981
0	3	4	6	1196	1228
0	0	0	7	1231	1268
1	3	4	8	0	9
1	4	0	9	55	93
1	0	1	10	95	175
1	4	0	11	175	237
1	2	2	12	255	336
1	2	2	13	532	591
1	4	1	14	781	822
1	1	3	15	891	908
1	4	1	16	939	1016
1	0	1	17	1117	1196
2	2	2	18	0	58
2	3	4	19	67	140
2	2	2	20	182	255
2	3	4	21	273	303
2	4	0	22	481	494
2	1	3	23	665	743
2	4	1	24	837	849
2	3	4	25	852	920
2	1	3	26	1236	1250
2	2	2	27	1250	1331
3	4	0	28	0	55
3	2	2	29	58	88
3	4	1	30	327	399
3	4	1	31	399	479
3	1	3	32	549	632
3	1	3	33	827	838
3	2	2	34	981	1049
3	3	4	35	1063	1142
4	0	3	36	55	81
4	2	2	37	88	115
4	2	2	38	115	147
4	0	1	39	249	326
4	1	3	40	474	549
4	0	1	41	697	781
4	4	0	42	1022	1106
4	2	2	43	1123	1158
4	1	3	44	1209	1236
4	3	4	45	1279	1320
5	4	0	46	93	175
5	1	3	47	182	244
5	0	0	48	369	425
5	3	4	49	457	519
5	4	0	50	522	546
5	0	0	51	886	923
5	3	4	52	962	1030
5	1	3	53	1179	1209
5	3	1	54	1320	1331
6	0	0	55	327	369
6	3	4	56	383	457
6	0	1	57	481	522
6	3	4	58	597	640
6	4	0	59	728	752
6	4	0	60	752	779
6	0	1	61	849	884
6	2	1	62	884	939
6	0	1	63	1052	1117
7	4	0	64	237	327
7	1	3	65	338	394
7	2	2	66	591	660
7	2	2	67	691	778
7	2	2	68	819	879
7	0	0	69	923	980
7	2	2	70	1049	1066
7	4	0	71	1175	1230
8	3	4	72	140	211
8	3	4	73	303	383
8	2	2	74	404	448
8	0	0	75	781	802
8	4	0	76	849	886
8	1	3	77	975	1054
8	3	4	78	1158	1196
8	2	2	79	1217	1249
9	3	4	80	640	721
9	3	4	81	721	734
9	4	1	82	822	837
9	1	3	83	838	891
9	3	4	84	935	962
9	0	1	85	1022	1052
9	2	2	86	1066	1123
9	2	2	87	1158	1217
10	0	3	88	0	55
10	1	1	89	82	93
10	0	1	90	534	612
10	2	2	91	660	691
10	1	3	92	1054	1094
10	3	4	93	1142	1158
10	0	1	94	1196	1231
10	1	3	95	1250	1329
11	0	3	96	81	95
11	1	3	97	244	300
11	2	2	98	352	373
11	0	0	99	425	481
11	3	4	100	519	597
11	1	3	101	632	665
11	1	3	102	743	827
11	4	2	103	886	937
11	3	4	104	1030	1063
11	0	0	105	1268	1330
12	3	4	106	9	67
12	1	3	107	149	182
12	3	4	108	211	273
12	4	0	109	494	522
12	3	4	110	734	766
12	2	2	111	778	789
12	2	2	112	789	819
12	1	3	113	933	975
12	4	0	114	1106	1175
12	3	4	115	1228	1279
13	1	1	116	0	66
13	1	1	117	66	82
13	1	3	118	95	149
13	0	1	119	175	217
13	0	1	120	217	249
13	2	2	121	448	532
13	4	0	122	546	589
13	0	1	123	612	697
13	3	4	124	766	852
13	4	1	125	1231	1316
14	2	2	126	147	182
14	1	3	127	300	338
14	2	2	128	338	352
14	2	2	129	373	404
14	0	0	130	802	840
14	3	4	131	920	935
14	0	0	132	980	1022
14	1	3	133	1094	1179


Solution History:
