This is the output of Heuristic Solver for Dual resource constrained flexible job shop Scheduling Problem.
Input file is: wfjsp13_3.txt
Method: CP_LBBD_CP
Seed: 1
Number of Jobs: 25
Number of Operations: 243
Number of Machines: 15
Number of Operators: 15
CPU Time: 3600.33
obj: 886
Best found lower bound:760
Solver gap (best found lower bound and upper bound difference): Not known


Final Solution:
Job	Machine	Operator	Operation	Start Time	Finish Time
0	0	13	0	21	95
0	9	6	1	95	107
0	1	8	2	213	229
0	7	10	3	257	336
0	1	1	4	475	554
0	1	14	5	570	643
0	0	10	6	677	750
0	0	8	7	833	868
1	10	5	8	0	113
1	10	5	9	113	125
1	4	2	10	136	196
1	12	11	11	236	331
1	2	0	12	334	352
1	14	9	13	387	481
1	11	4	14	486	588
1	8	3	15	600	628
1	3	12	16	633	692
1	9	0	17	749	767
1	3	11	18	776	842
1	3	11	19	866	877
2	5	14	20	29	55
2	13	3	21	176	228
2	5	8	22	232	341
2	10	14	23	400	462
2	7	7	24	462	489
2	5	8	25	556	626
2	5	14	26	758	864
2	0	8	27	868	878
3	8	4	28	29	65
3	5	9	29	132	232
3	14	9	30	346	387
3	11	4	31	441	471
3	14	9	32	481	543
3	14	9	33	543	605
3	7	14	34	643	709
3	1	9	35	777	879
4	11	4	36	344	441
4	11	4	37	471	486
4	8	7	38	520	551
4	7	7	39	551	638
4	9	0	40	638	654
4	9	0	41	654	680
4	5	8	42	680	730
4	7	7	43	773	806
5	3	12	44	0	49
5	13	3	45	72	176
5	10	14	46	201	271
5	4	2	47	285	380
5	7	7	48	390	404
5	1	14	49	555	570
5	3	12	50	570	633
5	3	11	51	710	776
5	4	6	52	837	872
6	1	8	53	0	22
6	12	11	54	51	115
6	12	11	55	115	142
6	3	12	56	148	184
6	13	3	57	228	304
6	5	8	58	341	425
6	0	10	59	486	568
6	11	4	60	600	698
6	3	12	61	698	710
6	6	12	62	800	858
7	14	10	63	0	102
7	9	6	64	107	155
7	14	10	65	171	199
7	8	4	66	211	272
7	1	1	67	275	312
7	1	1	68	312	393
7	7	7	69	453	462
7	3	12	70	471	570
7	2	0	71	572	638
7	5	8	72	730	758
7	8	3	73	808	885
8	5	4	74	0	29
8	10	14	75	132	192
8	10	14	76	192	201
8	3	12	77	263	298
8	9	6	78	324	334
8	0	10	79	336	428
8	5	8	80	428	524
8	5	8	81	626	675
8	6	12	82	723	739
8	11	7	83	739	773
8	10	7	84	871	884
9	13	3	85	0	72
9	11	1	86	106	149
9	11	1	87	236	275
9	11	4	88	275	298
9	2	0	89	298	334
9	7	7	90	336	390
9	12	11	91	413	457
9	0	10	92	459	486
9	7	7	93	489	516
9	2	0	94	532	572
9	1	5	95	688	765
9	14	10	96	805	840
10	2	0	97	0	76
10	12	11	98	142	236
10	12	11	99	331	413
10	2	0	100	436	494
10	5	8	101	524	556
10	0	10	102	568	650
10	8	3	103	730	808
10	12	4	104	808	839
10	9	0	105	870	883
11	9	6	106	0	62
11	11	1	107	65	106
11	1	8	108	141	213
11	14	9	109	250	346
11	10	14	110	462	555
11	10	1	111	555	668
11	7	14	112	709	755
11	0	8	113	798	833
11	12	14	114	864	886
12	14	10	115	199	250
12	11	4	116	298	344
12	1	1	117	393	408
12	6	5	118	426	493
12	12	13	119	527	606
12	4	2	120	616	634
12	12	13	121	682	744
12	12	13	122	766	808
13	8	14	123	0	28
13	5	14	124	64	132
13	2	0	125	143	197
13	0	13	126	206	271
13	13	3	127	304	358
13	3	12	128	393	471
13	6	7	129	640	723
13	13	6	130	742	770
13	4	2	131	775	837
13	3	11	132	842	866
14	0	13	133	95	161
14	0	13	134	161	206
14	2	0	135	206	233
14	6	5	136	256	325
14	1	1	137	408	475
14	2	0	138	494	532
14	4	2	139	634	686
14	9	0	140	686	749
14	9	0	141	843	870
15	4	2	142	0	33
15	1	8	143	40	141
15	11	1	144	159	236
15	9	6	145	286	300
15	9	6	146	300	324
15	2	0	147	352	436
15	8	13	148	463	520
15	6	5	149	582	640
15	10	10	150	751	805
15	13	7	151	806	844
15	6	5	152	858	886
16	2	0	153	76	143
16	4	2	154	380	428
16	4	2	155	428	470
16	8	3	156	551	590
16	9	6	157	604	628
16	8	3	158	628	681
16	14	9	159	735	777
16	13	2	160	844	881
17	11	1	161	0	65
17	8	4	162	65	149
17	9	6	163	155	215
17	2	0	164	233	288
17	8	13	165	366	423
17	4	2	166	522	616
17	0	10	167	650	677
17	4	2	168	686	775
17	12	4	169	839	864
18	7	7	170	0	60
18	3	12	171	109	148
18	11	1	172	149	159
18	7	7	173	170	257
18	8	13	174	272	366
18	9	6	175	397	457
18	12	11	176	457	527
18	13	11	177	528	616
18	14	9	178	632	735
18	2	1	179	751	823
18	7	10	180	840	883
19	0	13	181	0	21
19	3	12	182	49	109
19	6	5	183	125	191
19	9	6	184	215	286
19	10	14	185	303	400
19	7	7	186	404	453
19	13	3	187	503	528
19	7	3	188	528	547
19	2	6	189	638	740
19	0	8	190	766	798
19	2	13	191	823	850
20	9	6	192	62	95
20	4	2	193	196	285
20	9	6	194	334	397
20	8	13	195	423	463
20	4	2	196	470	522
20	8	4	197	590	600
20	10	1	198	668	751
20	12	4	199	751	760
20	11	6	200	773	832
21	6	9	201	0	52
21	5	14	202	55	64
21	14	10	203	102	171
21	6	5	204	191	256
21	0	7	205	271	332
21	13	3	206	358	430
21	9	6	207	457	466
21	6	5	208	493	582
21	14	9	209	605	632
21	8	3	210	681	730
21	6	12	211	739	800
21	2	13	212	850	876
22	1	8	213	22	40
22	7	7	214	60	170
22	10	14	215	271	303
22	9	6	216	466	548
22	12	13	217	606	682
22	11	4	218	698	713
22	9	0	219	767	843
22	10	7	220	855	871
23	4	2	221	33	136
23	8	4	222	149	211
23	3	12	223	225	263
23	2	0	224	288	298
23	3	12	225	298	393
23	0	10	226	428	459
23	9	6	227	548	576
23	9	6	228	576	604
23	1	5	229	643	688
23	13	4	230	770	804
23	10	5	231	805	855
24	12	11	232	0	51
24	6	9	233	52	81
24	6	9	234	81	125
24	3	12	235	184	225
24	6	5	236	325	426
24	13	3	237	430	503
24	13	11	238	616	706
24	13	4	239	713	742
24	0	13	240	750	766
24	14	5	241	777	805
24	11	1	242	832	874


Solution History:
