This is the output of Heuristic Solver for Dual resource constrained flexible job shop Scheduling Problem.
Input file is: wfjsp17_5.txt
Method: CP_LBBD_CP
Seed: 1
Number of Jobs: 15
Number of Operations: 130
Number of Machines: 5
Number of Operators: 4
CPU Time: 3600.06
obj: 1563
Best found lower bound:1515
Solver gap (best found lower bound and upper bound difference): Not known


Final Solution:
Job	Machine	Operator	Operation	Start Time	Finish Time
0	0	2	0	0	15
0	2	0	1	48	88
0	3	2	2	236	320
0	4	3	3	394	460
0	0	2	4	492	559
0	0	0	5	598	634
0	3	2	6	837	901
0	1	3	7	1324	1363
0	4	2	8	1409	1455
0	1	2	9	1455	1489
1	0	1	10	163	194
1	1	3	11	460	529
1	1	3	12	529	552
1	3	3	13	749	762
1	0	0	14	865	933
1	0	0	15	965	1029
1	3	2	16	1229	1238
1	1	3	17	1518	1563
2	2	0	18	227	295
2	1	2	19	559	598
2	2	0	20	634	662
2	2	0	21	780	817
2	0	1	22	829	857
2	0	0	23	933	965
2	0	1	24	1137	1228
2	0	0	25	1298	1341
3	4	1	26	41	78
3	3	3	27	120	143
3	4	2	28	163	171
3	0	1	29	194	239
3	1	2	30	697	780
3	4	3	31	833	895
3	0	0	32	1341	1411
3	2	1	33	1417	1503
4	4	3	34	188	268
4	0	1	35	390	425
4	3	1	36	535	549
4	4	1	37	549	593
4	0	1	38	659	744
4	0	0	39	1029	1098
4	4	1	40	1295	1361
4	2	1	41	1361	1389
5	0	2	42	15	83
5	1	3	43	87	120
5	4	3	44	377	394
5	0	1	45	425	492
5	0	1	46	744	829
5	1	3	47	975	1061
5	4	3	48	1198	1243
5	1	3	49	1243	1324
6	1	3	50	0	78
6	1	3	51	78	87
6	3	3	52	143	176
6	2	0	53	404	493
6	1	1	54	857	889
6	2	2	55	928	1013
6	2	2	56	1056	1074
6	1	3	57	1405	1440
6	0	0	58	1458	1555
7	4	3	59	176	188
7	3	2	60	212	236
7	4	3	61	268	334
7	2	0	62	388	404
7	4	1	63	593	633
7	2	0	64	662	694
7	1	3	65	1114	1198
7	3	3	66	1440	1518
8	0	1	67	115	153
8	1	1	68	239	278
8	1	1	69	278	295
8	1	1	70	295	390
8	3	3	71	571	653
8	3	2	72	1013	1056
8	4	1	73	1067	1108
8	4	1	74	1123	1137
8	2	0	75	1206	1298
8	2	1	76	1389	1417
9	2	0	77	0	48
9	2	0	78	88	156
9	0	0	79	295	388
9	0	1	80	634	659
9	4	1	81	975	1042
9	1	3	82	1061	1114
9	4	3	83	1363	1372
9	4	3	84	1372	1397
9	4	2	85	1555	1563
10	1	1	86	153	163
10	3	2	87	320	406
10	2	0	88	493	587
10	2	0	89	817	865
10	4	2	90	901	928
10	3	2	91	1321	1409
10	0	0	92	1411	1458
10	2	0	93	1555	1563
11	4	1	94	0	41
11	4	2	95	83	163
11	1	2	96	171	212
11	4	1	97	492	535
11	2	2	98	598	619
11	1	3	99	794	833
11	1	3	100	895	964
11	4	3	101	964	975
11	2	0	102	1098	1165
11	4	2	103	1489	1555
12	2	0	104	156	227
12	4	3	105	334	377
12	3	2	106	406	492
12	4	3	107	653	735
12	3	2	108	780	810
12	3	2	109	1074	1164
12	2	0	110	1165	1206
12	3	1	111	1532	1563
13	3	1	112	78	115
13	0	0	113	587	598
13	2	0	114	694	780
13	3	2	115	810	837
13	4	1	116	1042	1067
13	4	1	117	1108	1123
13	3	2	118	1164	1229
13	0	1	119	1229	1262
13	0	1	120	1262	1295
13	2	1	121	1503	1532
14	3	3	122	552	571
14	1	2	123	619	697
14	4	3	124	735	749
14	4	3	125	762	794
14	2	1	126	889	910
14	3	1	127	910	975
14	3	2	128	1238	1321
14	4	3	129	1397	1405


Solution History:
