This is the output of Heuristic Solver for Dual resource constrained flexible job shop Scheduling Problem.
Input file is: wfjsp15_8.txt
Method: TS_5000_5_5
Seed: 1
Number of Jobs: 30
Number of Operations: 373
Number of Machines: 15
Number of Operators: 15
CPU Time: 300.041
obj: 1351
Best found lower bound:0
Solver gap (best found lower bound and upper bound difference): Not known


Final Solution:
Job	Machine	Operator	Operation	Start Time	Finish Time
0	6	2	0	75	101
0	9	2	1	111	173
0	6	11	2	194	223
0	1	3	3	224	284
0	6	10	4	284	350
0	3	11	5	380	433
0	9	2	6	434	495
0	0	0	7	696	708
0	4	9	8	1197	1248
0	8	10	9	1257	1310
1	9	1	10	8	33
1	7	1	11	372	459
1	3	5	12	502	510
1	14	0	13	531	610
1	1	12	14	689	711
1	1	12	15	711	764
1	1	12	16	764	832
1	11	14	17	834	863
1	9	1	18	867	923
1	4	9	19	956	1006
1	5	4	20	1018	1061
1	8	10	21	1185	1221
1	3	5	22	1290	1350
2	14	0	23	0	55
2	8	13	24	75	144
2	10	9	25	202	281
2	1	2	26	499	568
2	2	10	27	655	721
2	2	4	28	724	792
2	14	0	29	792	866
2	4	14	30	866	932
2	8	14	31	934	1002
2	1	2	32	1002	1063
2	7	8	33	1116	1151
2	7	8	34	1151	1245
3	3	8	35	0	82
3	5	14	36	82	109
3	4	8	37	109	133
3	1	1	38	161	223
3	1	12	39	401	410
3	10	1	40	459	534
3	1	2	41	568	596
3	1	2	42	596	605
3	5	1	43	655	702
3	6	10	44	789	824
3	10	2	45	828	879
3	3	9	46	1012	1114
3	11	3	47	1197	1233
3	12	7	48	1236	1278
3	2	11	49	1297	1349
4	1	2	50	0	75
4	11	5	51	75	90
4	4	8	52	90	107
4	3	8	53	185	225
4	7	0	54	225	280
4	8	6	55	280	297
4	10	9	56	297	364
4	5	4	57	375	428
4	4	14	58	439	507
4	4	3	59	820	854
4	1	12	60	917	1002
4	6	9	61	1114	1182
5	2	10	62	0	23
5	1	6	63	75	92
5	13	3	64	125	167
5	9	2	65	173	241
5	13	6	66	253	267
5	11	12	67	299	319
5	11	7	68	463	504
5	5	10	69	562	612
5	0	5	70	643	695
5	6	11	71	700	715
5	11	14	72	715	785
5	4	8	73	1012	1056
5	13	2	74	1240	1270
6	4	4	75	0	31
6	12	6	76	43	72
6	2	9	77	97	154
6	14	5	78	262	306
6	0	0	79	391	414
6	8	14	80	572	647
6	14	13	81	866	891
6	11	14	82	1015	1086
6	10	0	83	1086	1145
6	14	6	84	1159	1244
6	10	3	85	1244	1336
7	6	11	86	0	40
7	9	2	87	241	307
7	8	6	88	343	403
7	8	12	89	413	491
7	6	11	90	650	700
7	6	1	91	715	789
7	0	4	92	795	867
7	2	11	93	869	934
7	12	2	94	956	977
7	4	3	95	1065	1132
7	12	9	96	1281	1350
8	10	9	97	0	97
8	5	14	98	109	158
8	14	5	99	192	262
8	12	7	100	314	383
8	13	6	101	519	617
8	1	12	102	832	917
8	14	1	103	923	986
8	6	10	104	1017	1107
8	9	7	105	1107	1136
8	14	12	106	1137	1159
8	3	14	107	1165	1229
8	4	9	108	1248	1281
8	0	13	109	1326	1348
9	6	10	110	223	276
9	13	14	111	293	358
9	11	12	112	365	397
9	12	10	113	430	493
9	12	4	114	493	554
9	4	12	115	556	650
9	14	13	116	650	695
9	12	7	117	698	784
9	4	3	118	808	820
9	8	6	119	874	934
9	12	2	120	977	994
9	0	13	121	1047	1115
9	4	3	122	1132	1197
9	11	12	123	1310	1344
10	2	8	124	364	446
10	7	5	125	459	500
10	4	12	126	507	556
10	3	5	127	600	643
10	4	3	128	650	666
10	3	8	129	726	759
10	3	9	130	808	861
10	6	10	131	904	967
10	0	13	132	984	1047
10	2	4	133	1148	1222
10	7	8	134	1245	1321
10	7	8	135	1321	1348
11	12	7	136	0	43
11	4	7	137	43	60
11	3	4	138	142	185
11	2	11	139	223	250
11	3	4	140	253	304
11	6	5	141	350	371
11	12	2	142	397	430
11	3	11	143	433	502
11	14	10	144	612	649
11	9	6	145	681	730
11	10	2	146	751	828
11	12	2	147	879	943
11	9	3	148	946	1021
12	2	10	149	23	34
12	13	11	150	47	125
12	5	14	151	158	180
12	5	7	152	201	276
12	11	12	153	319	365
12	3	0	154	366	380
12	11	5	155	510	600
12	11	3	156	618	628
12	7	5	157	696	752
12	4	9	158	752	808
12	8	13	159	809	856
12	0	13	160	891	984
12	14	6	161	1277	1309
13	12	1	162	72	90
13	8	14	163	188	258
13	4	14	164	372	389
13	2	8	165	446	532
13	12	1	166	554	580
13	10	9	167	620	666
13	10	3	168	666	676
13	8	13	169	740	809
13	3	0	170	866	927
13	2	6	171	934	972
13	5	6	172	1061	1118
13	13	2	173	1270	1339
14	9	4	174	33	78
14	6	11	175	125	194
14	0	13	176	207	220
14	0	13	177	449	520
14	0	13	178	520	571
14	11	5	179	954	1015
14	12	7	180	1018	1100
14	9	2	181	1136	1149
14	9	2	182	1149	1183
14	12	2	183	1185	1213
14	13	2	184	1213	1240
14	5	14	185	1240	1272
14	4	4	186	1301	1348
15	7	1	187	0	8
15	7	6	188	8	42
15	7	1	189	42	72
15	7	7	190	72	100
15	14	5	191	100	192
15	4	4	192	192	228
15	3	4	193	228	253
15	5	7	194	276	314
15	7	1	195	344	372
15	6	10	196	374	425
15	14	0	197	449	471
15	2	6	198	972	1001
15	8	6	199	1002	1049
15	13	11	200	1101	1198
16	8	12	201	0	55
16	12	7	202	163	201
16	12	1	203	223	285
16	2	3	204	303	333
16	9	5	205	408	434
16	7	0	206	618	696
16	0	11	207	715	769
16	8	3	208	856	874
16	5	3	209	874	946
16	7	8	210	1077	1116
16	5	14	211	1272	1351
17	2	10	212	34	88
17	7	7	213	100	163
17	13	3	214	167	224
17	1	3	215	333	401
17	9	7	216	504	580
17	10	3	217	676	685
17	13	3	218	685	765
17	7	5	219	765	809
17	11	4	220	867	931
17	7	0	221	935	992
17	14	12	222	1002	1036
17	14	12	223	1036	1070
17	13	11	224	1071	1101
17	12	11	225	1213	1222
17	2	4	226	1222	1274
18	13	14	227	0	47
18	14	12	228	55	90
18	1	1	229	92	161
18	2	11	230	250	303
18	0	4	231	305	375
18	3	9	232	510	562
18	9	7	233	580	674
18	12	7	234	674	698
18	8	13	235	724	740
18	9	6	236	787	867
18	7	8	237	868	922
18	5	1	238	1118	1193
18	8	10	239	1221	1257
19	2	6	240	154	223
19	8	3	241	403	413
19	1	3	242	413	499
19	6	11	243	506	573
19	10	9	244	573	620
19	1	2	245	623	689
19	5	10	246	721	785
19	13	11	247	954	1031
19	13	11	248	1031	1062
19	13	11	249	1062	1071
19	11	14	250	1086	1164
20	5	3	251	0	28
20	11	12	252	90	158
20	4	8	253	268	352
20	0	0	254	414	449
20	8	14	255	507	572
20	6	4	256	573	644
20	3	8	257	927	1012
20	8	4	258	1061	1132
20	1	12	259	1164	1234
20	6	0	260	1297	1351
21	8	14	261	55	75
21	3	4	262	82	142
21	7	0	263	163	220
21	13	6	264	224	253
21	7	1	265	285	344
21	10	9	266	391	455
21	5	10	267	493	562
21	13	7	268	784	873
21	6	10	269	967	1017
21	7	0	270	1023	1077
21	2	6	271	1118	1148
21	9	1	272	1193	1273
21	9	7	273	1278	1349
22	0	13	274	0	67
22	5	3	275	67	76
22	0	0	276	380	391
22	3	8	277	643	726
22	0	11	278	769	795
22	7	5	279	809	851
22	10	9	280	879	951
22	2	1	281	1001	1082
22	1	7	282	1136	1164
22	11	7	283	1164	1193
22	5	7	284	1193	1236
22	3	0	285	1236	1290
22	1	1	286	1290	1348
23	10	9	287	154	202
23	9	11	288	307	322
23	2	11	289	333	364
23	4	14	290	364	372
23	11	7	291	397	463
23	7	3	292	565	618
23	10	3	293	1021	1065
23	0	13	294	1181	1229
23	11	12	295	1234	1310
23	8	10	296	1310	1350
24	0	13	297	145	207
24	8	14	298	258	279
24	12	6	299	297	310
24	9	2	300	322	334
24	5	10	301	350	374
24	9	5	302	397	408
24	6	9	303	455	506
24	2	8	304	532	600
24	1	2	305	605	623
24	10	2	306	689	751
24	12	11	307	795	869
24	5	7	308	946	1018
24	14	12	309	1070	1137
24	14	5	310	1244	1275
25	5	3	311	28	59
25	10	10	312	97	140
25	11	12	313	158	236
25	13	14	314	279	293
25	5	6	315	314	343
25	14	13	316	379	447
25	14	0	317	471	531
25	5	8	318	612	634
25	14	0	319	708	783
25	7	0	320	992	1023
25	10	0	321	1145	1233
25	4	4	322	1281	1301
26	9	3	323	78	111
26	12	6	324	111	152
26	8	10	325	152	188
26	4	8	326	228	268
26	11	12	327	289	299
26	3	0	328	304	366
26	0	13	329	621	638
26	11	14	330	647	713
26	9	6	331	730	787
26	11	14	332	787	834
26	7	0	333	927	935
26	0	13	334	1229	1276
26	0	13	335	1276	1326
27	11	5	336	0	66
27	14	13	337	306	379
27	13	6	338	403	456
27	13	6	339	456	519
27	2	1	340	600	655
27	8	4	341	655	724
27	6	10	342	824	904
27	10	4	343	951	1017
27	9	5	344	1021	1090
27	2	1	345	1090	1113
27	0	13	346	1115	1181
27	6	5	347	1182	1225
27	6	11	348	1225	1297
27	14	6	349	1309	1343
28	0	13	350	220	305
28	10	9	351	364	391
28	4	14	352	391	439
28	7	3	353	500	565
28	0	13	354	571	621
28	13	6	355	621	681
28	3	8	356	759	795
28	5	8	357	795	868
28	13	5	358	873	954
28	12	10	359	1107	1185
28	1	6	360	1244	1277
29	0	0	361	67	145
29	4	8	362	145	182
29	11	12	363	236	289
29	9	2	364	334	397
29	5	4	365	428	492
29	12	11	366	580	650
29	4	9	367	666	743
29	2	1	368	792	862
29	4	2	369	943	956
29	1	2	370	1063	1122
29	3	5	371	1122	1165
29	2	1	372	1274	1287


Solution History:
