This is the output of Heuristic Solver for Dual resource constrained flexible job shop Scheduling Problem.
Input file is: wfjsp5_5.txt
Method: TS_5000_5_5
Seed: 1
Number of Jobs: 10
Number of Operations: 71
Number of Machines: 5
Number of Operators: 5
CPU Time: 15.6528
obj: 719
Best found lower bound:0
Solver gap (best found lower bound and upper bound difference): Not known


Final Solution:
Job	Machine	Operator	Operation	Start Time	Finish Time
0	0	0	0	0	16
0	1	3	1	105	145
0	1	3	2	145	232
0	3	0	3	250	316
0	4	4	4	339	406
0	3	0	5	473	509
0	0	1	6	638	710
1	2	2	7	13	52
1	3	0	8	128	172
1	3	0	9	214	250
1	1	3	10	319	350
1	1	3	11	350	418
1	1	3	12	418	441
1	1	4	13	524	538
1	1	4	14	538	613
2	4	1	15	0	64
2	0	1	16	64	74
2	4	4	17	149	195
2	4	4	18	195	270
2	3	0	19	316	355
2	0	1	20	361	389
2	2	2	21	508	547
2	4	3	22	625	653
3	0	1	23	158	188
3	2	2	24	283	366
3	3	0	25	425	473
3	4	4	26	484	523
3	4	3	27	604	625
4	1	4	28	55	64
4	3	0	29	85	128
4	2	2	30	135	218
4	2	2	31	218	283
4	3	0	32	355	425
4	1	3	33	441	524
4	4	3	34	524	604
4	1	4	35	613	649
5	2	2	36	0	13
5	0	0	37	16	63
5	4	4	38	64	149
5	4	4	39	270	339
5	0	1	40	389	455
5	0	1	41	455	485
5	0	1	42	523	593
5	1	3	43	653	685
6	0	1	44	140	158
6	2	2	45	444	508
6	2	2	46	634	719
7	2	2	47	52	135
7	3	0	48	172	214
7	0	1	49	277	361
7	4	4	50	406	484
7	3	0	51	509	519
7	3	0	52	519	555
7	2	2	53	555	634
7	1	3	54	685	717
8	3	3	55	0	85
8	1	3	56	85	105
8	0	1	57	106	140
8	0	1	58	188	277
8	3	0	59	596	609
8	0	1	60	612	638
8	4	4	61	653	719
9	1	4	62	0	15
9	1	4	63	15	55
9	0	1	64	74	106
9	1	3	65	232	319
9	2	2	66	366	444
9	0	1	67	485	523
9	3	0	68	555	596
9	0	1	69	596	612
9	3	0	70	612	704


Solution History:
