This is the output of Heuristic Solver for Dual resource constrained flexible job shop Scheduling Problem.
Input file is: wfjsp7_8.txt
Method: TS_5000_5_5
Seed: 1
Number of Jobs: 12
Number of Operations: 89
Number of Machines: 5
Number of Operators: 5
CPU Time: 34.4065
obj: 906
Best found lower bound:0
Solver gap (best found lower bound and upper bound difference): Not known


Final Solution:
Job	Machine	Operator	Operation	Start Time	Finish Time
0	1	1	0	166	193
0	4	1	1	403	460
0	0	4	2	486	512
0	2	3	3	765	829
0	2	3	4	829	899
1	1	4	5	106	160
1	0	0	6	213	275
1	1	4	7	317	330
1	1	4	8	330	377
1	1	4	9	377	428
1	0	0	10	610	640
1	1	0	11	702	791
1	0	0	12	799	807
2	3	2	13	45	133
2	0	0	14	175	194
2	2	3	15	290	351
2	2	3	16	351	420
2	4	1	17	470	496
2	4	1	18	496	552
2	4	2	19	673	719
3	3	2	20	0	45
3	4	4	21	48	89
3	3	2	22	147	210
3	4	1	23	293	348
3	3	2	24	371	434
3	1	0	25	434	522
3	0	0	26	536	610
3	2	3	27	611	678
3	4	2	28	719	789
3	3	1	29	824	900
4	1	0	30	13	74
4	1	1	31	193	258
4	1	4	32	263	317
4	3	2	33	336	371
4	3	2	34	520	610
4	2	3	35	678	765
4	4	2	36	789	817
5	0	0	37	96	118
5	2	3	38	223	290
5	4	1	39	460	470
5	2	3	40	480	546
5	4	1	41	645	671
5	1	0	42	791	799
5	4	2	43	817	864
5	4	2	44	864	906
6	4	4	45	0	48
6	4	4	46	166	263
6	4	4	47	553	593
6	4	4	48	593	639
6	1	0	49	645	702
6	3	1	50	743	824
7	1	0	51	0	13
7	0	1	52	57	73
7	2	3	53	74	119
7	0	0	54	119	175
7	3	2	55	319	336
7	1	1	56	578	645
8	0	1	57	0	57
8	2	3	58	119	182
8	2	3	59	182	223
8	0	0	60	275	356
8	2	3	61	420	480
8	1	1	62	553	578
8	2	3	63	589	611
8	1	4	64	846	893
9	2	3	65	0	74
9	3	2	66	133	147
9	0	0	67	194	213
9	3	2	68	273	319
9	4	1	69	348	403
9	0	4	70	434	486
9	1	4	71	536	553
9	3	2	72	610	673
9	1	4	73	799	846
10	1	1	74	74	106
10	4	1	75	263	293
10	0	4	76	512	536
10	0	4	77	640	701
10	0	4	78	701	746
10	0	0	79	807	830
10	0	0	80	830	905
11	0	0	81	74	96
11	4	1	82	106	166
11	3	2	83	210	273
11	0	0	84	356	434
11	3	2	85	434	520
11	2	3	86	546	589
11	3	1	87	673	743
11	0	4	88	746	798


Solution History:
