This is the output of Heuristic Solver for Dual resource constrained flexible job shop Scheduling Problem.
Input file is: wfjsp14_9.txt
Method: TS_5000_5_5
Seed: 1
Number of Jobs: 30
Number of Operations: 219
Number of Machines: 15
Number of Operators: 15
CPU Time: 238.641
obj: 798
Best found lower bound:0
Solver gap (best found lower bound and upper bound difference): Not known


Final Solution:
Job	Machine	Operator	Operation	Start Time	Finish Time
0	6	0	0	94	174
0	12	9	1	304	343
0	12	10	2	399	472
0	2	7	3	660	717
0	8	2	4	743	769
1	13	14	5	0	84
1	3	14	6	84	145
1	8	7	7	173	191
1	14	5	8	329	387
1	2	3	9	405	466
1	12	2	10	472	556
1	12	0	11	556	631
1	0	2	12	663	730
2	12	7	13	120	166
2	8	7	14	235	256
2	14	6	15	275	329
2	2	3	16	390	405
2	11	10	17	560	643
2	12	14	18	649	673
2	11	0	19	712	734
2	0	9	20	762	798
3	8	7	21	191	235
3	6	14	22	253	266
3	7	5	23	296	319
3	8	6	24	352	375
3	2	7	25	537	594
3	7	12	26	730	789
4	9	12	27	63	159
4	11	9	28	159	249
4	13	14	29	268	354
4	1	13	30	416	473
4	5	6	31	478	534
5	6	11	32	0	62
5	14	13	33	66	154
5	7	5	34	173	185
5	4	3	35	497	585
5	2	7	36	594	629
5	13	13	37	662	686
5	0	2	38	730	743
5	9	8	39	743	798
6	12	3	40	62	119
6	9	1	41	209	284
6	2	12	42	304	329
6	2	4	43	347	367
6	6	10	44	367	386
6	10	1	45	419	457
6	8	5	46	485	534
6	9	8	47	583	647
6	9	3	48	655	693
6	0	9	49	743	762
7	10	9	50	0	84
7	4	4	51	97	125
7	4	4	52	195	254
7	0	13	53	294	325
7	4	3	54	362	390
7	8	6	55	396	471
7	0	2	56	592	663
7	2	4	57	717	732
7	12	14	58	762	798
8	2	7	59	0	91
8	10	2	60	94	150
8	4	4	61	155	195
8	12	0	62	228	304
8	12	9	63	343	399
8	14	9	64	399	457
8	3	10	65	472	555
8	13	13	66	686	699
9	14	13	67	57	66
9	13	6	68	84	113
9	5	8	69	287	348
9	9	8	70	478	502
9	4	3	71	621	655
10	12	2	72	27	61
10	13	11	73	134	197
10	3	10	74	231	317
10	7	12	75	329	388
10	9	4	76	388	418
10	7	11	77	481	563
10	10	11	78	597	652
10	11	5	79	652	707
10	4	7	80	717	742
10	13	5	81	752	790
11	13	6	82	211	245
11	11	6	83	249	263
11	2	7	84	485	537
11	1	2	85	556	592
11	10	1	86	725	798
12	14	13	87	0	57
12	5	11	88	97	115
12	13	11	89	115	134
12	10	5	90	212	294
12	4	13	91	325	362
12	14	13	92	712	798
13	1	10	93	0	88
13	7	11	94	197	240
13	11	1	95	300	310
13	3	10	96	317	358
13	6	0	97	388	443
13	9	8	98	502	583
13	5	1	99	637	725
14	8	8	100	0	28
14	11	5	101	30	91
14	9	12	102	159	209
14	11	9	103	278	300
14	0	12	104	405	499
14	6	0	105	502	556
14	3	9	106	589	645
15	0	4	107	0	81
15	7	8	108	85	95
15	7	8	109	95	153
15	14	6	110	154	211
15	5	8	111	212	227
15	1	9	112	473	556
15	8	5	113	557	647
16	7	0	114	63	85
16	4	4	115	125	155
16	6	14	116	174	253
16	8	2	117	294	351
16	13	14	118	453	518
16	3	9	119	556	589
16	14	0	120	631	654
16	6	11	121	654	715
16	1	3	122	727	784
17	7	12	123	0	63
17	0	9	124	84	153
17	10	8	125	153	212
17	2	12	126	278	304
17	1	3	127	313	352
17	2	0	128	367	388
17	5	8	129	406	478
17	13	14	130	518	594
17	8	6	131	647	738
17	5	6	132	738	794
18	9	3	133	0	62
18	5	11	134	62	97
18	2	7	135	97	120
18	0	2	136	153	169
18	12	0	137	174	228
18	5	8	138	228	287
18	0	6	139	329	352
18	11	5	140	391	447
18	6	11	141	715	798
19	3	6	142	0	70
19	1	1	143	97	133
19	0	2	144	225	294
19	10	7	145	294	395
19	6	0	146	443	483
19	4	3	147	585	621
20	11	1	148	0	30
20	5	1	149	133	204
20	7	11	150	240	296
20	5	8	151	348	406
20	14	5	152	457	485
20	4	3	153	485	497
20	6	4	154	574	633
20	13	4	155	633	662
20	12	14	156	673	762
20	3	10	157	774	793
21	6	2	158	62	94
21	11	6	159	139	149
21	3	10	160	149	231
21	4	3	161	254	313
21	0	1	162	352	405
21	10	1	163	405	419
21	11	13	164	473	560
21	7	12	165	649	730
21	4	7	166	742	795
22	8	5	167	91	173
22	11	11	168	310	391
22	7	11	169	391	481
22	7	13	170	563	649
22	3	9	171	649	720
22	3	10	172	720	774
23	4	1	173	30	97
23	9	4	174	418	468
23	14	6	175	574	631
23	9	3	176	693	727
23	2	4	177	732	789
24	8	8	178	28	84
24	5	6	179	115	128
24	0	2	180	169	225
24	1	13	181	225	294
24	9	4	182	367	384
24	4	7	183	395	485
24	14	4	184	485	574
24	2	7	185	629	638
24	10	10	186	652	720
24	11	0	187	734	790
25	5	0	188	0	59
25	13	5	189	197	206
25	14	12	190	211	275
25	8	6	191	375	396
25	8	5	192	534	557
25	10	11	193	563	597
25	14	0	194	654	712
26	2	3	195	120	156
26	2	3	196	156	245
26	2	9	197	249	278
26	6	4	198	278	347
26	13	5	199	707	752
27	3	6	200	70	84
27	3	2	201	358	417
27	3	2	202	417	467
27	10	1	203	467	546
27	5	1	204	546	637
27	1	8	205	649	719
28	1	13	206	154	225
28	9	1	207	310	352
28	1	13	208	362	416
28	13	14	209	441	453
28	0	12	210	499	586
28	2	7	211	638	660
28	4	4	212	662	714
29	12	2	213	0	27
29	11	10	214	91	139
29	13	4	215	254	268
29	13	14	216	354	441
29	6	0	217	483	502
29	1	14	218	594	649


Solution History:
