This is the output of Heuristic Solver for Dual resource constrained flexible job shop Scheduling Problem.
Input file is: wfjsp5_7.txt
Method: TS_5000_5_5
Seed: 1
Number of Jobs: 10
Number of Operations: 70
Number of Machines: 5
Number of Operators: 5
CPU Time: 22.5709
obj: 776
Best found lower bound:0
Solver gap (best found lower bound and upper bound difference): Not known


Final Solution:
Job	Machine	Operator	Operation	Start Time	Finish Time
0	1	0	0	79	164
0	1	1	1	177	186
0	2	2	2	202	242
0	4	0	3	339	434
0	0	3	4	485	510
0	1	3	5	522	563
0	1	3	6	563	595
0	2	1	7	690	727
1	3	1	8	0	10
1	0	3	9	172	211
1	2	2	10	242	322
1	0	1	11	341	406
1	0	3	12	406	485
1	2	2	13	520	579
1	0	0	14	608	646
2	3	0	15	177	196
2	3	4	16	198	284
2	2	2	17	322	388
2	0	0	18	515	569
2	3	4	19	582	655
2	3	4	20	655	735
2	2	1	21	735	772
3	2	2	22	509	520
3	4	2	23	676	754
4	2	4	24	0	12
4	1	0	25	25	79
4	4	2	26	79	93
4	0	3	27	93	172
4	4	0	28	284	339
4	3	4	29	366	399
4	3	4	30	399	478
4	3	4	31	478	556
4	1	3	32	595	678
4	1	1	33	678	690
5	0	3	34	0	81
5	2	4	35	110	198
5	3	4	36	284	310
5	1	3	37	347	372
5	1	1	38	406	445
5	1	1	39	445	522
5	4	1	40	522	603
5	4	1	41	603	676
5	1	3	42	690	776
6	4	2	43	93	135
6	4	2	44	135	162
6	4	2	45	162	202
6	4	0	46	202	284
6	0	1	47	284	341
6	2	2	48	388	446
6	2	2	49	446	509
6	3	4	50	556	582
6	3	4	51	735	775
7	4	2	52	0	79
7	2	4	53	80	110
7	0	3	54	211	227
7	0	3	55	227	273
7	1	3	56	273	347
7	0	0	57	569	608
7	0	0	58	646	683
7	0	0	59	740	762
8	1	0	60	0	25
8	3	1	61	25	54
8	3	1	62	54	111
8	3	1	63	111	177
8	1	1	64	186	273
8	3	4	65	310	366
8	4	0	66	434	515
8	2	2	67	579	666
9	2	4	68	12	80
9	0	0	69	683	740


Solution History:
