This is the output of Heuristic Solver for Dual resource constrained flexible job shop Scheduling Problem.
Input file is: wfjsp6_5.txt
Method: TS_5000_5_5
Seed: 1
Number of Jobs: 12
Number of Operations: 83
Number of Machines: 5
Number of Operators: 5
CPU Time: 28.088
obj: 852
Best found lower bound:0
Solver gap (best found lower bound and upper bound difference): Not known


Final Solution:
Job	Machine	Operator	Operation	Start Time	Finish Time
0	2	2	0	42	56
0	1	3	1	86	126
0	1	3	2	170	257
0	3	0	3	376	442
0	4	4	4	488	555
0	3	0	5	581	617
0	0	1	6	777	849
1	2	2	7	56	95
1	3	0	8	178	222
1	3	0	9	222	258
1	1	3	10	297	328
1	0	1	11	358	429
1	1	3	12	429	452
1	1	3	13	452	466
1	1	4	14	600	675
2	4	4	15	0	64
2	0	1	16	248	258
2	2	2	17	261	316
2	4	4	18	413	488
2	3	0	19	542	581
2	2	2	20	615	645
2	2	2	21	728	767
2	4	3	22	823	851
3	4	4	23	306	335
3	2	2	24	463	546
3	1	4	25	555	600
3	4	3	26	699	738
3	4	3	27	802	823
4	1	3	28	126	135
4	3	0	29	135	178
4	2	2	30	178	261
4	2	2	31	316	381
4	3	0	32	442	512
4	0	1	33	512	598
4	0	1	34	598	681
4	1	4	35	783	819
5	0	1	36	0	14
5	0	1	37	14	65
5	0	1	38	79	164
5	4	4	39	194	263
5	0	1	40	292	358
5	3	0	41	512	542
5	0	1	42	707	777
5	1	4	43	819	852
6	0	1	44	461	479
6	4	3	45	633	699
6	2	2	46	767	852
7	1	3	47	0	86
7	3	0	48	93	135
7	0	1	49	164	248
7	4	4	50	335	413
7	3	0	51	617	627
7	3	0	52	627	663
7	3	0	53	663	750
7	1	4	54	750	783
8	3	0	55	0	93
8	1	3	56	135	155
8	0	1	57	258	292
8	1	3	58	328	414
8	1	3	59	414	427
8	0	1	60	681	707
8	4	3	61	738	802
9	1	3	62	155	170
9	1	3	63	257	297
9	0	1	64	429	461
9	1	3	65	466	553
9	4	3	66	555	633
9	2	2	67	645	685
9	2	2	68	685	728
9	1	4	69	728	743
9	3	0	70	750	842
10	2	2	71	95	177
10	4	4	72	263	306
11	2	2	73	0	42
11	0	1	74	65	79
11	4	4	75	79	163
11	4	4	76	163	194
11	3	0	77	258	308
11	3	0	78	308	376
11	2	2	79	381	463
11	0	1	80	479	504
11	2	2	81	546	615
11	1	4	82	675	724


Solution History:
