This is the output of Heuristic Solver for Dual resource constrained flexible job shop Scheduling Problem.
Input file is: wfjsp11_1.txt
Method: TS_5000_5_5
Seed: 1
Number of Jobs: 20
Number of Operations: 190
Number of Machines: 10
Number of Operators: 10
CPU Time: 143.487
obj: 987
Best found lower bound:0
Solver gap (best found lower bound and upper bound difference): Not known


Final Solution:
Job	Machine	Operator	Operation	Start Time	Finish Time
0	8	7	0	0	69
0	4	5	1	128	155
0	1	7	2	171	211
0	6	1	3	279	378
0	1	1	4	378	459
0	4	0	5	504	559
0	8	5	6	565	637
0	3	3	7	685	722
0	2	1	8	862	903
0	5	3	9	947	985
1	6	0	10	61	70
1	4	0	11	81	99
1	4	0	12	99	115
1	1	7	13	117	171
1	0	0	14	228	283
1	7	7	15	290	346
1	1	4	16	354	377
1	6	4	17	378	389
1	0	0	18	400	451
1	6	8	19	575	615
1	5	6	20	647	734
1	9	9	21	743	835
1	9	9	22	835	876
1	3	4	23	891	972
2	1	4	24	103	117
2	6	1	25	143	180
2	7	0	26	189	211
2	5	2	27	219	240
2	5	2	28	269	318
2	5	2	29	371	452
2	9	9	30	465	504
2	9	9	31	504	565
2	6	8	32	615	696
2	9	9	33	696	743
2	8	7	34	780	793
2	0	6	35	919	964
3	2	1	36	13	39
3	0	8	37	42	75
3	6	8	38	75	143
3	3	5	39	155	211
3	7	7	40	258	290
3	3	8	41	308	390
3	1	1	42	459	486
3	3	3	43	577	630
3	3	3	44	630	643
3	9	9	45	672	684
3	7	7	46	690	762
3	6	0	47	862	874
3	8	6	48	909	919
4	0	8	49	0	42
4	9	9	50	124	196
4	8	6	51	382	399
4	2	6	52	399	454
4	2	2	53	764	821
4	2	1	54	821	862
4	8	7	55	941	980
5	0	0	56	283	377
5	2	0	57	454	504
5	5	6	58	564	647
5	4	1	59	652	716
5	0	6	60	964	986
6	1	6	61	0	76
6	6	8	62	390	408
6	5	6	63	454	490
6	3	8	64	731	818
6	7	7	65	874	907
7	9	9	66	0	17
7	5	2	67	37	84
7	3	3	68	103	153
7	4	3	69	214	292
7	1	4	70	308	354
7	8	5	71	400	426
7	8	5	72	426	461
7	1	4	73	486	524
7	8	5	74	528	565
7	4	1	75	565	614
7	2	0	76	642	726
7	1	4	77	729	806
7	3	8	78	818	891
7	6	8	79	891	983
8	7	5	80	0	74
8	0	2	81	84	126
8	1	0	82	211	228
8	6	1	83	257	279
8	4	3	84	292	301
8	3	4	85	390	467
8	0	2	86	496	535
8	9	9	87	565	596
8	1	4	88	806	823
8	6	4	89	823	853
8	4	3	90	853	909
9	7	7	91	245	258
9	9	9	92	410	465
9	5	6	93	490	564
9	5	6	94	734	756
9	8	7	95	793	814
9	1	0	96	874	928
10	2	0	97	0	13
10	8	4	98	128	228
10	4	3	99	326	408
10	8	7	100	468	528
10	2	2	101	726	764
10	0	2	102	825	909
11	3	4	103	24	103
11	7	0	104	147	189
11	2	6	105	218	275
11	0	5	106	381	400
11	0	2	107	452	496
11	2	0	108	559	574
11	0	2	109	578	658
11	0	2	110	658	722
11	4	5	111	909	985
12	3	4	112	0	24
12	8	5	113	107	128
12	0	8	114	147	222
12	1	4	115	289	308
12	7	7	116	346	435
12	5	6	117	756	848
12	7	7	118	862	874
13	0	0	119	126	147
13	5	2	120	200	219
13	3	3	121	491	577
13	2	0	122	595	642
13	1	4	123	654	729
13	4	3	124	729	788
13	9	9	125	876	915
13	1	0	126	928	975
14	5	2	127	0	37
14	8	5	128	74	107
14	2	6	129	131	218
14	7	7	130	218	245
14	5	2	131	245	269
14	3	8	132	269	308
14	4	3	133	308	326
14	8	5	134	326	381
14	4	3	135	408	491
14	7	7	136	528	592
14	4	1	137	614	652
14	0	5	138	722	825
14	1	7	139	825	861
14	2	2	140	909	987
15	4	3	141	0	81
15	5	6	142	84	131
15	9	9	143	196	283
15	9	9	144	283	355
15	9	9	145	355	410
15	2	1	146	504	542
15	1	4	147	598	654
15	8	5	148	825	902
15	9	9	149	915	985
16	7	7	150	74	110
16	4	3	151	155	214
16	1	4	152	228	289
16	5	2	153	318	371
16	6	8	154	434	478
16	7	5	155	478	515
16	0	2	156	535	578
16	9	9	157	596	672
16	6	0	158	731	780
16	5	6	159	848	909
16	7	1	160	909	985
17	9	9	161	51	124
17	5	2	162	179	200
17	3	5	163	211	228
17	3	8	164	228	268
17	8	5	165	302	318
17	2	6	166	365	382
17	6	8	167	478	541
17	6	8	168	541	575
17	2	0	169	575	595
17	8	5	170	637	721
17	7	0	171	780	862
17	8	7	172	919	941
18	6	0	173	13	61
18	6	1	174	180	257
18	2	6	175	275	365
18	7	7	176	435	468
18	3	3	177	643	685
18	6	1	178	780	821
19	9	9	179	17	51
19	2	1	180	51	129
19	5	2	181	131	179
19	8	5	182	228	302
19	6	8	183	408	434
19	1	4	184	524	598
19	7	7	185	598	690
19	6	8	186	696	731
19	8	7	187	762	780
19	4	3	188	788	851
19	5	3	189	909	947


Solution History:
