This is the output of Heuristic Solver for Dual resource constrained flexible job shop Scheduling Problem.
Input file is: wfjsp12_3.txt
Method: TS_5000_5_5
Seed: 1
Number of Jobs: 25
Number of Operations: 204
Number of Machines: 10
Number of Operators: 10
CPU Time: 219.331
obj: 1114
Best found lower bound:0
Solver gap (best found lower bound and upper bound difference): Not known


Final Solution:
Job	Machine	Operator	Operation	Start Time	Finish Time
0	5	9	0	98	166
0	5	9	1	166	179
0	9	4	2	193	207
0	1	1	3	330	408
0	8	6	4	440	505
0	8	0	5	618	685
0	3	6	6	715	787
0	6	9	7	792	825
0	0	9	8	825	907
1	8	6	9	0	13
1	4	7	10	139	198
1	7	8	11	210	305
1	9	9	12	305	320
1	2	8	13	377	463
1	1	7	14	726	823
1	1	5	15	866	896
1	5	2	16	1018	1070
2	2	6	17	38	55
2	0	0	18	182	258
2	9	9	19	360	370
2	4	7	20	371	397
2	3	5	21	525	573
2	9	4	22	599	696
2	9	3	23	755	816
2	4	4	24	862	891
2	3	6	25	919	989
2	8	7	26	1010	1111
3	3	3	27	0	12
3	3	5	28	143	179
3	1	9	29	213	301
3	8	6	30	333	367
3	6	3	31	369	398
3	5	2	32	405	470
3	4	7	33	586	643
3	1	5	34	658	726
4	9	4	35	95	193
4	5	2	36	304	405
4	4	7	37	413	428
4	6	3	38	479	506
4	6	3	39	506	589
4	2	8	40	700	714
4	8	0	41	748	772
4	9	3	42	816	866
4	4	7	43	929	962
4	3	3	44	989	1037
5	5	8	45	0	98
5	6	3	46	190	257
5	2	8	47	305	377
5	4	7	48	397	413
5	9	4	49	465	478
5	9	4	50	478	536
5	9	4	51	536	599
5	9	3	52	696	732
5	9	3	53	732	755
5	2	8	54	826	881
6	8	6	55	13	38
6	8	5	56	38	65
6	2	5	57	71	142
6	8	6	58	268	333
6	2	1	59	576	667
6	6	9	60	698	792
6	0	2	61	792	803
6	7	7	62	823	884
6	6	2	63	917	1018
7	9	4	64	47	95
7	1	1	65	301	330
7	6	3	66	425	479
7	6	3	67	643	691
7	4	4	68	769	862
7	4	7	69	920	929
7	4	9	70	1017	1113
8	5	2	71	179	234
8	2	1	72	272	301
8	2	5	73	726	798
8	2	5	74	798	826
8	9	5	75	903	958
8	5	2	76	1099	1113
9	1	3	77	24	58
9	4	7	78	127	139
9	3	9	79	374	447
9	3	9	80	447	520
9	6	3	81	589	643
9	6	1	82	851	867
9	6	1	83	879	917
9	3	3	84	1037	1052
10	4	7	85	55	127
10	9	9	86	320	360
10	8	6	87	367	399
10	4	7	88	428	449
10	0	8	89	576	611
10	3	6	90	662	715
10	0	2	91	732	792
10	1	5	92	826	853
10	0	1	93	918	951
11	6	0	94	0	38
11	1	3	95	58	152
11	2	3	96	152	190
11	0	0	97	258	334
11	1	1	98	446	537
11	7	1	99	732	812
11	5	2	100	812	863
11	3	3	101	866	905
11	2	8	102	954	1036
11	6	8	103	1036	1113
12	2	5	104	0	34
12	7	8	105	170	180
12	8	6	106	206	268
12	6	3	107	268	314
12	8	6	108	505	570
12	0	9	109	611	698
12	8	0	110	772	863
12	8	0	111	863	976
12	9	4	112	976	1028
12	9	4	113	1028	1063
13	6	0	114	38	62
13	1	1	115	408	446
13	7	4	116	696	732
13	1	5	117	853	866
13	7	5	118	965	1030
13	7	1	119	1030	1113
14	2	6	120	55	71
14	7	1	121	104	170
14	3	5	122	179	228
14	6	3	123	398	425
14	4	7	124	509	586
14	5	1	125	667	721
14	1	5	126	1045	1108
15	4	7	127	0	55
15	2	1	128	190	272
15	7	2	129	470	561
15	3	0	130	574	599
15	5	6	131	863	919
15	5	9	132	919	944
15	3	3	133	1052	1114
16	9	4	134	0	47
16	6	0	135	62	89
16	8	6	136	143	206
16	6	3	137	314	369
16	8	6	138	399	440
16	7	2	139	561	613
16	5	2	140	613	661
16	6	1	141	825	851
16	4	7	142	891	920
16	0	0	143	1012	1108
17	5	4	144	234	304
17	9	5	145	374	389
17	7	2	146	671	695
17	2	8	147	881	954
17	1	6	148	989	1045
17	2	6	149	1045	1113
18	4	7	150	198	246
18	9	4	151	391	433
18	9	4	152	433	465
18	2	5	153	465	525
18	3	6	154	618	662
18	4	2	155	695	732
18	4	4	156	732	769
18	0	1	157	951	974
18	4	7	158	974	1010
19	8	8	159	98	139
19	1	9	160	179	213
19	4	7	161	246	302
19	0	0	162	334	411
19	4	7	163	449	509
19	8	6	164	570	618
19	7	8	165	618	671
19	5	8	166	721	802
19	5	2	167	1070	1099
20	0	1	168	0	89
20	5	8	169	470	497
20	8	0	170	685	748
20	9	2	171	866	903
20	0	9	172	907	918
20	5	9	173	944	1017
21	0	0	174	89	165
21	9	2	175	234	301
21	3	5	176	301	374
21	7	5	177	391	456
21	5	9	178	520	610
21	3	6	179	787	852
21	0	1	180	974	1012
22	1	9	181	0	24
22	3	9	182	24	87
22	6	2	183	104	173
22	4	7	184	302	371
22	0	0	185	411	505
22	2	8	186	525	576
22	2	8	187	671	700
22	8	0	188	976	995
23	7	2	189	0	104
23	7	8	190	180	210
23	3	5	191	228	259
23	3	5	192	259	297
23	1	5	193	573	658
23	7	4	194	891	965
23	9	4	195	1063	1108
24	3	6	196	87	143
24	0	1	197	170	182
24	7	4	198	305	391
24	5	8	199	497	508
24	0	0	200	508	574
24	4	7	201	643	693
24	6	1	202	867	879
24	1	3	203	905	984


Solution History:
