This is the output of Heuristic Solver for Dual resource constrained flexible job shop Scheduling Problem.
Input file is: wfjsp7_5.txt
Method: TS_5000_5_5
Seed: 1
Number of Jobs: 12
Number of Operations: 80
Number of Machines: 5
Number of Operators: 5
CPU Time: 36.625
obj: 822
Best found lower bound:0
Solver gap (best found lower bound and upper bound difference): Not known


Final Solution:
Job	Machine	Operator	Operation	Start Time	Finish Time
0	0	1	0	28	43
0	1	4	1	45	85
0	3	0	2	128	220
0	3	2	3	318	388
0	0	1	4	591	656
0	0	1	5	691	725
0	3	2	6	757	821
1	4	3	7	179	220
1	0	0	8	291	338
1	1	4	9	397	432
1	0	1	10	476	507
1	4	4	11	555	625
2	1	3	12	85	108
2	2	2	13	156	170
2	2	2	14	170	235
2	4	1	15	263	327
2	2	2	16	479	488
3	1	4	17	0	45
3	2	2	18	81	156
3	1	4	19	179	218
3	1	1	20	432	462
3	3	2	21	692	733
4	0	1	22	0	28
4	0	1	23	61	91
4	0	1	24	91	182
4	2	3	25	330	376
4	0	1	26	725	767
5	3	0	27	36	61
5	4	1	28	255	263
5	0	0	29	338	381
5	1	3	30	479	562
5	4	4	31	625	687
6	3	0	32	61	128
6	3	2	33	235	318
6	3	0	34	477	568
6	0	1	35	656	691
6	1	3	36	724	738
6	0	1	37	767	818
7	2	2	38	0	81
7	0	0	39	222	291
7	1	4	40	333	397
7	2	0	41	722	752
7	2	0	42	752	822
8	3	0	43	0	36
8	0	1	44	43	61
8	1	3	45	108	172
8	1	4	46	218	300
8	4	1	47	327	418
8	4	4	48	432	477
8	0	1	49	507	591
8	1	3	50	596	674
8	1	3	51	674	683
8	4	4	52	704	739
9	4	4	53	100	179
9	4	1	54	222	255
9	2	3	55	376	461
9	2	3	56	461	479
9	1	3	57	562	596
9	3	2	58	606	692
9	4	4	59	692	704
9	3	2	60	733	757
9	4	3	61	757	821
10	4	4	62	85	100
10	0	1	63	182	222
10	1	4	64	300	333
10	3	2	65	388	477
10	4	4	66	477	555
10	3	0	67	568	606
10	1	3	68	683	724
10	4	3	69	739	754
11	4	3	70	0	84
11	2	3	71	235	330
11	0	0	72	381	424
11	0	0	73	424	460
11	0	1	74	462	476
11	2	2	75	488	572
11	2	2	76	572	600
11	2	0	77	606	654
11	2	0	78	654	722
11	1	4	79	739	821


Solution History:
