This is the output of Heuristic Solver for Dual resource constrained flexible job shop Scheduling Problem.
Input file is: wfjsp9_7.txt
Method: TS_5000_5_5
Seed: 1
Number of Jobs: 15
Number of Operations: 134
Number of Machines: 5
Number of Operators: 5
CPU Time: 92.5229
obj: 1341
Best found lower bound:0
Solver gap (best found lower bound and upper bound difference): Not known


Final Solution:
Job	Machine	Operator	Operation	Start Time	Finish Time
0	1	3	0	0	80
0	3	4	1	104	115
0	2	2	2	440	480
0	0	0	3	564	659
0	1	0	4	745	768
0	1	0	5	862	900
0	2	2	6	1165	1199
0	0	1	7	1300	1339
1	3	1	8	0	8
1	4	1	9	8	48
1	2	2	10	73	157
1	2	2	11	178	243
1	1	1	12	261	340
1	0	3	13	402	469
1	4	1	14	727	768
1	1	3	15	1034	1051
1	4	1	16	1130	1207
1	3	4	17	1260	1340
2	1	1	18	204	261
2	3	4	19	313	386
2	3	4	20	386	458
2	3	4	21	520	550
2	4	1	22	644	654
2	3	4	23	656	734
2	4	1	24	811	823
2	3	4	25	1181	1249
2	3	4	26	1249	1260
2	2	2	27	1260	1341
3	4	0	28	286	341
3	4	0	29	377	405
3	4	1	30	408	480
3	0	3	31	745	823
3	4	1	32	823	895
3	1	3	33	906	917
3	0	1	34	969	1050
3	1	0	35	1124	1208
4	0	0	36	0	24
4	0	0	37	39	62
4	0	0	38	62	99
4	1	0	39	141	204
4	1	1	40	340	408
4	4	1	41	654	727
4	3	4	42	734	820
4	2	2	43	1130	1165
4	1	1	44	1208	1235
4	4	0	45	1291	1330
5	4	0	46	204	286
5	2	2	47	322	380
5	2	2	48	380	440
5	3	4	49	458	520
5	1	3	50	520	544
5	2	2	51	788	820
5	3	4	52	945	1013
5	4	2	53	1096	1130
5	0	3	54	1164	1180
6	0	0	55	99	141
6	3	4	56	550	624
6	0	0	57	659	698
6	4	1	58	768	811
6	2	2	59	880	904
6	4	0	60	969	996
6	1	3	61	1001	1034
6	4	0	62	1038	1096
6	0	1	63	1235	1300
7	4	1	64	48	128
7	0	3	65	182	235
7	2	2	66	243	312
7	4	1	67	564	644
7	3	4	68	836	912
7	0	0	69	912	969
7	3	4	70	1013	1036
7	0	3	71	1051	1109
8	3	4	72	128	199
8	0	1	73	480	558
8	2	2	74	642	686
8	2	2	75	686	711
8	2	2	76	711	747
8	2	2	77	904	976
8	4	0	78	996	1038
8	2	4	79	1093	1129
9	3	4	80	8	89
9	3	4	81	115	128
9	4	1	82	128	143
9	3	4	83	199	255
9	1	3	84	476	501
9	3	4	85	912	945
9	2	2	86	976	1033
9	2	2	87	1033	1092
10	0	3	88	235	290
10	2	2	89	312	322
10	1	3	90	544	624
10	3	4	91	624	656
10	2	2	92	747	777
10	3	4	93	820	836
10	2	2	94	851	880
10	1	1	95	1051	1123
11	0	0	96	24	39
11	1	3	97	80	136
11	2	2	98	157	178
11	0	3	99	334	402
11	2	2	100	564	642
11	1	0	101	768	796
11	1	3	102	917	1001
11	3	4	103	1036	1093
11	3	0	104	1096	1124
11	2	2	105	1199	1256
12	3	4	106	255	313
12	1	0	107	448	476
12	4	0	108	480	536
12	4	0	109	536	564
12	0	0	110	698	738
12	2	2	111	777	788
12	1	0	112	796	824
12	1	0	113	824	862
12	4	1	114	895	966
12	0	3	115	1109	1164
13	2	2	116	0	73
13	3	4	117	89	104
13	4	1	118	143	199
13	0	3	119	290	334
13	4	0	120	341	377
13	2	2	121	480	564
13	1	3	122	624	667
13	1	3	123	667	745
13	0	3	124	823	906
13	4	0	125	1208	1291
14	0	3	126	141	182
14	1	0	127	408	448
14	1	3	128	501	520
14	2	2	129	820	851
14	3	4	130	1129	1166
14	3	4	131	1166	1181
14	0	3	132	1181	1227
14	1	3	133	1235	1320


Solution History:
