This is the output of Heuristic Solver for Dual resource constrained flexible job shop Scheduling Problem.
Input file is: wfjsp20_9.txt
Method: TS_5000_5_5
Seed: 1
Number of Jobs: 25
Number of Operations: 188
Number of Machines: 10
Number of Operators: 8
CPU Time: 208.218
obj: 1188
Best found lower bound:0
Solver gap (best found lower bound and upper bound difference): Not known


Final Solution:
Job	Machine	Operator	Operation	Start Time	Finish Time
0	4	5	0	87	159
0	9	3	1	449	493
0	6	2	2	580	640
0	9	7	3	759	816
0	9	7	4	885	914
1	6	0	5	0	78
1	2	3	6	182	242
1	0	4	7	249	269
1	6	2	8	345	401
1	3	5	9	509	567
1	4	2	10	789	873
1	2	6	11	930	1015
1	7	0	12	1056	1131
2	5	0	13	90	137
2	1	5	14	567	586
2	9	5	15	685	739
2	7	5	16	797	811
2	5	0	17	914	989
2	2	4	18	1044	1066
2	4	2	19	1101	1123
2	6	1	20	1127	1159
3	9	7	21	56	95
3	9	1	22	238	252
3	5	4	23	469	488
3	1	2	24	992	1014
3	8	6	25	1015	1071
3	2	6	26	1137	1188
4	8	0	27	411	488
4	2	4	28	496	586
4	8	0	29	697	773
4	8	0	30	858	914
4	7	0	31	1131	1188
5	4	5	32	221	278
5	4	4	33	286	373
5	9	3	34	434	449
5	1	7	35	475	563
5	3	2	36	704	733
5	9	5	37	739	758
5	0	5	38	758	772
5	1	0	39	776	834
6	8	5	40	25	87
6	5	7	41	260	343
6	8	6	42	366	390
6	7	2	43	406	428
6	0	4	44	447	469
6	7	7	45	563	605
6	3	3	46	857	898
6	7	0	47	992	1056
6	2	7	48	1096	1137
6	9	3	49	1160	1179
7	7	6	50	157	246
7	0	1	51	300	330
7	1	3	52	371	434
7	5	2	53	551	580
7	2	6	54	588	614
7	1	6	55	701	776
7	0	1	56	806	877
7	6	1	57	877	891
7	4	7	58	978	1012
8	8	4	59	95	181
8	8	4	60	181	222
8	7	2	61	428	466
8	0	1	62	528	599
8	9	7	63	605	661
8	9	4	64	828	885
8	3	3	65	981	1042
8	5	3	66	1093	1105
9	4	0	67	546	555
9	2	3	68	618	647
9	2	4	69	768	828
9	9	7	70	953	978
9	6	1	71	1159	1188
10	2	6	72	0	33
10	9	3	73	95	156
10	7	2	74	251	345
10	4	0	75	555	609
10	2	3	76	674	704
10	8	6	77	776	858
10	8	7	78	914	953
10	0	4	79	992	1044
10	3	3	80	1065	1093
10	0	7	81	1137	1179
11	2	6	82	33	65
11	3	2	83	169	183
11	4	7	84	661	719
11	5	3	85	763	798
11	3	5	86	1094	1185
12	2	6	87	65	120
12	9	7	88	178	200
12	8	6	89	496	516
12	7	6	90	614	701
12	6	1	91	958	994
12	9	7	92	1012	1096
13	1	7	93	95	178
13	2	6	94	448	496
13	6	5	95	496	509
13	5	3	96	582	618
13	0	1	97	653	711
13	4	1	98	891	958
13	6	5	99	1009	1094
14	9	5	100	0	25
14	0	1	101	70	132
14	0	1	102	132	177
14	1	6	103	291	310
14	2	0	104	331	411
14	8	4	105	640	697
14	5	2	106	1123	1178
15	4	1	107	0	70
15	3	1	108	252	263
15	9	5	109	278	335
15	4	2	110	733	789
15	1	0	111	834	852
15	1	5	112	869	943
15	4	2	113	1014	1101
16	0	4	114	0	23
16	5	3	115	156	182
16	3	2	116	183	251
16	1	3	117	310	371
16	3	6	118	390	448
16	2	3	119	647	674
16	6	5	120	772	797
16	3	3	121	798	857
16	8	5	122	953	1009
17	4	5	123	159	221
17	2	3	124	242	306
17	7	7	125	345	406
17	2	7	126	411	436
17	1	7	127	436	475
17	6	5	128	475	496
17	9	3	129	496	582
17	5	7	130	816	885
17	0	4	131	885	976
17	4	4	132	1127	1183
18	3	4	133	23	82
18	6	1	134	177	206
18	6	4	135	222	249
18	3	4	136	269	286
18	8	6	137	310	366
18	8	6	138	516	588
18	9	5	139	662	685
18	6	4	140	712	768
18	0	1	141	1058	1127
19	1	2	142	0	82
19	2	0	143	137	173
19	5	4	144	373	447
19	7	2	145	466	551
19	2	7	146	719	759
19	7	2	147	960	992
20	0	1	148	206	238
20	9	5	149	335	404
20	6	5	150	404	468
20	5	0	151	488	546
20	0	1	152	615	643
20	4	1	153	643	653
20	5	3	154	704	763
20	0	1	155	777	806
20	7	2	156	873	960
20	1	3	157	1042	1065
21	5	3	158	0	29
21	7	0	159	78	90
21	4	1	160	395	463
21	0	1	161	469	528
21	3	4	162	586	640
21	6	4	163	697	712
21	7	1	164	712	777
21	2	6	165	858	930
21	8	4	166	1071	1127
22	6	2	167	82	169
22	5	0	168	182	258
22	6	0	169	258	331
22	1	5	170	586	662
22	6	5	171	811	869
22	1	6	172	1071	1122
23	5	3	173	29	87
23	3	6	174	120	157
23	1	7	175	200	260
23	0	1	176	269	300
23	3	2	177	640	704
24	7	7	178	0	56
24	3	4	179	82	95
24	8	6	180	246	291
24	0	1	181	330	395
24	0	1	182	599	615
24	5	0	183	618	697
24	3	3	184	898	981
24	0	4	185	981	992
24	5	1	186	994	1058
24	9	3	187	1105	1160


Solution History:
