This is the output of Heuristic Solver for Dual resource constrained flexible job shop Scheduling Problem.
Input file is: wfjsp6_1.txt
Method: TS_5000_5_5
Seed: 1
Number of Jobs: 12
Number of Operations: 70
Number of Machines: 5
Number of Operators: 5
CPU Time: 16.589
obj: 685
Best found lower bound:0
Solver gap (best found lower bound and upper bound difference): Not known


Final Solution:
Job	Machine	Operator	Operation	Start Time	Finish Time
0	3	1	0	29	112
0	1	0	1	139	160
0	4	4	2	167	222
0	2	1	3	249	348
0	2	1	4	348	425
0	0	1	5	425	480
0	3	1	6	567	646
0	3	0	7	646	683
1	4	4	8	17	55
1	4	4	9	222	257
1	1	4	10	314	322
1	0	2	11	340	358
1	2	1	12	503	519
1	4	3	13	597	640
2	0	2	14	358	423
2	1	4	15	464	516
2	2	0	16	526	549
2	1	4	17	674	682
3	2	2	18	0	62
3	0	3	19	75	121
3	1	0	20	160	251
3	4	3	21	257	351
3	4	3	22	351	401
3	4	3	23	401	482
3	4	3	24	482	498
3	1	4	25	516	551
3	0	2	26	661	685
4	4	4	27	55	82
4	1	0	28	94	139
4	3	2	29	168	245
4	1	4	30	350	388
4	3	0	31	401	467
4	0	2	32	503	596
4	4	3	33	640	683
5	3	1	34	0	15
5	3	1	35	112	158
5	0	3	36	179	203
5	0	3	37	203	237
5	1	4	38	388	464
5	3	0	39	467	526
6	4	4	40	95	125
6	3	0	41	251	341
6	0	1	42	480	503
6	2	0	43	549	602
6	1	4	44	663	674
7	3	1	45	15	29
7	2	1	46	168	249
7	1	4	47	342	350
7	2	2	48	490	501
7	2	1	49	646	684
8	0	3	50	0	75
8	4	4	51	82	95
8	2	2	52	112	168
8	1	4	53	257	314
8	3	1	54	526	567
8	1	4	55	616	663
9	1	0	56	0	94
9	4	4	57	125	167
9	0	2	58	245	340
9	3	0	59	341	401
9	2	2	60	425	448
9	0	2	61	596	661
10	1	4	62	322	342
10	2	2	63	448	490
10	4	3	64	498	597
10	2	0	65	602	641
11	4	4	66	0	17
11	2	2	67	62	112
11	0	3	68	121	179
11	1	4	69	551	616


Solution History:
