This is the output of Heuristic Solver for Dual resource constrained flexible job shop Scheduling Problem.
Input file is: wfjsp8_9.txt
Method: TS_5000_5_5
Seed: 1
Number of Jobs: 15
Number of Operations: 107
Number of Machines: 5
Number of Operators: 5
CPU Time: 58.6404
obj: 1062
Best found lower bound:0
Solver gap (best found lower bound and upper bound difference): Not known


Final Solution:
Job	Machine	Operator	Operation	Start Time	Finish Time
0	1	2	0	0	87
0	2	1	1	224	266
0	2	1	2	328	389
0	1	2	3	419	487
0	0	3	4	877	906
1	2	1	5	9	87
1	0	4	6	165	225
1	3	3	7	436	453
1	3	4	8	566	622
1	2	3	9	665	726
1	2	3	10	726	810
1	4	0	11	846	924
1	0	1	12	973	1049
2	4	0	13	0	36
2	3	1	14	165	186
2	4	0	15	496	552
2	4	0	16	552	567
2	1	4	17	813	896
2	1	2	18	896	918
2	1	2	19	946	968
2	1	2	20	1017	1047
3	2	3	21	573	612
3	2	3	22	612	624
3	0	4	23	772	794
3	2	2	24	813	838
3	3	1	25	844	900
3	2	1	26	921	972
4	3	1	27	88	165
4	3	4	28	302	387
4	3	4	29	482	566
4	1	2	30	627	688
4	4	0	31	924	981
5	0	4	32	0	58
5	1	2	33	87	153
5	1	2	34	153	166
5	4	0	35	347	422
5	0	3	36	453	486
5	1	2	37	487	509
5	1	1	38	554	569
5	3	1	39	786	844
6	4	0	40	214	272
6	4	0	41	272	347
6	3	1	42	389	413
6	3	1	43	413	432
6	2	1	44	487	509
6	1	1	45	509	554
6	2	3	46	624	665
6	4	0	47	782	846
6	1	2	48	968	1017
6	3	4	49	1031	1053
7	2	3	50	103	192
7	3	1	51	192	221
7	1	2	52	242	303
7	1	2	53	303	332
7	1	2	54	573	602
7	4	0	55	602	666
7	0	1	56	691	771
7	3	1	57	772	786
7	1	2	58	786	813
8	4	0	59	36	109
8	4	0	60	109	162
8	1	2	61	166	202
8	0	3	62	225	296
8	0	4	63	394	449
8	2	2	64	509	573
8	4	0	65	666	728
8	0	4	66	794	809
9	2	1	67	0	9
9	3	4	68	453	482
9	0	3	69	810	877
9	2	1	70	900	921
9	3	4	71	955	989
10	2	3	72	192	224
10	2	1	73	266	328
10	1	2	74	332	419
10	2	1	75	436	487
10	0	3	76	487	517
10	0	1	77	569	646
10	0	1	78	646	691
10	4	0	79	728	782
10	1	2	80	918	946
10	3	4	81	989	1031
11	3	3	82	0	30
11	2	3	83	88	103
11	3	4	84	244	302
11	0	3	85	358	394
11	1	2	86	688	782
12	3	3	87	30	88
12	0	4	88	146	165
12	3	4	89	225	244
12	4	0	90	422	496
12	0	3	91	517	564
12	2	3	92	973	1062
13	0	4	93	58	146
13	4	0	94	162	214
13	1	2	95	230	242
13	4	0	96	567	601
13	2	2	97	838	896
13	0	3	98	906	973
13	4	0	99	981	1060
14	1	2	100	202	230
14	0	3	101	296	358
14	2	3	102	394	436
14	1	2	103	602	627
14	3	4	104	627	715
14	3	4	105	715	772
14	3	4	106	900	955


Solution History:
