This is the output of Heuristic Solver for Dual resource constrained flexible job shop Scheduling Problem.
Input file is: wfjsp13_5.txt
Method: TS_5000_5_5
Seed: 1
Number of Jobs: 25
Number of Operations: 244
Number of Machines: 15
Number of Operators: 15
CPU Time: 300.023
obj: 821
Best found lower bound:0
Solver gap (best found lower bound and upper bound difference): Not known


Final Solution:
Job	Machine	Operator	Operation	Start Time	Finish Time
0	5	1	0	0	16
0	13	2	1	125	167
0	9	6	2	188	272
0	2	10	3	313	382
0	8	4	4	415	487
0	1	0	5	546	582
0	9	4	6	677	743
0	7	7	7	761	802
1	11	6	8	0	46
1	7	0	9	47	88
1	8	9	10	163	196
1	12	11	11	208	272
1	9	13	12	275	297
1	3	7	13	375	389
1	14	13	14	404	476
1	7	14	15	530	588
1	3	14	16	591	601
1	4	9	17	754	809
2	14	7	18	0	67
2	9	0	19	88	125
2	10	5	20	131	163
2	13	2	21	167	212
2	10	4	22	277	305
2	11	14	23	372	403
2	14	8	24	496	592
2	13	5	25	592	638
2	2	10	26	681	718
2	4	7	27	727	748
3	11	3	28	68	76
3	13	4	29	77	125
3	3	7	30	227	310
3	0	13	31	310	367
3	11	6	32	404	470
3	0	12	33	490	571
3	2	10	34	606	681
3	5	1	35	732	768
3	5	1	36	768	782
4	1	0	37	0	47
4	11	3	38	115	196
4	7	8	39	208	277
4	4	0	40	285	351
4	9	9	41	358	389
4	5	14	42	407	469
4	8	5	43	499	534
4	3	7	44	573	591
4	14	1	45	663	732
5	8	10	46	0	82
5	7	11	47	127	208
5	6	3	48	254	299
5	10	3	49	437	518
5	11	10	50	518	600
5	4	0	51	612	622
5	8	9	52	633	669
5	6	9	53	669	754
5	12	11	54	761	795
6	3	12	55	80	160
6	0	5	56	164	184
6	0	5	57	184	218
6	14	10	58	218	313
6	13	2	59	382	394
6	3	7	60	394	418
6	12	0	61	423	493
6	5	2	62	493	508
6	5	1	63	508	548
6	10	7	64	595	628
6	0	5	65	665	752
7	9	9	66	0	78
7	12	8	67	78	119
7	0	8	68	119	164
7	3	8	69	164	179
7	13	2	70	212	296
7	5	12	71	330	407
7	9	12	72	407	453
7	1	8	73	460	496
7	7	10	74	496	514
7	6	2	75	514	601
7	8	13	76	669	701
7	8	13	77	709	756
8	4	5	78	0	65
8	14	6	79	313	404
8	6	8	80	408	433
8	13	14	81	469	530
8	12	11	82	530	583
8	9	6	83	587	597
8	8	9	84	608	633
8	10	7	85	633	641
8	13	0	86	641	652
8	13	2	87	652	735
8	14	6	88	735	820
9	5	1	89	16	64
9	4	10	90	163	198
9	9	9	91	453	538
9	9	6	92	538	587
9	6	2	93	601	609
9	12	8	94	609	653
9	3	14	95	662	742
9	9	4	96	760	803
10	7	14	97	0	47
10	11	14	98	47	68
10	14	7	99	68	113
10	12	0	100	125	193
10	8	4	101	196	207
10	4	9	102	207	279
10	7	9	103	279	349
10	5	1	104	563	634
10	5	7	105	641	690
10	3	12	106	742	820
11	2	2	107	0	85
11	11	3	108	85	115
11	4	11	109	355	435
11	0	12	110	453	490
11	3	7	111	544	573
11	6	2	112	609	648
11	1	3	113	648	657
11	10	3	114	657	735
11	6	2	115	754	782
11	5	2	116	796	819
12	0	13	117	0	16
12	2	13	118	134	191
12	3	7	119	196	227
12	2	6	120	275	312
12	3	7	121	312	341
12	1	1	122	341	360
12	4	12	123	649	727
12	5	2	124	782	796
13	10	3	125	0	31
13	6	4	126	45	66
13	8	0	127	207	274
13	6	2	128	299	382
13	0	13	129	382	392
13	10	3	130	392	409
13	10	3	131	409	437
13	14	13	132	606	663
14	2	13	133	124	134
14	11	14	134	200	261
14	2	13	135	261	275
14	8	0	136	275	285
14	5	12	137	285	330
14	13	4	138	333	376
14	1	1	139	376	460
14	13	4	140	530	548
14	8	13	141	701	709
14	10	4	142	743	760
15	12	8	143	0	74
15	1	1	144	74	138
15	6	14	145	138	200
15	9	4	146	305	325
15	11	14	147	325	354
15	12	0	148	355	423
15	2	13	149	476	559
15	0	12	150	571	649
15	12	8	151	653	680
15	1	0	152	720	752
15	0	5	153	752	819
16	10	3	154	31	58
16	4	6	155	65	131
16	6	3	156	200	254
16	12	11	157	272	355
16	0	13	158	367	382
16	6	8	159	395	408
16	4	11	160	435	523
16	10	3	161	523	595
16	3	14	162	601	662
16	11	6	163	667	730
16	13	14	164	785	818
17	0	13	165	45	62
17	0	13	166	62	116
17	1	1	167	204	282
17	13	5	168	296	314
17	13	5	169	314	333
17	3	7	170	341	375
17	2	10	171	382	449
17	3	7	172	463	544
17	11	6	173	600	667
17	7	11	174	683	761
17	10	8	175	761	811
18	13	11	176	0	77
18	6	14	177	77	138
18	4	9	178	138	157
18	9	4	179	168	188
18	5	12	180	214	281
18	1	1	181	282	320
18	1	1	182	320	340
18	7	5	183	441	476
18	4	5	184	534	575
18	9	4	185	597	677
18	12	8	186	680	755
18	8	13	187	756	820
19	10	5	188	83	131
19	14	12	189	160	214
19	11	14	190	261	324
19	3	7	191	418	446
19	1	0	192	496	546
19	12	11	193	583	606
19	0	5	194	649	665
19	13	14	195	742	785
19	7	7	196	802	812
20	6	4	197	0	45
20	5	11	198	77	127
20	1	1	199	138	204
20	0	5	200	218	288
20	11	14	201	354	372
20	13	2	202	394	465
20	6	1	203	465	508
20	2	13	204	559	606
20	11	3	205	735	818
21	3	12	206	0	80
21	2	2	207	85	124
21	9	4	208	125	168
21	3	8	209	179	193
21	10	3	210	305	347
21	9	9	211	349	358
21	0	9	212	392	428
21	8	5	213	487	499
21	13	4	214	548	582
21	7	11	215	606	683
21	5	7	216	690	703
21	6	1	217	782	821
22	0	13	218	16	45
22	10	5	219	65	83
22	8	8	220	285	374
22	10	3	221	377	389
22	8	4	222	389	415
22	7	5	223	430	441
22	14	10	224	476	488
22	5	1	225	548	563
22	1	3	226	595	644
23	8	10	227	82	163
23	2	13	228	191	253
23	10	3	229	347	377
23	6	8	230	382	395
23	3	7	231	446	463
23	5	2	232	469	489
23	4	0	233	582	612
23	1	0	234	752	820
24	5	7	235	127	196
24	10	4	236	207	277
24	7	5	237	349	430
24	0	9	238	430	449
24	2	10	239	449	475
24	11	6	240	475	518
24	8	9	241	538	608
24	1	0	242	657	720
24	2	10	243	720	809


Solution History:
