This is the output of Heuristic Solver for Dual resource constrained flexible job shop Scheduling Problem.
Input file is: wfjsp21_9.txt
Method: TS_5000_5_5
Seed: 1
Number of Jobs: 25
Number of Operations: 258
Number of Machines: 15
Number of Operators: 12
CPU Time: 300.019
obj: 1155
Best found lower bound:0
Solver gap (best found lower bound and upper bound difference): Not known


Final Solution:
Job	Machine	Operator	Operation	Start Time	Finish Time
0	14	2	0	0	84
0	12	0	1	234	276
0	14	1	2	353	416
0	2	7	3	492	549
0	1	1	4	573	602
0	2	9	5	602	685
0	8	2	6	685	744
0	12	4	7	748	765
0	0	5	8	776	834
0	2	5	9	834	895
0	6	3	10	930	1019
0	12	0	11	1079	1154
1	13	0	12	0	72
1	12	9	13	87	128
1	12	11	14	276	298
1	9	4	15	332	388
1	2	0	16	777	792
1	11	7	17	819	902
1	0	9	18	913	935
1	11	8	19	935	962
1	12	8	20	962	996
1	8	11	21	1046	1092
1	14	6	22	1116	1128
1	7	8	23	1128	1150
2	1	4	24	47	67
2	2	6	25	264	322
2	7	10	26	336	395
2	9	4	27	395	488
2	11	4	28	488	573
2	13	2	29	585	676
2	1	2	30	800	855
2	10	9	31	855	913
2	2	8	32	1060	1118
3	0	0	33	98	173
3	3	5	34	291	305
3	5	6	35	322	410
3	4	3	36	499	530
3	13	0	37	531	550
3	0	7	38	661	675
3	9	1	39	717	775
3	12	8	40	776	834
3	6	3	41	847	930
3	14	5	42	954	978
3	5	1	43	985	1007
3	6	7	44	1046	1065
4	8	7	45	0	47
4	8	7	46	47	92
4	1	2	47	332	413
4	9	10	48	571	617
4	5	5	49	681	701
4	10	9	50	770	854
4	4	1	51	870	903
4	9	0	52	926	990
4	14	4	53	1064	1089
5	1	0	54	72	98
5	9	3	55	179	242
5	4	11	56	386	475
5	3	0	57	477	491
5	7	0	58	499	530
5	5	6	59	558	641
5	6	11	60	673	724
5	4	1	61	949	985
5	0	10	62	1032	1107
6	10	10	63	0	54
6	13	1	64	87	151
6	13	9	65	179	253
6	0	9	66	253	269
6	7	8	67	405	413
6	13	1	68	416	443
6	4	3	69	556	628
6	0	7	70	640	661
6	4	1	71	688	717
6	1	4	72	765	798
6	13	2	73	877	938
6	3	7	74	1065	1151
7	7	8	75	0	54
7	9	1	76	151	179
7	6	1	77	180	256
7	8	8	78	319	361
7	0	6	79	452	504
7	4	3	80	530	556
7	0	5	81	558	600
7	8	5	82	649	681
7	11	6	83	921	935
7	2	9	84	935	992
7	1	11	85	1004	1041
8	9	3	86	8	100
8	2	5	87	124	182
8	11	5	88	182	202
8	13	5	89	305	324
8	10	9	90	336	418
8	2	2	91	420	472
8	8	2	92	477	569
8	14	0	93	611	686
8	13	3	94	794	847
8	1	2	95	1070	1084
9	11	5	96	92	124
9	12	4	97	128	189
9	9	2	98	242	332
9	12	8	99	477	572
9	8	7	100	572	597
9	6	11	101	611	673
9	2	6	102	712	757
9	1	2	103	855	877
9	3	7	104	902	990
9	8	3	105	1100	1155
10	3	0	106	173	229
10	4	11	107	298	386
10	7	10	108	395	405
10	7	3	109	438	499
10	14	11	110	499	559
10	2	2	111	569	585
10	1	1	112	602	688
10	12	6	113	834	921
10	8	11	114	937	966
10	12	8	115	996	1021
10	5	1	116	1021	1091
10	1	4	117	1091	1150
11	0	6	118	0	56
11	5	2	119	176	208
11	14	11	120	248	275
11	6	9	121	275	336
11	1	10	122	413	472
11	7	9	123	531	594
11	1	0	124	688	760
11	5	0	125	792	850
11	2	10	126	905	931
12	1	4	127	0	47
12	0	6	128	56	75
12	5	2	129	92	176
12	4	6	130	188	264
12	11	3	131	275	369
12	13	9	132	477	531
12	7	3	133	628	690
12	12	8	134	1021	1054
12	2	6	135	1128	1152
13	4	11	136	0	17
13	4	6	137	75	131
13	5	8	138	236	296
13	0	0	139	376	398
13	8	0	140	420	477
13	6	1	141	477	573
13	3	6	142	757	827
13	1	1	143	913	949
13	0	10	144	959	1032
13	4	6	145	1032	1116
14	3	10	146	54	101
14	4	9	147	131	164
14	13	1	148	256	286
14	6	3	149	369	438
14	3	8	150	663	717
14	5	8	151	717	776
14	3	1	152	842	870
14	12	8	153	921	933
14	13	2	154	938	1007
14	13	0	155	1034	1060
14	10	5	156	1067	1154
15	10	4	157	67	90
15	14	4	158	90	121
15	11	8	159	167	177
15	0	7	160	180	253
15	11	7	161	417	480
15	0	6	162	504	558
15	10	10	163	558	571
15	12	8	164	572	648
15	13	9	165	685	770
15	8	10	166	777	834
15	8	8	167	834	916
15	11	5	168	978	1067
16	7	11	169	147	230
16	7	10	170	261	336
16	5	8	171	413	471
16	3	0	172	550	601
16	12	7	173	675	732
16	7	3	174	760	794
16	14	5	175	895	954
16	1	11	176	966	1004
16	6	1	177	1091	1154
17	7	8	178	54	111
17	4	9	179	164	179
17	12	8	180	189	234
17	1	7	181	261	331
17	5	10	182	541	558
17	11	4	183	573	660
17	14	4	184	800	886
17	1	1	185	903	913
17	10	4	186	915	979
17	8	7	187	990	1046
17	5	2	188	1091	1153
18	11	3	189	0	8
18	14	4	190	189	248
18	6	3	191	256	275
18	8	8	192	296	319
18	4	6	193	641	667
18	11	5	194	712	768
18	9	4	195	886	915
18	10	4	196	979	1064
19	7	11	197	111	147
19	14	1	198	286	353
19	8	8	199	361	401
19	3	7	200	401	417
19	3	5	201	417	474
19	14	11	202	559	611
19	10	4	203	660	748
19	4	11	204	748	853
19	5	0	205	853	926
19	7	6	206	937	1031
19	9	10	207	1107	1154
20	1	8	208	111	167
20	7	11	209	230	240
20	0	0	210	276	376
20	2	0	211	398	420
20	12	9	212	420	477
20	1	7	213	549	572
20	11	6	214	667	712
20	8	0	215	760	777
20	9	1	216	777	842
20	0	10	217	935	959
21	6	11	218	17	75
21	0	11	219	75	96
21	9	3	220	100	129
21	3	3	221	129	171
21	1	10	222	182	261
21	2	5	223	474	492
21	9	10	224	617	681
21	7	3	225	690	760
21	2	9	226	992	1060
22	12	9	227	0	87
22	10	6	228	131	188
22	5	2	229	208	236
22	13	5	230	324	406
22	10	6	231	437	452
22	1	10	232	472	541
22	14	2	233	744	800
22	7	3	234	1031	1100
23	5	5	235	0	92
23	6	7	236	92	180
23	8	5	237	202	291
23	13	1	238	443	473
23	9	5	239	492	548
23	8	5	240	600	649
23	5	8	241	649	663
23	0	10	242	681	776
23	7	11	243	853	937
23	3	0	244	990	1034
23	12	0	245	1060	1079
23	11	11	246	1092	1153
24	3	1	247	0	11
24	11	1	248	11	87
24	8	10	249	101	182
24	10	4	250	248	332
24	3	7	251	332	394
24	0	6	252	410	437
24	3	7	253	601	640
24	6	7	254	732	819
24	0	10	255	834	905
24	9	2	256	1007	1070
24	13	9	257	1070	1153


Solution History:
