This is the output of Heuristic Solver for Dual resource constrained flexible job shop Scheduling Problem.
Input file is: wfjsp5_1.txt
Method: TS_5000_5_5
Seed: 1
Number of Jobs: 10
Number of Operations: 62
Number of Machines: 5
Number of Operators: 5
CPU Time: 14.9402
obj: 617
Best found lower bound:0
Solver gap (best found lower bound and upper bound difference): Not known


Final Solution:
Job	Machine	Operator	Operation	Start Time	Finish Time
0	3	1	0	15	98
0	1	1	1	98	123
0	0	3	2	134	180
0	2	2	3	185	288
0	1	4	4	288	365
0	0	1	5	374	429
0	3	2	6	466	550
0	3	2	7	584	617
1	4	4	8	149	187
1	1	4	9	365	401
1	1	4	10	401	409
1	1	4	11	409	425
1	2	0	12	540	556
1	4	3	13	570	613
2	4	4	14	27	94
2	0	1	15	304	353
2	0	1	16	353	374
2	1	4	17	580	588
3	0	3	18	0	59
3	4	4	19	94	149
3	1	4	20	187	286
3	4	3	21	286	380
3	4	3	22	380	430
3	4	4	23	430	506
3	4	4	24	506	520
3	3	2	25	550	584
3	0	1	26	588	608
4	4	4	27	0	27
4	1	1	28	123	172
4	3	1	29	188	267
4	2	2	30	288	333
4	3	0	31	341	407
4	0	3	32	430	527
4	4	3	33	527	570
5	3	1	34	0	15
5	2	2	35	33	79
5	2	2	36	79	107
5	2	2	37	155	185
5	4	0	38	203	269
5	3	0	39	407	466
6	2	2	40	0	33
6	3	0	41	98	188
6	0	1	42	281	304
6	2	0	43	487	540
6	1	4	44	588	599
7	3	1	45	267	281
7	2	2	46	389	465
7	1	1	47	482	491
7	2	0	48	556	565
7	2	0	49	565	609
8	0	3	50	59	134
8	4	0	51	188	203
8	2	2	52	333	389
8	1	1	53	429	482
8	1	1	54	491	533
8	1	4	55	533	580
9	1	0	56	0	94
9	2	2	57	107	155
9	0	3	58	180	279
9	3	0	59	281	341
9	2	0	60	466	487
9	0	1	61	533	588


Solution History:
