This is the output of Heuristic Solver for Dual resource constrained flexible job shop Scheduling Problem.
Input file is: wfjsp7_2.txt
Method: TS_5000_5_5
Seed: 1
Number of Jobs: 12
Number of Operations: 100
Number of Machines: 5
Number of Operators: 5
CPU Time: 45.2069
obj: 1048
Best found lower bound:0
Solver gap (best found lower bound and upper bound difference): Not known


Final Solution:
Job	Machine	Operator	Operation	Start Time	Finish Time
0	4	1	0	196	274
0	2	2	1	319	391
0	2	2	2	391	414
0	0	4	3	596	634
0	3	3	4	896	913
1	4	1	5	0	28
1	0	2	6	67	138
1	3	0	7	156	165
1	3	0	8	221	294
1	1	0	9	294	334
1	0	4	10	334	393
1	1	0	11	470	485
1	1	0	12	896	965
1	0	2	13	978	1045
2	3	0	14	0	68
2	1	3	15	80	153
2	3	0	16	165	198
2	2	4	17	216	263
2	0	4	18	287	305
2	3	4	19	393	453
2	0	4	20	453	537
2	3	3	21	537	618
2	4	1	22	693	746
2	3	0	23	770	838
3	2	2	24	0	67
3	3	0	25	84	102
3	4	1	26	105	118
3	1	3	27	153	240
3	1	0	28	334	355
3	4	1	29	381	461
3	2	2	30	564	664
3	1	0	31	676	693
3	0	4	32	770	844
4	4	1	33	28	105
4	0	2	34	138	194
4	2	2	35	263	287
4	0	4	36	537	596
4	1	0	37	642	676
4	0	4	38	705	770
4	4	1	39	795	875
4	1	0	40	965	988
4	1	0	41	1005	1019
4	1	0	42	1019	1048
5	3	0	43	68	84
5	3	3	44	294	334
5	4	1	45	461	540
5	1	0	46	602	642
5	2	2	47	664	751
5	2	2	48	890	976
6	4	1	49	274	331
6	1	0	50	355	384
6	4	1	51	540	607
6	0	4	52	634	671
6	3	0	53	710	735
6	3	0	54	735	770
6	0	4	55	844	894
6	0	4	56	894	918
6	2	4	57	978	1042
7	0	4	58	0	61
7	0	4	59	263	275
7	2	2	60	287	319
7	3	3	61	334	387
7	1	0	62	520	602
7	3	0	63	838	891
7	3	3	64	913	993
8	3	0	65	102	156
8	4	1	66	331	353
8	1	0	67	384	470
8	1	0	68	507	520
8	3	3	69	618	696
8	3	0	70	696	710
8	2	2	71	751	805
8	0	4	72	918	978
8	3	3	73	993	1041
9	2	4	74	67	128
9	2	4	75	128	216
9	1	3	76	240	293
9	0	3	77	393	447
9	3	3	78	453	534
9	1	3	79	696	709
9	4	1	80	746	795
9	4	1	81	875	921
9	4	1	82	921	975
9	1	0	83	988	1005
10	4	1	84	118	196
10	3	0	85	198	221
10	1	0	86	485	507
10	4	1	87	607	644
10	0	4	88	671	705
10	2	2	89	805	890
10	4	1	90	975	1048
11	1	3	91	0	80
11	0	2	92	194	261
11	0	4	93	275	287
11	4	1	94	353	381
11	2	2	95	414	494
11	2	2	96	494	564
11	4	1	97	644	693
11	1	3	98	709	796
11	1	3	99	796	896


Solution History:
