This is the output of Heuristic Solver for Dual resource constrained flexible job shop Scheduling Problem.
Input file is: wfjsp23_4.txt
Method: TS_5000_5_5
Seed: 1
Number of Jobs: 30
Number of Operations: 381
Number of Machines: 15
Number of Operators: 12
CPU Time: 300.051
obj: 1585
Best found lower bound:0
Solver gap (best found lower bound and upper bound difference): Not known


Final Solution:
Job	Machine	Operator	Operation	Start Time	Finish Time
0	4	4	0	380	467
0	1	3	1	539	600
0	0	5	2	600	672
0	10	2	3	806	868
0	8	2	4	870	960
0	1	5	5	997	1028
0	1	5	6	1028	1071
0	9	8	7	1090	1105
0	6	9	8	1137	1183
0	6	4	9	1186	1205
0	6	11	10	1261	1275
0	7	10	11	1323	1367
0	10	6	12	1412	1494
0	7	8	13	1544	1565
1	6	11	14	31	103
1	14	5	15	113	195
1	7	10	16	576	638
1	10	6	17	650	697
1	3	10	18	795	828
1	7	11	19	891	908
1	3	6	20	941	987
1	7	2	21	1005	1080
1	8	7	22	1129	1139
1	3	0	23	1244	1307
1	3	8	24	1319	1387
1	4	8	25	1387	1398
1	5	0	26	1439	1509
1	5	1	27	1509	1584
2	10	7	28	119	212
2	2	5	29	371	419
2	12	4	30	467	548
2	3	0	31	644	708
2	3	0	32	708	779
2	0	11	33	908	955
2	8	7	34	1112	1129
2	4	2	35	1287	1353
2	3	6	36	1387	1412
2	11	11	37	1417	1440
2	11	4	38	1444	1506
2	11	9	39	1531	1579
3	14	3	40	0	60
3	13	9	41	148	179
3	8	6	42	313	366
3	11	3	43	634	709
3	5	0	44	807	881
3	6	9	45	1073	1137
3	12	1	46	1141	1172
3	12	10	47	1172	1197
3	11	11	48	1352	1417
3	3	9	49	1443	1471
3	7	9	50	1481	1531
4	13	9	51	119	148
4	10	2	52	472	578
4	6	2	53	766	806
4	1	11	54	955	968
4	14	5	55	968	997
4	3	7	56	1040	1112
4	1	8	57	1112	1123
4	1	1	58	1172	1245
4	0	6	59	1278	1328
4	8	6	60	1328	1387
4	6	5	61	1395	1441
4	1	11	62	1473	1503
5	7	5	63	0	15
5	13	5	64	15	38
5	14	3	65	60	110
5	5	1	66	132	189
5	5	9	67	211	255
5	4	7	68	467	503
5	13	7	69	503	556
5	12	10	70	1038	1102
5	3	0	71	1112	1145
5	13	9	72	1389	1443
5	14	2	73	1450	1524
6	11	7	74	0	49
6	12	9	75	108	118
6	14	4	76	195	282
6	10	6	77	366	413
6	2	5	78	419	442
6	14	5	79	442	513
6	5	8	80	523	585
6	2	1	81	623	678
6	10	6	82	744	798
6	9	10	83	1105	1134
6	13	3	84	1267	1349
6	13	0	85	1356	1375
6	2	10	86	1375	1402
7	5	9	87	9	44
7	10	9	88	44	108
7	4	3	89	167	206
7	7	0	90	304	330
7	12	10	91	386	414
7	2	1	92	523	592
7	5	8	93	671	724
7	4	4	94	834	876
7	5	1	95	980	1021
7	14	9	96	1220	1290
7	12	7	97	1330	1407
7	8	2	98	1407	1450
7	2	10	99	1522	1534
7	2	10	100	1534	1583
8	7	2	101	141	174
8	7	0	102	197	225
8	5	7	103	281	329
8	7	0	104	364	381
8	13	9	105	420	489
8	10	6	106	578	650
8	8	1	107	750	799
8	8	1	108	799	838
8	2	0	109	916	980
8	13	3	110	1073	1156
8	7	10	111	1269	1323
8	6	4	112	1323	1395
8	12	4	113	1508	1582
9	10	1	114	0	10
9	8	0	115	42	126
9	9	5	116	195	247
9	12	8	117	259	326
9	10	0	118	336	364
9	3	8	119	364	412
9	6	10	120	414	441
9	2	3	121	442	476
9	8	7	122	556	589
9	4	9	123	675	738
9	5	7	124	752	797
9	7	6	125	798	873
9	11	8	126	960	1040
9	2	3	127	1156	1205
10	5	1	128	103	132
10	10	1	129	262	336
10	3	5	130	513	596
10	1	10	131	638	684
10	10	6	132	697	744
10	7	10	133	778	795
10	12	9	134	820	869
10	4	8	135	892	927
10	4	8	136	927	960
10	9	9	137	963	1014
10	6	3	138	1024	1073
10	13	5	139	1156	1173
10	11	4	140	1266	1289
10	14	0	141	1307	1356
11	4	2	142	0	94
11	0	10	143	340	386
11	4	4	144	586	651
11	12	4	145	651	725
11	12	8	146	725	754
11	13	5	147	764	839
11	4	8	148	880	892
11	9	3	149	915	950
11	7	6	150	1109	1157
11	14	2	151	1182	1209
11	9	9	152	1290	1321
11	2	1	153	1428	1495
11	13	3	154	1495	1584
12	2	6	155	0	92
12	2	0	156	126	197
12	12	3	157	223	243
12	3	9	158	255	283
12	13	3	159	600	634
12	1	3	160	709	776
12	0	11	161	840	891
12	10	7	162	894	960
12	10	11	163	968	1036
12	10	1	164	1036	1063
12	5	1	165	1245	1257
12	10	1	166	1330	1360
12	5	0	167	1404	1439
12	0	5	168	1441	1510
12	6	0	169	1510	1580
13	13	7	170	49	119
13	14	2	171	356	437
13	8	2	172	450	472
13	9	6	173	488	575
13	5	8	174	585	671
13	14	5	175	675	764
13	0	11	176	811	840
13	12	1	177	921	935
13	6	3	178	986	1024
13	5	9	179	1024	1072
13	14	5	180	1072	1093
13	11	4	181	1109	1186
13	10	9	182	1186	1220
13	1	11	183	1275	1352
13	1	5	184	1510	1576
14	9	10	185	0	74
14	3	9	186	283	350
14	0	10	187	548	575
14	6	0	188	575	644
14	5	1	189	935	980
14	4	6	190	987	1053
14	4	11	191	1094	1195
14	13	7	192	1207	1267
14	10	7	193	1267	1330
14	0	1	194	1360	1428
14	1	11	195	1440	1473
14	14	8	196	1565	1582
15	12	8	197	47	67
15	11	8	198	100	167
15	8	2	199	174	219
15	0	10	200	330	340
15	11	11	201	519	549
15	1	6	202	873	941
15	13	7	203	960	1040
15	4	2	204	1080	1092
15	0	2	205	1109	1182
15	13	5	206	1182	1207
15	2	5	207	1207	1282
15	11	4	208	1289	1314
15	8	10	209	1481	1495
15	10	7	210	1510	1538
16	8	6	211	226	291
16	4	2	212	291	356
16	1	7	213	361	408
16	0	10	214	441	469
16	2	11	215	476	519
16	11	11	216	549	579
16	0	2	217	579	593
16	6	10	218	684	711
16	1	3	219	776	815
16	3	10	220	828	909
16	0	10	221	1197	1269
16	0	11	222	1510	1578
17	4	3	223	111	167
17	0	2	224	219	288
17	1	8	225	412	435
17	9	9	226	576	606
17	13	7	227	636	730
17	1	3	228	815	856
17	9	9	229	869	915
17	14	5	230	918	964
17	8	10	231	964	1038
17	9	8	232	1040	1090
17	3	7	233	1145	1205
17	8	2	234	1209	1287
17	9	3	235	1409	1493
18	5	9	236	0	9
18	3	0	237	9	42
18	0	4	238	50	111
18	12	4	239	118	146
18	13	11	240	186	246
18	14	4	241	282	333
18	7	0	242	381	450
18	1	8	243	450	517
18	4	4	244	548	586
18	2	1	245	592	623
18	0	2	246	756	766
18	10	6	247	1063	1109
18	9	10	248	1134	1167
18	14	4	249	1395	1444
19	1	5	250	38	90
19	7	0	251	235	304
19	1	8	252	326	352
19	10	7	253	432	461
19	12	7	254	589	636
19	11	4	255	876	953
19	0	4	256	955	1018
19	0	4	257	1018	1109
19	10	1	258	1113	1141
19	10	0	259	1145	1177
19	5	0	260	1177	1244
19	5	1	261	1257	1310
19	1	3	262	1352	1409
20	6	11	263	103	157
20	2	11	264	262	329
20	9	9	265	350	420
20	8	1	266	678	750
20	9	9	267	768	814
20	11	7	268	823	863
20	12	7	269	869	894
20	12	3	270	950	986
20	12	8	271	1197	1264
20	5	1	272	1310	1326
21	9	10	273	74	157
21	11	8	274	167	259
21	12	4	275	333	380
21	7	9	276	489	576
21	7	2	277	674	723
21	0	11	278	723	751
21	8	1	279	838	870
21	7	10	280	909	955
21	7	2	281	960	1005
21	14	5	282	1093	1155
21	11	11	283	1195	1261
21	1	8	284	1264	1273
21	12	8	285	1273	1319
21	9	9	286	1321	1389
21	9	6	287	1494	1581
22	6	3	288	206	223
22	6	10	289	236	301
22	11	3	290	301	375
22	11	11	291	375	474
22	6	3	292	476	539
22	7	9	293	738	768
22	6	3	294	867	909
22	8	0	295	1042	1112
22	4	4	296	1205	1266
22	3	8	297	1475	1523
22	10	7	298	1538	1584
23	0	4	299	0	50
23	4	2	300	94	111
23	5	7	301	263	281
23	13	5	302	291	370
23	3	6	303	413	465
23	3	6	304	465	488
23	6	2	305	723	756
23	2	0	306	779	807
23	6	3	307	856	867
23	13	1	308	870	921
23	11	11	309	1040	1094
23	8	6	310	1157	1191
23	6	3	311	1205	1261
24	1	6	312	92	159
24	2	1	313	197	262
24	6	10	314	301	330
24	8	1	315	377	450
24	8	0	316	476	542
24	11	11	317	590	600
24	14	9	318	606	675
24	2	10	319	711	778
24	2	0	320	980	1042
24	7	0	321	1375	1404
24	7	10	322	1404	1471
25	6	11	323	0	31
25	2	5	324	92	113
25	0	9	325	179	211
25	6	0	326	225	235
25	1	6	327	291	313
25	5	1	328	336	377
25	8	2	329	593	674
25	4	11	330	751	811
25	6	9	331	915	963
25	4	7	332	1407	1510
25	14	8	333	1524	1544
26	9	11	334	157	186
26	9	5	335	247	291
26	5	3	336	377	428
26	7	0	337	450	476
26	0	10	338	476	548
26	6	0	339	548	573
26	1	11	340	600	631
26	9	11	341	631	704
26	0	11	342	704	717
26	9	7	343	730	752
26	12	8	344	754	820
26	2	8	345	820	880
26	7	8	346	1171	1197
26	5	2	347	1353	1403
26	2	10	348	1495	1522
27	12	8	349	0	28
27	7	8	350	28	47
27	5	1	351	64	103
27	1	10	352	159	236
27	11	3	353	290	300
27	2	11	354	329	371
27	11	7	355	797	823
27	2	5	356	1282	1374
27	12	8	357	1407	1475
27	4	2	358	1524	1585
28	5	1	359	44	64
28	12	8	360	67	100
28	7	2	361	111	141
28	12	4	362	146	194
28	4	7	363	212	263
28	3	7	364	350	361
28	11	4	365	725	785
28	14	4	366	785	834
28	14	5	367	839	918
28	1	8	368	1123	1171
29	10	1	369	10	36
29	3	6	370	159	226
29	1	3	371	243	290
29	10	7	372	413	432
29	5	1	373	450	506
29	5	1	374	506	523
29	11	11	375	579	590
29	5	0	376	881	916
29	2	1	377	1063	1113
29	9	6	378	1191	1278
29	7	10	379	1471	1481
29	12	1	380	1495	1508


Solution History:
