This is the output of Heuristic Solver for Dual resource constrained flexible job shop Scheduling Problem.
Input file is: Dauzere_03a.txt
Method: TS_2000_5_5
Seed: 1
Number of Jobs: 10
Number of Operations: 196
Number of Machines: 5
Number of Operators: 4
CPU Time: 55.6433
obj: 2924
Best found lower bound:0
Solver gap (best found lower bound and upper bound difference): Not known


Final Solution:
Job	Machine	Operator	Operation	Start Time	Finish Time
0	2	0	0	65	107
0	2	0	1	107	169
0	2	0	2	169	197
0	3	2	3	245	264
0	2	2	4	265	363
0	4	3	5	446	474
0	1	1	6	581	647
0	1	1	7	647	676
0	4	3	8	683	770
0	4	0	9	913	936
0	2	0	10	1013	1079
0	4	3	11	1398	1431
0	4	3	12	1557	1571
0	0	0	13	2603	2665
0	3	1	14	2704	2798
1	2	2	15	0	42
1	0	3	16	43	137
1	3	2	17	588	652
1	0	3	18	820	871
1	3	2	19	890	985
1	3	2	20	985	1061
1	0	0	21	1127	1158
1	0	0	22	1392	1489
1	0	0	23	1642	1653
1	0	0	24	1728	1748
1	2	2	25	1972	2064
1	2	2	26	2064	2087
1	2	2	27	2087	2169
1	2	2	28	2252	2295
1	2	2	29	2377	2447
1	4	3	30	2502	2556
1	4	3	31	2556	2614
1	0	0	32	2715	2759
1	1	1	33	2806	2855
1	1	1	34	2855	2924
2	1	1	35	190	269
2	1	3	36	317	400
2	3	1	37	449	535
2	1	1	38	535	581
2	1	1	39	838	939
2	2	0	40	939	1013
2	1	1	41	1037	1061
2	0	0	42	1215	1311
2	4	3	43	1324	1398
2	2	2	44	1401	1448
2	2	2	45	1448	1511
2	2	2	46	1511	1566
2	1	1	47	1588	1623
2	4	3	48	1654	1750
2	4	3	49	1750	1787
2	4	3	50	1851	1916
2	4	3	51	1916	1990
2	3	1	52	2098	2162
2	2	2	53	2317	2377
2	4	3	54	2471	2502
2	3	2	55	2570	2594
2	3	2	56	2594	2632
2	3	2	57	2798	2875
3	4	0	58	265	346
3	2	2	59	363	435
3	4	3	60	474	543
3	4	3	61	543	591
3	2	0	62	673	729
3	4	0	63	847	913
3	1	1	64	965	1037
3	4	3	65	1196	1292
3	1	1	66	1292	1323
3	1	1	67	1360	1423
3	3	1	68	1470	1487
3	1	1	69	1527	1588
3	1	1	70	1623	1657
3	3	1	71	1974	2070
3	0	0	72	2239	2276
3	3	2	73	2447	2532
3	2	2	74	2671	2715
3	2	0	75	2830	2896
4	3	2	76	42	141
4	2	0	77	197	265
4	3	1	78	269	363
4	1	3	79	400	446
4	1	1	80	745	784
4	1	1	81	784	838
4	3	2	82	1061	1159
4	3	1	83	1423	1470
4	0	0	84	1489	1573
4	3	2	85	1573	1612
4	1	1	86	1657	1754
4	4	3	87	1787	1851
4	0	0	88	1894	1993
4	4	0	89	1993	2041
4	3	1	90	2070	2098
4	0	0	91	2173	2239
4	1	3	92	2265	2366
4	0	3	93	2366	2436
4	0	0	94	2436	2504
4	4	3	95	2614	2715
4	3	2	96	2875	2919
5	1	1	97	87	190
5	0	3	98	245	317
5	3	1	99	363	449
5	1	1	100	676	745
5	3	2	101	821	844
5	1	1	102	939	965
5	4	3	103	1292	1324
5	0	0	104	1616	1642
5	1	1	105	1775	1875
5	1	3	106	2035	2124
5	4	3	107	2124	2195
5	2	2	108	2232	2252
5	3	1	109	2301	2390
5	3	2	110	2532	2570
5	1	1	111	2631	2704
6	0	3	112	0	43
6	3	2	113	141	245
6	0	0	114	578	604
6	0	0	115	634	673
6	1	1	116	1114	1212
6	0	0	117	1311	1392
6	4	3	118	1465	1557
6	0	0	119	1748	1797
6	0	0	120	1860	1894
6	3	2	121	1922	1972
6	2	2	122	2169	2232
6	0	0	123	2276	2335
6	4	0	124	2335	2433
6	2	0	125	2504	2580
6	2	2	126	2715	2798
6	0	3	127	2854	2865
6	0	3	128	2887	2923
7	0	3	129	137	198
7	0	0	130	346	399
7	2	2	131	435	457
7	0	0	132	523	578
7	4	3	133	591	683
7	4	3	134	770	820
7	0	3	135	871	947
7	0	3	136	947	978
7	2	0	137	1079	1127
7	0	0	138	1158	1215
7	1	1	139	1323	1360
7	0	0	140	1653	1728
7	2	2	141	1741	1781
7	3	2	142	1781	1854
7	3	2	143	1854	1922
7	1	3	144	1990	2035
7	4	0	145	2041	2064
7	4	0	146	2064	2094
7	3	1	147	2162	2207
7	3	1	148	2207	2301
7	1	1	149	2470	2532
7	3	2	150	2632	2671
7	0	0	151	2759	2830
7	0	3	152	2865	2887
7	4	0	153	2896	2921
8	4	0	154	0	65
8	2	2	155	457	517
8	2	2	156	517	588
8	3	2	157	652	690
8	3	2	158	690	738
8	3	2	159	738	821
8	3	2	160	844	890
8	0	3	161	978	1063
8	1	1	162	1063	1114
8	2	2	163	1159	1235
8	2	2	164	1235	1274
8	2	2	165	1274	1356
8	0	0	166	1573	1616
8	2	2	167	1616	1697
8	2	2	168	1697	1741
8	1	1	169	1754	1775
8	2	0	170	1797	1860
8	1	1	171	1875	1974
8	2	2	172	2295	2317
8	4	3	173	2436	2471
8	1	1	174	2532	2631
8	1	3	175	2715	2806
8	4	3	176	2806	2854
9	1	1	177	0	87
9	0	3	178	198	245
9	0	0	179	399	463
9	0	0	180	463	523
9	0	0	181	604	634
9	2	0	182	729	789
9	2	0	183	789	847
9	4	3	184	1063	1158
9	4	3	185	1158	1196
9	1	1	186	1212	1292
9	2	2	187	1356	1401
9	1	3	188	1431	1465
9	3	1	189	1487	1527
9	4	3	190	1571	1654
9	0	0	191	2094	2173
9	4	3	192	2195	2265
9	1	1	193	2390	2470
9	0	0	194	2580	2603
9	0	0	195	2665	2715


Solution History:
