This is the output of Heuristic Solver for Dual resource constrained flexible job shop Scheduling Problem.
Input file is: wfjsp18_2.txt
Method: TS_2000_5_5
Seed: 1
Number of Jobs: 20
Number of Operations: 160
Number of Machines: 10
Number of Operators: 8
CPU Time: 37.5807
obj: 1035
Best found lower bound:0
Solver gap (best found lower bound and upper bound difference): Not known


Final Solution:
Job	Machine	Operator	Operation	Start Time	Finish Time
0	4	5	0	328	404
0	7	3	1	683	759
0	4	2	2	769	789
0	9	7	3	868	908
0	2	5	4	929	944
1	4	4	5	68	96
1	4	5	6	127	195
1	4	2	7	197	206
1	5	2	8	304	383
1	9	7	9	411	453
1	6	2	10	510	560
1	2	4	11	626	642
1	3	4	12	685	753
1	1	6	13	932	998
2	5	0	14	161	219
2	3	4	15	319	389
2	5	0	16	404	436
2	8	1	17	439	483
2	1	3	18	483	507
2	9	7	19	511	571
2	4	1	20	575	652
2	9	7	21	786	868
2	5	2	22	906	964
2	0	2	23	964	1035
3	3	2	24	19	84
3	5	3	25	84	100
3	0	2	26	185	197
3	1	7	27	221	307
3	9	7	28	328	355
3	1	6	29	359	437
3	2	5	30	655	738
3	8	5	31	738	754
3	5	2	32	845	906
4	3	4	33	96	175
4	8	4	34	175	236
4	6	6	35	241	266
4	1	1	36	307	359
4	6	3	37	439	478
4	7	6	38	582	650
4	6	6	39	650	738
4	3	4	40	753	776
4	2	5	41	944	957
4	1	6	42	998	1028
5	5	3	43	100	116
5	6	6	44	266	307
5	0	4	45	389	459
5	2	5	46	464	502
5	5	3	47	541	639
5	3	0	48	929	1026
6	7	4	49	0	62
6	5	3	50	116	146
6	9	7	51	148	221
6	5	3	52	234	269
6	7	6	53	331	356
6	6	4	54	560	592
6	0	2	55	646	693
6	1	3	56	759	783
6	8	5	57	957	1026
7	4	0	58	0	68
7	1	1	59	84	96
7	0	3	60	204	234
7	7	3	61	269	322
7	8	0	62	322	404
7	9	7	63	453	511
7	7	6	64	854	932
8	2	1	65	247	299
8	9	7	66	307	328
8	3	4	67	472	560
8	4	2	68	560	575
8	1	7	69	575	651
8	5	3	70	670	683
8	2	5	71	839	901
8	6	3	72	905	967
8	7	7	73	972	1033
9	0	5	74	19	84
9	3	4	75	236	319
9	6	3	76	322	384
9	2	5	77	404	464
9	2	5	78	502	590
9	1	7	79	651	664
9	1	7	80	664	722
9	6	6	81	746	791
9	6	6	82	791	854
9	8	5	83	901	916
10	5	7	84	0	81
10	2	6	85	307	331
10	4	0	86	466	487
10	5	3	87	510	541
10	3	4	88	655	685
10	3	1	89	776	861
10	4	4	90	962	1030
11	0	1	91	96	176
11	8	0	92	236	309
11	2	1	93	381	393
11	0	1	94	483	503
11	7	6	95	503	582
11	8	0	96	589	657
11	4	0	97	657	708
11	8	5	98	754	839
11	4	1	99	862	962
12	2	5	100	0	17
12	6	2	101	114	185
12	9	5	102	232	292
12	7	3	103	384	433
12	0	1	104	503	570
12	0	2	105	693	769
12	7	3	106	819	854
12	6	3	107	854	905
12	2	1	108	962	1033
13	9	7	109	81	148
13	1	3	110	148	204
13	3	5	111	204	232
13	6	1	112	393	439
13	5	2	113	447	510
13	0	2	114	575	646
13	3	5	115	916	929
14	6	6	116	0	15
14	1	3	117	15	38
14	2	0	118	68	161
14	7	6	119	161	241
14	1	0	120	437	466
14	3	5	121	590	655
14	4	0	122	708	761
15	0	2	123	0	19
15	1	3	124	38	68
15	6	2	125	84	103
15	4	2	126	103	114
15	0	1	127	359	381
15	0	4	128	459	472
15	1	6	129	738	746
15	4	4	130	789	862
15	8	5	131	1026	1035
16	0	5	132	292	328
16	3	2	133	389	447
16	4	0	134	487	538
16	8	0	135	538	589
16	5	3	136	639	670
16	5	3	137	783	819
16	1	0	138	867	925
17	8	1	139	0	84
17	4	2	140	206	267
17	9	7	141	722	786
17	0	2	142	789	845
17	3	4	143	862	893
17	5	3	144	967	1034
18	6	6	145	15	50
18	8	5	146	84	127
18	2	1	147	176	247
18	5	2	148	269	304
18	7	6	149	437	492
18	6	4	150	592	626
18	8	1	151	657	705
18	5	1	152	705	776
18	0	4	153	893	961
19	7	6	154	62	72
19	7	6	155	72	156
19	9	7	156	355	411
19	2	0	157	761	833
19	1	0	158	833	867
19	9	7	159	908	972


Solution History:
