This is the output of Heuristic Solver for Dual resource constrained flexible job shop Scheduling Problem.
Input file is: wfjsp22_4.txt
Method: TS_2000_5_5
Seed: 1
Number of Jobs: 30
Number of Operations: 231
Number of Machines: 15
Number of Operators: 12
CPU Time: 106.275
obj: 979
Best found lower bound:0
Solver gap (best found lower bound and upper bound difference): Not known


Final Solution:
Job	Machine	Operator	Operation	Start Time	Finish Time
0	7	2	0	97	190
0	8	0	1	208	269
0	1	10	2	470	535
0	2	3	3	540	602
0	14	2	4	720	813
0	9	10	5	816	843
0	8	0	6	843	886
0	4	8	7	886	899
0	9	9	8	924	977
1	12	6	9	54	74
1	5	11	10	100	114
1	6	11	11	182	225
1	6	10	12	246	312
1	7	6	13	383	403
1	13	0	14	408	481
1	10	11	15	515	588
1	0	9	16	837	897
1	7	0	17	928	977
2	14	0	18	10	46
2	11	4	19	164	183
2	9	3	20	270	319
2	3	6	21	403	495
2	10	0	22	495	506
2	14	8	23	551	615
2	12	4	24	810	888
3	2	0	25	0	10
3	0	9	26	97	166
3	2	8	27	268	337
3	12	7	28	690	791
3	5	7	29	791	840
3	12	4	30	888	978
4	12	1	31	74	138
4	5	0	32	283	354
4	14	1	33	367	418
4	9	3	34	524	540
4	11	2	35	549	617
4	2	0	36	694	724
4	3	10	37	764	789
5	0	10	38	181	246
5	6	2	39	316	362
5	4	8	40	393	453
5	0	9	41	596	626
5	5	3	42	720	770
5	1	11	43	819	889
6	11	8	44	0	71
6	9	6	45	74	137
6	5	9	46	166	195
6	11	4	47	230	254
6	0	5	48	329	397
6	8	3	49	410	443
6	8	7	50	458	508
6	0	1	51	726	756
7	13	5	52	118	212
7	7	2	53	262	302
7	7	2	54	302	316
7	7	9	55	335	362
7	11	2	56	362	440
7	7	9	57	672	684
7	7	9	58	684	752
7	2	3	59	801	849
7	1	11	60	889	950
8	1	5	61	0	44
8	0	10	62	54	83
8	1	1	63	138	149
8	14	2	64	190	215
8	9	7	65	223	270
8	3	5	66	272	328
8	7	9	67	626	672
8	14	5	68	897	928
9	0	6	69	0	54
9	2	10	70	116	181
9	11	7	71	183	223
9	10	1	72	254	300
9	10	7	73	353	432
9	11	2	74	451	498
9	5	2	75	506	519
9	3	10	76	843	911
9	14	5	77	928	974
10	9	7	78	0	20
10	1	5	79	44	118
10	8	7	80	121	183
10	3	5	81	212	272
10	10	7	82	300	353
10	6	11	83	385	413
10	3	6	84	542	640
10	4	8	85	647	668
10	13	3	86	770	801
11	4	11	87	0	36
11	10	0	88	46	116
11	12	4	89	183	230
11	9	11	90	489	515
11	10	11	91	602	630
11	0	10	92	630	696
11	2	8	93	742	795
11	13	3	94	849	895
12	10	6	95	137	184
12	13	6	96	255	334
12	1	5	97	397	463
12	13	0	98	506	555
12	5	0	99	600	612
12	13	11	100	630	680
12	5	2	101	692	720
12	8	0	102	724	752
12	0	1	103	756	806
12	10	9	104	820	837
13	14	3	105	77	164
13	0	4	106	254	329
13	12	4	107	366	413
13	2	11	108	413	460
13	4	4	109	460	525
13	6	4	110	525	599
13	9	5	111	660	711
13	4	8	112	822	885
13	11	6	113	893	969
13	1	10	114	969	978
14	7	2	115	0	97
14	14	2	116	215	262
14	5	1	117	433	506
14	11	7	118	508	540
14	9	5	119	611	660
14	7	0	120	897	928
14	2	11	121	950	979
15	6	10	122	83	116
15	9	8	123	137	199
15	4	11	124	342	385
15	9	5	125	540	611
15	5	2	126	617	692
15	11	8	127	694	742
15	3	8	128	795	822
15	7	5	129	822	897
15	4	8	130	899	964
16	12	10	131	0	49
16	4	4	132	117	164
16	9	8	133	337	356
16	3	6	134	495	542
16	4	9	135	551	596
16	4	3	136	602	637
16	6	5	137	711	763
17	5	0	138	116	165
17	12	4	139	329	347
17	13	0	140	383	408
17	0	4	141	413	460
17	1	10	142	535	625
17	1	1	143	625	665
17	4	4	144	680	744
17	7	9	145	752	820
18	3	9	146	0	29
18	7	9	147	195	262
18	8	0	148	269	283
18	12	9	149	291	325
18	13	6	150	334	383
18	10	11	151	460	489
18	5	7	152	567	600
18	6	0	153	612	677
18	9	6	154	712	801
19	3	7	155	29	121
19	4	3	156	164	236
19	12	4	157	347	366
19	1	8	158	366	393
19	14	9	159	453	484
19	14	9	160	484	551
19	14	2	161	813	860
19	10	7	162	893	977
20	6	4	163	0	74
20	14	9	164	262	291
20	9	9	165	325	335
20	2	8	166	668	694
20	1	5	167	763	801
21	13	9	168	29	97
21	4	11	169	271	342
21	9	10	170	360	425
21	6	3	171	443	524
21	7	8	172	525	549
21	8	7	173	600	690
21	3	10	174	696	764
21	11	6	175	801	893
21	9	9	176	897	924
21	4	8	177	964	977
22	2	6	178	208	255
22	1	10	179	312	360
22	7	9	180	433	453
22	14	3	181	637	719
22	13	1	182	806	843
22	0	1	183	897	973
23	8	11	184	36	100
23	6	11	185	116	182
23	10	1	186	184	254
23	2	0	187	354	382
23	2	5	188	463	537
23	8	0	189	555	597
23	1	1	190	665	726
23	5	2	191	876	967
24	2	3	192	16	77
24	14	1	193	300	367
24	5	9	194	367	433
24	10	7	195	433	458
24	3	10	196	911	928
24	8	3	197	941	963
25	5	1	198	0	73
25	3	0	199	165	205
25	11	2	200	440	451
25	0	2	201	519	549
25	13	1	202	557	624
25	6	0	203	763	842
26	8	3	204	0	16
26	1	8	205	199	268
26	11	7	206	270	298
26	7	8	207	453	525
26	5	7	208	540	567
26	10	11	209	588	602
26	11	8	210	617	647
26	10	6	211	647	712
26	4	4	212	744	810
26	2	1	213	849	892
27	1	1	214	149	178
27	4	11	215	236	271
27	8	10	216	789	816
27	5	2	217	860	876
27	3	10	218	928	958
28	4	4	219	74	117
28	12	4	220	599	680
28	13	11	221	680	751
28	10	11	222	751	819
28	10	7	223	840	893
29	11	8	224	71	137
29	8	6	225	184	208
29	5	3	226	236	265
29	8	3	227	319	410
29	12	10	228	425	470
29	12	1	229	506	557
29	8	3	230	895	941


Solution History:
