This is the output of Heuristic Solver for Dual resource constrained flexible job shop Scheduling Problem.
Input file is: wfjsp20_4.txt
Method: TS_2000_5_5
Seed: 1
Number of Jobs: 25
Number of Operations: 198
Number of Machines: 10
Number of Operators: 8
CPU Time: 96.9651
obj: 1263
Best found lower bound:0
Solver gap (best found lower bound and upper bound difference): Not known


Final Solution:
Job	Machine	Operator	Operation	Start Time	Finish Time
0	9	1	0	135	207
0	7	7	1	277	337
0	6	1	2	486	554
0	2	4	3	598	660
0	6	3	4	748	838
0	9	6	5	951	977
0	7	3	6	977	1023
0	8	7	7	1068	1082
0	6	4	8	1185	1231
1	8	3	9	49	70
1	2	6	10	70	83
1	6	7	11	140	174
1	7	7	12	174	243
1	6	2	13	260	282
1	3	2	14	321	395
1	9	1	15	692	766
1	5	2	16	828	889
1	0	1	17	1143	1194
2	2	6	18	134	165
2	6	2	19	175	192
2	8	0	20	211	260
2	6	2	21	395	486
2	3	2	22	889	899
2	3	2	23	931	996
2	7	2	24	1185	1263
3	3	7	25	0	12
3	9	2	26	12	86
3	3	3	27	147	234
3	7	7	28	363	456
3	0	0	29	892	943
3	4	1	30	1060	1143
4	3	7	31	12	78
4	3	3	32	234	310
4	6	4	33	326	378
4	4	5	34	415	433
4	3	7	35	476	543
4	1	7	36	597	624
4	0	5	37	720	743
5	5	4	38	74	136
5	2	1	39	289	335
5	5	2	40	656	712
5	3	2	41	899	931
5	7	3	42	1133	1185
5	8	0	43	1187	1256
6	0	6	44	165	236
6	9	5	45	350	415
6	7	0	46	529	560
6	4	5	47	601	626
6	3	3	48	662	725
6	7	7	49	755	784
6	1	5	50	942	993
6	3	5	51	1137	1164
7	1	5	52	39	131
7	7	7	53	243	277
7	6	3	54	310	326
7	4	6	55	332	360
7	1	5	56	870	942
7	0	0	57	972	983
7	2	1	58	988	1060
7	5	0	59	1066	1110
7	5	6	60	1131	1191
8	5	4	61	28	74
8	3	7	62	111	140
8	4	2	63	161	175
8	1	7	64	337	363
8	1	5	65	494	545
8	9	1	66	589	648
8	7	2	67	712	755
8	9	5	68	769	807
9	2	6	69	236	289
9	8	1	70	420	486
9	0	0	71	489	522
9	2	6	72	551	598
9	4	5	73	626	720
9	2	1	74	766	809
9	0	4	75	983	994
9	6	4	76	1000	1075
9	8	7	77	1131	1179
10	2	4	78	204	228
10	1	4	79	228	320
10	2	6	80	376	438
10	5	4	81	454	514
10	8	0	82	700	756
10	8	0	83	756	786
10	6	4	84	838	932
10	0	5	85	994	1016
10	5	4	86	1231	1258
11	8	5	87	0	39
11	6	1	88	69	135
11	4	2	89	282	321
11	3	3	90	399	423
11	8	3	91	496	524
11	9	6	92	1008	1078
11	0	6	93	1078	1131
11	4	2	94	1143	1181
12	8	6	95	83	134
12	6	2	96	192	260
12	0	0	97	320	386
12	4	5	98	433	479
12	1	5	99	479	494
12	2	6	100	501	551
12	3	6	101	746	774
12	4	2	102	996	1025
12	7	2	103	1058	1106
12	8	7	104	1114	1131
13	0	6	105	0	70
13	0	2	106	86	161
13	7	3	107	616	662
13	5	2	108	785	828
13	0	0	109	828	892
13	7	7	110	899	965
13	8	5	111	1016	1062
13	1	5	112	1062	1137
13	4	7	113	1181	1249
13	4	7	114	1249	1259
14	7	0	115	59	160
14	5	0	116	560	612
14	0	4	117	748	825
14	8	1	118	825	854
14	5	4	119	932	981
14	9	6	120	981	1008
14	7	3	121	1023	1058
15	3	7	122	78	111
15	0	0	123	260	320
15	9	3	124	423	473
15	9	4	125	514	589
15	1	7	126	624	706
15	7	3	127	838	884
15	4	2	128	1025	1054
15	2	0	129	1110	1187
15	0	1	130	1194	1263
16	4	3	131	0	49
16	5	4	132	136	185
16	5	4	133	185	204
16	9	1	134	648	692
16	6	7	135	965	1000
16	8	7	136	1082	1114
16	3	5	137	1164	1216
17	8	0	138	160	211
17	4	6	139	360	376
17	9	3	140	473	496
17	3	2	141	607	656
17	9	1	142	854	948
17	4	1	143	948	988
17	3	3	144	1068	1133
17	9	6	145	1191	1259
18	2	4	146	0	28
18	5	1	147	207	280
18	2	1	148	335	348
18	0	0	149	386	426
18	6	4	150	667	719
18	6	4	151	719	748
18	1	2	152	755	785
18	4	7	153	785	851
18	8	3	154	884	973
19	8	5	155	260	350
19	1	4	156	378	454
19	3	7	157	456	476
19	4	7	158	543	570
19	4	5	159	570	601
19	6	6	160	601	667
19	4	7	161	851	899
19	5	0	162	983	1066
20	0	2	163	529	607
20	4	5	164	743	769
20	9	4	165	825	838
20	0	0	166	943	972
20	6	2	167	1106	1142
21	6	1	168	0	69
21	4	3	169	70	147
21	2	6	170	438	501
21	8	3	171	524	616
21	5	3	172	725	746
21	3	6	173	774	866
21	3	7	174	1000	1068
21	9	4	175	1078	1163
21	1	5	176	1216	1244
21	1	5	177	1244	1259
22	9	6	178	289	332
22	7	2	179	486	529
22	3	5	180	545	566
22	2	6	181	667	746
22	8	0	182	786	819
22	2	3	183	1187	1262
23	4	5	184	193	260
23	5	3	185	326	399
23	0	0	186	426	489
23	1	7	187	570	597
23	8	0	188	631	700
23	1	7	189	706	755
23	1	5	190	807	870
23	2	6	191	870	951
24	7	0	192	0	59
24	1	5	193	131	193
24	8	1	194	350	420
24	6	1	195	554	585
24	5	0	196	612	631
24	9	4	197	1163	1185


Solution History:
