This is the output of Heuristic Solver for Dual resource constrained flexible job shop Scheduling Problem.
Input file is: wfjsp11_2.txt
Method: TS_2000_5_5
Seed: 1
Number of Jobs: 20
Number of Operations: 227
Number of Machines: 10
Number of Operators: 10
CPU Time: 70.1529
obj: 1231
Best found lower bound:0
Solver gap (best found lower bound and upper bound difference): Not known


Final Solution:
Job	Machine	Operator	Operation	Start Time	Finish Time
0	7	7	0	0	73
0	4	3	1	86	159
0	4	3	2	168	191
0	4	3	3	269	305
0	8	2	4	388	405
0	5	3	5	634	662
0	9	6	6	691	760
0	8	0	7	785	794
0	9	8	8	794	873
0	0	9	9	952	991
0	6	0	10	1114	1168
1	5	3	11	0	17
1	3	0	12	62	131
1	0	4	13	131	204
1	5	1	14	209	267
1	9	6	15	286	354
1	0	9	16	486	519
1	3	8	17	550	592
1	0	9	18	592	610
1	4	0	19	728	785
1	5	5	20	795	872
1	2	4	21	872	953
1	3	8	22	959	1022
1	0	7	23	1046	1115
2	8	2	24	0	67
2	9	6	25	96	113
2	1	2	26	113	125
2	3	6	27	131	221
2	3	9	28	221	242
2	8	5	29	308	388
2	6	6	30	419	502
2	0	9	31	519	537
2	7	7	32	537	604
2	3	9	33	702	782
2	1	2	34	861	915
2	4	3	35	947	971
2	9	6	36	1030	1086
2	0	7	37	1115	1148
2	7	9	38	1158	1227
3	2	8	39	157	244
3	6	5	40	279	308
3	3	8	41	327	340
3	9	8	42	419	452
3	8	3	43	500	518
3	1	4	44	526	564
3	5	5	45	564	634
3	0	4	46	806	849
3	8	5	47	884	969
3	7	4	48	1026	1115
3	9	0	49	1168	1227
4	1	2	50	125	156
4	9	6	51	221	286
4	7	4	52	303	342
4	4	0	53	354	375
4	4	0	54	375	408
4	1	4	55	476	526
4	1	0	56	564	583
4	9	6	57	624	691
4	5	4	58	734	795
4	2	1	59	1101	1112
4	3	8	60	1165	1195
5	6	0	61	0	55
5	4	3	62	191	269
5	5	1	63	312	365
5	3	0	64	418	492
5	2	1	65	492	548
5	6	0	66	583	605
5	1	4	67	608	701
5	1	2	68	744	758
5	6	6	69	880	958
5	8	5	70	969	982
5	3	8	71	1022	1082
5	5	4	72	1153	1215
6	1	2	73	187	236
6	0	7	74	255	321
6	6	3	75	321	406
6	2	1	76	418	473
6	3	8	77	492	550
6	7	7	78	785	866
6	8	5	79	872	884
6	4	3	80	971	1026
6	6	0	81	1068	1114
6	4	3	82	1133	1195
7	0	4	83	0	17
7	9	8	84	17	96
7	7	7	85	172	199
7	0	7	86	204	224
7	0	7	87	224	255
7	7	4	88	267	303
7	5	5	89	388	471
7	2	1	90	548	618
7	4	5	91	634	710
7	8	5	92	710	780
7	4	3	93	870	881
7	6	0	94	992	1012
7	5	1	95	1021	1101
7	3	6	96	1101	1164
7	6	6	97	1168	1225
8	1	5	98	0	85
8	3	8	99	244	327
8	0	7	100	327	343
8	3	4	101	343	418
8	4	3	102	439	500
8	4	2	103	500	558
8	4	3	104	558	628
8	0	2	105	636	714
8	7	7	106	866	896
8	0	7	107	991	1046
8	9	8	108	1086	1165
8	8	5	109	1174	1231
9	0	3	110	17	66
9	1	2	111	85	112
9	6	8	112	112	157
9	8	0	113	231	301
9	9	6	114	354	419
9	0	2	115	610	622
9	0	2	116	622	636
9	8	9	117	675	702
9	2	1	118	714	807
9	5	1	119	872	954
9	7	9	120	991	1026
9	8	5	121	1112	1174
10	2	1	122	365	418
10	0	9	123	537	556
10	7	7	124	604	632
10	4	0	125	710	728
10	1	2	126	734	744
10	3	0	127	850	872
10	7	9	128	1115	1131
11	0	2	129	67	75
11	8	5	130	86	157
11	4	3	131	159	168
11	5	9	132	168	204
11	1	4	133	418	476
11	6	0	134	502	555
11	8	2	135	558	609
11	1	4	136	701	734
11	0	3	137	734	771
11	3	0	138	794	850
11	9	8	139	873	958
11	2	4	140	958	1010
11	2	9	141	1026	1099
11	1	2	142	1100	1156
11	4	3	143	1195	1226
12	3	6	144	0	62
12	1	2	145	156	187
12	5	1	146	267	312
12	1	2	147	312	383
12	4	3	148	408	439
12	3	8	149	592	647
12	0	3	150	771	806
12	4	1	151	823	868
12	4	3	152	881	947
12	5	1	153	954	1021
12	3	4	154	1215	1228
13	4	1	155	0	84
13	9	1	156	116	167
13	6	5	157	214	279
13	4	0	158	305	339
13	7	9	159	420	477
13	0	9	160	556	581
13	8	9	161	610	675
13	6	8	162	691	722
13	1	2	163	758	785
13	8	3	164	806	870
13	1	2	165	915	1013
13	8	5	166	1055	1112
13	2	1	167	1112	1183
13	3	8	168	1195	1208
14	6	6	169	62	91
14	7	7	170	91	172
14	5	5	171	471	549
14	5	3	172	662	732
14	2	9	173	807	872
14	9	6	174	958	1030
14	4	3	175	1030	1040
14	4	3	176	1040	1109
14	4	3	177	1109	1133
14	1	2	178	1156	1230
15	2	9	179	0	83
15	7	4	180	204	267
15	9	8	181	452	479
15	9	6	182	502	557
15	7	7	183	632	706
15	7	7	184	706	785
15	0	9	185	872	952
15	6	0	186	1012	1068
15	7	9	187	1131	1158
16	2	1	188	84	116
16	8	0	189	157	231
16	1	2	190	236	309
16	2	9	191	312	356
16	0	7	192	358	402
16	0	7	193	402	471
16	0	7	194	471	486
16	7	7	195	486	526
16	9	6	196	557	624
16	3	8	197	647	691
16	6	8	198	722	789
16	6	6	199	789	880
16	7	7	200	896	967
16	1	2	201	1013	1100
16	2	1	202	1183	1213
17	5	4	203	17	90
17	2	9	204	244	312
17	4	0	205	339	354
17	1	8	206	383	398
17	8	3	207	518	556
17	2	1	208	618	714
17	1	2	209	785	861
17	3	0	210	891	959
17	8	5	211	982	1055
17	0	7	212	1148	1216
18	8	3	213	67	86
18	5	9	214	90	149
18	9	1	215	167	209
18	0	7	216	343	358
18	8	2	217	405	484
18	4	1	218	807	823
18	3	0	219	872	891
18	6	0	220	959	992
18	5	4	221	1115	1153
19	5	5	222	157	166
19	6	5	223	166	214
19	7	9	224	356	420
19	1	4	225	583	608
19	6	0	226	608	683


Solution History:
