This is the output of Heuristic Solver for Dual resource constrained flexible job shop Scheduling Problem.
Input file is: wfjsp5_1.txt
Method: TS_2000_5_5
Seed: 1
Number of Jobs: 10
Number of Operations: 62
Number of Machines: 5
Number of Operators: 5
CPU Time: 8.05278
obj: 619
Best found lower bound:0
Solver gap (best found lower bound and upper bound difference): Not known


Final Solution:
Job	Machine	Operator	Operation	Start Time	Finish Time
0	3	2	0	0	78
0	2	0	1	86	111
0	0	3	2	111	157
0	2	2	3	167	270
0	2	2	4	270	345
0	0	3	5	411	472
0	3	1	6	490	569
0	3	2	7	570	603
1	4	4	8	102	140
1	4	4	9	140	175
1	1	4	10	247	255
1	1	4	11	312	328
1	2	2	12	345	359
1	3	0	13	444	490
2	4	0	14	25	86
2	0	3	15	339	386
2	1	0	16	490	515
2	1	4	17	597	605
3	0	3	18	0	59
3	0	3	19	59	105
3	1	0	20	156	247
3	4	0	21	247	337
3	4	4	22	337	391
3	4	4	23	391	467
3	4	0	24	515	531
3	1	4	25	562	597
3	0	3	26	597	619
4	4	0	27	0	25
4	1	0	28	111	156
4	3	1	29	157	236
4	0	3	30	236	283
4	0	3	31	283	339
4	3	1	32	344	441
4	4	4	33	467	514
5	3	1	34	96	111
5	3	1	35	111	157
5	0	3	36	157	181
5	0	3	37	181	215
5	2	2	38	435	509
5	0	3	39	532	588
6	4	4	40	175	205
6	3	1	41	250	344
6	0	3	42	386	411
6	2	2	43	509	570
6	1	4	44	605	616
7	3	1	45	236	250
7	2	2	46	359	435
7	1	0	47	435	444
7	2	1	48	570	580
7	2	1	49	580	618
8	2	1	50	0	79
8	3	1	51	79	96
8	2	2	52	111	167
8	1	4	53	255	312
8	1	1	54	444	486
8	1	4	55	515	562
9	1	4	56	0	102
9	4	4	57	205	247
9	1	0	58	337	432
9	0	3	59	472	532
9	4	0	60	532	557
9	4	0	61	557	618


Solution History:
