This is the output of Heuristic Solver for Dual resource constrained flexible job shop Scheduling Problem.
Input file is: wfjsp11_4.txt
Method: TS_2000_5_5
Seed: 1
Number of Jobs: 20
Number of Operations: 216
Number of Machines: 10
Number of Operators: 10
CPU Time: 70.704
obj: 1170
Best found lower bound:0
Solver gap (best found lower bound and upper bound difference): Not known


Final Solution:
Job	Machine	Operator	Operation	Start Time	Finish Time
0	2	9	0	105	187
0	9	9	1	203	264
0	7	7	2	269	344
0	9	5	3	359	421
0	7	7	4	421	523
0	9	7	5	523	552
0	4	1	6	561	600
0	0	7	7	600	614
0	3	9	8	619	666
0	1	8	9	697	719
0	7	6	10	746	763
0	8	0	11	826	869
0	4	0	12	869	937
0	8	8	13	978	1000
0	5	1	14	1000	1098
1	6	7	15	67	149
1	4	0	16	214	275
1	7	6	17	763	809
1	3	9	18	824	860
1	8	8	19	869	888
1	9	4	20	1014	1063
1	9	0	21	1063	1137
2	5	1	22	0	10
2	2	2	23	30	95
2	5	4	24	211	291
2	0	6	25	291	302
2	3	1	26	302	374
2	3	5	27	489	570
2	5	5	28	575	661
2	3	9	29	666	715
2	2	4	30	719	809
2	6	3	31	809	879
2	9	4	32	879	949
2	2	9	33	949	998
2	7	7	34	1021	1039
2	7	7	35	1039	1105
2	1	5	36	1119	1149
3	1	8	37	32	54
3	3	1	38	91	153
3	6	3	39	153	199
3	2	2	40	200	257
3	3	1	41	268	299
3	7	7	42	360	411
3	1	6	43	599	671
3	2	9	44	862	944
3	9	4	45	949	1014
3	4	0	46	1027	1058
3	6	6	47	1069	1092
3	7	7	48	1105	1170
4	7	4	49	123	157
4	8	9	50	421	472
4	8	8	51	479	512
4	6	3	52	620	716
4	3	5	53	991	1029
4	1	8	54	1097	1112
4	8	8	55	1112	1141
5	7	3	56	49	123
5	2	2	57	188	200
5	1	8	58	201	279
5	5	4	59	291	339
5	3	1	60	374	433
5	2	2	61	444	488
5	0	7	62	552	586
5	1	7	63	586	599
5	4	8	64	746	773
5	9	5	65	826	877
5	6	3	66	879	940
5	5	5	67	943	989
5	8	3	68	1000	1033
5	3	5	69	1033	1087
6	8	9	70	0	64
6	8	9	71	64	105
6	3	1	72	218	268
6	1	8	73	279	360
6	2	2	74	397	444
6	3	5	75	477	489
6	1	6	76	489	559
6	4	1	77	600	651
6	2	4	78	695	719
6	0	7	79	725	799
6	4	8	80	799	862
6	3	5	81	877	937
6	7	7	82	957	1021
6	9	0	83	1137	1165
7	3	5	84	0	91
7	0	6	85	188	212
7	0	6	86	344	377
7	0	6	87	445	485
7	7	2	88	611	677
7	6	3	89	716	755
7	4	8	90	773	797
8	2	2	91	0	30
8	4	6	92	32	106
8	4	8	93	106	160
8	8	5	94	166	208
8	8	5	95	208	253
8	2	2	96	257	324
8	0	6	97	377	445
8	8	8	98	512	562
8	1	8	99	719	733
8	5	2	100	743	787
8	1	9	101	793	824
8	1	7	102	824	856
8	0	2	103	886	936
8	7	6	104	938	957
9	5	1	105	10	83
9	5	5	106	91	166
9	8	9	107	264	311
9	6	3	108	333	372
9	6	3	109	372	442
9	6	3	110	442	512
9	3	9	111	570	619
9	7	2	112	677	743
9	3	1	113	743	816
9	0	6	114	839	849
9	1	7	115	856	947
9	4	0	116	947	999
9	2	9	117	999	1079
9	3	5	118	1087	1119
9	3	9	119	1120	1169
10	4	8	120	0	32
10	0	8	121	54	86
10	0	2	122	95	128
10	0	2	123	128	188
10	6	3	124	199	238
10	2	2	125	324	397
10	1	8	126	397	479
10	7	2	127	560	611
10	8	5	128	697	731
10	0	2	129	936	1013
10	0	2	130	1090	1158
11	5	4	131	166	211
11	7	7	132	222	269
11	8	9	133	375	393
11	3	1	134	433	477
11	6	3	135	512	552
11	0	7	136	614	651
11	2	4	137	809	862
11	6	3	138	940	989
11	8	3	139	1033	1049
11	8	8	140	1141	1166
12	7	3	141	0	49
12	9	0	142	109	203
12	0	6	143	244	285
12	8	9	144	311	375
12	5	4	145	418	499
12	4	1	146	531	561
12	4	6	147	671	746
12	3	1	148	978	991
12	2	9	149	1079	1120
12	2	6	150	1120	1170
13	6	4	151	40	67
13	8	3	152	123	153
13	3	1	153	153	218
13	9	5	154	264	359
13	9	0	155	654	757
13	9	0	156	757	826
13	7	6	157	886	906
13	7	6	158	906	938
13	4	0	159	999	1027
13	5	1	160	1098	1163
14	0	7	161	0	49
14	4	0	162	275	346
14	2	2	163	488	560
14	0	6	164	849	878
14	1	6	165	957	967
14	1	6	166	967	996
15	9	4	167	0	40
15	7	7	168	157	222
15	5	4	169	339	418
15	2	4	170	575	648
15	8	5	171	731	823
15	8	8	172	888	911
15	1	8	173	1000	1097
16	9	0	174	40	109
16	6	3	175	238	333
16	8	9	176	393	421
16	9	9	177	472	488
16	4	1	178	488	531
16	8	8	179	562	612
16	8	8	180	612	633
16	0	7	181	651	725
16	6	3	182	755	789
16	5	1	183	817	893
16	8	8	184	911	978
16	6	6	185	996	1069
16	6	3	186	1092	1161
17	6	0	187	0	29
17	1	6	188	106	178
17	0	6	189	302	344
17	4	0	190	346	409
17	5	4	191	499	575
17	8	8	192	633	697
17	1	9	193	733	793
17	7	2	194	817	886
17	5	1	195	893	924
17	5	1	196	924	943
17	8	3	197	1049	1074
17	4	4	198	1074	1156
18	4	8	199	160	201
18	4	0	200	203	214
18	0	6	201	214	244
18	0	9	202	488	551
18	9	0	203	552	654
18	4	1	204	654	668
18	5	1	205	668	740
18	0	6	206	809	839
18	0	2	207	1013	1090
19	1	6	208	0	29
19	7	7	209	344	360
19	1	8	210	360	392
19	4	0	211	409	473
19	6	3	212	552	620
19	2	4	213	648	695
19	5	2	214	787	817
19	3	1	215	943	978


Solution History:
