This is the output of Heuristic Solver for Dual resource constrained flexible job shop Scheduling Problem.
Input file is: wfjsp24_2.txt
Method: TS_2000_5_5
Seed: 1
Number of Jobs: 40
Number of Operations: 288
Number of Machines: 15
Number of Operators: 12
CPU Time: 217.557
obj: 1228
Best found lower bound:0
Solver gap (best found lower bound and upper bound difference): Not known


Final Solution:
Job	Machine	Operator	Operation	Start Time	Finish Time
0	4	0	0	20	94
0	4	6	1	411	485
0	4	7	2	601	621
0	14	6	3	1047	1083
0	10	7	4	1114	1130
1	4	0	5	0	20
1	8	11	6	120	180
1	1	0	7	335	343
1	12	7	8	358	430
1	10	3	9	592	630
1	6	6	10	634	693
1	8	10	11	695	712
1	1	8	12	795	874
1	6	10	13	1164	1221
2	1	2	14	0	61
2	0	4	15	183	248
2	3	9	16	274	311
2	13	9	17	375	417
2	3	3	18	424	442
2	13	0	19	447	502
2	8	7	20	524	601
2	13	2	21	807	895
2	6	8	22	895	951
2	6	10	23	1037	1098
3	12	8	24	18	81
3	11	8	25	81	100
3	12	3	26	269	282
3	1	7	27	430	516
3	3	8	28	533	554
3	9	10	29	572	652
3	7	1	30	709	796
3	5	4	31	869	885
3	4	10	32	958	1036
4	3	9	33	195	274
4	2	9	34	417	475
4	0	8	35	512	533
4	3	5	36	560	618
4	3	11	37	688	726
4	9	11	38	774	836
4	14	9	39	857	949
4	2	0	40	949	968
4	2	7	41	968	982
4	8	6	42	1193	1225
5	12	9	43	0	17
5	1	9	44	154	195
5	9	10	45	391	476
5	4	5	46	488	526
5	7	5	47	618	703
5	12	7	48	882	965
6	4	11	49	180	239
6	10	11	50	239	266
6	11	11	51	316	373
6	11	2	52	390	428
6	0	8	53	554	576
6	13	8	54	661	698
6	0	4	55	735	785
6	0	8	56	874	894
6	3	3	57	1003	1074
7	13	10	58	0	58
7	2	3	59	95	105
7	3	4	60	134	164
7	2	10	61	476	523
7	11	2	62	560	639
7	5	1	63	1014	1065
7	0	2	64	1154	1228
8	5	11	65	0	50
8	5	11	66	50	71
8	14	8	67	582	661
8	4	10	68	676	692
8	11	10	69	774	861
8	9	5	70	882	897
8	10	1	71	904	958
8	12	4	72	1003	1061
8	6	5	73	1110	1156
9	2	3	74	29	95
9	1	4	75	343	426
9	1	1	76	520	575
9	0	11	77	582	634
9	2	3	78	634	715
9	4	5	79	715	727
9	4	11	80	727	774
9	9	11	81	836	882
9	9	5	82	981	1042
9	10	0	83	1179	1196
10	11	7	84	0	78
10	11	3	85	200	224
10	5	4	86	426	446
10	10	0	87	546	577
10	10	7	88	848	882
10	5	5	89	897	981
10	4	7	90	1130	1199
11	9	6	91	34	107
11	11	8	92	107	184
11	8	6	93	346	358
11	5	6	94	358	383
11	10	5	95	410	488
11	12	7	96	782	848
11	2	1	97	853	904
11	6	6	98	951	1037
11	9	3	99	1137	1224
12	10	5	100	0	17
12	4	5	101	257	327
12	6	10	102	338	391
12	11	2	103	428	481
12	7	3	104	519	592
12	8	7	105	621	695
12	9	3	106	931	964
12	9	0	107	1089	1137
12	11	11	108	1151	1228
13	7	1	109	72	140
13	14	2	110	291	340
13	7	0	111	375	405
13	0	11	112	417	463
13	14	11	113	524	582
13	10	5	114	765	835
13	4	2	115	1047	1061
14	13	2	116	116	130
14	1	0	117	230	252
14	10	5	118	327	410
14	1	1	119	599	688
14	5	5	120	731	765
14	10	1	121	958	1014
14	7	8	122	1023	1075
15	10	5	123	17	42
15	8	9	124	72	103
15	0	4	125	164	183
15	9	3	126	189	200
15	10	0	127	524	546
15	11	10	128	652	667
15	6	5	129	703	713
15	6	0	130	722	796
15	0	10	131	861	871
16	9	6	132	0	34
16	14	2	133	61	116
16	10	6	134	142	202
16	5	11	135	266	315
16	1	8	136	951	986
16	7	8	137	987	1023
16	4	1	138	1065	1119
17	12	3	139	105	189
17	6	10	140	199	249
17	7	0	141	268	335
17	7	0	142	796	852
17	1	4	143	914	945
17	0	11	144	1032	1091
18	6	5	145	42	72
18	12	3	146	224	269
18	2	3	147	282	348
18	3	3	148	442	474
18	2	10	149	523	572
18	7	9	150	949	987
18	0	11	151	987	1032
18	5	3	152	1074	1134
18	7	9	153	1134	1199
19	5	1	154	411	423
19	9	6	155	485	569
19	12	0	156	577	630
19	0	2	157	639	706
19	8	10	158	735	774
19	11	11	159	939	987
20	5	1	160	180	204
20	11	10	161	249	316
20	9	0	162	346	375
20	5	6	163	383	407
20	8	11	164	463	524
20	14	8	165	709	795
20	0	8	166	1102	1154
20	13	5	167	1156	1225
21	13	5	168	72	83
21	9	9	169	127	154
21	14	2	170	180	261
21	0	8	171	268	341
21	4	1	172	341	411
21	1	8	173	1154	1218
22	8	5	174	180	257
22	7	0	175	405	416
22	5	4	176	473	551
22	1	1	177	575	599
22	4	6	178	865	941
22	14	2	179	966	1047
22	8	10	180	1098	1164
22	14	9	181	1199	1228
23	3	11	182	71	120
23	6	0	183	127	198
23	8	9	184	784	857
23	7	0	185	873	945
23	14	6	186	1134	1193
23	10	7	187	1199	1225
24	5	0	188	94	126
24	6	8	189	442	512
24	9	6	190	693	760
24	6	5	191	835	876
24	7	6	192	1083	1134
25	1	4	193	65	134
25	13	0	194	252	267
25	7	3	195	474	519
25	5	4	196	551	618
25	5	4	197	618	662
25	1	9	198	724	784
25	2	7	199	1022	1114
25	5	4	200	1155	1228
26	13	7	201	274	358
26	13	0	202	417	447
26	14	1	203	447	520
26	5	4	204	662	731
26	13	2	205	790	807
26	12	3	206	853	867
26	14	9	207	1096	1132
27	10	10	208	58	142
27	3	3	209	348	424
27	6	6	210	569	634
27	8	10	211	871	958
27	10	5	212	1042	1110
28	7	8	213	0	18
28	14	2	214	130	180
28	13	1	215	204	246
28	12	10	216	316	335
28	11	2	217	481	560
28	4	2	218	774	790
28	2	3	219	830	853
29	2	6	220	107	140
29	7	9	221	335	375
29	14	1	222	701	709
29	3	6	223	760	804
29	11	11	224	1096	1151
30	6	9	225	103	127
30	9	6	226	202	276
30	0	2	227	341	390
30	12	9	228	475	546
30	12	0	229	630	700
30	5	4	230	785	869
30	12	3	231	965	995
31	1	2	232	261	291
31	14	1	233	688	701
31	0	10	234	712	735
31	0	1	235	796	848
31	3	4	236	945	1003
32	3	4	237	0	65
32	5	1	238	140	180
32	7	1	239	423	437
32	5	4	240	462	473
32	10	0	241	700	722
32	2	3	242	788	830
32	11	3	243	867	931
33	8	1	244	257	341
33	10	0	245	502	524
33	13	9	246	546	622
33	1	9	247	688	724
33	4	6	248	804	865
33	13	0	249	968	1043
33	1	0	250	1043	1058
33	9	0	251	1058	1089
33	10	0	252	1137	1179
34	7	9	253	18	58
34	1	0	254	198	230
34	6	4	255	249	338
34	8	11	256	373	417
34	7	0	257	852	873
35	4	5	258	94	177
35	7	8	259	184	268
35	4	11	260	634	676
35	2	3	261	715	788
35	1	4	262	885	914
35	2	7	263	982	1022
35	11	9	264	1025	1096
35	3	1	265	1119	1217
36	2	7	266	145	201
36	2	7	267	201	274
36	9	6	268	276	346
36	12	4	269	1061	1155
36	2	0	270	1196	1225
37	2	3	271	0	29
37	0	7	272	78	145
37	14	8	273	341	428
37	10	11	274	676	688
37	11	2	275	706	774
37	1	2	276	1061	1146
38	13	10	277	142	199
38	6	8	278	428	442
38	4	5	279	526	560
38	3	9	280	622	686
38	3	11	281	882	939
38	3	8	282	1075	1102
39	8	1	283	0	72
39	5	4	284	446	462
39	13	7	285	698	782
39	0	2	286	895	966
39	11	9	287	987	1025


Solution History:
