This is the output of Heuristic Solver for Dual resource constrained flexible job shop Scheduling Problem.
Input file is: wfjsp14_4.txt
Method: TS_2000_5_5
Seed: 1
Number of Jobs: 30
Number of Operations: 231
Number of Machines: 15
Number of Operators: 15
CPU Time: 112.262
obj: 833
Best found lower bound:0
Solver gap (best found lower bound and upper bound difference): Not known


Final Solution:
Job	Machine	Operator	Operation	Start Time	Finish Time
0	7	8	0	183	273
0	11	13	1	277	339
0	4	14	2	373	440
0	1	2	3	440	504
0	14	2	4	551	644
0	9	14	5	644	677
0	6	9	6	677	726
0	0	12	7	729	741
0	8	2	8	782	827
1	8	8	9	0	22
1	9	7	10	29	44
1	9	1	11	148	189
1	3	1	12	193	261
1	7	3	13	273	296
1	8	7	14	296	379
1	10	12	15	387	459
1	8	7	16	465	524
1	8	2	17	735	782
2	0	12	18	0	31
2	10	0	19	55	71
2	14	5	20	188	235
2	4	8	21	283	362
2	6	14	22	362	373
2	8	7	23	402	465
2	2	9	24	574	644
3	7	2	25	0	11
3	14	0	26	87	163
3	0	11	27	288	359
3	4	13	28	523	621
3	14	11	29	651	700
3	12	6	30	731	821
4	12	14	31	136	200
4	5	5	32	245	317
4	14	6	33	387	435
4	14	6	34	435	452
4	2	4	35	471	541
4	12	3	36	671	701
4	12	13	37	710	731
5	12	14	38	0	64
5	9	1	39	104	148
5	7	3	40	296	353
5	2	1	41	438	471
5	2	4	42	685	737
5	1	8	43	752	831
6	11	10	44	0	79
6	3	6	45	261	325
6	9	1	46	333	368
6	13	9	47	407	430
6	5	8	48	439	504
6	8	2	49	651	682
6	8	2	50	682	735
6	6	13	51	798	827
7	7	2	52	11	111
7	1	8	53	129	170
7	7	8	54	170	183
7	11	13	55	183	210
7	10	14	56	283	355
7	7	3	57	451	464
7	5	8	58	504	587
7	13	13	59	622	666
7	10	14	60	770	831
8	1	1	61	0	40
8	0	12	62	93	122
8	7	5	63	148	163
8	14	5	64	163	188
8	1	9	65	260	310
8	3	6	66	325	385
8	13	7	67	575	622
8	1	1	68	718	750
9	2	11	69	0	63
9	2	4	70	63	130
9	5	11	71	148	181
9	0	11	72	359	406
9	10	0	73	551	627
9	5	8	74	627	674
9	2	4	75	674	685
9	10	0	76	692	762
9	9	3	77	770	818
10	8	8	78	22	43
10	1	8	79	43	129
10	8	7	80	129	190
10	14	2	81	265	317
10	6	4	82	373	427
10	9	3	83	467	501
10	7	5	84	513	595
10	13	11	85	738	759
10	2	0	86	785	816
11	13	7	87	69	116
11	2	12	88	130	195
11	12	10	89	247	297
11	14	5	90	317	339
11	10	12	91	360	387
11	0	11	92	406	471
11	14	3	93	701	761
11	13	4	94	785	827
12	10	3	95	87	136
12	5	11	96	181	245
12	9	1	97	261	333
12	9	0	98	404	454
12	9	0	99	454	467
12	4	14	100	475	523
12	14	7	101	524	551
12	8	10	102	619	651
12	0	12	103	674	729
12	4	7	104	810	829
13	14	3	105	0	87
13	0	9	106	126	213
13	13	12	107	213	264
13	2	0	108	269	316
13	3	3	109	387	451
13	6	13	110	454	521
13	9	14	111	590	641
13	9	14	112	677	747
13	11	10	113	747	823
13	5	0	114	823	833
14	13	2	115	116	200
14	12	0	116	354	404
14	10	0	117	467	551
14	11	11	118	619	651
14	1	1	119	667	718
14	5	11	120	759	786
14	5	11	121	786	815
15	5	5	122	0	34
15	3	6	123	99	160
15	12	14	124	200	247
15	7	8	125	362	431
15	12	10	126	436	521
15	11	10	127	521	569
15	12	3	128	569	600
15	7	5	129	600	675
15	5	8	130	675	752
16	6	4	131	0	49
16	10	3	132	136	183
16	2	2	133	317	334
16	12	3	134	521	567
16	5	8	135	587	627
16	3	6	136	695	727
16	14	1	137	761	824
17	10	0	138	0	55
17	9	1	139	87	104
17	4	13	140	139	166
17	0	9	141	213	260
17	1	10	142	346	436
17	11	10	143	569	619
17	7	5	144	675	740
17	7	5	145	740	818
18	3	0	146	163	193
18	10	0	147	193	269
18	4	14	148	269	283
18	12	0	149	319	354
18	13	13	150	360	407
18	6	13	151	427	454
18	7	5	152	479	513
18	6	14	153	523	590
18	4	7	154	622	717
19	3	6	155	0	99
19	11	13	156	210	277
19	12	10	157	297	319
19	1	10	158	319	346
19	14	3	159	353	387
19	13	9	160	430	508
19	0	11	161	551	599
19	6	13	162	731	798
20	6	9	163	49	126
20	14	5	164	452	479
20	9	3	165	501	513
20	2	9	166	548	574
20	1	1	167	611	654
21	13	13	168	0	69
21	4	13	169	69	139
21	9	7	170	190	254
21	6	4	171	271	352
21	9	7	172	379	402
21	3	6	173	452	548
21	3	6	174	548	614
21	11	10	175	651	743
21	4	7	176	783	810
21	2	12	177	816	828
22	9	1	178	44	87
22	8	2	179	226	265
22	8	7	180	551	573
22	0	12	181	599	674
22	13	13	182	674	710
22	0	12	183	741	815
23	8	14	184	64	128
23	6	4	185	130	204
23	6	3	186	204	271
23	2	9	187	334	361
23	2	1	188	368	438
23	0	1	189	497	543
23	1	1	190	548	611
23	3	6	191	614	695
24	0	12	192	31	93
24	2	4	193	204	269
24	13	12	194	293	360
24	9	2	195	513	540
24	8	11	196	599	616
24	9	14	197	747	770
25	5	5	198	34	107
25	5	5	199	107	148
25	1	6	200	247	259
25	0	11	201	260	288
25	13	12	202	511	575
25	6	4	203	590	667
26	8	7	204	44	60
26	1	6	205	170	247
26	8	7	206	265	293
26	11	2	207	339	419
26	0	11	208	471	497
26	1	9	209	508	521
26	1	9	210	521	548
26	10	0	211	627	692
26	4	7	212	717	783
26	3	9	213	783	830
27	9	7	214	0	29
27	4	14	215	440	475
27	8	11	216	524	551
27	1	9	217	654	667
27	13	11	218	710	738
28	4	9	219	0	45
28	11	10	220	79	174
28	4	10	221	174	245
28	12	3	222	600	671
28	3	9	223	727	783
29	12	11	224	64	136
29	8	2	225	200	226
29	13	12	226	264	293
29	5	5	227	339	439
29	11	12	228	459	511
29	9	4	229	541	590
29	2	4	230	737	785


Solution History:
