This is the output of Heuristic Solver for Dual resource constrained flexible job shop Scheduling Problem.
Input file is: wfjsp17_4.txt
Method: TS_2000_5_5
Seed: 1
Number of Jobs: 15
Number of Operations: 137
Number of Machines: 5
Number of Operators: 4
CPU Time: 39.6288
obj: 1688
Best found lower bound:0
Solver gap (best found lower bound and upper bound difference): Not known


Final Solution:
Job	Machine	Operator	Operation	Start Time	Finish Time
0	1	2	0	24	99
0	1	3	1	537	596
0	2	2	2	598	666
0	3	0	3	990	1054
0	0	1	4	1056	1151
0	4	2	5	1193	1226
0	0	1	6	1296	1339
0	4	3	7	1352	1367
0	4	2	8	1367	1413
1	4	3	9	0	21
1	2	2	10	130	145
1	1	0	11	284	319
1	4	1	12	474	542
1	3	0	13	613	638
1	4	1	14	773	846
1	3	1	15	863	938
1	4	3	16	1541	1600
1	4	3	17	1600	1647
2	0	0	18	150	182
2	0	0	19	598	613
2	1	2	20	666	715
2	3	0	21	731	805
2	1	0	22	805	815
2	4	3	23	1075	1138
2	0	1	24	1151	1225
2	2	2	25	1413	1424
2	0	2	26	1502	1581
2	3	0	27	1614	1686
3	3	2	28	212	293
3	4	3	29	397	446
3	2	3	30	685	775
3	0	2	31	858	924
3	3	0	32	1142	1211
3	1	2	33	1322	1365
3	0	0	34	1471	1486
3	2	2	35	1581	1649
3	0	1	36	1657	1687
4	2	2	37	293	318
4	3	1	38	341	407
4	2	0	39	452	500
4	0	2	40	501	557
4	2	3	41	823	859
4	1	0	42	860	915
4	2	0	43	919	990
4	2	0	44	1323	1397
4	1	0	45	1519	1584
4	1	0	46	1584	1614
5	3	2	47	188	212
5	4	1	48	542	607
5	3	0	49	638	668
5	3	0	50	678	731
5	1	3	51	919	947
5	1	2	52	1101	1193
5	2	3	53	1428	1466
5	3	1	54	1513	1528
5	2	3	55	1649	1680
6	3	1	56	51	125
6	3	0	57	500	512
6	4	3	58	607	685
6	1	2	59	1057	1101
6	0	2	60	1226	1285
6	3	0	61	1397	1441
6	0	0	62	1441	1471
6	0	1	63	1602	1614
7	2	3	64	89	116
7	1	0	65	188	236
7	0	1	66	284	341
7	3	1	67	407	446
7	1	3	68	502	537
7	2	0	69	542	598
7	1	3	70	947	1009
7	1	3	71	1223	1261
7	3	1	72	1463	1513
8	2	0	73	0	78
8	1	2	74	145	188
8	3	0	75	668	678
8	0	2	76	782	858
8	0	1	77	938	989
8	3	0	78	1054	1078
8	2	3	79	1138	1212
8	1	3	80	1367	1428
9	4	3	81	36	89
9	3	1	82	125	181
9	0	1	83	182	215
9	4	3	84	315	397
9	3	2	85	963	985
9	2	0	86	1212	1243
9	1	2	87	1285	1322
9	0	1	88	1339	1409
9	1	2	89	1649	1688
10	0	2	90	0	24
10	1	3	91	116	144
10	0	1	92	215	284
10	1	3	93	446	502
10	0	1	94	613	655
10	4	1	95	724	773
10	0	1	96	989	1056
10	3	0	97	1078	1142
10	0	1	98	1614	1657
11	4	3	99	21	36
11	1	0	100	236	284
11	2	2	101	318	348
11	4	1	102	446	474
11	2	3	103	775	823
11	4	1	104	846	863
11	1	2	105	1428	1502
11	3	1	106	1528	1602
12	4	3	107	144	191
12	2	3	108	225	268
12	1	0	109	319	384
12	2	0	110	384	452
12	0	2	111	452	501
12	1	2	112	715	782
12	4	2	113	985	1057
12	1	3	114	1212	1223
12	4	3	115	1261	1352
12	4	1	116	1413	1463
13	0	0	117	78	150
13	2	3	118	191	225
13	4	3	119	268	315
13	2	2	120	348	377
13	2	0	121	512	542
13	3	2	122	557	595
13	2	3	123	859	919
13	4	2	124	924	963
13	3	1	125	1225	1296
13	4	3	126	1466	1541
14	3	1	127	0	51
14	4	2	128	99	130
14	0	2	129	377	452
14	0	1	130	655	724
14	3	0	131	815	860
14	2	3	132	1009	1058
14	2	3	133	1058	1075
14	2	0	134	1243	1287
14	2	0	135	1287	1323
14	2	0	136	1486	1519


Solution History:
