This is the output of Heuristic Solver for Dual resource constrained flexible job shop Scheduling Problem.
Input file is: wfjsp21_9.txt
Method: TS_2000_5_5
Seed: 1
Number of Jobs: 25
Number of Operations: 258
Number of Machines: 15
Number of Operators: 12
CPU Time: 116.311
obj: 1158
Best found lower bound:0
Solver gap (best found lower bound and upper bound difference): Not known


Final Solution:
Job	Machine	Operator	Operation	Start Time	Finish Time
0	14	2	0	0	84
0	12	4	1	222	269
0	14	1	2	300	363
0	2	5	3	366	422
0	10	4	4	597	627
0	2	9	5	627	710
0	8	2	6	710	769
0	1	4	7	769	789
0	6	3	8	789	849
0	2	5	9	849	910
0	6	3	10	973	1062
0	12	0	11	1082	1157
1	13	4	12	269	347
1	7	10	13	372	413
1	12	7	14	470	489
1	6	5	15	566	623
1	11	6	16	709	725
1	11	7	17	796	879
1	9	0	18	908	930
1	4	11	19	930	953
1	2	9	20	953	985
1	3	7	21	1024	1066
1	14	4	22	1086	1098
1	5	2	23	1134	1156
2	14	11	24	84	107
2	4	6	25	245	308
2	5	6	26	308	359
2	9	4	27	419	512
2	11	4	28	512	597
2	13	2	29	619	710
2	1	0	30	713	769
2	5	9	31	879	937
2	2	9	32	1011	1069
3	0	0	33	138	213
3	3	0	34	213	228
3	11	6	35	359	440
3	2	6	36	491	526
3	12	8	37	568	587
3	12	10	38	698	712
3	9	1	39	713	771
3	12	8	40	771	829
3	6	3	41	849	932
3	2	9	42	985	1011
3	11	6	43	1024	1042
3	9	2	44	1111	1134
4	10	7	45	0	36
4	8	7	46	36	81
4	1	2	47	358	439
4	3	3	48	709	758
4	9	5	49	771	791
4	10	9	50	795	879
4	13	2	51	912	945
4	9	0	52	945	1009
4	14	4	53	1061	1086
5	3	0	54	0	25
5	9	3	55	180	243
5	4	3	56	339	431
5	2	2	57	439	453
5	6	9	58	472	505
5	5	6	59	526	609
5	6	5	60	713	765
5	4	11	61	805	842
5	0	10	62	1078	1153
6	10	10	63	39	93
6	13	1	64	93	157
6	13	9	65	157	231
6	5	0	66	272	287
6	14	1	67	416	424
6	6	1	68	424	450
6	4	3	69	488	560
6	9	10	70	636	665
6	12	10	71	665	698
6	8	2	72	784	811
6	13	2	73	945	1006
6	3	7	74	1066	1152
7	7	8	75	0	54
7	7	9	76	111	141
7	6	1	77	157	233
7	12	11	78	401	447
7	10	5	79	478	535
7	6	5	80	535	566
7	13	1	81	586	619
7	8	5	82	623	655
7	11	4	83	746	761
7	2	5	84	791	846
7	8	3	85	1117	1158
8	9	3	86	15	107
8	2	5	87	133	191
8	11	7	88	193	215
8	13	2	89	231	250
8	12	9	90	294	387
8	0	0	91	447	489
8	8	2	92	527	619
8	1	8	93	947	1035
8	7	8	94	1035	1083
8	11	6	95	1145	1156
9	3	0	96	25	63
9	12	4	97	102	163
9	9	2	98	250	340
9	5	8	99	420	514
9	3	6	100	609	639
9	6	11	101	647	709
9	2	8	102	722	759
9	11	3	103	761	786
9	3	7	104	879	967
9	8	3	105	1062	1117
10	1	4	106	47	102
10	10	11	107	226	325
10	7	10	108	362	372
10	8	7	109	406	470
10	0	11	110	510	567
10	5	0	111	611	627
10	1	1	112	627	713
10	12	6	113	840	927
10	7	11	114	953	979
10	4	11	115	979	1014
10	5	1	116	1025	1095
10	1	4	117	1098	1157
11	0	6	118	0	56
11	3	0	119	103	138
11	8	5	120	203	229
11	6	9	121	233	294
11	1	10	122	444	503
11	7	9	123	559	622
11	0	0	124	640	713
11	5	0	125	769	827
11	3	8	126	835	865
12	1	4	127	0	47
12	0	0	128	63	81
12	5	2	129	84	168
12	4	6	130	169	245
12	11	3	131	245	339
12	13	9	132	505	559
12	4	3	133	560	628
12	12	4	134	715	746
12	2	6	135	767	791
13	4	3	136	0	15
13	4	6	137	56	112
13	5	2	138	168	226
13	10	7	139	358	383
13	0	0	140	388	447
13	14	1	141	450	533
13	3	6	142	639	709
13	1	1	143	908	944
13	0	10	144	981	1054
13	4	6	145	1061	1145
14	6	5	146	88	133
14	10	10	147	174	208
14	7	0	148	235	272
14	6	11	149	325	401
14	7	9	150	416	472
14	5	8	151	663	722
14	7	6	152	791	819
14	5	6	153	827	840
14	13	2	154	843	912
14	13	11	155	1014	1044
14	10	5	156	1060	1147
15	3	7	157	81	100
15	14	11	158	107	143
15	3	5	159	191	203
15	0	7	160	215	288
15	4	3	161	431	488
15	7	7	162	489	546
15	10	7	163	546	559
15	12	8	164	587	663
15	13	9	165	710	795
15	0	10	166	808	865
15	8	8	167	865	947
15	14	4	168	969	1061
16	7	11	169	143	226
16	7	10	170	287	362
16	5	8	171	362	420
16	3	6	172	440	491
16	2	0	173	552	611
16	0	10	174	865	910
16	14	5	175	910	969
16	1	11	176	1044	1082
16	6	1	177	1095	1158
17	7	8	178	54	111
17	4	9	179	141	156
17	12	8	180	167	212
17	1	7	181	288	358
17	14	11	182	629	647
17	4	7	183	703	796
17	14	4	184	805	891
17	14	4	185	891	901
17	10	4	186	901	965
17	11	7	187	967	1024
17	12	0	188	1024	1082
18	11	1	189	0	9
18	14	4	190	163	222
18	14	1	191	363	386
18	8	7	192	386	406
18	10	7	193	559	588
18	11	7	194	597	655
18	9	2	195	811	843
18	10	5	196	969	1060
19	5	10	197	0	39
19	14	1	198	233	300
19	8	5	199	318	366
19	3	10	200	413	429
19	11	11	201	447	510
19	14	1	202	533	586
19	10	4	203	627	715
19	14	11	204	715	805
19	1	0	205	827	901
19	12	6	206	927	1014
19	9	2	207	1072	1111
20	1	8	208	111	167
20	7	8	209	226	235
20	0	0	210	288	388
20	10	9	211	388	416
20	12	8	212	514	568
20	1	11	213	572	599
20	11	7	214	655	703
20	8	2	215	769	784
20	9	1	216	843	908
20	0	10	217	1054	1078
21	6	11	218	0	58
21	0	0	219	81	103
21	9	3	220	107	136
21	3	3	221	138	180
21	1	10	222	208	287
21	2	2	223	453	469
21	9	10	224	572	636
21	7	3	225	636	706
21	5	1	226	944	1025
22	12	9	227	14	101
22	10	6	228	112	169
22	5	8	229	235	265
22	2	8	230	265	352
22	10	10	231	429	444
22	1	10	232	503	572
22	14	5	233	655	713
22	7	8	234	1083	1157
23	13	5	235	0	88
23	11	7	236	100	193
23	8	5	237	229	318
23	13	1	238	386	416
23	13	5	239	422	478
23	8	2	240	478	527
23	5	0	241	627	640
23	0	10	242	713	808
23	7	11	243	842	926
23	6	3	244	932	973
23	4	6	245	1042	1061
23	11	11	246	1082	1143
24	2	9	247	0	14
24	11	1	248	14	90
24	8	10	249	93	174
24	9	4	250	347	419
24	3	0	251	491	552
24	0	11	252	599	629
24	7	6	253	725	767
24	3	1	254	771	835
24	0	10	255	910	981
24	9	2	256	1009	1072
24	13	9	257	1072	1155


Solution History:
