This is the output of Heuristic Solver for Dual resource constrained flexible job shop Scheduling Problem.
Input file is: Dauzere_09a.txt
Method: TS_100000000_1.815000_5
Seed: 5
Number of Jobs: 15
Number of Operations: 293
Number of Machines: 8
Number of Operators: 6
CPU Time: 108.921
obj: 2885
Best found lower bound:0
Solver gap (best found lower bound and upper bound difference): Not known


Final Solution:
Job	Machine	Operator	Operation	Start Time	Finish Time
0	3	1	0	0	24
0	2	3	1	77	140
0	1	1	2	178	213
0	6	4	3	694	780
0	4	5	4	821	846
0	4	0	5	1106	1172
0	4	0	6	1340	1372
0	0	2	7	1399	1411
0	6	4	8	1430	1496
0	1	1	9	1503	1597
0	2	3	10	1826	1867
0	3	2	11	1886	1980
0	6	3	12	2027	2090
0	2	3	13	2090	2135
0	2	3	14	2263	2354
1	7	5	15	52	126
1	1	1	16	147	178
1	5	2	17	582	679
1	5	4	18	680	694
1	2	3	19	1141	1167
1	0	2	20	1172	1265
1	0	2	21	1265	1287
1	2	3	22	1441	1519
1	4	5	23	1654	1692
1	2	3	24	1733	1801
1	7	5	25	1870	1920
1	1	1	26	1950	2008
1	3	1	27	2008	2046
1	0	0	28	2064	2120
1	5	3	29	2160	2231
1	6	4	30	2271	2350
1	5	2	31	2397	2480
1	5	2	32	2480	2569
1	5	2	33	2667	2706
1	0	0	34	2787	2885
2	3	1	35	24	101
2	5	2	36	252	276
2	6	4	37	276	368
2	1	1	38	448	528
2	6	4	39	571	618
2	0	0	40	644	708
2	0	0	41	708	761
2	3	2	42	799	840
2	4	0	43	912	1007
2	0	2	44	1091	1127
2	1	3	45	1297	1358
2	7	5	46	1417	1487
2	3	2	47	1516	1578
2	7	4	48	1627	1683
2	6	4	49	1683	1715
2	2	3	50	1801	1826
2	3	2	51	2048	2089
2	4	5	52	2112	2188
2	3	2	53	2193	2275
2	7	4	54	2537	2607
2	4	5	55	2617	2688
2	0	0	56	2688	2732
2	7	5	57	2749	2809
3	5	4	58	0	61
3	1	1	59	213	285
3	2	3	60	346	440
3	7	4	61	458	486
3	4	0	62	527	590
3	0	0	63	796	819
3	0	0	64	819	883
3	4	0	65	1069	1106
3	2	3	66	1167	1266
3	2	3	67	1266	1297
3	6	4	68	1345	1430
3	5	4	69	1496	1542
3	0	0	70	1560	1623
3	0	0	71	1623	1718
3	4	5	72	2432	2504
3	3	2	73	2573	2667
3	5	2	74	2747	2790
3	7	4	75	2831	2866
4	5	2	76	198	252
4	1	1	77	308	400
4	4	5	78	432	475
4	2	3	79	516	600
4	1	3	80	600	644
4	7	5	81	724	821
4	2	3	82	904	974
4	0	2	83	986	1091
4	5	2	84	1127	1172
4	3	1	85	1435	1463
4	1	1	86	1719	1781
4	1	1	87	1781	1878
4	2	3	88	1958	2027
4	7	4	89	2075	2139
4	7	5	90	2216	2318
4	2	3	91	2354	2403
4	3	1	92	2467	2573
4	2	3	93	2633	2701
4	2	3	94	2701	2791
4	5	2	95	2791	2863
4	5	2	96	2863	2883
5	2	3	97	140	169
5	0	0	98	214	249
5	1	1	99	285	308
5	1	1	100	644	744
5	2	3	101	974	1068
5	3	1	102	1113	1180
5	7	5	103	1180	1199
5	7	5	104	1199	1289
5	3	1	105	1331	1367
5	4	0	106	1484	1560
5	1	1	107	1597	1644
5	5	2	108	1708	1808
5	1	1	109	2351	2377
5	7	5	110	2397	2432
5	6	4	111	2607	2700
6	2	3	112	0	77
6	3	2	113	104	198
6	4	5	114	475	527
6	4	5	115	645	683
6	5	3	116	853	904
6	0	2	117	918	986
6	4	0	118	1007	1069
6	7	5	119	1069	1171
6	4	0	120	1172	1245
6	6	3	121	1879	1958
6	3	2	122	2089	2100
6	2	3	123	2231	2263
6	6	4	124	2350	2409
6	0	0	125	2508	2564
6	3	1	126	2685	2704
6	4	0	127	2732	2787
6	1	3	128	2791	2883
7	7	5	129	0	52
7	4	0	130	82	155
7	6	4	131	243	276
7	1	1	132	400	448
7	7	5	133	527	581
7	7	5	134	683	724
7	1	1	135	956	1034
7	2	3	136	1068	1104
7	6	4	137	1112	1184
7	0	2	138	1287	1359
7	4	0	139	1445	1484
7	2	3	140	1519	1536
7	6	4	141	1593	1627
7	4	5	142	1692	1736
7	7	5	143	1736	1832
7	0	0	144	1834	1900
7	0	0	145	1900	1942
7	5	2	146	1980	2048
7	1	1	147	2110	2134
7	6	3	148	2135	2160
7	0	0	149	2213	2281
7	3	2	150	2281	2342
7	4	0	151	2354	2422
7	0	0	152	2472	2508
7	2	3	153	2522	2567
8	4	0	154	0	82
8	0	0	155	425	470
8	5	4	156	486	571
8	0	0	157	590	644
8	3	2	158	840	918
8	1	1	159	1212	1247
8	7	5	160	1289	1371
8	7	5	161	1371	1417
8	7	5	162	1487	1568
8	3	2	163	1578	1621
8	2	3	164	1632	1650
8	1	1	165	1650	1719
8	0	0	166	1719	1818
8	4	0	167	1818	1834
8	4	5	168	1834	1870
8	4	5	169	1920	2021
8	1	1	170	2134	2221
8	1	1	171	2221	2267
8	7	4	172	2449	2537
8	0	0	173	2564	2605
8	0	0	174	2605	2663
8	7	5	175	2688	2749
8	6	4	176	2799	2831
9	5	4	177	61	123
9	4	0	178	155	214
9	3	2	179	422	518
9	0	0	180	761	796
9	7	5	181	865	948
9	7	5	182	1018	1063
9	1	3	183	1104	1141
9	3	1	184	1463	1503
9	4	5	185	1568	1654
9	1	1	186	1878	1950
9	1	1	187	2046	2110
9	6	4	188	2193	2271
9	0	0	189	2281	2304
9	4	0	190	2304	2354
9	0	2	191	2378	2397
9	1	3	192	2454	2498
9	6	3	193	2498	2522
9	1	1	194	2573	2650
9	6	4	195	2700	2799
10	2	3	196	169	229
10	5	2	197	276	370
10	7	5	198	375	432
10	1	1	199	744	833
10	1	1	200	833	896
10	1	1	201	896	956
10	6	4	202	967	1062
10	5	4	203	1062	1112
10	5	4	204	1248	1332
10	3	1	205	1367	1435
10	0	2	206	1470	1516
10	2	3	207	1536	1632
10	3	2	208	2100	2193
10	5	2	209	2342	2378
10	4	5	210	2541	2617
10	0	0	211	2663	2681
10	1	1	212	2704	2767
10	3	1	213	2767	2787
10	4	5	214	2809	2872
11	1	1	215	123	147
11	2	3	216	229	320
11	2	3	217	320	346
11	5	4	218	370	458
11	0	0	219	470	523
11	3	1	220	528	578
11	3	1	221	578	641
11	6	3	222	644	660
11	6	4	223	780	848
11	6	4	224	848	922
11	5	4	225	922	967
11	3	1	226	1247	1296
11	3	1	227	1296	1331
11	5	4	228	1332	1345
11	2	3	229	1358	1441
11	2	3	230	1867	1879
11	7	4	231	1970	2075
11	4	5	232	2188	2216
11	1	1	233	2267	2351
11	6	4	234	2409	2449
11	5	2	235	2706	2747
12	0	2	236	0	47
12	0	2	237	47	104
12	5	4	238	123	183
12	6	4	239	183	243
12	0	0	240	249	283
12	0	0	241	283	383
12	2	3	242	660	753
12	5	3	243	809	853
12	4	0	244	1386	1445
12	2	3	245	1650	1733
12	5	4	246	1870	1970
12	4	5	247	2021	2112
12	0	0	248	2120	2213
12	3	1	249	2402	2467
12	5	3	250	2616	2633
12	3	1	251	2787	2882
13	7	5	252	126	197
13	7	5	253	197	273
13	7	5	254	273	375
13	4	0	255	383	425
13	0	2	256	523	582
13	7	5	257	582	645
13	3	2	258	679	709
13	5	2	259	709	799
13	4	0	260	883	897
13	0	0	261	897	912
13	7	5	262	948	1018
13	5	4	263	1184	1248
13	5	2	264	1359	1399
13	6	4	265	1799	1870
13	7	5	266	2318	2397
13	1	3	267	2403	2454
14	1	1	268	101	123
14	3	2	269	370	422
14	2	3	270	440	516
14	6	4	271	618	644
14	7	4	272	645	680
14	2	3	273	753	763
14	2	3	274	763	809
14	7	5	275	846	865
14	3	1	276	1034	1113
14	3	1	277	1180	1212
14	4	0	278	1245	1340
14	4	0	279	1372	1386
14	0	2	280	1411	1470
14	6	4	281	1542	1593
14	3	2	282	1621	1708
14	6	4	283	1715	1799
14	3	2	284	1808	1886
14	0	0	285	1942	2030
14	0	0	286	2030	2064
14	7	4	287	2139	2193
14	3	1	288	2377	2402
14	0	0	289	2422	2472
14	4	5	290	2504	2541
14	2	3	291	2567	2616
14	1	1	292	2650	2685


Solution History:
