This is the output of Heuristic Solver for Dual resource constrained flexible job shop Scheduling Problem.
Input file is: Dauzere_05a.txt
Method: TS_100000000_0.236777_5
Seed: 5
Number of Jobs: 10
Number of Operations: 196
Number of Machines: 5
Number of Operators: 4
CPU Time: 14.2148
obj: 2948
Best found lower bound:0
Solver gap (best found lower bound and upper bound difference): Not known


Final Solution:
Job	Machine	Operator	Operation	Start Time	Finish Time
0	0	0	0	160	199
0	2	0	1	199	260
0	4	3	2	277	309
0	1	3	3	309	332
0	2	2	4	459	555
0	4	0	5	593	622
0	4	0	6	622	687
0	0	0	7	687	719
0	1	3	8	867	949
0	2	2	9	1056	1084
0	4	0	10	1190	1255
0	1	1	11	2097	2135
0	4	0	12	2530	2545
0	2	2	13	2575	2637
0	4	3	14	2846	2940
1	2	2	15	0	43
1	1	1	16	161	245
1	0	3	17	396	459
1	2	2	18	604	656
1	3	1	19	882	977
1	2	2	20	1186	1259
1	4	0	21	1259	1295
1	3	1	22	1301	1393
1	1	1	23	1436	1456
1	3	2	24	1586	1613
1	1	1	25	1613	1702
1	1	1	26	1702	1729
1	3	2	27	2081	2160
1	3	2	28	2456	2501
1	2	2	29	2501	2575
1	4	0	30	2586	2638
1	3	2	31	2682	2736
1	0	3	32	2736	2777
1	0	3	33	2789	2846
1	0	0	34	2846	2915
2	4	0	35	0	81
2	3	1	36	84	161
2	4	0	37	310	388
2	1	3	38	534	584
2	2	2	39	688	784
2	0	0	40	810	881
2	0	0	41	937	964
2	3	2	42	1401	1489
2	2	2	43	1489	1557
2	2	0	44	1569	1614
2	0	3	45	1693	1750
2	3	2	46	1774	1830
2	3	2	47	1830	1872
2	0	3	48	1913	2002
2	3	1	49	2002	2041
2	3	2	50	2160	2222
2	3	2	51	2384	2456
2	3	1	52	2509	2578
2	0	3	53	2615	2673
2	3	2	54	2736	2770
2	2	2	55	2770	2798
2	2	2	56	2798	2838
2	3	1	57	2868	2948
3	0	0	58	81	160
3	4	3	59	206	277
3	3	1	60	294	358
3	1	1	61	392	437
3	3	1	62	514	565
3	4	3	63	804	867
3	0	3	64	1023	1094
3	0	3	65	1094	1182
3	1	1	66	1230	1264
3	2	2	67	1333	1401
3	0	3	68	1426	1453
3	1	1	69	1456	1517
3	0	3	70	1587	1626
3	4	0	71	1791	1882
3	3	1	72	2041	2080
3	1	1	73	2214	2291
3	2	2	74	2336	2384
3	2	2	75	2838	2903
4	2	2	76	266	363
4	3	2	77	392	459
4	3	1	78	565	654
4	3	1	79	654	698
4	4	0	80	719	755
4	0	0	81	755	810
4	2	2	82	858	955
4	1	1	83	977	1025
4	0	3	84	1182	1268
4	0	3	85	1453	1494
4	1	1	86	1517	1610
4	0	3	87	1626	1693
4	2	0	88	1697	1791
4	0	3	89	1829	1883
4	0	3	90	1883	1913
4	4	0	91	1987	2058
4	4	0	92	2058	2156
4	4	3	93	2253	2325
4	4	3	94	2363	2429
4	4	3	95	2429	2525
4	2	2	96	2637	2682
5	1	3	97	0	102
5	0	0	98	459	532
5	3	2	99	977	1056
5	1	1	100	1074	1142
5	4	0	101	1162	1190
5	3	2	102	1557	1586
5	2	2	103	1653	1688
5	3	2	104	1688	1719
5	1	1	105	1729	1820
5	1	1	106	1820	1907
5	2	2	107	1945	2010
5	2	0	108	2239	2262
5	1	1	109	2291	2377
5	4	0	110	2545	2586
5	4	0	111	2757	2823
6	4	3	112	102	142
6	3	2	113	167	266
6	3	1	114	358	392
6	4	3	115	499	534
6	0	3	116	584	680
6	2	2	117	784	858
6	4	0	118	1024	1113
6	4	0	119	1113	1162
6	3	1	120	1264	1301
6	3	2	121	1719	1774
6	4	0	122	1882	1944
6	0	0	123	2181	2239
6	3	2	124	2239	2336
6	3	1	125	2578	2654
6	4	0	126	2679	2757
6	0	3	127	2777	2789
6	2	2	128	2903	2941
7	4	3	129	142	206
7	1	1	130	245	294
7	2	2	131	363	389
7	3	1	132	459	514
7	3	1	133	698	790
7	1	1	134	1025	1074
7	2	2	135	1259	1333
7	0	0	136	1340	1372
7	0	0	137	1372	1416
7	4	0	138	1513	1569
7	3	2	139	1613	1653
7	3	2	140	1872	1945
7	4	0	141	1945	1987
7	2	2	142	2010	2081
7	0	3	143	2097	2164
7	4	3	144	2164	2215
7	2	0	145	2262	2291
7	4	3	146	2325	2363
7	1	1	147	2377	2423
7	1	1	148	2423	2509
7	1	3	149	2525	2585
7	4	0	150	2638	2679
7	1	1	151	2747	2816
7	4	0	152	2823	2844
7	0	0	153	2915	2944
8	2	2	154	43	108
8	2	2	155	108	167
8	4	0	156	388	459
8	1	3	157	459	499
8	2	2	158	555	604
8	1	3	159	680	760
8	1	3	160	760	804
8	3	1	161	804	882
8	4	0	162	882	937
8	4	3	163	949	1023
8	2	2	164	1141	1186
8	1	3	165	1268	1346
8	1	1	166	1393	1436
8	4	0	167	1436	1513
8	0	3	168	1541	1587
8	2	0	169	1614	1634
8	4	0	170	1634	1697
8	1	3	171	2002	2097
8	2	0	172	2156	2181
8	4	3	173	2215	2253
8	0	0	174	2291	2383
8	1	1	175	2654	2747
8	3	1	176	2816	2868
9	3	1	177	0	84
9	0	0	178	260	310
9	0	3	179	332	396
9	4	0	180	534	593
9	2	2	181	656	688
9	2	0	182	964	1024
9	2	2	183	1084	1141
9	1	1	184	1142	1230
9	0	0	185	1295	1340
9	4	3	186	1346	1426
9	0	3	187	1494	1541
9	4	3	188	1750	1786
9	0	3	189	1786	1829
9	1	1	190	1907	1987
9	1	1	191	2135	2214
9	2	0	192	2384	2453
9	0	0	193	2453	2530
9	1	3	194	2585	2615
9	0	3	195	2673	2728


Solution History:
