This is the output of Heuristic Solver for Dual resource constrained flexible job shop Scheduling Problem.
Input file is: Dauzere_05a.txt
Method: TS_100000000_0.319530_5
Seed: 1
Number of Jobs: 10
Number of Operations: 196
Number of Machines: 5
Number of Operators: 4
CPU Time: 19.1807
obj: 2929
Best found lower bound:0
Solver gap (best found lower bound and upper bound difference): Not known


Final Solution:
Job	Machine	Operator	Operation	Start Time	Finish Time
0	2	0	0	208	247
0	2	2	1	347	412
0	4	3	2	425	457
0	3	2	3	498	519
0	4	3	4	782	877
0	4	3	5	877	910
0	4	3	6	910	975
0	4	3	7	975	1011
0	1	1	8	1069	1153
0	2	2	9	1172	1200
0	4	0	10	1339	1404
0	1	1	11	2135	2173
0	4	3	12	2303	2321
0	2	0	13	2500	2559
0	4	0	14	2559	2649
1	2	0	15	166	208
1	1	3	16	337	425
1	0	0	17	541	603
1	4	3	18	657	711
1	3	2	19	802	895
1	2	0	20	1031	1104
1	3	1	21	1153	1181
1	3	2	22	1200	1295
1	1	3	23	1349	1370
1	3	2	24	1498	1525
1	1	1	25	1745	1834
1	1	1	26	1856	1883
1	3	2	27	1925	2004
1	3	2	28	2330	2375
1	2	2	29	2378	2452
1	4	3	30	2452	2503
1	3	2	31	2507	2561
1	0	3	32	2628	2669
1	3	1	33	2673	2722
1	2	2	34	2766	2842
2	3	2	35	0	74
2	3	1	36	304	381
2	4	3	37	457	535
2	1	1	38	569	620
2	2	0	39	692	788
2	1	1	40	847	919
2	0	0	41	972	999
2	3	2	42	1008	1096
2	2	0	43	1493	1560
2	3	2	44	1640	1685
2	0	3	45	1698	1755
2	3	2	46	1827	1883
2	3	2	47	1883	1925
2	0	3	48	1948	2037
2	3	2	49	2053	2090
2	3	2	50	2090	2152
2	3	2	51	2152	2224
2	3	2	52	2261	2330
2	0	3	53	2330	2388
2	3	2	54	2473	2507
2	2	2	55	2633	2661
2	2	2	56	2661	2701
2	3	1	57	2797	2877
3	0	3	58	99	178
3	4	3	59	178	249
3	3	1	60	381	445
3	1	1	61	445	490
3	3	2	62	519	574
3	4	3	63	594	657
3	0	3	64	711	782
3	0	0	65	883	972
3	1	1	66	1035	1069
3	2	2	67	1104	1172
3	0	0	68	1606	1630
3	1	1	69	1684	1745
3	4	0	70	1953	1992
3	4	0	71	2038	2129
3	2	2	72	2224	2261
3	2	0	73	2302	2378
3	2	2	74	2585	2633
3	2	2	75	2701	2766
4	0	3	76	0	99
4	3	2	77	173	240
4	4	3	78	249	337
4	2	2	79	412	456
4	2	2	80	456	498
4	1	1	81	620	673
4	0	0	82	788	883
4	1	1	83	919	967
4	0	3	84	1370	1456
4	0	3	85	1456	1497
4	1	1	86	1512	1605
4	0	3	87	1755	1822
4	2	0	88	1859	1953
4	3	2	89	2004	2053
4	0	3	90	2099	2129
4	4	3	91	2129	2199
4	4	0	92	2204	2302
4	4	0	93	2378	2449
4	4	0	94	2649	2716
4	4	0	95	2716	2812
4	2	2	96	2842	2887
5	1	1	97	153	255
5	0	0	98	297	370
5	3	2	99	723	802
5	1	1	100	967	1035
5	4	3	101	1144	1171
5	4	3	102	1171	1204
5	2	0	103	1248	1283
5	3	1	104	1388	1421
5	1	1	105	1421	1512
5	4	3	106	1550	1633
5	4	3	107	1633	1698
5	0	3	108	2281	2303
5	1	1	109	2473	2559
5	4	0	110	2812	2853
5	4	0	111	2853	2919
6	4	0	112	0	41
6	3	2	113	74	173
6	3	2	114	240	274
6	3	2	115	969	1008
6	0	3	116	1207	1303
6	2	2	117	1303	1377
6	4	0	118	1404	1493
6	4	3	119	1497	1550
6	3	2	120	1602	1640
6	3	2	121	1685	1740
6	4	0	122	1768	1830
6	0	3	123	2037	2099
6	3	1	124	2380	2473
6	3	1	125	2561	2637
6	3	1	126	2722	2797
6	0	3	127	2857	2869
6	2	2	128	2887	2925
7	4	0	129	41	106
7	1	1	130	255	304
7	2	0	131	518	541
7	3	2	132	574	633
7	3	2	133	633	723
7	1	1	134	798	847
7	2	2	135	895	969
7	0	0	136	999	1031
7	0	0	137	1163	1207
7	4	0	138	1283	1339
7	3	1	139	1349	1388
7	3	2	140	1425	1498
7	0	0	141	1560	1606
7	2	0	142	1630	1702
7	4	0	143	1702	1768
7	3	2	144	1786	1827
7	2	0	145	1830	1859
7	1	1	146	1943	1976
7	4	0	147	1992	2038
7	1	1	148	2173	2259
7	1	3	149	2388	2448
7	4	3	150	2503	2544
7	1	3	151	2559	2628
7	1	3	152	2869	2898
7	0	3	153	2898	2928
8	1	1	154	0	64
8	2	0	155	106	166
8	2	2	156	274	347
8	0	0	157	370	411
8	0	0	158	411	452
8	1	1	159	490	569
8	1	1	160	673	719
8	1	1	161	719	798
8	4	3	162	1011	1070
8	4	3	163	1070	1144
8	2	0	164	1207	1248
8	1	1	165	1269	1349
8	2	2	166	1377	1425
8	3	2	167	1525	1602
8	2	2	168	1740	1786
8	1	1	169	1834	1856
8	1	1	170	1883	1943
8	1	1	171	2259	2353
8	2	2	172	2561	2585
8	3	1	173	2637	2673
8	0	3	174	2673	2766
8	1	3	175	2766	2857
8	3	1	176	2877	2929
9	1	1	177	64	153
9	0	0	178	247	297
9	0	0	179	452	518
9	4	3	180	535	594
9	2	0	181	603	632
9	2	0	182	632	692
9	0	0	183	1104	1163
9	1	1	184	1181	1269
9	0	3	185	1303	1347
9	1	1	186	1605	1684
9	0	3	187	1822	1869
9	4	3	188	1869	1905
9	0	3	189	1905	1948
9	1	1	190	1976	2056
9	1	1	191	2056	2135
9	2	0	192	2135	2204
9	0	3	193	2204	2281
9	1	1	194	2353	2380
9	0	0	195	2449	2500


Solution History:
