This is the output of Heuristic Solver for Dual resource constrained flexible job shop Scheduling Problem.
Input file is: Dauzere_09a.txt
Method: TS_100000000_1.126192_5
Seed: 4
Number of Jobs: 15
Number of Operations: 293
Number of Machines: 8
Number of Operators: 6
CPU Time: 67.5924
obj: 2884
Best found lower bound:0
Solver gap (best found lower bound and upper bound difference): Not known


Final Solution:
Job	Machine	Operator	Operation	Start Time	Finish Time
0	1	1	0	22	46
0	1	1	1	46	109
0	1	1	2	109	144
0	3	2	3	398	484
0	4	0	4	489	515
0	7	4	5	570	636
0	1	3	6	677	709
0	0	0	7	1015	1026
0	0	0	8	1143	1211
0	7	4	9	1379	1473
0	7	5	10	1497	1539
0	2	3	11	1539	1635
0	6	3	12	2052	2115
0	4	0	13	2273	2318
0	5	2	14	2793	2884
1	3	2	15	75	149
1	1	1	16	174	205
1	0	0	17	295	392
1	7	5	18	437	454
1	5	4	19	548	570
1	5	2	20	575	668
1	3	2	21	758	780
1	0	0	22	905	983
1	0	0	23	1042	1079
1	2	3	24	1135	1203
1	4	0	25	1211	1262
1	1	3	26	1635	1692
1	3	1	27	1774	1812
1	4	5	28	1963	2018
1	4	5	29	2093	2164
1	3	2	30	2317	2396
1	3	2	31	2396	2479
1	5	2	32	2586	2675
1	2	3	33	2679	2718
1	0	0	34	2718	2816
2	3	2	35	0	75
2	2	3	36	75	99
2	1	1	37	335	427
2	1	1	38	427	507
2	3	2	39	528	575
2	0	0	40	578	642
2	0	0	41	685	738
2	1	1	42	760	802
2	6	3	43	917	1012
2	6	3	44	1012	1048
2	1	1	45	1123	1185
2	2	3	46	1240	1311
2	4	5	47	1321	1383
2	2	3	48	1415	1471
2	6	4	49	1473	1505
2	3	1	50	1511	1536
2	1	1	51	1574	1616
2	4	5	52	1887	1963
2	1	1	53	1967	2045
2	7	4	54	2366	2436
2	3	1	55	2495	2567
2	7	4	56	2743	2787
2	0	0	57	2816	2878
3	4	0	58	131	194
3	6	4	59	211	282
3	7	5	60	454	552
3	2	3	61	809	837
3	4	0	62	1080	1143
3	0	0	63	1262	1285
3	7	5	64	1539	1603
3	7	5	65	1647	1683
3	6	3	66	1692	1791
3	2	3	67	1823	1854
3	0	0	68	1889	1971
3	7	4	69	2006	2046
3	7	4	70	2046	2109
3	1	1	71	2120	2215
3	4	5	72	2395	2467
3	4	5	73	2467	2561
3	4	5	74	2561	2608
3	2	3	75	2644	2679
4	5	4	76	62	118
4	6	4	77	118	211
4	4	0	78	252	295
4	7	5	79	350	437
4	3	2	80	484	528
4	7	5	81	695	792
4	4	5	82	792	861
4	5	2	83	904	1010
4	6	4	84	1065	1111
4	6	4	85	1176	1205
4	1	1	86	1256	1318
4	5	2	87	1318	1415
4	5	2	88	1415	1484
4	6	4	89	1625	1689
4	0	0	90	1725	1823
4	0	0	91	1971	2020
4	0	2	92	2185	2289
4	4	5	93	2326	2395
4	2	3	94	2405	2495
4	2	3	95	2572	2644
4	1	3	96	2857	2876
5	2	3	97	242	271
5	4	5	98	552	585
5	1	3	99	654	677
5	2	3	100	709	809
5	6	4	101	824	917
5	3	1	102	917	984
5	2	3	103	1203	1222
5	5	2	104	1225	1317
5	1	1	105	1538	1574
5	4	5	106	2018	2093
5	6	3	107	2115	2162
5	6	3	108	2162	2262
5	1	1	109	2265	2291
5	1	1	110	2291	2327
5	6	4	111	2650	2743
6	0	2	112	149	225
6	3	2	113	225	319
6	5	4	114	378	428
6	5	2	115	864	904
6	2	3	116	1048	1101
6	5	4	117	1111	1176
6	6	4	118	1220	1281
6	7	4	119	1281	1379
6	4	5	120	1423	1497
6	0	0	121	1587	1666
6	3	1	122	1729	1739
6	2	3	123	1791	1823
6	3	2	124	1836	1895
6	3	2	125	1895	1950
6	4	0	126	2254	2273
6	1	1	127	2404	2459
6	2	3	128	2718	2812
7	7	5	129	0	52
7	4	5	130	52	129
7	1	1	131	144	174
7	1	1	132	205	253
7	6	3	133	282	338
7	4	0	134	642	685
7	0	0	135	738	816
7	2	3	136	837	873
7	3	1	137	984	1055
7	3	2	138	1153	1225
7	4	5	139	1383	1423
7	0	0	140	1474	1491
7	6	4	141	1505	1539
7	3	1	142	1616	1661
7	7	4	143	1689	1786
7	0	0	144	1823	1889
7	6	4	145	1898	1938
7	7	4	146	1938	2006
7	1	1	147	2045	2069
7	7	4	148	2109	2134
7	5	4	149	2235	2301
7	5	2	150	2525	2586
7	1	1	151	2621	2689
7	5	2	152	2757	2793
7	2	3	153	2812	2857
8	1	1	154	253	335
8	6	3	155	338	383
8	1	1	156	507	596
8	1	1	157	596	650
8	3	1	158	650	725
8	1	1	159	725	760
8	5	2	160	780	864
8	2	3	161	873	916
8	7	4	162	988	1065
8	3	2	163	1110	1153
8	2	3	164	1222	1240
8	1	3	165	1471	1538
8	4	5	166	1683	1783
8	4	5	167	1783	1803
8	6	4	168	1862	1898
8	3	2	169	2055	2156
8	0	0	170	2318	2405
8	5	2	171	2479	2525
8	6	4	172	2563	2650
8	1	1	173	2689	2730
8	1	1	174	2730	2788
8	6	4	175	2788	2849
8	6	4	176	2849	2881
9	5	4	177	0	62
9	4	0	178	392	451
9	5	4	179	454	548
9	1	1	180	816	851
9	7	5	181	1080	1163
9	0	0	182	1353	1395
9	0	0	183	1395	1434
9	0	0	184	1434	1474
9	6	4	185	1539	1625
9	1	1	186	1812	1884
9	0	0	187	2020	2084
9	0	0	188	2084	2161
9	0	2	189	2161	2185
9	1	1	190	2215	2265
9	2	3	191	2265	2285
9	5	4	192	2301	2342
9	6	4	193	2342	2366
9	2	3	194	2495	2572
9	0	0	195	2615	2710
10	0	0	196	0	60
10	5	4	197	282	378
10	7	5	198	638	695
10	0	0	199	816	905
10	4	5	200	954	1017
10	4	5	201	1017	1080
10	7	5	202	1163	1258
10	6	3	203	1311	1363
10	5	2	204	1484	1572
10	3	1	205	1661	1729
10	5	2	206	1771	1819
10	2	3	207	1854	1950
10	3	2	208	1950	2043
10	6	3	209	2285	2321
10	1	1	210	2327	2404
10	0	0	211	2493	2511
10	0	0	212	2511	2574
10	7	5	213	2608	2626
10	4	5	214	2820	2883
11	0	0	215	60	84
11	2	3	216	99	190
11	2	3	217	383	409
11	2	3	218	409	499
11	0	0	219	525	578
11	4	5	220	585	638
11	3	1	221	851	914
11	0	0	222	1026	1042
11	1	1	223	1055	1123
11	1	1	224	1185	1256
11	0	0	225	1491	1538
11	4	0	226	1538	1587
11	3	1	227	1739	1774
11	5	2	228	1819	1836
11	1	1	229	1884	1967
11	5	2	230	2043	2055
11	5	4	231	2134	2235
11	3	2	232	2289	2317
11	2	3	233	2321	2405
11	1	1	234	2459	2495
11	0	0	235	2574	2615
12	0	0	236	84	131
12	4	0	237	194	252
12	6	4	238	636	698
12	6	4	239	764	824
12	2	3	240	1101	1135
12	3	1	241	1318	1418
12	3	1	242	1418	1511
12	4	5	243	1603	1647
12	0	0	244	1666	1725
12	4	5	245	1803	1887
12	6	3	246	1950	2052
12	4	0	247	2164	2254
12	7	4	248	2436	2529
12	3	2	249	2675	2739
12	5	2	250	2739	2757
12	3	1	251	2788	2883
13	6	3	252	0	72
13	7	5	253	129	205
13	7	5	254	205	307
13	7	5	255	307	350
13	6	3	256	499	559
13	2	3	257	559	623
13	2	3	258	623	654
13	5	2	259	668	758
13	1	1	260	802	816
13	4	5	261	861	876
13	7	4	262	917	988
13	0	0	263	1285	1353
13	5	2	264	1572	1612
13	5	2	265	1612	1682
13	7	4	266	1786	1862
13	1	1	267	2069	2120
14	1	1	268	0	22
14	2	3	269	190	242
14	3	2	270	319	398
14	6	4	271	428	454
14	0	0	272	454	489
14	4	0	273	515	525
14	6	4	274	698	745
14	6	4	275	745	764
14	4	5	276	876	954
14	0	0	277	983	1015
14	5	2	278	1015	1110
14	6	4	279	1205	1220
14	4	5	280	1262	1321
14	2	3	281	1363	1415
14	5	2	282	1682	1771
14	7	5	283	2164	2248
14	7	5	284	2248	2326
14	0	0	285	2405	2493
14	7	4	286	2529	2563
14	1	1	287	2567	2621
14	4	5	288	2626	2650
14	4	5	289	2650	2699
14	4	5	290	2699	2736
14	4	5	291	2736	2783
14	7	5	292	2787	2820


Solution History:
