This is the output of Heuristic Solver for Dual resource constrained flexible job shop Scheduling Problem.
Input file is: Mk04.txt
Method: TS_100000000_0.034831_5
Seed: 5
Number of Jobs: 15
Number of Operations: 90
Number of Machines: 8
Number of Operators: 6
CPU Time: 2.09201
obj: 98
Best found lower bound:0
Solver gap (best found lower bound and upper bound difference): Not known


Final Solution:
Job	Machine	Operator	Operation	Start Time	Finish Time
0	0	0	0	24	30
0	0	0	1	30	36
0	2	3	2	38	45
0	3	1	3	45	50
0	7	5	4	54	65
0	1	1	5	69	72
0	4	5	6	80	88
0	5	2	7	88	89
1	5	2	8	16	23
1	5	2	9	23	24
1	0	2	10	36	43
1	5	4	11	57	66
1	1	1	12	66	69
1	5	2	13	78	80
1	6	3	14	96	98
2	5	2	15	5	6
2	1	1	16	7	10
2	6	4	17	10	12
2	3	1	18	12	21
2	2	3	19	25	38
2	3	1	20	50	57
3	6	3	21	15	17
3	0	0	22	56	62
3	0	0	23	62	68
3	2	3	24	79	80
3	4	5	25	88	97
4	6	4	26	5	9
4	0	0	27	18	24
4	3	1	28	34	45
4	2	3	29	52	64
4	2	3	30	65	79
4	1	1	31	79	85
4	3	2	32	89	98
5	5	2	33	6	8
5	2	3	34	17	18
5	6	4	35	27	32
5	5	2	36	43	44
5	4	0	37	46	56
5	7	5	38	65	80
5	2	3	39	80	90
5	5	4	40	90	92
5	0	0	41	92	98
6	4	5	42	8	19
6	2	3	43	45	52
6	5	4	44	71	73
6	5	2	45	80	85
6	2	3	46	90	94
7	4	5	47	0	8
7	5	2	48	9	16
7	1	1	49	21	30
7	5	4	50	32	37
7	5	4	51	37	41
7	6	4	52	41	53
8	0	0	53	0	6
8	0	0	54	12	18
8	3	2	55	24	34
8	7	5	56	42	54
8	3	2	57	57	63
8	5	4	58	73	75
8	6	4	59	75	79
8	0	0	60	83	90
8	1	1	61	90	93
9	4	0	62	41	46
9	0	2	63	46	56
9	6	4	64	66	71
9	3	2	65	71	78
9	6	4	66	79	90
10	2	3	67	6	15
10	0	0	68	68	74
10	1	1	69	74	77
10	3	1	70	85	87
11	3	1	71	0	2
11	5	4	72	2	5
11	0	0	73	6	12
11	2	3	74	18	25
11	7	5	75	30	42
11	6	3	76	94	96
12	5	2	77	0	2
12	2	3	78	2	6
12	5	2	79	8	9
12	4	5	80	19	30
13	4	0	81	36	41
13	5	4	82	53	57
13	3	2	83	63	71
14	3	1	84	2	7
14	6	4	85	12	15
14	7	4	86	15	27
14	1	1	87	30	33
14	6	3	88	64	65
14	0	0	89	74	83


Solution History:
