This is the output of Heuristic Solver for Dual resource constrained flexible job shop Scheduling Problem.
Input file is: Mk06.txt
Method: TS_100000000_0.207787_5
Seed: 3
Number of Jobs: 10
Number of Operations: 150
Number of Machines: 15
Number of Operators: 8
CPU Time: 12.4722
obj: 110
Best found lower bound:0
Solver gap (best found lower bound and upper bound difference): Not known


Final Solution:
Job	Machine	Operator	Operation	Start Time	Finish Time
0	5	2	0	0	3
0	0	0	1	3	5
0	8	6	2	5	10
0	7	4	3	10	15
0	6	4	4	15	22
0	1	1	5	26	31
0	5	4	6	41	46
0	8	3	7	46	47
0	9	7	8	47	55
0	4	5	9	61	67
0	6	1	10	67	69
0	3	6	11	74	80
0	9	0	12	80	82
0	6	1	13	89	94
0	0	0	14	94	95
1	0	0	15	0	3
1	8	3	16	3	4
1	0	0	17	5	6
1	1	3	18	6	13
1	3	6	19	13	25
1	0	7	20	25	30
1	9	0	21	30	32
1	4	5	22	40	46
1	2	2	23	57	64
1	2	2	24	64	72
1	0	0	25	76	80
1	0	7	26	80	84
1	0	0	27	85	86
1	5	4	28	89	98
1	8	6	29	98	101
2	7	5	30	0	5
2	4	5	31	5	14
2	9	7	32	14	22
2	6	1	33	22	24
2	1	1	34	24	25
2	8	3	35	26	36
2	0	0	36	38	40
2	6	1	37	47	55
2	9	7	38	55	62
2	6	1	39	62	67
2	1	1	40	71	79
2	3	6	41	80	86
2	8	6	42	86	93
2	0	0	43	96	97
2	2	2	44	97	108
3	5	2	45	3	8
3	8	6	46	10	13
3	1	1	47	15	20
3	1	1	48	20	21
3	6	4	49	24	30
3	9	7	50	32	41
3	2	2	51	42	57
3	0	0	52	61	66
3	8	3	53	67	70
3	0	0	54	72	73
3	5	2	55	73	83
3	0	0	56	84	85
3	9	7	57	85	91
3	4	5	58	95	104
3	9	7	59	104	107
4	9	7	60	0	4
4	0	0	61	8	9
4	0	0	62	9	10
4	0	0	63	13	21
4	6	1	64	34	42
4	1	3	65	42	45
4	5	4	66	46	50
4	6	1	67	55	60
4	6	1	68	60	62
4	0	0	69	66	68
4	8	3	70	70	71
4	4	5	71	77	83
4	8	6	72	93	98
4	0	0	73	100	103
4	6	1	74	103	105
5	6	1	75	2	10
5	0	0	76	10	13
5	4	5	77	14	20
5	0	0	78	21	25
5	8	3	79	25	26
5	3	6	80	26	40
5	0	0	81	40	42
5	1	3	82	50	57
5	9	7	83	62	69
5	6	1	84	69	71
5	0	0	85	75	76
5	2	2	86	83	93
5	0	0	87	97	99
5	0	0	88	99	100
5	9	7	89	100	103
6	0	0	90	6	7
6	9	7	91	7	12
6	2	2	92	13	27
6	0	0	93	32	35
6	7	5	94	35	40
6	0	7	95	42	47
6	1	3	96	47	50
6	8	6	97	50	56
6	8	6	98	56	61
6	0	0	99	68	72
6	0	0	100	73	75
6	6	4	101	75	83
6	4	5	102	83	89
6	6	1	103	94	99
6	8	6	104	101	106
7	8	3	105	4	5
7	8	3	106	13	19
7	4	5	107	20	34
7	0	0	108	35	36
7	5	4	109	36	41
7	8	6	110	41	44
7	9	0	111	44	46
7	0	0	112	49	53
7	0	0	113	53	61
7	5	4	114	61	67
7	7	5	115	67	77
7	6	4	116	83	89
7	9	7	117	91	100
7	1	3	118	100	103
7	4	5	119	104	110
8	6	1	120	0	2
8	0	0	121	7	8
8	6	1	122	10	15
8	8	3	123	19	20
8	1	1	124	25	26
8	6	4	125	30	34
8	0	0	126	36	38
8	9	0	127	42	44
8	1	3	128	57	66
8	9	7	129	69	78
8	8	3	130	82	83
8	8	3	131	83	86
8	4	5	132	89	95
8	7	4	133	98	104
8	5	4	134	104	110
9	7	4	135	5	10
9	5	2	136	10	13
9	9	0	137	25	27
9	2	2	138	27	42
9	6	1	139	42	47
9	0	0	140	47	49
9	4	5	141	49	61
9	8	6	142	61	67
9	8	6	143	71	74
9	8	3	144	74	82
9	1	3	145	86	95
9	0	0	146	95	96
9	1	3	147	96	100
9	6	1	148	100	102
9	0	0	149	103	108


Solution History:
