This is the output of Heuristic Solver for Dual resource constrained flexible job shop Scheduling Problem.
Input file is: Mk10.txt
Method: TS_100000000_1.667800_5
Seed: 4
Number of Jobs: 20
Number of Operations: 240
Number of Machines: 15
Number of Operators: 8
CPU Time: 100.08
obj: 316
Best found lower bound:0
Solver gap (best found lower bound and upper bound difference): Not known


Final Solution:
Job	Machine	Operator	Operation	Start Time	Finish Time
0	5	2	0	44	49
0	5	2	1	54	65
0	1	3	2	76	85
0	8	3	3	127	137
0	6	1	4	143	155
0	0	0	5	182	190
0	7	5	6	190	199
0	2	2	7	206	214
0	9	7	8	225	236
0	9	7	9	236	243
0	6	1	10	262	267
0	9	7	11	281	290
1	5	2	12	22	33
1	9	0	13	33	42
1	5	2	14	49	54
1	0	0	15	55	64
1	2	2	16	65	77
1	3	2	17	77	88
1	0	7	18	107	125
1	2	2	19	140	154
1	1	1	20	155	164
1	8	6	21	193	201
1	2	2	22	214	220
1	8	3	23	237	247
1	4	5	24	257	268
2	2	7	25	13	23
2	1	1	26	31	45
2	0	0	27	90	97
2	5	4	28	130	141
2	0	0	29	154	163
2	9	7	30	164	172
2	2	7	31	182	193
2	8	6	32	201	212
2	4	5	33	248	257
2	2	2	34	267	279
2	1	3	35	300	309
3	4	5	36	0	10
3	2	7	37	23	34
3	4	5	38	46	68
3	1	3	39	85	93
3	9	0	40	127	135
3	5	4	41	141	153
3	2	2	42	193	206
3	5	4	43	227	239
3	1	1	44	240	248
3	1	1	45	253	262
3	3	6	46	274	286
4	5	2	47	0	11
4	9	0	48	13	18
4	6	4	49	20	32
4	5	4	50	85	102
4	2	2	51	102	115
4	0	7	52	137	147
4	4	5	53	170	175
4	1	1	54	181	186
4	9	7	55	203	215
4	8	3	56	228	237
4	0	0	57	245	257
4	0	7	58	258	270
4	9	7	59	290	305
4	2	2	60	308	316
5	8	3	61	7	16
5	0	7	62	34	45
5	8	6	63	45	56
5	1	3	64	93	101
5	6	1	65	124	135
5	0	0	66	163	172
5	5	2	67	173	184
5	1	1	68	186	191
5	6	1	69	191	196
5	2	2	70	220	228
5	4	5	71	288	303
6	1	3	72	54	63
6	5	4	73	71	85
6	0	0	74	97	106
6	9	0	75	107	115
6	7	0	76	144	154
6	8	3	77	155	164
6	6	4	78	168	176
6	4	5	79	199	208
6	9	7	80	215	225
6	4	5	81	233	248
6	3	6	82	248	262
6	4	5	83	276	288
6	2	2	84	288	294
6	0	0	85	305	312
7	7	0	86	0	13
7	9	0	87	18	31
7	6	4	88	32	41
7	1	1	89	45	54
7	9	0	90	64	73
7	8	6	91	98	113
7	2	2	92	115	129
7	3	6	93	156	164
7	3	6	94	164	178
7	0	0	95	224	233
7	5	4	96	261	268
7	2	2	97	279	288
7	9	7	98	305	316
8	6	4	99	41	55
8	6	1	100	55	60
8	8	6	101	60	73
8	9	0	102	73	78
8	9	7	103	78	88
8	1	3	104	137	147
8	3	2	105	184	192
8	9	7	106	193	203
8	3	6	107	212	223
8	1	1	108	235	240
8	0	0	109	270	282
9	9	7	110	0	6
9	4	5	111	10	25
9	1	3	112	69	76
9	8	6	113	85	98
9	9	0	114	115	127
9	0	7	115	127	137
9	9	7	116	147	158
9	2	2	117	160	173
9	5	4	118	208	215
9	6	1	119	215	230
9	3	6	120	262	274
9	8	3	121	309	316
10	3	6	122	11	23
10	6	1	123	84	92
10	3	2	124	92	100
10	9	7	125	158	164
10	4	5	126	175	190
10	0	0	127	190	199
10	1	3	128	207	217
10	1	3	129	217	228
10	8	3	130	247	254
10	2	2	131	302	308
11	5	2	132	11	22
11	4	5	133	25	46
11	9	7	134	57	64
11	3	6	135	146	156
11	4	5	136	160	165
11	1	1	137	170	176
11	6	4	138	176	187
11	1	1	139	230	235
11	9	0	140	258	265
11	9	7	141	270	281
11	0	0	142	295	305
12	6	4	143	0	7
12	1	1	144	19	31
12	3	6	145	34	45
12	6	1	146	60	68
12	8	6	147	73	85
12	2	7	148	88	95
12	1	3	149	101	109
12	6	1	150	110	124
12	2	2	151	129	140
12	8	3	152	264	271
12	7	4	153	284	293
13	1	1	154	8	19
13	8	3	155	31	41
13	0	7	156	64	77
13	1	3	157	109	116
13	4	5	158	165	170
13	4	5	159	218	233
13	9	7	160	243	250
13	2	2	161	261	267
13	1	1	162	267	273
13	6	1	163	289	304
14	8	3	164	0	7
14	4	5	165	68	89
14	8	6	166	113	123
14	3	6	167	123	135
14	9	7	168	172	182
14	0	0	169	199	210
14	6	1	170	210	215
14	5	4	171	215	227
14	9	7	172	250	258
14	6	4	173	268	284
14	5	4	174	293	299
14	4	5	175	303	314
15	6	4	176	7	20
15	4	5	177	89	110
15	1	3	178	116	127
15	3	6	179	135	146
15	1	3	180	147	155
15	4	5	181	155	160
15	1	1	182	164	170
15	8	6	183	180	193
15	4	5	184	208	218
15	5	4	185	239	250
15	8	3	186	254	264
15	1	1	187	278	289
15	2	2	188	294	302
15	5	4	189	302	314
16	3	6	190	0	11
16	9	7	191	45	57
16	7	4	192	57	71
16	5	4	193	102	116
16	5	4	194	116	130
16	4	5	195	146	155
16	7	0	196	172	182
16	12	3	197	182	193
16	5	4	198	199	208
16	0	0	199	210	224
16	2	2	200	228	237
16	1	1	201	273	278
16	8	6	202	286	301
17	3	6	203	23	34
17	0	0	204	78	90
17	9	0	205	135	144
17	5	4	206	153	168
17	1	1	207	176	181
17	1	3	208	193	207
17	2	2	209	237	249
17	5	4	210	250	261
17	8	3	211	271	286
17	1	3	212	289	300
17	3	6	213	301	316
18	1	1	214	0	8
18	5	2	215	33	44
18	7	0	216	44	55
18	6	1	217	68	84
18	6	1	218	92	110
18	4	5	219	128	146
18	2	2	220	154	160
18	8	3	221	171	180
18	5	4	222	187	199
18	0	0	223	233	245
18	6	1	224	248	253
18	4	5	225	268	276
18	6	1	226	304	315
19	2	7	227	6	13
19	8	3	228	16	31
19	12	3	229	41	52
19	1	3	230	63	69
19	9	7	231	95	107
19	4	5	232	110	128
19	6	1	233	135	143
19	8	3	234	164	171
19	6	1	235	196	207
19	3	6	236	223	233
19	3	6	237	233	247
19	2	2	238	249	261
19	0	0	239	282	295


Solution History:
