This is the output of Heuristic Solver for Dual resource constrained flexible job shop Scheduling Problem.
Input file is: Mk10.txt
Method: TS_100000000_1.545907_5
Seed: 3
Number of Jobs: 20
Number of Operations: 240
Number of Machines: 15
Number of Operators: 8
CPU Time: 92.7661
obj: 317
Best found lower bound:0
Solver gap (best found lower bound and upper bound difference): Not known


Final Solution:
Job	Machine	Operator	Operation	Start Time	Finish Time
0	5	2	0	0	5
0	6	1	1	24	35
0	1	3	2	61	70
0	8	3	3	92	102
0	0	0	4	106	116
0	3	6	5	123	134
0	1	3	6	146	155
0	8	3	7	155	168
0	9	7	8	230	241
0	9	0	9	241	246
0	6	1	10	254	259
0	9	7	11	296	305
1	6	1	12	13	24
1	7	4	13	25	44
1	5	2	14	50	55
1	0	0	15	60	69
1	2	2	16	82	94
1	3	6	17	111	123
1	2	2	18	123	138
1	2	2	19	138	152
1	7	0	20	193	204
1	8	3	21	225	232
1	2	2	22	233	239
1	9	0	23	251	256
1	4	5	24	265	276
2	4	5	25	0	8
2	0	0	26	41	53
2	0	0	27	53	60
2	5	4	28	69	80
2	0	7	29	152	160
2	9	7	30	191	199
2	2	7	31	199	210
2	8	6	32	211	222
2	4	5	33	241	250
2	2	2	34	251	263
2	1	3	35	305	314
3	3	2	36	19	30
3	2	7	37	31	42
3	4	5	38	65	87
3	1	1	39	92	100
3	9	7	40	127	133
3	5	4	41	154	166
3	2	2	42	178	191
3	5	4	43	197	209
3	1	3	44	217	225
3	7	4	45	283	293
3	7	4	46	293	305
4	5	2	47	30	41
4	8	6	48	78	89
4	9	7	49	98	111
4	5	4	50	137	154
4	2	2	51	165	178
4	0	0	52	183	193
4	12	3	53	199	210
4	1	1	54	212	217
4	9	7	55	218	230
4	8	3	56	239	248
4	0	0	57	262	274
4	0	0	58	274	286
4	3	6	59	286	299
4	2	2	60	308	316
5	8	3	61	0	9
5	0	0	62	13	20
5	8	6	63	35	46
5	1	3	64	53	61
5	6	4	65	120	130
5	0	0	66	136	145
5	6	1	67	164	175
5	1	1	68	175	180
5	6	4	69	241	249
5	4	5	70	250	255
5	4	5	71	295	310
6	1	3	72	28	37
6	5	2	73	55	66
6	0	0	74	69	78
6	9	7	75	111	117
6	8	3	76	118	125
6	8	3	77	125	134
6	6	1	78	156	164
6	7	0	79	167	183
6	0	0	80	204	217
6	4	5	81	226	241
6	3	6	82	246	260
6	12	3	83	266	284
6	2	2	84	302	308
6	0	0	85	308	315
7	7	0	86	0	13
7	5	4	87	13	25
7	6	1	88	35	43
7	1	3	89	44	53
7	9	7	90	57	68
7	8	3	91	102	118
7	0	0	92	118	136
7	6	1	93	151	156
7	3	6	94	167	181
7	9	7	95	183	191
7	1	3	96	192	199
7	2	2	97	263	272
7	9	7	98	285	296
8	6	1	99	43	57
8	6	1	100	73	78
8	7	5	101	108	121
8	9	0	102	152	157
8	9	7	103	166	176
8	3	6	104	181	198
8	3	2	105	198	206
8	3	6	106	222	235
8	3	6	107	235	246
8	5	2	108	272	277
8	0	0	109	296	308
9	9	7	110	0	6
9	4	5	111	8	23
9	1	3	112	37	44
9	8	6	113	46	59
9	9	7	114	68	78
9	9	7	115	78	87
9	9	7	116	87	98
9	2	2	117	109	122
9	5	4	118	130	137
9	2	2	119	239	251
9	4	5	120	255	265
9	8	3	121	291	298
10	9	7	122	6	17
10	6	1	123	57	65
10	3	2	124	66	74
10	9	7	125	160	166
10	4	5	126	201	216
10	0	0	127	217	226
10	1	1	128	230	242
10	1	3	129	248	259
10	8	3	130	259	266
10	2	2	131	277	283
11	9	7	132	42	57
11	4	5	133	87	108
11	9	7	134	133	140
11	3	6	135	143	153
11	4	5	136	173	178
11	1	1	137	180	186
11	6	1	138	200	212
11	1	1	139	225	230
11	0	0	140	256	262
11	9	7	141	274	285
11	0	0	142	286	296
12	6	1	143	65	73
12	1	3	144	81	92
12	3	6	145	100	111
12	6	4	146	111	120
12	8	3	147	134	146
12	2	2	148	159	165
12	5	4	149	166	174
12	6	1	150	186	200
12	2	2	151	210	221
12	8	3	152	284	291
12	1	3	153	298	305
13	1	1	154	0	11
13	8	6	155	69	78
13	0	0	156	92	106
13	1	1	157	113	121
13	4	5	158	153	158
13	4	5	159	158	173
13	9	7	160	176	183
13	2	2	161	191	197
13	1	1	162	242	248
13	6	4	163	267	283
14	8	6	164	11	22
14	4	5	165	23	44
14	8	6	166	59	69
14	3	2	167	74	82
14	9	7	168	117	127
14	3	6	169	134	143
14	6	1	170	146	151
14	5	4	171	185	197
14	9	7	172	210	218
14	2	2	173	221	233
14	5	4	174	261	267
14	4	5	175	276	287
15	6	4	176	0	13
15	4	5	177	44	65
15	1	3	178	70	81
15	3	6	179	89	100
15	1	1	180	105	113
15	4	5	181	121	126
15	1	1	182	126	132
15	8	3	183	168	183
15	4	5	184	216	226
15	5	4	185	230	241
15	9	0	186	246	251
15	1	1	187	271	282
15	2	2	188	283	291
15	5	4	189	305	317
16	3	2	190	11	19
16	9	7	191	19	31
16	7	4	192	44	58
16	6	1	193	78	92
16	5	4	194	95	109
16	4	5	195	126	135
16	7	0	196	157	167
16	4	5	197	178	183
16	5	4	198	221	230
16	0	7	199	241	254
16	9	7	200	256	274
16	1	1	201	282	287
16	2	2	202	291	302
17	3	6	203	0	11
17	0	0	204	20	32
17	9	0	205	32	41
17	5	4	206	80	95
17	1	1	207	121	126
17	1	1	208	132	146
17	3	6	209	153	167
17	5	4	210	174	185
17	8	6	211	198	211
17	1	1	212	259	271
17	3	6	213	299	314
18	1	3	214	11	19
18	1	3	215	19	28
18	7	4	216	58	69
18	0	0	217	78	92
18	2	2	218	94	109
18	4	5	219	135	153
18	2	2	220	153	159
18	8	3	221	183	192
18	5	4	222	209	221
18	0	0	223	226	238
18	6	1	224	249	254
18	4	5	225	287	295
18	9	7	226	305	317
19	2	2	227	5	11
19	8	6	228	22	35
19	2	2	229	42	50
19	1	1	230	100	105
19	9	7	231	140	152
19	4	5	232	183	201
19	6	1	233	217	225
19	8	3	234	232	239
19	5	4	235	249	261
19	3	6	236	261	271
19	3	6	237	271	285
19	6	1	238	287	302
19	6	1	239	302	317


Solution History:
