This is the output of Heuristic Solver for Dual resource constrained flexible job shop Scheduling Problem.
Input file is: wfjsp5_6.txt
Method: TS_100000000_0.047922_5
Seed: 5
Number of Jobs: 10
Number of Operations: 63
Number of Machines: 5
Number of Operators: 5
CPU Time: 2.8766
obj: 769
Best found lower bound:0
Solver gap (best found lower bound and upper bound difference): Not known


Final Solution:
Job	Machine	Operator	Operation	Start Time	Finish Time
0	4	0	0	13	87
0	3	3	1	139	180
0	1	4	2	180	241
0	4	0	3	262	304
0	3	3	4	304	393
0	2	0	5	465	554
0	3	3	6	562	590
0	1	2	7	590	616
0	2	0	8	646	732
1	0	4	9	73	86
1	3	3	10	393	475
2	0	4	11	0	73
2	4	0	12	87	120
2	0	1	13	182	220
2	1	4	14	241	300
2	0	1	15	323	408
2	1	2	16	423	504
2	2	0	17	554	646
2	3	4	18	734	762
3	4	2	19	139	185
3	2	0	20	205	259
3	2	2	21	262	304
3	2	2	22	304	386
4	3	2	23	59	139
4	2	0	24	139	205
4	0	1	25	283	323
4	0	4	26	423	455
4	2	0	27	455	465
4	1	2	28	504	577
4	3	3	29	603	687
4	1	1	30	697	748
5	2	2	31	13	28
5	2	3	32	44	138
5	4	2	33	185	262
5	4	0	34	304	341
5	0	4	35	562	638
5	3	3	36	687	727
5	0	3	37	734	759
6	1	1	38	0	86
6	1	4	39	86	124
6	1	4	40	124	174
6	1	4	41	300	346
6	1	4	42	357	423
6	4	1	43	423	507
6	4	1	44	507	595
6	4	1	45	595	643
6	0	4	46	643	734
6	2	0	47	734	769
7	3	3	48	0	44
7	3	2	49	44	59
7	0	1	50	86	182
7	3	3	51	267	296
7	1	4	52	346	357
7	4	0	53	357	404
7	3	4	54	475	562
7	3	3	55	590	603
7	1	2	56	616	697
7	4	2	57	697	761
8	0	1	58	220	283
8	2	0	59	404	452
8	0	3	60	475	560
9	2	0	61	0	13
9	3	3	62	180	267


Solution History:
