This is the output of Heuristic Solver for Dual resource constrained flexible job shop Scheduling Problem.
Input file is: wfjsp11_9.txt
Method: TS_100000000_0.289125_5
Seed: 4
Number of Jobs: 20
Number of Operations: 214
Number of Machines: 10
Number of Operators: 10
CPU Time: 17.3621
obj: 1206
Best found lower bound:0
Solver gap (best found lower bound and upper bound difference): Not known


Final Solution:
Job	Machine	Operator	Operation	Start Time	Finish Time
0	1	2	0	36	123
0	9	7	1	123	172
0	8	5	2	251	323
0	2	8	3	323	380
0	9	7	4	380	406
0	2	2	5	474	552
0	4	8	6	561	618
0	0	1	7	642	661
0	6	7	8	706	766
0	8	8	9	771	834
0	7	1	10	849	951
0	1	2	11	957	1045
0	7	1	12	1057	1132
1	9	2	13	0	36
1	6	6	14	278	302
1	5	4	15	302	361
1	4	3	16	361	374
1	9	5	17	629	730
1	3	0	18	774	793
1	7	9	19	793	812
1	7	9	20	812	849
1	5	2	21	854	896
1	4	3	22	951	961
2	6	6	23	0	22
2	6	6	24	22	47
2	6	0	25	139	202
2	7	9	26	294	348
2	5	4	27	361	459
2	1	6	28	471	561
2	5	4	29	690	782
2	9	5	30	828	883
2	7	1	31	998	1057
3	2	3	32	0	58
3	2	2	33	163	237
3	2	3	34	266	279
3	7	9	35	348	429
3	8	7	36	888	927
4	8	9	37	0	19
4	7	2	38	123	134
4	4	3	39	144	205
4	5	7	40	474	531
4	9	7	41	940	1021
5	1	1	42	0	21
5	1	9	43	222	241
5	8	7	44	552	571
5	0	1	45	602	642
5	1	7	46	649	694
5	6	7	47	766	829
5	8	8	48	834	879
5	5	9	49	1042	1061
6	4	8	50	205	299
6	1	2	51	299	329
6	0	1	52	373	431
6	3	7	53	573	599
6	7	9	54	716	741
6	4	1	55	752	816
6	3	0	56	838	918
6	7	4	57	1185	1201
7	6	0	58	108	139
7	1	9	59	139	222
7	5	7	60	227	271
7	2	3	61	279	315
7	1	2	62	329	400
7	9	1	63	472	527
7	5	2	64	552	610
7	8	3	65	647	709
7	1	2	66	765	778
7	1	2	67	778	786
7	4	1	68	816	849
7	5	2	69	896	957
7	7	1	70	957	978
7	9	5	71	1092	1128
7	0	8	72	1138	1171
8	6	6	73	47	108
8	3	6	74	108	212
8	7	2	75	237	294
8	4	3	76	315	348
8	4	8	77	380	453
8	2	3	78	552	602
8	3	0	79	611	665
8	7	9	80	768	793
8	2	8	81	951	997
8	0	4	82	1044	1078
8	9	5	83	1078	1092
8	2	6	84	1092	1148
8	2	6	85	1148	1197
9	7	5	86	0	92
9	4	8	87	92	144
9	2	2	88	144	163
9	9	5	89	183	204
9	6	0	90	204	278
9	2	2	91	422	458
9	3	5	92	489	573
9	2	4	93	602	690
9	1	2	94	786	837
9	1	2	95	837	849
9	2	3	96	921	951
9	3	0	97	974	1032
9	4	3	98	1032	1099
10	3	0	99	0	98
10	5	9	100	105	135
10	7	4	101	135	204
10	3	6	102	212	257
10	1	9	103	257	276
10	8	5	104	323	419
10	6	0	105	447	501
10	2	3	106	709	770
10	0	6	107	770	851
10	2	3	108	851	860
10	2	3	109	860	921
10	3	0	110	921	974
10	2	8	111	1055	1072
10	8	3	112	1129	1206
11	9	4	113	36	123
11	5	7	114	202	227
11	0	4	115	272	300
11	8	5	116	419	489
11	8	3	117	489	546
11	7	5	118	573	629
11	9	5	119	730	764
11	2	3	120	770	795
11	6	7	121	829	888
11	6	6	122	957	1014
12	0	4	123	204	272
12	0	1	124	300	373
12	6	6	125	386	447
12	9	1	126	447	472
12	0	4	127	472	519
12	5	7	128	531	552
12	5	2	129	610	690
12	1	2	130	694	765
12	4	4	131	863	949
12	8	5	132	972	1040
12	8	9	133	1070	1129
12	1	9	134	1141	1176
12	1	9	135	1176	1199
13	4	8	136	0	17
13	4	8	137	17	73
13	5	8	138	144	202
13	0	9	139	851	873
13	5	2	140	1141	1198
14	8	5	141	92	183
14	3	0	142	278	351
14	3	0	143	351	395
14	7	9	144	458	532
14	1	6	145	561	649
14	0	1	146	661	704
14	2	3	147	795	826
14	1	6	148	851	888
14	6	6	149	888	957
14	4	3	150	961	1024
14	3	7	151	1032	1090
14	7	1	152	1152	1185
14	9	1	153	1185	1199
15	0	1	154	21	96
15	2	3	155	237	266
15	9	7	156	280	372
15	2	2	157	400	422
15	7	9	158	429	458
15	0	6	159	458	471
15	6	0	160	501	596
15	3	0	161	665	721
15	3	0	162	721	774
15	0	9	163	873	888
15	5	9	164	957	1042
15	6	0	165	1042	1130
15	4	7	166	1145	1201
16	5	7	167	0	87
16	9	1	168	204	280
16	3	3	169	395	489
16	0	4	170	519	590
16	8	9	171	590	647
16	6	6	172	649	706
16	0	6	173	706	764
16	3	0	174	793	838
16	9	5	175	883	940
16	8	5	176	940	972
16	2	8	177	997	1055
16	0	4	178	1078	1138
16	7	4	179	1138	1152
16	3	0	180	1152	1205
17	8	9	181	19	89
17	5	7	182	89	105
17	0	1	183	105	203
17	9	1	184	527	602
17	3	3	185	602	611
17	7	9	186	647	716
17	8	8	187	716	771
17	5	4	188	782	854
17	4	4	189	854	863
17	1	9	190	888	944
17	7	1	191	978	998
17	6	6	192	1014	1040
17	8	5	193	1040	1070
17	3	7	194	1090	1145
17	0	8	195	1171	1204
18	6	6	196	302	386
18	7	9	197	532	565
18	4	8	198	618	687
18	4	1	199	704	752
18	7	9	200	752	768
18	9	5	201	768	828
18	0	8	202	888	942
18	0	4	203	949	1044
18	1	2	204	1045	1141
18	6	5	205	1141	1206
19	2	3	206	58	142
19	8	5	207	204	251
19	1	7	208	406	465
19	5	2	209	465	474
19	4	8	210	474	561
19	6	7	211	599	625
19	5	8	212	1072	1127
19	9	4	213	1152	1181


Solution History:
