This is the output of Heuristic Solver for Dual resource constrained flexible job shop Scheduling Problem.
Input file is: wfjsp10_3.txt
Method: TS_100000000_0.130362_5
Seed: 3
Number of Jobs: 20
Number of Operations: 168
Number of Machines: 10
Number of Operators: 10
CPU Time: 7.82844
obj: 964
Best found lower bound:0
Solver gap (best found lower bound and upper bound difference): Not known


Final Solution:
Job	Machine	Operator	Operation	Start Time	Finish Time
0	0	5	0	0	72
0	5	5	1	286	301
0	5	5	2	301	316
0	8	0	3	318	396
0	6	8	4	452	524
0	1	3	5	551	629
0	6	7	6	631	708
0	1	3	7	779	818
0	1	3	8	818	918
1	4	0	9	0	17
1	5	4	10	46	109
1	3	4	11	319	418
1	3	4	12	418	436
1	9	9	13	456	558
1	8	2	14	560	662
1	4	8	15	849	878
1	7	6	16	907	959
2	9	7	17	0	17
2	1	3	18	197	284
2	6	7	19	373	385
2	8	2	20	396	424
2	3	4	21	436	484
2	2	1	22	528	620
2	8	2	23	662	731
2	8	2	24	731	758
2	8	2	25	758	833
2	9	9	26	837	938
3	5	6	27	0	9
3	7	4	28	9	43
3	4	3	29	284	390
3	8	2	30	424	462
3	3	8	31	679	710
3	0	1	32	737	803
3	8	2	33	833	896
3	8	2	34	896	964
4	9	9	35	56	160
4	4	0	36	189	281
4	5	2	37	360	378
4	2	1	38	435	463
4	0	5	39	499	568
4	9	9	40	572	587
4	3	8	41	589	614
4	5	6	42	688	742
4	4	0	43	792	833
4	3	5	44	862	917
5	4	0	45	17	110
5	5	5	46	110	184
5	5	5	47	184	260
5	0	5	48	269	286
5	5	5	49	316	332
5	9	8	50	332	386
5	2	7	51	463	528
5	3	8	52	551	589
5	9	9	53	589	612
5	9	5	54	679	732
6	6	9	55	0	29
6	9	7	56	29	56
6	8	2	57	56	130
6	7	4	58	130	205
6	6	7	59	205	301
6	8	2	60	462	560
6	0	5	61	603	613
6	1	3	62	670	731
6	2	7	63	748	849
7	8	1	64	0	39
7	7	8	65	76	105
7	8	1	66	130	191
7	3	4	67	205	247
7	1	3	68	436	508
7	0	5	69	593	603
7	0	9	70	613	713
8	0	2	71	130	195
8	2	1	72	406	435
8	7	4	73	623	698
8	2	7	74	719	748
8	6	1	75	849	912
8	1	3	76	918	932
9	1	8	77	46	76
9	2	7	78	83	95
9	4	0	79	110	189
9	9	9	80	229	312
9	6	7	81	312	373
9	7	6	82	414	430
9	7	6	83	430	464
9	9	9	84	558	572
10	1	6	85	120	197
10	8	8	86	204	252
10	8	8	87	252	288
10	1	3	88	414	436
10	5	4	89	489	523
10	6	8	90	736	790
10	5	6	91	798	850
10	7	6	92	883	907
10	2	7	93	932	961
11	2	6	94	46	83
11	3	3	95	89	166
11	6	8	96	170	204
11	2	1	97	204	280
11	0	9	98	360	456
11	7	6	99	464	560
11	6	7	100	570	631
11	1	3	101	631	670
11	7	4	102	698	794
11	2	7	103	849	932
12	1	6	104	9	46
12	1	6	105	83	96
12	6	8	106	105	170
12	2	6	107	287	328
12	2	5	108	332	406
12	4	0	109	406	502
12	4	0	110	502	615
12	2	1	111	620	719
12	3	3	112	731	778
12	5	6	113	850	883
13	3	3	114	166	189
13	1	8	115	288	331
13	7	1	116	365	404
13	6	8	117	442	452
13	9	8	118	614	679
13	5	4	119	883	960
14	1	1	120	101	120
14	9	9	121	160	229
14	3	4	122	247	285
14	8	0	123	288	318
14	5	5	124	406	489
14	4	0	125	738	792
14	6	8	126	792	849
15	6	1	127	39	101
15	0	2	128	195	269
15	1	6	129	331	414
15	3	3	130	526	551
15	4	0	131	615	681
15	0	9	132	713	737
15	9	5	133	737	799
16	5	2	134	9	46
16	0	5	135	72	99
16	0	2	136	286	360
16	6	8	137	386	442
16	0	1	138	463	499
16	5	4	139	523	575
16	5	4	140	575	623
16	6	8	141	710	736
16	3	1	142	803	840
16	0	0	143	862	958
17	7	1	144	287	365
17	3	3	145	508	526
17	0	5	146	568	593
17	5	6	147	623	688
17	5	6	148	742	798
17	0	5	149	803	862
18	3	3	150	0	52
18	2	7	151	95	141
18	3	4	152	285	319
18	7	6	153	560	620
18	4	0	154	681	738
18	1	9	155	738	779
18	9	9	156	799	837
18	4	8	157	878	901
18	6	8	158	912	948
19	2	8	159	0	41
19	3	3	160	52	89
19	2	7	161	141	200
19	7	6	162	205	287
19	9	7	163	386	452
19	6	7	164	528	570
19	3	5	165	614	670
19	7	4	166	794	879
19	3	5	167	917	945


Solution History:
