This is the output of Heuristic Solver for Dual resource constrained flexible job shop Scheduling Problem.
Input file is: wfjsp12_9.txt
Method: TS_100000000_0.330500_5
Seed: 3
Number of Jobs: 25
Number of Operations: 188
Number of Machines: 10
Number of Operators: 10
CPU Time: 19.8447
obj: 1014
Best found lower bound:0
Solver gap (best found lower bound and upper bound difference): Not known


Final Solution:
Job	Machine	Operator	Operation	Start Time	Finish Time
0	4	7	0	123	195
0	1	9	1	205	244
0	1	2	2	686	753
0	9	7	3	774	829
0	9	3	4	867	896
1	6	3	5	66	153
1	6	3	6	153	212
1	3	8	7	212	234
1	5	8	8	234	289
1	3	2	9	290	351
1	4	9	10	369	453
1	2	5	11	770	862
1	9	3	12	896	983
2	2	0	13	165	207
2	2	0	14	275	296
2	9	3	15	352	409
2	4	2	16	503	518
2	2	4	17	651	734
2	2	5	18	750	770
2	6	3	19	842	867
2	5	2	20	883	918
3	9	9	21	34	73
3	7	6	22	786	797
3	5	1	23	823	842
3	5	1	24	842	864
3	8	9	25	883	942
3	2	0	26	954	1005
4	1	8	27	108	203
4	7	2	28	351	428
4	8	0	29	517	593
4	8	0	30	593	649
4	7	5	31	957	1013
5	2	5	32	217	273
5	0	4	33	322	388
5	7	2	34	428	441
5	6	7	35	674	755
5	1	2	36	755	788
5	9	7	37	829	849
5	1	9	38	849	863
5	1	1	39	864	922
6	7	3	40	0	66
6	5	2	41	104	195
6	4	7	42	238	259
6	9	1	43	277	296
6	0	9	44	303	322
6	4	9	45	332	369
6	4	2	46	453	503
6	7	9	47	535	600
6	4	9	48	641	689
6	5	5	49	730	750
7	7	4	50	163	247
7	6	4	51	247	283
7	1	6	52	397	460
7	9	1	53	486	519
7	2	6	54	519	545
7	2	7	55	586	651
7	0	4	56	766	837
7	8	2	57	870	883
7	9	3	58	983	1012
8	8	7	59	0	91
8	8	6	60	93	142
8	7	6	61	308	343
8	0	8	62	462	538
8	0	8	63	538	594
8	6	5	64	594	663
8	4	0	65	691	770
8	5	9	66	864	878
9	2	5	67	0	8
9	4	6	68	61	93
9	2	4	69	401	461
9	9	7	70	651	674
9	6	5	71	867	898
10	9	9	72	0	34
10	9	5	73	73	134
10	0	6	74	163	249
10	0	9	75	249	303
10	5	5	76	485	513
10	1	2	77	547	615
10	8	0	78	649	691
10	0	6	79	866	920
10	3	1	80	922	947
10	4	9	81	950	991
11	1	2	82	0	34
11	1	1	83	34	49
11	8	5	84	275	331
11	9	9	85	600	641
11	7	2	86	797	870
12	1	8	87	56	108
12	9	9	88	183	205
12	3	2	89	268	290
12	7	9	90	453	535
12	2	4	91	547	586
12	9	8	92	685	774
13	2	0	93	8	83
13	2	0	94	119	165
13	5	2	95	195	205
13	6	4	96	283	318
13	8	0	97	331	387
13	6	1	98	411	486
13	1	8	99	922	1014
14	9	9	100	155	183
14	8	0	101	217	275
14	6	3	102	318	352
14	2	7	103	376	401
14	0	8	104	594	685
14	2	5	105	902	954
14	5	4	106	957	1012
15	7	9	107	73	155
15	3	2	108	243	252
15	9	7	109	519	577
15	4	6	110	577	631
15	3	3	111	656	672
15	6	3	112	755	842
15	4	0	113	850	950
16	6	1	114	0	25
16	3	1	115	93	125
16	8	5	116	142	217
16	1	6	117	249	308
16	3	1	118	351	408
16	2	6	119	461	490
16	2	6	120	490	512
16	3	3	121	597	656
16	6	7	122	902	959
17	4	6	123	0	61
17	3	1	124	125	197
17	7	3	125	247	308
17	2	0	126	308	330
17	2	7	127	332	376
17	0	8	128	444	462
17	3	3	129	502	597
17	5	5	130	663	730
17	3	8	131	774	860
17	3	8	132	860	922
18	3	8	133	0	56
18	3	1	134	56	93
18	6	7	135	212	238
18	3	2	136	252	268
18	1	6	137	343	397
18	9	7	138	409	466
18	6	7	139	486	511
18	6	5	140	528	584
18	0	1	141	685	763
19	0	4	142	0	65
19	2	0	143	83	119
19	5	5	144	411	485
19	7	9	145	701	786
19	2	7	146	862	902
19	0	6	147	976	1012
20	4	7	148	93	123
20	9	1	149	205	277
20	6	5	150	352	411
20	5	1	151	519	577
20	7	4	152	600	628
20	2	4	153	734	748
20	5	1	154	763	823
20	0	4	155	837	866
20	7	4	156	870	957
20	4	9	157	991	1014
21	5	2	158	205	232
21	3	2	159	234	243
21	4	7	160	259	332
21	0	8	161	388	444
21	3	3	162	446	502
21	6	5	163	513	528
21	7	6	164	631	701
21	4	0	165	770	850
21	8	7	166	959	1012
22	0	4	167	65	163
22	5	8	168	289	371
22	1	4	169	461	547
22	1	2	170	615	686
22	8	6	171	701	772
22	6	1	172	959	1011
23	5	2	173	34	104
23	3	3	174	409	446
23	1	9	175	788	848
23	5	2	176	918	950
23	3	2	177	950	1014
24	9	1	178	296	351
24	5	8	179	371	385
24	8	0	180	387	440
24	8	0	181	440	517
24	4	2	182	518	532
24	5	1	183	577	656
24	3	3	184	672	755
24	3	4	185	755	766
24	8	6	186	797	860
24	0	6	187	920	976


Solution History:
