This is the output of Heuristic Solver for Dual resource constrained flexible job shop Scheduling Problem.
Input file is: wfjsp13_1.txt
Method: TS_100000000_0.711038_5
Seed: 1
Number of Jobs: 25
Number of Operations: 248
Number of Machines: 15
Number of Operators: 15
CPU Time: 42.6828
obj: 895
Best found lower bound:0
Solver gap (best found lower bound and upper bound difference): Not known


Final Solution:
Job	Machine	Operator	Operation	Start Time	Finish Time
0	7	5	0	207	278
0	4	1	1	278	299
0	7	8	2	355	404
0	4	14	3	424	517
0	9	12	4	517	593
0	13	14	5	603	659
0	1	4	6	660	739
0	10	13	7	739	767
0	5	12	8	798	837
0	5	10	9	843	879
0	6	10	10	879	889
1	10	10	11	0	15
1	10	14	12	21	37
1	1	8	13	43	99
1	8	13	14	104	159
1	8	12	15	188	245
1	1	3	16	338	359
1	8	4	17	475	485
1	0	3	18	516	567
1	8	2	19	578	620
1	4	14	20	774	867
2	4	1	21	125	215
2	13	9	22	339	386
2	12	12	23	412	490
2	14	6	24	577	589
2	6	1	25	600	634
2	7	5	26	664	690
2	10	3	27	690	717
2	14	8	28	728	786
2	3	8	29	786	867
3	4	10	30	45	85
3	11	0	31	265	319
3	2	13	32	450	532
3	3	8	33	558	603
3	14	8	34	715	728
3	2	13	35	774	815
3	6	5	36	819	847
3	11	12	37	857	894
4	7	5	38	0	74
4	5	9	39	112	180
4	14	6	40	266	298
4	0	10	41	343	439
4	1	3	42	448	475
4	12	4	43	528	584
4	9	12	44	593	606
4	2	13	45	815	829
5	5	1	46	20	101
5	14	7	47	101	112
5	13	2	48	112	121
5	10	7	49	121	166
5	10	7	50	166	248
5	1	4	51	263	280
5	4	4	52	299	364
5	2	5	53	384	440
5	12	4	54	490	528
5	6	12	55	634	676
5	3	0	56	692	782
5	14	0	57	849	893
6	11	6	58	74	161
6	8	12	59	245	300
6	6	0	60	399	424
6	7	8	61	430	486
6	14	1	62	486	505
6	2	13	63	532	569
6	4	9	64	603	686
6	12	12	65	749	781
6	5	6	66	781	798
7	3	12	67	39	89
7	1	4	68	125	179
7	14	11	69	366	427
7	3	6	70	446	491
7	7	12	71	491	515
7	3	6	72	515	558
7	13	9	73	558	593
7	3	8	74	603	646
7	13	2	75	754	803
8	10	14	76	37	120
8	12	2	77	122	201
8	2	9	78	207	280
8	3	7	79	356	442
8	10	0	80	450	531
8	11	11	81	532	570
8	10	0	82	580	597
8	10	0	83	597	615
8	3	5	84	646	654
8	7	9	85	690	762
9	6	8	86	0	37
9	13	2	87	47	74
9	13	2	88	74	91
9	3	5	89	91	125
9	0	3	90	158	207
9	4	1	91	215	230
9	4	1	92	230	276
9	2	14	93	688	774
10	5	12	94	0	20
10	3	12	95	20	39
10	8	13	96	44	104
10	14	1	97	112	125
10	11	6	98	161	265
10	14	6	99	298	366
10	14	8	100	660	715
10	14	0	101	807	849
11	1	4	102	179	263
11	7	8	103	278	355
11	0	11	104	439	478
11	1	8	105	486	551
11	2	13	106	569	588
11	14	6	107	589	628
11	1	8	108	646	660
11	12	13	109	664	739
11	1	4	110	739	803
12	9	7	111	0	76
12	7	11	112	177	200
12	14	11	113	248	266
12	3	7	114	281	356
12	5	6	115	366	385
12	13	9	116	386	475
12	0	7	117	577	664
12	6	10	118	676	689
12	2	13	119	829	853
13	8	13	120	0	19
13	7	11	121	89	177
13	3	8	122	204	261
13	6	1	123	320	399
13	1	3	124	399	448
13	6	5	125	448	493
13	6	1	126	505	546
13	10	0	127	615	641
13	2	14	128	664	688
13	0	7	129	783	870
14	8	13	130	19	44
14	1	8	131	99	125
14	14	11	132	205	248
14	10	7	133	248	264
14	0	11	134	266	307
14	12	2	135	323	401
14	8	4	136	412	475
14	7	5	137	515	557
14	5	10	138	557	647
14	5	1	139	647	687
14	4	10	140	689	765
14	1	4	141	803	881
15	4	11	142	0	45
15	6	0	143	47	126
15	2	5	144	126	207
15	0	14	145	214	266
15	6	5	146	282	320
15	11	0	147	320	386
15	5	10	148	471	551
15	1	5	149	557	641
15	13	2	150	659	700
15	11	2	151	700	754
15	7	9	152	762	817
15	12	6	153	838	893
16	14	0	154	0	47
16	14	11	155	47	89
16	9	12	156	89	128
16	9	14	157	128	214
16	8	12	158	300	342
16	9	6	159	385	446
16	4	14	160	517	603
16	9	6	161	630	705
17	0	14	162	0	21
17	12	10	163	21	38
17	6	10	164	126	170
17	8	13	165	170	188
17	3	7	166	264	281
17	5	9	167	281	339
17	5	14	168	385	424
17	5	0	169	424	448
17	2	13	170	588	664
17	9	3	171	717	802
17	3	5	172	867	889
18	13	2	173	0	47
18	12	4	174	47	122
18	6	10	175	170	250
18	6	10	176	250	282
18	12	2	177	285	323
18	4	4	178	364	411
18	14	7	179	506	541
18	12	4	180	584	660
18	8	1	181	687	735
18	10	10	182	767	843
18	10	3	183	854	882
19	14	0	184	126	205
19	2	14	185	280	373
19	8	12	186	373	412
19	7	8	187	412	430
19	9	7	188	446	506
19	14	7	189	541	577
19	7	11	190	577	664
19	13	7	191	700	746
19	6	5	192	749	771
19	6	5	193	771	819
19	7	9	194	819	890
20	2	9	195	0	89
20	5	9	196	101	112
20	3	8	197	125	204
20	9	3	198	214	275
20	10	10	199	282	343
20	14	1	200	427	465
20	13	9	201	475	549
20	10	0	202	641	690
20	6	12	203	690	749
20	11	11	204	754	782
20	11	11	205	782	857
20	0	14	206	870	894
21	1	4	207	0	43
21	2	10	208	89	116
21	13	13	209	188	249
21	0	11	210	307	327
21	11	2	211	401	476
21	11	2	212	476	496
21	8	2	213	496	578
21	9	12	214	606	630
21	5	6	215	705	781
21	12	12	216	781	798
21	9	3	217	802	854
21	9	11	218	857	895
22	11	3	219	0	74
22	13	12	220	128	176
22	5	0	221	205	254
22	13	13	222	254	336
22	0	3	223	478	516
22	10	0	224	531	580
22	11	3	225	580	683
22	14	0	226	786	807
22	13	2	227	807	890
23	0	6	228	21	74
23	9	3	229	275	329
23	8	13	230	342	361
23	10	13	231	361	450
23	11	11	232	496	532
23	6	1	233	546	600
23	8	2	234	620	655
23	0	11	235	664	742
23	0	7	236	746	783
23	12	6	237	798	817
23	8	1	238	838	889
24	0	3	239	74	158
24	12	2	240	201	285
24	9	3	241	329	338
24	9	5	242	338	384
24	5	10	243	448	471
24	3	7	244	664	692
24	8	1	245	735	820
24	8	6	246	820	838
24	2	13	247	853	895


Solution History:
