This is the output of Heuristic Solver for Dual resource constrained flexible job shop Scheduling Problem.
Input file is: wfjsp15_7.txt
Method: TS_100000000_2.312733_5
Seed: 2
Number of Jobs: 30
Number of Operations: 386
Number of Machines: 15
Number of Operators: 15
CPU Time: 138.808
obj: 1350
Best found lower bound:0
Solver gap (best found lower bound and upper bound difference): Not known


Final Solution:
Job	Machine	Operator	Operation	Start Time	Finish Time
0	6	7	0	61	136
0	9	14	1	364	377
0	9	4	2	431	471
0	2	0	3	480	575
0	1	6	4	581	608
0	3	2	5	649	690
0	3	2	6	690	718
0	1	10	7	731	769
0	0	9	8	804	814
0	2	10	9	856	891
0	10	8	10	893	986
0	9	13	11	997	1068
0	7	9	12	1199	1272
1	7	9	13	0	51
1	2	4	14	137	174
1	3	2	15	190	211
1	14	8	16	313	386
1	13	12	17	502	578
1	13	3	18	578	645
1	14	12	19	645	712
1	14	14	20	712	791
1	11	10	21	807	833
1	14	14	22	881	894
1	8	7	23	967	1040
1	11	14	24	1080	1095
1	7	13	25	1127	1192
1	2	4	26	1192	1207
1	4	10	27	1268	1349
2	10	7	28	0	43
2	9	0	29	226	254
2	6	3	30	280	352
2	1	3	31	352	425
2	12	11	32	485	551
2	3	2	33	551	563
2	2	8	34	575	658
2	10	8	35	660	732
2	9	7	36	763	786
2	8	11	37	841	864
2	8	0	38	904	946
2	3	2	39	969	1034
2	3	10	40	1096	1163
2	6	14	41	1163	1257
2	8	11	42	1265	1350
3	13	3	43	0	34
3	9	13	44	139	167
3	5	13	45	184	220
3	2	1	46	221	306
3	4	14	47	384	446
3	8	0	48	575	631
3	10	0	49	732	786
3	10	10	50	786	806
3	7	2	51	859	895
3	4	0	52	1199	1268
4	6	12	53	35	61
4	14	12	54	69	82
4	3	2	55	132	190
4	9	13	56	262	333
4	10	4	57	338	375
4	6	1	58	404	443
4	13	7	59	484	502
4	6	7	60	518	542
4	6	7	61	542	581
4	6	1	62	581	636
4	8	0	63	671	728
4	14	14	64	894	984
4	12	5	65	994	1053
4	1	2	66	1079	1155
4	11	5	67	1264	1344
5	14	1	68	0	69
5	3	13	69	398	463
5	5	8	70	548	571
5	11	7	71	581	630
5	11	5	72	630	691
5	9	7	73	691	763
5	0	1	74	875	919
5	11	12	75	936	960
5	6	1	76	991	1030
5	13	9	77	1093	1159
5	6	4	78	1282	1322
6	6	13	79	0	32
6	3	6	80	43	123
6	14	12	81	123	135
6	10	8	82	135	151
6	1	6	83	198	251
6	7	9	84	251	273
6	10	8	85	283	313
6	3	10	86	333	398
6	5	2	87	403	462
6	9	14	88	635	690
6	1	1	89	952	963
6	5	14	90	991	1079
6	5	13	91	1079	1109
6	2	1	92	1154	1190
7	4	10	93	99	119
7	4	10	94	131	166
7	0	5	95	180	263
7	10	8	96	263	274
7	7	10	97	274	330
7	8	12	98	330	345
7	7	9	99	351	412
7	10	4	100	587	660
7	2	0	101	787	815
7	10	4	102	815	893
7	13	6	103	959	1005
7	5	13	104	1233	1266
7	14	12	105	1283	1348
8	13	6	106	123	166
8	6	1	107	193	221
8	1	6	108	269	323
8	10	4	109	375	408
8	10	3	110	431	467
8	4	3	111	467	480
8	6	14	112	491	518
8	5	12	113	578	616
8	1	3	114	645	718
8	5	13	115	747	803
8	2	0	116	1036	1114
8	7	13	117	1114	1127
8	1	2	118	1283	1337
9	9	13	119	32	72
9	11	14	120	184	220
9	14	12	121	220	310
9	3	2	122	563	606
9	6	1	123	636	719
9	9	14	124	791	881
9	2	10	125	952	1036
9	8	7	126	1040	1076
9	0	5	127	1203	1241
9	5	13	128	1266	1280
10	11	5	129	0	31
10	14	12	130	82	120
10	4	6	131	166	182
10	5	14	132	283	333
10	11	7	133	333	410
10	0	8	134	415	424
10	2	0	135	441	480
10	5	13	136	480	548
10	8	7	137	1123	1185
10	14	8	138	1201	1271
11	2	7	139	43	57
11	0	9	140	84	119
11	10	8	141	207	258
11	11	7	142	283	331
11	8	12	143	345	416
11	14	12	144	416	486
11	2	4	145	660	709
11	11	10	146	709	731
11	4	11	147	738	822
11	14	8	148	986	1080
11	14	12	149	1080	1114
11	11	5	150	1114	1191
11	13	3	151	1228	1299
11	10	8	152	1299	1316
11	13	8	153	1316	1350
12	9	14	154	0	27
12	0	9	155	56	84
12	12	11	156	106	174
12	2	0	157	399	441
12	12	10	158	582	661
12	5	13	159	686	717
12	2	3	160	718	787
12	5	13	161	803	886
12	5	13	162	886	960
12	6	1	163	1030	1092
12	0	11	164	1109	1203
12	10	10	165	1203	1224
12	2	7	166	1224	1255
12	3	2	167	1272	1281
12	12	7	168	1282	1347
13	13	4	169	174	248
13	1	6	170	251	269
13	12	5	171	269	302
13	0	1	172	306	321
13	9	13	173	333	363
13	9	11	174	384	417
13	0	8	175	424	482
13	5	13	176	616	643
13	7	9	177	685	706
13	8	12	178	728	766
13	12	7	179	797	860
13	4	9	180	1006	1032
13	1	3	181	1059	1071
13	11	6	182	1194	1238
13	2	14	183	1257	1350
14	3	6	184	0	24
14	13	4	185	69	119
14	6	1	186	137	193
14	10	2	187	274	283
14	13	6	188	327	407
14	12	5	189	416	485
14	11	9	190	488	559
14	12	5	191	860	934
14	7	13	192	962	997
14	6	1	193	1092	1154
15	0	0	194	0	56
15	4	10	195	56	99
15	7	9	196	132	169
15	11	7	197	410	484
15	14	14	198	518	575
15	6	4	199	797	810
15	13	6	200	887	959
15	11	12	201	960	1003
15	0	0	202	1006	1031
15	3	9	203	1034	1093
15	9	0	204	1127	1187
15	1	12	205	1194	1222
15	9	1	206	1265	1347
16	8	12	207	0	35
16	10	3	208	43	55
16	12	11	209	55	98
16	12	11	210	98	106
16	4	9	211	119	131
16	9	11	212	174	226
16	0	0	213	263	304
16	0	1	214	321	404
16	10	4	215	530	567
16	14	12	216	1114	1145
16	3	10	217	1163	1183
17	8	0	218	56	141
17	8	7	219	141	220
17	11	7	220	220	283
17	13	6	221	407	481
17	3	2	222	493	550
17	7	8	223	732	811
17	2	8	224	815	856
17	1	10	225	891	952
17	4	0	226	952	1006
17	11	12	227	1006	1080
17	10	6	228	1080	1153
17	14	12	229	1153	1191
17	3	2	230	1191	1272
17	7	9	231	1272	1349
18	8	11	232	226	323
18	1	3	233	498	577
18	4	11	234	664	738
18	3	2	235	751	774
18	8	12	236	774	841
18	11	12	237	841	936
18	12	5	238	936	994
18	10	4	239	994	1080
18	2	0	240	1114	1127
18	10	2	241	1155	1185
18	10	10	242	1224	1240
18	6	7	243	1257	1282
18	5	13	244	1282	1349
19	7	2	245	58	132
19	7	9	246	169	241
19	10	4	247	471	507
19	8	1	248	541	575
19	5	13	249	643	686
19	11	5	250	735	807
19	1	3	251	827	876
19	4	11	252	876	905
19	0	1	253	919	931
19	5	1	254	963	991
19	7	11	255	1000	1043
19	4	2	256	1043	1079
19	8	8	257	1080	1095
19	12	4	258	1096	1191
19	8	1	259	1191	1265
20	2	4	260	0	38
20	10	8	261	67	101
20	11	5	262	101	180
20	12	10	263	180	262
20	6	14	264	352	364
20	6	13	265	364	391
20	8	11	266	444	484
20	7	10	267	498	531
20	0	5	268	531	610
20	0	9	269	706	769
20	0	5	270	1053	1109
20	5	8	271	1109	1201
20	2	7	272	1207	1215
21	1	3	273	67	119
21	1	3	274	119	198
21	12	5	275	360	416
21	10	4	276	567	587
21	12	5	277	699	735
21	7	2	278	895	962
21	13	6	279	1005	1077
21	4	9	280	1162	1199
21	1	12	281	1222	1283
21	3	0	282	1283	1345
22	12	11	283	0	46
22	9	13	284	72	139
22	0	8	285	151	172
22	13	4	286	248	327
22	3	2	287	463	493
22	4	6	288	529	581
22	13	6	289	660	725
22	14	1	290	791	859
22	8	0	291	875	887
22	3	9	292	887	969
22	4	3	293	1079	1162
22	12	4	294	1207	1270
22	6	4	295	1322	1335
23	11	5	296	31	88
23	4	3	297	198	280
23	7	9	298	333	351
23	14	8	299	401	415
23	8	8	300	484	541
23	14	14	301	575	635
23	12	10	302	661	699
23	6	1	303	719	732
23	6	1	304	732	786
23	1	3	305	787	827
23	7	10	306	833	851
23	6	8	307	856	885
23	8	0	308	887	904
23	4	11	309	905	938
23	0	11	310	938	1000
24	8	14	311	35	44
24	13	4	312	44	69
24	10	8	313	101	135
24	5	14	314	220	283
24	10	0	315	313	338
24	9	1	316	471	536
24	7	10	317	536	582
24	7	9	318	582	608
24	7	9	319	608	685
24	3	2	320	718	751
24	0	9	321	769	804
24	4	9	322	822	876
24	9	11	323	1205	1260
24	0	6	324	1260	1336
25	14	12	325	135	192
25	14	12	326	192	218
25	4	2	327	283	341
25	4	11	328	341	384
25	1	10	329	425	498
25	12	11	330	551	579
25	0	6	331	610	660
25	13	6	332	811	887
25	1	3	333	963	1038
25	13	3	334	1162	1228
26	4	10	335	0	53
26	2	8	336	174	196
26	3	9	337	273	333
26	14	8	338	386	401
26	10	4	339	408	431
26	6	14	340	446	491
26	0	5	341	491	529
26	3	2	342	606	649
26	3	2	343	774	859
26	9	7	344	881	958
27	5	2	345	0	58
27	2	1	346	69	137
27	6	13	347	221	250
27	6	13	348	250	262
27	2	0	349	338	399
27	1	12	350	616	639
27	13	6	351	725	811
27	6	4	352	893	968
27	1	3	353	1038	1059
27	9	7	354	1076	1123
27	2	14	355	1127	1142
27	9	7	356	1187	1205
27	5	13	357	1205	1233
27	11	10	358	1240	1264
27	10	3	359	1316	1334
28	1	8	360	0	67
28	5	14	361	91	184
28	12	5	362	302	360
28	5	2	363	360	391
28	5	2	364	391	403
28	7	9	365	412	488
28	10	4	366	507	530
28	9	13	367	548	616
28	8	7	368	631	671
28	12	4	369	735	797
28	0	0	370	815	875
28	2	3	371	891	949
28	8	7	372	958	967
28	7	11	373	1043	1107
28	1	6	374	1155	1194
29	3	6	375	24	43
29	5	14	376	58	77
29	5	14	377	77	91
29	10	0	378	151	207
29	3	2	379	211	273
29	5	2	380	341	352
29	8	11	381	417	444
29	4	6	382	481	529
29	4	11	383	581	664
29	5	13	384	717	747
29	12	10	385	1053	1096


Solution History:
