This is the output of Heuristic Solver for Dual resource constrained flexible job shop Scheduling Problem.
Input file is: wfjsp10_1.txt
Method: TS_100000000_0.047646_5
Seed: 3
Number of Jobs: 20
Number of Operations: 150
Number of Machines: 10
Number of Operators: 10
CPU Time: 2.86422
obj: 810
Best found lower bound:0
Solver gap (best found lower bound and upper bound difference): Not known


Final Solution:
Job	Machine	Operator	Operation	Start Time	Finish Time
0	8	6	0	26	109
0	2	0	1	232	253
0	4	5	2	256	300
0	1	7	3	351	434
0	0	2	4	631	712
1	1	0	5	0	55
1	4	1	6	107	186
1	4	1	7	186	222
1	5	2	8	267	309
1	3	4	9	338	377
1	3	3	10	453	462
1	2	1	11	607	623
1	5	6	12	719	733
1	6	8	13	769	810
2	3	5	14	0	71
2	5	2	15	71	121
2	8	7	16	121	146
2	1	4	17	146	154
2	7	0	18	172	228
2	0	8	19	583	623
2	1	7	20	634	717
3	6	8	21	78	160
3	6	0	22	278	324
3	7	0	23	324	407
3	0	8	24	461	475
3	4	5	25	616	649
3	9	9	26	670	694
4	5	3	27	26	51
4	1	4	28	78	131
4	3	3	29	131	214
4	9	9	30	257	296
4	1	7	31	296	351
4	8	5	32	404	505
4	6	6	33	546	599
5	5	6	34	0	13
5	5	2	35	121	173
5	3	3	36	233	255
5	8	5	37	338	368
5	9	9	38	383	451
5	7	1	39	451	521
5	2	0	40	521	559
5	7	0	41	622	712
5	0	0	42	733	756
6	2	2	43	0	61
6	2	0	44	61	74
6	4	1	45	95	107
6	6	4	46	160	236
6	6	6	47	236	245
6	5	2	48	258	267
6	7	1	49	407	449
6	1	1	50	525	602
7	5	6	51	13	26
7	7	7	52	26	94
7	9	9	53	451	511
7	2	0	54	559	607
7	3	4	55	729	772
8	0	8	56	177	263
8	6	1	57	324	362
8	0	8	58	378	461
8	8	4	59	626	701
8	0	0	60	712	733
8	4	3	61	734	810
9	8	0	62	154	172
9	3	3	63	255	299
9	2	6	64	330	413
9	1	6	65	434	472
9	6	6	66	528	546
9	4	5	67	572	616
9	2	1	68	623	677
9	6	8	69	698	769
9	8	5	70	769	807
10	7	6	71	109	136
10	9	9	72	144	185
10	1	7	73	241	278
10	0	8	74	339	378
10	8	4	75	505	558
10	9	9	76	582	655
10	7	7	77	717	806
11	9	9	78	0	75
11	0	5	79	75	177
11	5	2	80	177	258
11	6	1	81	362	404
11	2	0	82	502	519
11	0	8	83	565	583
11	1	0	84	607	616
12	8	4	85	256	333
12	3	4	86	377	416
12	3	3	87	416	453
12	1	7	88	508	525
12	4	5	89	540	572
12	3	3	90	602	651
12	9	9	91	655	670
12	1	0	92	758	804
13	9	9	93	75	144
13	2	6	94	154	176
13	3	3	95	214	233
13	7	1	96	233	308
13	7	1	97	308	321
13	5	2	98	321	405
13	0	8	99	475	547
13	3	3	100	553	602
13	2	2	101	712	750
14	4	1	102	0	95
14	9	9	103	185	257
14	3	5	104	300	338
14	6	6	105	472	528
14	0	8	106	547	565
14	7	7	107	580	622
14	2	1	108	677	692
15	6	4	109	0	78
15	2	6	110	176	232
15	0	8	111	263	339
15	9	9	112	357	383
15	5	2	113	455	476
15	9	9	114	511	582
15	1	6	115	616	634
15	5	6	116	634	719
15	9	9	117	719	806
16	0	8	118	0	12
16	3	3	119	71	96
16	3	3	120	96	115
16	4	3	121	300	387
16	2	4	122	416	470
16	5	3	123	476	553
16	8	4	124	558	626
16	6	8	125	659	698
16	1	1	126	717	758
16	3	4	127	772	808
17	8	7	128	0	26
17	1	7	129	154	241
17	6	0	130	253	278
17	2	2	131	476	500
17	6	8	132	623	659
18	0	8	133	12	28
18	0	8	134	28	68
18	2	0	135	74	154
18	9	9	136	296	357
18	8	5	137	368	404
18	4	0	138	407	502
18	4	2	139	502	540
18	5	2	140	553	631
18	3	5	141	651	729
18	2	2	142	750	802
19	8	5	143	177	256
19	2	6	144	256	330
19	5	2	145	405	455
19	1	7	146	472	508
19	7	7	147	525	580
19	4	3	148	651	734
19	5	6	149	734	806


Solution History:
