This is the output of Heuristic Solver for Dual resource constrained flexible job shop Scheduling Problem.
Input file is: wfjsp15_8.txt
Method: TS_100000000_3.054917_5
Seed: 4
Number of Jobs: 30
Number of Operations: 373
Number of Machines: 15
Number of Operators: 15
CPU Time: 183.345
obj: 1355
Best found lower bound:0
Solver gap (best found lower bound and upper bound difference): Not known


Final Solution:
Job	Machine	Operator	Operation	Start Time	Finish Time
0	0	6	0	0	29
0	11	14	1	50	114
0	4	12	2	114	142
0	6	5	3	197	265
0	6	4	4	325	393
0	3	8	5	407	467
0	9	2	6	468	529
0	8	3	7	663	676
0	4	12	8	1225	1274
0	8	12	9	1274	1322
1	12	1	10	38	64
1	4	2	11	298	387
1	4	12	12	387	395
1	14	0	13	401	480
1	6	10	14	505	526
1	1	12	15	575	628
1	7	6	16	632	710
1	2	10	17	858	885
1	9	5	18	954	1020
1	5	4	19	1029	1071
1	5	7	20	1071	1110
1	6	5	21	1122	1160
1	13	2	22	1191	1245
2	4	12	23	27	81
2	8	10	24	225	293
2	10	9	25	404	483
2	1	12	26	507	575
2	2	11	27	575	642
2	3	14	28	661	728
2	10	1	29	740	827
2	12	7	30	872	944
2	3	0	31	999	1059
2	1	14	32	1089	1142
2	9	1	33	1142	1187
2	7	8	34	1189	1283
3	3	8	35	0	82
3	5	8	36	146	175
3	5	8	37	255	283
3	1	12	38	308	381
3	7	5	39	395	408
3	6	2	40	529	605
3	8	8	41	632	663
3	1	12	42	778	788
3	2	10	43	807	858
3	6	5	44	906	945
3	10	10	45	962	1012
3	4	9	46	1030	1136
3	11	12	47	1185	1222
3	12	7	48	1232	1274
3	2	11	49	1299	1351
4	1	2	50	0	75
4	0	13	51	75	87
4	4	12	52	87	102
4	6	4	53	113	151
4	7	0	54	208	263
4	8	8	55	293	308
4	10	10	56	321	389
4	7	6	57	469	518
4	4	12	58	628	695
4	3	11	59	858	903
4	1	2	60	941	1025
4	13	2	61	1057	1116
5	2	3	62	28	53
5	1	1	63	133	151
5	8	13	64	156	203
5	9	7	65	203	270
5	6	11	66	456	470
5	3	5	67	470	489
5	9	2	68	735	781
5	10	0	69	833	887
5	2	10	70	887	941
5	6	4	71	999	1014
5	12	11	72	1047	1111
5	6	5	73	1274	1317
5	6	5	74	1317	1347
6	9	4	75	39	68
6	12	2	76	187	219
6	2	9	77	268	325
6	5	10	78	389	437
6	5	10	79	437	463
6	8	8	80	547	621
6	14	13	81	692	717
6	1	2	82	877	941
6	8	14	83	973	1038
6	14	6	84	1049	1134
6	1	3	85	1154	1250
7	9	5	86	0	39
7	0	13	87	87	156
7	11	3	88	378	433
7	8	4	89	435	513
7	6	2	90	605	656
7	1	12	91	709	778
7	0	14	92	782	854
7	3	8	93	910	980
7	12	2	94	1026	1047
7	10	4	95	1077	1145
7	12	10	96	1274	1341
8	10	9	97	66	163
8	11	3	98	235	291
8	14	0	99	340	401
8	14	13	100	480	546
8	0	9	101	546	628
8	1	1	102	628	709
8	14	13	103	944	1013
8	6	10	104	1032	1122
8	3	0	105	1122	1146
8	12	9	106	1146	1167
8	3	5	107	1167	1232
8	0	4	108	1307	1336
8	0	9	109	1336	1354
9	6	10	110	0	53
9	13	2	111	75	145
9	8	8	112	308	342
9	12	6	113	404	469
9	10	9	114	483	531
9	5	4	115	611	709
9	14	13	116	717	762
9	12	2	117	781	872
9	4	12	118	877	889
9	13	6	119	957	1017
9	10	10	120	1017	1032
9	7	5	121	1044	1120
9	4	14	122	1154	1225
9	11	14	123	1311	1345
10	2	3	124	148	235
10	7	4	125	263	305
10	4	7	126	409	468
10	2	11	127	473	519
10	4	4	128	524	542
10	3	14	129	557	586
10	3	14	130	586	637
10	10	2	131	663	735
10	2	6	132	735	803
10	13	14	133	854	924
10	7	7	134	1120	1187
10	2	11	135	1274	1299
11	5	14	136	0	50
11	11	14	137	114	134
11	11	14	138	134	169
11	0	9	139	169	201
11	3	9	140	211	263
11	14	0	141	263	284
11	12	11	142	284	317
11	2	6	143	333	393
11	8	4	144	407	435
11	4	14	145	479	524
11	10	0	146	539	614
11	12	9	147	706	780
11	10	3	148	1275	1346
12	2	3	149	17	28
12	13	2	150	219	296
12	13	6	151	296	322
12	13	11	152	322	388
12	11	14	153	433	479
12	13	3	154	502	517
12	11	5	155	547	637
12	11	3	156	643	653
12	12	10	157	655	706
12	4	14	158	728	782
12	4	9	159	782	835
12	0	9	160	854	938
12	14	6	161	1017	1049
13	0	13	162	56	73
13	8	3	163	73	148
13	11	4	164	308	325
13	2	1	165	395	473
13	12	10	166	534	561
13	14	13	167	612	670
13	11	3	168	676	689
13	8	3	169	778	836
13	4	12	170	889	956
13	4	12	171	956	1001
13	1	14	172	1038	1089
13	14	1	173	1268	1333
14	9	4	174	68	113
14	14	6	175	141	210
14	0	13	176	253	266
14	0	13	177	266	337
14	0	11	178	708	761
14	3	5	179	791	852
14	12	7	180	944	1026
14	9	1	181	1074	1088
14	9	1	182	1088	1125
14	14	6	183	1172	1204
14	14	6	184	1204	1237
14	8	10	185	1237	1270
14	4	9	186	1274	1326
15	7	1	187	0	8
15	7	1	188	8	37
15	7	7	189	38	68
15	7	7	190	68	96
15	9	5	191	113	197
15	6	10	192	470	505
15	3	14	193	637	661
15	6	0	194	663	699
15	7	1	195	833	861
15	10	0	196	887	941
15	10	10	197	941	962
15	0	13	198	1042	1067
15	8	10	199	1153	1196
15	13	2	200	1245	1351
16	8	13	201	0	53
16	6	5	202	53	95
16	3	11	203	146	211
16	2	11	204	238	268
16	9	7	205	346	371
16	1	12	206	436	507
16	7	0	207	780	833
16	8	8	208	893	910
16	5	3	209	957	1029
16	12	9	210	1167	1206
16	5	14	211	1232	1311
17	14	0	212	0	62
17	10	1	213	163	234
17	14	0	214	284	340
17	11	8	215	479	547
17	9	7	216	547	623
17	7	8	217	623	632
17	13	5	218	643	728
17	14	13	219	762	805
17	11	4	220	821	885
17	7	1	221	928	990
17	0	11	222	995	1042
17	8	8	223	1075	1111
17	8	10	224	1122	1153
17	6	4	225	1160	1169
17	2	4	226	1171	1223
18	13	10	227	145	194
18	14	6	228	210	249
18	9	7	229	270	334
18	7	1	230	334	395
18	0	13	231	405	474
18	3	5	232	489	533
18	9	7	233	623	717
18	5	1	234	717	740
18	13	7	235	740	758
18	9	6	236	803	883
18	7	8	237	990	1044
18	5	8	238	1111	1189
18	8	13	239	1322	1354
19	2	11	240	75	143
19	7	0	241	143	151
19	1	12	242	151	230
19	12	9	243	325	404
19	2	11	244	519	570
19	13	3	245	576	643
19	5	8	246	807	882
19	5	6	247	883	957
19	11	12	248	1001	1026
19	13	2	249	1047	1057
19	11	4	250	1223	1303
20	0	6	251	29	56
20	5	6	252	56	123
20	4	4	253	151	249
20	12	6	254	249	280
20	5	3	255	291	352
20	13	3	256	433	502
20	12	10	257	561	655
20	5	10	258	740	807
20	1	12	259	807	877
20	3	0	260	1288	1344
21	2	3	261	0	17
21	3	8	262	82	146
21	7	0	263	151	208
21	11	14	264	208	235
21	6	5	265	265	323
21	0	13	266	337	405
21	5	1	267	536	611
21	13	7	268	758	847
21	6	5	269	858	906
21	2	9	270	941	993
21	2	11	271	1142	1171
21	9	1	272	1187	1267
21	9	7	273	1274	1345
22	13	11	274	0	75
22	5	6	275	123	132
22	5	6	276	132	141
22	10	1	277	234	321
22	1	7	278	381	409
22	11	4	279	778	821
22	7	1	280	861	928
22	2	1	281	993	1074
22	0	13	282	1133	1157
22	11	12	283	1157	1185
22	5	7	284	1189	1232
22	3	0	285	1234	1288
22	7	8	286	1288	1355
23	12	7	287	0	38
23	8	3	288	53	70
23	6	2	289	151	187
23	2	6	290	325	333
23	9	2	291	398	468
23	7	6	292	518	572
23	10	0	293	614	663
23	10	3	294	1032	1077
23	11	12	295	1077	1153
23	8	10	296	1196	1236
24	1	1	297	75	133
24	8	10	298	203	225
24	12	11	299	225	238
24	9	7	300	334	346
24	5	3	301	352	378
24	9	11	302	388	398
24	6	11	303	407	456
24	5	7	304	468	536
24	3	14	305	536	557
24	7	6	306	572	623
24	6	0	307	699	777
24	8	3	308	836	893
24	0	11	309	938	995
24	14	5	310	1237	1268
25	11	4	311	0	35
25	1	14	312	235	279
25	3	14	313	320	391
25	6	4	314	393	407
25	1	12	315	409	436
25	12	1	316	473	534
25	0	9	317	628	692
25	2	6	318	710	727
25	11	4	319	885	975
25	8	8	320	1044	1075
25	10	0	321	1146	1234
25	10	3	322	1250	1275
26	4	12	323	0	27
26	7	0	324	96	143
26	11	14	325	169	202
26	0	13	326	203	253
26	11	12	327	298	308
26	8	8	328	342	407
26	8	13	329	676	692
26	11	3	330	692	763
26	9	3	331	893	954
26	11	12	332	1026	1073
26	3	4	333	1146	1157
26	0	13	334	1210	1257
26	0	13	335	1257	1307
27	10	9	336	0	66
27	14	10	337	66	141
27	4	12	338	249	298
27	13	3	339	517	576
27	2	11	340	642	708
27	8	4	341	709	778
27	6	11	342	778	858
27	14	13	343	874	944
27	6	0	344	945	999
27	4	9	345	1001	1030
27	0	13	346	1067	1133
27	14	6	347	1134	1172
27	6	11	348	1172	1244
27	6	11	349	1244	1274
28	12	7	350	96	181
28	13	14	351	391	417
28	4	4	352	542	591
28	3	5	353	728	791
28	14	13	354	805	874
28	8	14	355	924	973
28	9	7	356	1026	1063
28	3	0	357	1063	1118
28	13	2	358	1118	1191
28	1	6	359	1250	1322
28	1	12	360	1322	1354
29	5	8	361	175	255
29	3	14	362	279	320
29	11	5	363	325	373
29	7	5	364	408	465
29	0	0	365	480	539
29	14	13	366	546	612
29	7	8	367	710	780
29	2	3	368	1077	1142
29	4	3	369	1142	1154
29	0	13	370	1157	1210
29	2	9	371	1223	1274
29	5	4	372	1336	1352


Solution History:
