This is the output of Heuristic Solver for Dual resource constrained flexible job shop Scheduling Problem.
Input file is: wfjsp11_6.txt
Method: TS_100000000_0.192058_5
Seed: 5
Number of Jobs: 20
Number of Operations: 169
Number of Machines: 10
Number of Operators: 10
CPU Time: 11.5318
obj: 1003
Best found lower bound:0
Solver gap (best found lower bound and upper bound difference): Not known


Final Solution:
Job	Machine	Operator	Operation	Start Time	Finish Time
0	4	6	0	95	156
0	4	6	1	156	197
0	2	5	2	236	299
0	3	7	3	354	393
0	5	8	4	393	487
0	2	2	5	518	610
0	6	1	6	613	641
0	7	1	7	649	676
0	5	4	8	718	803
0	0	3	9	863	878
0	6	1	10	912	1001
1	8	3	11	212	278
1	4	0	12	291	324
1	8	9	13	561	596
1	2	7	14	728	783
1	9	5	15	886	969
2	5	4	16	117	194
2	7	8	17	227	314
2	3	7	18	324	354
2	6	1	19	356	401
2	0	3	20	891	945
2	8	3	21	961	1002
3	4	6	22	0	95
3	4	0	23	211	291
3	8	3	24	331	404
3	8	3	25	404	440
3	8	3	26	440	476
3	2	5	27	498	509
3	1	3	28	597	662
4	0	4	29	32	117
4	3	8	30	117	169
4	4	6	31	197	211
4	6	2	32	221	308
4	4	0	33	414	490
4	8	9	34	490	529
4	6	8	35	534	612
4	7	8	36	612	649
4	4	6	37	661	686
4	4	6	38	686	777
4	2	4	39	878	920
4	0	4	40	945	995
5	8	7	41	0	43
5	8	7	42	43	125
5	6	5	43	134	221
5	4	0	44	324	414
5	2	2	45	946	996
6	1	9	46	318	409
6	8	9	47	529	561
6	5	4	48	582	627
6	4	6	49	647	661
6	1	8	50	678	769
7	0	4	51	0	32
7	3	5	52	41	54
7	6	1	53	54	101
7	2	7	54	131	224
7	5	1	55	258	270
7	7	5	56	314	395
7	7	1	57	401	466
7	7	1	58	466	529
7	7	7	59	560	606
7	3	5	60	618	706
7	2	7	61	716	728
7	8	0	62	778	866
7	5	0	63	878	931
7	1	9	64	942	964
7	9	5	65	969	995
8	9	0	66	0	85
8	8	3	67	131	171
8	3	7	68	236	324
8	2	2	69	356	423
8	0	7	70	518	533
8	6	0	71	653	687
8	6	2	72	716	757
8	0	1	73	773	863
8	7	9	74	868	905
9	6	5	75	0	41
9	6	2	76	41	50
9	3	6	77	211	234
9	2	2	78	610	698
9	7	9	79	773	868
9	0	3	80	878	891
9	2	2	81	920	946
9	5	0	82	974	986
10	0	1	83	117	215
10	0	1	84	594	613
10	7	1	85	676	764
10	4	6	86	795	883
10	4	6	87	949	1001
11	3	2	88	0	24
11	9	5	89	455	490
11	1	3	90	496	580
11	1	3	91	580	597
11	2	2	92	698	716
11	1	3	93	769	807
11	6	1	94	863	912
12	7	9	95	0	50
12	1	2	96	122	210
12	6	2	97	423	518
12	7	7	98	533	560
12	0	9	99	711	773
12	6	2	100	775	829
12	9	5	101	873	886
12	5	0	102	931	974
13	1	1	103	0	49
13	5	8	104	58	75
13	3	5	105	75	110
13	6	5	106	110	134
13	8	3	107	171	212
13	9	6	108	234	323
13	6	2	109	323	356
13	5	8	110	356	384
13	5	4	111	498	582
13	9	8	112	653	678
13	3	5	113	706	758
13	5	4	114	803	878
13	8	7	115	878	961
14	2	3	116	0	95
14	2	3	117	95	131
14	5	4	118	194	209
14	2	7	119	224	236
14	9	6	120	323	344
14	0	7	121	433	518
14	4	6	122	536	552
14	0	7	123	682	711
14	3	8	124	769	857
15	1	2	125	50	122
15	5	1	126	215	258
15	5	1	127	270	355
15	9	6	128	355	399
15	1	3	129	486	496
15	9	0	130	577	653
15	6	2	131	757	775
15	9	7	132	783	842
15	4	6	133	883	934
15	3	6	134	934	949
15	7	7	135	961	995
16	7	9	136	50	126
16	9	8	137	173	227
16	8	3	138	278	331
16	9	5	139	399	455
16	9	0	140	490	577
16	5	4	141	627	718
17	9	0	142	85	173
17	1	9	143	210	243
17	0	4	144	275	338
17	0	4	145	338	433
17	2	4	146	433	498
17	4	6	147	498	536
17	3	5	148	536	618
17	0	7	149	618	682
17	8	3	150	686	769
17	4	6	151	777	795
17	1	3	152	807	848
17	1	8	153	857	942
17	1	8	154	964	1003
18	5	8	155	0	58
18	0	4	156	215	275
18	3	6	157	399	493
18	4	6	158	552	647
18	2	5	159	783	873
18	7	9	160	905	928
19	7	9	161	126	199
19	1	9	162	243	318
19	1	9	163	409	486
19	6	8	164	518	534
19	0	1	165	534	594
19	8	9	166	596	686
19	9	0	167	687	778
19	3	2	168	857	910


Solution History:
