This is the output of Heuristic Solver for Dual resource constrained flexible job shop Scheduling Problem.
Input file is: wfjsp24_7.txt
Method: TS_100000000_1.166437_5
Seed: 4
Number of Jobs: 40
Number of Operations: 313
Number of Machines: 15
Number of Operators: 12
CPU Time: 70.0147
obj: 1300
Best found lower bound:0
Solver gap (best found lower bound and upper bound difference): Not known


Final Solution:
Job	Machine	Operator	Operation	Start Time	Finish Time
0	5	9	0	421	503
0	9	3	1	503	514
0	9	3	2	514	558
0	10	1	3	970	1057
0	0	3	4	1062	1087
0	0	3	5	1123	1164
0	8	8	6	1225	1259
0	4	0	7	1259	1298
1	13	7	8	253	263
1	10	2	9	279	313
1	10	7	10	331	412
1	9	5	11	439	501
1	1	11	12	645	734
1	14	10	13	734	789
1	12	5	14	895	931
1	14	2	15	952	968
1	8	10	16	993	1083
1	2	4	17	1227	1300
2	1	4	18	0	62
2	12	10	19	285	350
2	14	9	20	350	417
2	14	10	21	421	450
2	14	7	22	456	470
2	11	2	23	477	549
2	3	3	24	632	645
2	4	0	25	758	812
2	10	2	26	1148	1157
2	1	10	27	1167	1257
3	6	2	28	0	51
3	7	10	29	59	88
3	3	8	30	382	456
3	4	1	31	467	545
3	9	10	32	645	711
4	14	5	33	89	100
4	7	2	34	131	199
4	0	0	35	237	321
4	10	7	36	432	456
4	8	8	37	496	519
4	9	2	38	558	590
4	3	3	39	809	872
4	14	3	40	872	946
4	13	7	41	966	1038
4	8	8	42	1140	1225
5	3	8	43	103	139
5	2	9	44	503	526
5	5	1	45	626	662
5	13	2	46	699	781
5	4	4	47	996	1057
5	0	3	48	1164	1222
6	5	0	49	37	91
6	2	11	50	153	175
6	12	10	51	253	285
6	8	2	52	313	385
6	6	0	53	476	504
6	5	10	54	549	560
6	0	10	55	602	645
6	12	1	56	823	894
6	3	6	57	1254	1292
7	4	0	58	0	37
7	1	11	59	111	133
7	12	7	60	233	253
7	8	9	61	269	298
7	11	11	62	303	348
7	12	0	63	350	407
7	0	3	64	407	494
7	1	5	65	501	549
8	14	1	66	0	83
8	14	2	67	199	279
8	3	6	68	280	343
8	2	11	69	438	501
8	13	4	70	658	676
8	11	6	71	708	768
8	2	1	72	911	970
8	1	7	73	1085	1167
9	9	3	74	0	46
9	5	0	75	153	174
9	9	3	76	292	335
9	8	6	77	422	496
9	6	8	78	993	1029
10	3	8	79	343	382
10	9	3	80	724	809
10	0	11	81	896	913
10	3	11	82	913	929
10	3	5	83	1182	1238
11	11	11	84	0	22
11	1	11	85	83	111
11	8	10	86	115	177
11	6	4	87	203	254
11	14	9	88	298	342
11	6	0	89	407	416
11	4	0	90	812	900
11	7	11	91	1045	1074
11	0	3	92	1087	1123
11	5	2	93	1166	1184
12	12	1	94	83	112
12	11	7	95	131	200
12	3	8	96	203	216
12	3	8	97	216	270
12	1	0	98	321	340
12	0	0	99	504	560
12	14	2	100	599	671
12	11	6	101	985	1018
12	10	2	102	1057	1148
12	13	6	103	1148	1191
13	7	8	104	0	39
13	4	3	105	46	104
13	13	4	106	393	446
13	2	11	107	569	596
13	7	8	108	625	693
13	0	9	109	744	770
13	13	1	110	791	823
13	14	2	111	1184	1196
13	5	2	112	1196	1226
13	1	10	113	1257	1300
14	2	9	114	59	123
14	8	0	115	625	680
14	8	0	116	680	758
14	6	1	117	894	907
14	14	2	118	968	1012
15	6	8	119	53	94
15	1	5	120	280	317
15	13	4	121	446	522
15	2	4	122	596	641
15	6	1	123	662	747
15	1	4	124	824	907
15	6	4	125	1140	1222
15	14	9	126	1246	1278
16	13	7	127	8	44
16	2	11	128	133	153
16	3	8	129	170	203
16	6	8	130	544	577
16	4	4	131	641	657
16	2	2	132	867	911
17	9	5	133	100	181
17	9	3	134	199	210
17	2	1	135	222	263
17	13	7	136	263	331
17	13	1	137	331	393
17	5	10	138	791	856
17	1	4	139	907	922
17	5	2	140	1012	1051
17	11	6	141	1191	1231
18	0	6	142	23	75
18	10	9	143	124	195
18	4	1	144	263	327
18	4	3	145	335	389
18	8	8	146	519	544
18	5	9	147	662	744
18	2	5	148	778	856
18	8	0	149	1097	1133
19	0	6	150	154	229
19	9	5	151	367	439
19	10	6	152	496	514
19	6	8	153	577	605
19	14	2	154	671	699
19	4	4	155	730	756
19	11	6	156	776	850
19	11	6	157	850	897
19	12	1	158	1126	1205
19	4	1	159	1205	1236
20	1	0	160	182	237
20	8	2	161	781	867
20	13	7	162	897	966
20	2	11	163	982	1045
20	3	6	164	1062	1141
20	13	6	165	1235	1254
20	9	7	166	1259	1290
20	0	7	167	1290	1298
21	6	0	168	416	476
21	10	4	169	522	596
21	12	3	170	706	724
21	6	2	171	911	952
21	0	3	172	1047	1062
22	5	10	173	0	30
22	8	4	174	62	97
22	6	4	175	97	140
22	9	5	176	347	367
22	10	7	177	412	432
22	10	7	178	611	648
22	1	6	179	931	985
22	3	10	180	1142	1165
23	7	8	181	39	53
23	1	3	182	139	182
23	11	5	183	200	274
23	8	6	184	393	422
23	12	1	185	565	626
23	5	1	186	747	791
23	3	11	187	797	806
23	5	10	188	856	942
23	12	1	189	1057	1126
23	11	2	190	1231	1294
24	12	1	191	112	192
24	5	5	192	317	347
24	7	11	193	501	569
24	7	0	194	569	625
24	4	4	195	694	730
24	0	9	196	770	808
24	7	8	197	829	910
24	11	6	198	1018	1062
24	14	2	199	1157	1166
25	13	6	200	75	154
25	1	7	201	555	611
25	9	9	202	809	834
25	3	3	203	988	1047
25	11	5	204	1107	1182
26	10	9	205	0	29
26	9	3	206	210	292
26	9	11	207	598	645
26	0	10	208	711	724
26	5	10	209	1083	1142
27	0	7	210	0	8
27	8	6	211	8	23
27	9	7	212	46	98
27	0	3	213	104	139
27	5	10	214	350	421
27	7	8	215	456	495
27	13	6	216	522	549
27	13	4	217	676	694
27	6	4	218	756	824
27	11	9	219	897	979
28	6	4	220	140	203
28	7	4	221	254	333
28	11	6	222	348	393
28	12	7	223	470	555
28	0	10	224	560	602
28	13	9	225	602	658
28	3	11	226	734	797
28	7	4	227	922	996
28	14	9	228	1012	1077
28	6	8	229	1102	1140
29	11	2	230	51	131
29	0	5	231	931	1009
29	9	5	232	1009	1095
29	9	9	233	1095	1177
29	10	9	234	1177	1246
29	6	9	235	1278	1299
30	4	11	236	175	241
30	3	6	237	549	629
30	2	7	238	648	704
30	4	0	239	900	995
30	11	9	240	1077	1090
30	13	0	241	1198	1235
30	4	0	242	1236	1250
31	10	7	243	98	124
31	10	9	244	195	269
31	4	1	245	393	467
31	10	5	246	706	778
31	9	5	247	856	895
31	10	6	248	897	931
31	3	3	249	946	988
31	2	11	250	1136	1227
31	12	3	251	1227	1289
32	2	10	252	30	59
32	8	10	253	103	115
32	12	1	254	192	222
32	1	6	255	237	280
32	2	4	256	333	373
32	6	4	257	373	388
32	11	2	258	393	477
32	14	9	259	526	599
32	7	8	260	1259	1298
33	8	9	261	29	58
33	11	5	262	549	628
33	12	5	263	628	706
33	2	7	264	706	719
33	2	7	265	719	747
33	12	7	266	747	789
33	7	8	267	791	829
33	8	8	268	910	993
33	4	0	269	1136	1198
34	5	0	270	91	153
34	7	11	271	348	438
34	1	6	272	768	776
34	9	11	273	929	982
34	4	4	274	1057	1136
34	7	7	275	1179	1233
34	6	7	276	1233	1259
34	13	5	277	1259	1296
35	4	3	278	558	632
35	0	11	279	808	896
35	5	10	280	942	978
35	12	0	281	995	1052
35	7	11	282	1074	1136
35	10	1	283	1246	1300
36	8	10	284	177	253
36	12	7	285	789	810
36	10	7	286	810	891
36	5	9	287	979	1005
36	13	0	288	1052	1097
37	3	11	289	22	83
37	6	8	290	270	342
37	1	3	291	389	400
37	11	6	292	629	708
37	7	8	293	708	791
37	6	8	294	1029	1102
37	7	7	295	1167	1179
37	0	11	296	1227	1286
38	3	10	297	456	549
38	13	1	298	549	565
38	6	8	299	605	617
38	3	3	300	645	701
38	13	9	301	834	897
38	2	7	302	1045	1085
38	14	5	303	1095	1107
39	12	5	304	0	45
39	10	5	305	45	89
39	3	10	306	89	103
39	3	8	307	139	170
39	9	5	308	181	199
39	13	7	309	200	233
39	5	11	310	241	303
39	9	2	311	590	598
39	7	5	312	1238	1258


Solution History:
