This is the output of Heuristic Solver for Dual resource constrained flexible job shop Scheduling Problem.
Input file is: wfjsp10_9.txt
Method: TS_100000000_0.137547_5
Seed: 1
Number of Jobs: 20
Number of Operations: 148
Number of Machines: 10
Number of Operators: 10
CPU Time: 8.2589
obj: 829
Best found lower bound:0
Solver gap (best found lower bound and upper bound difference): Not known


Final Solution:
Job	Machine	Operator	Operation	Start Time	Finish Time
0	4	8	0	0	72
0	9	7	1	516	560
0	1	2	2	565	632
0	6	6	3	680	736
0	1	2	4	746	775
1	9	4	5	161	249
1	2	8	6	252	309
1	6	6	7	320	342
1	1	9	8	374	429
1	2	8	9	429	487
1	8	3	10	491	567
1	3	0	11	580	659
1	3	0	12	659	734
2	6	0	13	9	56
2	3	0	14	61	79
2	8	5	15	163	222
2	4	7	16	233	249
2	2	8	17	487	580
2	7	1	18	656	678
2	9	2	19	717	742
2	1	2	20	775	809
3	2	8	21	309	356
3	5	7	22	387	401
3	8	8	23	401	421
3	5	7	24	421	446
3	4	3	25	643	703
3	7	5	26	760	812
4	1	6	27	0	90
4	6	0	28	90	167
4	6	6	29	473	557
4	6	6	30	557	618
4	6	6	31	618	680
5	9	7	32	0	55
5	0	4	33	55	121
5	5	2	34	150	163
5	6	6	35	232	320
5	7	2	36	320	353
5	5	4	37	509	531
5	5	7	38	560	575
5	9	1	39	746	804
6	5	8	40	186	243
6	9	4	41	308	396
6	7	2	42	407	431
6	8	5	43	431	453
6	5	4	44	487	509
6	3	0	45	518	558
6	8	7	46	575	624
6	1	2	47	632	702
6	1	1	48	702	746
6	2	3	49	788	810
7	2	3	50	0	97
7	7	9	51	123	152
7	1	9	52	316	374
7	4	3	53	380	409
7	8	9	54	453	479
7	1	2	55	495	565
7	7	4	56	678	760
7	5	4	57	760	774
7	0	4	58	780	811
8	2	3	59	97	191
8	6	6	60	191	232
8	8	5	61	232	265
8	8	5	62	265	336
8	0	1	63	358	414
8	1	2	64	431	495
8	0	9	65	564	637
8	0	9	66	708	722
9	6	0	67	0	9
9	4	7	68	141	172
9	5	2	69	243	304
9	4	3	70	467	491
9	9	5	71	560	595
10	1	9	72	90	123
10	0	9	73	165	238
10	4	3	74	252	346
10	7	2	75	353	407
10	3	0	76	407	441
10	3	0	77	441	518
10	7	4	78	539	578
10	5	8	79	580	635
10	9	5	80	687	717
10	3	0	81	734	770
11	7	5	82	73	105
11	0	8	83	149	165
11	1	1	84	180	235
11	5	7	85	446	487
11	2	4	86	580	674
12	0	4	87	0	55
12	9	1	88	117	136
12	6	0	89	167	189
12	3	0	90	189	289
12	3	0	91	289	331
12	6	6	92	384	473
13	8	9	93	0	88
13	1	6	94	123	166
13	1	6	95	166	180
13	4	3	96	346	380
13	4	3	97	409	467
13	7	5	98	467	539
13	9	5	99	595	687
14	0	4	100	121	149
14	0	9	101	238	297
14	6	6	102	342	384
14	7	9	103	431	450
14	4	1	104	492	572
14	4	8	105	719	770
14	4	7	106	770	829
15	5	2	107	72	150
15	3	5	108	150	163
15	2	3	109	191	252
15	7	4	110	252	308
15	2	8	111	356	371
15	0	1	112	414	492
15	6	6	113	736	823
16	9	7	114	55	80
16	9	1	115	136	161
16	4	7	116	172	233
16	8	5	117	336	396
16	9	4	118	396	452
16	9	7	119	487	516
16	3	0	120	558	580
16	0	9	121	637	708
16	0	9	122	722	780
17	3	5	123	0	61
17	4	8	124	72	141
17	1	1	125	235	294
17	1	1	126	294	316
17	0	1	127	316	358
17	2	8	128	371	389
17	0	9	129	492	564
17	4	3	130	572	643
17	8	7	131	680	766
17	3	0	132	770	829
18	5	2	133	0	72
18	9	1	134	80	117
18	5	2	135	163	186
18	7	2	136	186	200
18	9	7	137	249	302
18	3	0	138	331	407
18	9	4	139	452	480
18	8	7	140	624	680
18	2	3	141	719	788
19	7	1	142	0	73
19	3	5	143	105	146
19	5	7	144	304	387
19	7	1	145	578	656
19	2	8	146	674	719
19	5	8	147	774	807


Solution History:
