This is the output of Heuristic Solver for Dual resource constrained flexible job shop Scheduling Problem.
Input file is: wfjsp18_5.txt
Method: TS_100000000_0.202997_5
Seed: 5
Number of Jobs: 20
Number of Operations: 143
Number of Machines: 10
Number of Operators: 8
CPU Time: 12.1856
obj: 879
Best found lower bound:0
Solver gap (best found lower bound and upper bound difference): Not known


Final Solution:
Job	Machine	Operator	Operation	Start Time	Finish Time
0	2	1	0	0	15
0	6	3	1	28	68
0	6	7	2	93	184
0	3	0	3	281	347
0	4	5	4	358	430
0	3	5	5	672	710
0	7	4	6	768	834
1	7	5	7	0	43
1	8	2	8	53	99
1	3	0	9	162	198
1	4	2	10	726	757
1	4	2	11	796	864
2	0	2	12	0	23
2	2	6	13	130	144
2	6	0	14	202	270
2	2	4	15	362	426
2	5	1	16	573	584
3	1	5	17	244	289
3	4	5	18	289	358
3	8	5	19	556	601
3	5	3	20	601	629
3	2	4	21	640	679
4	9	2	22	23	53
4	5	3	23	76	107
4	7	3	24	303	386
4	6	1	25	521	573
4	6	0	26	727	764
5	2	6	27	21	44
5	8	4	28	353	362
5	2	6	29	432	481
5	4	0	30	481	575
5	6	0	31	575	638
6	9	5	32	448	514
6	2	4	33	523	609
6	9	6	34	629	715
6	3	5	35	715	754
6	9	5	36	754	767
6	5	3	37	768	813
7	5	4	38	0	76
7	5	7	39	191	262
7	0	2	40	575	639
7	3	2	41	766	796
7	0	7	42	805	875
8	0	0	43	39	73
8	4	2	44	99	117
8	9	5	45	136	204
8	4	2	46	204	289
8	5	2	47	289	372
8	0	2	48	531	575
8	6	0	49	638	727
8	0	7	50	727	805
8	7	4	51	834	844
8	9	4	52	844	878
9	3	0	53	73	162
9	4	2	54	166	198
9	8	1	55	201	286
9	8	4	56	286	304
9	2	6	57	481	523
9	4	7	58	602	697
9	2	6	59	733	746
9	2	6	60	746	772
9	6	3	61	813	879
10	5	3	62	107	122
10	9	5	63	204	244
10	1	7	64	364	398
10	7	4	65	426	510
10	0	2	66	639	725
10	1	5	67	767	811
10	5	1	68	819	860
10	5	1	69	860	877
11	1	1	70	15	110
11	7	3	71	202	289
11	0	4	72	304	353
11	1	3	73	398	432
11	6	0	74	467	481
11	3	7	75	511	602
11	7	4	76	609	640
11	1	1	77	641	691
11	7	3	78	691	756
11	2	6	79	772	854
12	6	3	80	0	28
12	9	6	81	359	432
12	4	3	82	432	481
12	5	2	83	521	531
12	8	5	84	531	556
12	7	1	85	584	592
12	9	6	86	618	629
12	5	4	87	679	768
13	4	7	88	0	93
13	1	4	89	117	163
13	1	7	90	334	364
13	3	2	91	372	457
13	9	6	92	523	572
13	9	6	93	572	581
13	1	1	94	598	641
13	8	1	95	691	774
13	6	0	96	774	813
13	8	5	97	819	867
14	9	6	98	0	21
14	7	4	99	76	117
14	5	3	100	122	191
14	6	3	101	191	202
14	9	7	102	262	334
14	5	2	103	457	521
14	8	5	104	601	672
14	8	1	105	774	819
15	9	5	106	53	136
15	2	6	107	144	233
15	2	6	108	233	267
15	2	6	109	267	359
15	0	7	110	427	469
15	1	3	111	481	510
15	5	3	112	629	667
16	3	0	113	31	39
16	2	6	114	44	130
16	0	2	115	136	166
16	0	4	116	241	266
16	6	4	117	270	286
16	6	0	118	355	418
16	8	1	119	488	521
16	9	6	120	581	618
17	8	0	121	0	31
17	4	2	122	117	136
17	1	4	123	163	241
17	7	3	124	289	303
17	8	1	125	362	394
17	7	7	126	398	419
17	8	1	127	419	488
18	8	1	128	110	201
18	5	7	129	419	427
18	9	5	130	432	448
18	4	7	131	697	726
18	3	0	132	813	876
19	3	0	133	270	281
19	6	1	134	286	355
19	8	1	135	394	407
19	0	1	136	407	417
19	6	0	137	418	467
19	3	7	138	469	511
19	1	3	139	511	598
19	9	6	140	715	733
19	3	2	141	757	766
19	2	6	142	854	872


Solution History:
