This is the output of Heuristic Solver for Dual resource constrained flexible job shop Scheduling Problem.
Input file is: wfjsp16_6.txt
Method: TS_100000000_0.404038_5
Seed: 2
Number of Jobs: 40
Number of Operations: 314
Number of Machines: 15
Number of Operators: 15
CPU Time: 24.28
obj: 1276
Best found lower bound:0
Solver gap (best found lower bound and upper bound difference): Not known


Final Solution:
Job	Machine	Operator	Operation	Start Time	Finish Time
0	4	10	0	45	110
0	13	11	1	202	243
0	13	6	2	243	311
0	6	8	3	377	428
0	5	5	4	731	825
0	7	14	5	825	912
0	1	0	6	938	968
0	13	8	7	982	1008
0	0	4	8	1008	1094
1	1	12	9	0	12
1	7	6	10	107	191
1	6	8	11	308	377
1	4	10	12	414	444
1	5	11	13	480	512
1	7	9	14	554	610
1	5	0	15	610	695
1	4	3	16	890	971
2	8	11	17	0	83
2	3	0	18	103	131
2	12	14	19	175	229
2	14	5	20	229	288
2	0	14	21	488	529
2	11	14	22	554	637
2	7	12	23	646	712
2	4	14	24	724	786
3	4	7	25	0	41
3	13	8	26	54	84
3	0	2	27	98	108
3	3	11	28	131	202
3	8	0	29	209	295
3	11	9	30	386	431
3	10	5	31	435	450
3	8	6	32	544	630
3	11	11	33	848	926
3	6	13	34	941	977
4	10	13	35	0	69
4	14	0	36	520	560
4	11	3	37	637	662
4	0	11	38	700	786
4	11	11	39	808	848
4	13	9	40	919	982
4	10	12	41	992	1041
4	6	5	42	1178	1245
5	13	8	43	101	185
5	6	8	44	186	278
5	4	6	45	356	411
5	12	6	46	645	730
5	8	1	47	776	810
5	6	1	48	1080	1124
5	6	1	49	1245	1261
6	12	4	50	0	82
6	11	10	51	189	218
6	14	11	52	415	427
6	12	7	53	432	476
6	10	12	54	551	646
6	1	2	55	865	877
6	7	14	56	912	985
6	1	0	57	1019	1085
6	0	9	58	1094	1152
6	12	7	59	1190	1235
7	14	13	60	136	226
7	11	3	61	450	462
7	10	12	62	712	803
7	5	5	63	825	878
7	3	10	64	957	977
7	5	7	65	977	1003
7	7	2	66	1019	1104
8	6	1	67	601	641
8	2	10	68	706	800
8	14	10	69	800	857
8	2	1	70	957	971
8	6	0	71	977	1012
8	11	5	72	1012	1050
9	1	12	73	216	313
9	12	7	74	395	432
9	1	0	75	560	605
9	8	6	76	630	639
9	5	13	77	695	717
9	9	4	78	824	905
9	13	6	79	1172	1261
9	13	14	80	1261	1273
10	9	7	81	172	198
10	8	0	82	295	305
10	14	0	83	695	785
10	7	2	84	800	818
10	0	6	85	828	903
10	9	4	86	905	992
10	5	7	87	1003	1060
10	2	3	88	1066	1089
10	4	10	89	1244	1274
11	14	0	90	0	85
11	14	0	91	85	103
11	0	4	92	108	125
11	11	14	93	315	350
11	8	5	94	464	519
11	3	0	95	785	829
12	12	7	96	310	395
12	5	8	97	515	608
12	2	13	98	608	635
12	9	7	99	706	773
12	10	0	100	865	927
12	1	0	101	927	938
12	4	10	102	1070	1114
12	4	7	103	1114	1167
12	10	2	104	1216	1231
12	5	11	105	1235	1265
13	1	12	106	12	36
13	11	14	107	51	88
13	10	1	108	157	246
13	5	13	109	246	280
13	9	8	110	280	308
13	8	1	111	343	427
13	6	1	112	1012	1037
13	5	13	113	1151	1202
14	2	10	114	241	311
14	9	4	115	311	392
14	14	0	116	435	520
14	1	5	117	526	560
14	2	2	118	570	587
14	2	2	119	587	600
14	9	14	120	791	811
14	13	9	121	828	919
15	0	4	122	82	98
15	14	3	123	107	133
15	2	5	124	340	424
15	13	10	125	535	594
15	13	8	126	699	744
15	6	13	127	770	854
15	1	0	128	1085	1131
16	10	2	129	85	94
16	5	7	130	94	171
16	11	11	131	431	450
16	1	13	132	635	686
16	1	3	133	686	737
16	0	4	134	808	824
16	3	0	135	829	865
16	8	2	136	895	965
16	10	12	137	1130	1186
17	8	0	138	131	185
17	14	5	139	288	340
17	6	1	140	514	601
17	13	6	141	744	828
17	6	13	142	854	941
17	13	14	143	1080	1109
17	13	10	144	1114	1172
17	14	3	145	1175	1263
18	6	5	146	0	67
18	10	2	147	108	144
18	3	13	148	430	510
18	7	14	149	1109	1168
18	11	13	150	1202	1274
19	13	8	151	84	101
19	11	3	152	219	258
19	13	11	153	321	415
19	0	6	154	418	457
19	2	7	155	635	706
19	11	9	156	745	808
19	12	7	157	879	974
19	14	6	158	1012	1103
19	9	14	159	1168	1255
20	0	9	160	0	24
20	9	13	161	69	136
20	0	14	162	229	292
20	14	10	163	341	414
20	0	2	164	600	615
20	1	3	165	737	796
20	2	3	166	800	890
20	0	6	167	903	990
20	14	6	168	1103	1162
20	12	8	169	1162	1190
21	11	14	170	0	51
21	6	5	171	67	96
21	8	3	172	305	343
21	7	12	173	478	548
21	9	11	174	564	641
21	8	0	175	1178	1268
22	1	12	176	36	127
22	13	8	177	428	515
22	2	2	178	516	570
22	13	10	179	594	688
22	9	4	180	773	791
22	10	2	181	818	839
22	5	8	182	878	966
22	4	10	183	977	1070
22	2	1	184	1132	1176
22	2	1	185	1176	1242
23	3	11	186	310	321
23	7	2	187	386	478
23	3	9	188	634	658
23	3	9	189	982	1075
23	2	3	190	1089	1132
23	0	4	191	1168	1260
24	8	11	192	83	125
24	0	3	193	133	219
24	10	4	194	646	706
24	4	7	195	786	879
24	3	10	196	879	948
24	8	11	197	992	1080
24	3	4	198	1099	1147
24	0	4	199	1152	1168
24	12	8	200	1258	1274
25	5	3	201	0	38
25	4	3	202	544	629
25	9	8	203	641	699
25	8	1	204	732	776
25	4	10	205	1172	1244
26	7	9	206	191	284
26	4	10	207	311	341
26	7	14	208	356	386
26	5	3	209	432	444
26	5	11	210	450	480
26	0	11	211	786	808
26	1	12	212	808	852
26	6	1	213	1037	1080
26	12	11	214	1080	1149
27	12	14	215	88	175
27	5	6	216	191	236
27	12	11	217	243	310
27	7	6	218	315	356
27	1	12	219	381	474
27	14	12	220	857	924
27	2	13	221	977	1064
28	3	10	222	0	45
28	3	9	223	45	103
28	6	5	224	103	186
28	9	7	225	198	235
28	7	14	226	292	315
28	4	6	227	488	544
28	8	1	228	810	895
29	9	4	229	136	172
29	4	4	230	172	260
29	4	4	231	260	309
29	12	7	232	476	556
29	3	7	233	559	634
29	8	1	234	641	732
29	12	8	235	744	782
29	10	12	236	1041	1130
29	7	2	237	1168	1216
30	0	2	238	24	67
30	2	1	239	79	157
30	10	2	240	246	331
30	6	1	241	428	514
30	4	14	242	637	724
30	3	1	243	948	957
31	9	6	244	0	61
31	5	3	245	343	432
31	12	4	246	556	645
31	6	13	247	731	770
31	12	8	248	782	870
31	1	5	249	878	916
31	13	8	250	1008	1079
31	8	2	251	1104	1135
31	1	12	252	1186	1275
32	10	2	253	69	85
32	1	12	254	127	216
32	3	7	255	235	310
32	10	4	256	450	506
32	14	11	257	641	686
32	10	2	258	839	865
32	11	11	259	926	992
32	1	0	260	1131	1178
32	7	8	261	1216	1258
33	8	0	262	185	209
33	11	3	263	258	302
33	3	13	264	342	430
33	0	6	265	457	488
33	10	4	266	506	551
33	0	2	267	615	700
33	3	4	268	706	766
33	14	5	269	924	1012
33	9	8	270	1080	1152
34	2	1	271	0	79
34	2	2	272	157	241
34	5	13	273	280	342
34	10	0	274	342	435
34	8	9	275	435	464
34	11	9	276	464	554
34	14	5	277	560	636
34	11	5	278	1050	1137
34	5	11	279	1202	1235
34	2	7	280	1242	1275
35	6	1	281	278	305
35	2	10	282	444	516
35	9	11	283	516	564
35	1	2	284	968	1019
35	3	7	285	1075	1099
36	11	9	286	103	189
36	0	9	287	292	386
36	0	4	288	392	418
36	1	3	289	474	526
36	6	5	290	641	731
37	13	8	291	0	54
37	7	3	292	54	107
37	4	10	293	110	159
37	2	1	294	311	329
37	0	13	295	559	591
37	7	2	296	712	800
37	2	1	297	895	938
37	6	5	298	1137	1178
38	5	7	299	41	89
38	1	12	300	313	381
38	9	14	301	392	476
38	3	13	302	510	559
38	11	9	303	662	745
38	10	12	304	927	992
38	9	14	305	992	1080
38	8	3	306	1135	1175
38	3	9	307	1186	1276
39	7	3	308	38	53
39	13	10	309	516	535
39	12	3	310	974	1066
39	5	13	311	1066	1151
39	3	11	312	1151	1186
39	10	2	313	1231	1273


Solution History:
