This is the output of Heuristic Solver for Dual resource constrained flexible job shop Scheduling Problem.
Input file is: wfjsp17_2.txt
Method: TS_100000000_0.383003_5
Seed: 1
Number of Jobs: 15
Number of Operations: 141
Number of Machines: 5
Number of Operators: 4
CPU Time: 22.9883
obj: 1751
Best found lower bound:0
Solver gap (best found lower bound and upper bound difference): Not known


Final Solution:
Job	Machine	Operator	Operation	Start Time	Finish Time
0	4	0	0	0	74
0	3	0	1	262	334
0	4	2	2	632	652
0	0	0	3	761	796
0	0	2	4	1020	1036
0	4	1	5	1355	1383
0	3	0	6	1498	1566
0	0	1	7	1574	1583
1	1	1	8	0	75
1	4	2	9	388	434
1	2	3	10	558	615
1	3	3	11	1250	1267
1	0	2	12	1408	1473
1	4	2	13	1530	1590
1	0	2	14	1590	1651
1	0	2	15	1651	1716
1	0	1	16	1719	1751
2	1	2	17	170	214
2	0	0	18	411	428
2	0	1	19	611	666
2	0	1	20	666	743
2	3	2	21	781	862
2	4	1	22	933	986
2	1	3	23	1003	1067
2	2	1	24	1137	1204
2	3	3	25	1231	1250
2	4	1	26	1342	1355
3	1	2	27	301	388
3	0	1	28	500	522
3	1	2	29	552	632
3	3	0	30	665	761
3	1	3	31	1184	1202
3	0	1	32	1473	1545
3	4	1	33	1590	1667
3	4	1	34	1667	1719
3	2	0	35	1729	1749
4	3	2	36	80	130
4	2	3	37	276	315
4	3	0	38	495	564
4	4	1	39	853	933
4	3	3	40	1202	1231
4	2	3	41	1267	1283
4	0	0	42	1379	1405
4	3	0	43	1408	1424
4	3	3	44	1457	1495
4	2	0	45	1566	1637
5	1	2	46	130	170
5	2	1	47	399	486
5	4	1	48	522	611
5	2	3	49	615	677
5	1	2	50	736	767
5	2	0	51	925	992
5	0	2	52	1036	1073
5	2	0	53	1685	1706
5	1	2	54	1716	1751
6	0	0	55	85	132
6	0	0	56	132	151
6	2	3	57	151	215
6	2	3	58	215	276
6	0	1	59	333	345
6	1	2	60	434	464
6	2	3	61	748	806
6	3	2	62	1279	1357
6	3	2	63	1357	1408
7	3	2	64	0	80
7	3	0	65	357	411
7	4	2	66	464	484
7	1	2	67	652	736
7	1	2	68	767	781
7	3	0	69	1001	1075
7	3	3	70	1075	1090
7	2	3	71	1336	1397
7	3	3	72	1566	1626
7	3	0	73	1637	1685
8	2	3	74	11	72
8	4	1	75	75	163
8	0	1	76	163	218
8	0	1	77	345	399
8	3	0	78	582	665
8	1	1	79	792	804
8	4	1	80	804	853
8	1	3	81	954	1003
8	3	3	82	1685	1748
9	1	3	83	75	93
9	0	1	84	218	298
9	3	0	85	334	357
9	1	3	86	388	408
9	2	3	87	677	712
9	2	3	88	712	748
9	3	2	89	862	950
9	0	2	90	1153	1216
9	4	0	91	1230	1304
9	0	0	92	1304	1371
10	0	0	93	74	85
10	1	2	94	277	301
10	3	3	95	411	495
10	2	3	96	495	558
10	4	1	97	743	792
10	1	3	98	864	954
10	3	3	99	1090	1184
10	4	0	100	1192	1210
10	1	1	101	1271	1342
10	1	3	102	1397	1457
11	3	0	103	209	262
11	0	0	104	428	495
11	0	0	105	796	874
11	0	0	106	1075	1106
11	4	0	107	1144	1192
11	1	1	108	1204	1271
11	2	3	109	1498	1561
11	1	3	110	1626	1682
11	2	0	111	1706	1729
12	2	3	112	93	142
12	4	2	113	214	277
12	2	3	114	315	388
12	4	1	115	486	500
12	0	2	116	537	552
12	0	0	117	564	582
12	4	1	118	986	1073
12	1	2	119	1073	1153
12	1	1	120	1545	1574
13	3	0	121	151	209
13	1	3	122	806	864
13	0	2	123	1001	1020
13	2	1	124	1107	1137
13	2	0	125	1210	1230
13	2	3	126	1283	1294
13	2	3	127	1294	1320
13	2	3	128	1320	1336
13	0	0	129	1371	1379
13	2	0	130	1424	1498
14	2	3	131	0	11
14	0	1	132	298	333
14	1	2	133	484	537
14	2	0	134	874	925
14	3	2	135	950	1001
14	2	1	136	1073	1107
14	4	0	137	1107	1144
14	0	2	138	1216	1279
14	4	1	139	1383	1467
14	4	2	140	1473	1530


Solution History:
