This is the output of Heuristic Solver for Dual resource constrained flexible job shop Scheduling Problem.
Input file is: wfjsp5_5.txt
Method: TS_100000000_0.061479_5
Seed: 4
Number of Jobs: 10
Number of Operations: 71
Number of Machines: 5
Number of Operators: 5
CPU Time: 3.69067
obj: 740
Best found lower bound:0
Solver gap (best found lower bound and upper bound difference): Not known


Final Solution:
Job	Machine	Operator	Operation	Start Time	Finish Time
0	2	2	0	0	14
0	1	3	1	14	54
0	1	3	2	54	141
0	3	0	3	182	248
0	4	4	4	518	585
0	3	2	5	619	653
0	0	0	6	653	723
1	2	2	7	97	136
1	2	2	8	136	191
1	4	4	9	195	237
1	1	3	10	272	303
1	1	3	11	390	458
1	1	3	12	458	481
1	2	3	13	576	589
1	1	1	14	598	666
2	4	4	15	0	64
2	0	1	16	64	74
2	4	4	17	74	120
2	4	4	18	120	195
2	3	0	19	248	287
2	2	0	20	366	394
2	2	2	21	419	458
2	4	4	22	489	518
3	0	1	23	27	57
3	1	3	24	181	272
3	1	3	25	303	348
3	1	3	26	348	390
3	4	4	27	468	489
4	1	1	28	0	11
4	3	0	29	139	182
4	2	2	30	209	292
4	2	0	31	292	355
4	3	0	32	407	477
4	1	3	33	481	564
4	4	4	34	585	665
4	1	4	35	666	702
5	0	1	36	74	88
5	0	1	37	88	139
5	3	2	38	292	373
5	4	4	39	399	468
5	0	1	40	468	534
5	0	1	41	534	564
5	0	0	42	564	632
5	1	4	43	702	735
6	0	1	44	289	307
6	2	3	45	589	655
6	2	2	46	655	740
7	2	2	47	14	97
7	3	0	48	97	139
7	0	1	49	139	223
7	4	4	50	237	315
7	2	0	51	355	366
7	3	2	52	373	407
7	3	0	53	477	564
7	1	1	54	564	598
8	3	0	55	0	93
8	2	2	56	191	209
8	0	1	57	255	289
8	0	1	58	307	396
8	2	2	59	407	419
8	0	1	60	419	445
8	4	1	61	666	733
9	0	1	62	11	27
9	1	3	63	141	181
9	0	1	64	223	255
9	4	4	65	315	399
9	2	2	66	458	536
9	2	2	67	536	576
9	3	2	68	576	619
9	0	0	69	632	649
9	3	3	70	655	739


Solution History:
