This is the output of Heuristic Solver for Dual resource constrained flexible job shop Scheduling Problem.
Input file is: wfjsp14_10.txt
Method: TS_100000000_0.198438_5
Seed: 3
Number of Jobs: 30
Number of Operations: 235
Number of Machines: 15
Number of Operators: 15
CPU Time: 11.9231
obj: 924
Best found lower bound:0
Solver gap (best found lower bound and upper bound difference): Not known


Final Solution:
Job	Machine	Operator	Operation	Start Time	Finish Time
0	0	13	0	0	78
0	1	2	1	98	185
0	0	4	2	380	442
0	3	8	3	442	520
0	11	1	4	595	661
0	2	0	5	661	692
0	13	9	6	827	860
0	14	12	7	870	922
1	6	2	8	0	88
1	11	0	9	141	166
1	5	13	10	462	496
1	10	14	11	514	549
1	6	2	12	586	673
1	13	11	13	675	754
1	6	2	14	768	834
1	2	2	15	834	921
2	3	0	16	0	82
2	10	10	17	82	92
2	11	11	18	110	118
2	4	10	19	118	169
2	7	7	20	198	264
2	4	6	21	314	399
2	9	1	22	472	520
2	11	1	23	661	735
3	12	4	24	0	45
3	11	0	25	118	141
3	10	3	26	202	252
3	7	6	27	570	592
3	1	0	28	820	908
4	12	4	29	45	77
4	0	4	30	442	524
4	1	3	31	524	614
4	14	9	32	708	776
4	8	10	33	823	855
4	3	6	34	873	924
5	9	8	35	65	140
5	12	7	36	146	160
5	10	3	37	178	202
5	12	6	38	258	278
5	12	4	39	278	335
5	0	0	40	345	379
5	14	9	41	419	509
5	0	0	42	692	758
6	7	14	43	0	83
6	1	1	44	83	98
6	6	10	45	98	111
6	3	5	46	111	177
6	3	8	47	188	230
6	5	7	48	821	836
7	6	9	49	328	415
7	6	6	50	472	562
7	10	10	51	576	605
7	3	7	52	737	803
7	3	7	53	803	811
8	13	11	54	0	74
8	6	6	55	168	240
8	14	6	56	240	258
8	2	13	57	258	325
8	12	13	58	421	460
8	6	1	59	463	472
8	4	7	60	472	566
8	5	10	61	776	821
8	0	1	62	823	910
9	1	3	63	0	67
9	5	6	64	70	162
9	12	9	65	162	237
9	10	7	66	264	309
9	8	4	67	335	380
9	10	10	68	420	435
9	6	3	69	435	461
9	6	2	70	564	586
9	0	3	71	775	799
10	14	9	72	0	44
10	11	5	73	44	92
10	12	7	74	128	146
10	9	8	75	696	765
10	14	12	76	827	870
11	10	1	77	0	43
11	8	11	78	74	110
11	11	1	79	297	385
11	3	5	80	520	560
11	1	2	81	675	712
11	10	7	82	712	736
11	14	9	83	776	785
11	9	13	84	790	870
11	6	8	85	870	904
12	14	9	86	44	76
12	0	4	87	78	142
12	3	2	88	230	306
12	1	3	89	312	329
12	8	1	90	735	823
13	2	8	91	0	65
13	3	7	92	82	110
13	0	4	93	142	161
13	9	1	94	161	250
13	14	14	95	273	328
13	8	11	96	381	455
13	8	11	97	455	528
13	8	4	98	528	591
13	3	4	99	617	704
13	7	11	100	843	924
14	10	3	101	92	178
14	1	14	102	329	416
14	13	12	103	576	656
14	2	14	104	692	733
14	4	4	105	743	775
14	7	4	106	775	824
14	4	4	107	824	911
14	0	10	108	911	924
15	13	12	109	74	150
15	6	8	110	156	168
15	5	14	111	168	240
15	2	2	112	352	423
15	2	2	113	423	477
15	12	8	114	520	606
15	0	10	115	617	687
16	4	8	116	233	314
16	13	8	117	325	397
16	9	11	118	528	594
16	12	5	119	620	708
16	2	2	120	733	765
16	14	9	121	785	820
16	12	3	122	820	902
16	11	3	123	902	923
17	5	10	124	0	70
17	6	1	125	138	156
17	14	2	126	188	213
17	0	10	127	233	274
17	1	5	128	280	309
17	8	9	129	678	703
17	8	10	130	855	887
18	9	12	131	0	56
18	2	8	132	168	188
18	8	12	133	192	275
18	9	11	134	287	297
18	3	5	135	309	394
18	1	14	136	416	431
18	13	10	137	448	510
18	9	13	138	601	674
18	9	7	139	674	696
18	13	12	140	754	827
19	14	9	141	76	148
19	13	10	142	274	325
19	12	13	143	335	421
19	10	0	144	448	511
19	13	10	145	511	576
19	12	5	146	606	620
19	12	13	147	716	790
20	4	10	148	169	233
20	6	9	149	240	328
20	5	7	150	328	380
20	3	8	151	397	409
20	3	8	152	409	441
20	2	2	153	477	564
20	4	7	154	566	647
20	1	14	155	733	817
20	10	14	156	843	923
21	13	4	157	161	248
21	5	6	158	278	314
21	2	2	159	325	352
21	10	10	160	352	420
21	1	14	161	431	514
21	7	12	162	541	570
21	1	11	163	614	675
22	11	5	164	177	263
22	7	3	165	264	312
22	7	12	166	318	383
22	5	7	167	383	462
22	11	5	168	475	509
22	14	9	169	509	552
22	14	14	170	552	603
22	10	8	171	606	693
22	7	3	172	693	775
22	3	6	173	811	873
23	10	1	174	43	74
23	2	14	175	83	167
23	7	12	176	383	428
23	5	13	177	520	601
23	5	6	178	601	616
23	5	14	179	616	691
23	8	5	180	708	724
23	10	0	181	758	820
23	7	14	182	824	843
23	9	13	183	870	921
24	8	6	184	0	65
24	8	11	185	118	192
24	1	11	186	192	280
24	14	3	187	329	419
24	12	3	188	461	520
24	11	1	189	559	595
24	0	4	190	595	617
24	14	6	191	617	708
24	6	6	192	716	768
24	13	9	193	860	914
25	2	13	194	188	256
25	11	0	195	263	297
25	11	5	196	394	475
25	11	0	197	511	559
25	3	5	198	560	595
25	8	9	199	595	678
25	6	13	200	678	716
25	12	6	201	790	806
25	2	8	202	806	833
26	11	5	203	0	34
26	6	1	204	111	138
26	7	7	205	163	198
26	9	1	206	250	287
26	0	0	207	297	345
26	7	12	208	428	519
26	3	4	209	704	737
26	4	11	210	775	818
27	7	13	211	83	163
27	0	0	212	166	228
27	10	10	213	325	351
27	9	1	214	385	463
27	0	1	215	524	546
27	5	10	216	691	776
27	2	8	217	776	801
27	5	7	218	836	908
28	12	7	219	110	128
28	5	14	220	240	273
28	9	11	221	297	381
28	4	6	222	399	471
28	5	13	223	496	520
28	7	12	224	520	541
28	0	9	225	552	585
28	7	3	226	614	689
28	11	5	227	735	816
29	4	7	228	0	62
29	14	12	229	150	188
29	8	12	230	275	318
29	13	0	231	397	448
29	2	0	232	564	656
29	4	12	233	656	743
29	11	5	234	816	902


Solution History:
