This is the output of Heuristic Solver for Dual resource constrained flexible job shop Scheduling Problem.
Input file is: wfjsp24_4.txt
Method: TS_100000000_0.510235_5
Seed: 5
Number of Jobs: 40
Number of Operations: 306
Number of Machines: 15
Number of Operators: 12
CPU Time: 30.6547
obj: 1311
Best found lower bound:0
Solver gap (best found lower bound and upper bound difference): Not known


Final Solution:
Job	Machine	Operator	Operation	Start Time	Finish Time
0	7	6	0	99	189
0	4	4	1	389	448
0	1	6	2	489	561
0	2	1	3	566	630
0	2	11	4	1073	1168
0	10	3	5	1168	1197
0	8	1	6	1201	1240
0	0	1	7	1240	1252
0	8	1	8	1265	1310
1	9	5	9	0	23
1	6	0	10	33	48
1	3	0	11	48	83
1	6	10	12	649	715
1	7	9	13	782	802
1	14	1	14	896	986
1	7	5	15	1024	1098
1	6	4	16	1098	1164
1	7	0	17	1252	1301
2	5	0	18	0	33
2	10	0	19	141	157
2	14	4	20	157	204
2	10	11	21	211	308
2	2	11	22	449	458
2	8	10	23	759	825
2	12	8	24	1118	1186
3	10	2	25	0	14
3	0	2	26	66	139
3	2	8	27	286	355
3	3	5	28	406	487
3	14	2	29	489	536
3	3	5	30	570	664
4	0	6	31	315	381
4	6	0	32	404	473
4	10	1	33	746	793
4	2	8	34	805	820
4	9	5	35	1098	1166
4	2	11	36	1218	1248
4	12	9	37	1253	1274
5	12	10	38	0	64
5	9	11	39	115	163
5	2	1	40	355	412
5	2	0	41	666	698
5	11	3	42	1002	1055
5	1	3	43	1093	1165
6	11	3	44	506	581
6	3	5	45	731	794
6	5	3	46	794	827
6	11	7	47	827	851
6	0	4	48	953	1016
6	8	1	49	1088	1119
6	8	0	50	1123	1176
6	0	10	51	1252	1281
7	7	8	52	0	92
7	1	11	53	313	356
7	7	11	54	415	428
7	7	10	55	436	465
7	10	7	56	527	597
7	7	2	57	722	735
7	7	9	58	817	885
7	2	8	59	991	1042
7	1	8	60	1250	1310
8	1	11	61	0	44
8	6	4	62	72	106
8	14	5	63	211	224
8	14	9	64	345	372
8	3	4	65	512	556
8	9	11	66	716	777
8	3	0	67	794	841
8	14	1	68	1119	1152
9	8	1	69	0	56
9	3	7	70	265	329
9	0	11	71	382	415
9	8	6	72	442	489
9	1	8	73	562	643
9	11	2	74	777	824
9	2	11	75	1064	1073
9	3	10	76	1111	1179
9	14	2	77	1258	1305
10	9	5	78	54	77
10	1	1	79	221	297
10	8	6	80	381	442
10	14	0	81	558	612
10	6	11	82	807	863
10	0	5	83	889	918
10	12	10	84	925	1017
10	4	7	85	1115	1137
10	2	8	86	1186	1218
11	4	8	87	161	196
11	2	8	88	196	259
11	6	5	89	263	312
11	9	11	90	356	382
11	10	7	91	436	461
11	0	1	92	498	566
11	2	8	93	702	755
11	7	2	94	921	959
12	10	3	95	389	435
12	5	3	96	435	506
12	11	11	97	581	649
12	3	9	98	664	708
12	5	2	99	708	722
12	2	8	100	755	805
12	5	3	101	859	886
12	8	2	102	889	921
12	7	2	103	1098	1145
12	10	7	104	1198	1215
13	7	6	105	237	315
13	4	3	106	315	389
13	13	1	107	412	458
13	7	0	108	612	655
13	4	7	109	688	753
13	4	8	110	820	885
13	9	6	111	885	934
13	12	4	112	1017	1098
13	11	9	113	1147	1216
13	5	9	114	1244	1253
14	13	3	115	0	82
14	12	10	116	113	163
14	5	8	117	355	424
14	11	8	118	675	702
14	9	11	119	1168	1217
14	5	9	120	1217	1244
14	2	10	121	1281	1309
15	13	5	122	224	263
15	9	9	123	382	445
15	12	7	124	461	510
15	9	9	125	527	594
15	12	4	126	649	729
15	5	0	127	738	789
15	12	8	128	896	925
15	8	1	129	992	1088
15	6	2	130	1184	1258
16	11	9	131	15	61
16	12	10	132	64	113
16	2	1	133	134	150
16	9	6	134	189	237
16	5	9	135	239	274
16	10	0	136	308	344
16	7	6	137	655	715
17	0	2	138	15	66
17	8	0	139	126	141
17	14	2	140	263	287
17	5	2	141	536	583
17	1	10	142	826	916
17	1	5	143	918	956
17	7	5	144	959	1024
17	1	10	145	1179	1250
18	3	6	146	0	27
18	10	6	147	27	99
18	2	0	148	157	170
18	0	1	149	458	498
18	13	11	150	523	570
18	13	7	151	597	622
18	5	3	152	827	859
18	4	7	153	1051	1115
18	4	4	154	1164	1259
19	12	4	155	247	340
19	11	8	156	424	490
19	9	10	157	502	524
19	6	4	158	570	602
19	2	3	159	635	666
19	14	5	160	666	731
19	14	4	161	817	864
19	4	6	162	934	1020
20	0	1	163	150	221
20	14	2	164	224	251
20	9	10	165	492	502
20	8	2	166	649	677
20	6	2	167	735	775
21	2	1	168	68	134
21	8	2	169	141	223
21	8	0	170	239	305
21	6	5	171	487	570
21	9	3	172	675	701
21	9	6	173	782	872
21	3	0	174	906	975
21	11	6	175	1055	1147
21	14	3	176	1201	1232
21	2	1	177	1252	1265
22	9	10	178	598	637
22	8	10	179	715	759
22	7	6	180	762	782
22	8	7	181	921	992
22	1	6	182	1020	1055
22	0	9	183	1062	1138
23	8	7	184	59	126
23	10	9	185	461	527
23	4	4	186	753	817
23	2	11	187	863	891
23	2	8	188	925	991
23	0	11	189	1016	1062
23	13	6	190	1147	1208
23	3	5	191	1233	1309
24	4	7	192	0	59
24	4	9	193	95	160
24	5	9	194	173	239
24	9	8	195	259	286
24	5	11	196	891	910
24	2	8	197	1042	1064
25	5	11	198	44	115
25	3	5	199	128	166
25	11	2	200	252	263
25	3	10	201	334	364
25	13	11	202	458	523
25	6	0	203	975	1054
26	1	1	204	56	68
26	1	8	205	92	161
26	11	3	206	161	191
26	7	10	207	524	598
26	5	2	208	677	704
26	1	6	209	716	731
26	1	6	210	731	762
26	1	7	211	762	826
26	3	0	212	841	906
26	3	9	213	1004	1058
27	9	5	214	23	54
27	4	9	215	61	95
27	3	0	216	95	126
27	1	11	217	436	449
27	14	2	218	455	489
28	4	4	219	204	247
28	13	5	220	794	886
28	13	9	221	886	956
28	10	0	222	1054	1123
28	3	5	223	1179	1233
29	11	9	224	274	341
29	8	2	225	583	607
29	9	8	226	643	675
29	12	1	227	793	896
29	11	11	228	953	1002
29	14	1	229	1152	1201
29	6	4	230	1259	1305
30	14	4	231	0	72
30	13	11	232	163	211
30	13	0	233	344	404
30	11	9	234	708	777
30	6	3	235	886	968
30	3	8	236	1064	1073
30	3	10	237	1081	1111
30	5	7	238	1137	1198
30	12	8	239	1218	1247
31	14	2	240	287	345
31	14	2	241	412	455
31	8	0	242	489	558
31	4	7	243	622	688
31	10	0	244	698	738
31	0	11	245	777	807
31	7	9	246	807	817
31	5	11	247	910	946
31	1	3	248	968	1001
31	13	7	249	1001	1051
32	14	5	250	77	128
32	6	0	251	170	239
32	9	10	252	308	334
32	2	10	253	465	492
32	13	1	254	630	677
32	0	1	255	677	746
32	0	2	256	824	889
32	7	0	257	1176	1252
32	11	11	258	1252	1281
32	5	11	259	1281	1309
33	0	10	260	244	308
33	8	7	261	329	377
33	1	7	262	377	436
33	5	3	263	583	635
33	1	11	264	649	716
34	13	3	265	82	156
34	12	10	266	163	244
34	6	4	267	602	649
34	13	3	268	1055	1093
34	14	8	269	1093	1118
34	0	2	270	1145	1184
34	9	3	271	1232	1302
35	0	9	272	0	15
35	7	5	273	315	406
35	11	4	274	864	953
35	5	2	275	959	1008
35	13	6	276	1208	1311
36	5	7	277	126	173
36	11	3	278	191	221
36	11	3	279	221	252
36	4	3	280	252	297
36	13	1	281	297	342
36	12	10	282	364	419
36	0	9	283	594	656
36	10	0	284	656	665
36	9	9	285	956	1004
36	5	2	286	1008	1089
37	3	7	287	173	265
37	1	3	288	297	313
37	11	2	289	345	412
37	10	7	290	851	920
37	10	7	291	1215	1307
38	4	4	292	448	512
38	4	6	293	561	592
38	10	2	294	607	649
38	13	3	295	701	783
38	9	10	296	1017	1081
39	11	4	297	106	154
39	1	5	298	166	211
39	6	4	299	340	389
39	0	10	300	419	436
39	9	9	301	445	461
39	2	8	302	492	562
39	12	6	303	592	644
39	12	4	304	729	751
39	11	9	305	1281	1310


Solution History:
