This is the output of Heuristic Solver for Dual resource constrained flexible job shop Scheduling Problem.
Input file is: wfjsp16_4.txt
Method: TS_100000000_0.201907_5
Seed: 1
Number of Jobs: 40
Number of Operations: 306
Number of Machines: 15
Number of Operators: 15
CPU Time: 12.1491
obj: 1132
Best found lower bound:0
Solver gap (best found lower bound and upper bound difference): Not known


Final Solution:
Job	Machine	Operator	Operation	Start Time	Finish Time
0	7	5	0	0	87
0	11	2	1	374	433
0	1	1	2	555	623
0	1	14	3	629	695
0	9	4	4	711	812
0	9	2	5	874	905
0	6	13	6	1004	1052
0	0	9	7	1070	1084
0	0	9	8	1084	1131
1	8	8	9	30	52
1	1	0	10	101	114
1	9	2	11	119	164
1	6	13	12	242	308
1	1	6	13	397	419
1	14	2	14	721	797
1	14	2	15	797	874
1	8	10	16	874	933
1	8	14	17	1029	1076
2	0	9	18	0	36
2	10	7	19	253	271
2	14	0	20	430	479
2	10	6	21	687	777
2	2	0	22	824	833
2	14	11	23	877	942
2	12	3	24	1007	1079
3	8	8	25	16	30
3	11	12	26	235	302
3	2	9	27	351	420
3	1	8	28	420	522
3	14	3	29	527	573
3	12	6	30	870	960
4	0	4	31	36	104
4	6	13	32	105	172
4	10	3	33	405	452
4	2	11	34	485	500
4	2	2	35	500	565
4	12	12	36	770	797
4	14	2	37	1001	1022
5	11	11	38	72	136
5	9	2	39	212	260
5	4	7	40	313	372
5	6	4	41	464	502
5	3	6	42	555	607
5	13	7	43	856	937
6	11	13	44	0	72
6	3	1	45	292	357
6	9	7	46	374	407
6	13	12	47	407	431
6	0	9	48	437	500
6	7	5	49	508	541
6	5	10	50	589	639
6	0	11	51	831	858
7	7	7	52	161	253
7	7	3	53	253	293
7	9	0	54	326	340
7	7	6	55	419	446
7	14	11	56	573	654
7	13	9	57	700	715
7	7	5	58	730	808
7	2	1	59	877	921
7	10	7	60	937	996
8	1	0	61	0	44
8	8	0	62	52	86
8	1	0	63	90	101
8	2	4	64	120	146
8	9	2	65	164	212
8	9	4	66	267	326
8	3	5	67	864	913
8	1	1	68	1007	1039
9	0	8	69	120	173
9	2	1	70	228	292
9	8	12	71	495	534
9	8	10	72	542	589
9	1	0	73	868	946
9	11	3	74	961	1004
9	13	7	75	1004	1017
9	3	6	76	1017	1083
9	14	3	77	1083	1129
10	9	7	78	16	36
10	5	14	79	66	165
10	8	8	80	598	664
10	3	3	81	709	769
10	7	5	82	808	864
10	0	12	83	966	993
10	7	5	84	999	1081
10	4	14	85	1081	1105
10	2	11	86	1105	1132
11	4	6	87	43	80
11	2	9	88	164	227
11	14	5	89	345	396
11	14	7	90	407	430
11	3	5	91	471	499
11	0	11	92	500	565
11	2	2	93	565	619
11	7	2	94	1083	1125
12	2	1	95	0	41
12	7	5	96	87	161
12	9	7	97	522	590
12	13	4	98	590	635
12	9	2	99	635	650
12	13	9	100	652	700
12	5	5	101	700	730
12	8	0	102	732	760
12	5	14	103	898	948
12	4	14	104	1105	1122
13	14	2	105	0	81
13	12	6	106	142	230
13	13	4	107	326	372
13	2	11	108	437	485
13	4	7	109	653	718
13	4	14	110	718	785
13	9	1	111	812	863
13	7	8	112	864	934
13	5	14	113	948	1029
13	12	6	114	1117	1128
14	13	12	115	0	83
14	12	6	116	269	317
14	5	10	117	339	408
14	11	10	118	652	683
14	4	14	119	785	834
14	5	14	120	870	898
14	2	8	121	961	994
15	6	13	122	72	105
15	10	14	123	179	241
15	2	8	124	292	341
15	9	1	125	451	522
15	12	6	126	607	687
15	11	10	127	687	735
15	12	12	128	741	770
15	8	8	129	770	863
15	4	13	130	938	1004
16	6	3	131	0	45
16	12	12	132	96	142
16	2	1	133	148	164
16	1	1	134	184	228
16	4	14	135	242	286
16	10	0	136	616	652
16	14	2	137	1022	1083
17	10	7	138	108	155
17	5	14	139	165	179
17	5	10	140	314	339
17	10	14	141	550	600
17	1	10	142	735	825
17	1	10	143	825	864
17	7	5	144	934	999
17	2	11	145	1007	1095
18	3	4	146	0	27
18	1	10	147	114	184
18	3	3	148	201	217
18	12	6	149	230	269
18	1	9	150	297	351
18	13	8	151	522	547
18	5	0	152	555	584
18	6	4	153	843	908
18	9	2	154	908	997
19	12	10	155	0	96
19	13	8	156	195	274
19	9	2	157	353	374
19	7	8	158	380	411
19	3	0	159	527	555
19	14	11	160	654	721
19	14	1	161	952	1001
19	0	12	162	1001	1070
20	0	4	163	195	267
20	14	5	164	318	345
20	2	0	165	833	842
20	2	8	166	934	961
20	1	1	167	1039	1082
21	2	8	168	52	116
21	4	13	169	172	242
21	8	12	170	431	495
21	6	4	171	502	583
21	9	3	172	590	613
21	3	3	173	616	709
21	2	11	174	721	803
21	11	9	175	803	892
21	4	9	176	911	938
21	8	0	177	1013	1027
22	9	2	178	81	119
22	13	4	179	150	195
22	3	3	180	217	241
22	8	0	181	354	428
22	1	1	182	522	555
22	0	12	183	604	678
23	8	11	184	136	203
23	6	13	185	308	373
23	4	13	186	514	581
23	5	5	187	639	669
23	0	13	188	678	748
23	10	3	189	777	819
23	1	0	190	946	1007
23	5	0	191	1029	1130
24	10	14	192	0	61
24	14	1	193	81	148
24	5	10	194	408	473
24	0	1	195	748	779
24	3	4	196	824	843
24	2	0	197	843	868
25	5	0	198	242	314
25	6	4	199	416	464
25	11	9	200	784	797
25	0	11	201	803	831
25	11	3	202	892	961
25	6	4	203	1052	1129
26	8	7	204	0	16
26	1	9	205	228	297
26	11	2	206	323	353
26	11	9	207	500	578
26	5	5	208	669	698
26	1	1	209	716	730
26	5	0	210	760	789
26	10	3	211	819	886
26	4	8	212	1004	1075
26	1	1	213	1082	1129
27	9	1	214	41	72
27	6	4	215	373	416
27	8	8	216	664	695
27	1	14	217	695	708
27	3	5	218	1083	1111
28	4	0	219	114	157
28	12	6	220	456	537
28	4	13	221	581	653
28	12	12	222	797	864
28	3	6	223	960	1013
29	11	12	224	169	235
29	1	8	225	351	375
29	13	12	226	375	404
29	2	1	227	623	716
29	11	9	228	735	784
29	9	4	229	1000	1049
29	8	8	230	1076	1122
30	14	5	231	246	318
30	9	1	232	407	451
30	4	13	233	451	514
30	12	12	234	537	604
30	6	13	235	748	831
30	2	11	236	868	877
30	3	1	237	921	952
30	8	10	238	952	1013
30	12	6	239	1083	1117
31	13	9	240	90	150
31	14	11	241	203	246
31	8	14	242	286	354
31	4	13	243	373	442
31	14	0	244	479	527
31	0	8	245	565	598
31	3	0	246	607	616
31	13	7	247	718	764
31	6	4	248	908	947
31	13	4	249	947	1000
32	14	3	250	148	199
32	8	10	251	203	275
32	4	7	252	286	313
32	3	1	253	357	388
32	7	3	254	462	508
32	11	9	255	578	652
32	7	2	256	652	720
32	0	12	257	864	966
32	11	9	258	1004	1031
32	9	12	259	1100	1128
33	0	11	260	267	330
33	7	6	261	330	380
33	11	2	262	433	495
33	5	14	263	495	550
33	11	13	264	1055	1126
34	10	3	265	293	367
34	12	14	266	375	456
34	6	7	267	590	637
34	8	8	268	695	732
34	5	8	269	732	759
34	3	0	270	789	824
34	4	13	271	834	911
35	0	4	272	104	120
35	7	5	273	541	632
35	13	7	274	764	856
35	6	9	275	947	994
35	13	7	276	1017	1108
36	1	9	277	44	90
36	11	12	278	142	169
36	3	5	279	169	201
36	5	5	280	201	242
36	13	2	281	274	323
36	12	12	282	323	375
36	0	11	283	375	437
36	10	3	284	452	462
36	12	12	285	687	741
36	5	6	286	789	870
37	3	3	287	45	145
37	1	6	288	380	397
37	3	5	289	397	471
37	10	10	290	473	542
37	10	10	291	1013	1105
38	5	11	292	0	66
38	4	6	293	80	109
38	10	3	294	367	405
38	13	7	295	431	513
38	9	4	296	650	711
39	4	6	297	0	43
39	10	7	298	61	108
39	6	0	299	172	224
39	0	11	300	330	347
39	9	14	301	613	629
39	6	0	302	652	723
39	12	11	303	960	1007
39	11	9	304	1031	1055
39	9	12	305	1070	1100


Solution History:
