This is the output of Heuristic Solver for Dual resource constrained flexible job shop Scheduling Problem.
Input file is: wfjsp15_4.txt
Method: TS_100000000_2.463883_5
Seed: 3
Number of Jobs: 30
Number of Operations: 381
Number of Machines: 15
Number of Operators: 15
CPU Time: 147.873
obj: 1345
Best found lower bound:0
Solver gap (best found lower bound and upper bound difference): Not known


Final Solution:
Job	Machine	Operator	Operation	Start Time	Finish Time
0	7	5	0	31	110
0	1	14	1	441	502
0	1	2	2	729	804
0	2	2	3	804	866
0	8	11	4	882	975
0	9	3	5	1007	1032
0	1	2	6	1037	1080
0	12	12	7	1080	1094
0	9	4	8	1104	1156
0	3	5	9	1159	1180
0	3	1	10	1180	1194
0	4	13	11	1214	1248
0	8	11	12	1256	1320
0	6	7	13	1320	1342
1	6	14	14	0	72
1	11	14	15	230	303
1	14	6	16	337	397
1	10	3	17	408	457
1	3	1	18	534	568
1	7	5	19	580	599
1	14	2	20	672	722
1	5	8	21	766	867
1	2	0	22	867	876
1	0	1	23	877	940
1	3	6	24	1024	1092
1	1	10	25	1124	1134
1	0	13	26	1143	1214
1	5	5	27	1214	1289
2	10	6	28	0	93
2	9	0	29	238	289
2	12	0	30	408	491
2	11	12	31	679	745
2	13	13	32	825	894
2	6	4	33	904	951
2	7	14	34	955	971
2	11	13	35	1029	1097
2	5	10	36	1100	1124
2	7	8	37	1164	1186
2	12	6	38	1200	1264
2	3	5	39	1289	1341
3	9	7	40	114	174
3	5	10	41	272	302
3	11	3	42	457	510
3	0	13	43	532	602
3	8	14	44	612	683
3	0	8	45	698	766
3	12	6	46	766	801
3	1	8	47	867	893
3	11	13	48	894	958
3	4	8	49	958	991
3	5	7	50	1159	1209
4	14	11	51	211	240
4	1	14	52	303	395
4	0	12	53	429	468
4	1	14	54	534	547
4	2	4	55	547	576
4	3	9	56	645	722
4	3	9	57	722	734
4	7	5	58	744	822
4	2	0	59	876	920
4	0	1	60	940	999
4	6	13	61	1097	1142
4	1	8	62	1287	1321
5	2	1	63	0	12
5	13	8	64	22	45
5	9	3	65	64	114
5	6	4	66	151	210
5	5	10	67	302	348
5	3	1	68	383	415
5	13	9	69	440	494
5	12	12	70	539	602
5	8	11	71	975	1010
5	10	3	72	1092	1138
5	14	0	73	1184	1260
6	8	10	74	0	49
6	9	0	75	55	64
6	14	2	76	110	185
6	10	5	77	339	386
6	5	11	78	392	415
6	14	0	79	512	586
6	7	5	80	599	662
6	8	10	81	830	882
6	5	8	82	903	957
6	1	2	83	957	988
6	13	7	84	997	1079
6	4	13	85	1248	1271
6	14	3	86	1271	1297
7	5	5	87	115	152
7	9	0	88	174	238
7	12	3	89	260	306
7	7	2	90	337	363
7	12	3	91	380	408
7	2	1	92	415	484
7	5	5	93	484	540
7	4	6	94	675	713
7	4	14	95	819	868
7	11	13	96	958	1029
7	7	8	97	1031	1099
7	8	14	98	1100	1143
7	2	8	99	1273	1287
7	2	1	100	1288	1332
8	7	5	101	0	31
8	3	4	102	73	102
8	2	1	103	132	182
8	14	3	104	240	260
8	13	11	105	272	340
8	4	8	106	340	433
8	2	4	107	487	533
8	7	3	108	533	576
8	13	11	109	607	671
8	11	3	110	806	875
8	3	6	111	976	1024
8	13	12	112	1161	1230
8	12	6	113	1264	1338
9	0	12	114	0	9
9	11	11	115	9	101
9	3	4	116	102	151
9	12	12	117	188	255
9	10	12	118	263	290
9	14	2	119	290	337
9	6	13	120	390	417
9	5	11	121	417	449
9	5	10	122	449	481
9	9	2	123	523	583
9	0	1	124	602	649
9	2	11	125	672	740
9	0	1	126	798	877
9	4	13	127	1271	1325
10	2	0	128	104	132
10	1	10	129	187	263
10	3	5	130	267	339
10	0	7	131	483	532
10	3	9	132	568	619
10	5	10	133	650	665
10	4	13	134	725	774
10	4	13	135	774	809
10	3	7	136	831	863
10	9	2	137	899	951
10	1	2	138	988	1037
10	2	12	139	1143	1157
10	11	10	140	1180	1202
10	8	10	141	1207	1254
11	4	13	142	0	90
11	1	8	143	94	135
11	0	13	144	179	245
11	8	12	145	348	417
11	12	14	146	502	532
11	6	4	147	578	657
11	4	10	148	713	725
11	9	0	149	725	760
11	6	7	150	779	831
11	14	7	151	863	891
11	2	0	152	920	949
11	10	10	153	956	1022
11	4	0	154	1082	1184
12	2	1	155	12	104
12	5	6	156	162	243
12	10	6	157	243	263
12	1	6	158	263	294
12	3	4	159	339	370
12	9	4	160	370	436
12	8	12	161	483	539
12	10	3	162	581	651
12	10	3	163	651	721
12	6	7	164	753	779
12	2	9	165	793	803
12	10	5	166	831	864
12	5	14	167	868	903
12	2	11	168	1010	1078
12	10	14	169	1178	1255
13	14	2	170	0	78
13	0	9	171	78	179
13	9	1	172	289	312
13	9	2	173	436	523
13	5	7	174	667	753
13	14	11	175	759	840
13	1	9	176	840	867
13	11	3	177	875	890
13	1	14	178	903	948
13	5	5	179	957	1000
13	8	8	180	1010	1031
13	0	1	181	1067	1143
13	10	14	182	1143	1178
13	1	9	183	1178	1254
13	10	14	184	1255	1325
14	3	9	185	0	73
14	3	5	186	152	216
14	6	4	187	216	249
14	6	13	188	323	390
14	1	14	189	395	441
14	14	11	190	449	512
14	9	12	191	602	677
14	13	9	192	734	793
14	14	7	193	891	954
14	3	7	194	1092	1159
14	1	10	195	1254	1281
14	14	3	196	1321	1340
15	9	12	197	9	33
15	11	13	198	109	177
15	8	2	199	221	262
15	3	1	200	370	383
15	14	6	201	397	428
15	13	9	202	494	568
15	14	7	203	586	667
15	6	4	204	889	904
15	8	14	205	1031	1100
15	11	12	206	1100	1127
15	2	2	207	1159	1242
15	11	9	208	1256	1281
15	5	10	209	1289	1302
15	9	12	210	1318	1345
16	8	7	211	49	114
16	13	11	212	114	179
16	10	3	213	189	236
16	10	12	214	290	322
16	6	13	215	417	451
16	7	8	216	499	529
16	6	7	217	532	549
16	6	7	218	549	578
16	1	1	219	649	688
16	3	4	220	734	821
16	4	10	221	882	951
16	13	9	222	1079	1161
17	7	3	223	114	171
17	12	3	224	306	380
17	11	11	225	512	534
17	5	5	226	540	569
17	4	6	227	582	675
17	1	1	228	688	729
17	9	0	229	760	809
17	6	4	230	831	878
17	10	5	231	878	956
17	12	12	232	960	1010
17	6	9	233	1010	1072
17	7	8	234	1099	1164
17	9	12	235	1235	1318
18	12	12	236	34	43
18	0	4	237	43	73
18	4	14	238	162	230
18	5	11	239	243	272
18	7	8	240	272	333
18	5	11	241	348	392
18	7	8	242	433	499
18	5	10	243	582	650
18	13	4	244	671	714
18	14	3	245	722	759
18	12	0	246	834	844
18	12	12	247	910	960
18	5	5	248	1000	1036
18	14	5	249	1036	1085
19	5	7	250	0	49
19	4	6	251	93	162
19	11	9	252	179	206
19	2	1	253	249	278
19	4	9	254	283	331
19	7	2	255	363	432
19	11	14	256	547	612
19	10	10	257	725	806
19	10	6	258	806	831
19	9	2	259	866	899
19	5	10	260	1036	1100
19	11	11	261	1207	1256
19	6	0	262	1260	1319
20	4	9	263	230	283
20	2	0	264	289	357
20	6	13	265	451	518
20	8	11	266	539	607
20	0	8	267	649	698
20	0	12	268	766	798
20	12	10	269	806	830
20	13	7	270	954	997
20	12	12	271	1010	1077
20	5	5	272	1124	1140
21	13	9	273	340	440
21	4	10	274	481	582
21	12	0	275	602	651
21	7	5	276	662	744
21	2	1	277	744	793
21	13	12	278	798	825
21	7	6	279	831	862
21	7	6	280	862	910
21	7	3	281	910	955
21	6	9	282	955	1007
21	4	0	283	1008	1072
21	4	0	284	1072	1082
21	12	6	285	1094	1141
21	9	4	286	1156	1235
21	13	4	287	1235	1329
22	13	13	288	92	109
22	2	1	289	182	249
22	0	13	290	249	320
22	11	10	291	348	440
22	11	13	292	612	679
22	6	10	293	679	706
22	12	6	294	713	762
22	9	4	295	1032	1104
22	12	6	296	1141	1200
22	6	3	297	1200	1243
22	3	1	298	1243	1288
23	13	8	299	45	92
23	10	12	300	104	121
23	7	3	301	171	189
23	13	7	302	189	263
23	4	6	303	433	480
23	3	9	304	619	645
23	12	13	305	679	709
23	1	9	306	804	831
23	6	4	307	878	889
23	13	9	308	894	943
23	9	4	309	951	1004
23	10	3	310	1032	1066
23	6	3	311	1142	1199
24	5	10	312	49	115
24	10	12	313	121	188
24	7	8	314	238	268
24	8	14	315	683	754
24	8	14	316	754	819
24	10	5	317	864	876
24	3	6	318	910	976
24	0	1	319	999	1067
24	2	11	320	1078	1143
24	1	1	321	1143	1173
24	7	2	322	1273	1342
25	12	0	323	0	34
25	9	3	324	34	55
25	8	0	325	132	172
25	13	11	326	179	188
25	14	11	327	188	211
25	3	5	328	216	267
25	8	7	329	267	348
25	7	14	330	971	1031
25	11	10	331	1134	1180
25	7	8	332	1186	1273
25	4	8	333	1325	1345
26	1	0	334	64	94
26	1	8	335	135	187
26	7	8	336	189	238
26	11	12	337	322	345
26	0	7	338	348	429
26	10	5	339	457	480
26	1	1	340	502	534
26	1	8	341	547	633
26	6	4	342	714	731
26	9	0	343	809	834
26	12	12	344	844	910
26	2	0	345	949	1008
26	10	3	346	1066	1092
26	3	1	347	1194	1241
26	2	2	348	1242	1273
27	12	12	349	76	104
27	12	10	350	115	135
27	8	2	351	185	221
27	6	4	352	249	323
27	10	6	353	323	334
27	2	0	354	357	399
27	3	6	355	487	519
27	2	2	356	583	672
27	8	11	357	1143	1207
27	11	9	358	1281	1342
28	0	4	359	9	33
28	12	12	360	43	76
28	14	2	361	78	110
28	12	10	362	135	182
28	3	4	363	436	487
28	12	0	364	491	501
28	10	6	365	528	581
28	11	3	366	759	806
28	14	2	367	1085	1159
28	5	10	368	1302	1345
29	13	8	369	0	22
29	6	14	370	72	142
29	9	1	371	312	359
29	10	5	372	386	406
29	8	7	373	429	483
29	10	3	374	510	528
29	5	5	375	569	580
29	9	0	376	677	720
29	14	3	377	955	1007
29	0	7	378	1214	1308
29	14	3	379	1308	1321
29	8	11	380	1321	1333


Solution History:
