This is the output of Heuristic Solver for Dual resource constrained flexible job shop Scheduling Problem.
Input file is: wfjsp16_8.txt
Method: TS_100000000_0.215472_5
Seed: 5
Number of Jobs: 40
Number of Operations: 295
Number of Machines: 15
Number of Operators: 15
CPU Time: 12.9547
obj: 1088
Best found lower bound:0
Solver gap (best found lower bound and upper bound difference): Not known


Final Solution:
Job	Machine	Operator	Operation	Start Time	Finish Time
0	6	5	0	36	62
0	11	3	1	112	169
0	9	11	2	169	198
0	1	2	3	310	369
0	6	9	4	797	873
1	1	12	5	137	190
1	10	2	6	190	252
1	9	4	7	313	323
1	11	5	8	375	421
1	9	3	9	461	515
1	8	14	10	809	835
1	0	14	11	982	1078
1	4	3	12	1078	1086
2	11	8	13	0	105
2	7	4	14	181	200
2	4	9	15	200	255
2	4	3	16	515	587
2	14	10	17	612	646
2	8	8	18	735	800
2	4	8	19	1001	1043
3	1	7	20	0	41
3	14	6	21	71	107
3	0	13	22	196	246
3	2	11	23	253	307
3	7	1	24	336	400
3	1	2	25	652	739
3	4	3	26	739	808
3	14	6	27	815	883
3	6	0	28	949	1011
3	3	0	29	1011	1087
4	4	2	30	0	61
4	5	8	31	336	409
4	9	5	32	515	582
4	2	8	33	615	651
4	14	12	34	712	809
4	5	3	35	809	896
4	4	12	36	1045	1071
5	1	14	37	106	129
5	2	1	38	181	253
5	2	3	39	605	615
5	3	11	40	835	900
5	3	8	41	904	932
5	5	3	42	969	977
5	5	3	43	993	1040
5	12	10	44	1040	1075
6	12	1	45	256	311
6	10	4	46	544	627
6	10	4	47	627	663
6	12	6	48	670	713
6	0	13	49	800	852
6	6	10	50	873	949
7	1	2	51	70	81
7	4	9	52	137	154
7	9	3	53	198	239
7	11	5	54	250	311
7	11	8	55	525	544
7	1	2	56	739	808
8	7	0	57	72	129
8	11	7	58	169	240
8	11	3	59	694	731
8	1	1	60	808	889
8	1	12	61	889	941
8	3	9	62	970	998
8	12	1	63	1001	1020
8	9	7	64	1020	1071
9	4	12	65	70	137
9	7	5	66	145	163
9	7	1	67	163	181
9	13	10	68	184	229
9	0	13	69	246	293
9	3	5	70	311	372
9	6	4	71	372	387
9	1	14	72	465	533
9	6	0	73	640	689
10	1	12	74	41	70
10	5	10	75	272	302
10	12	11	76	319	344
10	14	0	77	360	429
10	13	6	78	713	750
10	11	12	79	857	884
10	9	11	80	902	979
11	9	7	81	41	64
11	7	4	82	200	269
11	6	1	83	409	472
11	6	1	84	472	552
11	12	11	85	592	670
11	14	1	86	670	712
11	4	7	87	888	959
11	2	4	88	980	1032
12	6	5	89	62	145
12	9	3	90	323	374
12	3	14	91	375	445
12	2	9	92	502	584
12	4	2	93	592	652
12	4	14	94	714	731
12	5	1	95	907	969
12	2	4	96	1032	1086
13	3	11	97	0	97
13	4	12	98	255	304
13	11	14	99	311	375
13	10	9	100	663	727
13	10	4	101	734	821
13	0	14	102	888	982
13	6	9	103	1011	1085
14	3	0	104	491	579
14	11	8	105	579	607
14	8	13	106	612	631
14	12	10	107	717	787
14	2	10	108	787	817
14	3	8	109	817	835
14	8	13	110	921	967
14	8	13	111	1014	1077
15	6	5	112	0	36
15	14	5	113	184	250
15	1	14	114	250	302
15	5	7	115	426	511
15	7	7	116	511	564
15	11	3	117	615	694
15	4	14	118	703	714
15	12	2	119	818	881
15	14	13	120	904	921
16	0	13	121	293	361
16	11	5	122	421	488
16	14	13	123	525	555
16	9	1	124	582	669
16	5	7	125	691	734
16	7	8	126	940	994
17	14	1	127	23	71
17	9	1	128	71	88
17	14	10	129	152	184
17	3	11	130	198	249
17	7	8	131	272	336
17	4	12	132	355	425
17	7	0	133	429	491
17	13	14	134	631	695
17	8	13	135	703	728
17	2	9	136	735	787
18	10	9	137	115	134
18	8	6	138	139	181
18	12	10	139	229	256
18	14	0	140	303	360
18	7	4	141	400	423
18	9	4	142	426	461
18	8	10	143	544	612
18	14	12	144	1017	1045
19	10	9	145	0	46
19	13	3	146	46	112
19	11	7	147	734	799
19	4	7	148	808	878
19	4	7	149	878	888
19	11	4	150	894	980
20	10	9	151	93	115
20	5	8	152	194	272
20	14	12	153	429	475
20	6	1	154	552	565
20	2	4	155	821	894
21	13	3	156	15	26
21	2	10	157	78	124
21	1	12	158	190	244
21	2	10	159	451	502
21	13	14	160	533	631
21	5	10	161	646	673
21	14	13	162	885	904
21	10	9	163	904	970
22	3	0	164	256	275
22	0	13	165	361	441
22	11	8	166	544	572
22	0	9	167	592	649
22	14	6	168	649	661
22	0	11	169	670	727
22	5	14	170	734	802
22	4	2	171	965	1001
23	10	9	172	46	93
23	8	13	173	631	703
23	13	6	174	888	933
23	10	10	175	970	1039
23	10	7	176	1071	1085
24	13	3	177	239	320
24	13	2	178	402	457
24	13	6	179	465	532
24	3	1	180	712	796
24	3	5	181	797	811
24	0	13	182	852	885
24	12	2	183	907	936
24	12	2	184	936	965
24	12	1	185	969	1001
25	0	6	186	0	44
25	8	6	187	44	55
25	14	1	188	114	143
25	4	9	189	154	192
25	10	9	190	255	280
25	2	8	191	651	735
25	5	8	192	1043	1083
26	14	12	193	0	23
26	5	14	194	40	83
26	2	10	195	124	152
26	4	12	196	304	355
26	2	3	197	587	605
26	6	10	198	689	717
26	10	10	199	821	864
26	14	6	200	933	1017
27	13	14	201	129	182
27	8	14	202	182	228
27	9	7	203	240	313
27	6	4	204	323	357
27	3	9	205	451	483
27	5	6	206	532	627
27	11	12	207	809	857
27	12	1	208	889	907
27	1	6	209	1017	1087
28	5	14	210	0	40
28	2	9	211	371	451
28	10	2	212	457	512
28	7	7	213	564	627
28	13	14	214	835	888
28	2	3	215	896	963
29	5	7	216	83	163
29	12	1	217	311	319
29	12	2	218	512	592
29	6	5	219	592	640
29	7	0	220	691	753
29	7	0	221	883	940
29	8	13	222	967	1014
30	10	4	223	139	178
30	14	4	224	269	303
30	6	1	225	400	409
30	3	0	226	579	633
30	3	5	227	640	704
30	13	5	228	966	1001
31	9	11	229	97	161
31	6	2	230	256	310
31	10	10	231	371	443
31	0	4	232	461	509
31	6	5	233	717	797
31	13	5	234	933	958
31	5	3	235	977	993
32	12	10	236	0	78
32	6	0	237	202	256
32	8	3	238	374	455
32	10	10	239	512	544
32	7	0	240	753	829
33	13	3	241	26	35
33	0	13	242	52	131
33	8	6	243	294	362
33	14	12	244	475	522
33	1	12	245	533	598
33	7	7	246	627	691
33	9	11	247	734	809
33	10	9	248	873	898
33	3	5	249	958	966
33	13	2	250	1001	1077
34	1	2	251	81	106
34	0	13	252	131	196
34	1	6	253	369	465
34	0	4	254	509	541
34	9	4	255	669	734
34	0	13	256	734	800
34	9	5	257	818	902
34	1	12	258	941	1008
34	11	11	259	1008	1088
35	7	0	260	0	54
35	7	0	261	54	72
35	8	4	262	76	139
35	6	0	263	145	202
35	3	0	264	275	300
35	7	0	265	829	883
36	2	4	266	0	76
36	12	11	267	344	419
36	4	8	268	425	508
36	0	11	269	541	592
36	1	12	270	598	648
36	9	7	271	979	1009
37	3	8	272	105	194
37	2	10	273	307	371
37	8	13	274	455	525
37	8	8	275	800	809
37	9	2	276	809	818
37	7	5	277	1001	1083
38	12	1	278	88	114
38	12	6	279	181	220
38	8	6	280	228	294
38	13	7	281	320	402
38	9	7	282	402	426
38	11	11	283	488	525
38	14	13	284	555	607
38	13	6	285	750	815
38	8	8	286	835	904
38	14	1	287	1045	1080
39	13	3	288	0	15
39	8	13	289	15	43
39	0	13	290	44	52
39	12	2	291	114	179
39	10	9	292	280	350
39	12	11	293	419	465
39	4	12	294	652	703


Solution History:
