This is the output of Heuristic Solver for Dual resource constrained flexible job shop Scheduling Problem.
Input file is: wfjsp22_3.txt
Method: TS_100000000_0.252718_5
Seed: 2
Number of Jobs: 30
Number of Operations: 235
Number of Machines: 15
Number of Operators: 12
CPU Time: 15.1821
obj: 1033
Best found lower bound:0
Solver gap (best found lower bound and upper bound difference): Not known


Final Solution:
Job	Machine	Operator	Operation	Start Time	Finish Time
0	0	4	0	201	278
0	9	4	1	278	291
0	11	2	2	362	377
0	7	1	3	448	526
0	5	11	4	544	618
0	13	6	5	618	690
0	14	3	6	697	769
0	4	5	7	798	831
0	1	7	8	942	1024
1	10	4	9	0	12
1	11	0	10	29	91
1	8	8	11	330	415
1	11	10	12	418	433
1	3	3	13	535	647
1	7	9	14	721	804
1	8	4	15	937	967
1	14	11	16	967	1024
2	4	6	17	70	88
2	3	6	18	103	169
2	11	6	19	169	179
2	5	2	20	179	206
2	4	0	21	256	299
2	7	9	22	339	427
2	5	11	23	478	544
2	14	10	24	638	668
2	5	11	25	679	751
2	0	11	26	753	847
3	0	4	27	58	69
3	14	11	28	111	139
3	1	8	29	176	275
3	7	11	30	307	339
3	4	10	31	388	418
3	2	2	32	418	484
3	10	9	33	545	608
3	13	5	34	840	895
4	1	8	35	0	99
4	11	2	36	265	362
4	4	5	37	367	382
4	3	2	38	382	409
4	7	1	39	526	608
4	8	10	40	624	638
4	9	5	41	691	716
4	3	8	42	746	801
4	11	8	43	801	840
4	10	0	44	891	946
5	14	11	45	211	307
5	9	4	46	319	388
5	0	11	47	393	466
5	13	0	48	481	499
5	13	9	49	499	513
5	4	6	50	560	618
5	1	7	51	760	827
5	5	2	52	831	868
5	10	2	53	868	891
5	11	5	54	895	948
6	12	1	55	0	26
6	3	6	56	38	68
6	7	9	57	143	215
6	12	5	58	234	306
6	0	2	59	546	637
6	6	10	60	668	763
6	13	1	61	763	772
6	6	3	62	772	833
6	12	4	63	840	937
7	2	6	64	0	38
7	4	0	65	104	132
7	8	10	66	161	216
7	1	7	67	314	352
7	1	7	68	352	425
7	7	7	69	427	436
7	1	7	70	584	670
8	5	10	71	0	59
8	5	8	72	99	130
8	9	4	73	130	200
8	5	11	74	618	646
8	8	10	75	763	824
8	8	2	76	907	920
9	11	0	77	0	29
9	9	4	78	47	58
9	2	1	79	292	376
9	5	3	80	382	478
9	1	3	81	478	535
9	2	10	82	584	601
9	5	11	83	646	679
9	2	2	84	891	907
10	13	1	85	67	139
10	10	11	86	139	175
10	11	6	87	179	215
10	8	3	88	250	272
10	1	3	89	275	310
10	13	7	90	536	584
10	12	1	91	664	707
10	10	10	92	828	853
10	2	1	93	907	942
11	12	9	94	44	83
11	1	2	95	99	176
11	14	11	96	176	211
11	5	10	97	216	299
11	6	10	98	299	388
11	12	4	99	553	649
11	2	4	100	649	708
11	11	6	101	735	767
11	0	10	102	853	946
11	10	1	103	946	1022
12	9	4	104	12	47
12	2	7	105	47	59
12	12	9	106	83	143
12	11	0	107	215	256
12	4	5	108	306	367
12	14	4	109	388	485
12	14	10	110	485	584
12	7	9	111	608	698
12	7	9	112	872	920
12	0	4	113	967	1005
13	12	5	114	145	168
13	3	3	115	201	250
13	0	7	116	278	314
13	10	9	117	324	334
13	10	1	118	376	448
13	5	9	119	920	991
14	4	2	120	52	70
14	12	1	121	168	234
14	13	6	122	247	292
14	2	6	123	380	413
14	0	8	124	473	546
14	2	1	125	708	762
14	4	8	126	933	996
15	6	4	127	70	125
15	0	3	128	125	201
15	6	5	129	388	471
15	2	10	130	601	624
15	8	8	131	840	897
15	3	3	132	932	954
15	11	0	133	962	1029
16	8	9	134	0	44
16	5	2	135	70	96
16	11	10	136	98	161
16	10	1	137	241	292
16	4	10	138	433	475
16	4	6	139	501	549
16	9	5	140	635	691
16	9	1	141	798	825
16	7	7	142	827	855
16	1	7	143	855	942
17	7	11	144	0	86
17	5	8	145	130	147
17	5	8	146	147	175
17	14	3	147	310	382
17	8	8	148	415	473
17	11	0	149	643	716
18	13	5	150	0	48
18	3	3	151	70	103
18	13	1	152	139	168
18	2	5	153	168	228
18	9	9	154	228	273
18	10	11	155	339	372
18	8	7	156	498	536
18	8	9	157	698	721
18	11	0	158	840	880
19	0	7	159	0	41
19	9	10	160	59	98
19	7	7	161	218	274
19	12	6	162	306	380
19	12	9	163	427	492
19	2	2	164	492	540
19	8	8	165	546	604
19	0	2	166	675	753
19	6	2	167	932	961
20	4	0	168	132	210
20	2	2	169	241	265
20	10	1	170	608	664
20	3	6	171	697	735
20	9	8	172	923	933
20	2	10	173	946	1025
21	8	5	174	48	145
21	13	0	175	299	368
21	6	4	176	485	553
21	11	5	177	570	635
21	1	7	178	670	760
21	2	6	179	767	838
21	3	8	180	996	1031
22	0	11	181	372	393
22	11	7	182	436	498
22	6	0	183	565	643
22	12	4	184	708	782
22	6	3	185	833	932
22	7	6	186	932	989
22	13	9	187	991	1015
22	7	9	188	1015	1031
23	2	7	189	59	147
23	13	6	190	215	247
23	10	4	191	292	319
23	13	0	192	368	404
23	9	5	193	471	570
23	9	1	194	825	895
23	8	3	195	984	1026
24	4	2	196	0	52
24	4	0	197	91	104
24	6	7	198	147	218
24	7	6	199	292	303
24	11	0	200	499	565
24	3	3	201	647	697
24	14	1	202	772	784
24	14	9	203	804	872
25	6	3	204	0	70
25	8	9	205	273	324
25	13	0	206	404	481
25	1	6	207	549	560
25	5	2	208	753	831
26	14	11	209	86	111
26	0	2	210	637	675
26	13	0	211	774	836
26	13	8	212	897	923
26	4	6	213	996	1014
27	3	6	214	413	501
27	10	9	215	513	545
27	9	5	216	716	798
27	4	11	217	847	918
27	11	5	218	948	962
27	9	2	219	962	1033
28	0	3	220	103	122
28	4	8	221	618	703
28	10	0	222	716	774
28	10	4	223	782	828
28	12	5	224	831	840
28	3	6	225	840	924
28	14	11	226	924	957
28	13	3	227	957	984
28	12	4	228	1005	1032
29	14	1	229	26	67
29	10	2	230	206	241
29	3	8	231	275	330
29	4	8	232	703	746
29	6	5	233	962	991
29	6	5	234	991	1032


Solution History:
