This is the output of Heuristic Solver for Dual resource constrained flexible job shop Scheduling Problem.
Input file is: wfjsp9_2.txt
Method: TS_100000000_0.172177_5
Seed: 4
Number of Jobs: 15
Number of Operations: 141
Number of Machines: 5
Number of Operators: 5
CPU Time: 10.3368
obj: 1430
Best found lower bound:0
Solver gap (best found lower bound and upper bound difference): Not known


Final Solution:
Job	Machine	Operator	Operation	Start Time	Finish Time
0	4	1	0	0	78
0	4	1	1	238	316
0	2	4	2	378	402
0	4	1	3	572	611
0	3	0	4	953	969
0	1	3	5	1002	1026
0	0	4	6	1026	1090
0	3	0	7	1307	1316
1	3	3	8	92	169
1	4	1	9	195	238
1	2	2	10	638	688
1	1	4	11	711	727
1	1	0	12	727	796
1	1	0	13	796	863
1	4	1	14	881	937
1	0	2	15	950	1022
1	1	3	16	1307	1341
2	1	0	17	378	422
2	0	3	18	527	545
2	0	3	19	625	680
2	0	3	20	710	787
2	0	4	21	787	880
2	4	1	22	1004	1057
2	3	0	23	1071	1139
2	2	4	24	1158	1223
2	0	2	25	1223	1240
2	0	2	26	1240	1251
3	1	3	27	263	350
3	0	2	28	406	428
3	2	0	29	463	537
3	3	3	30	787	876
3	3	0	31	969	988
3	4	1	32	1095	1167
3	4	1	33	1167	1244
3	0	2	34	1251	1307
3	2	4	35	1323	1348
4	3	3	36	169	219
4	1	3	37	227	263
4	3	4	38	299	374
4	4	1	39	405	485
4	0	2	40	508	527
4	2	2	41	537	553
4	0	3	42	680	710
4	3	4	43	766	783
4	0	4	44	880	918
4	2	0	45	1348	1419
5	3	3	46	52	92
5	1	0	47	129	227
5	4	1	48	316	405
5	3	4	49	463	525
5	1	0	50	537	566
5	4	1	51	937	1004
5	4	1	52	1057	1095
5	2	4	53	1116	1142
5	1	3	54	1394	1429
6	0	2	55	81	128
6	0	2	56	128	147
6	2	0	57	307	378
6	2	4	58	402	463
6	0	2	59	479	490
6	1	0	60	621	651
6	1	3	61	1124	1173
6	3	3	62	1227	1305
6	1	3	63	1341	1394
7	0	2	64	11	81
7	4	1	65	131	195
7	3	4	66	219	243
7	3	4	67	525	616
7	3	4	68	616	631
7	3	4	69	631	711
7	3	0	70	711	725
7	2	2	71	771	825
7	4	1	72	826	881
7	1	3	73	953	1002
8	2	4	74	0	61
8	2	2	75	553	638
8	1	0	76	651	706
8	2	2	77	825	877
8	3	0	78	988	1071
8	2	2	79	1073	1087
8	0	2	80	1090	1143
8	4	1	81	1299	1345
8	4	1	82	1376	1430
9	1	3	83	0	18
9	0	3	84	545	625
9	3	4	85	738	766
9	1	0	86	863	885
9	2	2	87	885	919
9	0	2	88	919	950
9	1	3	89	1026	1124
9	0	2	90	1143	1213
9	1	0	91	1227	1307
9	0	2	92	1307	1374
10	0	2	93	0	11
10	1	3	94	28	52
10	2	0	95	227	307
10	0	2	96	307	375
10	3	3	97	375	426
10	1	3	98	426	513
10	4	1	99	672	759
10	4	1	100	759	778
10	3	3	101	876	953
10	4	1	102	1244	1299
11	4	1	103	78	131
11	0	2	104	147	214
11	0	2	105	214	292
11	0	2	106	375	406
11	4	1	107	778	826
11	1	0	108	885	952
11	2	4	109	957	1020
11	2	2	110	1022	1073
11	4	1	111	1345	1376
12	3	0	112	0	51
12	2	0	113	61	129
12	2	4	114	129	202
12	2	4	115	202	215
12	0	2	116	292	306
12	0	2	117	428	446
12	4	1	118	485	572
12	3	0	119	1139	1224
12	3	0	120	1316	1347
13	1	4	121	61	122
13	3	4	122	243	299
13	1	3	123	350	374
13	3	0	124	426	456
13	0	2	125	490	508
13	3	4	126	727	738
13	2	4	127	1090	1116
13	2	4	128	1142	1158
13	0	2	129	1213	1221
13	3	4	130	1348	1426
14	1	3	131	18	28
14	0	2	132	446	479
14	1	0	133	566	621
14	4	1	134	621	672
14	2	2	135	688	737
14	2	2	136	737	771
14	2	4	137	919	957
14	1	3	138	1173	1227
14	2	4	139	1227	1323
14	0	2	140	1374	1430


Solution History:
