This is the output of Heuristic Solver for Dual resource constrained flexible job shop Scheduling Problem.
Input file is: wfjsp19_5.txt
Method: TS_100000000_0.474968_5
Seed: 5
Number of Jobs: 20
Number of Operations: 241
Number of Machines: 10
Number of Operators: 8
CPU Time: 28.5158
obj: 1457
Best found lower bound:0
Solver gap (best found lower bound and upper bound difference): Not known


Final Solution:
Job	Machine	Operator	Operation	Start Time	Finish Time
0	2	4	0	116	130
0	2	1	1	130	168
0	6	1	2	324	408
0	0	1	3	408	476
0	7	7	4	545	617
0	5	2	5	644	678
0	4	2	6	994	1058
0	4	0	7	1120	1159
1	1	3	8	0	55
1	1	3	9	138	172
1	2	1	10	172	205
1	3	5	11	224	297
1	2	5	12	301	322
1	1	7	13	440	455
1	5	7	14	477	545
1	2	6	15	657	723
1	1	3	16	785	795
1	1	4	17	805	850
1	4	7	18	850	918
1	8	5	19	925	970
1	2	6	20	1353	1383
1	4	0	21	1385	1422
2	6	4	22	84	116
2	7	5	23	123	155
2	4	2	24	178	261
2	0	0	25	261	304
2	5	4	26	304	343
2	1	5	27	343	366
2	7	7	28	432	440
2	3	0	29	440	490
2	0	0	30	490	584
2	8	5	31	784	848
2	8	4	32	850	921
2	6	7	33	921	1013
2	7	4	34	1323	1403
2	7	4	35	1403	1441
3	9	4	36	71	84
3	3	0	37	96	143
3	9	6	38	297	373
3	8	5	39	439	508
3	6	7	40	650	718
3	0	0	41	843	875
3	1	5	42	1041	1113
4	0	1	43	96	128
4	2	6	44	207	225
4	1	3	45	477	544
4	1	4	46	575	670
4	1	1	47	868	962
4	0	0	48	984	1026
4	1	1	49	1261	1353
4	0	2	50	1376	1454
5	6	0	51	69	79
5	5	4	52	130	168
5	7	4	53	176	255
5	7	3	54	683	714
5	2	6	55	723	808
5	2	6	56	808	826
5	8	0	57	1029	1070
5	6	3	58	1253	1339
5	2	6	59	1339	1353
5	4	7	60	1424	1448
6	4	0	61	0	67
6	0	0	62	79	96
6	4	2	63	273	313
6	8	2	64	324	355
6	5	3	65	355	439
6	8	0	66	584	670
6	7	5	67	714	758
6	2	6	68	826	871
6	4	0	69	925	941
6	5	4	70	1001	1091
6	3	7	71	1096	1178
6	0	2	72	1261	1306
6	1	5	73	1374	1412
6	6	0	74	1424	1439
7	9	6	75	84	174
7	9	6	76	174	207
7	5	1	77	207	255
7	6	4	78	432	504
7	0	1	79	584	669
7	8	5	80	759	784
7	2	6	81	890	959
7	8	1	82	970	1029
7	8	0	83	1070	1080
7	8	2	84	1094	1119
7	7	1	85	1119	1127
7	0	1	86	1127	1136
7	8	2	87	1178	1261
7	3	3	88	1339	1425
8	2	4	89	255	301
8	9	6	90	387	418
8	4	2	91	450	535
8	4	5	92	544	589
8	6	7	93	642	650
8	9	2	94	746	787
8	7	4	95	921	1001
8	7	1	96	1136	1177
8	4	0	97	1335	1385
9	8	4	98	0	21
9	5	4	99	21	66
9	8	5	100	155	224
9	4	2	101	261	273
9	3	5	102	366	437
9	6	4	103	504	575
9	9	5	104	855	925
9	0	0	105	941	984
9	6	1	106	1029	1112
9	1	5	107	1113	1212
9	9	4	108	1212	1242
9	2	6	109	1243	1335
9	9	5	110	1335	1374
9	6	7	111	1380	1411
9	9	6	112	1411	1454
10	7	4	113	168	176
10	1	3	114	239	325
10	3	5	115	678	709
10	4	7	116	813	836
10	5	2	117	855	870
10	3	3	118	873	936
10	2	6	119	959	994
10	1	5	120	1004	1041
10	7	3	121	1052	1081
10	8	2	122	1119	1139
10	2	6	123	1165	1243
10	0	4	124	1243	1260
10	5	7	125	1286	1318
10	8	1	126	1353	1374
11	9	6	127	0	71
11	6	7	128	116	203
11	8	0	129	234	242
11	0	0	130	242	259
11	5	7	131	270	300
11	3	7	132	300	365
11	5	3	133	468	477
11	8	1	134	508	577
11	4	5	135	589	604
11	7	3	136	795	804
11	3	3	137	936	982
11	8	2	138	1139	1178
12	2	1	139	0	92
12	7	5	140	322	342
12	4	5	141	535	544
12	5	3	142	545	562
12	4	3	143	604	683
12	4	0	144	721	790
12	9	2	145	790	855
12	2	6	146	871	890
12	2	6	147	1062	1087
12	9	6	148	1096	1165
12	5	7	149	1178	1261
12	3	0	150	1261	1335
12	9	6	151	1383	1408
12	5	3	152	1425	1456
13	1	3	153	172	239
13	4	2	154	420	450
13	9	6	155	533	605
13	9	2	156	698	746
13	9	7	157	1013	1096
13	6	7	158	1366	1380
13	6	7	159	1411	1424
14	8	2	160	21	106
14	4	2	161	106	178
14	8	1	162	255	324
14	7	7	163	365	432
14	5	3	164	439	468
14	4	2	165	683	698
14	5	4	166	759	805
14	2	3	167	1087	1165
14	9	4	168	1178	1194
14	7	3	169	1199	1217
14	6	3	170	1218	1253
14	4	5	171	1257	1327
14	8	1	172	1374	1455
15	0	0	173	304	369
15	8	0	174	369	439
15	2	6	175	468	533
15	5	2	176	562	644
15	1	1	177	670	733
15	4	0	178	790	813
15	1	5	179	970	990
15	2	6	180	994	1062
15	0	0	181	1159	1195
15	3	0	182	1241	1258
15	8	2	183	1306	1342
16	7	5	184	0	47
16	1	3	185	55	138
16	0	0	186	143	234
16	4	2	187	355	420
16	9	6	188	420	468
16	2	6	189	605	657
16	8	4	190	690	759
16	0	0	191	813	843
16	0	0	192	875	925
16	5	2	193	955	978
16	9	2	194	978	994
16	0	0	195	1084	1120
16	4	3	196	1165	1175
16	3	0	197	1199	1241
16	0	7	198	1318	1366
17	6	7	199	0	69
17	9	6	200	225	297
17	7	5	201	508	526
17	9	5	202	605	678
17	0	0	203	678	721
17	1	1	204	733	776
17	6	1	205	785	868
17	5	2	206	870	955
17	6	1	207	1177	1218
17	1	1	208	1218	1261
17	9	4	209	1261	1275
17	7	4	210	1275	1314
17	7	4	211	1314	1323
17	5	2	212	1342	1376
17	6	0	213	1439	1453
18	4	7	214	69	103
18	2	4	215	350	432
18	7	1	216	494	506
18	3	3	217	562	601
18	7	7	218	617	642
18	8	4	219	670	690
18	0	7	220	721	811
18	9	5	221	994	1004
18	0	2	222	1058	1084
18	8	2	223	1084	1094
18	4	3	224	1175	1184
18	3	3	225	1184	1199
18	4	5	226	1212	1257
19	7	5	227	47	123
19	6	7	228	203	270
19	2	3	229	325	350
19	9	6	230	373	387
19	1	7	231	455	473
19	7	1	232	476	494
19	3	2	233	535	562
19	6	3	234	718	785
19	3	3	235	804	873
19	3	3	236	982	1052
19	5	4	237	1091	1178
19	9	4	238	1194	1210
19	5	7	239	1261	1286
19	2	5	240	1412	1457


Solution History:
