This is the output of Heuristic Solver for Dual resource constrained flexible job shop Scheduling Problem.
Input file is: wfjsp19_5.txt
Method: TS_100000000_0.253827_5
Seed: 2
Number of Jobs: 20
Number of Operations: 241
Number of Machines: 10
Number of Operators: 8
CPU Time: 15.2474
obj: 1469
Best found lower bound:0
Solver gap (best found lower bound and upper bound difference): Not known


Final Solution:
Job	Machine	Operator	Operation	Start Time	Finish Time
0	0	7	0	95	111
0	6	3	1	414	456
0	6	3	2	456	540
0	3	2	3	777	847
0	5	2	4	910	975
0	7	3	5	1037	1079
0	4	2	6	1130	1194
0	1	1	7	1194	1231
1	6	7	8	0	50
1	1	5	9	85	123
1	2	1	10	129	162
1	5	3	11	187	257
1	2	3	12	261	282
1	4	2	13	378	391
1	2	6	14	507	576
1	9	5	15	589	653
1	5	7	16	663	673
1	7	7	17	865	920
1	4	3	18	929	996
1	7	5	19	1163	1206
1	8	2	20	1243	1271
1	6	1	21	1346	1387
2	9	6	22	0	32
2	7	4	23	84	113
2	4	2	24	176	259
2	0	0	25	299	342
2	9	6	26	381	424
2	1	4	27	429	452
2	7	7	28	531	539
2	0	2	29	611	656
2	4	0	30	679	770
2	8	0	31	865	927
2	8	0	32	927	994
2	0	0	33	1137	1231
2	7	4	34	1288	1368
2	2	6	35	1381	1418
3	9	4	36	564	577
3	5	1	37	611	655
3	7	1	38	655	748
3	4	3	39	1207	1276
3	2	6	40	1285	1351
3	2	6	41	1351	1381
3	1	4	42	1401	1469
4	3	5	43	23	61
4	2	3	44	85	103
4	5	3	45	121	187
4	1	7	46	271	360
4	7	7	47	920	1007
4	7	5	48	1118	1163
4	1	1	49	1231	1323
4	0	2	50	1369	1447
5	5	7	51	111	121
5	4	5	52	140	176
5	7	4	53	452	531
5	7	7	54	605	638
5	1	7	55	773	865
5	2	6	56	865	883
5	1	1	57	988	1024
5	6	7	58	1024	1110
5	3	0	59	1273	1286
5	4	5	60	1388	1412
6	4	0	61	73	140
6	0	2	62	158	174
6	6	4	63	196	242
6	9	6	64	261	296
6	8	5	65	350	443
6	8	0	66	477	563
6	1	7	67	563	605
6	2	6	68	676	721
6	4	0	69	770	786
6	1	4	70	891	988
6	0	0	71	1044	1137
6	0	4	72	1239	1288
6	1	7	73	1328	1364
6	6	0	74	1419	1434
7	9	6	75	101	191
7	8	1	76	210	238
7	5	2	77	259	313
7	6	3	78	347	414
7	5	1	79	449	539
7	8	5	80	564	589
7	2	6	81	607	676
7	2	6	82	721	776
7	8	1	83	1024	1033
7	8	1	84	1047	1072
7	7	7	85	1110	1118
7	1	1	86	1181	1192
7	8	2	87	1271	1354
7	3	3	88	1360	1446
8	2	1	89	162	210
8	0	0	90	342	372
8	4	2	91	391	476
8	4	0	92	632	679
8	3	2	93	727	736
8	9	2	94	736	777
8	2	6	95	883	963
8	4	3	96	996	1037
8	7	5	97	1206	1255
9	4	5	98	0	23
9	5	7	99	50	95
9	3	5	100	257	330
9	9	6	101	368	381
9	3	3	102	540	606
9	6	3	103	606	672
9	8	4	104	694	769
9	2	6	105	776	828
9	6	1	106	831	914
9	3	5	107	914	1002
9	9	4	108	1002	1032
9	2	6	109	1032	1124
9	9	5	110	1273	1312
9	6	0	111	1388	1419
9	9	6	112	1419	1462
10	1	5	113	123	132
10	2	6	114	429	507
10	2	6	115	576	607
10	3	7	116	638	663
10	5	2	117	676	691
10	3	5	118	847	914
10	5	2	119	975	1006
10	3	5	120	1021	1060
10	8	1	121	1072	1099
10	6	3	122	1110	1129
10	2	6	123	1207	1285
10	0	2	124	1354	1369
10	7	4	125	1369	1401
10	3	3	126	1446	1469
11	7	1	127	0	65
11	6	1	128	242	325
11	3	5	129	330	341
11	7	1	130	341	359
11	3	7	131	360	389
11	3	7	132	389	454
11	5	2	133	691	700
11	8	5	134	773	842
11	0	1	135	955	969
11	7	7	136	1007	1017
11	9	5	137	1060	1104
11	6	7	138	1129	1172
12	2	4	139	0	84
12	7	4	140	242	262
12	8	5	141	342	350
12	0	0	142	372	392
12	4	2	143	476	555
12	4	0	144	563	632
12	5	4	145	807	879
12	8	5	146	1002	1021
12	7	3	147	1079	1109
12	9	6	148	1124	1193
12	5	7	149	1193	1276
12	3	0	150	1286	1360
12	8	0	151	1360	1388
12	7	7	152	1435	1468
13	6	1	153	65	129
13	2	6	154	210	236
13	9	6	155	296	368
13	5	2	156	555	611
13	9	5	157	653	736
13	6	0	158	994	1008
13	6	0	159	1448	1461
14	8	2	160	73	158
14	1	7	161	196	271
14	8	4	162	271	342
14	0	0	163	414	477
14	1	4	164	531	562
14	0	1	165	584	600
14	5	3	166	741	787
14	2	3	167	1129	1207
14	9	4	168	1207	1223
14	7	5	169	1255	1273
14	6	3	170	1276	1311
14	4	5	171	1318	1388
14	8	1	172	1388	1469
15	0	0	173	0	65
15	9	5	174	191	257
15	2	3	175	282	347
15	5	1	176	359	449
15	9	2	177	847	910
15	6	1	178	914	933
15	0	1	179	933	955
15	2	6	180	963	1031
15	1	1	181	1100	1138
15	3	7	182	1172	1189
15	5	7	183	1400	1435
16	5	2	184	0	41
16	7	4	185	113	193
16	0	0	186	208	299
16	4	2	187	313	378
16	9	5	188	516	564
16	8	4	189	602	649
16	6	3	190	672	741
16	1	5	191	741	773
16	4	3	192	787	839
16	2	6	193	839	864
16	6	1	194	969	985
16	0	0	195	1008	1044
16	4	5	196	1104	1116
16	3	0	197	1231	1273
16	5	3	198	1311	1359
17	9	6	199	32	101
17	3	0	200	140	208
17	0	0	201	392	414
17	9	5	202	443	516
17	0	1	203	539	584
17	1	4	204	649	694
17	6	1	205	748	831
17	5	2	206	1006	1091
17	3	2	207	1091	1130
17	1	1	208	1138	1181
17	6	4	209	1187	1203
17	4	7	210	1276	1318
17	0	7	211	1318	1328
17	5	7	212	1364	1400
17	6	0	213	1434	1448
18	4	2	214	41	73
18	2	4	215	347	429
18	1	7	216	454	467
18	3	7	217	467	510
18	7	4	218	577	602
18	8	2	219	656	676
18	0	7	220	676	766
18	0	4	221	769	782
18	9	4	222	782	807
18	8	0	223	854	865
18	0	4	224	879	891
18	8	1	225	1033	1047
18	8	2	226	1194	1243
19	1	3	227	0	85
19	6	7	228	129	196
19	2	6	229	236	261
19	7	1	230	325	338
19	1	7	231	510	528
19	7	7	232	539	558
19	3	2	233	700	727
19	0	0	234	786	854
19	4	3	235	854	929
19	1	4	236	1032	1100
19	5	4	237	1100	1187
19	9	4	238	1223	1239
19	6	1	239	1323	1346
19	4	5	240	1412	1459


Solution History:
