This is the output of Heuristic Solver for Dual resource constrained flexible job shop Scheduling Problem.
Input file is: wfjsp13_10.txt
Method: TS_100000000_0.358060_5
Seed: 1
Number of Jobs: 25
Number of Operations: 248
Number of Machines: 15
Number of Operators: 15
CPU Time: 21.5076
obj: 980
Best found lower bound:0
Solver gap (best found lower bound and upper bound difference): Not known


Final Solution:
Job	Machine	Operator	Operation	Start Time	Finish Time
0	3	8	0	196	271
0	3	8	1	300	376
0	13	11	2	381	446
0	14	6	3	538	620
0	5	10	4	652	703
0	8	1	5	736	767
0	8	1	6	767	800
0	9	12	7	810	874
0	7	14	8	874	953
0	2	14	9	953	978
1	7	11	10	0	37
1	4	2	11	37	71
1	4	6	12	95	184
1	2	0	13	204	286
1	14	3	14	333	394
1	11	0	15	638	720
1	13	11	16	741	821
1	9	11	17	874	886
2	11	1	18	46	55
2	3	8	19	81	124
2	12	6	20	184	261
2	4	4	21	263	348
2	10	8	22	473	522
2	12	4	23	525	597
2	13	11	24	624	664
2	0	1	25	683	706
2	7	13	26	707	756
2	7	13	27	756	775
2	1	3	28	786	875
2	12	7	29	896	926
3	12	13	30	0	80
3	2	5	31	87	171
3	5	13	32	359	425
3	8	10	33	445	477
3	13	11	34	491	545
3	4	2	35	545	622
3	9	12	36	643	657
3	12	5	37	676	698
3	0	1	38	706	728
3	14	0	39	728	779
3	0	1	40	898	932
4	1	0	41	0	92
4	0	4	42	111	176
4	4	2	43	448	538
4	3	7	44	566	580
4	11	0	45	585	599
4	3	8	46	673	742
4	0	4	47	781	832
4	8	1	48	938	952
5	6	9	49	0	87
5	5	14	50	141	225
5	8	9	51	477	504
5	7	13	52	504	573
5	3	7	53	580	588
5	8	9	54	593	668
5	6	6	55	707	779
5	11	5	56	779	798
5	3	4	57	851	924
5	12	7	58	926	962
5	3	7	59	965	973
6	14	9	60	95	182
6	13	12	61	215	261
6	0	1	62	314	401
6	1	0	63	429	497
6	1	14	64	586	673
6	12	7	65	698	774
6	7	13	66	775	828
6	0	13	67	832	877
6	0	4	68	932	950
7	9	1	69	0	26
7	14	1	70	26	44
7	0	4	71	60	81
7	10	7	72	81	130
7	8	10	73	131	178
7	13	12	74	197	215
7	10	14	75	248	323
7	3	7	76	380	425
7	10	14	77	523	563
7	8	5	78	898	938
8	8	5	79	0	87
8	7	11	80	92	127
8	7	11	81	127	162
8	10	7	82	162	186
8	3	7	83	186	196
8	9	7	84	196	288
8	6	2	85	326	362
8	3	7	86	454	488
8	14	6	87	643	707
8	3	6	88	779	851
8	6	2	89	869	885
9	3	8	90	0	81
9	7	11	91	162	231
9	5	11	92	231	259
9	1	3	93	267	286
9	9	7	94	288	380
9	14	3	95	394	443
9	9	6	96	452	534
9	2	13	97	573	652
9	8	4	98	673	736
9	2	9	99	736	822
9	2	9	100	822	907
9	14	12	101	907	980
10	14	9	102	182	271
10	13	12	103	271	351
10	10	8	104	376	418
10	4	8	105	418	448
10	13	11	106	448	491
10	9	8	107	534	613
10	1	14	108	673	688
10	10	14	109	688	764
11	14	6	110	82	95
11	9	8	111	124	192
11	2	9	112	286	353
11	4	10	113	353	406
11	12	4	114	437	525
11	0	12	115	528	601
11	4	2	116	622	704
11	13	10	117	821	898
11	9	11	118	898	964
12	13	10	119	0	85
12	5	13	120	259	291
12	14	3	121	291	333
12	12	9	122	353	437
12	10	8	123	448	473
12	6	9	124	504	571
12	6	9	125	571	587
12	14	12	126	620	643
12	2	9	127	668	707
12	4	2	128	707	738
12	8	12	129	874	898
13	5	6	130	0	42
13	7	11	131	42	92
13	0	4	132	92	111
13	11	3	133	111	204
13	7	14	134	231	242
13	7	11	135	259	339
13	13	0	136	351	366
13	1	0	137	366	429
13	11	0	138	497	585
13	9	0	139	613	638
13	9	12	140	741	810
13	14	1	141	810	890
14	12	13	142	110	163
14	0	1	143	176	267
14	12	6	144	267	333
14	9	6	145	380	452
14	0	9	146	452	464
14	8	5	147	504	593
14	12	5	148	597	676
14	6	2	149	779	869
14	4	8	150	869	913
14	3	8	151	924	936
14	11	5	152	938	972
15	2	14	153	0	78
15	4	2	154	184	259
15	8	10	155	263	349
15	2	14	156	446	523
15	13	11	157	545	624
15	6	13	158	668	707
15	10	14	159	764	796
15	10	0	160	796	871
15	1	13	161	877	969
16	5	2	162	110	141
16	1	5	163	290	351
16	11	5	164	351	437
16	6	1	165	448	497
16	3	7	166	497	566
16	5	10	167	580	652
16	8	11	168	821	855
16	2	9	169	907	950
17	11	3	170	0	46
17	6	1	171	87	175
17	11	5	172	204	290
17	5	13	173	291	359
17	10	10	174	418	445
17	14	3	175	445	538
17	7	3	176	644	693
17	1	3	177	693	786
17	11	5	178	798	813
17	5	6	179	851	914
18	14	12	180	0	12
18	10	7	181	12	73
18	4	2	182	73	95
18	5	13	183	425	485
18	7	3	184	573	644
18	13	12	185	664	740
18	12	8	186	777	863
18	6	2	187	885	973
19	0	4	188	0	60
19	13	12	189	157	197
19	11	0	190	290	313
19	8	4	191	349	437
19	5	10	192	485	532
19	5	10	193	532	580
19	3	4	194	597	673
19	11	5	195	720	752
19	10	3	196	875	965
20	11	3	197	64	109
20	3	2	198	141	173
20	8	4	199	178	263
20	6	2	200	263	300
20	13	11	201	366	381
20	3	7	202	425	454
20	11	5	203	454	488
20	6	8	204	613	638
20	6	8	205	638	668
20	3	8	206	742	777
20	5	14	207	796	841
21	6	13	208	175	251
21	3	8	209	271	300
21	10	14	210	323	369
21	7	12	211	369	463
21	0	12	212	464	528
21	10	14	213	563	586
21	10	7	214	588	660
21	10	7	215	660	679
21	5	10	216	703	788
21	12	7	217	871	896
21	4	10	218	913	977
22	9	6	219	42	64
22	5	13	220	80	110
22	1	0	221	110	204
22	1	3	222	204	267
22	6	2	223	300	326
22	7	6	224	339	360
22	0	1	225	401	436
22	9	11	226	664	741
22	11	5	227	813	894
22	13	0	228	898	964
23	14	12	229	44	82
23	8	10	230	87	131
23	0	1	231	267	314
23	2	14	232	369	446
23	1	1	233	497	585
23	0	1	234	601	683
23	0	4	235	736	781
23	4	7	236	781	841
23	12	7	237	863	871
23	9	11	238	886	897
23	5	6	239	914	976
24	4	2	240	0	37
24	11	1	241	55	64
24	13	12	242	85	157
24	10	10	243	186	248
24	6	2	244	362	448
24	0	0	245	877	886
24	0	0	246	886	898
24	3	8	247	936	965


Solution History:
