This is the output of Heuristic Solver for Dual resource constrained flexible job shop Scheduling Problem.
Input file is: wfjsp18_1.txt
Method: TS_100000000_0.066032_5
Seed: 4
Number of Jobs: 20
Number of Operations: 150
Number of Machines: 10
Number of Operators: 8
CPU Time: 3.96834
obj: 966
Best found lower bound:0
Solver gap (best found lower bound and upper bound difference): Not known


Final Solution:
Job	Machine	Operator	Operation	Start Time	Finish Time
0	8	5	0	119	202
0	6	3	1	320	349
0	5	5	2	375	430
0	1	6	3	480	578
0	7	3	4	592	672
1	1	0	5	134	189
1	4	0	6	236	321
1	4	3	7	349	382
1	8	1	8	510	552
1	3	2	9	647	686
1	3	2	10	686	695
1	0	2	11	801	819
1	5	0	12	891	907
1	4	1	13	907	957
2	2	5	14	57	113
2	5	3	15	140	192
2	8	1	16	202	225
2	1	5	17	298	306
2	7	5	18	306	364
2	7	2	19	379	434
2	1	7	20	723	806
3	6	3	21	226	320
3	6	0	22	370	416
3	5	1	23	631	714
3	0	2	24	819	835
3	4	7	25	845	878
3	9	3	26	936	958
4	5	0	27	83	104
4	1	6	28	344	396
4	6	3	29	454	533
4	9	3	30	533	580
4	9	5	31	592	657
4	8	1	32	714	807
4	7	2	33	906	953
5	5	5	34	0	13
5	5	5	35	13	57
5	5	0	36	57	83
5	3	4	37	186	222
5	9	6	38	226	299
5	8	1	39	328	387
5	9	5	40	473	503
5	7	5	41	510	592
5	0	2	42	835	858
6	2	0	43	0	53
6	2	0	44	113	126
6	0	2	45	170	184
6	5	4	46	242	325
6	6	0	47	416	425
6	3	2	48	434	443
6	4	4	49	778	825
6	1	5	50	891	966
7	4	7	51	0	15
7	3	1	52	119	184
7	1	0	53	602	651
7	2	7	54	878	918
7	3	6	55	921	962
8	0	2	56	28	122
8	6	6	57	185	226
8	0	2	58	556	647
8	1	0	59	651	705
8	0	3	60	755	780
8	9	3	61	780	841
9	8	1	62	0	18
9	4	7	63	18	58
9	6	6	64	83	185
9	1	6	65	306	344
9	8	1	66	387	406
9	4	1	67	406	452
9	2	0	68	705	755
9	0	4	69	863	928
9	8	4	70	928	966
10	7	2	71	0	28
10	9	4	72	82	122
10	0	2	73	184	232
10	0	2	74	232	279
10	5	0	75	325	370
10	9	5	76	657	732
10	7	0	77	755	836
11	9	4	78	0	82
11	2	0	79	425	515
11	2	4	80	602	678
11	6	6	81	838	883
11	4	1	82	889	904
11	0	7	83	931	949
11	5	0	84	954	963
12	8	1	85	249	328
12	3	3	86	382	425
12	8	5	87	430	458
12	5	5	88	458	473
12	0	2	89	518	556
12	3	2	90	695	748
12	9	4	91	761	778
12	1	0	92	845	891
13	1	7	93	58	134
13	1	5	94	202	220
13	3	4	95	222	242
13	0	2	96	279	333
13	7	5	97	364	375
13	5	4	98	473	554
13	6	7	99	640	715
13	3	2	100	748	801
13	2	4	101	825	863
14	4	7	102	140	223
14	9	4	103	325	404
14	1	6	104	437	480
14	6	6	105	578	634
14	0	6	106	780	798
14	7	2	107	858	906
14	2	7	108	918	931
15	6	6	109	0	83
15	2	4	110	126	186
15	0	7	111	402	478
15	4	7	112	478	500
15	0	7	113	500	518
15	2	0	114	518	602
15	1	6	115	705	723
15	5	5	116	732	817
15	9	3	117	841	936
16	0	3	118	0	14
16	3	3	119	14	41
16	3	3	120	41	58
16	4	3	121	58	140
16	2	0	122	189	236
16	5	1	123	554	631
16	0	6	124	647	703
16	6	6	125	723	767
16	1	7	126	806	845
16	3	6	127	889	921
17	8	1	128	225	249
17	2	7	129	310	402
17	6	3	130	425	454
17	3	4	131	554	581
17	6	6	132	798	838
18	8	1	133	18	36
18	0	2	134	122	170
18	1	5	135	220	298
18	9	4	136	404	461
18	3	2	137	461	501
18	4	7	138	518	605
18	8	7	139	605	640
18	7	3	140	672	755
18	3	1	141	807	889
18	6	0	142	907	954
19	8	1	143	36	119
19	2	7	144	236	310
19	0	2	145	333	379
19	1	6	146	396	437
19	7	1	147	452	510
19	4	4	148	678	761
19	5	5	149	817	889


Solution History:
