This is the output of Heuristic Solver for Dual resource constrained flexible job shop Scheduling Problem.
Input file is: wfjsp23_5.txt
Method: TS_100000000_0.994565_5
Seed: 4
Number of Jobs: 30
Number of Operations: 360
Number of Machines: 15
Number of Operators: 12
CPU Time: 59.7275
obj: 1487
Best found lower bound:0
Solver gap (best found lower bound and upper bound difference): Not known


Final Solution:
Job	Machine	Operator	Operation	Start Time	Finish Time
0	6	5	0	73	89
0	10	8	1	89	132
0	0	3	2	504	601
0	12	0	3	604	670
0	9	3	4	671	741
0	9	10	5	741	778
0	2	7	6	781	848
0	6	0	7	869	906
0	11	1	8	927	973
0	8	9	9	1040	1077
0	9	1	10	1125	1154
0	9	11	11	1409	1473
1	3	4	12	0	21
1	8	1	13	21	34
1	1	11	14	41	113
1	14	9	15	183	243
1	4	0	16	299	310
1	9	3	17	388	437
1	7	6	18	457	526
1	5	5	19	527	572
1	13	3	20	1140	1170
1	0	2	21	1360	1399
2	12	7	22	146	176
2	6	5	23	285	317
2	4	10	24	352	436
2	4	8	25	526	573
2	11	10	26	678	719
2	13	8	27	729	750
2	6	4	28	837	846
2	5	3	29	1074	1122
2	2	7	30	1123	1210
2	8	6	31	1415	1479
3	5	5	32	89	160
3	4	0	33	208	299
3	7	1	34	369	449
3	8	2	35	613	649
3	0	10	36	661	678
3	1	9	37	734	779
3	12	9	38	790	878
3	14	9	39	878	941
3	3	11	40	963	1021
3	7	0	41	1448	1478
4	4	2	42	35	103
4	7	6	43	194	232
4	0	6	44	601	619
4	0	5	45	783	857
4	3	3	46	877	962
4	6	1	47	1042	1125
4	12	0	48	1130	1170
4	4	4	49	1173	1254
4	6	9	50	1403	1476
4	3	7	51	1476	1486
5	12	11	52	0	41
5	3	11	53	719	798
5	13	7	54	848	881
5	10	6	55	992	1080
5	13	3	56	1122	1140
5	1	1	57	1154	1188
5	2	10	58	1218	1299
5	2	10	59	1299	1315
5	14	7	60	1315	1340
5	2	11	61	1345	1409
6	3	11	62	181	197
6	7	1	63	308	350
6	8	10	64	569	603
6	6	8	65	645	729
6	7	4	66	759	837
6	6	0	67	906	944
6	2	11	68	1021	1066
6	12	2	69	1066	1081
6	10	8	70	1128	1227
6	5	3	71	1237	1319
6	3	0	72	1355	1398
7	3	3	73	38	80
7	4	2	74	103	116
7	6	1	75	120	207
7	13	7	76	228	259
7	0	7	77	259	309
7	8	6	78	310	379
7	5	5	79	605	693
7	9	0	80	962	989
7	0	2	81	1103	1175
7	13	8	82	1302	1349
8	6	9	83	0	13
8	9	1	84	34	60
8	9	1	85	112	120
8	7	6	86	183	194
8	5	10	87	214	292
8	8	9	88	464	545
8	2	4	89	579	625
8	3	4	90	691	719
8	14	1	91	729	813
8	0	5	92	869	914
8	6	0	93	1170	1178
8	13	1	94	1188	1229
8	14	7	95	1229	1309
8	3	4	96	1309	1350
8	7	0	97	1398	1448
9	7	8	98	25	46
9	0	0	99	53	90
9	2	4	100	90	163
9	10	2	101	244	257
9	1	0	102	310	380
9	13	7	103	435	509
9	13	4	104	509	579
9	12	9	105	690	734
9	10	4	106	846	929
9	1	10	107	935	1012
9	10	7	108	1082	1123
9	11	9	109	1225	1325
9	10	6	110	1325	1368
9	10	8	111	1436	1476
10	4	3	112	165	208
10	2	11	113	278	287
10	3	11	114	350	428
10	14	1	115	488	519
10	8	10	116	546	569
10	5	5	117	572	588
10	14	6	118	619	683
10	14	5	119	693	729
10	4	3	120	741	778
10	8	1	121	814	842
10	10	0	122	944	962
10	11	1	123	973	1042
10	1	2	124	1293	1308
11	13	6	125	48	83
11	11	2	126	121	142
11	1	0	127	142	207
11	9	1	128	519	602
11	9	10	129	652	661
11	0	6	130	683	700
11	8	3	131	783	814
11	9	3	132	814	877
11	9	5	133	914	923
11	2	2	134	948	1015
11	9	3	135	1015	1028
11	6	9	136	1028	1040
11	0	0	137	1049	1093
11	4	8	138	1349	1392
11	12	5	139	1392	1482
12	8	2	140	0	18
12	11	10	141	18	26
12	10	0	142	35	53
12	12	7	143	67	146
12	13	8	144	146	228
12	14	6	145	243	310
12	6	4	146	366	386
12	12	5	147	483	508
12	5	7	148	712	781
12	1	11	149	798	881
12	9	6	150	1155	1229
12	1	0	151	1265	1293
12	4	11	152	1311	1345
13	5	5	153	0	73
13	7	11	154	155	181
13	7	4	155	233	299
13	14	2	156	559	613
13	2	11	157	625	708
13	6	5	158	729	744
13	7	4	159	747	759
13	11	2	160	769	854
13	8	6	161	1080	1155
13	7	9	162	1155	1225
13	0	5	163	1225	1292
13	8	2	164	1308	1338
13	13	7	165	1349	1365
13	10	4	166	1368	1414
13	2	10	167	1414	1487
14	11	10	168	0	17
14	6	1	169	95	112
14	7	11	170	113	155
14	2	4	171	163	233
14	10	8	172	276	352
14	12	0	173	389	454
14	11	7	174	535	609
14	14	8	175	813	876
14	7	11	176	881	963
14	14	7	177	1015	1082
14	2	2	178	1082	1103
14	1	2	179	1338	1360
14	0	2	180	1399	1470
15	0	3	181	0	38
15	9	6	182	83	100
15	0	2	183	142	175
15	6	5	184	240	285
15	12	9	185	308	389
15	6	4	186	415	495
15	4	0	187	670	740
15	8	0	188	740	783
15	10	6	189	793	841
15	8	6	190	842	910
15	5	10	191	1122	1156
15	10	4	192	1254	1300
16	13	6	193	0	23
16	8	8	194	46	64
16	8	9	195	135	177
16	10	6	196	232	243
16	11	7	197	309	355
16	0	5	198	405	452
16	5	8	199	453	522
16	4	8	200	573	645
16	5	10	201	781	800
16	11	1	202	856	927
16	8	2	203	1175	1223
16	13	1	204	1258	1301
16	5	7	205	1365	1452
17	11	8	206	355	440
17	2	1	207	449	488
17	12	9	208	545	589
17	5	5	209	589	605
17	8	2	210	649	688
17	11	10	211	719	730
17	6	5	212	744	783
17	10	4	213	929	941
17	8	8	214	992	1030
17	11	9	215	1077	1154
17	13	3	216	1170	1181
17	8	3	217	1358	1403
18	10	7	218	176	201
18	8	1	219	207	225
18	8	1	220	225	308
18	14	8	221	440	453
18	3	7	222	509	533
18	6	10	223	533	546
18	12	7	224	677	687
18	12	0	225	1031	1046
18	12	5	226	1081	1130
18	9	5	227	1292	1381
19	2	7	228	0	67
19	10	7	229	201	226
19	11	10	230	292	307
19	5	10	231	307	326
19	5	11	232	328	350
19	14	6	233	379	410
19	9	3	234	437	504
19	1	6	235	526	597
19	10	4	236	625	691
19	2	2	237	854	948
19	14	0	238	989	1006
19	7	0	239	1006	1031
19	3	3	240	1031	1074
19	11	10	241	1156	1218
19	12	0	242	1293	1355
20	3	3	243	80	165
20	0	5	244	193	240
20	9	1	245	350	369
20	0	5	246	452	483
20	12	5	247	508	527
20	10	11	248	560	623
20	9	8	249	790	807
20	5	3	250	1181	1212
20	6	9	251	1325	1403
20	13	6	252	1403	1415
20	11	2	253	1470	1478
21	1	9	254	17	35
21	4	10	255	121	148
21	11	8	256	228	276
21	6	4	257	386	415
21	1	1	258	690	718
21	3	0	259	832	869
21	12	7	260	932	1015
21	1	2	261	1015	1064
21	4	4	262	1092	1173
21	6	0	263	1178	1265
22	8	9	264	95	135
22	9	11	265	197	278
22	2	10	266	326	352
22	10	2	267	359	442
22	4	10	268	442	526
22	0	10	269	627	652
22	0	2	270	703	769
22	4	8	271	918	990
22	4	4	272	1023	1092
22	11	10	273	1325	1408
23	1	0	274	0	17
23	10	8	275	64	86
23	14	6	276	100	183
23	6	5	277	317	366
23	11	0	278	454	535
23	11	7	279	609	677
23	12	8	280	750	790
23	4	8	281	876	918
23	0	3	282	962	1009
23	9	10	283	1049	1122
23	14	5	284	1130	1221
23	8	6	285	1229	1298
23	0	3	286	1319	1358
23	13	4	287	1415	1483
24	4	1	288	0	16
24	10	0	289	17	35
24	14	9	290	35	93
24	12	2	291	176	244
24	1	2	292	257	298
24	13	3	293	300	388
24	6	4	294	495	509
24	7	7	295	690	712
24	13	4	296	941	1023
24	1	1	297	1249	1258
24	5	7	298	1452	1469
25	14	2	299	18	35
25	0	0	300	90	140
25	11	10	301	162	214
25	3	3	302	235	300
25	3	4	303	300	349
25	10	2	304	442	474
25	1	1	305	602	690
25	7	1	306	842	856
25	0	5	307	857	869
25	12	2	308	1223	1290
25	14	8	309	1392	1436
26	7	8	310	0	25
26	13	6	311	25	48
26	11	10	312	58	121
26	14	2	313	310	359
26	0	5	314	366	405
26	3	11	315	428	488
26	7	4	316	719	747
26	13	7	317	881	932
26	5	5	318	932	1016
26	5	5	319	1016	1062
26	1	11	320	1066	1152
26	7	11	321	1233	1311
26	1	6	322	1368	1398
26	4	3	323	1403	1479
27	8	9	324	389	464
27	7	0	325	535	604
27	6	10	326	604	627
27	7	9	327	627	690
27	10	2	328	691	703
27	10	6	329	703	793
27	4	10	330	800	875
27	8	6	331	910	992
27	0	10	332	1012	1049
27	3	0	333	1093	1129
27	3	11	334	1152	1233
27	7	1	335	1311	1392
28	11	10	336	26	58
28	8	1	337	64	95
28	5	5	338	160	193
28	3	3	339	208	235
28	9	11	340	287	328
28	5	7	341	355	435
28	2	11	342	488	560
28	3	9	343	589	626
28	5	3	344	1212	1237
28	1	1	345	1237	1249
29	6	4	346	21	40
29	7	4	347	46	88
29	4	10	348	148	162
29	12	9	349	244	308
29	1	6	350	410	457
29	10	2	351	474	559
29	13	3	352	601	671
29	3	0	353	798	832
29	1	10	354	881	935
29	6	9	355	944	1021
29	7	8	356	1031	1102
29	7	8	357	1102	1128
29	4	8	358	1254	1302
29	1	1	359	1398	1484


Solution History:
