This is the output of Heuristic Solver for Dual resource constrained flexible job shop Scheduling Problem.
Input file is: wfjsp24_1.txt
Method: TS_100000000_1.367023_5
Seed: 5
Number of Jobs: 40
Number of Operations: 291
Number of Machines: 15
Number of Operators: 12
CPU Time: 82.0558
obj: 1196
Best found lower bound:0
Solver gap (best found lower bound and upper bound difference): Not known


Final Solution:
Job	Machine	Operator	Operation	Start Time	Finish Time
0	10	2	0	0	81
0	4	11	1	97	118
0	6	1	2	543	591
0	14	1	3	841	923
0	8	8	4	1067	1146
1	13	5	5	135	192
1	10	7	6	197	276
1	13	0	7	335	361
1	12	11	8	472	511
1	0	7	9	644	679
1	6	1	10	689	698
1	2	8	11	912	930
1	10	10	12	1053	1069
1	11	10	13	1113	1158
2	12	0	14	72	128
2	14	3	15	142	197
2	1	8	16	207	230
2	5	3	17	254	262
2	9	5	18	422	480
2	8	4	19	538	583
2	12	0	20	626	708
3	2	7	21	15	111
3	10	8	22	416	458
3	5	2	23	569	650
3	14	3	24	706	718
3	6	5	25	1117	1151
3	8	4	26	1152	1175
4	0	0	27	0	21
4	14	3	28	197	254
4	13	0	29	254	335
4	12	7	30	335	371
4	11	7	31	448	504
4	13	4	32	713	789
4	14	7	33	802	841
5	12	8	34	0	14
5	2	4	35	213	253
5	3	2	36	375	399
5	1	9	37	409	444
5	7	0	38	496	562
5	4	3	39	650	706
5	14	7	40	770	802
5	5	10	41	924	1011
5	11	11	42	1011	1036
6	13	5	43	192	247
6	7	1	44	255	268
6	5	3	45	268	280
6	11	11	46	284	372
6	6	1	47	443	452
6	3	5	48	615	625
6	8	6	49	657	693
6	9	5	50	809	881
7	14	7	51	0	15
7	4	1	52	15	74
7	11	6	53	149	204
7	1	9	54	320	364
7	12	6	55	410	453
8	0	7	56	111	197
8	14	10	57	280	317
8	9	8	58	495	579
8	8	11	59	583	637
8	3	5	60	768	790
8	7	10	61	869	924
9	14	3	62	16	33
9	2	8	63	170	207
9	4	1	64	452	543
9	1	8	65	757	791
9	9	5	66	791	809
9	3	5	67	888	937
9	3	5	68	937	997
9	3	0	69	1034	1093
9	13	5	70	1151	1193
10	0	10	71	78	100
10	8	9	72	255	293
10	5	10	73	317	358
10	11	11	74	372	415
10	3	5	75	635	687
10	4	3	76	793	870
10	12	7	77	955	1027
11	1	8	78	14	89
11	3	10	79	193	280
11	0	4	80	426	502
11	13	5	81	534	573
11	10	2	82	955	972
11	10	10	83	1069	1087
11	5	3	84	1095	1106
12	6	5	85	55	135
12	6	2	86	175	214
12	13	8	87	388	416
12	13	6	88	453	468
12	8	3	89	481	514
12	0	10	90	514	569
12	6	1	91	698	715
12	12	11	92	793	852
13	8	8	93	315	388
13	5	11	94	433	453
13	3	11	95	453	472
13	2	10	96	571	625
13	8	6	97	646	657
13	3	5	98	687	768
13	0	0	99	773	858
13	11	3	100	870	923
13	4	10	101	1011	1053
14	1	2	102	650	734
14	7	9	103	756	833
14	13	6	104	860	894
14	14	11	105	950	1006
14	2	3	106	1037	1055
14	1	11	107	1077	1125
14	1	11	108	1125	1140
15	12	0	109	128	206
15	11	11	110	229	284
15	0	6	111	297	380
15	7	0	112	476	496
15	14	11	113	511	529
15	10	8	114	579	662
15	8	6	115	693	716
15	2	0	116	939	1028
15	0	7	117	1028	1115
16	4	2	118	161	175
16	11	11	119	204	229
16	9	1	120	229	248
16	3	2	121	293	375
16	3	9	122	478	535
16	6	6	123	716	788
16	2	7	124	841	909
16	6	7	125	912	955
16	6	9	126	1037	1077
16	10	10	127	1087	1113
17	9	6	128	380	410
17	1	6	129	500	609
17	1	8	130	734	757
17	1	11	131	1055	1077
17	14	10	132	1158	1196
18	6	3	133	0	16
18	9	1	134	180	227
18	10	3	135	280	358
18	2	1	136	379	436
18	7	9	137	566	603
18	2	4	138	626	713
18	0	7	139	734	770
18	4	1	140	923	1001
18	7	1	141	1006	1084
18	5	11	142	1151	1196
19	3	10	143	0	78
19	4	5	144	247	326
19	0	0	145	380	426
19	2	8	146	458	495
19	7	9	147	603	669
19	2	1	148	715	795
19	7	3	149	1106	1183
20	5	9	150	0	41
20	11	8	151	89	149
20	7	1	152	268	326
20	12	11	153	529	583
20	1	8	154	1146	1190
21	13	5	155	12	55
21	5	11	156	58	97
21	5	10	157	358	433
21	8	4	158	836	882
21	9	1	159	1143	1196
22	4	3	160	548	624
22	13	10	161	625	709
22	0	4	162	990	1013
22	5	7	163	1134	1151
22	6	7	164	1151	1195
23	8	6	165	98	114
23	7	8	166	152	170
23	0	6	167	204	260
23	11	4	168	504	538
23	12	0	169	604	626
23	9	5	170	1043	1115
24	9	1	171	74	159
24	3	5	172	401	422
24	6	5	173	481	534
24	12	3	174	718	793
24	12	11	175	852	937
24	6	3	176	1006	1037
24	14	4	177	1075	1112
24	14	4	178	1112	1152
25	14	9	179	41	76
25	10	2	180	81	161
25	7	0	181	426	476
25	10	2	182	493	569
25	10	8	183	662	689
25	0	4	184	882	956
25	8	8	185	977	1067
25	3	0	186	1093	1134
25	8	6	187	1175	1193
26	9	1	188	326	379
26	3	0	189	562	604
26	7	9	190	669	756
26	13	4	191	789	836
26	6	2	192	888	912
26	13	5	193	997	1043
26	4	1	194	1084	1143
27	1	8	195	230	315
27	11	11	196	779	788
27	3	2	197	811	888
27	9	9	198	913	974
27	10	2	199	974	1029
27	6	9	200	1077	1117
28	7	4	201	0	76
28	8	4	202	152	213
28	6	5	203	344	401
28	4	3	204	624	650
28	7	3	205	924	1006
29	0	0	206	21	45
29	1	10	207	100	142
29	9	1	208	159	180
29	12	0	209	206	254
29	13	0	210	361	379
29	14	7	211	571	644
29	11	0	212	752	773
29	5	9	213	833	913
29	10	4	214	1175	1196
30	5	9	215	154	232
30	12	3	216	371	387
30	1	2	217	444	493
30	9	8	218	689	729
30	11	10	219	794	869
30	13	8	220	930	975
30	10	6	221	1129	1173
31	7	4	222	76	152
31	13	6	223	468	500
31	10	7	224	689	734
31	8	6	225	894	977
31	5	11	226	1036	1055
31	13	6	227	1055	1129
31	0	9	228	1140	1195
32	8	11	229	0	58
32	2	10	230	142	164
32	7	4	231	337	421
32	5	3	232	514	548
32	6	1	233	639	689
32	8	0	234	716	752
33	4	7	235	371	448
33	0	4	236	583	626
33	1	6	237	626	646
33	4	11	238	726	779
33	1	8	239	820	912
33	12	2	240	1106	1190
34	4	1	241	0	13
34	8	6	242	58	98
34	5	11	243	118	137
34	3	10	244	164	193
34	6	2	245	214	293
34	4	5	246	326	344
34	2	1	247	795	838
34	14	11	248	937	950
34	9	6	249	977	1043
35	3	9	250	78	154
35	12	7	251	276	332
35	1	9	252	364	409
35	14	10	253	433	508
35	6	1	254	591	639
35	6	6	255	788	860
35	1	2	256	912	955
36	13	5	257	0	12
36	11	3	258	33	82
36	8	6	259	114	142
36	8	3	260	388	463
36	2	7	261	504	571
36	9	5	262	625	635
36	10	2	263	734	811
37	14	3	264	82	142
37	7	9	265	232	255
37	9	6	266	260	297
37	6	9	267	297	320
37	6	3	268	463	481
37	14	9	269	535	566
37	11	11	270	637	726
37	3	9	271	1010	1034
37	11	3	272	1055	1095
37	9	9	273	1117	1140
38	12	0	274	45	72
38	1	11	275	142	201
38	2	4	276	253	337
38	13	5	277	573	615
38	5	10	278	709	794
38	8	8	279	794	820
38	10	0	280	858	939
38	1	9	281	974	1010
38	14	4	282	1013	1075
38	3	0	283	1134	1193
39	9	6	284	0	56
39	6	2	285	401	443
39	5	9	286	453	478
39	1	6	287	609	618
39	11	4	288	956	990
39	12	2	289	1029	1106
39	2	7	290	1115	1134


Solution History:
