This is the output of Heuristic Solver for Dual resource constrained flexible job shop Scheduling Problem.
Input file is: wfjsp12_7.txt
Method: TS_100000000_0.190745_5
Seed: 1
Number of Jobs: 25
Number of Operations: 200
Number of Machines: 10
Number of Operators: 10
CPU Time: 11.4619
obj: 1042
Best found lower bound:0
Solver gap (best found lower bound and upper bound difference): Not known


Final Solution:
Job	Machine	Operator	Operation	Start Time	Finish Time
0	3	3	0	54	134
0	3	6	1	134	146
0	4	9	2	287	327
0	0	0	3	356	451
0	7	7	4	509	527
0	5	7	5	579	616
0	3	4	6	711	743
0	0	9	7	911	948
1	3	3	8	35	45
1	6	5	9	157	193
1	2	9	10	193	275
1	5	0	11	278	356
1	6	2	12	359	442
1	7	8	13	453	509
1	9	8	14	523	562
1	7	2	15	755	770
1	4	6	16	798	879
1	2	5	17	951	1025
2	9	4	18	54	115
2	7	8	19	200	268
2	3	6	20	438	510
2	4	9	21	510	536
2	4	6	22	536	545
2	2	3	23	671	749
2	4	6	24	785	798
2	7	8	25	815	883
2	8	2	26	884	893
2	4	6	27	961	1037
3	6	6	28	69	120
3	3	6	29	287	317
3	4	9	30	415	500
3	7	2	31	599	681
3	0	3	32	961	1039
4	8	2	33	261	272
4	8	3	34	281	356
4	5	3	35	433	512
4	5	9	36	536	560
4	7	8	37	574	599
4	0	3	38	635	671
4	0	9	39	671	750
4	9	7	40	783	853
4	4	6	41	879	961
4	8	4	42	961	1039
5	4	0	43	63	101
5	2	9	44	157	180
5	9	4	45	225	261
5	2	2	46	275	359
5	2	8	47	897	951
5	1	0	48	986	1042
6	9	7	49	0	54
6	7	7	50	84	105
6	4	9	51	105	147
6	1	7	52	194	274
6	0	1	53	294	324
6	9	8	54	509	523
6	8	3	55	833	884
6	8	2	56	893	957
6	3	9	57	991	1030
7	8	8	58	0	41
7	4	0	59	41	63
7	3	4	60	549	578
7	1	0	61	597	632
7	6	5	62	642	691
7	5	0	63	792	854
7	9	0	64	854	944
7	5	2	65	979	1037
8	0	1	66	0	82
8	9	4	67	115	190
8	3	3	68	221	281
8	1	1	69	329	388
8	5	9	70	560	579
8	8	4	71	743	792
8	1	4	72	792	861
8	3	5	73	874	947
9	8	4	74	356	403
9	2	0	75	451	474
9	6	5	76	564	602
9	8	1	77	650	734
9	7	7	78	996	1037
10	8	2	79	146	187
10	8	2	80	187	261
10	0	1	81	280	294
10	4	9	82	327	343
10	1	1	83	388	447
11	3	4	84	0	27
11	2	5	85	63	96
11	2	5	86	96	157
11	7	7	87	295	357
11	2	5	88	374	426
11	3	6	89	426	438
11	1	1	90	484	562
11	1	0	91	568	597
11	9	8	92	742	783
11	7	8	93	800	815
12	0	1	94	82	117
12	6	5	95	193	274
12	2	5	96	359	374
12	0	2	97	451	505
12	6	5	98	544	564
12	3	4	99	578	654
12	9	8	100	662	742
12	3	9	101	750	783
12	3	9	102	783	865
12	5	3	103	904	961
13	4	3	104	0	35
13	5	9	105	35	102
13	5	7	106	147	194
13	5	0	107	194	222
13	5	0	108	222	278
13	2	5	109	426	451
13	8	4	110	479	512
13	5	8	111	616	631
13	1	7	112	632	658
13	2	3	113	749	791
14	2	5	114	0	63
14	1	4	115	274	329
14	9	1	116	562	635
14	7	3	117	884	899
14	9	8	118	987	1039
15	1	0	119	0	40
15	4	6	120	261	287
15	8	4	121	403	479
15	5	7	122	658	698
15	5	7	123	698	780
15	2	2	124	800	883
15	7	7	125	904	984
15	6	1	126	996	1033
16	8	8	127	41	78
16	0	1	128	180	197
16	6	5	129	451	477
16	3	4	130	512	549
16	2	8	131	883	897
16	1	0	132	944	986
17	7	2	133	0	84
17	6	6	134	120	130
17	4	6	135	221	261
17	9	8	136	354	435
17	2	0	137	474	529
17	0	3	138	561	635
17	8	1	139	635	650
17	8	3	140	792	833
17	5	7	141	854	904
18	0	1	142	117	180
18	0	1	143	197	280
18	3	6	144	340	412
18	0	3	145	512	561
18	4	6	146	606	632
18	1	0	147	696	792
18	6	1	148	874	956
18	9	1	149	957	987
19	3	6	150	146	215
19	5	3	151	356	433
19	7	8	152	435	453
19	1	1	153	453	484
19	2	0	154	529	568
19	9	8	155	635	662
19	6	5	156	734	808
19	0	1	157	829	873
19	1	4	158	873	944
19	3	9	159	948	991
20	6	6	160	0	69
20	1	0	161	101	183
20	9	7	162	435	507
20	8	2	163	512	576
20	4	6	164	632	711
20	6	5	165	711	734
20	7	2	166	770	800
20	6	7	167	984	996
21	8	2	168	84	146
21	4	3	169	147	221
21	3	6	170	317	340
21	0	9	171	873	911
21	6	2	172	957	969
22	5	9	173	0	33
22	7	8	174	105	142
22	7	8	175	142	200
22	9	4	176	200	225
22	7	7	177	274	295
22	4	9	178	343	380
22	3	4	179	654	711
22	5	8	180	961	979
23	3	3	181	45	54
23	5	7	182	105	147
23	6	5	183	274	355
23	7	7	184	357	381
23	7	7	185	381	426
23	7	7	186	527	574
23	2	9	187	579	588
23	2	9	188	588	670
23	7	2	189	681	755
23	0	1	190	755	829
24	9	8	191	268	354
24	4	9	192	380	415
24	6	5	193	477	544
24	4	6	194	545	606
24	6	5	195	606	642
24	1	0	196	658	696
24	4	6	197	711	785
24	6	5	198	808	874
24	9	4	199	944	957


Solution History:
