This is the output of Heuristic Solver for Dual resource constrained flexible job shop Scheduling Problem.
Input file is: wfjsp12_5.txt
Method: TS_100000000_0.075781_5
Seed: 2
Number of Jobs: 25
Number of Operations: 174
Number of Machines: 10
Number of Operators: 10
CPU Time: 4.55948
obj: 913
Best found lower bound:0
Solver gap (best found lower bound and upper bound difference): Not known


Final Solution:
Job	Machine	Operator	Operation	Start Time	Finish Time
0	2	4	0	8	23
0	3	4	1	23	63
0	7	1	2	227	311
0	5	4	3	327	395
0	5	4	4	395	460
0	3	1	5	713	749
0	1	7	6	841	913
1	1	8	7	0	43
1	0	0	8	54	101
1	6	4	9	190	232
1	4	5	10	607	639
1	4	7	11	770	841
2	2	6	12	31	54
2	2	2	13	54	67
2	7	7	14	372	440
2	4	1	15	448	514
2	8	3	16	595	604
3	8	0	17	0	44
3	8	5	18	149	221
3	2	0	19	313	350
3	3	2	20	458	486
3	0	7	21	605	648
4	9	6	22	83	111
4	5	6	23	111	140
4	7	9	24	546	652
4	0	0	25	750	793
4	9	5	26	796	835
5	0	2	27	107	130
5	6	4	28	154	162
5	0	0	29	400	443
5	2	6	30	637	723
5	9	8	31	835	904
6	4	1	32	0	67
6	9	8	33	454	549
6	6	2	34	554	642
6	0	0	35	808	845
6	3	5	36	845	860
6	2	6	37	868	913
7	9	7	38	111	200
7	1	8	39	229	302
7	3	2	40	486	554
7	1	8	41	798	833
7	4	1	42	841	909
8	6	3	43	0	34
8	5	9	44	50	68
8	4	5	45	83	149
8	4	7	46	200	289
8	0	2	47	314	400
8	2	2	48	400	445
8	1	8	49	557	638
8	2	6	50	723	801
8	7	6	51	840	851
8	7	5	52	860	899
9	2	1	53	148	227
9	8	3	54	305	335
9	4	3	55	335	423
9	4	3	56	423	443
9	1	7	57	448	484
9	2	3	58	485	577
9	0	0	59	582	596
9	4	3	60	649	675
9	8	3	61	779	843
10	6	4	62	139	154
10	9	5	63	249	291
10	9	5	64	291	321
10	8	8	65	370	454
10	5	9	66	468	546
10	0	0	67	546	582
10	2	1	68	582	625
10	8	0	69	728	744
11	7	7	70	13	106
11	1	8	71	147	229
11	2	6	72	232	278
11	1	8	73	302	344
11	8	8	74	344	360
11	9	5	75	364	453
11	2	3	76	453	485
11	8	3	77	604	649
11	5	8	78	649	717
11	3	2	79	750	832
12	5	2	80	0	28
12	2	4	81	67	139
12	6	9	82	232	285
12	8	8	83	360	370
12	3	9	84	381	413
12	8	5	85	454	463
12	8	4	86	552	561
12	3	4	87	630	713
13	6	3	88	34	123
13	4	9	89	149	195
13	7	0	90	195	224
13	3	2	91	224	314
13	3	9	92	413	458
13	5	4	93	460	468
13	1	1	94	514	557
13	5	6	95	557	637
13	7	1	96	669	710
13	6	9	97	817	867
14	0	2	98	31	54
14	5	2	99	68	107
14	3	2	100	148	219
14	7	6	101	352	365
14	6	7	102	484	551
14	3	4	103	561	630
14	9	7	104	661	736
14	6	9	105	736	782
15	6	7	106	289	372
15	4	5	107	514	607
15	0	2	108	648	680
15	4	3	109	680	770
15	7	1	110	770	809
15	5	6	111	809	840
15	6	9	112	867	909
16	2	4	113	0	8
16	8	9	114	68	146
16	9	5	115	221	249
16	4	9	116	289	312
16	4	6	117	312	328
16	8	0	118	661	728
16	7	1	119	809	840
16	3	4	120	868	904
17	0	6	121	0	31
17	5	9	122	31	50
17	1	8	123	69	147
17	9	9	124	200	219
17	7	5	125	321	352
17	1	5	126	484	507
17	9	0	127	596	661
18	9	5	128	0	83
18	6	4	129	162	170
18	6	6	130	372	391
18	1	1	131	638	669
18	0	0	132	845	908
19	4	6	133	67	76
19	7	0	134	106	175
19	6	4	135	175	190
19	0	3	136	196	206
19	5	4	137	232	285
19	9	9	138	321	364
19	8	4	139	468	552
19	8	3	140	577	595
19	0	7	141	596	605
19	9	5	142	779	796
20	0	0	143	224	313
20	1	1	144	381	448
20	0	2	145	680	750
20	7	7	146	750	769
20	6	9	147	782	817
20	5	2	148	840	908
21	8	3	149	221	305
21	7	6	150	461	539
21	9	7	151	551	576
21	8	5	152	744	779
21	8	3	153	843	907
22	1	8	154	43	69
22	0	3	155	130	196
22	2	0	156	350	398
22	6	9	157	652	735
22	0	0	158	793	808
23	7	7	159	0	13
23	3	1	160	67	148
23	5	6	161	148	232
23	3	1	162	314	381
23	0	0	163	443	506
23	0	0	164	506	538
23	7	5	165	652	667
23	1	5	166	669	717
23	5	4	167	717	799
24	3	9	168	0	19
24	7	0	169	175	193
24	5	4	170	285	327
24	6	6	171	391	461
24	1	8	172	717	798
24	2	4	173	801	868


Solution History:
