This is the output of Heuristic Solver for Dual resource constrained flexible job shop Scheduling Problem.
Input file is: wfjsp20_8.txt
Method: TS_100000000_0.336755_5
Seed: 4
Number of Jobs: 25
Number of Operations: 186
Number of Machines: 10
Number of Operators: 8
CPU Time: 20.2194
obj: 1204
Best found lower bound:0
Solver gap (best found lower bound and upper bound difference): Not known


Final Solution:
Job	Machine	Operator	Operation	Start Time	Finish Time
0	5	4	0	80	113
0	4	2	1	333	396
0	0	2	2	423	449
0	3	2	3	474	533
0	9	6	4	560	641
1	1	2	5	24	78
1	6	1	6	84	145
1	6	0	7	201	212
1	5	7	8	395	446
1	8	7	9	491	539
1	6	5	10	651	679
1	3	4	11	701	798
1	9	3	12	1144	1152
2	9	1	13	335	430
2	7	2	14	449	471
2	2	7	15	635	690
2	8	1	16	734	811
2	6	2	17	1030	1058
2	0	0	18	1066	1121
2	7	3	19	1152	1194
3	5	6	20	0	40
3	5	6	21	40	78
3	4	7	22	88	145
3	9	5	23	236	300
3	2	3	24	339	416
3	1	4	25	474	556
3	0	0	26	703	777
3	3	4	27	798	872
3	4	0	28	976	1032
3	3	3	29	1041	1112
4	2	5	30	165	236
4	8	1	31	430	491
4	6	6	32	491	546
4	5	5	33	612	648
4	4	6	34	722	806
4	5	6	35	1038	1120
4	1	2	36	1125	1150
5	4	2	37	0	24
5	8	6	38	78	155
5	7	5	39	373	384
5	2	3	40	551	624
5	5	3	41	658	687
5	7	0	42	835	843
5	9	4	43	900	946
5	8	7	44	972	1012
6	7	0	45	38	88
6	0	4	46	113	197
6	2	3	47	299	339
6	6	6	48	373	424
6	0	5	49	875	929
6	7	1	50	1025	1109
7	1	2	51	105	119
7	5	6	52	353	372
7	7	5	53	384	421
7	1	6	54	822	875
7	1	3	55	1025	1041
7	5	5	56	1136	1204
8	7	0	57	88	136
8	6	1	58	213	276
8	3	2	59	290	333
8	1	0	60	372	453
8	3	2	61	533	588
8	5	3	62	687	712
8	2	7	63	743	762
8	7	0	64	843	887
9	0	0	65	229	299
9	1	0	66	356	372
9	5	7	67	372	395
9	6	5	68	424	465
9	5	4	69	556	603
9	3	4	70	603	655
9	5	7	71	797	814
9	4	7	72	814	886
9	8	7	73	919	972
10	9	5	74	300	331
10	8	7	75	332	368
10	4	2	76	396	423
10	0	5	77	536	593
10	6	5	78	679	718
10	2	5	79	1004	1029
10	6	1	80	1125	1199
11	3	2	81	80	105
11	1	4	82	197	261
11	2	5	83	468	536
11	7	0	84	626	703
11	0	2	85	934	1030
11	9	5	86	1030	1066
11	4	7	87	1069	1144
11	1	2	88	1150	1202
12	3	4	89	0	80
12	4	6	90	424	486
12	7	0	91	536	626
12	4	6	92	641	722
12	0	2	93	799	871
12	5	0	94	900	918
12	3	4	95	969	1037
12	6	2	96	1058	1120
13	6	5	97	0	84
13	4	3	98	145	209
13	2	3	99	238	299
13	3	4	100	410	474
13	4	7	101	539	635
13	7	2	102	703	799
13	2	3	103	879	947
14	2	5	104	84	165
14	4	3	105	209	238
14	5	6	106	333	353
14	9	3	107	814	879
14	8	7	108	886	919
14	6	5	109	929	951
14	6	5	110	951	1004
14	0	0	111	1121	1195
15	9	7	112	0	38
15	8	2	113	198	260
15	5	6	114	271	333
15	6	5	115	718	802
15	6	5	116	832	875
15	1	6	117	875	957
15	2	4	118	957	969
15	8	7	119	1012	1069
15	1	1	120	1109	1125
16	9	3	121	58	126
16	3	2	122	126	198
16	5	7	123	762	797
16	5	6	124	957	1038
16	2	4	125	1066	1109
16	4	7	126	1144	1201
17	5	7	127	145	197
17	0	0	128	212	229
17	8	2	129	260	290
17	2	3	130	416	468
17	7	3	131	471	536
17	6	1	132	587	651
17	3	2	133	872	934
17	1	1	134	957	1025
17	2	4	135	1037	1066
17	2	4	136	1109	1166
18	2	0	137	19	38
18	6	5	138	335	373
18	9	7	139	446	479
18	1	2	140	588	639
18	1	4	141	655	674
18	9	3	142	780	814
18	4	1	143	886	949
18	7	3	144	1112	1144
19	4	7	145	38	88
19	6	0	146	145	201
19	7	0	147	299	356
19	8	1	148	811	873
19	6	0	149	887	900
19	3	6	150	1120	1201
20	1	0	151	0	19
20	7	1	152	145	213
20	0	2	153	639	690
20	6	6	154	806	822
20	9	3	155	947	1022
21	8	3	156	0	12
21	8	3	157	12	58
21	9	6	158	155	222
21	7	6	159	222	271
21	1	4	160	271	355
21	6	1	161	560	587
21	0	5	162	593	612
21	1	3	163	712	780
22	5	3	164	126	142
22	4	7	165	251	332
22	9	1	166	651	683
22	8	1	167	683	734
22	5	4	168	872	884
22	7	0	169	918	976
22	9	5	170	1066	1136
22	2	4	171	1166	1204
23	3	4	172	355	410
23	9	1	173	491	560
23	2	7	174	690	743
23	2	0	175	777	835
23	9	4	176	884	900
24	0	1	177	0	72
24	3	7	178	198	251
24	6	1	179	276	335
24	0	0	180	453	534
24	2	3	181	536	551
24	8	3	182	624	658
24	3	4	183	674	701
24	7	5	184	802	832
24	0	0	185	1032	1066


Solution History:
