This is the output of Heuristic Solver for Dual resource constrained flexible job shop Scheduling Problem.
Input file is: wfjsp23_10.txt
Method: TS_100000000_2.829283_5
Seed: 5
Number of Jobs: 30
Number of Operations: 385
Number of Machines: 15
Number of Operators: 12
CPU Time: 169.809
obj: 1742
Best found lower bound:0
Solver gap (best found lower bound and upper bound difference): Not known


Final Solution:
Job	Machine	Operator	Operation	Start Time	Finish Time
0	9	9	0	451	526
0	3	2	1	531	615
0	12	4	2	841	908
0	0	6	3	935	1020
0	14	9	4	1069	1123
0	2	7	5	1126	1153
0	5	6	6	1220	1249
0	3	0	7	1340	1391
0	6	4	8	1391	1477
0	7	4	9	1477	1499
0	2	7	10	1509	1549
0	2	7	11	1549	1579
0	4	6	12	1589	1674
1	10	11	13	9	84
1	2	3	14	94	160
1	9	0	15	286	377
1	10	6	16	492	578
1	13	3	17	714	727
1	1	3	18	788	797
1	6	2	19	798	855
1	4	6	20	868	935
1	1	2	21	990	1078
1	12	10	22	1142	1185
1	12	0	23	1391	1459
1	6	1	24	1480	1523
1	7	10	25	1720	1740
2	13	6	26	130	177
2	3	0	27	266	286
2	0	6	28	593	679
2	2	2	29	731	763
2	3	3	30	797	877
2	6	9	31	924	996
2	4	3	32	1020	1083
2	4	0	33	1088	1132
2	8	6	34	1297	1348
2	10	11	35	1375	1447
2	2	7	36	1497	1509
2	1	2	37	1509	1533
2	4	6	38	1569	1589
3	7	10	39	0	42
3	13	10	40	89	122
3	5	11	41	332	421
3	5	11	42	421	492
3	5	4	43	659	747
3	1	2	44	933	948
3	3	8	45	1028	1041
3	12	4	46	1239	1305
3	4	3	47	1520	1569
3	12	1	48	1597	1612
4	0	1	49	245	336
4	7	0	50	675	765
4	13	0	51	918	947
4	0	0	52	1136	1205
4	1	10	53	1205	1213
4	7	10	54	1223	1296
4	10	8	55	1298	1375
4	2	10	56	1384	1402
4	13	6	57	1410	1479
4	11	2	58	1586	1622
4	6	6	59	1693	1701
5	0	9	60	154	242
5	11	4	61	327	376
5	8	0	62	412	494
5	2	5	63	495	562
5	2	5	64	562	655
5	10	9	65	693	761
5	8	0	66	799	846
5	8	1	67	876	924
5	7	0	68	1312	1330
5	7	2	69	1334	1360
5	14	3	70	1500	1520
5	3	10	71	1578	1599
5	1	2	72	1690	1741
6	5	4	73	73	119
6	9	3	74	246	266
6	3	5	75	286	355
6	13	5	76	359	409
6	9	0	77	532	579
6	11	8	78	700	738
6	14	5	79	937	1027
6	7	5	80	1027	1062
6	9	8	81	1269	1298
6	10	1	82	1453	1480
6	0	3	83	1690	1703
7	13	0	84	0	89
7	14	9	85	90	127
7	13	9	86	267	304
7	0	9	87	381	451
7	3	2	88	454	531
7	4	6	89	578	593
7	14	7	90	646	733
7	4	7	91	760	829
7	2	3	92	879	913
7	3	4	93	1130	1149
8	7	1	94	73	162
8	1	5	95	169	218
8	14	9	96	304	381
8	13	10	97	554	626
8	2	5	98	655	720
8	13	10	99	740	816
8	12	4	100	977	1065
8	13	10	101	1065	1142
8	4	7	102	1153	1239
8	1	11	103	1278	1365
8	0	7	104	1382	1422
8	0	7	105	1422	1452
8	8	7	106	1452	1497
8	0	9	107	1590	1668
9	11	5	108	66	80
9	8	0	109	89	180
9	7	4	110	183	197
9	5	4	111	197	263
9	12	7	112	519	583
9	7	4	113	609	659
9	0	9	114	837	924
9	2	7	115	970	1040
9	13	9	116	1148	1226
9	1	9	117	1425	1497
9	14	1	118	1523	1597
9	8	11	119	1597	1676
9	9	9	120	1676	1706
9	0	6	121	1706	1741
10	10	6	122	407	492
10	7	4	123	515	539
10	6	4	124	539	609
10	11	8	125	662	680
10	3	2	126	706	731
10	13	0	127	875	918
10	13	0	128	947	976
10	14	9	129	1123	1148
10	5	1	130	1317	1353
10	14	5	131	1450	1500
11	4	3	132	160	179
11	6	2	133	195	289
11	1	4	134	315	327
11	10	11	135	610	683
11	13	6	136	683	696
11	1	11	137	696	764
11	5	8	138	911	990
11	11	3	139	998	1020
11	11	0	140	1020	1088
11	11	1	141	1090	1167
11	7	1	142	1167	1223
11	2	2	143	1223	1314
11	8	6	144	1348	1410
11	8	0	145	1513	1585
12	2	7	146	83	94
12	14	1	147	162	245
12	6	3	148	292	370
12	7	1	149	426	515
12	4	1	150	515	561
12	3	0	151	642	655
12	0	0	152	765	799
12	9	8	153	1117	1189
12	5	8	154	1375	1446
12	1	3	155	1603	1690
13	11	8	156	116	193
13	5	8	157	554	635
13	8	10	158	706	740
13	7	2	159	765	798
13	9	8	160	840	911
13	7	10	161	912	988
13	13	10	162	988	1022
13	6	5	163	1069	1130
13	8	11	164	1146	1225
13	13	9	165	1226	1275
13	2	7	166	1314	1382
13	11	5	167	1382	1450
13	11	8	168	1450	1487
13	6	2	169	1533	1586
13	8	10	170	1676	1720
14	6	6	171	0	81
14	10	2	172	107	195
14	2	5	173	218	283
14	6	4	174	475	504
14	6	5	175	1160	1247
14	12	3	176	1340	1385
14	2	10	177	1402	1482
14	3	10	178	1482	1497
14	13	9	179	1497	1565
14	6	0	180	1586	1600
14	13	10	181	1600	1672
14	7	7	182	1672	1692
14	2	7	183	1692	1742
15	2	5	184	0	66
15	6	5	185	81	169
15	4	1	186	336	426
15	11	1	187	561	648
15	12	1	188	648	713
15	4	7	189	829	861
15	4	2	190	965	990
15	2	7	191	1040	1126
15	10	2	192	1166	1219
15	10	0	193	1237	1285
15	14	9	194	1355	1425
15	5	8	195	1567	1599
16	9	9	196	0	79
16	5	4	197	263	312
16	1	8	198	350	380
16	1	4	199	380	470
16	0	0	200	495	532
16	0	6	201	696	709
16	5	0	202	846	875
16	1	2	203	875	911
16	14	3	204	913	937
16	8	11	205	1003	1039
16	0	5	206	1247	1282
16	1	2	207	1365	1413
16	4	2	208	1413	1503
17	1	8	209	0	29
17	10	8	210	195	242
17	12	7	211	356	443
17	11	3	212	464	525
17	14	10	213	525	546
17	4	3	214	631	714
17	13	2	215	855	873
17	10	1	216	1003	1090
17	6	3	217	1136	1160
17	14	3	218	1160	1228
17	1	3	219	1228	1250
17	0	5	220	1282	1312
18	14	3	221	0	90
18	4	3	222	179	246
18	14	9	223	246	267
18	4	11	224	314	332
18	9	0	225	377	412
18	1	10	226	626	696
18	5	4	227	756	841
18	9	4	228	911	977
18	3	8	229	990	1028
18	0	3	230	1083	1136
18	8	11	231	1225	1278
18	6	9	232	1278	1355
18	7	5	233	1500	1586
18	10	8	234	1599	1683
18	10	1	235	1690	1738
19	11	2	236	0	55
19	0	7	237	62	70
19	0	7	238	70	83
19	12	7	239	94	146
19	13	6	240	222	258
19	0	4	241	747	756
19	9	9	242	761	837
19	11	3	243	937	998
19	3	3	244	1250	1340
19	5	1	245	1353	1362
19	2	6	246	1674	1685
19	6	9	247	1706	1738
20	8	4	248	0	63
20	8	11	249	195	268
20	13	10	250	315	359
20	2	8	251	424	467
20	12	7	252	471	519
20	6	9	253	609	693
20	11	3	254	738	788
20	8	7	255	861	876
20	1	2	256	911	933
20	10	11	257	933	1002
20	5	11	258	1447	1527
20	2	7	259	1579	1672
20	4	11	260	1676	1722
20	9	3	261	1722	1742
21	10	11	262	0	9
21	12	10	263	42	88
21	1	9	264	127	154
21	9	10	265	164	241
21	4	6	266	258	291
21	7	2	267	291	371
21	2	8	268	380	424
21	4	7	269	443	471
21	7	1	270	803	862
21	1	2	271	1078	1166
21	9	1	272	1237	1260
21	5	1	273	1612	1690
22	1	8	274	29	116
22	2	8	275	286	350
22	14	10	276	381	459
22	12	8	277	738	776
22	13	10	278	816	835
22	11	5	279	879	925
22	12	4	280	1065	1130
22	5	6	281	1151	1220
22	13	10	282	1296	1363
22	7	1	283	1363	1453
22	0	6	284	1479	1563
22	1	3	285	1569	1603
22	6	0	286	1603	1670
22	14	0	287	1670	1717
22	14	0	288	1717	1734
23	10	11	289	84	106
23	9	10	290	122	164
23	3	0	291	214	266
23	12	3	292	266	292
23	12	7	293	292	356
23	2	10	294	359	371
23	11	3	295	376	464
23	12	7	296	583	646
23	9	1	297	713	759
23	10	11	298	764	849
23	12	2	299	948	965
23	3	8	300	1041	1117
23	7	5	301	1130	1160
23	9	0	302	1205	1237
23	9	0	303	1474	1513
24	5	11	304	119	195
24	10	11	305	268	314
24	13	8	306	467	554
24	14	0	307	579	642
24	7	0	308	659	675
24	3	8	309	680	700
24	3	7	310	733	760
24	12	8	311	776	840
24	5	6	312	1134	1151
24	5	1	313	1260	1317
24	9	3	314	1385	1474
24	9	4	315	1513	1594
24	7	5	316	1594	1641
24	3	5	317	1641	1721
24	5	11	318	1722	1741
25	3	4	319	119	183
25	11	6	320	193	222
25	3	2	321	371	440
25	0	5	322	475	495
25	1	11	323	495	518
25	1	11	324	518	536
25	0	3	325	536	582
25	9	3	326	582	631
25	6	5	327	720	790
25	11	6	328	790	868
25	8	1	329	924	1003
25	14	6	330	1249	1297
25	12	10	331	1497	1578
25	12	2	332	1622	1688
26	4	7	333	0	62
26	3	2	334	62	107
26	13	0	335	180	214
26	11	8	336	242	286
26	10	6	337	314	361
26	8	6	338	361	407
26	13	2	339	440	454
26	14	10	340	459	525
26	13	8	341	635	662
26	14	10	342	835	912
26	0	6	343	1020	1067
26	5	6	344	1067	1134
26	3	4	345	1149	1239
27	12	7	346	146	211
27	7	7	347	211	289
27	1	9	348	536	600
27	8	6	349	740	787
27	2	5	350	790	879
27	3	7	351	961	970
27	6	9	352	996	1069
27	12	10	353	1185	1205
27	4	2	354	1314	1334
27	13	10	355	1363	1384
27	11	8	356	1487	1567
27	0	9	357	1567	1590
27	11	4	358	1657	1738
28	4	6	359	81	130
28	4	6	360	291	303
28	6	5	361	409	475
28	8	2	362	615	706
28	0	6	363	709	718
28	0	6	364	718	733
28	14	1	365	759	803
28	3	7	366	877	961
28	9	0	367	977	1016
28	8	11	368	1039	1061
28	8	11	369	1061	1146
28	11	8	370	1189	1269
28	11	0	371	1285	1312
28	11	5	372	1312	1382
29	5	1	373	0	73
29	1	10	374	241	315
29	8	11	375	536	610
29	10	11	376	849	929
29	9	10	377	1022	1061
29	4	7	378	1239	1308
29	9	4	379	1308	1342
29	9	4	380	1342	1384
29	10	11	381	1527	1582
29	9	4	382	1594	1657
29	6	6	383	1685	1693
29	13	8	384	1693	1737


Solution History:
