This is the output of Heuristic Solver for Dual resource constrained flexible job shop Scheduling Problem.
Input file is: wfjsp24_8.txt
Method: TS_100000000_0.729513_5
Seed: 3
Number of Jobs: 40
Number of Operations: 295
Number of Machines: 15
Number of Operators: 12
CPU Time: 43.7962
obj: 1264
Best found lower bound:0
Solver gap (best found lower bound and upper bound difference): Not known


Final Solution:
Job	Machine	Operator	Operation	Start Time	Finish Time
0	6	6	0	81	107
0	5	9	1	513	586
0	4	8	2	593	618
0	11	0	3	795	854
0	3	0	4	1104	1179
1	1	8	5	0	55
1	6	6	6	107	175
1	3	7	7	287	300
1	11	8	8	412	463
1	10	10	9	595	641
1	8	5	10	721	748
1	8	1	11	772	860
1	1	2	12	1047	1055
2	14	2	13	0	82
2	7	1	14	262	281
2	12	0	15	525	581
2	3	11	16	837	906
2	12	7	17	1031	1059
2	4	6	18	1059	1124
2	4	6	19	1156	1198
3	10	5	20	0	41
3	3	4	21	63	102
3	4	5	22	102	165
3	9	11	23	261	311
3	1	2	24	384	447
3	5	7	25	675	763
3	6	7	26	816	889
3	14	2	27	917	980
3	6	2	28	985	1047
3	10	5	29	1084	1175
4	4	2	30	290	351
4	7	11	31	614	686
4	2	10	32	718	771
4	3	11	33	788	823
4	0	6	34	823	908
4	5	4	35	1041	1128
4	1	3	36	1162	1187
5	1	8	37	55	80
5	11	1	38	80	143
5	7	3	39	151	162
5	6	7	40	217	287
5	2	6	41	380	413
5	0	4	42	520	531
5	6	8	43	680	721
5	6	4	44	736	778
6	0	3	45	85	134
6	10	3	46	275	363
6	2	6	47	413	459
6	1	3	48	490	537
6	13	10	49	771	842
6	0	1	50	908	980
7	2	10	51	131	144
7	8	4	52	492	509
7	3	2	53	558	603
7	12	0	54	648	706
7	13	9	55	893	908
7	5	5	56	960	1034
8	7	6	57	175	234
8	3	5	58	411	479
8	11	11	59	509	543
8	1	1	60	570	651
8	1	11	61	906	958
8	7	6	62	958	984
8	12	0	63	1179	1198
8	10	7	64	1211	1261
9	4	3	65	17	85
9	7	5	66	85	101
9	7	10	67	108	130
9	10	4	68	131	172
9	4	4	69	172	223
9	3	11	70	311	362
9	6	8	71	576	593
9	11	6	72	984	1058
9	2	6	73	1203	1256
10	3	0	74	131	158
10	5	2	75	351	384
10	4	2	76	447	469
10	7	10	77	479	541
10	13	4	78	961	998
10	13	0	79	1008	1033
10	2	3	80	1058	1129
11	9	11	81	39	62
11	2	0	82	72	131
11	8	1	83	192	262
11	6	2	84	603	680
11	12	9	85	716	794
11	14	7	86	985	1023
11	13	0	87	1033	1104
11	2	2	88	1129	1181
12	11	9	89	146	222
12	9	10	90	360	410
12	3	5	91	479	557
12	2	3	92	592	665
12	4	5	93	819	888
12	12	8	94	1010	1031
12	5	4	95	1128	1195
12	4	3	96	1203	1264
13	1	7	97	300	384
13	14	7	98	507	571
13	0	3	99	716	777
13	10	8	100	869	933
13	8	10	101	937	1031
13	0	1	102	1088	1169
13	7	4	103	1195	1259
14	9	9	104	417	513
14	1	3	105	537	563
14	8	6	106	627	648
14	11	6	107	730	795
14	1	2	108	804	836
14	7	4	109	892	914
14	8	1	110	1034	1085
14	8	10	111	1151	1214
15	13	10	112	76	108
15	14	7	113	151	217
15	1	3	114	222	275
15	5	7	115	422	507
15	7	11	116	686	733
15	14	2	117	836	917
15	4	3	118	1047	1058
15	12	7	119	1059	1121
15	2	3	120	1187	1203
16	9	11	121	62	129
16	7	1	122	281	341
16	14	9	123	586	621
16	9	8	124	788	869
16	5	6	125	911	955
16	6	10	126	1214	1263
17	12	9	127	71	119
17	9	2	128	129	145
17	14	10	129	222	249
17	8	6	130	312	380
17	11	11	131	543	614
17	4	4	132	671	736
17	7	5	133	748	819
17	11	0	134	888	963
17	9	11	135	1010	1037
17	3	5	136	1041	1084
18	4	3	137	0	17
18	8	10	138	29	76
18	12	9	139	119	146
18	6	8	140	287	344
18	6	8	141	344	365
18	13	0	142	378	414
18	14	2	143	680	744
18	14	2	144	744	772
19	14	8	145	82	118
19	10	5	146	172	240
19	5	5	147	284	347
19	2	6	148	459	535
19	12	0	149	581	592
19	3	5	150	1179	1261
20	2	10	151	9	29
20	3	8	152	215	283
20	14	10	153	314	360
20	6	6	154	795	810
20	5	10	155	842	911
21	8	10	156	0	9
21	12	1	157	20	67
21	1	11	158	129	183
21	7	5	159	347	411
21	0	6	160	535	619
21	0	9	161	621	651
21	14	8	162	1170	1190
21	11	1	163	1190	1260
22	3	0	164	0	19
22	14	1	165	410	499
22	4	3	166	563	592
22	0	3	167	665	716
22	2	6	168	810	823
22	0	8	169	1031	1088
22	11	9	170	1106	1174
22	14	8	171	1190	1226
23	10	8	172	365	412
23	12	0	173	455	525
23	13	4	174	531	576
23	10	1	175	651	709
23	10	5	176	709	721
24	7	6	177	0	81
24	13	0	178	166	221
24	5	2	179	230	284
24	3	0	180	707	788
24	3	11	181	823	837
24	11	0	182	854	888
24	8	10	183	911	937
24	4	6	184	1124	1156
24	0	8	185	1227	1263
25	10	5	186	41	84
25	8	2	187	84	93
25	14	8	188	118	151
25	6	8	189	181	215
25	10	5	190	240	269
25	2	4	191	290	374
25	12	0	192	963	1008
26	0	1	193	0	20
26	10	3	194	434	478
26	0	11	195	478	509
26	4	7	196	763	816
26	2	4	197	829	847
26	2	9	198	847	872
26	4	5	199	888	933
26	4	3	200	957	1047
27	13	4	201	0	63
27	8	1	202	143	192
27	4	4	203	223	290
27	12	0	204	422	455
27	1	8	205	463	490
27	5	4	206	586	667
27	11	9	207	1058	1106
27	14	2	208	1113	1128
27	9	2	209	1181	1259
28	9	11	210	0	39
28	2	10	211	144	222
28	13	0	212	321	378
28	7	11	213	414	478
28	13	9	214	908	961
28	2	9	215	961	1027
29	5	9	216	0	71
29	12	0	217	158	166
29	4	3	218	363	434
29	6	4	219	445	492
29	9	1	220	513	570
29	4	8	221	618	671
29	10	4	222	788	829
30	11	0	223	35	72
30	9	8	224	151	181
30	0	4	225	509	520
30	1	1	226	716	772
30	5	9	227	794	841
30	7	4	228	914	952
31	13	10	229	414	479
31	12	0	230	592	648
31	2	3	231	886	957
31	3	4	232	998	1041
31	6	11	233	1047	1120
31	7	10	234	1130	1151
31	7	1	235	1169	1187
32	12	11	236	183	261
32	6	11	237	365	414
32	3	5	238	627	707
32	2	2	239	772	804
32	6	11	240	1120	1188
33	1	2	241	93	101
33	0	9	242	222	301
33	11	1	243	341	410
33	7	10	244	541	595
33	1	9	245	651	716
33	7	3	246	821	886
33	10	8	247	933	1010
33	14	9	248	1027	1054
33	7	10	249	1122	1130
33	13	7	250	1130	1211
34	3	2	251	102	129
34	11	6	252	242	312
34	6	8	253	492	576
34	9	7	254	576	610
34	9	7	255	610	675
34	10	8	256	721	788
34	6	7	257	889	985
34	9	8	258	1088	1170
34	1	11	259	1188	1259
35	6	7	260	0	65
35	7	3	261	134	151
35	0	3	262	162	222
35	8	4	263	380	445
35	3	5	264	933	960
35	12	0	265	1198	1253
36	5	7	266	71	150
36	13	0	267	245	321
36	4	2	268	469	558
36	9	11	269	958	1010
36	1	2	270	1055	1113
36	1	3	271	1129	1162
37	5	2	272	150	230
37	14	10	273	249	314
37	8	10	274	648	718
37	1	9	275	872	882
37	9	9	276	882	893
37	7	10	277	1031	1122
38	2	0	278	222	245
38	12	7	279	384	422
38	8	5	280	557	627
38	13	6	281	648	730
38	9	11	282	733	757
38	9	11	283	757	786
38	12	1	284	860	908
38	1	1	285	980	1034
38	0	9	286	1174	1227
38	13	9	287	1227	1264
39	3	0	288	19	35
39	8	4	289	102	131
39	11	6	290	234	242
39	12	9	291	301	365
39	0	9	292	365	417
39	14	3	293	777	821
39	13	4	294	847	892


Solution History:
