This is the output of Heuristic Solver for Dual resource constrained flexible job shop Scheduling Problem.
Input file is: wfjsp24_3.txt
Method: TS_100000000_1.043388_5
Seed: 1
Number of Jobs: 40
Number of Operations: 307
Number of Machines: 15
Number of Operators: 12
CPU Time: 62.6508
obj: 1329
Best found lower bound:0
Solver gap (best found lower bound and upper bound difference): Not known


Final Solution:
Job	Machine	Operator	Operation	Start Time	Finish Time
0	10	0	0	43	111
0	8	5	1	191	204
0	11	7	2	274	288
0	7	1	3	678	756
0	8	8	4	815	886
0	1	10	5	896	969
0	14	3	6	969	1041
0	4	5	7	1075	1108
0	1	7	8	1243	1325
1	4	8	9	0	13
1	4	8	10	13	75
1	8	8	11	368	453
1	11	7	12	459	474
1	1	7	13	474	560
1	7	9	14	1099	1182
1	8	4	15	1232	1262
1	14	9	16	1275	1329
2	5	7	17	28	44
2	3	3	18	79	144
2	7	11	19	234	244
2	5	9	20	280	309
2	13	8	21	323	368
2	7	9	22	479	567
2	5	3	23	609	676
2	14	4	24	760	791
2	5	9	25	797	868
2	6	3	26	1229	1326
3	10	9	27	15	26
3	14	11	28	336	364
3	3	6	29	843	941
3	7	5	30	941	976
3	1	0	31	1010	1038
3	14	4	32	1041	1106
3	10	4	33	1106	1163
3	4	10	34	1216	1278
4	3	6	35	415	513
4	14	11	36	582	677
4	6	10	37	677	690
4	3	2	38	708	735
4	3	3	39	742	811
4	10	0	40	908	923
4	10	1	41	946	969
4	5	2	42	973	1023
4	12	10	43	1122	1152
4	2	6	44	1171	1234
5	9	1	45	149	242
5	9	5	46	310	373
5	0	5	47	451	522
5	4	4	48	575	591
5	13	3	49	594	609
5	3	2	50	647	708
5	7	5	51	793	859
5	4	2	52	887	926
5	1	7	53	1219	1243
5	0	4	54	1262	1325
6	12	1	55	282	308
6	3	6	56	385	415
6	13	1	57	428	504
6	12	5	58	587	659
6	0	11	59	722	811
6	12	4	60	858	956
6	13	1	61	1014	1023
6	1	8	62	1038	1098
6	14	11	63	1168	1270
7	2	6	64	0	38
7	2	7	65	44	74
7	8	5	66	137	191
7	1	6	67	247	289
7	2	6	68	289	385
7	0	5	69	659	669
7	9	1	70	1211	1302
8	6	4	71	0	58
8	14	11	72	310	336
8	9	5	73	522	587
8	13	0	74	837	865
8	13	8	75	938	990
8	11	6	76	1316	1327
9	3	3	77	23	51
9	2	7	78	85	96
9	14	9	79	214	280
9	5	3	80	1041	1137
9	1	2	81	1170	1219
9	2	6	82	1234	1252
9	11	6	83	1282	1316
9	12	8	84	1317	1328
10	13	1	85	60	132
10	11	6	86	165	213
10	0	3	87	256	295
10	11	7	88	299	322
10	1	3	89	336	371
10	13	0	90	374	428
10	12	8	91	453	497
10	0	4	92	628	655
10	7	6	93	1252	1282
11	12	1	94	23	60
11	1	8	95	75	159
11	14	9	96	179	214
11	5	3	97	433	523
11	6	10	98	575	664
11	12	4	99	664	760
11	2	10	100	760	816
11	1	0	101	969	1010
11	0	11	102	1010	1099
11	10	4	103	1163	1232
12	9	11	104	36	69
12	6	7	105	74	85
12	12	10	106	139	201
12	1	3	107	295	336
12	4	10	108	363	427
12	8	8	109	497	584
12	10	9	110	711	797
12	7	9	111	999	1089
12	14	1	112	1106	1168
12	13	7	113	1188	1218
13	12	3	114	0	23
13	14	9	115	28	72
13	0	4	116	158	194
13	1	0	117	456	471
13	6	7	118	794	862
13	5	0	119	1242	1324
14	10	9	120	0	15
14	12	4	121	308	373
14	12	4	122	373	418
14	2	2	123	479	511
14	5	3	124	523	594
14	2	10	125	710	756
14	13	0	126	1080	1156
15	5	7	127	216	274
15	3	0	128	296	374
15	0	5	129	374	451
15	2	7	130	560	586
15	8	8	131	628	685
15	8	10	132	690	710
15	0	10	133	1152	1216
16	0	2	134	0	37
16	5	3	135	51	79
16	9	11	136	244	310
16	10	1	137	310	361
16	2	4	138	418	453
16	4	0	139	471	514
16	14	11	140	529	582
16	9	1	141	1067	1094
16	4	11	142	1125	1155
16	10	2	143	1232	1329
17	11	2	144	37	107
17	5	2	145	107	125
17	9	2	146	125	149
17	12	10	147	201	270
17	1	3	148	371	433
17	2	1	149	883	946
18	13	0	150	0	43
18	9	11	151	69	114
18	2	7	152	184	216
18	2	2	153	218	282
18	5	9	154	309	361
18	11	2	155	535	576
18	10	0	156	672	711
18	8	8	157	886	910
18	0	5	158	1108	1144
19	10	0	159	111	151
19	6	8	160	228	271
19	7	10	161	271	330
19	12	1	162	504	584
19	7	7	163	586	649
19	0	11	164	677	722
19	9	1	165	756	818
19	0	10	166	818	896
19	6	3	167	1198	1229
20	0	2	168	295	373
20	12	3	169	811	836
20	14	11	170	880	940
20	4	5	171	1041	1075
20	7	9	172	1089	1099
20	2	5	173	1252	1329
21	4	4	174	75	158
21	4	8	175	159	228
21	4	5	176	235	305
21	11	7	177	393	459
21	1	6	178	739	843
21	8	5	179	1144	1214
21	3	5	180	1214	1251
22	5	2	181	373	396
22	6	4	182	455	509
22	6	4	183	509	575
22	8	9	184	921	999
22	6	8	185	1099	1197
22	7	9	186	1197	1248
22	12	9	187	1248	1275
22	3	1	188	1302	1324
23	2	7	189	96	184
23	11	10	190	330	363
23	10	0	191	428	456
23	4	6	192	514	555
23	4	0	193	594	672
23	9	11	194	941	1009
23	8	10	195	1278	1319
24	14	5	196	80	137
24	14	7	197	288	299
24	6	7	198	322	393
24	7	6	199	649	660
24	11	6	200	660	731
24	11	5	201	738	793
24	4	8	202	793	803
24	14	11	203	811	880
25	12	10	204	68	139
25	8	8	205	271	323
25	14	11	206	456	529
25	7	10	207	664	676
25	8	2	208	735	815
26	14	7	209	0	28
26	0	5	210	37	80
26	3	0	211	233	296
26	2	5	212	1014	1041
26	4	11	213	1108	1125
27	7	11	214	131	234
27	8	4	215	591	628
27	9	5	216	859	941
27	4	6	217	941	1016
27	5	7	218	1023	1039
27	9	2	219	1099	1170
28	0	11	220	114	131
28	14	9	221	364	454
28	7	9	222	868	921
28	11	0	223	923	964
28	2	1	224	969	979
28	3	6	225	1016	1100
28	1	7	226	1131	1161
28	13	7	227	1161	1188
28	12	8	228	1211	1238
29	14	9	229	137	179
29	13	5	230	204	235
29	10	4	231	257	307
29	4	0	232	711	753
29	0	7	233	975	1003
29	9	1	234	1023	1067
30	11	6	235	213	247
30	3	6	236	555	637
30	13	9	237	642	710
30	4	2	238	815	887
30	13	8	239	910	938
30	0	7	240	958	975
30	8	8	241	999	1029
30	11	0	242	1038	1080
30	7	11	243	1282	1310
31	7	6	244	38	107
31	5	3	245	870	968
31	11	1	246	979	1014
31	6	4	247	1014	1035
31	11	10	248	1096	1122
31	11	0	249	1156	1195
32	1	2	250	159	218
32	13	1	251	242	253
32	13	1	252	253	282
32	10	9	253	571	642
32	5	3	254	676	742
32	3	2	255	941	973
32	13	7	256	1039	1067
33	9	5	257	0	34
33	8	10	258	34	68
33	11	6	259	107	165
33	7	11	260	364	389
33	9	8	261	685	755
33	2	1	262	843	883
34	9	1	263	587	678
34	4	5	264	678	711
34	5	7	265	742	794
34	6	7	266	862	958
34	12	1	267	1168	1211
35	7	11	268	0	36
35	5	3	269	144	205
35	8	3	270	205	256
35	10	1	271	361	423
35	7	10	272	427	473
35	2	2	273	511	535
35	9	1	274	818	843
35	3	5	275	976	1014
35	10	10	276	1050	1096
36	8	10	277	0	30
36	9	11	278	389	456
36	11	2	279	576	647
36	5	3	280	1137	1198
36	13	8	281	1238	1317
37	3	0	282	193	233
37	10	10	283	473	571
37	0	8	284	584	623
37	1	7	285	649	739
37	4	8	286	755	791
37	10	4	287	797	858
37	6	4	288	958	1007
37	3	6	289	1100	1171
37	5	0	290	1198	1242
38	6	2	291	396	455
38	2	9	292	455	479
38	13	0	293	514	594
38	13	0	294	865	908
38	10	10	295	969	1050
38	2	7	296	1067	1131
38	7	11	297	1310	1321
39	11	1	298	0	21
39	8	9	299	72	132
39	13	0	300	151	193
39	10	4	301	194	257
39	4	2	302	455	468
39	13	5	303	711	738
39	13	0	304	753	837
39	1	3	305	843	870
39	6	2	306	1035	1099


Solution History:
