This is the output of Heuristic Solver for Dual resource constrained flexible job shop Scheduling Problem.
Input file is: wfjsp15_5.txt
Method: TS_100000000_1.575805_5
Seed: 1
Number of Jobs: 30
Number of Operations: 360
Number of Machines: 15
Number of Operators: 15
CPU Time: 94.5991
obj: 1246
Best found lower bound:0
Solver gap (best found lower bound and upper bound difference): Not known


Final Solution:
Job	Machine	Operator	Operation	Start Time	Finish Time
0	6	12	0	0	17
0	8	0	1	18	56
0	2	10	2	189	268
0	12	11	3	268	328
0	8	0	4	369	437
0	9	14	5	452	494
0	2	7	6	651	718
0	13	7	7	757	802
0	10	2	8	944	988
0	10	5	9	988	1027
0	12	5	10	1087	1119
0	9	6	11	1170	1240
1	3	12	12	20	42
1	7	0	13	64	78
1	1	0	14	84	152
1	14	1	15	193	259
1	5	14	16	287	297
1	11	13	17	320	367
1	7	10	18	374	443
1	9	13	19	498	544
1	8	5	20	1126	1155
1	0	12	21	1198	1238
2	0	6	22	0	29
2	6	1	23	44	74
2	4	5	24	133	216
2	4	5	25	216	259
2	12	2	26	369	412
2	14	6	27	507	528
2	12	0	28	557	565
2	5	3	29	582	630
2	2	10	30	731	815
2	1	12	31	913	970
3	4	10	32	300	374
3	14	13	33	383	480
3	1	0	34	569	660
3	11	0	35	662	698
3	0	13	36	765	780
3	9	4	37	832	878
3	6	4	38	888	964
3	14	6	39	965	1036
3	3	14	40	1081	1139
3	8	4	41	1211	1240
4	10	4	42	0	68
4	7	7	43	78	113
4	11	3	44	143	160
4	6	2	45	168	234
4	3	7	46	459	544
4	14	6	47	880	965
4	6	8	48	972	1023
4	4	12	49	1031	1112
4	6	3	50	1147	1225
4	13	0	51	1225	1237
5	2	10	52	37	78
5	3	11	53	122	201
5	2	2	54	609	641
5	4	6	55	647	732
5	13	6	56	732	750
5	1	3	57	761	796
5	2	10	58	815	896
5	13	14	59	945	959
5	9	9	60	963	987
5	2	7	61	1163	1235
6	6	1	62	28	44
6	4	9	63	87	133
6	7	7	64	183	214
6	6	8	65	234	318
6	14	6	66	528	606
6	7	5	67	647	691
6	7	5	68	691	745
6	4	0	69	913	929
6	9	9	70	987	1080
6	0	12	71	1112	1198
6	7	9	72	1198	1245
7	2	4	73	423	458
7	7	8	74	466	483
7	13	2	75	508	597
7	3	10	76	642	674
7	0	9	77	674	722
7	8	8	78	731	800
7	5	14	79	800	882
7	9	12	80	882	907
7	0	13	81	967	1031
7	13	2	82	1031	1084
8	6	1	83	17	28
8	7	7	84	39	64
8	10	11	85	109	118
8	12	1	86	168	177
8	3	6	87	350	444
8	8	11	88	513	594
8	8	10	89	681	731
8	5	1	90	742	774
8	11	6	91	780	880
8	10	3	92	898	944
8	6	8	93	964	972
8	13	2	94	988	1031
8	14	6	95	1036	1116
8	3	14	96	1139	1182
8	10	11	97	1192	1238
9	5	2	98	38	59
9	2	4	99	78	119
9	2	10	100	119	189
9	9	4	101	189	200
9	1	12	102	260	324
9	13	11	103	330	415
9	13	0	104	437	508
9	12	1	105	582	625
9	10	12	106	658	741
9	0	5	107	842	927
9	0	9	108	929	963
9	8	11	109	1046	1126
9	10	11	110	1152	1192
9	1	1	111	1198	1229
10	14	7	112	0	39
10	3	7	113	230	238
10	0	5	114	344	430
10	2	4	115	458	486
10	6	1	116	497	522
10	1	3	117	539	554
10	10	11	118	594	658
10	1	3	119	729	761
10	13	2	120	888	923
10	5	8	121	929	960
10	10	7	122	1041	1060
10	10	3	123	1065	1147
10	1	1	124	1229	1244
11	13	6	125	77	110
11	10	12	126	173	194
11	1	12	127	201	260
11	9	4	128	271	354
11	6	1	129	394	402
11	0	10	130	443	462
11	12	0	131	508	539
11	9	9	132	544	609
11	9	9	133	609	618
11	5	1	134	630	699
11	13	0	135	699	714
11	0	9	136	746	757
11	14	1	137	774	816
11	4	7	138	1112	1155
11	12	8	139	1155	1234
12	3	9	140	0	20
12	11	13	141	27	36
12	5	2	142	59	77
12	12	8	143	79	153
12	14	7	144	317	383
12	4	12	145	387	446
12	12	0	146	539	557
12	14	12	147	606	635
12	3	11	148	810	889
12	11	13	149	889	967
12	5	14	150	967	1050
12	2	10	151	1059	1085
12	6	8	152	1110	1146
13	4	9	153	20	87
13	5	3	154	109	137
13	0	9	155	137	205
13	7	11	156	214	267
13	8	9	157	268	356
13	1	1	158	380	394
13	7	9	159	443	456
13	0	10	160	462	547
13	8	4	161	609	681
13	14	13	162	693	765
13	0	13	163	780	837
13	6	2	164	860	888
13	13	14	165	929	945
13	1	1	166	973	1027
13	2	9	167	1085	1163
14	1	3	168	0	16
14	13	6	169	240	258
14	2	1	170	268	304
14	2	4	171	357	423
14	8	11	172	437	513
14	1	3	173	662	729
14	10	12	174	741	812
14	14	12	175	816	879
14	12	0	176	955	1045
14	6	8	177	1045	1110
14	7	10	178	1113	1132
14	12	11	179	1132	1152
14	14	10	180	1178	1246
15	12	8	181	38	79
15	3	14	182	238	255
15	7	0	183	267	304
15	7	8	184	483	530
15	9	13	185	618	693
15	6	2	186	698	778
15	1	0	187	807	875
15	8	8	188	876	925
15	8	5	189	927	977
15	8	4	190	977	1042
15	3	14	191	1050	1081
15	7	10	192	1132	1178
16	13	11	193	0	24
16	0	5	194	77	93
16	0	5	195	93	127
16	9	0	196	165	176
16	12	0	197	177	217
16	9	4	198	217	271
16	0	2	199	275	344
16	1	8	200	394	466
16	14	13	201	480	498
16	4	5	202	529	600
16	5	14	203	882	929
16	0	13	204	1031	1078
16	5	2	205	1149	1232
17	11	13	206	240	320
17	2	1	207	320	357
17	12	2	208	412	455
17	1	3	209	554	569
17	11	10	210	577	620
17	11	10	211	620	631
17	0	9	212	631	667
17	9	4	213	693	705
17	3	7	214	724	757
17	7	5	215	757	842
17	4	9	216	879	891
17	8	4	217	1170	1211
18	11	13	218	0	27
18	8	5	219	56	74
18	6	1	220	74	168
18	13	4	221	200	210
18	3	6	222	258	284
18	3	10	223	631	642
18	2	1	224	896	907
18	9	0	225	929	945
18	7	5	226	1041	1087
18	9	4	227	1087	1170
19	1	3	228	16	84
19	10	3	229	84	109
19	13	2	230	110	123
19	8	13	231	188	206
19	5	7	232	238	257
19	5	14	233	257	287
19	7	0	234	304	369
19	5	14	235	380	452
19	1	9	236	466	538
19	3	8	237	544	625
19	14	7	238	635	651
19	14	11	239	658	681
19	3	9	240	757	804
19	12	1	241	816	888
19	3	14	242	1182	1239
20	3	12	243	42	122
20	10	2	244	123	166
20	0	13	245	206	227
20	4	10	246	268	300
20	14	7	247	300	317
20	10	12	248	324	387
20	13	11	249	415	434
20	6	1	250	464	497
20	6	12	251	525	603
20	13	11	252	959	972
20	11	3	253	972	980
21	1	3	254	324	339
21	12	2	255	344	369
21	11	6	256	459	507
21	5	1	257	525	554
21	5	1	258	554	582
21	3	11	259	681	724
21	4	11	260	732	810
21	13	7	261	810	857
21	3	7	262	889	973
21	2	10	263	974	1059
22	2	10	264	0	37
22	9	13	265	80	165
22	3	14	266	201	230
22	10	3	267	230	313
22	4	5	268	446	529
22	0	9	269	722	746
22	4	9	270	810	879
22	2	1	271	907	973
22	3	11	272	973	1046
22	11	13	273	1078	1156
23	8	0	274	0	18
23	5	2	275	77	98
23	14	6	276	110	193
23	11	6	277	193	240
23	11	7	278	383	459
23	11	14	279	507	577
23	2	4	280	577	609
23	4	6	281	609	647
23	13	2	282	647	698
23	11	14	283	698	780
23	10	3	284	812	898
23	4	12	285	970	1031
23	12	0	286	1045	1084
23	13	0	287	1113	1181
24	12	1	288	0	16
24	5	8	289	18	36
24	14	11	290	39	107
24	7	7	291	113	183
24	1	3	292	339	380
24	6	14	293	603	689
24	12	11	294	889	906
24	9	9	295	907	929
24	1	1	296	1027	1112
24	14	6	297	1161	1169
24	7	9	298	1178	1195
25	5	2	299	0	18
25	0	6	300	29	77
25	12	0	301	217	258
25	6	8	302	318	385
25	12	2	303	455	508
25	2	4	304	521	553
25	12	8	305	625	710
25	9	4	306	790	806
25	6	8	307	1023	1033
25	5	2	308	1084	1149
25	13	0	309	1181	1222
26	7	5	310	0	25
26	13	5	311	25	48
26	11	14	312	80	143
26	13	14	313	143	199
26	0	2	314	234	275
26	3	6	315	284	350
26	9	9	316	356	387
26	9	9	317	387	438
26	5	12	318	452	525
26	13	5	319	600	647
26	12	0	320	714	807
26	7	10	321	896	974
26	13	0	322	1084	1113
26	1	1	323	1113	1198
27	9	14	324	0	80
27	8	4	325	119	188
27	5	8	326	189	212
27	8	9	327	212	268
27	6	1	328	450	464
27	7	7	329	544	625
27	9	4	330	705	790
27	8	8	331	800	876
27	1	0	332	876	913
27	12	11	333	913	955
27	11	3	334	980	1065
27	4	5	335	1155	1240
28	11	13	336	36	72
28	8	10	337	78	116
28	5	12	338	137	173
28	10	3	339	201	227
28	14	7	340	259	300
28	5	14	341	300	380
28	10	3	342	387	454
28	2	4	343	486	521
28	9	4	344	806	832
28	4	9	345	891	903
29	12	2	346	18	38
29	1	8	347	153	189
29	1	3	348	189	201
29	13	5	349	259	330
29	6	1	350	402	450
29	10	3	351	454	539
29	0	13	352	547	618
29	11	3	353	631	662
29	5	1	354	699	742
29	6	2	355	778	860
29	7	7	356	974	1041
29	7	10	357	1087	1113
29	14	6	358	1116	1161
29	11	13	359	1161	1246


Solution History:
