This is the output of Heuristic Solver for Dual resource constrained flexible job shop Scheduling Problem.
Input file is: wfjsp10_8.txt
Method: TS_100000000_0.043715_5
Seed: 1
Number of Jobs: 20
Number of Operations: 151
Number of Machines: 10
Number of Operators: 10
CPU Time: 2.62922
obj: 864
Best found lower bound:0
Solver gap (best found lower bound and upper bound difference): Not known


Final Solution:
Job	Machine	Operator	Operation	Start Time	Finish Time
0	6	0	0	118	145
0	5	0	1	145	207
0	0	0	2	234	258
0	9	8	3	397	466
0	3	6	4	628	696
1	2	1	5	0	58
1	6	7	6	229	294
1	9	8	7	294	304
1	1	1	8	332	383
1	6	7	9	469	532
1	6	1	10	691	719
1	4	9	11	749	832
1	6	1	12	856	864
2	4	9	13	85	169
2	8	6	14	169	187
2	1	1	15	195	253
2	0	1	16	258	327
2	9	0	17	556	588
2	9	0	18	588	643
2	3	5	19	696	742
3	9	0	20	0	47
3	1	9	21	47	85
3	7	7	22	92	152
3	4	4	23	169	228
3	4	5	24	234	297
3	3	6	25	375	469
3	2	2	26	475	544
3	7	2	27	544	606
3	8	4	28	606	668
3	8	8	29	788	860
4	0	5	30	167	234
4	3	3	31	277	342
4	1	9	32	383	443
4	5	1	33	447	482
4	2	7	34	623	708
4	0	6	35	708	791
4	4	9	36	832	860
5	5	6	37	30	54
5	1	1	38	133	195
5	2	2	39	212	221
5	6	7	40	294	361
5	8	8	41	552	582
5	4	9	42	607	618
5	4	8	43	618	662
5	3	5	44	810	852
6	0	4	45	0	49
6	8	4	46	320	409
6	4	5	47	461	503
6	5	3	48	566	613
6	7	3	49	657	717
6	5	0	50	717	792
7	6	7	51	0	12
7	9	8	52	145	162
7	3	9	53	169	210
7	5	0	54	482	538
7	1	3	55	766	782
7	6	7	56	788	856
8	9	8	57	83	145
8	7	7	58	152	221
8	8	4	59	277	320
8	2	2	60	391	475
8	9	8	61	475	539
8	5	3	62	539	566
8	4	8	63	590	607
8	9	6	64	791	836
9	6	7	65	12	81
9	8	4	66	81	96
9	6	9	67	211	229
9	8	6	68	230	277
9	4	5	69	297	352
9	0	0	70	424	480
9	9	0	71	539	556
9	3	1	72	559	628
9	7	3	73	717	766
10	5	6	74	0	30
10	1	3	75	87	117
10	2	2	76	184	212
10	7	9	77	229	297
10	6	7	78	361	402
10	0	4	79	551	576
10	1	3	80	782	852
11	7	2	81	19	44
11	3	5	82	87	147
11	5	0	83	277	346
11	0	0	84	346	424
11	7	3	85	446	533
11	0	5	86	590	630
11	5	0	87	643	713
11	5	1	88	792	851
12	5	1	89	58	133
12	5	3	90	226	277
12	9	8	91	304	397
12	3	1	92	482	559
12	0	5	93	630	696
12	6	1	94	719	741
12	3	5	95	742	810
12	7	4	96	810	864
13	2	2	97	94	184
13	1	6	98	277	332
13	4	5	99	352	412
13	1	9	100	443	511
13	1	9	101	511	593
13	4	4	102	668	749
13	0	0	103	792	854
14	3	3	104	0	87
14	6	0	105	87	118
14	0	5	106	151	167
14	5	1	107	383	447
14	7	2	108	606	638
14	7	2	109	638	657
14	9	8	110	725	788
14	2	2	111	795	859
15	9	0	112	47	83
15	8	4	113	96	158
15	2	2	114	221	281
15	7	9	115	297	382
15	4	5	116	412	461
15	8	6	117	471	552
15	0	4	118	576	590
15	9	8	119	662	725
15	6	1	120	741	756
16	8	8	121	0	68
16	6	3	122	145	211
16	3	3	123	342	375
16	4	5	124	503	590
16	1	9	125	618	661
16	8	9	126	668	730
17	7	2	127	44	92
17	3	6	128	151	167
17	9	6	129	187	220
17	9	8	130	230	293
17	7	3	131	382	446
17	0	4	132	480	551
17	2	6	133	552	623
17	6	1	134	628	691
17	1	7	135	708	737
17	8	7	136	737	788
18	7	2	137	0	19
18	4	5	138	19	63
18	2	6	139	63	94
18	0	6	140	94	151
18	5	0	141	207	226
18	2	2	142	281	324
18	6	7	143	402	469
18	6	1	144	756	787
19	8	8	145	187	230
19	2	2	146	324	391
19	8	4	147	409	471
19	6	7	148	532	602
19	6	7	149	602	612
19	2	2	150	708	795


Solution History:
