This is the output of Heuristic Solver for Dual resource constrained flexible job shop Scheduling Problem.
Input file is: wfjsp12_4.txt
Method: TS_100000000_0.219387_5
Seed: 5
Number of Jobs: 25
Number of Operations: 198
Number of Machines: 10
Number of Operators: 10
CPU Time: 13.1768
obj: 1067
Best found lower bound:0
Solver gap (best found lower bound and upper bound difference): Not known


Final Solution:
Job	Machine	Operator	Operation	Start Time	Finish Time
0	2	1	0	0	74
0	7	7	1	94	154
0	8	4	2	286	361
0	2	4	3	431	493
0	0	2	4	493	596
0	5	4	5	659	690
0	7	2	6	783	822
0	8	6	7	910	926
0	1	7	8	985	1032
1	8	8	9	48	68
1	6	9	10	75	90
1	6	9	11	90	124
1	3	0	12	224	292
1	2	1	13	334	359
1	9	0	14	430	508
1	0	6	15	596	670
1	4	6	16	670	729
1	6	8	17	861	910
2	3	0	18	0	33
2	5	2	19	57	72
2	8	6	20	72	118
2	5	9	21	144	215
2	9	5	22	223	236
2	5	7	23	524	589
2	4	5	24	980	1067
3	2	1	25	74	85
3	9	6	26	148	223
3	3	8	27	292	382
3	7	3	28	446	536
3	8	8	29	585	639
3	1	9	30	657	750
4	0	8	31	70	136
4	0	2	32	144	215
4	7	2	33	256	299
4	2	1	34	319	334
4	2	1	35	359	424
4	1	4	36	555	583
4	4	7	37	909	931
5	9	3	38	0	66
5	4	3	39	112	158
5	6	8	40	223	282
5	4	3	41	303	336
5	7	3	42	336	389
5	6	9	43	469	537
6	0	2	44	384	458
6	6	3	45	537	602
6	3	0	46	723	753
6	4	5	47	789	814
6	7	3	48	822	887
6	7	3	49	887	921
6	5	2	50	937	990
6	3	1	51	1028	1058
7	1	7	52	431	523
7	7	6	53	536	575
7	6	5	54	640	656
7	6	5	55	656	689
7	8	8	56	705	775
7	8	8	57	775	787
7	2	1	58	787	858
7	9	0	59	863	911
7	1	4	60	926	985
8	5	6	61	0	47
8	7	7	62	64	94
8	2	1	63	185	197
8	1	4	64	209	236
8	4	3	65	259	303
8	3	8	66	382	442
8	7	2	67	744	783
8	3	8	68	831	861
9	1	2	69	0	57
9	8	7	70	366	430
9	0	2	71	458	491
9	2	9	72	537	584
9	3	0	73	753	831
9	8	5	74	831	886
9	8	6	75	897	910
9	6	0	76	911	981
9	8	8	77	1005	1053
10	3	0	78	67	93
10	1	4	79	120	209
10	8	7	80	223	286
10	5	2	81	299	359
10	5	3	82	389	446
10	1	4	83	523	555
10	6	4	84	756	847
10	7	3	85	921	941
10	9	6	86	1018	1043
11	6	4	87	31	75
11	6	5	88	148	219
11	4	3	89	220	259
11	7	6	90	299	320
11	9	0	91	335	365
11	9	0	92	508	581
11	1	9	93	584	644
11	4	5	94	744	789
12	7	2	95	215	256
12	6	9	96	341	405
12	4	5	97	445	521
12	4	5	98	594	640
12	1	9	99	644	657
12	2	3	100	669	722
12	9	3	101	758	791
12	1	0	102	832	863
12	7	3	103	941	989
12	0	2	104	1048	1065
13	0	9	105	0	70
13	9	5	106	70	148
13	7	5	107	389	435
13	5	6	108	446	492
13	3	1	109	524	591
13	7	7	110	630	696
13	7	5	111	696	744
13	0	9	112	750	813
13	4	7	113	814	882
13	8	6	114	886	897
14	8	8	115	136	223
14	5	6	116	223	272
14	0	9	117	272	341
14	9	9	118	813	842
14	5	2	119	886	937
14	4	7	120	937	969
14	0	2	121	990	1019
15	3	0	122	33	67
15	4	3	123	158	220
15	0	5	124	341	384
15	0	2	125	670	742
15	1	6	126	750	832
15	5	6	127	832	880
15	4	7	128	882	909
15	2	9	129	909	989
15	5	4	130	990	1066
16	4	3	131	67	112
16	2	1	132	268	319
16	1	2	133	366	383
16	1	4	134	383	431
16	6	3	135	602	639
16	9	3	136	723	758
16	5	7	137	758	810
17	8	8	138	0	48
17	5	6	139	272	289
17	9	5	140	312	335
17	3	1	141	442	491
17	9	0	142	581	675
17	9	0	143	675	723
17	2	1	144	723	787
17	3	1	145	933	1028
18	6	4	146	0	31
18	5	2	147	72	144
18	2	1	148	197	209
18	0	9	149	215	258
18	8	8	150	442	490
18	2	1	151	493	524
18	7	2	152	596	630
18	0	2	153	822	886
18	0	5	154	886	980
19	2	1	155	85	185
19	9	5	156	236	312
19	5	4	157	361	382
19	5	6	158	492	524
19	4	3	159	640	669
19	6	4	160	690	756
19	2	9	161	858	906
19	2	9	162	989	1057
20	4	6	163	336	418
20	4	6	164	418	445
20	5	2	165	649	659
20	6	0	166	981	1010
20	6	0	167	1010	1045
21	7	7	168	0	64
21	1	7	169	286	366
21	6	9	170	405	469
21	8	8	171	490	585
21	5	7	172	589	611
21	3	1	173	627	719
21	3	1	174	861	933
21	9	6	175	933	1018
21	0	2	176	1019	1048
21	1	0	177	1048	1061
22	1	4	178	75	120
22	7	7	179	154	200
22	3	4	180	493	514
22	2	4	181	584	658
22	8	8	182	787	819
22	7	3	183	989	1065
23	4	5	184	0	67
23	3	0	185	93	160
23	3	0	186	160	224
23	6	0	187	292	324
23	8	8	188	639	705
23	5	7	189	705	753
23	1	4	190	863	926
23	8	8	191	926	1005
24	2	1	192	209	268
24	9	0	193	365	430
24	4	5	194	521	594
24	3	1	195	594	627
24	5	2	196	630	649
24	9	6	197	1043	1065


Solution History:
