This is the output of Heuristic Solver for Dual resource constrained flexible job shop Scheduling Problem.
Input file is: wfjsp21_1.txt
Method: TS_100000000_0.306850_5
Seed: 1
Number of Jobs: 25
Number of Operations: 248
Number of Machines: 15
Number of Operators: 12
CPU Time: 18.4325
obj: 1053
Best found lower bound:0
Solver gap (best found lower bound and upper bound difference): Not known


Final Solution:
Job	Machine	Operator	Operation	Start Time	Finish Time
0	7	9	0	0	76
0	6	9	1	76	102
0	6	10	2	153	199
0	14	9	3	201	281
0	8	3	4	288	365
0	5	11	5	421	476
0	1	8	6	515	587
0	13	3	7	659	689
0	5	11	8	703	742
0	0	8	9	750	787
0	1	11	10	983	992
1	10	3	11	0	14
1	10	3	12	14	28
1	8	0	13	48	98
1	10	4	14	134	196
1	6	1	15	199	249
1	1	0	16	493	514
1	5	9	17	514	523
1	0	0	18	581	632
1	10	6	19	814	858
1	12	10	20	859	938
2	2	0	21	122	212
2	13	5	22	341	394
2	7	1	23	545	621
2	6	1	24	679	695
2	11	0	25	702	736
2	8	11	26	742	764
2	0	7	27	807	830
2	8	9	28	890	944
2	3	5	29	961	1045
3	4	10	30	0	39
3	0	4	31	78	134
3	13	5	32	156	237
3	3	10	33	331	373
3	14	1	34	506	519
3	6	10	35	629	679
3	3	11	36	790	812
3	11	3	37	829	865
4	7	10	38	84	153
4	7	3	39	153	213
4	14	9	40	281	315
4	0	7	41	632	714
4	0	7	42	714	739
4	13	3	43	765	829
4	7	4	44	839	850
4	5	9	45	944	957
5	11	7	46	74	146
5	10	4	47	196	208
5	1	2	48	217	226
5	1	2	49	226	270
5	10	4	50	330	412
5	14	9	51	455	471
5	2	4	52	499	567
5	2	8	53	666	724
5	1	6	54	769	814
5	12	10	55	820	859
5	3	0	56	871	961
5	6	2	57	1002	1046
6	11	7	58	146	233
6	8	11	59	234	288
6	3	11	60	307	328
6	7	2	61	450	511
6	14	9	62	589	607
6	14	9	63	607	651
6	4	6	64	651	734
6	12	0	65	961	996
6	9	4	66	1031	1049
7	3	10	67	39	84
7	3	11	68	141	200
7	12	3	69	213	285
7	13	5	70	299	341
7	7	3	71	365	390
7	7	2	72	412	450
7	6	10	73	587	629
7	10	4	74	674	714
7	3	0	75	826	871
8	10	3	76	28	103
8	0	8	77	137	216
8	3	8	78	216	287
8	5	11	79	331	421
8	10	7	80	429	505
8	13	6	81	528	563
8	4	3	82	589	604
8	5	7	83	604	624
8	5	11	84	694	703
8	5	10	85	742	820
9	14	11	86	0	42
9	13	6	87	48	77
9	4	6	88	182	199
9	11	7	89	233	265
9	0	6	90	270	326
9	4	1	91	491	506
9	5	9	92	523	583
9	2	8	93	872	955
10	5	0	94	0	20
10	3	11	95	288	307
10	2	2	96	352	412
10	8	1	97	443	456
10	3	5	98	468	549
10	14	11	99	865	943
10	14	10	100	943	998
10	14	1	101	998	1040
11	4	11	102	42	131
11	6	2	103	270	352
11	0	7	104	388	429
11	1	0	105	438	493
11	4	5	106	624	642
11	7	9	107	722	763
11	9	2	108	769	782
11	11	4	109	865	941
11	1	10	110	998	1053
12	11	7	111	0	74
12	12	6	112	77	102
12	10	0	113	103	122
12	4	6	114	417	490
12	8	8	115	490	515
12	10	6	116	563	648
12	0	7	117	830	917
12	6	6	118	963	975
12	2	7	119	1018	1043
13	8	3	120	103	120
13	6	1	121	352	443
13	12	10	122	450	510
13	6	7	123	510	586
13	5	11	124	640	694
13	6	10	125	695	740
13	6	5	126	744	788
13	10	6	127	858	886
13	9	5	128	932	961
13	0	9	129	961	1049
14	13	4	130	0	24
14	13	0	131	24	48
14	3	1	132	101	141
14	10	0	133	254	270
14	2	4	134	286	330
14	12	10	135	373	450
14	8	0	136	640	702
14	13	4	137	714	752
14	2	4	138	752	839
14	5	9	139	850	890
14	10	3	140	894	972
14	5	3	141	972	1049
15	5	2	142	52	93
15	8	9	143	120	201
15	2	4	144	212	286
15	14	9	145	392	455
15	11	11	146	476	515
15	11	0	147	515	581
15	12	2	148	595	674
15	14	7	149	739	807
15	13	8	150	832	872
15	9	5	151	872	932
15	8	4	152	944	999
15	12	0	153	999	1053
16	1	8	154	93	137
16	5	2	155	177	217
16	5	10	156	217	256
16	5	10	157	256	331
16	8	8	158	365	410
16	9	8	159	410	472
16	4	10	160	510	587
16	1	4	161	600	674
17	0	6	162	0	22
17	12	6	163	22	41
17	2	1	164	52	101
17	1	10	165	199	217
17	8	11	166	217	234
17	4	5	167	237	299
17	5	9	168	476	512
17	7	1	169	519	545
17	9	5	170	552	624
17	9	2	171	782	865
17	1	11	172	963	983
18	6	1	173	0	50
18	12	6	174	102	182
18	9	8	175	287	364
18	6	1	176	456	491
18	13	6	177	491	528
18	14	3	178	552	589
18	14	9	179	651	686
18	12	3	180	689	765
18	7	8	181	787	832
18	13	6	182	886	959
18	10	8	183	1022	1049
19	9	5	184	0	74
19	2	4	185	412	499
19	8	11	186	515	555
19	2	7	187	586	604
19	9	1	188	624	677
19	14	9	189	686	722
19	11	0	190	736	826
19	14	11	191	826	865
19	6	3	192	872	894
19	6	7	193	917	963
19	4	11	194	992	1051
20	1	8	195	0	85
20	1	8	196	85	93
20	14	2	197	93	177
20	9	6	198	199	270
20	10	0	199	270	321
20	0	7	200	351	388
20	13	3	201	394	475
20	2	3	202	604	659
20	4	1	203	816	868
20	4	1	204	868	892
20	7	2	205	925	1002
20	7	4	206	1002	1031
21	2	2	207	0	52
21	9	5	208	74	97
21	13	5	209	97	156
21	0	0	210	216	236
21	14	9	211	315	392
21	3	5	212	394	415
21	8	11	213	555	640
21	3	5	214	642	662
21	3	5	215	662	744
21	9	6	216	750	769
21	4	1	217	910	959
21	2	1	218	959	998
22	11	7	219	265	351
22	11	0	220	351	401
22	3	5	221	415	468
22	9	3	222	475	552
22	13	4	223	567	600
22	10	2	224	723	766
22	8	9	225	766	850
22	5	2	226	902	925
22	13	6	227	975	1049
23	0	4	228	24	78
23	9	1	229	141	195
23	0	0	230	236	254
23	7	1	231	254	350
23	11	0	232	401	438
23	11	8	233	587	656
23	8	1	234	702	737
23	4	1	235	737	816
23	7	2	236	865	902
23	1	11	237	943	963
23	9	8	238	963	1022
24	1	6	239	326	417
24	12	2	240	511	595
24	11	8	241	656	666
24	9	2	242	677	723
24	9	8	243	724	750
24	3	11	244	764	790
24	6	5	245	790	872
24	4	1	246	892	910
24	11	7	247	963	1018


Solution History:
