This is the output of Heuristic Solver for Dual resource constrained flexible job shop Scheduling Problem.
Input file is: wfjsp9_3.txt
Method: TS_100000000_0.082469_5
Seed: 3
Number of Jobs: 15
Number of Operations: 139
Number of Machines: 5
Number of Operators: 5
CPU Time: 4.9564
obj: 1557
Best found lower bound:0
Solver gap (best found lower bound and upper bound difference): Not known


Final Solution:
Job	Machine	Operator	Operation	Start Time	Finish Time
0	1	4	0	15	87
0	4	4	1	157	170
0	1	2	2	352	370
0	1	2	3	510	588
0	3	1	4	762	841
0	1	4	5	895	971
0	1	2	6	1067	1151
0	0	4	7	1168	1206
0	0	4	8	1206	1302
1	1	4	9	0	15
1	3	1	10	108	168
1	0	4	11	170	269
1	4	1	12	315	334
1	2	0	13	462	557
1	2	0	14	580	672
1	3	3	15	997	1027
1	4	1	16	1176	1235
2	2	2	17	0	17
2	4	4	18	87	157
2	3	1	19	413	425
2	3	1	20	581	607
2	4	3	21	766	819
2	3	3	22	1050	1147
2	3	0	23	1222	1292
2	0	0	24	1302	1330
2	3	1	25	1358	1452
2	2	1	26	1452	1557
3	0	0	27	0	13
3	4	3	28	53	87
3	0	4	29	388	490
3	4	3	30	508	546
3	4	3	31	942	971
3	0	0	32	1021	1090
3	3	0	33	1155	1222
3	3	1	34	1295	1358
4	3	1	35	0	108
4	0	0	36	929	1021
4	1	2	37	1151	1169
4	1	3	38	1176	1208
4	2	2	39	1220	1309
4	1	3	40	1327	1343
4	1	3	41	1343	1367
4	4	4	42	1371	1429
4	0	4	43	1429	1467
4	3	0	44	1492	1547
5	2	2	45	17	115
5	3	3	46	333	405
5	4	3	47	413	508
5	4	3	48	558	575
5	3	1	49	624	640
5	3	1	50	640	690
5	3	1	51	690	762
5	4	3	52	831	868
5	3	3	53	974	997
5	2	2	54	1309	1372
6	0	0	55	134	161
6	2	1	56	429	460
6	1	2	57	588	666
6	1	2	58	666	745
6	2	2	59	952	1050
6	4	4	60	1067	1165
6	4	3	61	1165	1176
6	4	1	62	1235	1295
6	4	3	63	1430	1533
7	2	2	64	115	153
7	4	3	65	198	227
7	3	0	66	258	322
7	0	4	67	346	388
7	3	1	68	462	534
7	1	3	69	754	766
7	4	1	70	974	1065
7	1	3	71	1367	1430
7	1	2	72	1436	1465
7	0	4	73	1467	1553
8	2	2	74	153	183
8	1	2	75	198	261
8	3	3	76	322	333
8	3	0	77	429	462
8	4	3	78	546	558
8	4	3	79	611	688
8	1	4	80	812	895
8	3	1	81	915	974
8	2	2	82	1169	1187
9	0	0	83	13	53
9	4	1	84	170	185
9	0	4	85	269	346
9	1	2	86	370	411
9	2	2	87	752	788
9	3	3	88	1027	1050
9	2	2	89	1187	1220
9	1	3	90	1280	1327
10	4	3	91	0	53
10	2	1	92	185	209
10	4	3	93	227	258
10	4	3	94	258	304
10	4	1	95	334	413
10	0	0	96	813	853
10	0	0	97	853	929
10	1	4	98	971	1067
10	1	3	99	1208	1280
11	0	0	100	72	134
11	1	3	101	159	198
11	1	2	102	261	352
11	0	4	103	490	575
11	4	3	104	575	611
11	3	1	105	611	624
11	4	3	106	688	754
11	2	2	107	788	834
11	3	1	108	841	915
11	0	0	109	1330	1426
12	2	1	110	209	315
12	1	2	111	411	510
12	3	1	112	534	581
12	0	4	113	602	640
12	0	4	114	640	666
12	0	4	115	666	709
12	1	4	116	776	812
12	4	3	117	819	831
12	4	3	118	868	942
12	0	1	119	1091	1168
13	0	0	120	53	72
13	2	0	121	322	389
13	2	0	122	389	429
13	0	4	123	575	602
13	2	0	124	672	752
13	2	2	125	834	886
13	2	2	126	886	952
13	2	0	127	1091	1155
13	1	2	128	1465	1546
14	1	3	129	87	159
14	3	0	130	168	195
14	3	0	131	195	258
14	2	0	132	557	580
14	0	4	133	709	776
14	0	0	134	776	813
14	2	1	135	1065	1091
14	4	4	136	1302	1371
14	2	2	137	1372	1436
14	3	0	138	1452	1492


Solution History:
