This is the output of Heuristic Solver for Dual resource constrained flexible job shop Scheduling Problem.
Input file is: wfjsp20_6.txt
Method: TS_100000000_0.257833_5
Seed: 2
Number of Jobs: 25
Number of Operations: 201
Number of Machines: 10
Number of Operators: 8
CPU Time: 15.4881
obj: 1411
Best found lower bound:0
Solver gap (best found lower bound and upper bound difference): Not known


Final Solution:
Job	Machine	Operator	Operation	Start Time	Finish Time
0	1	5	0	75	133
0	4	7	1	145	187
0	2	6	2	197	254
0	8	0	3	331	373
0	5	7	4	519	613
0	3	5	5	819	913
0	2	7	6	974	1002
0	2	7	7	1002	1027
0	9	6	8	1173	1264
1	1	6	9	181	197
1	4	4	10	463	551
1	1	5	11	622	696
1	5	7	12	703	737
1	9	5	13	778	819
1	5	2	14	832	891
1	3	1	15	976	1059
1	7	4	16	1071	1144
2	8	3	17	172	258
2	7	3	18	258	288
2	3	2	19	355	403
2	3	2	20	694	747
2	2	4	21	882	921
2	6	0	22	974	1063
2	3	1	23	1063	1143
2	1	3	24	1355	1411
3	4	3	25	0	36
3	1	5	26	42	75
3	8	2	27	75	85
3	0	6	28	120	181
3	7	6	29	293	378
3	8	1	30	405	452
3	9	6	31	527	540
3	5	1	32	895	976
3	5	7	33	1281	1364
3	9	5	34	1364	1402
4	9	6	35	42	120
4	1	5	36	133	179
4	8	1	37	381	405
4	4	7	38	613	703
4	9	0	39	703	741
4	3	5	40	913	969
4	2	4	41	1027	1071
4	5	0	42	1214	1281
5	0	7	43	206	292
5	0	7	44	292	382
5	2	7	45	448	502
5	8	1	46	535	619
5	6	7	47	904	940
5	9	4	48	1316	1360
5	4	7	49	1391	1405
6	3	3	50	88	172
6	5	2	51	298	327
6	6	6	52	462	475
6	6	6	53	475	527
6	7	6	54	540	628
6	4	4	55	786	797
6	6	7	56	818	904
6	2	0	57	1148	1214
6	3	0	58	1281	1343
6	0	4	59	1360	1406
7	0	4	60	0	91
7	0	7	61	502	515
7	2	2	62	519	606
7	6	3	63	665	725
7	6	2	64	785	806
7	5	2	65	806	832
7	1	3	66	875	960
8	1	6	67	0	42
8	2	4	68	698	786
8	0	5	69	975	1043
8	0	5	70	1133	1148
8	1	3	71	1232	1264
8	6	1	72	1347	1388
9	7	1	73	0	88
9	5	4	74	101	138
9	6	1	75	170	214
9	5	4	76	261	270
9	5	4	77	270	294
9	5	1	78	619	700
9	3	7	79	1190	1281
9	2	2	80	1390	1404
10	8	2	81	43	67
10	0	4	82	91	101
10	3	1	83	214	303
10	5	2	84	327	345
10	4	5	85	703	778
10	7	0	86	876	964
10	5	2	87	1035	1086
10	6	1	88	1191	1215
10	2	3	89	1323	1355
11	5	0	90	0	85
11	2	0	91	97	115
11	0	6	92	382	400
11	7	6	93	400	441
11	3	3	94	566	623
11	3	3	95	623	665
12	9	2	96	606	694
12	7	1	97	700	788
12	3	7	98	791	818
12	9	6	99	819	880
12	1	6	100	975	1040
12	4	6	101	1040	1052
12	8	2	102	1086	1122
12	8	1	103	1232	1280
12	8	1	104	1331	1347
12	2	2	105	1355	1390
13	1	4	106	599	622
13	8	2	107	747	785
13	2	0	108	786	876
13	4	6	109	882	919
13	8	4	110	936	964
13	6	0	111	1063	1148
13	4	6	112	1148	1173
13	8	1	113	1280	1331
14	5	4	114	190	261
14	4	3	115	293	374
14	1	0	116	444	529
14	5	0	117	741	777
14	8	4	118	921	936
14	2	7	119	940	954
14	6	7	120	954	974
14	0	5	121	1148	1233
15	6	7	122	0	19
15	5	1	123	355	381
15	6	0	124	529	610
15	8	4	125	622	695
15	3	7	126	747	791
15	7	2	127	1170	1261
15	4	5	128	1290	1333
16	3	5	129	0	11
16	8	1	130	88	170
16	0	7	131	187	206
16	3	1	132	303	355
16	1	5	133	387	444
16	6	6	134	444	462
16	4	4	135	565	599
16	0	6	136	644	719
16	9	2	137	1122	1170
17	6	0	138	115	169
17	4	3	139	374	430
17	2	0	140	610	698
17	0	6	141	719	810
17	9	2	142	915	1002
17	5	2	143	1002	1035
17	9	7	144	1035	1102
17	8	3	145	1148	1232
18	7	0	146	173	250
18	4	6	147	254	293
18	2	4	148	294	377
18	5	7	149	382	448
18	7	1	150	452	535
19	9	5	151	11	30
19	4	7	152	107	145
19	9	2	153	173	256
19	8	2	154	258	298
19	5	2	155	457	519
19	0	6	156	919	975
19	5	7	157	1102	1190
19	2	4	158	1231	1316
19	7	6	159	1316	1409
20	2	4	160	165	190
20	6	0	161	250	331
20	6	0	162	373	439
20	8	5	163	452	530
20	4	4	164	551	565
20	1	3	165	725	784
20	1	3	166	784	875
20	1	6	167	1052	1141
20	6	3	168	1264	1323
20	5	7	169	1364	1391
21	4	3	170	36	88
21	5	4	171	138	165
21	4	5	172	187	226
21	1	5	173	226	302
21	9	4	174	387	463
21	0	1	175	810	895
22	6	7	176	19	107
22	9	5	177	302	387
22	3	2	178	403	457
22	0	5	179	530	621
22	7	6	180	628	644
22	8	1	181	788	809
22	7	3	182	964	1059
22	1	4	183	1144	1231
22	9	6	184	1264	1312
22	3	0	185	1343	1409
23	2	0	186	85	97
23	4	4	187	797	882
23	8	2	188	891	915
23	0	5	189	1043	1133
23	6	1	190	1148	1191
23	1	2	191	1264	1350
24	2	2	192	0	43
24	7	2	193	88	173
24	0	3	194	430	483
24	3	3	195	483	566
24	8	4	196	964	1023
24	4	3	197	1059	1148
24	0	5	198	1233	1290
24	4	5	199	1333	1351
24	6	1	200	1388	1405


Solution History:
