This is the output of Heuristic Solver for Dual resource constrained flexible job shop Scheduling Problem.
Input file is: wfjsp15_9.txt
Method: TS_100000000_2.797133_5
Seed: 3
Number of Jobs: 30
Number of Operations: 369
Number of Machines: 15
Number of Operators: 15
CPU Time: 167.874
obj: 1338
Best found lower bound:0
Solver gap (best found lower bound and upper bound difference): Not known


Final Solution:
Job	Machine	Operator	Operation	Start Time	Finish Time
0	4	7	0	0	72
0	13	11	1	122	166
0	12	10	2	167	229
0	1	13	3	229	287
0	1	2	4	348	377
0	2	9	5	815	898
0	7	0	6	899	962
0	1	10	7	973	995
0	3	9	8	1145	1200
0	14	4	9	1230	1290
1	9	12	10	208	289
1	3	9	11	315	399
1	0	9	12	743	815
1	12	0	13	824	868
1	9	8	14	872	893
1	1	8	15	893	950
1	9	8	16	953	967
1	9	8	17	967	1048
1	13	8	18	1052	1072
1	8	7	19	1101	1121
1	12	7	20	1121	1155
1	5	1	21	1160	1210
1	14	6	22	1317	1329
2	2	1	23	15	37
2	10	8	24	132	151
2	7	0	25	162	218
2	8	3	26	275	329
2	9	3	27	406	496
2	0	4	28	524	614
2	2	7	29	614	703
2	3	14	30	739	803
2	3	6	31	858	918
2	5	6	32	1011	1067
2	4	13	33	1067	1151
2	4	1	34	1210	1221
2	11	9	35	1248	1336
3	5	6	36	293	328
3	9	1	37	343	362
3	2	9	38	404	418
3	5	0	39	454	512
3	11	9	40	562	625
3	6	9	41	625	726
3	9	4	42	730	755
3	1	10	43	995	1017
3	9	11	44	1180	1203
3	4	3	45	1242	1284
3	7	11	46	1284	1332
4	4	7	47	72	136
4	14	13	48	158	203
4	3	6	49	273	293
4	10	8	50	293	375
4	4	3	51	510	538
4	8	5	52	597	657
4	12	3	53	798	824
4	6	10	54	826	852
4	5	2	55	948	1011
4	10	8	56	1167	1252
5	9	1	57	0	15
5	8	3	58	123	150
5	14	0	59	273	346
5	9	1	60	362	406
5	13	5	61	416	457
5	9	1	62	512	591
5	13	6	63	592	651
5	7	11	64	658	717
5	8	3	65	718	782
5	0	2	66	1156	1169
5	4	0	67	1192	1201
5	3	4	68	1201	1230
5	13	13	69	1271	1338
6	2	1	70	37	61
6	6	2	71	68	97
6	8	3	72	150	177
6	11	5	73	192	273
6	0	13	74	349	453
6	13	13	75	457	516
6	13	6	76	562	592
6	1	13	77	592	664
6	14	11	78	717	761
6	9	4	79	761	816
6	6	10	80	852	877
6	2	4	81	898	938
6	6	4	82	1103	1138
6	10	2	83	1140	1153
6	13	14	84	1194	1250
7	14	4	85	0	46
7	14	13	86	70	158
7	11	11	87	291	351
7	14	5	88	351	373
7	10	8	89	375	395
7	1	14	90	425	524
7	12	7	91	524	573
7	13	2	92	743	819
7	3	6	93	918	1006
7	1	10	94	1017	1060
7	8	5	95	1121	1134
7	6	4	96	1138	1175
7	0	2	97	1175	1233
7	0	2	98	1259	1326
8	5	11	99	198	291
8	2	7	100	310	341
8	10	8	101	459	517
8	5	0	102	528	566
8	6	0	103	602	624
8	10	5	104	657	742
8	3	14	105	803	858
8	8	2	106	870	926
8	6	12	107	935	1018
8	8	5	108	1018	1031
8	8	7	109	1044	1101
8	11	6	110	1184	1241
8	3	6	111	1244	1259
9	1	8	112	0	74
9	0	4	113	204	294
9	12	1	114	315	343
9	8	7	115	343	368
9	5	6	116	385	454
9	10	8	117	587	644
9	4	12	118	665	723
9	0	12	119	815	853
9	12	0	120	868	893
9	3	2	121	1011	1077
10	10	9	122	0	58
10	2	12	123	138	208
10	12	14	124	343	425
10	12	1	125	425	486
10	12	1	126	486	512
10	5	8	127	651	695
10	3	0	128	721	739
10	5	6	129	760	853
10	11	11	130	853	930
10	12	1	131	1000	1099
10	5	6	132	1104	1160
10	1	13	133	1160	1214
10	5	1	134	1221	1250
10	14	6	135	1290	1317
10	4	3	136	1319	1335
11	13	5	137	0	59
11	10	1	138	61	119
11	12	10	139	229	256
11	11	11	140	361	415
11	0	2	141	455	524
11	11	0	142	625	702
11	11	5	143	752	790
11	4	7	144	841	915
11	0	4	145	939	1027
11	8	5	146	1143	1180
12	2	4	147	61	90
12	8	3	148	90	123
12	11	5	149	123	192
12	7	0	150	218	273
12	5	6	151	328	385
12	9	3	152	596	630
12	10	2	153	860	870
12	4	7	154	915	986
12	7	0	155	1037	1063
12	7	0	156	1063	1142
12	14	4	157	1178	1200
13	5	12	158	0	34
13	0	13	159	54	66
13	7	0	160	86	162
13	4	7	161	228	284
13	1	13	162	287	348
13	14	11	163	553	569
13	9	1	164	657	730
13	6	12	165	730	815
13	7	5	166	843	899
13	14	5	167	917	999
13	7	12	168	1145	1226
13	8	7	169	1241	1320
14	1	2	170	132	203
14	8	3	171	209	275
14	4	4	172	294	346
14	2	3	173	346	404
14	3	2	174	410	455
14	2	9	175	483	554
14	6	0	176	571	602
14	3	4	177	664	721
14	10	1	178	742	797
14	4	1	179	988	1000
14	11	11	180	1017	1065
14	1	8	181	1072	1142
15	13	5	182	70	87
15	4	7	183	136	228
15	13	2	184	255	330
15	11	11	185	351	361
15	10	8	186	395	459
15	1	13	187	524	582
15	3	10	188	602	664
15	13	6	189	675	683
15	5	8	190	695	751
15	1	10	191	950	973
15	5	8	192	1252	1272
15	4	3	193	1284	1319
16	11	6	194	27	84
16	8	3	195	177	209
16	6	10	196	266	348
16	7	12	197	385	414
16	11	10	198	417	504
16	13	11	199	516	553
16	13	6	200	661	675
16	12	0	201	739	798
16	11	5	202	798	843
16	5	1	203	853	948
16	7	0	204	962	1037
16	2	9	205	1041	1110
16	13	14	206	1111	1194
16	9	3	207	1203	1242
17	0	13	208	0	54
17	14	5	209	59	70
17	6	4	210	97	179
17	13	6	211	179	202
17	13	2	212	203	255
17	2	7	213	284	310
17	8	2	214	544	597
17	7	2	215	597	612
17	0	2	216	614	679
17	11	0	217	702	721
17	7	13	218	721	777
17	10	8	219	840	860
17	10	1	220	948	979
17	13	5	221	1072	1111
17	2	12	222	1248	1329
18	9	14	223	43	65
18	9	14	224	65	126
18	3	9	225	198	273
18	6	10	226	348	417
18	8	5	227	457	544
18	5	11	228	581	651
18	13	13	229	683	716
18	14	11	230	761	851
18	14	5	231	902	917
18	13	13	232	917	992
18	13	13	233	992	1052
18	9	3	234	1063	1152
18	12	7	235	1155	1234
18	9	14	236	1250	1338
19	8	3	237	0	90
19	4	0	238	420	454
19	4	7	239	454	510
19	3	10	240	561	602
19	2	7	241	602	614
19	12	14	242	656	739
19	4	7	243	767	841
19	14	12	244	853	902
19	8	14	245	991	1011
19	0	1	246	1099	1156
19	8	7	247	1320	1334
20	6	2	248	0	68
20	0	9	249	68	140
20	10	8	250	201	282
20	14	4	251	446	509
20	4	12	252	549	580
20	7	4	253	614	658
20	0	2	254	679	743
20	1	10	255	744	826
20	1	3	256	826	889
20	11	11	257	930	1007
20	11	11	258	1007	1017
20	0	4	259	1027	1085
20	14	11	260	1085	1178
20	2	9	261	1217	1248
20	5	8	262	1272	1328
21	12	0	263	21	83
21	12	10	264	94	167
21	7	5	265	273	343
21	6	12	266	417	479
21	5	0	267	512	528
21	10	5	268	544	583
21	10	1	269	797	840
21	0	14	270	858	939
21	2	3	271	953	1041
21	3	12	272	1077	1145
21	11	6	273	1162	1184
21	2	9	274	1200	1217
21	1	13	275	1217	1271
21	6	4	276	1290	1327
22	7	11	277	0	86
22	0	14	278	140	204
22	13	4	279	346	416
22	2	9	280	418	483
22	3	10	281	504	561
22	12	14	282	573	656
22	5	6	283	1067	1104
22	2	8	284	1143	1167
22	6	10	285	1209	1270
22	1	1	286	1271	1290
22	12	0	287	1314	1333
23	12	0	288	0	21
23	13	5	289	87	122
23	3	6	290	148	179
23	14	6	291	203	263
23	9	14	292	289	313
23	2	3	293	554	596
23	1	10	294	664	684
23	1	10	295	684	744
23	14	12	296	1018	1065
23	7	11	297	1226	1283
24	11	6	298	0	27
24	10	8	299	151	176
24	6	14	300	204	266
24	9	14	301	313	335
24	8	7	302	368	454
24	3	6	303	455	480
24	9	3	304	630	654
24	11	6	305	721	752
24	7	13	306	777	837
24	6	10	307	877	935
24	10	7	308	988	1044
24	11	10	309	1065	1162
24	4	0	310	1174	1192
24	14	0	311	1201	1230
24	1	1	312	1290	1333
25	3	10	313	0	94
25	3	6	314	94	148
25	6	11	315	179	195
25	12	9	316	273	315
25	14	4	317	416	446
25	14	12	318	580	665
25	2	7	319	703	767
25	9	4	320	816	872
25	4	9	321	1000	1039
25	4	3	322	1041	1063
25	2	9	323	1110	1143
25	2	3	324	1180	1191
26	11	11	325	86	116
26	10	8	326	176	201
26	1	2	327	377	410
26	11	6	328	504	562
26	5	11	329	569	581
26	13	6	330	651	661
26	5	6	331	752	760
26	12	9	332	898	998
26	9	3	333	1152	1180
26	0	2	334	1233	1259
27	9	1	335	126	203
27	0	12	336	294	349
27	7	12	337	349	385
27	4	1	338	591	657
27	8	14	339	943	991
27	6	14	340	1018	1103
27	8	5	341	1134	1143
27	4	0	342	1151	1174
27	6	10	343	1175	1209
27	3	12	344	1230	1244
27	3	10	345	1270	1332
28	5	12	346	34	138
28	4	0	347	346	420
28	7	11	348	420	512
28	7	8	349	517	587
28	8	3	350	657	718
28	8	8	351	782	839
28	13	13	352	855	915
28	8	2	353	926	943
28	10	1	354	979	988
28	10	2	355	1077	1140
28	8	5	356	1180	1241
28	10	5	357	1252	1335
29	9	14	358	15	43
29	1	8	359	74	132
29	5	9	360	140	198
29	2	1	361	208	267
29	14	5	362	373	414
29	6	12	363	479	549
29	6	14	364	549	571
29	14	6	365	683	710
29	13	2	366	819	855
29	9	3	367	893	953
29	12	0	368	1234	1314


Solution History:
