This is the output of Heuristic Solver for Dual resource constrained flexible job shop Scheduling Problem.
Input file is: wfjsp19_4.txt
Method: TS_100000000_0.549095_5
Seed: 1
Number of Jobs: 20
Number of Operations: 216
Number of Machines: 10
Number of Operators: 8
CPU Time: 32.9594
obj: 1415
Best found lower bound:0
Solver gap (best found lower bound and upper bound difference): Not known


Final Solution:
Job	Machine	Operator	Operation	Start Time	Finish Time
0	2	3	0	43	118
0	6	7	1	118	177
0	8	0	2	198	266
0	6	3	3	318	382
0	7	3	4	578	668
0	2	4	5	748	779
0	4	5	6	802	848
0	0	1	7	883	896
0	3	7	8	919	966
0	1	7	9	966	989
0	1	0	10	1049	1062
0	0	1	11	1062	1101
0	4	7	12	1120	1196
0	8	3	13	1196	1219
0	4	7	14	1248	1320
1	0	4	15	0	79
1	7	6	16	514	573
1	6	6	17	670	718
1	9	0	18	768	801
1	5	1	19	815	832
1	9	6	20	1207	1254
1	9	0	21	1305	1379
2	6	1	22	0	11
2	3	4	23	79	144
2	7	6	24	192	275
2	8	6	25	328	342
2	3	7	26	429	509
2	9	0	27	613	685
2	5	0	28	685	768
2	7	6	29	768	817
2	2	4	30	828	918
2	6	6	31	945	1012
2	8	6	32	1012	1088
2	3	4	33	1095	1150
2	7	5	34	1195	1213
2	7	5	35	1260	1331
2	1	5	36	1374	1402
3	1	5	37	27	50
3	0	2	38	107	169
3	9	2	39	170	218
3	2	4	40	264	320
3	3	1	41	383	414
3	5	4	42	617	670
3	1	5	43	724	802
3	4	5	44	848	938
3	9	1	45	991	1056
3	9	2	46	1264	1302
3	5	2	47	1302	1328
3	4	7	48	1346	1409
4	7	2	49	76	107
4	8	6	50	109	159
4	8	6	51	159	192
4	6	7	52	204	300
4	3	7	53	878	919
4	1	0	54	1062	1075
4	4	7	55	1196	1224
5	2	3	56	118	192
5	9	1	57	252	265
5	9	1	58	305	377
5	6	7	59	383	429
5	7	6	60	453	514
5	8	2	61	590	630
5	0	1	62	741	772
5	1	1	63	832	844
5	6	7	64	1012	1037
5	6	7	65	1037	1088
5	6	3	66	1088	1149
5	5	4	67	1150	1195
5	1	0	68	1274	1305
5	8	3	69	1354	1410
6	8	7	70	0	64
6	1	6	71	73	109
6	3	5	72	287	334
6	1	5	73	334	410
6	5	2	74	424	471
6	3	7	75	560	572
6	1	7	76	647	724
6	2	4	77	779	828
6	1	1	78	857	883
6	9	1	79	896	991
6	1	0	80	1091	1152
6	3	1	81	1195	1255
6	8	6	82	1255	1308
6	9	0	83	1379	1407
7	4	5	84	50	137
7	0	4	85	429	450
7	0	4	86	536	565
7	8	0	87	801	845
7	7	2	88	977	1044
7	6	3	89	1149	1188
7	4	7	90	1224	1248
8	2	5	91	0	27
8	4	3	92	192	262
8	4	3	93	262	318
8	8	2	94	471	509
8	3	7	95	509	560
8	3	7	96	572	647
8	2	4	97	670	748
8	5	1	98	772	815
8	1	1	99	844	857
8	0	5	100	938	989
8	1	5	101	989	1020
8	0	5	102	1020	1051
8	2	5	103	1051	1098
8	6	3	104	1334	1354
9	5	0	105	0	73
9	5	0	106	266	342
9	8	6	107	342	388
9	9	0	108	456	503
9	5	0	109	548	613
9	4	2	110	630	698
9	3	7	111	728	777
9	8	3	112	912	986
9	3	4	113	1015	1095
9	0	5	114	1101	1112
9	0	2	115	1114	1209
9	7	5	116	1213	1260
9	2	3	117	1261	1334
9	7	6	118	1334	1368
9	7	6	119	1368	1415
10	3	1	120	11	42
10	3	1	121	42	72
10	4	4	122	144	182
10	2	4	123	192	252
10	3	7	124	334	383
10	4	5	125	410	497
10	1	5	126	563	640
10	7	6	127	718	767
10	4	3	128	767	796
10	0	2	129	798	873
10	7	6	130	873	945
11	5	1	131	73	114
11	7	1	132	114	163
11	5	1	133	163	179
11	3	5	134	240	287
11	7	6	135	287	327
11	0	0	136	503	536
11	2	1	137	606	661
11	6	6	138	817	863
11	9	0	139	1075	1091
11	4	7	140	1320	1346
12	7	6	141	26	73
12	9	0	142	76	170
12	5	0	143	342	387
12	8	0	144	388	452
12	2	4	145	452	532
12	4	3	146	548	578
12	2	4	147	918	1000
12	3	4	148	1000	1015
12	4	3	149	1015	1055
12	0	2	150	1209	1264
13	6	7	151	177	204
13	9	2	152	218	252
13	0	2	153	297	361
13	1	1	154	414	508
13	6	6	155	573	670
13	9	3	156	801	875
13	5	2	157	875	896
13	4	3	158	986	1015
13	4	7	159	1088	1120
13	7	5	160	1120	1195
14	2	4	161	380	429
14	9	3	162	690	764
14	5	2	163	896	977
14	5	3	164	1055	1081
14	1	0	165	1152	1161
14	1	0	166	1161	1190
15	9	1	167	265	305
15	9	3	168	382	456
15	5	3	169	471	548
15	3	1	170	661	728
15	2	1	171	1101	1195
15	8	3	172	1219	1243
15	5	2	173	1328	1415
16	9	2	174	0	76
16	3	5	175	144	240
16	8	7	176	300	328
16	2	4	177	328	342
16	4	4	178	342	380
16	8	2	179	547	590
16	8	3	180	668	690
16	3	7	181	777	878
16	6	3	182	878	912
16	8	6	183	1088	1179
16	2	4	184	1195	1261
16	0	4	185	1264	1336
16	2	4	186	1336	1399
17	6	7	187	79	112
17	1	1	188	179	251
17	8	2	189	509	547
17	0	5	190	640	701
17	8	2	191	701	798
17	8	0	192	845	904
17	1	0	193	904	964
17	7	2	194	1044	1114
17	5	0	195	1195	1226
17	5	0	196	1226	1245
17	8	6	197	1308	1330
17	0	1	198	1336	1409
18	4	3	199	0	43
18	2	4	200	252	264
18	0	2	201	264	297
18	0	2	202	361	424
18	9	1	203	508	606
18	0	1	204	728	741
18	5	0	205	977	1049
18	9	6	206	1179	1207
18	6	1	207	1255	1331
19	1	6	208	0	26
19	6	7	209	64	79
19	0	0	210	170	198
19	7	6	211	388	453
19	6	5	212	497	563
19	0	4	213	565	617
19	5	0	214	1245	1274
19	1	5	215	1331	1374


Solution History:
