This is the output of Heuristic Solver for Dual resource constrained flexible job shop Scheduling Problem.
Input file is: wfjsp7_7.txt
Method: TS_100000000_0.046824_5
Seed: 1
Number of Jobs: 12
Number of Operations: 94
Number of Machines: 5
Number of Operators: 5
CPU Time: 2.81324
obj: 979
Best found lower bound:0
Solver gap (best found lower bound and upper bound difference): Not known


Final Solution:
Job	Machine	Operator	Operation	Start Time	Finish Time
0	1	1	0	47	127
0	3	1	1	209	218
0	4	0	2	302	342
0	0	0	3	506	601
0	2	4	4	750	777
0	1	1	5	793	833
0	3	4	6	898	930
0	3	4	7	930	975
1	0	3	8	0	12
1	1	1	9	12	47
1	0	3	10	67	147
1	4	0	11	381	443
1	2	2	12	443	524
1	2	2	13	524	583
1	4	2	14	636	677
1	0	3	15	737	755
1	4	2	16	756	833
1	0	0	17	889	978
2	1	3	18	214	276
2	3	4	19	288	361
2	3	4	20	361	433
2	3	4	21	433	463
2	4	2	22	624	636
2	3	1	23	658	736
2	2	4	24	777	792
2	3	4	25	819	887
2	3	4	26	887	898
2	2	2	27	898	979
3	4	2	28	0	51
3	4	0	29	102	130
3	4	0	30	130	214
3	4	1	31	504	584
3	4	2	32	677	756
4	0	3	33	12	26
4	3	4	34	46	120
4	2	2	35	120	199
4	4	1	36	218	246
4	4	0	37	277	302
4	0	1	38	316	355
4	1	0	39	443	506
4	1	3	40	506	581
4	0	0	41	643	737
4	3	0	42	737	819
5	3	4	43	218	259
5	3	4	44	259	288
5	4	0	45	342	381
5	2	4	46	583	666
5	1	1	47	736	793
5	2	2	48	833	893
6	3	4	49	147	209
6	4	1	50	246	272
6	0	1	51	277	316
6	3	4	52	463	531
6	3	4	53	531	564
6	3	4	54	564	577
6	0	0	55	601	643
6	1	3	56	661	735
6	0	3	57	831	874
7	3	0	58	0	39
7	4	0	59	51	75
7	4	0	60	75	102
7	1	1	61	127	156
7	1	3	62	156	214
7	0	0	63	214	277
7	1	3	64	581	661
7	1	3	65	911	967
8	2	2	66	51	120
8	2	2	67	292	379
8	2	2	68	379	439
8	4	1	69	443	504
8	2	4	70	666	685
8	0	3	71	755	813
8	1	1	72	833	892
8	4	1	73	892	974
9	2	4	74	0	46
9	0	1	75	156	179
9	2	2	76	199	235
9	1	1	77	359	431
9	4	2	78	584	624
10	0	3	79	26	67
10	3	1	80	584	658
10	2	4	81	792	808
10	0	3	82	813	831
10	4	0	83	833	889
11	3	4	84	120	147
11	0	1	85	179	209
11	2	2	86	235	292
11	1	3	87	292	359
11	0	3	88	359	414
11	0	3	89	414	427
11	0	3	90	427	505
11	2	4	91	685	716
11	2	4	92	716	750
11	1	3	93	892	911


Solution History:
