This is the output of Heuristic Solver for Dual resource constrained flexible job shop Scheduling Problem.
Input file is: wfjsp21_6.txt
Method: TS_100000000_0.231742_5
Seed: 4
Number of Jobs: 25
Number of Operations: 253
Number of Machines: 15
Number of Operators: 12
CPU Time: 13.9246
obj: 1216
Best found lower bound:0
Solver gap (best found lower bound and upper bound difference): Not known


Final Solution:
Job	Machine	Operator	Operation	Start Time	Finish Time
0	4	9	0	0	65
0	13	11	1	83	127
0	13	3	2	344	404
0	4	9	3	431	474
0	2	7	4	512	607
0	3	11	5	647	731
0	5	8	6	731	758
0	4	7	7	870	896
0	9	2	8	904	989
0	13	3	9	1013	1027
0	3	1	10	1040	1129
0	2	10	11	1143	1211
1	7	9	12	94	125
1	5	10	13	260	292
1	7	11	14	500	557
1	8	7	15	607	701
1	4	7	16	701	778
1	6	5	17	778	864
1	1	4	18	908	936
1	4	9	19	960	1016
1	5	11	20	1040	1092
1	9	11	21	1092	1132
1	3	6	22	1132	1216
2	11	10	23	146	215
2	2	2	24	274	330
2	2	11	25	358	395
2	13	3	26	404	434
2	7	1	27	437	446
2	13	7	28	452	512
2	8	0	29	512	598
2	5	8	30	601	646
2	4	3	31	680	693
2	8	4	32	940	1023
2	11	7	33	1118	1191
3	6	8	34	0	35
3	10	2	35	89	166
3	14	8	36	383	428
3	11	7	37	428	452
3	10	6	38	530	621
3	5	8	39	646	687
3	13	9	40	687	747
3	10	11	41	955	999
3	6	2	42	1063	1128
4	13	11	43	0	83
4	0	11	44	127	215
4	8	4	45	269	325
4	6	10	46	325	409
4	1	4	47	476	510
4	11	5	48	518	562
4	3	5	49	562	575
4	12	10	50	586	667
4	7	5	51	730	757
4	6	5	52	757	771
4	3	6	53	808	852
4	7	5	54	1035	1130
5	7	1	55	52	61
5	4	1	56	220	302
5	5	4	57	325	389
5	0	8	58	451	509
5	1	9	59	510	555
5	9	3	60	571	659
5	11	9	61	660	670
5	11	6	62	670	755
5	7	0	63	757	810
5	11	7	64	849	870
5	8	0	65	902	931
5	2	7	66	1027	1118
6	2	4	67	0	39
6	14	4	68	120	205
6	14	8	69	326	383
6	3	11	70	395	409
6	6	2	71	528	561
6	11	9	72	562	595
6	6	5	73	595	687
6	4	9	74	825	859
6	1	2	75	860	904
6	8	0	76	931	940
7	1	3	77	0	25
7	9	0	78	25	113
7	13	11	79	249	337
7	7	9	80	422	431
7	12	1	81	446	470
7	12	3	82	470	483
7	14	4	83	510	599
7	4	3	84	659	680
7	14	8	85	758	834
7	10	5	86	864	949
8	5	1	87	0	52
8	3	10	88	65	90
8	4	3	89	137	169
8	14	6	90	236	321
8	3	11	91	409	426
8	6	10	92	433	451
8	10	9	93	474	510
8	7	11	94	557	605
8	3	11	95	605	647
8	12	1	96	667	762
8	5	1	97	762	857
8	6	2	98	1180	1207
9	1	1	99	146	220
9	2	2	100	220	274
9	7	5	101	282	295
9	10	5	102	295	332
9	8	5	103	332	386
9	10	6	104	792	808
9	9	11	105	866	896
9	1	9	106	936	960
9	12	9	107	1016	1050
10	10	2	108	0	89
10	5	11	109	215	249
10	10	9	110	249	279
10	7	1	111	302	386
10	6	10	112	409	433
10	5	2	113	476	528
10	11	9	114	595	660
10	9	3	115	757	844
10	14	0	116	940	1025
10	8	4	117	1124	1159
10	4	8	118	1178	1196
11	9	0	119	0	11
11	3	0	120	213	236
11	8	5	121	386	481
11	14	0	122	599	615
11	8	8	123	701	729
11	2	4	124	758	842
11	2	4	125	842	908
11	3	11	126	908	955
11	6	1	127	955	1040
11	13	10	128	1095	1143
11	8	4	129	1159	1172
12	14	4	130	39	120
12	13	9	131	149	169
12	2	2	132	169	220
12	1	1	133	386	437
12	7	1	134	470	489
12	9	10	135	667	697
12	1	2	136	989	1063
12	9	2	137	1132	1180
13	8	3	138	25	78
13	9	0	139	113	170
13	9	3	140	170	256
13	4	1	141	489	574
13	14	0	142	660	745
13	13	11	143	778	807
13	13	11	144	807	866
13	11	10	145	960	1043
13	14	8	146	1118	1178
13	10	4	147	1178	1214
14	3	6	148	95	178
14	7	6	149	178	236
14	11	7	150	344	422
14	1	3	151	437	457
14	11	5	152	481	518
14	13	2	153	561	650
14	0	4	154	650	691
14	1	3	155	693	757
14	11	7	156	792	849
14	12	10	157	874	960
14	5	1	158	1129	1214
15	0	7	159	0	91
15	13	9	160	127	149
15	6	8	161	175	246
15	9	8	162	256	326
15	10	9	163	350	422
15	14	11	164	485	500
15	8	2	165	741	803
15	5	6	166	857	947
15	5	5	167	949	1035
15	1	3	168	1063	1123
16	12	10	169	17	44
16	11	10	170	95	146
16	6	8	171	146	175
16	1	10	172	220	260
16	12	9	173	279	350
16	9	2	174	350	426
16	2	0	175	426	511
16	0	3	176	844	926
16	13	3	177	926	1013
16	11	10	178	1043	1095
16	0	9	179	1095	1189
16	8	8	180	1196	1210
17	14	10	181	0	17
17	5	4	182	389	476
17	9	3	183	485	571
17	2	4	184	607	648
17	2	4	185	691	758
17	3	7	186	778	791
17	12	10	187	791	874
17	0	3	188	1027	1052
18	2	8	189	39	132
18	7	5	190	241	282
18	0	8	191	509	601
18	1	0	192	615	660
18	0	10	193	697	787
18	10	2	194	808	860
18	6	1	195	864	945
18	3	7	196	957	1017
18	10	8	197	1027	1118
19	3	5	198	0	48
19	6	10	199	48	65
19	1	3	200	78	96
19	4	3	201	96	137
19	8	7	202	183	269
19	9	11	203	426	485
19	7	5	204	687	730
19	1	9	205	757	825
19	7	8	206	834	927
19	4	3	207	1123	1155
20	7	9	208	65	94
20	11	9	209	221	232
20	1	10	210	292	322
20	2	11	211	337	358
20	10	2	212	426	465
20	9	11	213	999	1040
20	12	6	214	1050	1118
20	12	0	215	1118	1213
21	5	5	216	52	97
21	12	5	217	106	179
21	13	9	218	179	221
21	11	3	219	256	344
21	4	0	220	344	424
21	3	6	221	440	530
21	4	9	222	1050	1095
21	13	3	223	1155	1211
22	6	1	224	65	146
22	4	0	225	170	213
22	14	8	226	428	451
22	6	10	227	451	503
22	12	10	228	503	586
22	14	6	229	621	658
22	8	0	230	810	902
22	4	7	231	902	957
22	7	6	232	957	1034
22	7	11	233	1132	1212
23	8	7	234	91	183
23	0	4	235	215	256
23	0	7	236	269	344
23	4	1	237	574	621
23	11	6	238	755	792
23	14	9	239	859	935
23	2	8	240	935	1027
23	14	0	241	1027	1113
24	11	6	242	0	95
24	12	5	243	97	106
24	12	5	244	179	241
24	3	0	245	241	337
24	12	6	246	350	440
24	7	1	247	621	660
24	10	2	248	660	741
24	3	11	249	741	778
24	8	4	250	1023	1089
24	8	4	251	1089	1124
24	1	5	252	1130	1216


Solution History:
