This is the output of Heuristic Solver for Dual resource constrained flexible job shop Scheduling Problem.
Input file is: wfjsp9_10.txt
Method: TS_100000000_0.145567_5
Seed: 5
Number of Jobs: 15
Number of Operations: 127
Number of Machines: 5
Number of Operators: 5
CPU Time: 8.73935
obj: 1450
Best found lower bound:0
Solver gap (best found lower bound and upper bound difference): Not known


Final Solution:
Job	Machine	Operator	Operation	Start Time	Finish Time
0	0	4	0	561	647
0	0	2	1	647	729
0	3	0	2	731	798
0	3	0	3	855	947
0	3	0	4	947	1000
0	0	4	5	1228	1261
0	2	2	6	1274	1307
0	2	4	7	1307	1362
1	3	1	8	72	160
1	0	4	9	220	248
1	2	3	10	515	551
1	2	2	11	561	595
1	3	1	12	613	699
1	2	2	13	909	991
1	1	3	14	1127	1197
1	2	4	15	1362	1449
2	0	2	16	311	393
2	2	2	17	628	641
2	1	3	18	695	704
2	2	3	19	775	832
2	0	4	20	997	1068
2	4	1	21	1127	1218
2	3	3	22	1284	1341
2	0	2	23	1376	1449
3	4	3	24	222	267
3	3	1	25	358	381
3	2	3	26	453	501
3	4	3	27	551	573
3	4	3	28	573	663
3	4	3	29	663	695
3	2	2	30	1020	1096
3	1	3	31	1363	1450
4	2	2	32	0	64
4	1	3	33	89	135
4	2	4	34	248	314
4	0	2	35	410	488
4	2	3	36	501	515
4	2	2	37	595	619
4	3	0	38	833	855
4	4	1	39	1233	1284
4	3	0	40	1381	1415
5	0	2	41	729	819
5	2	3	42	832	895
5	1	1	43	896	984
5	2	2	44	991	1006
5	2	2	45	1006	1020
5	0	4	46	1068	1139
5	3	0	47	1145	1193
5	4	1	48	1218	1233
6	0	0	49	36	129
6	1	3	50	135	222
6	3	1	51	381	410
6	0	2	52	488	561
6	2	2	53	619	628
6	4	4	54	736	819
6	4	4	55	819	902
6	4	3	56	902	923
6	4	3	57	923	996
7	0	0	58	0	36
7	0	0	59	129	138
7	1	0	60	222	315
7	2	4	61	315	366
7	2	4	62	366	453
7	1	0	63	579	647
7	0	2	64	819	909
7	3	0	65	1000	1079
8	3	1	66	196	244
8	1	0	67	315	366
8	0	2	68	393	410
8	3	1	69	410	436
8	2	3	70	704	726
8	1	1	71	794	818
8	1	1	72	984	1033
8	4	3	73	1078	1127
8	2	2	74	1224	1247
9	3	1	75	0	72
9	2	2	76	155	204
9	3	1	77	317	358
9	4	3	78	416	452
9	1	0	79	497	579
9	4	4	80	695	736
9	3	0	81	798	833
9	2	2	82	1247	1274
9	0	4	83	1288	1301
10	1	3	84	0	89
10	3	1	85	160	196
10	2	2	86	204	242
10	3	1	87	244	317
10	4	3	88	339	416
10	3	1	89	436	452
10	4	4	90	453	543
10	0	2	91	1307	1376
11	4	4	92	86	122
11	0	2	93	293	311
11	3	1	94	524	613
11	2	3	95	726	775
11	0	4	96	909	997
11	4	3	97	997	1078
11	3	0	98	1079	1145
11	3	3	99	1197	1284
11	4	1	100	1284	1375
12	4	4	101	0	86
12	4	4	102	122	218
12	1	0	103	405	497
12	2	4	104	647	695
12	3	0	105	699	731
12	2	2	106	1096	1145
12	1	0	107	1197	1290
12	3	3	108	1341	1357
13	2	2	109	64	155
13	0	2	110	248	261
13	4	3	111	267	339
13	3	1	112	452	524
13	1	0	113	647	694
13	1	1	114	704	794
13	1	1	115	818	896
13	1	1	116	1033	1121
13	2	2	117	1145	1224
13	4	1	118	1375	1448
14	0	0	119	138	220
14	0	2	120	261	293
14	1	0	121	366	405
14	0	4	122	1139	1228
14	0	4	123	1261	1288
14	1	0	124	1290	1363
14	3	0	125	1363	1381
14	3	0	126	1415	1440


Solution History:
