This is the output of Heuristic Solver for Dual resource constrained flexible job shop Scheduling Problem.
Input file is: wfjsp7_2.txt
Method: TS_100000000_0.050532_5
Seed: 1
Number of Jobs: 12
Number of Operations: 100
Number of Machines: 5
Number of Operators: 5
CPU Time: 3.03595
obj: 1067
Best found lower bound:0
Solver gap (best found lower bound and upper bound difference): Not known


Final Solution:
Job	Machine	Operator	Operation	Start Time	Finish Time
0	2	2	0	704	784
0	2	0	1	833	901
0	0	2	2	908	927
0	0	2	3	946	981
0	0	2	4	1049	1064
1	1	4	5	0	25
1	0	2	6	68	139
1	3	0	7	139	148
1	3	0	8	183	256
1	3	3	9	291	331
1	2	4	10	331	388
1	1	0	11	480	495
1	1	0	12	507	576
1	0	2	13	841	908
2	4	1	14	0	56
2	1	3	15	120	193
2	1	3	16	193	227
2	4	1	17	263	310
2	4	1	18	310	334
2	0	2	19	365	422
2	0	2	20	422	501
2	3	3	21	519	600
2	4	1	22	631	684
2	1	0	23	729	800
3	2	2	24	0	67
3	3	0	25	120	138
3	3	0	26	171	183
3	1	3	27	331	418
3	1	3	28	418	443
3	4	1	29	456	536
3	3	3	30	870	959
3	1	3	31	960	978
3	0	2	32	981	1049
4	4	1	33	134	211
4	4	1	34	211	263
4	3	3	35	263	291
4	3	0	36	331	383
4	1	3	37	443	479
4	0	2	38	501	573
4	4	1	39	684	764
4	3	4	40	841	870
4	2	0	41	901	916
4	1	4	42	978	1010
5	3	0	43	0	16
5	3	4	44	25	63
5	2	0	45	388	459
5	3	3	46	479	519
5	2	4	47	519	609
5	4	1	48	977	1066
6	2	4	49	156	218
6	1	3	50	227	258
6	1	0	51	258	325
6	0	2	52	331	365
6	2	0	53	459	480
6	1	0	54	696	729
6	2	2	55	784	833
6	0	2	56	927	946
6	2	0	57	990	1061
7	0	2	58	139	207
7	0	2	59	207	218
7	2	4	60	218	251
7	2	4	61	251	309
7	1	4	62	609	696
7	4	1	63	764	819
7	2	0	64	916	990
8	3	3	65	68	120
8	4	1	66	334	356
8	0	2	67	604	704
8	3	3	68	704	719
8	3	3	69	719	797
8	3	3	70	797	812
8	1	3	71	812	868
8	4	1	72	922	977
8	1	4	73	1010	1066
9	0	3	74	0	68
9	2	4	75	68	156
9	0	2	76	218	275
9	0	2	77	275	331
9	3	4	78	388	476
9	1	0	79	495	507
9	4	1	80	536	585
9	4	1	81	585	631
9	4	1	82	868	922
9	3	4	83	960	978
10	4	1	84	56	134
10	3	0	85	148	171
10	4	1	86	431	456
10	2	4	87	480	515
10	0	2	88	573	604
10	3	3	89	604	692
10	0	4	90	778	841
11	1	0	91	25	105
11	4	1	92	356	431
11	1	0	93	576	588
11	1	0	94	588	608
11	2	0	95	609	689
11	0	4	96	704	778
11	4	1	97	819	868
11	1	4	98	870	960
11	3	3	99	978	1067


Solution History:
