This is the output of Heuristic Solver for Dual resource constrained flexible job shop Scheduling Problem.
Input file is: wfjsp9_5.txt
Method: TS_100000000_0.075087_5
Seed: 5
Number of Jobs: 15
Number of Operations: 130
Number of Machines: 5
Number of Operators: 5
CPU Time: 4.51154
obj: 1309
Best found lower bound:0
Solver gap (best found lower bound and upper bound difference): Not known


Final Solution:
Job	Machine	Operator	Operation	Start Time	Finish Time
0	2	0	0	36	51
0	1	1	1	274	312
0	1	3	2	328	415
0	0	1	3	455	523
0	0	0	4	548	616
0	2	3	5	636	678
0	3	0	6	990	1057
0	4	4	7	1120	1161
0	4	1	8	1161	1205
0	3	0	9	1234	1275
1	4	4	10	20	50
1	1	1	11	71	140
1	1	4	12	140	163
1	3	2	13	202	215
1	0	2	14	218	293
1	1	4	15	430	496
1	2	2	16	723	732
1	1	1	17	1252	1299
2	4	4	18	50	125
2	1	4	19	163	202
2	4	1	20	523	552
2	2	0	21	685	722
2	1	1	22	956	984
2	0	1	23	1032	1062
2	1	3	24	1075	1158
2	3	3	25	1187	1230
3	0	0	26	51	92
3	3	0	27	309	334
3	0	1	28	344	353
3	3	0	29	407	457
3	1	3	30	678	761
3	4	4	31	761	823
3	3	0	32	830	897
3	3	3	33	897	990
4	4	3	34	128	208
4	2	0	35	253	289
4	3	0	36	334	348
4	0	1	37	353	404
4	2	2	38	412	493
4	0	0	39	616	685
4	1	1	40	892	956
4	2	3	41	1242	1271
5	2	0	42	183	253
5	3	0	43	348	384
5	0	1	44	404	422
5	1	4	45	578	644
5	0	1	46	685	770
5	1	3	47	770	856
5	4	4	48	1075	1120
5	2	2	49	1150	1231
6	3	3	50	0	82
6	1	4	51	421	430
6	3	2	52	522	554
6	4	1	53	554	641
6	1	1	54	644	676
6	2	2	55	732	817
6	2	2	56	817	835
6	1	1	57	856	892
6	3	2	58	1058	1144
7	3	2	59	138	151
7	3	2	60	151	175
7	4	4	61	231	297
7	1	3	62	312	328
7	0	2	63	855	895
7	2	2	64	895	925
7	1	4	65	990	1074
7	4	4	66	1223	1301
8	0	2	67	0	38
8	1	1	68	218	257
8	1	1	69	257	274
8	4	4	70	644	728
8	4	4	71	823	920
8	0	0	72	924	967
8	0	1	73	984	1018
8	0	1	74	1018	1032
8	2	0	75	1058	1150
8	2	3	76	1271	1300
9	2	0	77	135	183
9	2	2	78	293	358
9	1	4	79	496	578
9	0	0	80	897	924
9	2	2	81	925	997
9	1	4	82	1161	1214
9	4	4	83	1214	1223
9	1	1	84	1224	1252
9	4	1	85	1301	1309
10	3	2	86	129	138
10	4	3	87	421	504
10	2	3	88	504	590
10	2	3	89	590	636
10	4	4	90	728	756
10	4	3	91	990	1075
10	0	0	92	1187	1234
10	2	3	93	1234	1242
11	0	0	94	92	135
11	3	3	95	215	295
11	4	4	96	311	354
11	2	2	97	358	412
11	0	0	98	523	548
11	3	0	99	723	762
11	3	0	100	762	830
11	2	2	101	835	847
11	4	4	102	920	990
11	0	2	103	1234	1303
12	1	1	104	0	71
12	3	3	105	82	128
12	3	2	106	554	640
12	0	1	107	770	855
12	2	2	108	997	1029
12	0	1	109	1062	1150
12	3	0	110	1150	1187
12	3	0	111	1275	1306
13	2	0	112	0	36
13	0	2	113	38	47
13	2	2	114	51	129
13	3	2	115	175	202
13	4	4	116	208	231
13	4	3	117	297	311
13	4	4	118	354	421
13	0	1	119	422	455
13	2	3	120	856	892
13	2	2	121	1029	1058
14	4	4	122	0	20
14	0	1	123	140	218
14	0	0	124	293	309
14	0	1	125	312	344
14	3	0	126	384	407
14	3	0	127	457	522
14	3	2	128	640	723
14	1	1	129	1214	1224


Solution History:
