This is the output of Heuristic Solver for Dual resource constrained flexible job shop Scheduling Problem.
Input file is: wfjsp12_4.txt
Method: TS_100000000_0.193415_5
Seed: 1
Number of Jobs: 25
Number of Operations: 198
Number of Machines: 10
Number of Operators: 10
CPU Time: 11.6214
obj: 1067
Best found lower bound:0
Solver gap (best found lower bound and upper bound difference): Not known


Final Solution:
Job	Machine	Operator	Operation	Start Time	Finish Time
0	2	1	0	28	102
0	7	2	1	105	166
0	5	4	2	263	337
0	2	9	3	549	612
0	6	9	4	647	740
0	9	6	5	788	814
0	1	0	6	814	861
0	8	8	7	948	962
0	1	9	8	1014	1060
1	1	2	9	0	25
1	6	9	10	184	199
1	6	5	11	348	386
1	3	2	12	405	480
1	6	8	13	535	555
1	9	5	14	607	683
1	5	3	15	687	782
1	4	0	16	863	922
1	6	0	17	1016	1067
2	5	9	18	63	98
2	6	9	19	105	121
2	7	6	20	175	222
2	6	9	21	261	343
2	7	3	22	384	396
2	5	7	23	396	461
2	7	7	24	994	1062
3	3	0	25	60	72
3	9	7	26	93	165
3	3	8	27	262	352
3	2	4	28	612	706
3	0	5	29	801	852
3	1	4	30	897	987
4	1	7	31	239	310
4	0	2	32	334	405
4	7	2	33	480	523
4	4	7	34	527	543
4	3	1	35	649	717
4	7	7	36	892	916
4	0	8	37	1042	1065
5	5	9	38	0	63
5	4	3	39	70	116
5	5	7	40	175	239
5	3	1	41	548	580
5	7	3	42	628	681
5	8	8	43	752	818
6	0	2	44	260	334
6	9	0	45	414	479
6	3	1	46	618	649
6	4	7	47	722	747
6	7	3	48	782	847
6	7	7	49	863	892
6	6	3	50	892	943
6	3	2	51	992	1020
7	1	4	52	390	490
7	7	3	53	523	562
7	4	3	54	562	576
7	5	2	55	605	636
7	8	8	56	682	752
7	0	2	57	790	801
7	2	1	58	809	880
7	5	2	59	887	931
7	5	2	60	931	990
8	0	5	61	0	44
8	3	0	62	72	102
8	1	4	63	105	118
8	1	4	64	118	145
8	4	0	65	299	347
8	9	6	66	347	411
8	7	6	67	725	770
8	4	7	68	800	831
9	0	5	69	118	174
9	8	5	70	193	257
9	7	3	71	299	337
9	6	9	72	488	535
9	4	7	73	628	722
9	0	5	74	743	790
9	4	7	75	790	800
9	9	9	76	817	888
9	9	6	77	1014	1062
10	3	0	78	34	60
10	1	4	79	145	234
10	8	5	80	257	320
10	8	5	81	418	470
10	1	6	82	541	594
10	0	8	83	643	674
10	6	4	84	800	891
10	0	5	85	919	943
10	3	2	86	1020	1051
11	6	4	87	0	44
11	6	9	88	121	184
11	4	3	89	191	230
11	5	4	90	239	263
11	8	5	91	320	348
11	7	3	92	396	472
11	0	2	93	687	743
11	4	3	94	943	981
12	7	2	95	25	66
12	7	0	96	222	295
12	0	8	97	418	484
12	0	8	98	484	533
12	2	9	99	535	549
12	4	3	100	576	620
12	9	0	101	683	714
12	1	6	102	868	897
12	7	7	103	916	963
12	8	5	104	1042	1061
13	0	5	105	44	118
13	0	2	106	174	251
13	7	3	107	337	384
13	2	1	108	434	481
13	3	1	109	481	548
13	7	7	110	562	628
13	8	0	111	633	682
13	0	5	112	852	919
13	4	3	113	981	1053
13	4	3	114	1053	1063
14	8	8	115	46	133
14	2	1	116	382	434
14	5	4	117	490	572
14	9	5	118	573	607
14	5	2	119	636	687
14	4	7	120	831	863
14	7	7	121	963	994
15	3	0	122	0	34
15	2	1	123	265	327
15	2	3	124	481	520
15	0	2	125	533	605
15	1	6	126	643	725
15	6	9	127	740	788
15	5	9	128	788	817
15	2	9	129	897	977
15	5	4	130	990	1066
16	8	8	131	0	46
16	9	6	132	46	92
16	5	6	133	461	480
16	1	6	134	490	541
16	6	9	135	612	647
16	9	7	136	750	788
16	5	6	137	817	868
17	2	1	138	214	265
17	5	9	139	358	373
17	5	9	140	373	396
17	4	6	141	414	461
17	9	0	142	479	573
17	2	4	143	706	751
17	8	8	144	818	882
17	3	1	145	897	992
18	2	7	146	0	28
18	5	6	147	98	175
18	2	9	148	202	214
18	6	9	149	214	261
18	2	1	150	327	382
18	6	4	151	572	603
18	1	0	152	603	632
18	8	8	153	882	948
18	0	5	154	948	1042
19	2	1	155	102	202
19	9	6	156	222	296
19	5	4	157	337	358
19	4	0	158	358	386
19	4	0	159	386	414
19	4	7	160	461	527
19	2	4	161	751	800
19	2	1	162	992	1063
20	4	3	163	116	191
20	9	0	164	193	222
20	0	2	165	251	260
20	6	9	166	460	488
20	0	6	167	605	643
21	1	7	168	28	93
21	1	7	169	310	390
21	6	9	170	396	460
21	8	5	171	470	562
21	7	5	172	683	703
21	3	1	173	717	809
21	3	2	174	809	887
21	9	6	175	897	982
21	1	6	176	987	1014
21	3	2	177	1051	1067
22	9	6	178	0	43
22	7	2	179	66	105
22	3	0	180	105	129
22	8	8	181	562	633
22	9	0	182	714	750
22	6	0	183	943	1016
23	4	3	184	0	70
23	3	8	185	133	197
23	3	8	186	197	262
23	9	6	187	296	330
23	8	8	188	352	418
23	3	1	189	580	618
23	1	0	190	750	813
23	8	8	191	962	1041
24	6	4	192	44	105
24	8	0	193	133	193
24	4	3	194	230	299
24	3	4	195	358	387
24	2	1	196	880	897
24	9	9	197	982	1004


Solution History:
