This is the output of Heuristic Solver for Dual resource constrained flexible job shop Scheduling Problem.
Input file is: wfjsp18_6.txt
Method: TS_100000000_0.302773_5
Seed: 2
Number of Jobs: 20
Number of Operations: 160
Number of Machines: 10
Number of Operators: 8
CPU Time: 18.1743
obj: 1105
Best found lower bound:0
Solver gap (best found lower bound and upper bound difference): Not known


Final Solution:
Job	Machine	Operator	Operation	Start Time	Finish Time
0	3	3	0	13	83
0	3	3	1	312	353
0	1	6	2	373	430
0	7	1	3	441	482
0	2	3	4	531	626
0	1	2	5	686	777
0	7	1	6	796	824
0	4	0	7	872	899
0	6	3	8	981	1067
1	2	3	9	0	13
1	7	4	10	178	262
1	8	4	11	275	350
1	8	0	12	517	550
1	6	6	13	645	685
1	9	7	14	685	740
1	8	1	15	824	913
1	1	2	16	920	996
2	0	5	17	146	237
2	5	2	18	250	278
2	1	2	19	282	330
2	7	4	20	506	568
2	9	6	21	594	633
2	5	1	22	650	732
2	7	2	23	844	920
2	7	7	24	1004	1065
3	0	5	25	0	38
3	0	5	26	38	70
3	0	5	27	70	79
3	5	5	28	79	146
3	4	1	29	231	315
3	0	5	30	431	477
3	1	2	31	501	514
3	3	4	32	744	838
3	9	7	33	903	981
3	9	6	34	1052	1091
4	6	7	35	0	77
4	0	4	36	94	134
4	3	3	37	199	224
4	5	1	38	356	441
4	6	4	39	453	489
4	3	6	40	685	742
4	4	0	41	899	945
4	8	4	42	970	1032
5	1	0	43	0	86
5	4	0	44	427	517
5	4	0	45	550	599
5	2	3	46	626	717
5	0	5	47	717	750
5	7	0	48	945	990
5	3	7	49	990	1004
6	9	6	50	0	90
6	3	6	51	90	117
6	5	0	52	282	294
6	5	0	53	294	341
6	9	3	54	444	531
6	3	7	55	552	564
6	8	1	56	569	650
6	4	0	57	807	872
6	1	2	58	996	1058
6	5	1	59	1058	1105
7	4	1	60	146	231
7	0	4	61	262	275
7	3	3	62	353	441
7	2	2	63	448	501
7	6	7	64	501	523
7	5	2	65	818	844
7	3	0	66	1005	1091
8	7	1	67	315	356
8	8	2	68	356	448
8	0	5	69	477	543
8	6	5	70	543	556
8	6	6	71	829	865
8	8	2	72	1058	1099
9	8	1	73	0	88
9	1	1	74	110	146
9	9	6	75	155	197
9	3	7	76	246	255
9	2	2	77	330	354
9	9	7	78	740	834
9	3	4	79	881	970
9	2	3	80	970	981
10	7	4	81	0	27
10	0	3	82	83	94
10	6	4	83	350	453
10	9	7	84	531	550
10	6	4	85	568	643
10	8	4	86	650	744
10	8	1	87	744	796
10	0	6	88	1026	1052
10	6	3	89	1067	1101
11	4	2	90	0	84
11	2	3	91	182	199
11	0	5	92	237	254
11	0	5	93	389	431
11	0	6	94	968	1026
11	0	5	95	1052	1100
12	2	3	96	94	182
12	9	6	97	197	288
12	1	0	98	341	370
12	0	5	99	556	622
12	0	7	100	622	682
12	4	1	101	732	744
12	9	6	102	865	903
12	6	3	103	920	969
12	9	0	104	990	1005
12	7	7	105	1065	1098
13	1	1	106	88	110
13	8	2	107	110	152
13	5	2	108	152	241
13	3	7	109	255	291
13	0	7	110	291	320
13	1	2	111	602	686
13	0	5	112	750	776
13	2	4	113	1032	1091
14	6	7	114	77	152
14	6	7	115	152	246
14	9	6	116	288	373
14	5	7	117	444	476
14	8	4	118	489	506
14	9	6	119	633	645
14	5	0	120	785	807
14	5	5	121	871	962
15	3	4	122	134	150
15	7	4	123	150	178
15	2	3	124	224	312
15	0	7	125	320	380
15	9	6	126	552	594
15	6	6	127	742	829
15	1	4	128	838	881
16	5	2	129	241	250
16	6	5	130	254	331
16	7	7	131	482	501
16	3	7	132	564	622
16	2	3	133	717	768
16	2	3	134	768	784
16	1	2	135	784	818
16	2	3	136	846	920
16	8	1	137	920	969
17	4	0	138	86	141
17	2	0	139	370	427
17	5	1	140	482	569
17	7	0	141	599	690
17	7	0	142	690	785
17	3	7	143	838	871
17	0	6	144	903	968
17	5	1	145	969	1058
18	7	4	146	27	94
18	1	6	147	430	469
18	3	6	148	469	552
18	2	3	149	784	846
18	4	5	150	962	1050
19	9	2	151	90	109
19	9	6	152	117	155
19	8	0	153	155	240
19	1	0	154	240	282
19	4	5	155	331	389
19	9	7	156	389	444
19	1	2	157	514	602
19	4	5	158	622	717
19	0	5	159	776	871


Solution History:
