This is the output of Heuristic Solver for Dual resource constrained flexible job shop Scheduling Problem.
Input file is: wfjsp18_8.txt
Method: TS_100000000_0.120350_5
Seed: 5
Number of Jobs: 20
Number of Operations: 151
Number of Machines: 10
Number of Operators: 8
CPU Time: 7.22822
obj: 1008
Best found lower bound:0
Solver gap (best found lower bound and upper bound difference): Not known


Final Solution:
Job	Machine	Operator	Operation	Start Time	Finish Time
0	6	6	0	128	157
0	5	5	1	233	304
0	4	7	2	452	485
0	9	1	3	653	718
0	3	5	4	789	857
1	2	0	5	118	176
1	1	4	6	226	298
1	9	6	7	321	333
1	1	2	8	388	435
1	5	3	9	625	683
1	3	3	10	683	714
1	4	2	11	754	843
1	6	7	12	884	893
2	4	5	13	0	98
2	8	3	14	386	404
2	1	2	15	700	754
2	0	4	16	754	824
2	9	3	17	852	882
2	9	3	18	882	946
2	0	3	19	959	1006
3	9	6	20	0	41
3	1	4	21	41	79
3	7	3	22	94	145
3	4	5	23	173	228
3	4	6	24	228	302
3	3	7	25	350	433
3	2	1	26	550	619
3	7	5	27	716	787
3	8	7	28	812	884
3	6	6	29	939	1008
4	0	1	30	0	66
4	3	0	31	240	310
4	1	0	32	435	493
4	5	5	33	493	529
4	4	6	34	624	719
4	9	0	35	747	835
4	4	2	36	843	869
5	6	0	37	22	47
5	0	5	38	98	173
5	0	4	39	298	308
5	6	0	40	362	433
5	8	3	41	533	562
5	4	4	42	727	736
5	4	7	43	900	943
5	9	1	44	959	1001
6	7	3	45	0	48
6	8	7	46	75	158
6	4	6	47	369	407
6	5	5	48	529	585
6	7	6	49	836	895
6	5	2	50	923	998
7	6	6	51	116	128
7	7	1	52	234	249
7	2	2	53	286	332
7	5	2	54	332	388
7	5	7	55	433	450
7	6	2	56	506	573
8	9	1	57	83	143
8	7	1	58	249	317
8	9	6	59	333	369
8	2	4	60	466	550
8	6	2	61	636	696
8	5	4	62	700	727
8	4	4	63	736	753
8	7	3	64	789	835
9	6	6	65	47	116
9	8	3	66	226	240
9	6	6	67	302	321
9	8	3	68	404	451
9	7	0	69	493	542
9	2	0	70	624	676
9	9	6	71	719	737
9	0	1	72	824	892
9	7	6	73	895	939
10	5	2	74	0	27
10	6	7	75	240	271
10	0	4	76	308	335
10	2	4	77	335	395
10	7	5	78	676	716
10	0	1	79	718	744
10	1	1	80	754	824
11	1	0	81	0	22
11	3	0	82	47	101
11	7	0	83	176	234
11	0	5	84	365	451
11	7	6	85	542	624
11	3	7	86	644	682
11	5	7	87	739	812
11	5	2	88	869	923
12	5	2	89	27	99
12	6	6	90	157	217
12	1	3	91	298	369
12	9	6	92	452	533
12	0	5	93	585	658
12	5	3	94	835	852
12	3	5	95	857	928
12	7	5	96	939	1002
13	5	2	97	143	233
13	0	3	98	240	290
13	4	5	99	304	365
13	1	4	100	550	618
13	1	4	101	618	700
13	6	6	102	737	836
13	0	1	103	892	959
14	3	7	104	158	240
14	8	0	105	313	345
14	0	0	106	345	362
14	6	2	107	435	506
14	7	1	108	624	653
14	0	5	109	658	676
14	8	7	110	682	739
14	2	4	111	824	889
15	2	4	112	0	38
15	8	4	113	158	226
15	2	2	114	233	286
15	7	1	115	317	407
15	4	6	116	407	452
15	8	3	117	452	533
15	0	1	118	535	547
15	9	3	119	562	625
15	2	0	120	897	914
16	8	7	121	0	75
16	1	4	122	79	152
16	3	7	123	313	350
16	4	7	124	485	567
16	1	4	125	900	943
16	8	4	126	943	1004
17	7	3	127	48	94
17	3	0	128	101	118
17	7	1	129	145	174
17	9	1	130	175	234
17	7	1	131	407	471
17	0	1	132	471	535
17	3	7	133	567	644
17	3	3	134	714	789
17	1	0	135	870	897
17	4	7	136	943	997
18	2	1	137	66	83
18	5	2	138	99	143
18	9	3	139	145	175
18	0	3	140	175	226
18	1	3	141	369	386
18	3	5	142	451	489
18	6	2	143	573	636
18	6	0	144	836	870
19	8	7	145	271	313
19	2	4	146	395	466
19	8	0	147	562	624
19	2	0	148	676	747
19	4	4	149	889	900
19	2	0	150	914	1002


Solution History:
