This is the output of Heuristic Solver for Dual resource constrained flexible job shop Scheduling Problem.
Input file is: wfjsp10_6.txt
Method: TS_100000000_0.149710_5
Seed: 4
Number of Jobs: 20
Number of Operations: 160
Number of Machines: 10
Number of Operators: 10
CPU Time: 8.98891
obj: 931
Best found lower bound:0
Solver gap (best found lower bound and upper bound difference): Not known


Final Solution:
Job	Machine	Operator	Operation	Start Time	Finish Time
0	3	2	0	0	63
0	3	2	1	63	105
0	1	9	2	105	162
0	9	5	3	177	218
0	2	5	4	218	309
0	8	9	5	350	444
0	3	8	6	529	558
0	3	5	7	693	719
0	6	8	8	807	898
1	2	4	9	144	157
1	7	8	10	308	392
1	5	4	11	462	535
1	8	7	12	535	562
1	6	5	13	562	602
1	9	8	14	649	704
1	0	7	15	704	789
1	4	0	16	826	907
2	0	7	17	0	87
2	5	6	18	123	153
2	1	1	19	162	211
2	8	9	20	291	350
2	7	5	21	513	555
2	5	1	22	629	711
2	7	7	23	790	866
2	7	7	24	866	931
3	0	3	25	139	180
3	0	4	26	180	212
3	0	4	27	212	221
3	5	4	28	221	286
3	4	0	29	333	418
3	6	2	30	424	471
3	1	2	31	471	486
3	3	7	32	603	693
3	2	4	33	701	777
3	9	6	34	822	857
4	6	0	35	0	80
4	0	7	36	87	125
4	3	8	37	164	189
4	4	0	38	229	315
4	1	8	39	429	471
4	1	3	40	486	536
4	1	2	41	549	595
4	8	5	42	807	873
5	1	9	43	0	91
5	4	0	44	91	181
5	0	1	45	221	271
5	2	3	46	319	404
5	0	4	47	596	629
5	7	9	48	649	699
5	3	6	49	912	925
6	9	5	50	0	88
6	6	8	51	88	117
6	5	6	52	153	166
6	4	0	53	181	229
6	9	7	54	249	344
6	3	2	55	344	356
6	8	7	56	444	527
6	9	0	57	527	592
6	8	5	58	603	673
6	1	9	59	840	892
7	4	8	60	0	87
7	5	6	61	111	123
7	3	6	62	254	342
7	2	3	63	549	602
7	6	1	64	602	624
7	0	3	65	658	685
7	7	9	66	699	790
8	7	1	67	0	42
8	8	3	68	53	139
8	3	6	69	189	254
8	6	2	70	301	314
8	7	8	71	392	429
8	8	3	72	689	730
9	5	6	73	20	111
9	1	3	74	239	281
9	9	6	75	344	388
9	4	6	76	429	437
9	2	2	77	619	644
9	9	8	78	704	798
9	3	2	79	822	912
9	2	4	80	912	923
10	7	1	81	121	147
10	6	2	82	199	208
10	6	2	83	208	301
10	9	6	84	388	406
10	6	1	85	471	546
10	7	9	86	555	649
10	8	3	87	730	782
10	0	9	88	790	814
10	6	8	89	898	931
11	7	8	90	223	308
11	6	2	91	314	332
11	0	1	92	338	356
11	0	1	93	411	454
11	0	4	94	546	596
11	2	4	95	658	701
12	2	4	96	0	88
12	9	5	97	88	177
12	1	3	98	211	239
12	0	1	99	271	338
12	0	1	100	356	411
12	4	0	101	418	429
12	4	6	102	499	537
12	1	3	103	786	835
12	9	6	104	857	871
12	1	9	105	892	925
13	5	6	106	166	189
13	8	9	107	249	291
13	5	4	108	373	462
13	3	8	109	558	594
13	0	4	110	629	658
13	6	5	111	721	807
13	0	9	112	814	840
13	2	4	113	851	902
14	7	1	114	42	121
14	6	5	115	332	422
14	9	0	116	429	514
14	5	0	117	596	629
14	8	5	118	673	689
14	5	1	119	711	724
14	5	1	120	724	745
14	5	1	121	745	834
15	3	2	122	105	122
15	1	2	123	356	383
15	2	3	124	404	486
15	0	9	125	486	546
15	8	7	126	562	603
15	6	0	127	629	721
15	1	2	128	741	786
16	1	9	129	91	102
16	6	2	130	122	199
16	4	0	131	315	333
16	3	8	132	471	529
16	5	1	133	546	596
16	2	2	134	602	619
16	1	3	135	619	653
16	2	4	136	777	851
16	8	5	137	873	922
17	8	3	138	0	53
17	2	4	139	88	144
17	5	4	140	286	373
17	7	5	141	429	513
17	4	6	142	537	625
17	3	6	143	719	751
17	3	6	144	751	822
17	5	1	145	834	923
18	7	9	146	162	223
18	1	3	147	281	319
18	3	7	148	356	439
18	2	2	149	486	549
18	4	6	150	625	713
19	5	6	151	0	20
19	3	7	152	125	164
19	8	7	153	164	249
19	1	2	154	383	424
19	4	6	155	437	499
19	9	8	156	594	649
19	1	2	157	653	741
19	4	0	158	741	826
19	0	3	159	840	929


Solution History:
