This is the output of Heuristic Solver for Dual resource constrained flexible job shop Scheduling Problem.
Input file is: wfjsp13_1.txt
Method: TS_100000000_0.373908_5
Seed: 4
Number of Jobs: 25
Number of Operations: 248
Number of Machines: 15
Number of Operators: 15
CPU Time: 22.4532
obj: 909
Best found lower bound:0
Solver gap (best found lower bound and upper bound difference): Not known


Final Solution:
Job	Machine	Operator	Operation	Start Time	Finish Time
0	11	11	0	45	114
0	5	10	1	202	231
0	7	12	2	234	284
0	14	11	3	387	475
0	9	11	4	486	563
0	13	9	5	564	622
0	10	7	6	623	705
0	13	7	7	705	732
0	11	11	8	805	846
0	5	8	9	858	896
0	6	13	10	896	905
1	10	14	11	80	96
1	14	6	12	100	112
1	1	8	13	116	172
1	10	10	14	236	307
1	6	13	15	332	386
1	1	9	16	536	560
1	12	0	17	560	569
1	9	14	18	608	664
1	8	6	19	710	750
1	4	9	20	822	909
2	4	1	21	52	142
2	6	0	22	153	199
2	7	3	23	295	373
2	14	11	24	373	387
2	3	0	25	411	449
2	14	8	26	475	499
2	0	7	27	505	528
2	8	1	28	547	592
2	3	0	29	610	693
3	7	9	30	89	127
3	11	2	31	127	191
3	12	13	32	451	540
3	14	8	33	596	636
3	14	8	34	636	649
3	6	10	35	656	704
3	3	0	36	713	735
3	1	6	37	788	825
4	7	5	38	0	74
4	5	0	39	81	147
4	12	2	40	275	312
4	0	10	41	313	409
4	0	5	42	468	493
4	3	5	43	512	573
4	8	6	44	699	710
4	5	0	45	735	749
5	5	12	46	0	81
5	13	12	47	81	91
5	1	6	48	91	100
5	8	10	49	100	140
5	10	7	50	154	236
5	1	5	51	259	274
5	1	5	52	400	456
5	10	6	53	541	605
5	1	4	54	659	701
5	12	4	55	701	745
5	3	0	56	749	839
5	14	1	57	858	896
6	14	6	58	112	204
6	8	1	59	332	386
6	6	0	60	386	411
6	7	3	61	435	490
6	14	0	62	499	518
6	14	8	63	555	596
6	7	9	64	650	742
6	1	9	65	742	780
6	5	1	66	780	799
7	3	11	67	116	161
7	8	13	68	168	223
7	14	0	69	223	284
7	3	0	70	449	497
7	0	6	71	623	646
7	8	13	72	660	699
7	8	6	73	750	788
7	10	3	74	788	828
7	3	0	75	859	904
8	10	13	76	0	80
8	12	13	77	80	168
8	1	9	78	172	254
8	5	9	79	341	433
8	10	6	80	467	541
8	9	14	81	564	608
8	10	6	82	608	623
8	2	1	83	719	739
8	3	1	84	739	748
8	6	12	85	804	880
9	6	8	86	0	37
9	13	14	87	46	73
9	4	1	88	142	161
9	9	5	89	291	324
9	0	10	90	409	468
9	3	5	91	497	512
9	7	12	92	742	804
9	2	4	93	821	899
10	9	7	94	0	21
10	3	0	95	52	71
10	10	7	96	97	154
10	7	3	97	202	215
10	11	11	98	262	366
10	14	8	99	689	764
10	14	8	100	764	819
10	14	8	101	819	858
11	4	5	102	161	259
11	1	7	103	291	363
11	13	14	104	363	402
11	4	14	105	503	564
11	4	4	106	564	583
11	4	14	107	664	706
11	1	13	108	719	734
11	12	13	109	745	820
11	11	11	110	846	902
12	9	7	111	21	97
12	7	8	112	172	193
12	14	0	113	204	222
12	4	4	114	286	361
12	8	1	115	386	407
12	13	9	116	433	522
12	0	7	117	528	615
12	6	13	118	704	718
12	2	4	119	745	768
13	8	2	120	0	19
13	3	11	121	161	244
13	12	12	122	312	373
13	2	2	123	404	481
13	7	3	124	490	540
13	2	13	125	547	592
13	8	13	126	592	633
13	8	13	127	633	660
13	9	5	128	664	694
13	0	7	129	814	901
14	13	14	130	0	22
14	13	14	131	22	46
14	3	8	132	78	116
14	0	4	133	181	199
14	0	4	134	199	241
14	12	12	135	373	451
14	8	12	136	451	514
14	13	2	137	522	564
14	5	10	138	566	656
14	0	11	139	656	693
14	10	10	140	705	785
14	1	3	141	828	908
15	4	11	142	0	45
15	6	5	143	78	153
15	2	1	144	166	249
15	0	3	145	249	295
15	7	3	146	373	413
15	11	4	147	413	486
15	5	10	148	486	566
15	1	5	149	573	657
15	13	3	150	660	700
15	11	2	151	715	769
15	8	2	152	788	852
15	12	14	153	852	906
16	14	4	154	0	54
16	14	6	155	55	91
16	9	14	156	97	141
16	9	12	157	145	228
16	8	13	158	228	275
16	9	7	159	363	423
16	4	1	160	423	503
16	9	10	161	785	858
17	0	3	162	0	21
17	11	0	163	21	38
17	6	8	164	38	78
17	8	10	165	140	157
17	7	3	166	215	234
17	5	14	167	234	290
17	5	6	168	304	339
17	7	3	169	413	435
17	2	1	170	592	671
17	9	3	171	700	785
17	3	0	172	839	859
18	12	6	173	0	55
18	2	4	174	89	166
18	6	8	175	199	289
18	6	8	176	289	319
18	13	2	177	319	361
18	4	2	178	361	404
18	11	0	179	518	557
18	12	4	180	583	659
18	11	2	181	660	715
18	13	7	182	732	812
18	10	13	183	828	855
19	0	10	184	21	97
19	2	9	185	254	341
19	3	6	186	341	381
19	8	13	187	407	427
19	9	14	188	427	486
19	2	1	189	503	547
19	7	11	190	563	650
19	14	8	191	650	689
19	3	0	192	693	713
19	4	14	193	713	763
19	4	14	194	763	822
20	2	9	195	0	89
20	11	3	196	191	202
20	3	1	197	249	328
20	2	5	198	341	400
20	10	8	199	407	466
20	14	8	200	518	555
20	4	2	201	583	659
20	2	1	202	671	719
20	6	5	203	719	777
20	11	11	204	777	805
20	7	5	205	805	882
20	7	12	206	882	909
21	3	1	207	0	52
21	13	14	208	145	165
21	13	14	209	165	223
21	11	4	210	241	262
21	14	0	211	284	366
21	11	2	212	486	506
21	6	12	213	514	591
21	3	0	214	591	610
21	5	12	215	656	733
21	6	5	216	777	795
21	5	1	217	799	856
21	9	10	218	858	894
22	8	2	219	19	97
22	13	12	220	97	145
22	5	10	221	157	202
22	13	6	222	223	304
22	11	4	223	366	402
22	1	4	224	486	536
22	11	3	225	557	660
22	5	1	226	749	772
22	13	6	227	825	901
23	1	3	228	21	71
23	9	7	229	236	291
23	0	14	230	295	313
23	10	8	231	319	407
23	5	6	232	433	467
23	6	12	233	591	650
23	12	6	234	659	697
23	0	11	235	697	775
23	0	4	236	775	814
23	12	14	237	822	840
23	8	2	238	852	907
24	0	3	239	97	181
24	12	2	240	191	275
24	4	4	241	275	286
24	8	13	242	286	332
24	9	14	243	332	355
24	3	6	244	381	408
24	6	7	245	423	505
24	1	5	246	701	719
24	2	9	247	780	821


Solution History:
