This is the output of Heuristic Solver for Dual resource constrained flexible job shop Scheduling Problem.
Input file is: wfjsp23_8.txt
Method: TS_100000000_1.054993_5
Seed: 2
Number of Jobs: 30
Number of Operations: 373
Number of Machines: 15
Number of Operators: 12
CPU Time: 63.3389
obj: 1609
Best found lower bound:0
Solver gap (best found lower bound and upper bound difference): Not known


Final Solution:
Job	Machine	Operator	Operation	Start Time	Finish Time
0	0	6	0	267	297
0	5	5	1	413	481
0	13	0	2	481	508
0	1	4	3	558	621
0	7	3	4	909	979
0	4	6	5	1020	1086
0	11	11	6	1096	1163
0	0	8	7	1372	1385
0	8	4	8	1453	1496
0	5	5	9	1554	1608
1	14	3	10	56	88
1	4	3	11	291	379
1	3	0	12	467	475
1	14	10	13	509	589
1	1	8	14	719	741
1	4	3	15	755	817
1	4	3	16	817	889
1	11	6	17	895	925
1	9	5	18	935	997
1	5	7	19	1054	1092
1	5	5	20	1174	1217
1	7	4	21	1267	1308
1	13	0	22	1471	1525
2	14	11	23	0	50
2	14	1	24	147	206
2	3	5	25	481	563
2	7	8	26	566	644
2	11	1	27	766	829
2	3	1	28	1114	1175
2	0	1	29	1175	1248
2	11	6	30	1265	1334
2	7	4	31	1339	1406
2	1	9	32	1412	1465
2	4	7	33	1474	1511
2	7	10	34	1511	1605
3	6	11	35	237	334
3	5	7	36	358	386
3	6	10	37	389	414
3	1	1	38	424	486
3	10	5	39	670	679
3	2	2	40	692	765
3	8	11	41	779	806
3	1	11	42	817	827
3	2	1	43	829	876
3	6	2	44	886	924
3	10	7	45	924	976
3	9	8	46	1046	1135
3	11	0	47	1210	1246
3	6	11	48	1280	1329
3	10	1	49	1467	1522
4	1	1	50	0	72
4	0	11	51	127	139
4	5	9	52	152	169
4	10	10	53	190	229
4	5	8	54	255	308
4	10	10	55	374	389
4	4	3	56	389	456
4	5	4	57	495	555
4	13	0	58	825	900
4	4	5	59	900	935
4	1	1	60	970	1051
4	1	9	61	1465	1517
5	2	4	62	63	87
5	1	4	63	87	104
5	5	4	64	104	151
5	7	3	65	169	234
5	13	3	66	234	250
5	7	5	67	304	329
5	3	0	68	419	467
5	10	6	69	470	526
5	6	6	70	580	628
5	9	2	71	675	692
5	14	10	72	725	795
5	7	4	73	817	863
5	12	11	74	1395	1425
6	4	5	75	0	28
6	10	1	76	100	125
6	2	6	77	125	182
6	2	0	78	187	234
6	0	2	79	241	267
6	8	2	80	267	341
6	4	5	81	563	592
6	11	6	82	679	748
6	10	6	83	769	838
6	2	0	84	900	978
6	2	4	85	1524	1605
7	9	7	86	0	36
7	9	10	87	97	162
7	3	11	88	363	414
7	11	9	89	522	607
7	6	6	90	628	679
7	1	4	91	746	817
7	2	2	92	980	1061
7	7	6	93	1190	1265
7	12	11	94	1376	1395
7	10	3	95	1403	1466
7	14	3	96	1466	1529
8	1	2	97	151	241
8	7	4	98	249	304
8	14	1	99	363	424
8	8	10	100	445	509
8	13	0	101	509	602
8	1	4	102	863	947
8	14	8	103	978	1046
8	5	7	104	1092	1174
8	9	7	105	1216	1246
8	9	7	106	1246	1262
8	8	1	107	1320	1396
8	0	8	108	1396	1430
8	4	6	109	1511	1532
9	11	8	110	12	60
9	8	11	111	63	127
9	11	0	112	152	187
9	7	1	113	486	543
9	4	2	114	618	675
9	5	7	115	675	759
9	14	2	116	924	971
9	0	9	117	979	1059
9	6	10	118	1059	1070
9	8	3	119	1103	1163
9	14	7	120	1201	1216
9	14	1	121	1248	1320
9	4	7	122	1332	1405
9	5	7	123	1511	1545
10	4	6	124	28	109
10	12	6	125	297	336
10	12	9	126	370	432
10	2	3	127	501	545
10	4	5	128	592	608
10	3	11	129	608	637
10	3	8	130	668	719
10	5	7	131	759	836
10	0	9	132	1059	1122
10	12	2	133	1164	1241
10	14	10	134	1323	1386
10	0	1	135	1577	1604
11	0	9	136	0	47
11	14	3	137	88	111
11	11	9	138	117	152
11	14	7	139	230	260
11	11	0	140	261	315
11	0	4	141	315	332
11	12	6	142	336	370
11	2	4	143	433	495
11	8	11	144	558	586
11	9	8	145	1135	1175
11	3	5	146	1217	1283
11	8	1	147	1396	1453
11	9	8	148	1522	1598
12	10	8	149	0	12
12	13	0	150	74	151
12	13	10	151	162	184
12	4	5	152	204	274
12	6	6	153	526	580
12	1	9	154	621	635
12	8	11	155	637	710
12	12	11	156	920	931
12	4	4	157	947	994
12	4	5	158	1103	1167
12	4	8	159	1175	1226
12	12	2	160	1241	1348
12	8	4	161	1496	1524
13	12	11	162	148	167
13	8	11	163	167	237
13	4	5	164	274	291
13	2	10	165	295	374
13	0	6	166	380	406
13	10	6	167	406	459
13	10	3	168	459	469
13	0	8	169	489	546
13	3	5	170	1283	1354
13	2	0	171	1356	1399
13	5	7	172	1418	1472
13	4	6	173	1532	1597
14	11	9	174	64	117
14	14	7	175	276	344
14	0	4	176	367	380
14	0	11	177	414	486
14	14	10	178	589	655
14	3	5	179	753	811
14	12	7	180	836	918
14	12	11	181	931	946
14	5	4	182	994	1024
14	10	4	183	1024	1051
14	13	3	184	1067	1100
14	3	0	185	1179	1210
14	4	5	186	1430	1474
15	7	3	187	0	8
15	7	5	188	28	58
15	7	3	189	111	141
15	7	3	190	141	169
15	3	1	191	273	363
15	4	3	192	469	501
15	3	8	193	644	668
15	6	10	194	795	832
15	7	5	195	867	896
15	10	10	196	1120	1185
15	10	4	197	1190	1212
15	10	4	198	1212	1240
15	6	11	199	1329	1376
15	7	6	200	1418	1502
16	8	4	201	0	63
16	12	7	202	108	146
16	12	1	203	206	273
16	7	4	204	332	367
16	6	10	205	414	445
16	1	11	206	486	558
16	0	3	207	641	694
16	6	8	208	746	764
16	5	10	209	836	908
16	13	4	210	1406	1440
16	13	3	211	1529	1609
17	2	2	212	0	55
17	3	8	213	117	185
17	13	9	214	252	301
17	11	9	215	455	522
17	0	2	216	549	618
17	3	11	217	720	728
17	0	9	218	774	844
17	7	6	219	1086	1130
17	13	3	220	1168	1232
17	1	3	221	1309	1363
17	13	3	222	1363	1403
17	14	10	223	1403	1437
17	6	2	224	1439	1466
17	2	6	225	1502	1511
17	14	2	226	1543	1606
18	13	3	227	8	56
18	12	8	228	453	489
18	1	9	229	635	698
18	7	1	230	710	766
18	0	9	231	910	979
18	10	6	232	979	1020
18	2	0	233	1107	1179
18	1	7	234	1179	1201
18	13	4	235	1248	1267
18	9	9	236	1267	1347
18	1	9	237	1363	1412
18	12	11	238	1495	1571
18	1	9	239	1571	1602
19	6	7	240	36	108
19	6	6	241	109	118
19	1	2	242	341	422
19	10	7	243	530	605
19	10	4	244	621	669
19	13	0	245	669	731
19	14	11	246	854	920
19	1	4	247	1051	1122
19	1	2	248	1139	1164
19	6	4	249	1240	1248
19	2	0	250	1399	1471
20	6	6	251	0	26
20	5	10	252	31	97
20	4	5	253	109	204
20	2	3	254	545	575
20	5	5	255	608	670
20	6	4	256	679	746
20	8	5	257	997	1103
20	8	10	258	1216	1286
20	5	8	259	1292	1372
20	6	7	260	1545	1608
21	13	0	261	56	74
21	13	9	262	301	364
21	9	7	263	463	530
21	12	9	264	698	724
21	9	8	265	764	829
21	10	8	266	838	902
21	5	10	267	908	978
21	7	3	268	979	1067
21	6	10	269	1070	1120
21	7	4	270	1130	1190
21	2	0	271	1324	1356
21	9	2	272	1356	1439
21	9	10	273	1439	1510
22	13	7	274	386	463
22	5	8	275	555	566
22	0	11	276	710	720
22	12	0	277	731	825
22	14	11	278	827	854
22	11	6	279	925	964
22	3	0	280	978	1038
22	2	9	281	1179	1264
22	5	7	282	1264	1291
22	13	10	283	1291	1323
22	5	6	284	1374	1418
22	3	11	285	1430	1495
22	1	9	286	1517	1570
23	12	0	287	0	44
23	9	9	288	47	64
23	3	1	289	72	100
23	6	11	290	139	148
23	11	6	291	195	261
23	7	4	292	380	433
23	4	2	293	501	549
23	8	11	294	728	779
23	11	11	295	1020	1096
23	13	9	296	1122	1168
24	0	8	297	60	117
24	8	1	298	127	147
24	12	6	299	182	195
24	6	7	300	344	358
24	11	9	301	432	455
24	7	6	302	459	470
24	12	1	303	543	604
24	14	10	304	655	725
24	13	6	305	748	769
24	6	2	306	832	886
24	12	11	307	946	1020
24	12	0	308	1038	1107
24	0	3	309	1248	1309
24	0	4	310	1309	1339
25	5	10	311	0	31
25	10	5	312	58	99
25	3	8	313	185	255
25	9	7	314	260	276
25	0	11	315	334	362
25	9	8	316	379	453
25	11	0	317	607	666
25	8	3	318	889	909
25	14	2	319	1061	1139
25	0	8	320	1430	1462
25	11	5	321	1474	1554
25	12	0	322	1586	1609
26	9	2	323	64	93
26	1	2	324	104	151
26	10	7	325	151	190
26	6	7	326	190	230
26	5	5	327	329	340
26	8	5	328	341	413
26	8	11	329	586	602
26	9	7	330	605	671
26	9	5	331	692	753
26	11	6	332	838	895
26	8	2	333	971	980
26	8	11	334	1163	1209
26	0	1	335	1522	1577
27	10	10	336	229	295
27	14	2	337	424	499
27	13	1	338	604	651
27	10	3	339	694	755
27	2	2	340	765	826
27	0	9	341	844	910
27	6	10	342	978	1058
27	10	1	343	1058	1114
27	6	6	344	1130	1190
27	9	10	345	1190	1216
27	2	0	346	1264	1324
27	11	6	347	1334	1374
27	6	2	348	1466	1543
27	8	11	349	1571	1598
28	9	9	350	169	252
28	10	8	351	308	335
28	9	8	352	335	379
28	7	1	353	651	710
28	0	9	354	724	774
28	8	5	355	811	867
28	9	1	356	876	912
28	3	8	357	912	978
28	13	7	358	978	1054
28	1	11	359	1209	1280
28	4	7	360	1292	1332
29	5	4	361	169	249
29	2	3	362	250	290
29	11	0	363	315	365
29	11	0	364	365	419
29	2	3	365	575	641
29	8	1	366	912	970
29	4	8	367	1226	1292
29	3	5	368	1354	1430
29	11	1	369	1453	1467
29	0	8	370	1467	1522
29	3	0	371	1525	1573
29	11	0	372	1573	1586


Solution History:
