This is the output of Heuristic Solver for Dual resource constrained flexible job shop Scheduling Problem.
Input file is: wfjsp7_7.txt
Method: TS_100000000_0.095418_5
Seed: 4
Number of Jobs: 12
Number of Operations: 94
Number of Machines: 5
Number of Operators: 5
CPU Time: 5.72832
obj: 967
Best found lower bound:0
Solver gap (best found lower bound and upper bound difference): Not known


Final Solution:
Job	Machine	Operator	Operation	Start Time	Finish Time
0	1	3	0	11	91
0	3	4	1	121	132
0	2	2	2	262	302
0	1	0	3	356	453
0	1	0	4	522	545
0	1	0	5	630	668
0	3	4	6	832	864
0	0	0	7	874	911
1	0	1	8	0	10
1	4	0	9	55	93
1	1	3	10	93	175
1	4	1	11	222	286
1	2	2	12	334	415
1	4	2	13	469	525
1	2	4	14	577	619
1	1	0	15	668	686
1	1	0	16	792	874
1	3	4	17	880	960
2	2	2	18	0	58
2	3	4	19	132	205
2	3	4	20	205	277
2	4	1	21	286	315
2	1	0	22	508	522
2	0	3	23	522	609
2	3	1	24	630	640
2	3	1	25	640	698
2	3	1	26	698	707
2	2	4	27	707	788
3	4	0	28	0	55
3	2	2	29	126	156
3	4	2	30	576	655
3	4	2	31	655	735
3	4	1	32	890	962
4	1	3	33	0	11
4	2	2	34	58	126
4	2	2	35	156	235
4	0	0	36	244	268
4	0	0	37	268	291
4	2	2	38	302	334
4	0	3	39	356	433
4	0	3	40	433	514
4	4	2	41	735	815
4	1	3	42	874	965
5	3	4	43	277	318
5	2	4	44	451	480
5	3	0	45	564	601
5	2	4	46	619	702
5	2	2	47	849	907
5	2	2	48	907	967
6	0	0	49	183	244
6	1	3	50	330	354
6	2	4	51	415	451
6	2	4	52	499	577
6	3	0	53	601	629
6	0	3	54	680	696
6	0	3	55	696	742
6	3	1	56	768	832
6	0	0	57	911	950
7	3	4	58	0	43
7	3	4	59	43	69
7	0	1	60	92	119
7	0	1	61	119	154
7	4	2	62	415	469
7	3	1	63	486	550
7	1	1	64	550	630
7	0	3	65	742	795
8	0	1	66	10	92
8	4	0	67	93	183
8	1	3	68	183	251
8	4	1	69	315	376
8	2	4	70	480	499
8	0	3	71	622	680
8	3	1	72	707	768
8	0	3	73	795	873
9	3	4	74	69	121
9	0	1	75	154	177
9	4	1	76	183	222
9	1	3	77	251	330
9	4	1	78	376	412
10	0	0	79	319	356
10	3	1	80	412	486
10	3	0	81	550	564
10	1	0	82	776	792
10	4	1	83	832	890
11	2	2	84	235	262
11	0	0	85	291	319
11	3	4	86	319	387
11	1	0	87	453	508
11	4	2	88	525	576
11	0	3	89	609	622
11	1	0	90	686	776
11	2	4	91	788	819
11	2	2	92	819	849
11	3	4	93	864	880


Solution History:
