This is the output of Heuristic Solver for Dual resource constrained flexible job shop Scheduling Problem.
Input file is: wfjsp18_5.txt
Method: TS_100000000_0.110817_5
Seed: 4
Number of Jobs: 20
Number of Operations: 143
Number of Machines: 10
Number of Operators: 8
CPU Time: 6.65533
obj: 883
Best found lower bound:0
Solver gap (best found lower bound and upper bound difference): Not known


Final Solution:
Job	Machine	Operator	Operation	Start Time	Finish Time
0	0	0	0	0	16
0	6	0	1	16	54
0	6	3	2	156	253
0	3	3	3	533	599
0	4	2	4	678	743
0	3	2	5	743	777
0	7	4	6	777	843
1	7	4	7	76	115
1	5	7	8	354	405
1	3	0	9	489	525
1	4	5	10	743	778
1	1	3	11	806	877
2	0	2	12	89	112
2	2	6	13	271	285
2	6	0	14	288	356
2	2	6	15	642	708
2	5	1	16	727	738
3	2	6	17	10	65
3	4	5	18	89	158
3	1	1	19	198	235
3	2	4	20	236	265
3	2	1	21	513	550
4	9	5	22	21	50
4	5	2	23	324	354
4	1	3	24	354	445
4	3	0	25	446	489
4	4	5	26	821	860
5	7	7	27	0	21
5	8	1	28	120	129
5	2	4	29	177	222
5	7	3	30	253	336
5	6	4	31	563	630
6	9	7	32	271	338
6	2	6	33	405	491
6	9	2	34	590	678
6	3	7	35	685	722
6	6	0	36	742	756
6	5	2	37	777	828
7	5	4	38	0	76
7	5	1	39	238	307
7	0	2	40	440	504
7	7	5	41	512	544
7	0	1	42	812	882
8	0	2	43	112	145
8	4	7	44	158	176
8	9	6	45	198	271
8	4	5	46	291	390
8	5	2	47	504	587
8	0	1	48	593	637
8	6	0	49	637	726
8	0	7	50	726	804
8	9	5	51	812	821
8	9	4	52	843	877
9	3	0	53	82	171
9	4	7	54	195	229
9	8	1	55	428	513
9	4	7	56	524	544
9	0	7	57	544	580
9	3	7	58	599	685
9	3	3	59	727	739
9	2	6	60	775	801
9	6	7	61	813	880
10	1	4	62	115	131
10	9	6	63	154	198
10	1	7	64	235	269
10	7	1	65	336	428
10	7	5	66	428	512
10	1	1	67	555	593
10	4	5	68	605	650
10	6	0	69	726	742
11	1	3	70	0	87
11	5	2	71	156	238
11	0	2	72	238	283
11	2	6	73	363	405
11	6	7	74	405	419
11	4	7	75	440	524
11	7	5	76	571	605
11	1	5	77	650	698
11	7	4	78	708	775
11	2	6	79	801	883
12	6	0	80	54	82
12	8	1	81	129	198
12	4	5	82	242	291
12	9	7	83	338	348
12	4	5	84	390	422
12	1	5	85	544	555
12	9	7	86	580	590
12	5	3	87	644	727
13	4	2	88	0	89
13	1	4	89	131	177
13	1	4	90	269	298
13	0	4	91	298	400
13	9	6	92	491	540
13	8	0	93	559	567
13	1	3	94	599	644
13	8	1	95	644	727
13	6	1	96	771	812
13	8	2	97	828	882
14	9	5	98	0	21
14	7	7	99	21	66
14	5	3	100	87	156
14	3	0	101	181	194
14	9	2	102	354	424
14	5	4	103	425	496
14	8	0	104	567	636
14	8	0	105	771	814
15	9	6	106	65	154
15	8	0	107	198	288
15	8	2	108	292	324
15	2	6	109	550	642
15	0	4	110	651	690
15	1	5	111	698	731
15	5	3	112	739	777
16	0	7	113	66	75
16	7	5	114	158	242
16	1	1	115	307	336
16	0	4	116	400	425
16	6	7	117	425	440
16	6	4	118	496	563
16	8	1	119	738	771
16	9	5	120	778	812
17	8	1	121	0	29
17	4	7	122	176	195
17	2	6	123	285	363
17	0	2	124	425	440
17	8	0	125	525	559
17	7	4	126	630	651
17	2	6	127	708	775
18	8	1	128	29	120
18	3	0	129	171	181
18	9	5	130	555	571
18	4	3	131	778	806
18	3	0	132	814	877
19	2	6	133	0	10
19	6	7	134	82	151
19	2	4	135	222	236
19	3	2	136	283	292
19	6	0	137	356	405
19	3	0	138	405	446
19	1	3	139	446	533
19	9	4	140	690	708
19	3	7	141	804	813
19	7	5	142	860	879


Solution History:
