This is the output of Heuristic Solver for Dual resource constrained flexible job shop Scheduling Problem.
Input file is: wfjsp6_2.txt
Method: TS_100000000_0.043232_5
Seed: 2
Number of Jobs: 12
Number of Operations: 76
Number of Machines: 5
Number of Operators: 5
CPU Time: 2.59629
obj: 800
Best found lower bound:0
Solver gap (best found lower bound and upper bound difference): Not known


Final Solution:
Job	Machine	Operator	Operation	Start Time	Finish Time
0	4	1	0	58	138
0	2	0	1	138	206
0	3	3	2	250	273
0	0	2	3	273	308
0	0	2	4	308	323
0	3	3	5	395	419
0	0	2	6	424	495
0	0	2	7	588	596
1	4	1	8	138	215
1	3	3	9	329	369
1	1	4	10	389	448
1	0	3	11	499	515
1	1	4	12	532	597
1	0	2	13	704	771
2	1	4	14	263	324
2	3	0	15	596	668
2	0	2	16	674	704
2	3	3	17	754	798
3	0	2	18	0	17
3	4	1	19	215	268
3	2	0	20	372	451
3	4	1	21	456	537
3	2	2	22	596	661
3	3	3	23	682	754
4	0	4	24	62	127
4	1	4	25	138	156
4	0	2	26	166	177
4	4	1	27	268	355
4	3	3	28	369	395
4	3	3	29	419	499
4	4	1	30	537	624
5	3	3	31	137	155
5	3	3	32	182	250
5	1	4	33	448	532
5	0	3	34	532	586
5	1	0	35	682	702
5	4	1	36	746	798
6	2	2	37	26	62
6	1	4	38	324	389
6	2	2	39	499	588
6	1	3	40	597	620
6	3	0	41	668	682
6	0	2	42	771	797
7	4	1	43	0	18
7	4	1	44	18	58
7	2	2	45	62	137
7	1	4	46	156	199
7	2	0	47	206	304
7	3	0	48	499	596
7	4	1	49	677	746
8	0	2	50	137	166
8	0	2	51	323	390
8	0	2	52	390	424
9	2	4	53	0	26
9	0	4	54	26	62
9	3	3	55	90	137
9	3	3	56	155	182
9	1	4	57	199	263
9	2	0	58	304	372
9	4	1	59	410	423
9	4	1	60	423	456
9	4	1	61	624	677
9	1	4	62	705	792
10	1	0	63	0	55
10	1	0	64	55	125
10	0	3	65	620	674
10	2	4	66	681	705
11	3	3	67	0	90
11	1	0	68	125	138
11	0	2	69	177	257
11	0	2	70	257	270
11	3	3	71	273	329
11	4	1	72	355	410
11	2	0	73	451	499
11	1	4	74	620	681
11	2	0	75	705	800


Solution History:
