This is the output of Heuristic Solver for Dual resource constrained flexible job shop Scheduling Problem.
Input file is: wfjsp7_6.txt
Method: TS_100000000_0.050578_5
Seed: 4
Number of Jobs: 12
Number of Operations: 96
Number of Machines: 5
Number of Operators: 5
CPU Time: 3.0384
obj: 1038
Best found lower bound:0
Solver gap (best found lower bound and upper bound difference): Not known


Final Solution:
Job	Machine	Operator	Operation	Start Time	Finish Time
0	4	2	0	81	142
0	1	1	1	391	433
0	3	3	2	442	508
0	2	2	3	511	553
0	2	2	4	634	722
0	2	0	5	778	867
0	2	0	6	867	897
0	3	3	7	924	950
0	4	0	8	950	1036
1	1	1	9	85	100
1	4	1	10	146	228
1	3	4	11	243	309
1	3	4	12	320	352
1	1	1	13	352	391
1	4	0	14	438	495
1	3	3	15	508	591
1	0	1	16	723	803
2	2	3	17	0	90
2	2	0	18	180	208
2	1	2	19	257	305
2	0	3	20	380	434
2	3	3	21	673	714
2	4	1	22	803	891
2	1	1	23	891	970
2	0	1	24	970	1027
3	4	0	25	25	68
3	1	1	26	112	146
3	1	2	27	146	155
3	3	4	28	179	243
3	2	0	29	257	343
3	4	0	30	390	438
3	4	0	31	495	510
3	2	2	32	553	634
3	3	3	33	714	791
3	3	3	34	950	991
4	1	2	35	0	81
4	0	4	36	459	499
4	4	0	37	550	575
4	4	0	38	575	667
4	3	3	39	791	830
4	3	3	40	830	879
4	3	3	41	879	924
4	1	4	42	970	1036
5	3	4	43	0	91
5	2	0	44	91	180
5	2	0	45	208	257
5	3	4	46	352	442
5	3	4	47	640	671
5	2	0	48	733	778
5	4	0	49	935	948
6	1	2	50	155	244
6	0	3	51	261	294
6	3	4	52	309	320
6	4	0	53	343	390
6	2	2	54	424	511
6	1	1	55	522	533
6	1	1	56	533	622
6	1	4	57	675	740
6	1	4	58	740	802
6	3	3	59	991	1038
7	3	4	60	91	179
7	1	2	61	244	257
7	1	1	62	433	522
7	0	4	63	587	640
7	0	1	64	700	723
7	4	2	65	777	803
7	0	4	66	885	970
8	0	3	67	90	131
8	0	3	68	294	380
8	4	0	69	667	733
8	4	2	70	765	777
8	0	4	71	853	885
8	2	0	72	897	934
9	0	3	73	131	220
9	0	3	74	220	261
9	3	3	75	591	634
9	0	3	76	640	649
9	0	3	77	649	673
9	1	2	78	803	891
9	2	2	79	935	1024
9	2	2	80	1024	1038
10	4	0	81	0	25
10	1	1	82	100	112
10	4	1	83	228	317
10	4	2	84	317	338
10	2	2	85	343	424
10	0	4	86	499	587
10	1	1	87	622	675
10	0	1	88	675	700
10	4	2	89	733	765
11	0	1	90	0	85
11	1	1	91	317	336
11	0	4	92	442	459
11	4	0	93	510	550
11	0	4	94	803	853
11	4	2	95	891	935


Solution History:
