This is the output of Heuristic Solver for Dual resource constrained flexible job shop Scheduling Problem.
Input file is: wfjsp21_7.txt
Method: TS_100000000_0.158839_5
Seed: 5
Number of Jobs: 25
Number of Operations: 242
Number of Machines: 15
Number of Operators: 12
CPU Time: 9.55019
obj: 1059
Best found lower bound:0
Solver gap (best found lower bound and upper bound difference): Not known


Final Solution:
Job	Machine	Operator	Operation	Start Time	Finish Time
0	0	10	0	193	279
0	7	4	1	375	389
0	9	1	2	407	447
0	2	7	3	499	602
0	0	11	4	666	689
0	12	0	5	726	768
0	8	8	6	782	816
0	8	0	7	816	858
0	9	2	8	913	923
1	10	2	9	69	103
1	3	6	10	137	214
1	9	1	11	350	407
1	1	5	12	474	548
1	7	5	13	548	599
1	12	7	14	604	641
1	12	3	15	669	687
1	8	8	16	690	782
1	10	4	17	793	867
1	13	0	18	867	926
1	12	11	19	926	1003
2	14	5	20	40	110
2	8	9	21	199	229
2	4	6	22	250	260
2	0	7	23	370	465
2	3	4	24	465	475
2	4	0	25	490	544
2	7	0	26	799	814
2	1	3	27	936	1015
3	6	7	28	0	53
3	9	11	29	286	313
3	1	0	30	319	412
3	4	6	31	658	738
3	9	7	32	784	853
3	2	9	33	884	896
3	7	10	34	913	980
3	9	10	35	981	1053
4	12	3	36	0	23
4	8	8	37	25	48
4	9	7	38	53	86
4	3	3	39	216	279
4	14	2	40	426	509
4	13	1	41	606	679
4	5	10	42	702	785
4	3	8	43	823	859
4	14	9	44	899	922
4	14	2	45	923	958
4	10	9	46	961	1044
5	4	10	47	0	65
5	6	8	48	169	236
5	5	0	49	251	305
5	4	0	50	466	490
5	12	1	51	516	548
5	4	11	52	548	620
5	8	9	53	922	952
5	5	1	54	982	993
5	0	3	55	1015	1059
6	12	5	56	110	173
6	7	5	57	173	210
6	10	9	58	267	309
6	9	11	59	313	333
6	6	9	60	333	360
6	8	9	61	360	389
6	11	11	62	408	453
6	12	11	63	453	516
6	10	2	64	516	590
6	2	7	65	911	967
7	2	2	66	0	69
7	14	4	67	205	280
7	3	6	68	280	343
7	11	11	69	343	408
7	13	1	70	548	571
7	11	6	71	598	658
7	1	11	72	689	752
7	1	11	73	752	842
7	9	10	74	853	896
7	5	4	75	918	936
7	9	5	76	943	981
7	13	5	77	984	1053
8	2	10	78	69	103
8	10	9	79	151	187
8	11	7	80	257	333
8	4	5	81	341	355
8	5	10	82	399	414
8	2	5	83	426	474
8	1	4	84	568	593
8	13	5	85	815	848
8	10	5	86	867	943
9	1	11	87	52	115
9	14	7	88	162	205
9	6	4	89	280	289
9	4	6	90	355	435
9	7	7	91	468	499
9	6	8	92	518	548
9	1	0	93	548	568
9	5	1	94	571	606
9	8	8	95	606	690
9	4	0	96	768	780
9	4	4	97	867	918
9	1	0	98	1030	1049
10	0	0	99	0	56
10	4	0	100	167	250
10	7	11	101	516	543
10	3	4	102	603	687
10	13	1	103	687	732
10	7	7	104	750	784
10	4	10	105	785	848
10	1	7	106	853	911
11	7	11	107	0	38
11	7	0	108	56	112
11	0	6	109	112	137
11	7	2	110	251	279
11	5	0	111	305	319
11	12	3	112	372	399
11	9	10	113	532	568
11	2	10	114	604	674
11	3	8	115	954	1011
12	12	3	116	23	97
12	6	6	117	97	111
12	14	1	118	120	162
12	6	4	119	289	328
12	3	3	120	343	372
12	13	4	121	389	465
12	6	8	122	476	518
12	6	0	123	568	651
12	14	3	124	687	769
12	6	9	125	793	884
13	3	5	126	0	40
13	13	1	127	46	82
13	11	11	128	120	139
13	6	8	129	139	169
13	11	6	130	214	250
13	4	6	131	260	276
13	2	5	132	300	341
13	0	6	133	520	598
13	12	0	134	714	726
13	0	9	135	748	787
14	13	7	136	86	154
14	13	4	137	154	205
14	14	5	138	355	425
14	4	6	139	435	448
14	5	1	140	448	483
14	11	10	141	490	532
14	11	9	142	532	587
14	10	2	143	590	662
14	2	2	144	750	833
14	13	6	145	926	984
15	8	8	146	0	25
15	5	9	147	69	151
15	2	5	148	222	300
15	8	8	149	323	359
15	2	2	150	359	426
15	9	3	151	447	524
15	10	1	152	732	752
15	11	1	153	993	1019
15	3	8	154	1019	1053
16	3	4	155	45	74
16	2	10	156	103	193
16	4	3	157	279	325
16	6	9	158	389	476
16	12	10	159	568	604
16	1	3	160	612	669
16	14	1	161	815	899
16	11	1	162	899	982
16	6	6	163	984	1055
17	8	8	164	48	130
17	0	3	165	149	175
17	9	1	166	175	204
17	7	5	167	210	222
17	12	1	168	286	350
17	10	10	169	414	490
17	12	0	170	780	799
17	5	11	171	1003	1048
18	11	6	172	0	18
18	13	1	173	18	46
18	8	0	174	130	167
18	5	2	175	199	251
18	9	1	176	258	281
18	10	9	177	309	326
18	10	7	178	333	370
18	1	0	179	412	466
18	9	5	180	668	689
18	5	4	181	689	701
19	1	4	182	0	45
19	4	4	183	74	152
19	8	2	184	170	199
19	9	1	185	204	258
19	8	8	186	269	323
19	3	3	187	429	438
19	5	4	188	483	567
19	2	7	189	674	750
19	11	1	190	752	813
19	7	2	191	833	913
19	5	4	192	936	970
20	11	6	193	18	97
20	7	2	194	112	170
20	1	3	195	175	216
20	8	9	196	229	267
20	7	2	197	279	358
20	11	6	198	823	867
20	2	10	199	896	907
20	14	7	200	967	1046
21	10	7	201	205	257
21	3	9	202	505	528
21	3	8	203	548	603
21	9	5	204	603	668
21	10	10	205	674	702
21	9	5	206	702	779
21	14	5	207	779	815
21	2	11	208	842	855
21	12	11	209	855	915
21	0	9	210	952	961
22	9	11	211	38	52
22	9	3	212	97	149
22	6	8	213	236	269
22	5	10	214	328	399
22	7	8	215	429	468
22	13	9	216	476	505
22	1	3	217	597	612
22	6	0	218	651	714
22	6	4	219	714	793
22	6	8	220	884	954
22	7	2	221	980	1059
23	11	11	222	139	193
23	12	11	223	193	286
23	0	10	224	286	328
23	13	4	225	328	375
23	3	8	226	375	429
23	8	6	227	448	520
23	14	3	228	524	597
23	0	11	229	620	666
23	11	9	230	666	748
23	3	6	231	748	823
23	0	3	232	823	936
23	8	4	233	970	1054
24	10	9	234	0	69
24	11	1	235	97	120
24	14	9	236	597	666
24	7	2	237	666	750
24	3	6	238	867	920
24	4	0	239	926	1021
24	12	0	240	1021	1030
24	11	1	241	1030	1058


Solution History:
