This is the output of Heuristic Solver for Dual resource constrained flexible job shop Scheduling Problem.
Input file is: wfjsp13_8.txt
Method: TS_100000000_0.385733_5
Seed: 2
Number of Jobs: 25
Number of Operations: 249
Number of Machines: 15
Number of Operators: 15
CPU Time: 23.1658
obj: 928
Best found lower bound:0
Solver gap (best found lower bound and upper bound difference): Not known


Final Solution:
Job	Machine	Operator	Operation	Start Time	Finish Time
0	14	13	0	170	197
0	11	14	1	215	283
0	13	2	2	283	309
0	11	12	3	331	401
0	3	0	4	448	523
0	1	11	5	583	638
0	10	9	6	671	738
0	3	14	7	796	807
0	6	5	8	863	919
1	10	9	9	291	337
1	8	3	10	350	375
1	14	5	11	382	491
1	4	3	12	543	551
1	9	5	13	567	650
1	12	11	14	664	685
1	12	11	15	685	752
1	4	12	16	828	899
2	14	4	17	0	33
2	8	6	18	54	116
2	8	8	19	116	155
2	10	2	20	158	202
2	14	1	21	212	253
2	0	13	22	281	331
2	2	11	23	331	385
2	4	2	24	425	483
2	1	1	25	495	583
2	6	10	26	623	694
2	13	2	27	780	854
2	8	8	28	854	919
3	10	9	29	0	75
3	4	2	30	97	158
3	7	0	31	196	257
3	2	4	32	403	457
3	2	8	33	457	493
3	0	9	34	493	578
3	4	2	35	650	739
3	8	3	36	769	794
3	9	7	37	890	921
4	2	6	38	116	184
4	7	0	39	184	196
4	6	11	40	196	265
4	3	8	41	564	592
4	12	1	42	615	623
4	6	5	43	694	735
4	6	2	44	739	780
4	1	11	45	855	908
5	6	0	46	13	103
5	2	6	47	184	222
5	12	10	48	226	277
5	0	14	49	331	383
5	0	13	50	383	456
5	0	6	51	456	468
5	8	13	52	468	485
5	3	8	53	523	564
5	5	7	54	564	622
5	10	3	55	650	665
5	5	10	56	710	776
5	7	0	57	866	923
6	11	14	58	0	70
6	14	10	59	70	108
6	1	1	60	131	212
6	10	9	61	224	291
6	5	7	62	291	317
6	4	7	63	317	334
6	10	9	64	337	387
6	1	3	65	423	495
6	7	0	66	528	545
6	7	6	67	623	645
6	10	4	68	738	775
6	0	5	69	806	854
7	3	5	70	0	61
7	7	1	71	61	78
7	11	12	72	78	145
7	9	5	73	271	310
7	3	8	74	322	352
7	5	6	75	352	383
7	13	14	76	383	414
7	9	6	77	496	567
7	6	11	78	780	822
7	7	8	79	826	853
7	2	10	80	856	925
8	10	9	81	129	155
8	2	1	82	255	314
8	6	4	83	336	403
8	6	1	84	403	483
8	8	13	85	485	575
8	6	10	86	575	623
8	13	14	87	639	705
8	2	6	88	728	789
8	0	14	89	854	927
9	9	7	90	36	86
9	3	14	91	121	191
9	5	3	92	207	288
9	4	2	93	483	543
9	4	3	94	551	568
9	0	13	95	578	644
9	2	4	96	674	728
9	1	7	97	769	853
9	14	13	98	871	925
10	1	2	99	32	97
10	8	4	100	155	218
10	10	9	101	387	483
10	11	12	102	498	589
10	1	6	103	645	711
10	3	8	104	714	796
10	8	8	105	796	826
10	8	14	106	826	845
10	12	9	107	845	926
11	1	2	108	0	32
11	7	8	109	32	53
11	5	3	110	54	115
11	8	13	111	218	281
11	12	10	112	281	314
11	12	10	113	314	383
11	8	14	114	419	467
11	5	7	115	467	552
11	7	4	116	781	826
11	11	3	117	837	916
12	6	11	118	0	13
12	12	11	119	13	71
12	2	4	120	97	115
12	9	5	121	129	204
12	9	2	122	204	271
12	4	14	123	283	316
12	9	1	124	316	403
12	6	5	125	520	562
12	7	6	126	567	623
12	3	8	127	671	714
12	9	1	128	831	848
13	14	13	129	33	60
13	3	14	130	70	121
13	11	12	131	145	215
13	4	7	132	215	283
13	7	4	133	457	528
13	11	12	134	589	658
13	8	3	135	665	689
13	0	14	136	737	784
13	4	12	137	811	828
13	9	7	138	853	890
14	0	13	139	0	28
14	12	7	140	86	150
14	4	7	141	158	175
14	0	4	142	224	267
14	1	11	143	269	326
14	14	5	144	491	520
14	10	2	145	543	584
14	4	3	146	587	648
14	11	5	147	735	806
15	14	0	148	108	170
15	7	0	149	170	183
15	14	0	150	257	347
15	7	7	151	430	453
15	3	9	152	592	671
15	14	1	153	695	749
15	14	13	154	760	775
15	2	6	155	789	856
15	8	8	156	919	928
16	2	10	157	0	46
16	1	12	158	215	269
16	7	6	159	269	325
16	12	10	160	383	475
16	12	10	161	539	570
16	4	3	162	570	587
16	11	12	163	658	727
16	9	11	164	752	769
16	14	13	165	775	871
16	4	12	166	899	928
17	0	4	167	33	91
17	9	3	168	115	129
17	0	9	169	162	224
17	8	3	170	288	350
17	14	13	171	350	382
17	9	11	172	403	457
17	12	10	173	475	539
17	13	14	174	539	586
17	10	2	175	586	650
17	12	11	176	650	664
17	7	0	177	708	781
17	13	6	178	856	920
18	5	1	179	0	54
18	3	0	180	352	433
18	3	0	181	433	448
18	13	14	182	467	501
18	13	14	183	501	529
18	12	1	184	583	615
18	0	13	185	644	675
18	10	3	186	794	837
18	7	5	187	854	863
19	7	8	188	0	32
19	4	7	189	175	209
19	10	3	190	495	524
19	2	4	191	576	674
19	0	14	192	705	737
19	0	0	193	784	804
19	10	1	194	848	892
19	3	1	195	892	924
20	8	3	196	0	54
20	2	1	197	78	97
20	6	1	198	103	131
20	5	8	199	155	207
20	4	2	200	334	425
20	13	14	201	586	639
20	14	0	202	639	687
20	4	12	203	739	811
20	6	11	204	822	855
21	9	6	205	8	36
21	0	13	206	91	162
21	11	12	207	283	331
21	5	6	208	331	346
21	1	7	209	346	423
21	9	11	210	457	496
21	2	11	211	496	574
21	14	0	212	576	634
21	7	7	213	645	708
21	13	3	214	708	769
21	9	1	215	769	831
21	5	4	216	845	924
22	12	6	217	0	8
22	4	12	218	8	78
22	7	5	219	78	122
22	13	3	220	135	199
22	13	5	221	204	271
22	8	3	222	375	419
22	8	8	223	592	630
22	9	5	224	650	680
22	14	1	225	687	695
22	1	7	226	711	769
22	3	0	227	807	866
23	13	7	228	0	35
23	13	11	229	71	135
23	6	11	230	135	188
23	3	8	231	207	280
23	3	8	232	280	322
23	5	6	233	383	455
23	7	0	234	545	565
23	5	10	235	694	710
23	12	9	236	752	832
24	10	9	237	75	129
24	12	10	238	150	226
24	2	6	239	226	255
24	6	4	240	267	336
24	13	5	241	336	347
24	7	8	242	352	430
24	11	12	243	430	498
24	14	4	244	528	576
24	5	1	245	623	684
24	8	13	246	689	760
24	5	10	247	776	845
24	10	2	248	892	918


Solution History:
