This is the output of Heuristic Solver for Dual resource constrained flexible job shop Scheduling Problem.
Input file is: wfjsp16_9.txt
Method: TS_100000000_0.643043_5
Seed: 1
Number of Jobs: 40
Number of Operations: 284
Number of Machines: 15
Number of Operators: 15
CPU Time: 38.6243
obj: 1079
Best found lower bound:0
Solver gap (best found lower bound and upper bound difference): Not known


Final Solution:
Job	Machine	Operator	Operation	Start Time	Finish Time
0	4	12	0	68	149
0	12	2	1	151	190
0	6	10	2	297	358
0	2	3	3	779	835
0	1	2	4	988	1017
1	2	8	5	282	375
1	8	8	6	375	434
1	12	0	7	476	495
1	14	5	8	593	651
1	2	12	9	695	757
1	6	2	10	811	908
1	0	1	11	908	987
1	4	7	12	994	1077
2	7	8	13	22	64
2	12	10	14	95	118
2	9	8	15	133	189
2	11	10	16	552	570
2	11	10	17	570	653
2	12	14	18	657	681
2	4	4	19	792	812
2	0	1	20	826	864
3	3	10	21	0	42
3	6	2	22	271	281
3	7	5	23	440	463
3	8	5	24	523	548
3	2	3	25	618	678
3	10	1	26	772	826
4	2	3	27	192	277
4	11	5	28	355	440
4	9	3	29	447	536
4	11	10	30	919	976
4	5	2	31	1022	1078
5	1	1	32	0	55
5	14	0	33	312	390
5	7	12	34	467	479
5	4	7	35	614	707
5	4	7	36	707	738
5	12	7	37	848	867
5	0	14	38	987	1003
5	13	13	39	1016	1079
6	12	2	40	364	421
6	5	9	41	422	510
6	2	7	42	515	536
6	2	3	43	571	593
6	6	0	44	593	615
6	10	2	45	695	729
6	4	3	46	738	779
6	1	14	47	784	869
6	3	9	48	926	971
6	5	8	49	1003	1022
7	10	9	50	0	84
7	13	13	51	141	171
7	4	7	52	192	250
7	4	7	53	250	281
7	5	0	54	396	422
7	8	2	55	434	513
7	0	2	56	547	618
7	2	12	57	678	695
7	12	7	58	817	848
8	11	0	59	0	73
8	10	5	60	84	140
8	12	2	61	190	231
8	0	1	62	269	349
8	10	9	63	516	572
8	14	0	64	835	893
8	3	9	65	971	1044
8	2	4	66	1066	1078
9	12	3	67	0	10
9	6	2	68	242	271
9	5	8	69	791	852
9	0	1	70	864	885
9	12	0	71	893	928
10	12	2	72	59	93
10	13	13	73	171	234
10	13	2	74	291	364
10	6	10	75	364	415
10	2	1	76	419	449
10	5	6	77	543	616
10	8	6	78	651	701
10	8	6	79	701	756
10	4	4	80	812	838
10	1	3	81	892	933
11	4	3	82	149	188
11	1	14	83	275	293
11	5	12	84	337	396
11	1	10	85	653	695
11	10	1	86	987	1060
12	0	14	87	357	413
12	5	8	88	688	706
12	14	0	89	815	835
12	11	13	90	835	919
12	6	11	91	943	987
12	14	0	92	1003	1079
13	9	14	93	0	100
13	13	13	94	234	291
13	1	3	95	357	371
13	3	2	96	513	547
13	6	9	97	755	811
13	9	11	98	853	943
13	12	10	99	978	1076
14	3	6	100	362	392
14	6	10	101	415	473
14	2	7	102	473	515
14	11	10	103	527	552
14	3	4	104	630	718
14	8	6	105	756	809
14	1	8	106	933	988
15	0	9	107	121	196
15	7	5	108	214	224
15	7	5	109	224	283
15	9	1	110	349	405
15	2	7	111	449	466
15	1	1	112	499	576
15	8	5	113	981	1071
16	7	8	114	0	22
16	12	7	115	34	59
16	13	8	116	64	133
16	1	1	117	133	191
16	0	1	118	196	251
16	3	6	119	251	284
16	14	12	120	284	312
16	14	13	121	919	1002
16	1	3	122	1017	1074
17	14	12	123	0	68
17	8	8	124	189	282
17	7	5	125	283	342
17	2	9	126	392	419
17	1	1	127	457	499
17	12	14	128	507	530
17	5	8	129	616	688
17	13	11	130	694	763
17	8	6	131	865	956
17	13	6	132	957	1016
18	2	4	133	0	59
18	12	10	134	118	151
18	8	12	135	151	182
18	5	9	136	211	230
18	4	7	137	281	337
18	14	12	138	396	467
18	3	2	139	768	796
18	8	6	140	809	865
18	2	7	141	892	975
19	14	4	142	97	168
19	9	4	143	236	285
19	10	11	144	337	424
19	4	13	145	424	512
19	6	12	146	530	575
19	6	2	147	908	935
20	7	13	148	64	104
20	6	14	149	104	180
20	6	11	150	180	242
20	5	11	151	278	337
20	7	0	152	618	643
20	12	14	153	643	657
20	6	10	154	695	755
20	13	4	155	763	792
20	10	5	156	894	981
20	3	9	157	1044	1063
21	0	2	158	0	31
21	3	6	159	42	54
21	1	1	160	55	131
21	11	9	161	230	292
21	0	12	162	620	676
21	10	2	163	756	768
21	4	4	164	838	924
21	7	12	165	940	1021
21	0	12	166	1021	1076
22	8	5	167	0	82
22	11	0	168	152	228
22	12	7	169	738	817
22	7	12	170	865	940
22	9	3	171	943	999
22	9	14	172	1003	1061
23	2	7	173	59	118
23	0	4	174	414	451
23	12	3	175	681	738
23	1	13	176	738	771
23	2	3	177	835	892
24	8	2	178	93	148
24	5	9	179	196	211
24	12	3	180	308	353
24	1	3	181	371	447
24	14	6	182	467	483
24	4	13	183	512	612
24	7	0	184	643	718
24	2	12	185	757	767
24	10	10	186	826	894
24	4	4	187	924	980
25	5	11	188	0	64
25	11	1	189	449	457
25	14	6	190	483	543
25	8	3	191	548	571
25	10	1	192	672	695
25	10	2	193	729	756
25	11	10	194	756	814
26	9	3	195	100	132
26	10	8	196	434	516
26	2	0	197	536	567
26	6	2	198	618	690
26	14	13	199	771	815
27	3	6	200	236	250
27	11	13	201	292	355
27	14	5	202	548	593
27	10	1	203	593	672
27	14	5	204	672	767
27	5	0	205	930	1003
28	3	6	206	79	167
28	9	4	207	189	236
28	12	0	208	236	308
28	7	2	209	421	430
28	0	4	210	451	538
28	2	3	211	593	618
28	7	8	212	1022	1076
29	12	7	213	10	34
29	6	10	214	42	95
29	5	11	215	523	539
29	13	13	216	612	694
29	0	1	217	885	904
29	11	6	218	1016	1069
30	0	2	219	31	53
30	0	9	220	88	121
30	5	11	221	121	177
30	1	14	222	191	275
30	2	9	223	375	392
30	11	5	224	463	523
30	7	0	225	718	797
30	5	8	226	852	930
31	14	12	227	182	279
31	9	4	228	285	341
31	5	8	229	762	791
31	13	5	230	792	874
31	10	1	231	1060	1076
32	11	0	232	73	152
32	3	14	233	448	507
32	7	4	234	538	618
32	0	14	235	681	784
32	6	11	236	987	1075
33	7	5	237	141	214
33	5	11	238	242	278
33	1	14	239	293	357
33	13	4	240	364	414
33	5	0	241	510	523
33	3	14	242	547	630
33	9	1	243	695	772
33	3	9	244	880	926
33	2	7	245	975	994
34	5	11	246	64	118
34	14	4	247	168	180
34	10	10	248	225	297
34	13	11	249	424	510
34	13	14	250	874	957
34	2	4	251	994	1066
35	0	4	252	59	88
35	7	13	253	104	141
35	3	6	254	167	236
35	12	7	255	536	614
35	9	11	256	629	694
35	7	12	257	797	865
36	14	4	258	88	97
36	3	6	259	392	448
36	13	8	260	516	610
36	8	6	261	620	651
36	5	8	262	706	762
37	13	13	263	0	63
37	2	7	264	118	192
37	3	9	265	292	362
37	4	7	266	362	423
37	12	7	267	423	438
37	12	0	268	438	476
37	7	12	269	479	530
37	1	9	270	576	647
37	11	9	271	653	749
37	3	9	272	811	880
38	3	6	273	54	79
38	0	1	274	251	269
38	7	13	275	355	416
38	8	12	276	575	620
38	9	11	277	772	853
39	4	3	278	10	65
39	10	10	279	151	225
39	8	6	280	284	355
39	6	10	281	473	527
39	9	11	282	539	629
39	12	2	283	935	978


Solution History:
