This is the output of Heuristic Solver for Dual resource constrained flexible job shop Scheduling Problem.
Input file is: wfjsp5_1.txt
Method: TS_100000000_0.018367_5
Seed: 3
Number of Jobs: 10
Number of Operations: 62
Number of Machines: 5
Number of Operators: 5
CPU Time: 1.10328
obj: 624
Best found lower bound:0
Solver gap (best found lower bound and upper bound difference): Not known


Final Solution:
Job	Machine	Operator	Operation	Start Time	Finish Time
0	3	0	0	15	100
0	2	1	1	115	144
0	0	3	2	159	205
0	1	0	3	238	329
0	0	3	4	329	408
0	0	3	5	408	469
0	3	1	6	509	588
0	3	1	7	588	624
1	4	4	8	112	150
1	4	4	9	192	227
1	2	0	10	329	338
1	4	4	11	379	393
1	2	0	12	408	424
1	3	1	13	459	509
2	4	3	14	12	83
2	0	3	15	112	159
2	2	0	16	385	408
2	1	4	17	552	560
3	0	2	18	0	55
3	0	2	19	55	97
3	1	0	20	102	193
3	4	4	21	227	325
3	4	4	22	325	379
3	4	4	23	393	469
3	4	0	24	470	486
3	1	4	25	517	552
3	4	0	26	552	574
4	4	3	27	83	112
4	1	0	28	193	238
4	3	2	29	239	316
4	2	0	30	338	385
4	3	2	31	385	459
4	0	3	32	469	566
4	4	0	33	574	623
5	3	0	34	0	15
5	2	1	35	144	186
5	3	2	36	198	224
5	1	0	37	433	470
5	2	2	38	470	544
5	0	3	39	566	622
6	2	1	40	0	36
6	3	2	41	100	198
6	0	3	42	304	329
6	2	2	43	544	605
6	1	4	44	608	619
7	4	3	45	0	12
7	2	1	46	186	267
7	1	1	47	382	391
7	2	2	48	459	470
7	1	4	49	560	608
8	2	1	50	36	115
8	3	2	51	224	239
8	2	1	52	267	325
8	1	1	53	329	382
8	1	1	54	391	433
8	1	4	55	470	517
9	1	4	56	0	102
9	4	4	57	150	192
9	0	3	58	205	304
9	3	2	59	316	382
9	2	1	60	433	458
9	4	0	61	486	547


Solution History:
