This is the output of Heuristic Solver for Dual resource constrained flexible job shop Scheduling Problem.
Input file is: wfjsp21_1.txt
Method: TS_100000000_0.356787_5
Seed: 5
Number of Jobs: 25
Number of Operations: 248
Number of Machines: 15
Number of Operators: 12
CPU Time: 21.4246
obj: 1059
Best found lower bound:0
Solver gap (best found lower bound and upper bound difference): Not known


Final Solution:
Job	Machine	Operator	Operation	Start Time	Finish Time
0	7	4	0	0	69
0	7	4	1	69	93
0	7	3	2	175	224
0	14	3	3	224	302
0	8	3	4	384	461
0	5	11	5	461	516
0	2	2	6	519	596
0	10	0	7	659	686
0	11	11	8	947	989
0	7	8	9	1011	1044
0	6	2	10	1044	1054
1	10	0	11	0	16
1	4	11	12	41	57
1	4	11	13	57	104
1	8	6	14	124	181
1	6	1	15	210	260
1	7	1	16	260	289
1	10	7	17	368	379
1	13	5	18	438	497
1	8	0	19	686	734
1	12	10	20	878	957
2	2	10	21	21	109
2	10	2	22	152	195
2	7	1	23	494	570
2	14	9	24	585	598
2	11	4	25	685	715
2	0	4	26	715	737
2	0	9	27	861	885
2	14	9	28	907	966
2	3	5	29	975	1059
3	12	11	30	0	41
3	0	2	31	41	99
3	13	4	32	104	180
3	3	10	33	208	250
3	12	6	34	262	277
3	2	4	35	476	516
3	3	8	36	570	594
3	1	4	37	631	665
4	7	1	38	93	163
4	4	6	39	321	376
4	14	7	40	411	443
4	0	7	41	604	686
4	1	11	42	768	795
4	13	8	43	798	853
4	4	1	44	890	903
4	2	2	45	918	930
5	11	7	46	0	72
5	6	9	47	82	91
5	13	4	48	93	104
5	10	8	49	109	150
5	10	0	50	233	317
5	1	2	51	361	378
5	1	4	52	575	631
5	13	8	53	713	772
5	12	10	54	798	839
5	12	10	55	839	878
5	3	0	56	878	968
5	14	7	57	968	1004
6	11	11	58	193	286
6	11	11	59	286	364
6	6	5	60	412	438
6	10	8	61	465	541
6	1	4	62	542	562
6	14	9	63	598	642
6	4	6	64	642	725
6	10	6	65	725	758
6	1	0	66	828	849
7	3	0	67	89	141
7	1	10	68	149	208
7	14	7	69	302	365
7	13	5	70	365	407
7	13	4	71	516	542
7	11	0	72	551	593
7	13	5	73	593	632
7	11	3	74	760	799
7	0	8	75	931	977
8	10	3	76	16	91
8	12	7	77	158	230
8	1	8	78	230	305
8	5	11	79	364	454
8	0	7	80	454	528
8	13	5	81	553	592
8	10	6	82	626	641
8	10	0	83	641	659
8	5	3	84	685	696
8	5	10	85	720	798
9	6	2	86	0	39
9	13	0	87	62	89
9	4	7	88	280	298
9	11	7	89	379	411
9	9	1	90	436	494
9	2	2	91	658	673
9	4	1	92	765	811
9	8	1	93	968	1044
10	5	9	94	0	19
10	3	0	95	19	38
10	8	6	96	41	103
10	10	8	97	215	224
10	3	5	98	260	341
10	14	9	99	449	521
10	14	9	100	521	585
10	14	11	101	829	868
11	4	11	102	104	193
11	6	2	103	260	342
11	0	9	104	410	449
11	1	6	105	449	505
11	4	5	106	535	553
11	1	11	107	720	768
11	1	6	108	797	812
11	2	4	109	824	914
11	12	10	110	994	1051
12	9	5	111	74	143
12	12	7	112	230	256
12	3	2	113	342	361
12	10	8	114	382	465
12	8	6	115	505	528
12	10	6	116	541	626
12	14	9	117	642	732
12	4	1	118	954	968
12	2	3	119	1032	1054
13	8	9	120	19	38
13	3	0	121	368	454
13	3	10	122	461	517
13	6	7	123	528	604
13	7	10	124	664	720
13	6	6	125	758	797
13	8	6	126	818	854
13	8	8	127	854	884
13	9	2	128	930	960
13	1	9	129	966	1056
14	13	6	130	0	24
14	13	0	131	38	62
14	3	9	132	141	179
14	14	2	133	195	211
14	0	2	134	215	257
14	12	10	135	384	461
14	12	2	136	461	519
14	7	8	137	594	634
14	2	4	138	737	824
14	0	9	139	824	861
14	10	3	140	877	955
14	5	3	141	955	1032
15	5	10	142	109	149
15	8	4	143	181	266
15	2	4	144	266	340
15	0	4	145	340	394
15	7	4	146	441	476
15	11	3	147	612	682
15	12	2	148	682	761
15	14	7	149	761	829
15	5	7	150	829	866
15	5	7	151	866	926
15	7	4	152	926	981
15	10	0	153	981	1046
16	14	1	154	0	47
16	2	2	155	109	152
16	5	9	156	179	219
16	5	10	157	288	363
16	4	1	158	385	431
16	12	11	159	519	581
16	5	10	160	589	664
16	0	4	161	981	1057
17	0	10	162	0	21
17	4	6	163	24	41
17	6	9	164	41	82
17	1	8	165	93	109
17	8	6	166	109	124
17	0	8	167	150	215
17	5	10	168	250	288
17	7	9	169	385	410
17	9	1	170	680	765
17	9	3	171	799	877
17	1	11	172	907	927
18	6	9	173	91	136
18	2	0	174	152	233
18	9	8	175	305	382
18	9	5	176	497	530
18	12	8	177	634	670
18	13	5	178	670	713
18	11	7	179	726	760
18	10	2	180	761	841
18	11	6	181	854	912
18	13	6	182	912	985
18	14	2	183	1010	1040
19	9	5	184	0	74
19	8	9	185	280	381
19	3	10	186	517	557
19	7	10	187	570	589
19	9	1	188	627	680
19	2	7	189	686	726
19	7	0	190	734	828
19	14	11	191	868	907
19	6	5	192	907	928
19	6	5	193	928	975
19	4	11	194	989	1048
20	1	8	195	0	85
20	1	8	196	85	93
20	14	3	197	93	175
20	9	9	198	219	280
20	10	0	199	317	368
20	6	6	200	376	412
20	4	3	201	461	535
20	4	1	202	570	627
20	6	3	203	696	754
20	11	11	204	799	826
20	7	2	205	841	918
20	7	8	206	981	1011
21	6	1	207	163	210
21	13	5	208	341	362
21	2	4	209	394	441
21	11	0	210	454	474
21	11	0	211	474	551
21	0	8	212	551	570
21	8	11	213	581	666
21	3	5	214	713	733
21	3	5	215	733	815
21	9	9	216	885	905
21	4	1	217	905	954
21	12	10	218	957	994
22	11	7	219	72	158
22	13	6	220	277	321
22	9	2	221	382	436
22	9	3	222	535	612
22	13	5	223	632	668
22	1	11	224	668	720
22	8	9	225	734	818
22	13	0	226	853	876
22	13	6	227	985	1059
23	9	5	228	143	204
23	4	5	229	204	260
23	0	7	230	260	280
23	7	1	231	289	385
23	11	6	232	412	448
23	6	2	233	604	658
23	3	8	234	670	705
23	4	1	235	811	890
23	0	8	236	890	931
23	5	7	237	931	953
23	2	2	238	960	1010
24	13	6	239	181	262
24	12	3	240	302	384
24	8	4	241	562	575
24	2	0	242	596	641
24	5	4	243	665	685
24	0	8	244	772	798
24	6	5	245	815	897
24	1	11	246	927	947
24	11	7	247	1004	1059


Solution History:
