This is the output of Heuristic Solver for Dual resource constrained flexible job shop Scheduling Problem.
Input file is: wfjsp22_7.txt
Method: TS_100000000_0.167822_5
Seed: 3
Number of Jobs: 30
Number of Operations: 236
Number of Machines: 15
Number of Operators: 12
CPU Time: 10.0953
obj: 1015
Best found lower bound:0
Solver gap (best found lower bound and upper bound difference): Not known


Final Solution:
Job	Machine	Operator	Operation	Start Time	Finish Time
0	6	8	0	241	314
0	7	10	1	343	355
0	11	10	2	441	477
0	12	5	3	536	636
0	12	1	4	664	691
0	3	3	5	819	857
0	8	0	6	886	920
0	7	8	7	973	1014
1	2	11	8	12	21
1	10	9	9	42	76
1	9	1	10	226	320
1	9	1	11	320	377
1	1	3	12	536	615
1	14	4	13	615	661
1	3	6	14	684	721
1	3	4	15	751	766
1	8	8	16	766	858
1	2	4	17	858	931
2	1	0	18	0	54
2	12	11	19	127	204
2	14	3	20	344	419
2	14	2	21	460	491
2	4	0	22	491	500
2	11	10	23	520	591
2	3	10	24	663	673
2	6	0	25	689	745
2	7	4	26	766	780
2	5	11	27	792	883
3	10	4	28	125	172
3	7	10	29	620	649
3	12	6	30	721	795
3	4	6	31	795	875
3	9	10	32	947	1013
4	14	3	33	77	89
4	10	9	34	172	261
4	6	7	35	404	485
4	12	7	36	485	504
4	4	0	37	504	523
4	9	7	38	523	556
4	3	11	39	568	637
4	10	9	40	642	709
4	13	5	41	859	934
4	5	4	42	934	1015
5	13	9	43	0	42
5	14	4	44	172	191
5	14	3	45	661	700
5	1	3	46	700	783
5	2	7	47	792	846
5	0	3	48	913	971
6	3	8	49	0	57
6	7	10	50	326	343
6	12	11	51	380	418
6	4	0	52	421	490
6	9	10	53	490	520
6	3	10	54	649	663
6	0	10	55	697	740
6	12	5	56	796	859
6	6	8	57	859	903
7	4	5	58	0	39
7	9	3	59	97	116
7	12	10	60	207	230
7	8	2	61	269	298
7	2	9	62	298	358
7	9	1	63	377	439
7	10	9	64	497	570
7	1	5	65	934	982
8	1	0	66	54	146
8	14	3	67	213	293
8	6	0	68	316	377
8	2	5	69	379	441
8	3	11	70	523	543
8	0	6	71	561	614
8	1	6	72	615	684
8	0	10	73	740	829
9	9	10	74	0	43
9	5	11	75	62	83
9	3	10	76	171	207
9	8	4	77	379	458
9	2	11	78	752	792
10	14	5	79	101	135
10	11	7	80	202	278
10	5	2	81	387	403
10	3	11	82	552	568
10	2	7	83	957	1010
11	10	2	84	0	27
11	9	1	85	51	79
11	7	8	86	179	241
11	12	3	87	293	344
11	14	4	88	491	533
11	7	4	89	533	545
11	9	2	90	557	639
11	11	7	91	639	668
11	8	8	92	725	765
11	1	11	93	982	1002
12	5	11	94	21	62
12	6	8	95	63	134
12	3	9	96	134	149
12	3	11	97	207	265
12	11	9	98	278	296
12	1	3	99	419	479
12	4	0	100	523	606
12	7	11	101	649	676
12	10	5	102	709	796
12	13	0	103	934	977
13	7	2	104	27	60
13	4	4	105	213	266
13	1	7	106	278	336
13	7	2	107	355	387
13	7	8	108	425	493
13	0	6	109	536	561
13	13	7	110	668	700
13	14	3	111	805	819
13	11	1	112	867	895
13	6	8	113	903	942
14	2	1	114	112	181
14	8	2	115	212	269
14	8	2	116	491	557
14	6	8	117	593	606
14	14	10	118	829	879
15	11	1	119	9	51
15	3	11	120	97	126
15	13	6	121	130	213
15	5	4	122	341	378
15	6	0	123	606	689
15	14	7	124	700	784
15	3	9	125	857	939
15	14	5	126	982	1015
16	11	2	127	298	332
16	11	2	128	332	348
16	5	11	129	418	447
16	0	3	130	479	519
16	4	3	131	875	890
16	10	9	132	947	1003
17	0	6	133	52	130
17	9	1	134	214	226
17	0	11	135	265	312
17	13	7	136	336	404
17	13	5	137	480	536
17	5	1	138	598	664
17	1	10	139	684	697
17	13	9	140	730	770
17	11	9	141	815	856
18	0	6	142	0	52
18	11	2	143	60	127
18	4	11	144	312	380
18	13	2	145	404	460
18	8	4	146	460	489
18	5	4	147	664	751
18	7	2	148	888	973
18	8	2	149	973	1003
19	2	10	150	43	109
19	5	0	151	146	228
19	0	0	152	377	396
19	6	8	153	493	521
19	14	7	154	556	590
19	10	10	155	591	620
19	2	2	156	639	718
19	4	0	157	745	787
19	4	11	158	890	970
19	4	3	159	971	1006
20	4	4	160	63	125
20	10	6	161	270	365
20	2	11	162	447	523
20	2	1	163	541	598
20	8	8	164	606	688
20	13	9	165	709	730
20	9	1	166	838	867
20	0	3	167	905	913
21	8	5	168	135	212
21	10	10	169	365	441
21	12	6	170	459	476
21	6	9	171	770	815
21	0	3	172	890	905
22	13	5	173	42	71
22	8	9	174	76	107
22	6	8	175	134	179
22	0	0	176	228	254
22	5	10	177	301	326
22	2	7	178	598	638
22	0	5	179	638	695
22	3	3	180	783	805
23	5	1	181	0	9
23	12	7	182	82	127
23	8	5	183	298	379
23	0	0	184	396	421
23	10	1	185	441	497
23	5	1	186	497	541
23	3	11	187	543	552
23	1	0	188	787	870
23	12	10	189	879	947
23	11	1	190	947	1008
24	12	7	191	0	82
24	5	1	192	83	112
24	7	0	193	254	316
24	7	4	194	545	613
24	4	3	195	615	656
24	8	8	196	688	725
24	7	2	197	809	888
24	11	1	198	895	940
24	3	11	199	970	979
25	14	3	200	0	77
25	1	7	201	146	202
25	3	4	202	266	293
25	3	8	203	314	369
25	9	1	204	778	838
26	10	5	205	76	101
26	9	2	206	127	209
26	3	9	207	369	411
26	0	0	208	870	886
26	12	6	209	947	1003
27	7	11	210	0	12
27	9	11	211	83	97
27	7	10	212	109	171
27	6	1	213	181	214
27	5	10	214	230	301
27	14	4	215	301	341
27	7	8	216	387	425
27	0	6	217	441	459
27	6	8	218	521	593
27	11	2	219	718	809
28	6	4	220	0	63
28	4	3	221	125	213
28	13	6	222	213	270
28	11	6	223	365	441
28	9	5	224	441	480
28	1	6	225	480	536
28	13	9	226	570	642
28	7	11	227	676	752
28	14	7	228	879	957
28	6	0	229	977	1014
29	2	5	230	212	288
29	3	9	231	411	493
29	9	1	232	691	778
29	13	4	233	780	856
29	10	6	234	875	947
29	6	8	235	947	969


Solution History:
