This is the output of Heuristic Solver for Dual resource constrained flexible job shop Scheduling Problem.
Input file is: wfjsp11_10.txt
Method: TS_100000000_0.128953_5
Seed: 1
Number of Jobs: 20
Number of Operations: 190
Number of Machines: 10
Number of Operators: 10
CPU Time: 7.74992
obj: 1168
Best found lower bound:0
Solver gap (best found lower bound and upper bound difference): Not known


Final Solution:
Job	Machine	Operator	Operation	Start Time	Finish Time
0	7	7	0	0	76
0	3	2	1	299	381
0	1	8	2	406	469
0	0	5	3	752	839
0	9	2	4	949	1011
0	6	1	5	1011	1042
0	2	3	6	1065	1098
1	6	1	7	11	74
1	7	7	8	166	252
1	9	4	9	252	280
1	4	9	10	289	323
1	5	6	11	323	360
1	6	1	12	376	462
1	9	6	13	501	588
1	3	2	14	661	727
1	7	7	15	752	841
1	5	0	16	841	935
1	0	3	17	935	948
1	0	3	18	948	957
1	1	0	19	1043	1092
1	2	3	20	1098	1165
2	9	9	21	0	83
2	9	9	22	83	132
2	4	9	23	220	289
2	2	3	24	431	476
2	4	4	25	477	500
2	2	5	26	521	567
2	6	0	27	573	591
2	9	4	28	591	685
2	2	8	29	721	756
2	5	0	30	756	833
2	4	9	31	929	1008
2	4	8	32	1014	1081
2	6	1	33	1105	1147
3	2	5	34	93	152
3	8	0	35	278	356
3	2	3	36	476	490
3	6	2	37	549	573
3	7	7	38	573	593
3	8	4	39	775	823
3	0	5	40	839	873
3	2	5	41	873	963
3	8	0	42	1092	1167
4	0	9	43	132	220
4	2	3	44	321	336
4	7	7	45	336	350
4	2	6	46	360	431
4	4	4	47	431	477
4	6	0	48	591	606
4	6	3	49	757	849
5	8	6	50	124	205
5	4	9	51	323	350
5	8	4	52	361	429
5	9	9	53	444	452
5	0	9	54	510	585
5	0	3	55	585	665
5	6	2	56	736	757
5	4	8	57	767	835
5	8	2	58	875	915
5	5	0	59	935	944
5	1	4	60	949	1043
6	0	8	61	22	72
6	1	2	62	193	284
6	4	5	63	358	430
6	5	0	64	459	551
6	6	1	65	656	736
6	1	1	66	745	799
6	8	4	67	823	871
6	8	2	68	915	934
6	1	2	69	1134	1160
7	0	3	70	0	22
7	5	6	71	93	114
7	6	1	72	133	191
7	0	5	73	290	344
7	5	0	74	360	383
7	8	6	75	431	500
7	1	1	76	536	585
7	6	0	77	606	651
8	3	2	78	0	38
8	4	3	79	38	120
8	6	1	80	271	310
8	7	4	81	1043	1080
8	9	4	82	1080	1107
8	0	5	83	1129	1141
9	8	0	84	0	92
9	2	5	85	165	201
9	6	1	86	233	271
9	1	8	87	299	364
9	5	0	88	383	459
9	4	3	89	503	520
9	2	8	90	567	657
9	2	8	91	657	721
9	6	9	92	849	879
9	0	9	93	879	896
9	3	8	94	923	1014
9	2	3	95	1014	1065
10	3	8	96	82	168
10	9	4	97	280	361
10	0	7	98	361	431
10	6	2	99	462	549
10	3	5	100	567	649
10	8	6	101	654	738
10	0	5	102	963	1053
10	4	9	103	1081	1168
11	3	2	104	38	82
11	8	0	105	92	124
11	5	2	106	124	171
11	3	8	107	171	250
11	2	3	108	336	351
11	9	9	109	361	444
11	2	3	110	490	503
11	9	3	111	685	757
11	8	6	112	1023	1091
11	9	4	113	1107	1166
12	7	7	114	76	166
12	9	4	115	166	248
12	7	7	116	252	333
12	8	4	117	519	591
12	7	7	118	593	663
12	1	0	119	663	745
12	8	6	120	745	775
12	1	1	121	799	838
12	1	1	122	838	925
12	9	6	123	925	949
12	8	6	124	949	1023
12	3	7	125	1023	1042
12	3	7	126	1042	1064
12	6	1	127	1064	1105
12	3	8	128	1134	1163
13	4	3	129	135	162
13	6	1	130	191	233
13	3	8	131	250	299
13	2	3	132	299	321
13	7	7	133	841	927
14	6	1	134	0	11
14	5	5	135	11	93
14	4	4	136	120	135
14	1	1	137	469	536
14	6	1	138	925	1007
15	1	4	139	0	22
15	1	0	140	124	193
15	8	6	141	205	278
15	6	1	142	310	376
15	3	8	143	469	560
15	8	6	144	591	654
15	7	5	145	663	730
15	7	5	146	730	744
15	2	6	147	775	858
15	4	3	148	858	929
16	2	6	149	0	89
16	6	1	150	89	133
16	2	5	151	152	165
16	4	3	152	165	199
16	2	3	153	201	294
16	0	7	154	431	510
16	4	9	155	585	666
16	5	9	156	666	750
16	9	9	157	757	844
16	9	6	158	875	916
16	1	4	159	925	949
16	5	0	160	949	1024
16	7	7	161	1080	1163
17	5	6	162	278	312
17	7	3	163	351	420
17	7	5	164	430	521
17	2	3	165	963	1014
17	0	5	166	1053	1129
18	5	0	167	193	267
18	1	8	168	364	406
18	9	9	169	452	501
18	7	7	170	521	568
18	5	2	171	573	661
18	0	7	172	665	752
18	3	2	173	757	823
18	9	2	174	844	875
18	5	2	175	1024	1115
18	5	6	176	1115	1167
19	1	4	177	22	115
19	9	4	178	135	152
19	0	5	179	220	290
19	0	5	180	344	358
19	3	2	181	381	448
19	8	4	182	500	519
19	4	3	183	520	576
19	1	1	184	585	656
19	4	4	185	685	767
19	3	8	186	835	923
19	7	7	187	927	1015
19	9	9	188	1015	1080
19	1	8	189	1092	1134


Solution History:
