This is the output of Heuristic Solver for Dual resource constrained flexible job shop Scheduling Problem.
Input file is: wfjsp17_5.txt
Method: TS_100000000_0.205780_5
Seed: 2
Number of Jobs: 15
Number of Operations: 130
Number of Machines: 5
Number of Operators: 4
CPU Time: 12.3534
obj: 1568
Best found lower bound:0
Solver gap (best found lower bound and upper bound difference): Not known


Final Solution:
Job	Machine	Operator	Operation	Start Time	Finish Time
0	2	0	0	0	15
0	2	0	1	264	304
0	3	2	2	349	433
0	0	1	3	598	666
0	0	0	4	707	775
0	0	0	5	858	894
0	3	3	6	921	987
0	4	3	7	1139	1180
0	0	0	8	1243	1290
0	1	2	9	1433	1467
1	4	2	10	992	1021
1	2	0	11	1072	1143
1	4	3	12	1214	1235
1	2	0	13	1290	1305
1	0	0	14	1305	1373
1	0	0	15	1373	1437
1	3	2	16	1467	1476
1	1	3	17	1523	1568
2	3	1	18	37	105
2	1	1	19	379	416
2	1	2	20	526	554
2	2	0	21	589	626
2	1	2	22	777	807
2	0	0	23	826	858
2	1	2	24	878	961
2	0	0	25	1006	1049
3	0	2	26	0	42
3	3	2	27	202	225
3	0	1	28	231	240
3	0	1	29	240	285
3	0	1	30	512	598
3	1	3	31	696	759
3	0	2	32	1122	1192
3	3	1	33	1245	1336
4	4	3	34	20	100
4	1	1	35	195	231
4	1	2	36	433	447
4	4	3	37	447	493
4	2	0	38	626	707
4	0	0	39	937	1006
4	4	3	40	1426	1492
4	1	3	41	1492	1523
5	0	0	42	132	200
5	2	0	43	228	264
5	4	3	44	340	357
5	1	2	45	1192	1256
5	1	2	46	1256	1338
5	1	2	47	1338	1424
5	0	0	48	1437	1479
5	2	1	49	1480	1561
6	3	2	50	120	202
6	1	3	51	298	307
6	3	3	52	307	340
6	2	0	53	406	495
6	0	1	54	666	698
6	2	1	55	850	935
6	2	1	56	935	953
6	1	3	57	987	1022
6	3	1	58	1049	1143
7	3	1	59	105	119
7	0	0	60	200	228
7	3	3	61	228	298
7	2	0	62	304	320
7	4	3	63	357	399
7	1	2	64	656	688
7	3	2	65	688	777
7	4	3	66	1263	1341
8	0	2	67	447	485
8	1	2	68	485	526
8	3	2	69	554	569
8	1	2	70	569	656
8	2	1	71	765	850
8	0	0	72	894	937
8	0	2	73	1087	1122
8	0	0	74	1228	1243
8	2	1	75	1396	1480
8	0	0	76	1536	1568
9	2	0	77	15	63
9	2	1	78	130	195
9	0	1	79	294	379
9	0	1	80	416	441
9	4	1	81	698	765
9	0	0	82	775	826
9	4	3	83	1180	1189
9	4	3	84	1189	1214
9	3	2	85	1424	1433
10	1	1	86	120	130
10	4	2	87	225	308
10	2	0	88	495	589
10	2	0	89	1180	1228
10	4	3	90	1235	1263
10	4	3	91	1341	1426
10	0	0	92	1479	1526
10	0	0	93	1526	1536
11	4	3	94	100	143
11	4	3	95	143	223
11	1	2	96	308	349
11	4	3	97	399	444
11	0	1	98	489	512
11	4	3	99	655	696
11	1	2	100	807	878
11	4	3	101	910	921
11	2	1	102	953	1017
11	4	2	103	1021	1087
12	0	0	104	63	132
12	3	1	105	441	489
12	4	3	106	493	576
12	4	3	107	765	847
12	3	1	108	1017	1049
12	1	3	109	1054	1139
12	3	1	110	1143	1180
12	3	1	111	1336	1367
13	3	1	112	0	37
13	0	1	113	285	294
13	2	0	114	320	406
13	3	3	115	590	618
13	3	3	116	618	641
13	4	3	117	641	655
13	3	3	118	847	910
13	1	3	119	1022	1054
13	2	0	120	1143	1180
13	2	1	121	1367	1396
14	4	3	122	0	20
14	1	2	123	42	120
14	4	3	124	576	590
14	4	2	125	961	992
14	2	0	126	1049	1072
14	3	1	127	1180	1245
14	3	2	128	1476	1559
14	4	2	129	1559	1567


Solution History:
