This is the output of Heuristic Solver for Dual resource constrained flexible job shop Scheduling Problem.
Input file is: wfjsp7_3.txt
Method: TS_100000000_0.088768_5
Seed: 2
Number of Jobs: 12
Number of Operations: 104
Number of Machines: 5
Number of Operators: 5
CPU Time: 5.32974
obj: 1177
Best found lower bound:0
Solver gap (best found lower bound and upper bound difference): Not known


Final Solution:
Job	Machine	Operator	Operation	Start Time	Finish Time
0	0	0	0	93	177
0	2	2	1	254	269
0	0	0	2	269	288
0	1	2	3	435	513
0	3	3	4	711	788
0	3	1	5	788	861
0	4	4	6	872	960
0	3	3	7	1029	1065
0	3	3	8	1065	1165
1	4	1	9	37	53
1	3	1	10	97	157
1	0	4	11	316	415
1	4	1	12	463	482
1	3	1	13	492	598
1	2	0	14	598	690
1	1	2	15	761	791
1	1	4	16	998	1060
2	2	0	17	0	19
2	4	3	18	62	134
2	2	2	19	135	147
2	3	1	20	157	183
2	3	1	21	183	235
2	2	1	22	309	410
2	3	3	23	423	492
2	2	0	24	505	538
2	0	4	25	588	663
2	2	0	26	690	786
3	0	4	27	0	11
3	3	1	28	62	97
3	4	3	29	224	328
3	4	1	30	423	463
3	4	3	31	492	521
3	3	1	32	648	711
3	4	4	33	725	788
3	4	4	34	805	872
4	1	2	35	0	97
4	0	0	36	177	269
4	3	0	37	371	388
4	1	2	38	407	435
4	0	4	39	498	572
4	0	4	40	572	588
4	4	3	41	597	622
4	4	3	42	622	672
4	4	3	43	672	708
4	3	3	44	973	1029
5	1	4	45	97	195
5	3	1	46	235	309
5	4	3	47	328	423
5	4	3	48	521	538
5	2	0	49	574	592
5	3	1	50	598	648
5	1	2	51	683	761
5	0	0	52	786	827
5	0	0	53	827	850
5	2	2	54	924	987
6	2	0	55	19	45
6	1	2	56	316	351
6	2	0	57	422	505
6	1	2	58	513	592
6	2	2	59	791	889
6	0	0	60	889	986
6	0	4	61	987	998
6	2	2	62	998	1061
6	1	2	63	1061	1175
7	2	2	64	97	135
7	2	2	65	224	254
7	4	3	66	538	597
7	0	0	67	850	887
7	3	1	68	887	959
7	2	2	69	987	997
7	0	0	70	1077	1172
8	3	3	71	0	62
8	3	0	72	388	422
8	0	0	73	998	1077
8	2	1	74	1077	1105
8	2	1	75	1105	1164
8	3	3	76	1165	1176
9	2	0	77	45	79
9	2	0	78	79	93
9	2	2	79	147	224
9	1	4	80	233	316
9	1	2	81	351	407
9	4	4	82	788	805
9	2	2	83	889	924
9	3	3	84	959	973
10	0	4	85	11	88
10	1	4	86	195	233
10	2	2	87	269	305
10	3	0	88	349	371
10	2	0	89	538	574
10	0	4	90	663	725
10	0	1	91	725	777
10	1	4	92	960	987
10	4	4	93	1073	1103
11	4	1	94	0	37
11	4	3	95	134	224
11	3	0	96	309	349
11	0	4	97	415	498
11	1	2	98	592	683
11	1	3	99	791	863
11	1	3	100	863	914
11	1	3	101	914	953
11	4	1	102	960	1073
11	4	4	103	1103	1177


Solution History:
