This is the output of Heuristic Solver for Dual resource constrained flexible job shop Scheduling Problem.
Input file is: wfjsp22_8.txt
Method: TS_100000000_0.369745_5
Seed: 5
Number of Jobs: 30
Number of Operations: 223
Number of Machines: 15
Number of Operators: 12
CPU Time: 22.2058
obj: 963
Best found lower bound:0
Solver gap (best found lower bound and upper bound difference): Not known


Final Solution:
Job	Machine	Operator	Operation	Start Time	Finish Time
0	6	2	0	137	161
0	11	0	1	218	275
0	6	10	2	288	316
0	11	5	3	335	400
0	3	11	4	711	781
1	1	3	5	110	164
1	10	7	6	460	529
1	3	11	7	529	540
1	11	11	8	540	585
1	9	5	9	619	673
1	8	5	10	673	700
1	8	5	11	700	782
1	4	2	12	885	893
2	9	8	13	0	83
2	7	10	14	89	111
2	12	0	15	126	182
2	3	11	16	201	270
2	14	7	17	306	336
2	8	2	18	483	544
2	1	11	19	788	834
3	10	10	20	46	89
3	14	7	21	107	144
3	0	8	22	170	222
3	9	8	23	361	418
3	7	6	24	418	487
3	1	2	25	544	631
3	6	7	26	631	704
3	4	3	27	717	784
3	14	7	28	811	879
3	3	0	29	884	960
4	5	10	30	111	179
4	6	4	31	204	271
4	9	5	32	418	481
4	7	6	33	487	526
4	1	7	34	704	788
4	4	4	35	788	885
4	1	9	36	931	955
5	2	2	37	20	47
5	11	11	38	125	201
5	2	2	39	357	369
5	6	11	40	449	518
5	10	8	41	651	680
5	5	5	42	782	791
5	5	10	43	807	852
5	13	1	44	916	950
6	12	6	45	66	126
6	10	6	46	204	287
6	2	4	47	450	487
6	8	1	48	544	598
6	0	1	49	747	804
6	0	11	50	885	958
7	1	3	51	29	42
7	4	3	52	314	329
7	3	0	53	342	389
7	5	7	54	402	460
7	13	0	55	504	520
7	5	9	56	532	598
8	7	1	57	0	57
8	3	1	58	126	189
8	1	7	59	189	227
8	1	1	60	377	458
8	6	6	61	526	587
8	6	7	62	602	631
8	12	7	63	788	809
8	9	7	64	879	922
9	4	5	65	0	69
9	7	4	66	132	150
9	7	4	67	150	172
9	13	4	68	271	308
9	0	1	69	325	377
9	11	9	70	478	532
9	1	2	71	631	647
9	11	1	72	664	727
9	13	4	73	745	784
10	3	4	74	0	29
10	7	3	75	172	199
10	4	2	76	335	357
10	10	3	77	395	459
10	13	0	78	462	504
10	9	5	79	552	579
10	9	10	80	673	750
11	10	10	81	20	46
11	2	0	82	58	117
11	8	5	83	262	335
11	6	10	84	335	413
11	12	8	85	418	498
11	12	6	86	587	626
11	7	3	87	652	717
11	6	6	88	772	833
12	11	9	89	33	109
12	9	8	90	113	170
12	7	6	91	288	372
12	3	0	92	389	462
12	4	7	93	529	602
12	4	5	94	602	619
12	0	2	95	680	747
12	2	6	96	833	888
13	0	2	97	47	137
13	4	7	98	255	306
13	1	1	99	458	518
13	10	8	100	567	631
13	14	11	101	633	711
13	0	1	102	804	885
13	7	5	103	887	954
14	4	2	104	161	248
14	3	1	105	270	298
14	6	10	106	316	332
14	11	9	107	415	478
14	0	3	108	510	543
14	10	8	109	631	651
14	8	11	110	834	880
14	8	2	111	893	957
15	12	9	112	0	33
15	10	6	113	132	204
15	8	5	114	207	262
15	12	9	115	318	415
15	12	8	116	515	567
15	11	0	117	730	809
15	2	0	118	809	822
15	12	0	119	822	884
15	6	6	120	888	905
16	2	9	121	117	183
16	1	9	122	254	318
16	4	4	123	680	717
16	9	2	124	750	836
16	6	8	125	836	878
16	6	6	126	905	955
17	5	6	127	0	43
17	12	6	128	43	66
17	9	8	129	83	113
17	8	5	130	142	207
17	7	10	131	225	288
17	4	2	132	424	483
17	7	3	133	585	652
17	13	9	134	652	715
17	8	10	135	782	807
17	3	5	136	832	875
18	6	2	137	0	19
18	8	4	138	29	68
18	12	7	139	227	255
18	14	7	140	336	402
18	4	8	141	498	515
18	0	3	142	543	585
18	8	10	143	598	667
18	12	1	144	885	916
19	14	7	145	0	37
19	1	3	146	42	110
19	2	0	147	280	342
19	2	1	148	598	664
19	12	8	149	684	696
19	14	9	150	715	811
20	2	10	151	0	20
20	3	1	152	57	126
20	14	10	153	179	225
20	3	5	154	579	595
20	2	6	155	696	772
21	8	3	156	0	11
21	13	3	157	199	251
21	1	11	158	318	372
21	2	2	159	372	424
21	0	4	160	585	680
21	5	10	161	750	777
21	11	9	162	842	862
21	11	9	163	862	931
22	1	3	164	11	29
22	6	11	165	46	125
22	2	4	166	424	450
22	0	3	167	459	510
22	14	10	168	583	593
22	12	0	169	626	684
22	5	10	170	852	920
22	4	7	171	922	961
23	10	8	172	314	361
23	9	5	173	481	552
23	13	9	174	598	651
23	10	8	175	696	765
23	10	5	176	875	887
24	4	5	177	69	142
24	13	4	178	308	372
24	4	4	179	372	424
24	14	10	180	482	583
24	3	0	181	595	610
24	1	2	182	647	677
24	12	0	183	704	730
24	11	9	184	811	842
24	9	2	185	842	874
25	0	11	186	0	46
25	7	4	187	68	77
25	14	7	188	144	174
25	6	4	189	174	204
25	10	3	190	287	314
25	2	4	191	487	571
25	5	10	192	920	955
26	14	7	193	37	64
26	10	4	194	89	132
26	2	3	195	251	280
26	8	3	196	335	395
26	3	0	197	684	704
26	6	4	198	717	745
26	10	5	199	791	832
26	14	8	200	879	963
27	13	0	201	0	58
27	14	7	202	64	107
27	9	1	203	189	251
27	12	11	204	270	300
27	9	1	205	300	325
27	0	11	206	377	449
27	11	11	207	585	633
27	12	1	208	730	747
27	1	3	209	838	914
28	12	0	210	182	218
28	0	8	211	222	303
28	14	10	212	413	482
28	5	6	213	626	696
28	13	3	214	784	838
28	2	4	215	888	963
29	5	9	216	183	254
29	12	1	217	255	263
29	5	2	218	263	335
29	7	6	219	372	416
29	13	0	220	520	589
29	7	8	221	765	835
29	10	3	222	914	956


Solution History:
