This is the output of Heuristic Solver for Dual resource constrained flexible job shop Scheduling Problem.
Input file is: wfjsp15_5.txt
Method: TS_100000000_3.137150_5
Seed: 3
Number of Jobs: 30
Number of Operations: 360
Number of Machines: 15
Number of Operators: 15
CPU Time: 188.274
obj: 1238
Best found lower bound:0
Solver gap (best found lower bound and upper bound difference): Not known


Final Solution:
Job	Machine	Operator	Operation	Start Time	Finish Time
0	12	1	0	0	16
0	12	1	1	16	58
0	2	10	2	123	202
0	12	11	3	326	386
0	9	9	4	386	458
0	9	13	5	553	590
0	4	12	6	653	717
0	7	5	7	790	831
0	10	2	8	858	902
0	6	3	9	973	1008
0	9	6	10	1009	1039
0	9	6	11	1067	1137
1	11	10	12	0	21
1	14	6	13	56	70
1	1	0	14	89	157
1	1	1	15	157	223
1	5	7	16	245	256
1	10	5	17	256	306
1	7	0	18	836	904
1	9	9	19	940	989
1	9	6	20	1039	1067
1	0	13	21	1151	1192
2	0	2	22	36	66
2	7	5	23	66	95
2	4	5	24	97	180
2	2	1	25	241	284
2	5	1	26	288	329
2	13	2	27	431	452
2	6	9	28	553	562
2	5	11	29	670	718
2	2	10	30	735	819
2	1	5	31	892	959
3	4	0	32	222	292
3	14	13	33	327	424
3	1	0	34	538	629
3	8	11	35	718	760
3	13	4	36	779	793
3	1	8	37	841	892
3	5	7	38	894	985
3	10	7	39	1009	1078
3	10	3	40	1078	1146
3	8	4	41	1194	1223
4	10	4	42	92	160
4	7	7	43	161	196
4	0	10	44	202	220
4	13	2	45	220	287
4	3	10	46	287	376
4	6	1	47	391	482
4	0	8	48	501	549
4	0	5	49	959	1043
4	6	9	50	1151	1229
4	8	4	51	1229	1238
5	2	4	52	41	76
5	3	11	53	82	161
5	2	1	54	579	613
5	10	3	55	640	724
5	9	4	56	750	768
5	1	12	57	768	805
5	2	10	58	819	900
5	3	10	59	988	1001
5	9	14	60	1137	1161
5	9	14	61	1161	1232
6	3	9	62	214	231
6	3	6	63	231	269
6	0	6	64	272	305
6	6	8	65	307	391
6	14	6	66	442	520
6	4	5	67	524	562
6	1	12	68	717	760
6	4	9	69	800	816
6	14	6	70	926	1009
6	0	5	71	1043	1128
6	3	8	72	1193	1238
7	2	13	73	0	37
7	13	7	74	82	99
7	9	14	75	174	258
7	13	2	76	452	481
7	0	2	77	549	597
7	8	9	78	599	668
7	5	14	79	718	800
7	3	7	80	841	866
7	13	4	81	886	956
7	13	4	82	956	1003
8	9	0	83	18	28
8	4	9	84	67	97
8	7	9	85	97	107
8	7	7	86	325	334
8	4	6	87	358	441
8	8	13	88	442	528
8	2	1	89	531	579
8	4	7	90	579	610
8	11	6	91	659	759
8	4	5	92	831	877
8	4	5	93	877	885
8	11	3	94	890	942
8	14	12	95	1009	1084
8	3	12	96	1084	1126
8	7	7	97	1180	1228
9	11	10	98	21	42
9	9	0	99	46	89
9	5	14	100	97	160
9	3	9	101	161	175
9	1	8	102	223	295
9	13	0	103	357	431
9	13	4	104	481	551
9	2	1	105	624	667
9	6	2	106	670	756
9	0	13	107	789	886
9	6	3	108	942	973
9	8	4	109	1068	1153
9	3	12	110	1153	1193
9	10	11	111	1193	1233
10	14	7	112	0	39
10	11	7	113	56	65
10	11	3	114	139	217
10	2	2	115	287	314
10	0	6	116	333	358
10	13	4	117	551	566
10	13	4	118	566	633
10	1	0	119	959	992
10	13	2	120	1003	1038
10	7	9	121	1043	1072
10	14	1	122	1084	1102
10	7	7	123	1102	1180
10	1	12	124	1215	1231
11	13	11	125	24	62
11	12	0	126	157	180
11	12	11	127	180	243
11	9	4	128	277	360
11	2	2	129	366	374
11	2	4	130	380	400
11	9	9	131	458	488
11	9	9	132	488	553
11	0	6	133	650	659
11	3	11	134	760	833
11	12	1	135	862	877
11	0	13	136	886	897
11	7	0	137	904	946
11	3	10	138	1016	1058
11	12	5	139	1143	1227
12	8	5	140	0	18
12	8	5	141	18	26
12	9	0	142	28	46
12	12	8	143	58	132
12	14	6	144	140	204
12	4	0	145	292	357
12	9	4	146	360	380
12	3	10	147	380	405
12	2	4	148	405	480
12	7	7	149	495	578
12	5	14	150	1024	1107
12	13	0	151	1140	1168
12	2	13	152	1198	1233
13	4	9	153	0	67
13	5	2	154	70	97
13	0	13	155	105	165
13	7	5	156	200	252
13	8	9	157	284	372
13	1	3	158	381	395
13	7	8	159	399	413
13	0	10	160	416	501
13	12	11	161	528	610
13	14	10	162	655	724
13	0	13	163	732	789
13	11	3	164	858	890
13	9	9	165	924	940
13	1	9	166	992	1040
13	13	2	167	1065	1134
14	2	4	168	76	92
14	6	1	169	112	130
14	3	9	170	175	214
14	6	3	171	217	285
14	10	3	172	395	476
14	12	11	173	610	669
14	13	7	174	698	779
14	14	7	175	779	841
14	12	11	176	926	1008
14	6	1	177	1008	1071
14	7	7	178	1078	1097
14	12	11	179	1123	1143
14	14	1	180	1154	1222
15	0	2	181	0	36
15	0	5	182	180	200
15	8	9	183	247	284
15	7	8	184	413	460
15	9	13	185	590	665
15	6	2	186	756	836
15	8	9	187	836	908
15	10	2	188	908	951
15	10	2	189	951	999
15	8	4	190	1003	1068
15	5	14	191	1107	1137
15	2	6	192	1150	1198
16	13	11	193	0	24
16	8	4	194	26	41
16	0	6	195	70	105
16	2	2	196	112	123
16	4	0	197	180	222
16	0	10	198	222	272
16	10	5	199	306	383
16	1	11	200	395	466
16	11	7	201	475	493
16	11	10	202	501	575
16	5	12	203	847	893
16	0	8	204	897	946
16	5	2	205	1137	1220
17	11	13	206	247	327
17	2	2	207	327	366
17	12	2	208	386	429
17	1	3	209	476	491
17	11	6	210	611	650
17	5	2	211	661	670
17	0	13	212	670	707
17	10	3	213	724	736
17	14	1	214	736	770
17	11	14	215	942	1024
17	4	0	216	1060	1072
17	8	4	217	1153	1194
18	10	4	218	0	25
18	14	6	219	105	123
18	6	2	220	130	216
18	6	8	221	295	307
18	3	12	222	416	441
18	3	8	223	549	559
18	2	1	224	613	624
18	13	4	225	633	647
18	1	9	226	672	717
18	9	6	227	841	924
19	1	3	228	0	68
19	14	13	229	70	95
19	13	2	230	99	112
19	14	6	231	123	140
19	5	1	232	223	241
19	5	14	233	258	288
19	7	7	234	334	399
19	5	14	235	416	488
19	10	3	236	491	555
19	3	14	237	559	640
19	6	8	238	648	665
19	0	13	239	707	732
19	7	5	240	747	790
19	12	1	241	790	862
19	14	1	242	1102	1154
20	3	12	243	0	80
20	10	7	244	196	245
20	9	4	245	258	277
20	0	6	246	305	333
20	14	13	247	424	442
20	3	12	248	475	545
20	8	9	249	562	577
20	0	2	250	597	631
20	7	5	251	659	747
20	3	7	252	866	877
20	4	7	253	885	894
21	13	11	254	62	82
21	8	10	255	84	108
21	13	7	256	112	160
21	7	8	257	460	495
21	5	2	258	631	661
21	8	8	259	668	713
21	4	9	260	717	800
21	13	4	261	800	847
21	3	10	262	900	988
21	2	13	263	992	1073
22	5	14	264	29	70
22	9	12	265	89	174
22	2	6	266	204	229
22	1	3	267	295	381
22	4	5	268	441	524
22	8	9	269	577	599
22	9	0	270	768	836
22	2	1	271	926	992
22	4	0	272	992	1060
22	11	13	273	1073	1151
23	8	10	274	65	84
23	10	12	275	174	195
23	12	11	276	243	326
23	11	12	277	327	374
23	11	7	278	399	475
23	5	14	279	488	552
23	11	6	280	575	611
23	4	7	281	611	653
23	13	7	282	653	698
23	11	6	283	759	841
23	14	11	284	841	926
23	8	13	285	926	987
23	12	11	286	1008	1051
23	4	0	287	1072	1140
24	7	8	288	0	18
24	5	8	289	167	185
24	14	12	290	204	269
24	12	0	291	431	499
24	1	0	292	499	538
24	6	8	293	562	648
24	2	13	294	900	916
24	5	7	295	985	1009
24	2	10	296	1073	1150
24	1	12	297	1193	1202
24	0	6	298	1202	1222
25	14	7	299	39	56
25	6	1	300	58	112
25	7	9	301	112	161
25	6	2	302	482	546
25	10	3	303	736	789
25	1	12	304	805	841
25	4	12	305	894	979
25	3	10	306	1001	1016
25	1	8	307	1043	1053
25	12	11	308	1053	1123
25	13	0	309	1168	1209
26	6	14	310	0	29
26	8	10	311	42	65
26	11	3	312	68	139
26	13	4	313	160	210
26	14	12	314	269	313
26	5	14	315	354	416
26	3	12	316	441	475
26	2	1	317	482	531
26	5	12	318	552	625
26	1	0	319	629	672
26	12	0	320	672	765
26	10	3	321	789	858
26	13	2	322	1038	1065
26	1	8	323	1101	1186
27	8	13	324	167	247
27	7	7	325	256	325
27	5	1	326	329	354
27	8	5	327	383	433
27	10	11	328	476	491
27	7	5	329	578	659
27	9	4	330	665	750
27	8	8	331	760	836
27	13	4	332	847	886
27	12	1	333	886	926
27	6	9	334	1072	1151
27	4	10	335	1151	1236
28	10	5	336	26	58
28	8	8	337	132	167
28	5	8	338	185	216
28	12	11	339	499	528
28	14	6	340	528	569
28	14	10	341	575	655
28	2	1	342	667	735
28	11	3	343	1024	1065
28	10	11	344	1146	1181
28	1	12	345	1202	1215
29	9	0	346	0	18
29	7	8	347	18	57
29	2	4	348	229	240
29	13	14	349	288	349
29	0	12	350	374	416
29	10	3	351	555	640
29	3	14	352	640	712
29	3	8	353	713	746
29	5	14	354	800	847
29	6	14	355	847	929
29	7	8	356	946	1017
29	7	8	357	1017	1043
29	1	8	358	1053	1101
29	11	3	359	1151	1235


Solution History:
