This is the output of Heuristic Solver for Dual resource constrained flexible job shop Scheduling Problem.
Input file is: wfjsp24_10.txt
Method: TS_100000000_0.680098_5
Seed: 2
Number of Jobs: 40
Number of Operations: 310
Number of Machines: 15
Number of Operators: 12
CPU Time: 40.8453
obj: 1399
Best found lower bound:0
Solver gap (best found lower bound and upper bound difference): Not known


Final Solution:
Job	Machine	Operator	Operation	Start Time	Finish Time
0	12	8	0	0	68
0	12	10	1	180	258
0	1	3	2	381	452
0	14	10	3	491	566
0	5	8	4	757	814
0	8	10	5	900	929
0	5	1	6	1157	1190
0	3	5	7	1299	1348
1	7	10	8	258	337
1	2	6	9	420	446
1	4	7	10	565	597
1	4	11	11	597	632
1	12	0	12	916	998
1	9	10	13	1008	1083
1	10	1	14	1083	1148
1	8	6	15	1176	1257
2	13	9	16	115	195
2	3	4	17	199	213
2	6	5	18	291	299
2	3	0	19	545	594
2	12	7	20	600	664
2	1	3	21	785	871
2	10	11	22	938	992
2	12	7	23	1136	1204
3	8	6	24	503	544
3	8	11	25	632	652
3	6	2	26	818	868
3	14	10	27	882	900
3	10	1	28	1229	1318
4	3	8	29	158	188
4	12	7	30	265	335
4	5	11	31	358	430
4	12	3	32	518	585
4	11	3	33	1303	1342
4	3	5	34	1348	1399
5	9	0	35	0	78
5	8	4	36	184	199
5	8	4	37	274	295
5	0	1	38	340	362
5	14	7	39	365	416
5	3	10	40	730	765
5	6	1	41	992	1080
5	9	2	42	1325	1397
6	4	6	43	267	355
6	0	1	44	362	377
6	12	10	45	585	600
6	3	8	46	615	684
6	3	10	47	1099	1142
6	14	7	48	1383	1396
7	5	0	49	452	545
7	12	7	50	664	751
7	8	11	51	873	899
7	7	10	52	929	1005
7	11	8	53	1352	1361
8	8	7	54	86	157
8	11	6	55	192	267
8	2	3	56	360	381
8	4	1	57	492	565
8	0	5	58	624	658
8	14	10	59	873	882
8	14	7	60	917	1004
8	1	3	61	1037	1084
8	14	6	62	1095	1176
9	1	5	63	117	184
9	5	1	64	641	733
9	12	7	65	751	823
9	11	5	66	823	869
9	13	3	67	873	923
9	10	2	68	1167	1185
9	9	3	69	1196	1219
9	8	2	70	1257	1279
9	0	9	71	1290	1311
10	14	7	72	221	265
10	5	11	73	307	358
10	8	4	74	563	583
10	7	0	75	613	681
10	2	10	76	1190	1236
11	10	11	77	0	40
11	9	3	78	78	119
11	8	0	79	295	377
11	3	7	80	416	449
11	1	2	81	456	491
11	6	9	82	555	579
11	3	8	83	604	615
11	9	9	84	645	726
11	6	6	85	735	769
12	1	10	86	0	36
12	14	7	87	157	221
12	9	8	88	221	290
12	1	9	89	952	966
12	6	9	90	1080	1158
13	6	3	91	0	68
13	3	5	92	87	117
13	9	4	93	295	311
13	9	10	94	381	467
13	8	11	95	652	698
13	9	9	96	726	800
13	13	9	97	800	873
13	0	4	98	1157	1222
13	4	11	99	1227	1305
13	12	0	100	1314	1396
14	12	4	101	400	469
14	14	10	102	642	730
14	6	5	103	869	957
14	2	2	104	957	1001
14	4	0	105	1001	1033
14	13	9	106	1034	1077
14	9	3	107	1219	1303
14	1	11	108	1305	1320
15	6	4	109	68	154
15	6	5	110	299	310
15	9	9	111	314	381
15	10	2	112	381	456
15	7	4	113	681	731
15	12	1	114	823	911
15	0	1	115	1318	1396
16	4	1	116	49	131
16	5	11	117	225	307
16	0	0	118	732	801
16	5	4	119	1076	1157
16	2	10	120	1157	1190
16	5	1	121	1190	1229
16	2	8	122	1271	1352
16	11	8	123	1361	1382
17	10	8	124	461	531
17	8	0	125	594	613
17	14	10	126	768	790
17	2	10	127	790	828
17	4	2	128	868	901
17	8	1	129	929	956
17	8	1	130	956	992
18	4	1	131	0	49
18	2	8	132	188	208
18	4	9	133	381	475
18	7	6	134	481	490
18	7	7	135	490	564
18	13	10	136	566	581
18	13	9	137	581	645
18	11	8	138	684	757
18	11	6	139	769	789
18	9	4	140	938	1008
19	14	9	141	0	75
19	13	3	142	461	518
19	10	11	143	774	863
19	10	9	144	873	938
19	13	9	145	966	1034
19	12	8	146	1215	1227
19	13	10	147	1236	1310
20	10	6	148	123	192
20	6	5	149	310	398
20	5	2	150	577	629
20	14	5	151	753	768
20	11	6	152	789	823
20	5	11	153	1004	1076
20	4	0	154	1096	1171
20	6	4	155	1225	1314
20	4	6	156	1318	1399
21	2	10	157	93	180
21	12	7	158	335	365
21	2	10	159	467	491
21	10	1	160	565	641
21	4	1	161	733	818
21	7	7	162	886	917
21	1	5	163	1114	1174
22	11	6	164	34	114
22	6	1	165	154	201
22	7	6	166	355	420
22	11	1	167	420	492
22	11	4	168	492	526
22	14	10	169	600	642
22	6	5	170	769	815
22	11	5	171	1028	1114
22	11	8	172	1136	1215
22	14	6	173	1257	1318
23	9	4	174	534	563
23	2	5	175	663	753
23	7	4	176	768	818
23	3	8	177	818	899
23	1	11	178	911	926
23	5	6	179	938	1004
23	14	6	180	1004	1016
23	4	0	181	1033	1096
23	8	2	182	1279	1301
23	8	11	183	1339	1387
24	8	1	184	201	271
24	8	11	185	430	503
24	1	11	186	503	590
24	6	3	187	590	681
24	0	7	188	823	886
24	11	5	189	974	1006
24	2	5	190	1006	1028
24	8	11	191	1082	1167
24	6	9	192	1167	1225
24	13	10	193	1326	1385
25	10	2	194	245	316
25	13	10	195	337	372
25	6	9	196	475	555
25	0	0	197	681	732
25	0	4	198	903	938
25	0	7	199	1037	1129
25	7	5	200	1260	1295
25	13	10	201	1310	1326
25	2	3	202	1367	1396
26	11	6	203	0	34
26	2	8	204	68	93
26	10	8	205	93	123
26	3	8	206	123	158
26	5	11	207	180	225
26	3	4	208	311	400
26	4	6	209	823	852
26	11	8	210	1227	1271
27	7	2	211	157	245
27	0	1	212	274	340
27	11	0	213	377	403
27	6	5	214	403	472
27	9	4	215	472	492
27	5	4	216	818	903
27	12	7	217	1004	1031
27	5	0	218	1246	1314
28	10	11	219	58	77
28	5	11	220	77	110
28	0	0	221	142	224
28	1	9	222	250	314
28	5	6	223	545	571
28	7	4	224	583	601
28	8	2	225	781	818
28	10	8	226	992	1056
28	5	4	227	1314	1399
29	13	2	228	0	70
29	13	5	229	244	291
29	1	2	230	316	367
29	0	0	231	403	452
29	2	2	232	491	577
29	2	6	233	852	938
29	12	8	234	1056	1136
30	5	4	235	0	52
30	5	11	236	110	180
30	10	5	237	222	231
30	3	5	238	231	244
30	11	8	239	290	345
30	3	7	240	449	480
30	9	4	241	526	534
30	13	3	242	704	785
30	4	11	243	1171	1227
30	6	9	244	1314	1397
31	0	4	245	52	61
31	14	1	246	131	143
31	1	5	247	184	218
31	0	5	248	472	537
31	11	4	249	604	680
31	4	3	250	923	971
31	9	3	251	1148	1196
31	14	7	252	1204	1252
32	9	3	253	119	208
32	9	0	254	863	916
32	1	9	255	938	952
32	11	5	256	957	974
32	9	3	257	1084	1148
33	7	5	258	0	87
33	0	5	259	537	624
33	0	9	260	1225	1276
33	9	2	261	1303	1325
33	7	10	262	1385	1396
34	6	3	263	208	255
34	6	3	264	255	279
34	14	3	265	279	360
34	8	1	266	377	412
34	8	2	267	1001	1082
35	3	10	268	36	79
35	11	4	269	154	184
35	0	4	270	224	274
35	11	8	271	531	604
35	4	3	272	681	704
35	1	2	273	705	781
35	3	8	274	899	992
35	3	4	275	1008	1073
35	7	5	276	1174	1260
36	2	7	277	0	35
36	10	11	278	40	58
36	14	9	279	75	115
36	2	0	280	224	290
36	1	2	281	629	705
36	0	3	282	971	1037
37	13	8	283	373	461
37	2	6	284	577	663
37	7	4	285	731	768
37	14	0	286	801	863
37	11	2	287	901	953
37	7	10	288	1083	1099
37	1	3	289	1342	1367
38	8	7	290	35	86
38	0	0	291	86	142
38	10	9	292	195	222
38	10	6	293	663	735
38	1	11	294	899	911
38	13	2	295	1082	1167
38	3	0	296	1171	1246
38	3	7	297	1252	1299
38	7	7	298	1299	1383
38	10	8	299	1383	1396
39	12	2	300	70	157
39	1	9	301	222	250
39	10	8	302	345	373
39	7	6	303	446	481
39	8	11	304	698	774
39	8	10	305	828	873
39	14	6	306	1016	1095
39	1	2	307	1185	1249
39	1	9	308	1276	1290
39	10	11	309	1320	1339


Solution History:
