This is the output of Heuristic Solver for Dual resource constrained flexible job shop Scheduling Problem.
Input file is: wfjsp13_8.txt
Method: TS_100000000_0.445223_5
Seed: 5
Number of Jobs: 25
Number of Operations: 249
Number of Machines: 15
Number of Operators: 15
CPU Time: 26.7337
obj: 918
Best found lower bound:0
Solver gap (best found lower bound and upper bound difference): Not known


Final Solution:
Job	Machine	Operator	Operation	Start Time	Finish Time
0	0	6	0	86	115
0	11	8	1	221	288
0	13	6	2	306	337
0	1	2	3	364	423
0	3	14	4	423	493
0	6	2	5	527	589
0	10	0	6	711	767
0	3	5	7	786	797
0	4	12	8	813	859
1	4	12	9	0	50
1	8	13	10	184	210
1	8	3	11	210	298
1	1	3	12	298	307
1	9	5	13	568	651
1	12	9	14	651	674
1	12	6	15	674	739
1	4	3	16	739	811
2	14	13	17	0	29
2	8	14	18	54	121
2	4	12	19	121	172
2	10	4	20	184	224
2	14	13	21	224	263
2	0	13	22	280	330
2	5	3	23	375	435
2	4	2	24	445	503
2	1	1	25	527	615
2	6	10	26	636	707
2	14	1	27	719	782
2	8	8	28	849	914
3	2	10	29	0	67
3	5	10	30	120	187
3	7	0	31	187	248
3	9	2	32	296	358
3	9	11	33	364	406
3	0	9	34	550	635
3	4	2	35	635	724
3	8	14	36	778	804
3	2	4	37	854	881
4	2	6	38	115	183
4	3	5	39	195	204
4	6	9	40	293	372
4	2	11	41	437	465
4	0	0	42	527	536
4	4	14	43	577	623
4	13	11	44	781	815
4	1	11	45	863	916
5	6	0	46	13	103
5	10	3	47	138	175
5	12	6	48	222	265
5	13	5	49	348	414
5	0	4	50	418	493
5	1	14	51	493	504
5	1	2	52	504	520
5	9	5	53	531	568
5	5	3	54	576	635
5	10	4	55	652	669
5	5	10	56	707	773
5	7	0	57	859	916
6	11	7	58	0	71
6	14	13	59	71	104
6	1	1	60	104	185
6	1	12	61	239	291
6	0	4	62	330	355
6	4	3	63	358	375
6	8	14	64	375	421
6	1	6	65	423	489
6	3	8	66	493	510
6	7	5	67	689	707
6	13	5	68	815	855
6	4	12	69	859	909
7	3	9	70	0	53
7	6	11	71	114	129
7	11	8	72	153	221
7	6	11	73	247	293
7	3	8	74	369	399
7	7	8	75	399	426
7	13	7	76	445	475
7	12	4	77	493	561
7	13	6	78	624	661
7	3	5	79	661	689
7	9	7	80	702	779
8	10	4	81	0	27
8	2	1	82	204	263
8	14	5	83	280	348
8	6	1	84	372	452
8	8	13	85	469	559
8	14	0	86	615	658
8	13	3	87	661	727
8	6	2	88	774	835
8	0	14	89	835	908
9	9	11	90	13	63
9	7	3	91	63	138
9	5	8	92	288	369
9	4	7	93	376	445
9	12	2	94	590	611
9	0	13	95	635	701
9	2	11	96	709	762
9	1	7	97	779	863
9	14	13	98	863	917
10	0	5	99	219	280
10	0	4	100	355	418
10	10	9	101	454	550
10	11	12	102	550	641
10	1	1	103	647	704
10	3	8	104	704	786
10	11	12	105	786	813
10	8	14	106	813	832
10	12	6	107	841	913
11	1	2	108	0	32
11	7	8	109	32	53
11	5	10	110	67	120
11	8	13	111	121	184
11	12	9	112	184	222
11	10	9	113	224	287
11	8	13	114	421	469
11	5	7	115	475	560
11	7	4	116	711	756
11	11	3	117	813	892
12	6	11	118	0	13
12	12	6	119	13	73
12	2	1	120	73	90
12	9	7	121	127	193
12	11	7	122	306	376
12	14	0	123	404	437
12	9	5	124	450	531
12	6	11	125	590	635
12	6	2	126	724	774
12	14	13	127	805	851
12	9	7	128	863	879
13	14	4	129	29	60
13	3	4	130	60	112
13	0	4	131	115	184
13	4	4	132	224	289
13	7	3	133	469	537
13	13	6	134	559	624
13	8	3	135	635	659
13	3	8	136	797	840
13	6	0	137	840	859
13	9	2	138	879	918
14	12	7	139	73	101
14	6	11	140	129	179
14	6	2	141	184	205
14	13	7	142	269	306
14	1	11	143	307	364
14	14	13	144	376	404
14	7	8	145	426	469
14	13	6	146	489	559
14	2	11	147	636	709
15	2	10	148	263	328
15	4	3	149	348	358
15	11	12	150	460	550
15	10	3	151	550	576
15	3	4	152	576	652
15	9	7	153	652	702
15	14	1	154	704	719
15	2	6	155	762	829
15	8	8	156	840	849
16	13	11	157	63	114
16	1	12	158	185	239
16	7	0	159	248	307
16	12	10	160	328	420
16	5	3	161	435	462
16	4	14	162	504	521
16	11	12	163	641	710
16	1	14	164	710	726
16	0	9	165	737	824
16	2	11	166	829	854
17	0	5	167	35	86
17	2	1	168	90	102
17	12	9	169	107	178
17	5	7	170	193	269
17	8	12	171	298	336
17	10	9	172	372	419
17	12	10	173	420	484
17	3	8	174	510	565
17	10	7	175	576	647
17	12	6	176	739	753
17	7	0	177	767	840
17	13	5	178	855	916
18	5	1	179	8	62
18	11	8	180	71	153
18	6	10	181	233	246
18	8	13	182	336	370
18	2	11	183	410	437
18	12	11	184	561	590
18	12	1	185	615	647
18	10	4	186	669	711
18	8	14	187	804	813
19	7	8	188	0	32
19	4	3	189	315	348
19	14	12	190	348	376
19	2	10	191	543	636
19	0	9	192	701	737
19	14	13	193	782	805
19	10	2	194	835	878
19	2	9	195	881	914
20	8	3	196	0	54
20	2	1	197	185	204
20	6	10	198	205	233
20	10	4	199	289	329
20	14	0	200	437	527
20	4	14	201	527	577
20	8	13	202	577	629
20	11	12	203	710	778
20	6	4	204	881	915
21	0	14	205	0	31
21	3	14	206	121	195
21	3	14	207	204	256
21	14	13	208	263	278
21	2	6	209	337	410
21	9	5	210	414	450
21	2	11	211	465	543
21	14	0	212	557	615
21	7	8	213	619	683
21	13	5	214	727	781
21	9	1	215	782	844
21	5	10	216	847	918
22	12	1	217	0	8
22	4	12	218	50	120
22	7	5	219	138	182
22	13	11	220	184	247
22	12	1	221	265	325
22	10	1	222	329	371
22	10	9	223	419	454
22	14	0	224	658	691
22	14	0	225	691	699
22	1	14	226	726	777
22	3	1	227	844	906
23	13	5	228	0	35
23	9	2	229	63	127
23	13	2	230	127	184
23	3	14	231	256	321
23	3	14	232	321	366
23	6	1	233	452	527
23	7	0	234	537	557
23	8	8	235	683	702
23	12	4	236	756	841
24	10	9	237	53	107
24	14	0	238	107	187
24	0	6	239	187	219
24	9	2	240	219	296
24	4	3	241	307	315
24	7	0	242	315	392
24	11	12	243	392	460
24	7	8	244	565	619
24	5	14	245	635	707
24	8	13	246	707	778
24	5	10	247	778	847
24	10	7	248	879	906


Solution History:
