This is the output of Heuristic Solver for Dual resource constrained flexible job shop Scheduling Problem.
Input file is: wfjsp22_6.txt
Method: TS_100000000_0.428178_5
Seed: 1
Number of Jobs: 30
Number of Operations: 238
Number of Machines: 15
Number of Operators: 12
CPU Time: 25.7104
obj: 1122
Best found lower bound:0
Solver gap (best found lower bound and upper bound difference): Not known


Final Solution:
Job	Machine	Operator	Operation	Start Time	Finish Time
0	9	10	0	43	110
0	2	1	1	123	164
0	5	1	2	191	253
0	4	5	3	296	333
0	5	6	4	481	575
0	3	9	5	622	712
0	1	10	6	834	862
0	13	11	7	918	943
0	0	9	8	1019	1106
1	13	9	9	0	16
1	7	5	10	84	168
1	10	9	11	174	239
1	5	8	12	253	283
1	13	2	13	419	460
1	5	6	14	575	630
1	7	1	15	657	740
1	4	9	16	847	918
2	0	2	17	24	116
2	3	1	18	164	191
2	9	3	19	228	274
2	6	6	20	630	687
2	9	8	21	707	749
2	3	11	22	749	830
2	8	3	23	872	957
2	2	10	24	977	1036
3	4	5	25	0	38
3	12	9	26	48	79
3	1	0	27	85	94
3	13	11	28	112	173
3	13	11	29	255	338
3	5	8	30	368	413
3	10	1	31	785	800
3	9	7	32	844	937
3	14	8	33	960	1047
3	6	8	34	1047	1082
4	3	11	35	0	73
4	8	11	36	73	112
4	11	2	37	165	190
4	0	11	38	398	482
4	6	8	39	525	559
4	5	4	40	630	679
4	13	9	41	712	756
4	2	7	42	782	844
5	2	4	43	173	266
5	5	8	44	283	368
5	4	0	45	649	699
5	6	10	46	714	798
5	7	0	47	896	932
5	6	7	48	937	982
5	3	6	49	1100	1115
6	12	10	50	110	191
6	7	5	51	205	232
6	14	9	52	259	271
6	3	6	53	277	321
6	10	4	54	350	443
6	7	11	55	482	493
6	4	3	56	707	795
6	5	5	57	823	889
6	0	8	58	902	960
6	1	5	59	1065	1110
7	4	3	60	52	143
7	11	2	61	209	221
7	1	0	62	469	558
7	7	11	63	591	642
7	11	5	64	740	761
7	5	4	65	981	1007
7	7	1	66	1007	1091
8	2	1	67	82	123
8	14	10	68	529	622
8	14	8	69	649	706
8	3	5	70	726	740
8	0	8	71	869	902
8	0	9	72	977	1019
9	6	0	73	0	85
9	0	2	74	228	268
9	10	1	75	306	350
9	6	1	76	406	415
9	5	1	77	415	439
9	9	3	78	468	555
9	13	11	79	943	1031
9	13	3	80	1035	1047
10	12	2	81	0	24
10	12	9	82	38	48
10	14	4	83	84	173
10	7	5	84	333	352
10	14	5	85	421	496
10	2	1	86	569	657
10	5	5	87	764	823
10	12	3	88	845	872
10	12	6	89	982	1016
11	5	6	90	88	178
11	11	2	91	190	209
11	3	9	92	239	259
11	11	7	93	425	462
11	4	3	94	795	845
11	8	3	95	1069	1113
12	8	7	96	244	332
12	8	7	97	332	425
12	6	6	98	687	714
12	1	4	99	764	826
12	10	4	100	826	887
12	7	0	101	932	944
12	4	0	102	944	987
12	4	3	103	987	1035
12	13	3	104	1047	1063
12	5	8	105	1082	1117
13	1	2	106	143	165
13	11	9	107	347	383
13	10	2	108	555	644
13	13	2	109	644	680
13	10	8	110	749	776
13	7	0	111	785	870
13	6	0	112	870	896
13	11	9	113	918	977
14	1	4	114	0	75
14	10	9	115	79	174
14	2	0	116	329	414
14	5	4	117	443	477
14	2	2	118	680	695
14	2	2	119	844	855
14	3	1	120	982	1004
14	4	0	121	1035	1120
15	14	5	122	43	58
15	14	5	123	58	84
15	14	11	124	173	255
15	13	11	125	338	398
15	3	1	126	439	487
15	9	0	127	558	645
15	1	2	128	862	907
16	10	8	129	58	69
16	6	8	130	85	157
16	11	5	131	232	249
16	2	2	132	268	319
16	1	1	133	350	401
16	14	10	134	406	421
16	7	11	135	557	591
16	1	5	136	646	726
16	10	4	137	1069	1117
17	13	7	138	44	100
17	14	0	139	276	329
17	9	3	140	382	468
17	4	8	141	559	649
17	14	6	142	714	799
17	13	11	143	830	859
17	13	11	144	859	918
17	3	6	145	1016	1100
18	6	6	146	178	239
18	0	3	147	274	315
18	3	6	148	321	404
18	12	2	149	907	977
18	11	7	150	982	1060
19	1	0	151	94	113
19	11	9	152	383	418
19	12	10	153	421	503
19	10	11	154	516	555
19	1	4	155	568	626
19	0	2	156	695	756
19	11	8	157	776	869
19	5	1	158	896	981
19	9	2	159	1034	1122
20	13	9	160	16	38
20	9	0	161	113	189
20	9	4	162	274	341
20	10	9	163	443	515
20	14	10	164	515	529
20	12	5	165	557	613
20	12	0	166	699	785
20	3	6	167	896	982
20	1	2	168	982	1034
20	7	1	169	1091	1119
21	11	3	170	0	52
21	8	2	171	116	143
21	1	10	172	191	231
21	12	9	173	276	347
21	8	8	174	454	525
21	8	3	175	555	644
22	2	1	176	0	82
22	6	10	177	239	326
22	2	0	178	414	469
22	2	1	179	487	569
22	12	5	180	613	628
22	14	5	181	628	646
22	8	7	182	646	745
22	0	9	183	756	847
22	11	10	184	869	910
22	11	7	185	1060	1122
23	7	8	186	69	83
23	12	0	187	191	276
23	0	2	188	319	345
23	11	2	189	462	551
23	9	0	190	987	1029
23	2	11	191	1036	1120
24	8	7	192	0	44
24	8	7	193	158	244
24	10	1	194	253	306
24	4	7	195	462	556
24	3	7	196	556	616
24	10	11	197	644	745
24	10	5	198	972	1028
24	6	5	199	1028	1047
24	1	5	200	1047	1065
25	7	6	201	239	277
25	0	4	202	482	568
25	9	3	203	645	707
25	7	1	204	740	785
25	3	1	205	830	896
26	5	6	206	0	88
26	7	5	207	168	205
26	7	5	208	352	387
26	7	5	209	387	400
26	13	9	210	515	548
26	0	7	211	616	641
26	2	7	212	745	782
26	14	6	213	858	896
26	1	10	214	910	971
27	4	8	215	157	251
27	4	5	216	251	296
27	12	2	217	347	419
27	7	5	218	516	557
27	11	10	219	622	709
27	9	2	220	756	838
27	2	4	221	887	977
28	10	8	222	0	58
28	3	7	223	100	158
28	6	10	224	326	406
28	4	8	225	413	454
28	7	11	226	493	516
28	6	6	227	799	858
28	12	10	228	1036	1119
29	14	10	229	0	43
29	0	3	230	143	228
29	4	3	231	333	382
29	7	6	232	404	481
29	11	9	233	551	622
29	5	4	234	679	764
29	12	10	235	798	834
29	10	5	236	889	972
29	8	4	237	1007	1069


Solution History:
