This is the output of Heuristic Solver for Dual resource constrained flexible job shop Scheduling Problem.
Input file is: wfjsp9_8.txt
Method: TS_100000000_0.033957_5
Seed: 3
Number of Jobs: 15
Number of Operations: 133
Number of Machines: 5
Number of Operators: 5
CPU Time: 2.04256
obj: 1474
Best found lower bound:0
Solver gap (best found lower bound and upper bound difference): Not known


Final Solution:
Job	Machine	Operator	Operation	Start Time	Finish Time
0	1	0	0	0	24
0	4	4	1	76	139
0	4	1	2	367	399
0	2	3	3	538	602
0	1	1	4	635	702
0	2	3	5	922	983
0	0	1	6	1024	1091
0	1	4	7	1218	1231
1	1	0	8	446	497
1	1	4	9	566	617
1	4	1	10	729	754
1	1	1	11	756	844
1	0	0	12	861	869
1	1	0	13	941	1031
1	4	4	14	1073	1095
1	1	4	15	1331	1385
2	4	2	16	139	211
2	4	2	17	211	240
2	4	2	18	423	484
2	4	1	19	570	617
2	2	3	20	812	858
2	4	4	21	865	906
2	3	2	22	929	992
2	1	0	23	1031	1086
2	2	3	24	1218	1281
2	0	1	25	1378	1466
3	4	2	26	287	365
3	2	3	27	397	464
3	1	0	28	497	559
3	3	2	29	559	630
3	0	0	30	717	788
3	0	4	31	906	978
3	3	2	32	992	1053
3	1	1	33	1091	1123
3	4	2	34	1139	1228
3	2	3	35	1324	1411
4	2	1	36	19	45
4	2	3	37	237	264
4	1	0	38	292	364
4	4	1	39	399	409
4	2	3	40	602	668
4	4	1	41	703	729
4	1	1	42	1123	1131
4	1	4	43	1231	1278
4	2	3	44	1281	1324
4	3	3	45	1415	1467
5	2	4	46	139	237
5	4	4	47	617	657
5	4	4	48	657	703
5	1	4	49	703	756
5	1	0	50	869	941
5	1	1	51	1131	1143
5	4	4	52	1385	1402
5	1	0	53	1402	1449
6	4	2	54	0	60
6	2	3	55	111	126
6	1	4	56	364	438
6	0	0	57	663	717
6	0	0	58	788	861
6	1	1	59	1143	1185
6	0	0	60	1209	1290
6	3	2	61	1355	1415
6	2	4	62	1443	1470
7	2	1	63	0	19
7	1	0	64	243	292
7	0	1	65	302	367
7	0	4	66	549	566
7	0	0	67	566	585
7	4	4	68	978	1022
7	4	4	69	1022	1073
7	0	0	70	1153	1209
7	1	0	71	1385	1401
8	1	1	72	45	113
8	2	4	73	287	333
8	0	4	74	446	479
8	4	4	75	484	515
8	0	1	76	869	894
8	4	1	77	906	965
8	0	1	78	978	1024
8	1	1	79	1185	1214
9	3	2	80	60	134
9	0	0	81	221	243
9	0	1	82	243	302
9	3	1	83	423	481
9	0	0	84	585	663
9	3	2	85	776	862
9	2	4	86	1139	1181
9	3	2	87	1290	1355
9	4	2	88	1415	1474
10	3	3	89	134	224
10	3	2	90	365	423
10	2	3	91	464	538
10	3	2	92	630	711
10	3	2	93	711	776
10	1	1	94	844	861
10	3	2	95	862	929
10	2	3	96	1050	1112
10	3	3	97	1118	1217
10	4	2	98	1228	1290
11	2	3	99	46	111
11	1	1	100	113	176
11	2	3	101	668	754
11	4	4	102	756	865
11	0	0	103	1091	1153
11	0	0	104	1290	1378
11	2	4	105	1411	1443
11	1	0	106	1449	1467
12	0	4	107	0	76
12	4	4	108	515	549
12	1	1	109	617	635
12	2	3	110	754	812
12	2	3	111	858	922
12	4	4	112	1095	1139
12	3	1	113	1217	1274
12	1	4	114	1278	1331
13	0	0	115	130	221
13	4	4	116	240	287
13	0	0	117	367	446
13	3	2	118	484	495
13	3	2	119	495	554
13	4	1	120	554	570
13	2	3	121	983	1050
13	3	2	122	1053	1118
13	2	4	123	1181	1218
13	4	1	124	1290	1377
14	3	3	125	0	46
14	0	0	126	76	130
14	1	1	127	176	223
14	1	1	128	223	239
14	3	2	129	240	272
14	3	3	130	272	332
14	2	3	131	333	397
14	0	1	132	481	545


Solution History:
