This is the output of Heuristic Solver for Dual resource constrained flexible job shop Scheduling Problem.
Input file is: wfjsp15_3.txt
Method: TS_100000000_1.356268_5
Seed: 4
Number of Jobs: 30
Number of Operations: 385
Number of Machines: 15
Number of Operators: 15
CPU Time: 81.4228
obj: 1406
Best found lower bound:0
Solver gap (best found lower bound and upper bound difference): Not known


Final Solution:
Job	Machine	Operator	Operation	Start Time	Finish Time
0	10	5	0	0	61
0	11	6	1	62	74
0	9	10	2	194	208
0	11	6	3	310	393
0	14	8	4	431	503
0	0	13	5	584	657
0	4	14	6	661	745
0	11	10	7	745	778
0	7	12	8	780	862
0	6	9	9	927	940
0	11	10	10	942	1006
0	14	1	11	1040	1139
0	14	1	12	1139	1158
0	9	0	13	1183	1274
1	3	11	14	0	88
1	3	8	15	291	320
1	4	2	16	406	458
1	7	13	17	515	533
1	5	8	18	623	688
1	14	1	19	691	703
1	14	8	20	758	786
1	6	12	21	876	927
1	1	11	22	946	1039
1	11	6	23	1039	1096
1	5	12	24	1108	1142
1	2	13	25	1235	1307
1	7	12	26	1309	1406
2	4	14	27	0	9
2	4	2	28	38	73
2	13	8	29	126	223
2	7	7	30	241	275
2	6	9	31	412	443
2	4	1	32	568	636
2	10	3	33	639	703
2	4	13	34	839	901
2	9	1	35	917	1021
2	7	5	36	1021	1118
2	6	9	37	1238	1252
2	6	9	38	1252	1279
2	10	3	39	1286	1369
2	4	3	40	1369	1383
2	3	4	41	1383	1406
3	5	8	42	0	50
3	7	12	43	88	118
3	14	3	44	172	228
3	8	7	45	335	438
3	12	4	46	472	540
3	7	14	47	588	661
3	0	13	48	781	798
3	12	14	49	858	871
3	7	7	50	911	961
3	12	2	51	962	1023
3	8	4	52	1073	1109
3	6	9	53	1279	1304
3	14	5	54	1347	1400
4	12	1	55	61	87
4	5	3	56	87	115
4	8	10	57	129	194
4	8	4	58	196	266
4	0	13	59	275	364
4	5	5	60	382	480
4	9	10	61	493	501
4	8	14	62	530	588
4	14	7	63	588	687
4	1	5	64	711	750
4	6	2	65	798	825
4	3	3	66	1025	1091
4	6	9	67	1096	1134
4	2	8	68	1139	1221
4	14	4	69	1311	1319
5	5	3	70	291	382
5	1	13	71	382	441
5	6	9	72	443	473
5	11	6	73	496	561
5	2	0	74	580	609
5	11	2	75	631	682
5	11	2	76	682	694
5	11	11	77	703	732
5	13	11	78	732	742
5	5	3	79	745	824
5	12	2	80	871	962
5	3	8	81	976	1025
5	2	10	82	1120	1139
5	8	14	83	1259	1292
5	5	8	84	1382	1394
6	1	1	85	154	238
6	5	12	86	238	279
6	7	12	87	279	312
6	2	0	88	313	336
6	12	11	89	346	373
6	7	12	90	412	460
6	8	14	91	472	530
6	2	3	92	553	580
6	12	7	93	788	818
6	10	14	94	825	858
6	2	13	95	927	999
6	4	7	96	1008	1045
6	3	13	97	1091	1181
6	1	11	98	1310	1404
7	12	4	99	115	196
7	4	13	100	217	275
7	2	8	101	336	370
7	2	6	102	393	489
7	9	6	103	624	693
7	14	1	104	703	740
7	3	8	105	748	758
7	8	14	106	758	825
7	0	0	107	837	873
7	0	0	108	873	957
7	6	9	109	1134	1227
7	8	14	110	1292	1402
8	0	10	111	0	90
8	3	12	112	170	221
8	8	4	113	266	301
8	1	1	114	316	340
8	1	1	115	340	378
8	6	12	116	378	412
8	7	5	117	480	492
8	9	0	118	769	837
8	2	3	119	837	927
8	14	1	120	1023	1040
8	4	6	121	1143	1200
9	1	14	122	17	58
9	5	8	123	58	86
9	9	6	124	117	185
9	9	14	125	208	254
9	12	11	126	288	346
9	12	11	127	373	429
9	13	5	128	505	575
9	13	5	129	750	831
9	6	2	130	831	855
9	9	0	131	1027	1092
9	9	0	132	1092	1116
9	9	0	133	1116	1183
9	0	8	134	1223	1265
10	6	2	135	0	26
10	11	2	136	74	141
10	12	2	137	208	259
10	7	14	138	342	375
10	6	11	139	749	794
10	11	14	140	879	932
10	6	12	141	940	965
10	14	3	142	991	1023
10	2	8	143	1033	1120
10	7	5	144	1120	1205
10	4	11	145	1205	1220
10	7	14	146	1220	1243
10	7	12	147	1243	1309
10	9	6	148	1319	1374
11	12	13	149	0	61
11	14	9	150	79	133
11	14	9	151	133	172
11	0	9	152	172	206
11	2	0	153	243	313
11	0	9	154	365	409
11	11	2	155	460	496
11	9	10	156	528	562
11	14	10	157	566	587
11	2	1	158	649	691
11	2	13	159	691	732
11	2	13	160	732	766
11	3	11	161	794	856
11	11	6	162	1201	1271
11	13	2	163	1334	1397
12	2	0	164	67	104
12	6	5	165	166	221
12	14	9	166	228	311
12	14	8	167	370	398
12	10	1	168	462	540
12	14	9	169	540	566
12	10	2	170	572	631
12	14	10	171	822	857
12	3	12	172	862	876
12	5	5	173	904	987
12	5	12	174	987	1068
12	10	3	175	1091	1157
12	12	3	176	1157	1232
12	12	4	177	1232	1297
12	0	10	178	1311	1401
13	13	7	179	0	71
13	9	6	180	74	117
13	6	5	181	144	166
13	14	9	182	311	365
13	6	9	183	473	540
13	3	4	184	672	748
13	1	9	185	750	849
13	7	7	186	862	911
13	11	6	187	1006	1033
13	8	14	188	1243	1259
13	12	13	189	1307	1404
14	11	6	190	34	62
14	10	14	191	62	88
14	0	8	192	90	126
14	10	7	193	126	207
14	10	5	194	286	353
14	12	4	195	568	613
14	5	8	196	688	745
14	0	0	197	756	769
14	5	8	198	824	894
14	12	2	199	1144	1155
14	13	2	200	1269	1334
14	11	7	201	1334	1392
15	4	2	202	26	38
15	6	5	203	79	144
15	6	5	204	221	286
15	13	5	205	602	657
15	9	6	206	693	763
15	5	5	207	894	904
15	4	6	208	933	1004
15	2	10	209	1006	1033
15	5	12	210	1068	1108
15	11	11	211	1143	1201
15	4	1	212	1232	1258
15	9	0	213	1374	1393
16	11	6	214	208	310
16	13	2	215	310	347
16	13	4	216	347	436
16	1	11	217	567	637
16	14	8	218	808	822
16	10	10	219	858	927
16	14	10	220	927	942
16	10	14	221	942	1039
16	10	11	222	1039	1091
16	1	11	223	1091	1128
16	4	11	224	1128	1139
16	0	10	225	1139	1223
16	13	2	226	1241	1269
16	0	0	227	1274	1304
16	4	1	228	1339	1367
17	0	11	229	126	164
17	10	7	230	207	241
17	4	14	231	275	330
17	7	13	232	533	584
17	9	8	233	586	615
17	7	12	234	662	707
17	8	10	235	707	736
17	13	4	236	837	938
17	13	7	237	1045	1112
17	14	10	238	1223	1311
17	2	6	239	1374	1402
18	1	9	240	0	17
18	12	4	241	87	115
18	3	12	242	126	170
18	10	11	243	241	275
18	9	0	244	336	400
18	3	3	245	422	515
18	10	2	246	540	572
18	0	13	247	657	678
18	2	4	248	766	794
18	12	7	249	818	853
18	14	9	250	857	917
18	7	12	251	965	974
18	8	2	252	1211	1241
18	5	5	253	1243	1318
19	2	0	254	0	67
19	13	7	255	71	102
19	8	10	256	102	129
19	11	2	257	141	176
19	8	4	258	301	333
19	4	11	259	515	567
19	13	5	260	575	602
19	0	0	261	678	756
19	4	6	262	901	933
19	13	4	263	938	1042
19	8	4	264	1109	1142
19	10	2	265	1157	1209
19	1	11	266	1220	1310
19	3	8	267	1334	1382
20	14	4	268	0	34
20	6	9	269	34	79
20	3	11	270	88	126
20	7	14	271	126	192
20	2	0	272	199	243
20	3	8	273	243	266
20	3	8	274	266	291
20	6	7	275	291	335
20	1	7	276	441	479
20	9	10	277	501	528
20	6	9	278	1031	1096
21	8	3	279	0	73
21	4	1	280	87	144
21	13	3	281	228	291
21	2	0	282	609	649
21	12	7	283	687	788
21	2	4	284	794	837
21	1	11	285	856	946
21	14	3	286	953	991
21	12	2	287	1023	1082
21	14	1	288	1158	1219
21	3	8	289	1266	1334
21	6	9	290	1356	1401
22	4	13	291	154	217
22	7	14	292	375	399
22	13	11	293	436	505
22	2	3	294	515	553
22	11	6	295	561	624
22	13	5	296	657	711
22	0	13	297	769	781
22	14	10	298	786	808
22	8	5	299	831	894
22	8	7	300	961	1008
22	8	4	301	1142	1211
22	6	5	302	1227	1238
22	3	3	303	1238	1266
23	2	0	304	104	199
23	12	2	305	259	288
23	11	14	306	399	460
23	1	7	307	479	496
23	12	4	308	540	568
23	6	9	309	568	655
23	6	9	310	655	721
23	4	14	311	1045	1119
23	13	7	312	1119	1209
23	10	7	313	1209	1286
23	2	0	314	1307	1374
23	10	1	315	1374	1402
24	9	1	316	0	53
24	10	7	317	102	119
24	5	3	318	119	160
24	3	10	319	326	375
24	0	0	320	409	505
24	3	8	321	515	586
24	1	11	322	637	703
24	7	12	323	707	780
24	3	8	324	894	960
24	0	0	325	960	1027
24	0	8	326	1120	1136
24	3	13	327	1181	1235
24	11	7	328	1313	1330
25	10	1	329	378	462
25	5	12	330	480	539
25	6	1	331	540	568
25	3	12	332	639	662
25	6	9	333	721	749
25	0	13	334	798	832
25	0	10	335	1033	1116
25	11	6	336	1116	1143
25	11	7	337	1286	1313
25	5	4	338	1319	1378
26	14	4	339	34	70
26	9	10	340	254	326
26	6	12	341	335	376
26	9	10	342	400	493
26	1	7	343	496	562
26	10	2	344	703	715
26	11	6	345	830	879
26	8	3	346	927	953
26	7	5	347	987	1020
26	6	9	348	1304	1356
27	7	12	349	0	35
27	7	12	350	35	88
27	11	2	351	176	208
27	0	10	352	208	241
27	14	8	353	398	431
27	5	12	354	539	623
27	12	4	355	623	672
27	11	6	356	778	830
27	6	9	357	965	1031
27	1	14	358	1128	1217
27	4	1	359	1258	1339
28	11	6	360	0	34
28	1	13	361	61	154
28	5	11	362	164	225
28	7	12	363	225	236
28	3	3	364	382	422
28	8	10	365	597	701
28	10	2	366	745	798
28	9	1	367	839	917
28	3	8	368	960	976
28	8	13	369	1008	1073
28	12	2	370	1082	1144
28	5	12	371	1144	1243
28	9	6	372	1274	1319
28	14	5	373	1319	1347
29	1	1	374	238	316
29	4	14	375	330	342
29	4	2	376	347	406
29	8	4	377	438	472
29	4	13	378	472	515
29	0	0	379	515	577
29	8	10	380	588	597
29	3	3	381	597	639
29	10	3	382	715	745
29	4	1	383	745	839
29	2	1	384	1221	1232


Solution History:
