This is the output of Heuristic Solver for Dual resource constrained flexible job shop Scheduling Problem.
Input file is: wfjsp12_2.txt
Method: TS_100000000_0.167150_5
Seed: 5
Number of Jobs: 25
Number of Operations: 193
Number of Machines: 10
Number of Operators: 10
CPU Time: 10.0425
obj: 1056
Best found lower bound:0
Solver gap (best found lower bound and upper bound difference): Not known


Final Solution:
Job	Machine	Operator	Operation	Start Time	Finish Time
0	7	6	0	65	145
0	3	8	1	207	282
0	2	6	2	306	329
0	0	9	3	815	851
0	5	5	4	965	980
1	8	9	5	0	25
1	9	1	6	128	198
1	8	5	7	254	264
1	2	1	8	393	470
1	0	7	9	494	533
1	3	3	10	631	681
1	0	4	11	901	915
1	1	4	12	922	987
1	4	4	13	987	1052
2	9	4	14	0	59
2	3	8	15	282	354
2	8	5	16	436	464
2	3	4	17	550	597
2	1	9	18	597	614
2	8	1	19	614	679
2	4	1	20	687	767
2	6	7	21	800	882
2	0	2	22	915	980
2	6	7	23	980	1056
3	7	3	24	0	65
3	3	2	25	81	98
3	1	5	26	162	172
3	5	1	27	306	393
3	0	2	28	578	600
3	2	9	29	693	766
3	4	4	30	783	866
3	7	0	31	866	885
3	0	2	32	980	1052
4	7	6	33	145	230
4	6	7	34	281	340
4	0	9	35	415	436
4	1	2	36	436	488
4	5	0	37	489	525
4	4	3	38	527	592
4	1	8	39	834	922
4	2	8	40	922	950
4	7	5	41	983	996
4	7	5	42	1007	1035
5	4	0	43	0	17
5	9	4	44	59	97
5	1	2	45	352	427
5	9	3	46	427	466
5	4	9	47	866	952
5	3	3	48	965	1051
6	2	8	49	53	119
6	4	9	50	169	201
6	7	3	51	281	341
6	2	9	52	341	376
6	6	7	53	376	406
6	2	0	54	537	570
6	3	8	55	698	744
6	6	0	56	781	800
6	5	3	57	841	904
7	1	5	58	0	66
7	6	7	59	128	141
7	2	0	60	167	197
7	1	2	61	225	274
7	8	2	62	274	352
7	6	7	63	406	467
7	8	5	64	695	763
8	6	7	65	0	61
8	5	1	66	61	84
8	0	4	67	169	257
8	1	4	68	301	316
8	5	0	69	415	489
8	8	1	70	499	513
8	9	8	71	554	611
8	4	5	72	625	687
8	6	7	73	909	970
9	5	1	74	0	56
9	1	5	75	66	162
9	4	9	76	210	268
9	3	6	77	408	469
9	1	2	78	488	578
9	4	4	79	597	609
9	1	2	80	614	663
9	1	2	81	663	709
9	1	2	82	709	763
9	8	2	83	763	781
10	7	8	84	354	441
10	4	4	85	441	468
10	6	7	86	468	494
10	8	1	87	513	545
10	5	6	88	569	605
10	5	8	89	611	698
10	8	2	90	781	852
11	8	9	91	43	120
11	0	0	92	281	348
11	5	0	93	525	537
11	0	7	94	537	562
11	6	7	95	567	643
11	5	6	96	698	763
11	7	0	97	800	858
11	3	5	98	878	963
11	2	9	99	963	1049
12	8	9	100	25	43
12	9	5	101	274	344
12	9	6	102	344	408
12	2	0	103	570	623
12	2	9	104	623	693
12	7	0	105	705	780
12	0	9	106	783	815
12	0	2	107	852	901
12	8	1	108	921	994
13	6	7	109	61	128
13	7	0	110	230	281
13	1	4	111	316	346
13	3	4	112	354	403
13	2	6	113	470	537
13	2	6	114	766	832
13	7	5	115	996	1007
14	2	6	116	17	31
14	2	6	117	31	53
14	5	8	118	119	205
14	2	1	119	205	285
14	5	6	120	537	569
14	5	3	121	904	965
14	5	1	122	994	1043
15	2	6	123	0	17
15	3	2	124	51	81
15	0	0	125	123	141
15	4	0	126	201	210
15	4	4	127	281	301
15	5	3	128	397	413
15	3	5	129	687	695
15	0	4	130	710	783
15	7	5	131	1035	1044
16	3	8	132	12	46
16	0	3	133	65	123
16	8	2	134	123	176
16	1	2	135	176	225
16	8	1	136	470	499
16	7	0	137	885	927
16	8	8	138	994	1055
17	3	3	139	123	207
17	6	7	140	220	281
17	0	0	141	348	415
17	4	3	142	468	527
17	3	3	143	597	631
17	1	0	144	987	1056
18	4	0	145	17	46
18	4	0	146	46	94
18	6	7	147	141	220
18	4	9	148	301	334
18	4	3	149	341	397
18	4	4	150	403	437
18	7	8	151	441	488
18	7	8	152	488	554
18	8	1	153	852	921
19	3	8	154	0	12
19	8	5	155	352	436
19	0	9	156	436	488
19	6	9	157	494	567
19	0	4	158	609	642
19	9	6	159	964	1027
20	3	2	160	98	118
20	9	3	161	207	274
20	1	9	162	274	301
20	6	7	163	340	367
20	9	4	164	468	525
20	9	6	165	611	698
20	6	7	166	723	781
20	9	1	167	781	851
21	5	0	168	94	108
21	0	0	169	141	167
21	3	5	170	469	550
21	7	0	171	625	705
21	2	6	172	832	899
21	9	6	173	899	964
22	4	4	174	97	169
22	8	5	175	176	186
22	8	5	176	186	254
22	0	4	177	257	281
22	8	1	178	545	614
22	9	3	179	698	778
22	5	3	180	778	841
22	6	7	181	882	909
23	0	2	182	0	51
23	5	6	183	230	306
23	6	7	184	643	723
23	1	5	185	763	834
23	7	0	186	927	983
23	9	6	187	1027	1054
24	9	1	188	97	128
24	7	5	189	554	625
24	0	4	190	642	710
24	3	8	191	744	788
24	3	5	192	834	878


Solution History:
