This is the output of Heuristic Solver for Dual resource constrained flexible job shop Scheduling Problem.
Input file is: wfjsp12_5.txt
Method: TS_100000000_0.327517_5
Seed: 5
Number of Jobs: 25
Number of Operations: 174
Number of Machines: 10
Number of Operators: 10
CPU Time: 19.6622
obj: 903
Best found lower bound:0
Solver gap (best found lower bound and upper bound difference): Not known


Final Solution:
Job	Machine	Operator	Operation	Start Time	Finish Time
0	2	1	0	0	14
0	3	4	1	29	69
0	7	5	2	106	190
0	7	6	3	229	301
0	5	9	4	430	509
0	3	1	5	700	736
0	1	7	6	759	831
1	4	3	7	89	130
1	4	3	8	233	279
1	2	1	9	290	324
1	4	5	10	612	644
1	8	0	11	663	733
2	5	4	12	178	199
2	2	0	13	438	452
2	1	1	14	467	535
2	6	7	15	595	661
2	2	1	16	661	671
3	2	0	17	14	61
3	8	9	18	245	324
3	2	1	19	324	363
3	3	8	20	504	534
3	0	6	21	625	668
4	5	4	22	199	227
4	5	4	23	227	255
4	7	9	24	324	430
4	3	8	25	452	504
4	9	5	26	785	824
5	4	3	27	467	488
5	0	0	28	572	583
5	7	0	29	594	644
5	7	1	30	743	826
5	9	5	31	826	895
6	4	1	32	14	81
6	4	3	33	508	594
6	6	9	34	661	741
6	0	0	35	785	822
6	0	0	36	822	837
6	2	6	37	856	901
7	9	7	38	106	195
7	1	3	39	311	382
7	3	4	40	386	452
7	0	3	41	594	625
7	4	1	42	835	903
8	5	6	43	49	82
8	6	4	44	89	106
8	4	3	45	169	233
8	4	7	46	279	368
8	0	2	47	368	454
8	2	0	48	475	522
8	1	8	49	535	616
8	2	6	50	671	749
8	7	1	51	826	835
8	7	9	52	853	896
9	2	1	53	211	290
9	8	8	54	324	356
9	4	1	55	368	464
9	4	3	56	488	508
9	9	5	57	512	553
9	2	1	58	566	652
9	3	1	59	687	700
9	8	8	60	745	769
9	8	8	61	769	836
10	1	8	62	29	48
10	9	9	63	49	95
10	6	3	64	279	311
10	8	8	65	356	440
10	7	9	66	509	593
10	5	9	67	611	655
10	9	0	68	737	785
10	5	8	69	871	887
11	7	7	70	13	106
11	1	8	71	126	208
11	0	0	72	208	251
11	0	0	73	262	298
11	3	8	74	304	319
11	9	5	75	330	419
11	2	1	76	538	566
11	7	7	77	661	710
11	5	6	78	749	816
11	3	4	79	816	898
12	9	6	80	8	33
12	2	4	81	106	178
12	6	2	82	311	366
12	2	0	83	428	438
12	6	6	84	507	533
12	8	4	85	536	544
12	9	0	86	583	594
12	3	2	87	604	687
13	6	3	88	0	89
13	5	2	89	89	141
13	5	2	90	141	169
13	3	2	91	169	259
13	3	4	92	259	304
13	9	5	93	322	330
13	5	6	94	380	426
13	5	7	95	509	595
13	8	8	96	616	663
13	6	2	97	817	865
14	2	6	98	82	103
14	4	3	99	130	169
14	8	9	100	176	245
14	7	6	101	301	314
14	6	6	102	436	507
14	3	2	103	537	604
14	9	5	104	669	737
14	6	9	105	741	787
15	6	6	106	106	195
15	1	3	107	382	467
15	0	0	108	538	572
15	4	3	109	644	734
15	3	5	110	737	776
15	5	9	111	816	853
15	6	2	112	865	901
16	9	0	113	0	8
16	8	9	114	98	176
16	0	0	115	176	207
16	0	0	116	298	325
16	2	0	117	522	538
16	8	4	118	544	611
16	7	7	119	710	743
16	2	6	120	816	856
17	3	8	121	0	29
17	5	9	122	29	48
17	1	8	123	48	126
17	2	1	124	178	193
17	7	6	125	195	229
17	2	0	126	452	475
17	4	3	127	734	803
18	9	5	128	195	278
18	5	4	129	304	312
18	6	6	130	533	552
18	6	6	131	552	584
18	0	0	132	837	900
19	4	9	133	0	9
19	0	2	134	9	81
19	1	8	135	208	224
19	0	0	136	251	262
19	9	5	137	278	322
19	0	0	138	325	366
19	8	4	139	452	536
19	4	5	140	594	612
19	0	2	141	757	766
19	5	8	142	853	871
20	0	0	143	81	170
20	1	8	144	224	302
20	0	2	145	687	757
20	0	2	146	766	785
20	6	2	147	787	817
20	1	7	148	831	900
21	8	5	149	0	98
21	0	2	150	454	537
21	9	5	151	644	669
21	4	3	152	803	833
21	8	3	153	836	900
22	1	4	154	0	26
22	5	6	155	314	380
22	2	0	156	380	428
22	9	5	157	428	512
22	1	7	158	745	759
23	7	7	159	0	13
23	3	1	160	81	162
23	6	7	161	195	270
23	3	4	162	319	386
23	7	7	163	436	501
23	9	5	164	553	582
23	5	6	165	595	611
23	1	4	166	616	664
23	5	4	167	664	746
24	9	6	168	33	49
24	2	1	169	193	211
24	5	2	170	259	300
24	6	7	171	368	436
24	1	8	172	664	745
24	2	4	173	749	816


Solution History:
