This is the output of Heuristic Solver for Dual resource constrained flexible job shop Scheduling Problem.
Input file is: wfjsp19_1.txt
Method: TS_100000000_0.214575_5
Seed: 1
Number of Jobs: 20
Number of Operations: 190
Number of Machines: 10
Number of Operators: 8
CPU Time: 12.8872
obj: 1203
Best found lower bound:0
Solver gap (best found lower bound and upper bound difference): Not known


Final Solution:
Job	Machine	Operator	Operation	Start Time	Finish Time
0	8	7	0	0	69
0	0	2	1	110	131
0	1	5	2	131	177
0	7	5	3	275	367
0	2	4	4	402	479
0	4	4	5	820	876
0	3	6	6	876	948
0	4	1	7	971	1006
0	1	2	8	1021	1061
0	5	3	9	1124	1159
1	6	0	10	48	57
1	2	7	11	100	116
1	3	6	12	123	137
1	6	0	13	159	208
1	0	3	14	357	422
1	7	0	15	438	486
1	1	0	16	533	554
1	5	1	17	617	626
1	1	0	18	712	772
1	6	4	19	774	820
1	4	1	20	876	971
1	9	6	21	991	1082
1	9	4	22	1082	1125
1	0	4	23	1125	1203
2	1	2	24	0	16
2	5	4	25	35	73
2	2	4	26	73	95
2	8	1	27	130	155
2	0	3	28	231	280
2	5	3	29	280	357
2	8	7	30	363	404
2	9	3	31	479	538
2	7	5	32	618	703
2	2	0	33	772	818
2	8	3	34	1013	1028
2	1	2	35	1141	1187
3	2	4	36	11	35
3	2	5	37	36	72
3	6	0	38	72	138
3	3	6	39	138	193
3	7	2	40	215	248
3	4	0	41	252	346
3	5	1	42	450	480
3	5	0	43	554	612
3	1	0	44	915	928
3	9	7	45	928	940
3	7	2	46	947	1021
3	6	3	47	1028	1040
3	1	0	48	1191	1200
4	2	7	49	116	152
4	9	7	50	283	355
4	4	1	51	712	729
4	2	3	52	818	876
4	6	0	53	968	1022
4	1	2	54	1061	1103
4	8	3	55	1159	1200
5	0	2	56	16	110
5	6	0	57	208	252
5	8	7	58	404	491
5	4	0	59	612	666
5	0	7	60	1043	1066
6	0	2	61	501	556
6	0	2	62	741	759
6	5	5	63	1003	1039
6	3	6	64	1082	1169
6	3	6	65	1169	1203
7	4	3	66	0	19
7	2	7	67	239	283
7	3	2	68	311	365
7	0	2	69	442	501
7	8	7	70	501	539
7	4	4	71	562	585
7	6	4	72	585	623
7	1	2	73	633	674
7	0	2	74	674	721
7	4	1	75	729	778
7	9	7	76	801	874
7	2	4	77	876	951
7	3	4	78	951	1031
7	6	0	79	1087	1177
8	7	3	80	56	135
8	3	6	81	233	270
8	2	4	82	283	298
8	6	6	83	311	330
8	4	7	84	355	363
8	3	2	85	365	442
8	3	6	86	529	565
8	9	6	87	565	600
8	1	2	88	928	947
8	6	4	89	1040	1070
8	9	7	90	1135	1195
9	5	3	91	19	34
9	5	5	92	73	131
9	1	5	93	177	255
9	0	2	94	721	741
9	9	3	95	876	899
9	8	3	96	943	1013
10	2	4	97	0	11
10	0	2	98	131	215
10	4	1	99	363	445
10	3	6	100	472	529
10	2	7	101	550	591
10	5	5	102	704	787
11	8	4	103	162	234
11	3	6	104	270	311
11	6	6	105	392	454
11	3	6	106	454	472
11	1	5	107	488	530
11	9	7	108	539	550
11	0	3	109	556	636
11	0	2	110	759	813
11	8	7	111	1066	1135
12	3	3	112	34	56
12	6	0	113	138	159
12	5	1	114	159	237
12	1	2	115	275	295
12	3	6	116	693	774
12	5	5	117	848	940
12	5	0	118	1177	1191
13	3	1	119	0	25
13	5	4	120	252	271
13	5	5	121	367	450
13	2	0	122	486	533
13	1	2	123	556	633
13	3	3	124	636	693
13	9	7	125	762	801
13	1	6	126	827	871
14	8	7	127	69	100
14	8	1	128	103	130
14	2	7	129	152	239
14	7	2	130	248	275
14	2	4	131	298	326
14	9	3	132	422	463
14	4	3	133	463	479
14	3	1	134	569	617
14	5	1	135	626	704
14	3	1	136	778	831
14	8	1	137	831	873
14	2	7	138	951	1043
14	3	3	139	1043	1081
14	2	5	140	1115	1198
15	4	1	141	25	103
15	7	0	142	391	438
15	9	6	143	600	680
15	9	7	144	690	762
15	1	6	145	774	827
15	8	7	146	874	909
15	1	5	147	947	1003
15	5	5	148	1039	1115
15	4	1	149	1115	1194
16	7	5	150	0	36
16	9	4	151	106	162
16	9	3	152	173	231
16	8	1	153	237	299
16	8	1	154	299	346
16	1	0	155	346	391
16	1	5	156	450	488
16	6	4	157	488	562
16	4	0	158	666	712
16	5	5	159	787	848
16	7	1	160	1025	1101
17	9	6	161	0	80
17	9	6	162	80	106
17	3	6	163	106	123
17	3	6	164	193	233
17	4	4	165	234	252
17	9	5	166	255	272
17	6	6	167	330	392
17	7	1	168	532	569
17	2	7	169	591	613
17	8	7	170	618	690
17	7	2	171	813	891
17	1	2	172	891	911
18	6	0	173	0	48
18	6	4	174	623	698
18	6	4	175	698	774
18	8	3	176	909	943
18	0	6	177	948	991
18	0	3	178	1081	1124
19	4	3	179	135	173
19	2	4	180	326	402
19	5	1	181	480	532
19	8	5	182	539	618
19	8	3	183	693	723
19	8	3	184	723	804
19	6	0	185	820	915
19	6	0	186	928	968
19	4	1	187	1006	1025
19	4	0	188	1025	1087
19	7	2	189	1103	1141


Solution History:
