This is the output of Heuristic Solver for Dual resource constrained flexible job shop Scheduling Problem.
Input file is: Dauzere_02a.txt
Method: FaFMJ
Seed: 5
Number of Jobs: 10
Number of Operations: 196
Number of Machines: 5
Number of Operators: 4
CPU Time: 47.1061
obj: 2949
Best found lower bound:0
Solver gap (best found lower bound and upper bound difference): Not known


Final Solution:
Job	Machine	Operator	Operation	Start Time	Finish Time
0	0	0	0	0	42
0	2	2	1	237	303
0	4	3	2	552	578
0	1	3	3	651	670
0	4	0	4	670	769
0	4	0	5	769	793
0	4	3	6	1190	1256
0	2	2	7	1502	1532
0	1	3	8	1687	1774
0	2	0	9	1913	1936
0	4	0	10	1936	2002
0	1	1	11	2272	2307
0	4	3	12	2318	2332
0	2	0	13	2344	2406
0	4	0	14	2855	2949
1	2	2	15	0	42
1	3	2	16	62	156
1	0	0	17	335	398
1	2	2	18	419	470
1	1	3	19	860	955
1	2	2	20	990	1066
1	3	1	21	1076	1107
1	3	1	22	1239	1336
1	2	0	23	1401	1412
1	4	0	24	1473	1493
1	1	3	25	1595	1687
1	1	1	26	1789	1813
1	3	2	27	1860	1942
1	3	1	28	2019	2063
1	2	0	29	2155	2226
1	4	3	30	2264	2318
1	3	2	31	2558	2616
1	2	0	32	2627	2671
1	0	0	33	2671	2720
1	0	0	34	2720	2789
2	3	1	35	156	235
2	3	1	36	235	315
2	4	3	37	335	421
2	1	3	38	470	515
2	2	2	39	637	738
2	0	0	40	814	888
2	0	0	41	888	912
2	3	2	42	1107	1202
2	0	0	43	1231	1304
2	2	2	44	1314	1361
2	0	3	45	1462	1525
2	3	1	46	1698	1754
2	3	1	47	1754	1789
2	0	3	48	1842	1938
2	3	2	49	1942	1979
2	2	0	50	2089	2155
2	3	2	51	2173	2247
2	3	2	52	2348	2412
2	4	3	53	2437	2497
2	3	2	54	2616	2647
2	3	2	55	2647	2671
2	2	2	56	2671	2709
2	3	2	57	2792	2869
3	2	2	58	156	237
3	4	0	59	262	335
3	3	1	60	448	513
3	1	3	61	670	718
3	3	1	62	800	856
3	3	1	63	856	922
3	3	1	64	1004	1076
3	0	0	65	1304	1401
3	1	3	66	1565	1595
3	2	2	67	1649	1716
3	0	0	68	1755	1772
3	1	1	69	1924	1985
3	3	1	70	1985	2019
3	4	3	71	2165	2264
3	3	1	72	2446	2483
3	2	0	73	2505	2587
3	2	0	74	2587	2627
3	2	0	75	2789	2855
4	2	0	76	42	137
4	1	1	77	315	383
4	4	0	78	421	515
4	2	2	79	553	599
4	2	2	80	599	637
4	2	2	81	801	858
4	0	0	82	912	1011
4	1	3	83	1059	1105
4	0	3	84	1105	1190
4	0	0	85	1193	1231
4	1	1	86	1336	1433
4	0	0	87	1615	1678
4	2	2	88	1716	1816
4	1	3	89	1985	2033
4	0	0	90	2061	2089
4	4	3	91	2100	2165
4	3	2	92	2247	2348
4	4	3	93	2367	2437
4	4	3	94	2497	2564
4	4	3	95	2564	2665
4	2	2	96	2905	2949
5	1	3	97	172	275
5	0	3	98	579	651
5	3	1	99	662	748
5	1	3	100	955	1028
5	2	2	101	1066	1089
5	2	0	102	1167	1193
5	2	2	103	1282	1314
5	3	2	104	1478	1502
5	3	1	105	1598	1698
5	1	1	106	1813	1903
5	2	2	107	2000	2071
5	0	0	108	2328	2344
5	1	1	109	2483	2572
5	4	3	110	2784	2822
5	1	1	111	2822	2895
6	4	3	112	69	112
6	3	2	113	315	419
6	3	1	114	422	448
6	4	3	115	515	552
6	0	3	116	718	814
6	2	2	117	1202	1282
6	4	3	118	1332	1424
6	4	0	119	1424	1473
6	3	1	120	1517	1551
6	3	1	121	1551	1598
6	4	0	122	1772	1834
6	0	0	123	2002	2061
6	3	2	124	2071	2173
6	3	2	125	2483	2558
6	3	2	126	2709	2792
6	0	3	127	2844	2855
6	2	2	128	2869	2905
7	3	1	129	0	62
7	4	0	130	137	190
7	2	0	131	398	417
7	3	1	132	513	568
7	3	1	133	568	662
7	1	1	134	748	800
7	2	2	135	858	934
7	0	3	136	1028	1059
7	4	0	137	1062	1110
7	4	0	138	1110	1167
7	3	1	139	1202	1239
7	3	2	140	1400	1478
7	0	3	141	1525	1565
7	2	2	142	1576	1649
7	0	3	143	1774	1842
7	4	0	144	1867	1913
7	2	2	145	1979	2000
7	1	1	146	2143	2173
7	1	1	147	2307	2352
7	1	1	148	2352	2446
7	1	1	149	2572	2634
7	4	3	150	2665	2704
7	1	1	151	2727	2798
7	4	3	152	2822	2844
7	0	3	153	2909	2935
8	1	3	154	0	69
8	0	3	155	112	172
8	4	0	156	190	262
8	1	1	157	383	422
8	0	3	158	422	470
8	2	2	159	470	553
8	1	3	160	814	860
8	3	1	161	922	1004
8	4	0	162	1011	1062
8	4	3	163	1256	1332
8	2	2	164	1361	1400
8	1	1	165	1433	1517
8	2	2	166	1532	1576
8	4	0	167	1678	1755
8	2	2	168	1816	1860
8	1	1	169	1903	1924
8	4	3	170	2033	2100
8	1	1	171	2173	2272
8	2	0	172	2305	2328
8	4	3	173	2332	2367
8	0	0	174	2406	2505
8	1	1	175	2634	2727
8	3	1	176	2895	2944
9	1	1	177	69	156
9	0	3	178	275	322
9	0	0	179	515	579
9	4	0	180	579	639
9	4	0	181	639	669
9	2	2	182	738	801
9	2	2	183	934	990
9	1	1	184	1107	1199
9	0	3	185	1424	1462
9	4	0	186	1493	1573
9	0	0	187	1573	1615
9	4	0	188	1834	1867
9	0	3	189	1938	1979
9	1	1	190	2063	2143
9	2	0	191	2226	2305
9	2	2	192	2412	2482
9	4	3	193	2704	2784
9	1	1	194	2798	2821
9	0	3	195	2855	2909


Solution History:
