This is the output of Heuristic Solver for Dual resource constrained flexible job shop Scheduling Problem.
Input file is: Dauzere_07a.txt
Method: FaFMJ
Seed: 2
Number of Jobs: 15
Number of Operations: 293
Number of Machines: 8
Number of Operators: 6
CPU Time: 23.4705
obj: 3058
Best found lower bound:0
Solver gap (best found lower bound and upper bound difference): Not known


Final Solution:
Job	Machine	Operator	Operation	Start Time	Finish Time
0	3	1	0	194	218
0	7	4	1	281	344
0	0	0	2	394	429
0	3	1	3	486	572
0	6	4	4	591	616
0	0	0	5	1071	1137
0	7	5	6	1186	1218
0	3	1	7	1225	1236
0	7	5	8	1404	1470
0	5	2	9	1589	1683
0	0	0	10	1938	1979
0	4	5	11	2379	2473
0	4	5	12	2545	2611
0	3	2	13	2704	2752
0	0	0	14	2831	2922
1	5	2	15	0	73
1	5	2	16	73	104
1	2	3	17	179	276
1	7	5	18	465	482
1	2	3	19	626	652
1	0	0	20	841	934
1	6	3	21	964	985
1	7	5	22	1018	1099
1	4	0	23	1182	1219
1	6	4	24	1400	1471
1	3	1	25	1536	1587
1	6	4	26	1670	1727
1	2	3	27	1763	1801
1	1	1	28	1801	1857
1	0	0	29	1866	1938
1	5	4	30	2001	2077
1	6	4	31	2239	2322
1	5	2	32	2574	2663
1	6	4	33	2663	2705
1	2	3	34	2786	2884
2	0	0	35	47	124
2	0	0	36	280	304
2	5	2	37	386	478
2	4	0	38	526	606
2	4	0	39	696	743
2	2	3	40	773	837
2	5	2	41	888	941
2	4	0	42	1029	1071
2	5	3	43	1109	1205
2	7	5	44	1218	1254
2	4	0	45	1323	1385
2	1	3	46	1420	1490
2	2	3	47	1490	1551
2	3	1	48	1734	1790
2	4	5	49	1846	1878
2	1	1	50	1994	2019
2	5	4	51	2077	2115
2	6	4	52	2115	2191
2	3	1	53	2204	2282
2	1	1	54	2330	2400
2	0	0	55	2524	2596
2	6	4	56	2935	2982
2	2	3	57	2996	3058
3	6	3	58	0	63
3	5	3	59	276	347
3	6	4	60	493	591
3	4	0	61	743	771
3	3	1	62	781	844
3	1	3	63	844	865
3	1	3	64	900	964
3	5	4	65	1271	1306
3	5	2	66	1311	1410
3	6	4	67	1471	1506
3	4	0	68	1678	1760
3	0	0	69	1760	1800
3	0	0	70	1979	2042
3	0	0	71	2310	2405
3	4	5	72	2473	2545
3	5	4	73	2705	2802
3	1	1	74	2812	2855
3	6	4	75	2982	3017
4	4	5	76	0	58
4	7	4	77	60	152
4	1	1	78	247	290
4	4	5	79	290	377
4	4	5	80	606	650
4	7	5	81	650	747
4	4	5	82	932	1001
4	5	4	83	1007	1109
4	0	0	84	1137	1182
4	6	4	85	1306	1335
4	7	4	86	1506	1568
4	4	5	87	1571	1669
4	4	5	88	1776	1846
4	5	2	89	1924	1988
4	4	0	90	2042	2140
4	6	4	91	2191	2239
4	5	4	92	2372	2474
4	3	1	93	2553	2621
4	1	1	94	2684	2774
4	6	4	95	2802	2874
4	4	5	96	2923	2942
5	3	1	97	218	247
5	3	2	98	318	351
5	6	4	99	374	397
5	0	2	100	485	589
5	1	1	101	624	718
5	7	4	102	748	815
5	4	5	103	1385	1404
5	3	1	104	1408	1500
5	1	1	105	1500	1536
5	7	5	106	1996	2071
5	2	3	107	2119	2166
5	2	3	108	2166	2266
5	5	4	109	2322	2346
5	6	4	110	2573	2608
5	5	2	111	2922	3014
6	4	5	112	110	186
6	2	3	113	347	443
6	1	1	114	572	624
6	5	4	115	663	699
6	5	4	116	699	748
6	3	2	117	1053	1121
6	3	2	118	1164	1225
6	4	0	119	1225	1323
6	2	3	120	1347	1420
6	0	0	121	1570	1649
6	5	4	122	1732	1744
6	4	5	123	2207	2243
6	7	5	124	2320	2379
6	3	1	125	2497	2553
6	4	5	126	2726	2749
6	3	2	127	2752	2808
6	4	5	128	2831	2923
7	4	5	129	58	110
7	6	4	130	204	281
7	7	4	131	344	374
7	3	1	132	379	427
7	0	0	133	429	485
7	4	5	134	485	526
7	3	2	135	677	755
7	3	2	136	1016	1053
7	7	5	137	1099	1171
7	7	5	138	1297	1369
7	3	1	139	1369	1408
7	7	5	140	1470	1490
7	4	5	141	1537	1571
7	2	3	142	1635	1680
7	7	5	143	1680	1776
7	0	0	144	1800	1866
7	4	5	145	1956	1996
7	0	0	146	2230	2298
7	1	1	147	2306	2330
7	6	4	148	2346	2372
7	6	3	149	2399	2467
7	2	3	150	2467	2528
7	0	0	151	2596	2664
7	7	5	152	2749	2786
7	4	0	153	2786	2831
8	3	1	154	112	194
8	0	2	155	198	242
8	4	5	156	377	465
8	1	3	157	465	518
8	7	5	158	526	604
8	5	4	159	626	663
8	7	4	160	857	941
8	6	3	161	1027	1070
8	6	4	162	1109	1190
8	7	5	163	1254	1297
8	3	1	164	1340	1358
8	0	0	165	1501	1570
8	6	4	166	1570	1670
8	0	2	167	1732	1752
8	5	2	168	1816	1853
8	2	3	169	1880	1982
8	6	3	170	1982	2069
8	5	2	171	2252	2298
8	3	2	172	2306	2393
8	5	2	173	2663	2704
8	5	2	174	2808	2866
8	6	4	175	2874	2935
8	0	0	176	2963	2996
9	3	1	177	22	88
9	2	3	178	120	179
9	6	4	179	397	493
9	5	3	180	591	626
9	4	5	181	849	932
9	2	3	182	985	1027
9	6	3	183	1070	1109
9	3	2	184	1121	1164
9	0	2	185	1225	1311
9	0	0	186	1385	1457
9	5	2	187	1752	1816
9	4	5	188	1878	1956
9	1	1	189	2019	2042
9	2	3	190	2069	2119
9	5	2	191	2139	2159
9	1	1	192	2159	2204
9	3	1	193	2282	2306
9	5	2	194	2497	2574
9	2	3	195	2596	2691
10	7	4	196	0	60
10	5	2	197	104	198
10	3	1	198	427	486
10	3	2	199	589	677
10	1	1	200	718	781
10	5	4	201	941	1007
10	1	1	202	1057	1153
10	3	1	203	1236	1288
10	3	1	204	1646	1734
10	7	4	205	1776	1844
10	6	4	206	1844	1890
10	0	2	207	2042	2139
10	5	2	208	2159	2252
10	4	5	209	2281	2320
10	6	4	210	2497	2573
10	2	3	211	2578	2596
10	3	1	212	2621	2684
10	5	2	213	2902	2922
10	2	3	214	2933	2996
11	3	1	215	88	112
11	7	5	216	186	277
11	2	3	217	565	591
11	0	0	218	606	696
11	0	0	219	788	841
11	3	1	220	844	894
11	3	1	221	894	957
11	7	5	222	1001	1018
11	5	4	223	1205	1271
11	2	3	224	1276	1347
11	4	5	225	1490	1537
11	5	2	226	1683	1732
11	1	1	227	1857	1892
11	5	4	228	1988	2001
11	1	1	229	2042	2125
11	0	0	230	2298	2310
11	3	2	231	2393	2497
11	7	5	232	2611	2639
11	7	5	233	2639	2726
11	5	2	234	2866	2902
11	0	0	235	2922	2963
12	0	0	236	0	47
12	1	3	237	63	120
12	0	0	238	124	182
12	1	1	239	317	379
12	0	2	240	755	788
12	5	2	241	788	888
12	1	1	242	964	1057
12	0	0	243	1457	1501
12	3	1	244	1587	1646
12	2	3	245	1680	1763
12	3	1	246	1892	1994
12	0	0	247	2140	2230
12	2	3	248	2306	2399
12	0	0	249	2459	2524
12	6	4	250	2608	2625
12	2	3	251	2691	2786
13	3	2	252	247	318
13	0	0	253	318	394
13	6	3	254	670	773
13	7	4	255	815	857
13	3	2	256	957	1016
13	1	1	257	1153	1217
13	7	4	258	1369	1400
13	5	2	259	1499	1589
13	0	0	260	1649	1663
13	0	0	261	1663	1678
13	5	2	262	1853	1924
13	4	5	263	2140	2207
13	2	3	264	2266	2306
13	1	1	265	2400	2470
13	3	1	266	2855	2931
13	4	5	267	2942	2993
14	3	1	268	0	22
14	6	4	269	152	204
14	4	0	270	204	280
14	1	1	271	290	317
14	5	2	272	351	386
14	2	3	273	443	453
14	1	3	274	518	565
14	6	3	275	652	670
14	4	5	276	771	849
14	1	3	277	865	900
14	0	0	278	934	1029
14	7	5	279	1171	1186
14	1	3	280	1217	1276
14	1	1	281	1288	1340
14	5	2	282	1410	1499
14	1	3	283	1551	1635
14	2	3	284	1801	1880
14	6	4	285	1890	1982
14	4	5	286	2243	2281
14	0	0	287	2405	2459
14	5	4	288	2474	2497
14	2	3	289	2528	2578
14	1	1	290	2774	2812
14	2	3	291	2884	2933
14	6	4	292	3017	3050


Solution History:
