This is the output of Heuristic Solver for Dual resource constrained flexible job shop Scheduling Problem.
Input file is: Mk07.txt
Method: FaFMJ
Seed: 5
Number of Jobs: 20
Number of Operations: 100
Number of Machines: 5
Number of Operators: 4
CPU Time: 56.5656
obj: 239
Best found lower bound:0
Solver gap (best found lower bound and upper bound difference): Not known


Final Solution:
Job	Machine	Operator	Operation	Start Time	Finish Time
0	1	3	0	8	13
0	0	3	1	43	62
0	1	3	2	88	96
0	3	2	3	178	199
0	4	0	4	227	232
1	0	0	5	5	8
1	4	0	6	27	32
1	1	1	7	55	59
1	4	3	8	75	80
1	2	2	9	145	151
2	4	0	10	8	9
2	3	2	11	55	77
2	2	2	12	151	163
2	1	1	13	215	219
2	3	1	14	219	238
3	1	1	15	19	23
3	2	0	16	70	80
3	1	3	17	117	120
3	0	3	18	128	136
3	2	2	19	220	239
4	2	2	20	89	94
4	0	0	21	101	116
4	4	0	22	117	118
4	4	3	23	143	156
4	3	1	24	204	209
5	4	0	25	0	5
5	0	3	26	26	43
5	4	0	27	118	125
5	1	3	28	201	214
5	1	3	29	224	230
6	3	2	30	19	30
6	4	3	31	102	112
6	1	3	32	120	128
6	2	0	33	172	174
6	3	1	34	209	215
7	2	2	35	0	19
7	0	0	36	68	70
7	1	1	37	70	87
7	1	1	38	162	173
7	1	1	39	173	183
8	2	2	40	30	36
8	3	1	41	110	116
8	4	3	42	136	143
8	3	2	43	163	178
8	4	3	44	183	201
9	4	3	45	66	75
9	4	0	46	125	136
9	0	0	47	136	142
9	3	1	48	157	162
9	1	1	49	183	199
10	3	1	50	30	55
10	4	0	51	80	88
10	4	3	52	112	117
10	4	0	53	203	210
10	0	0	54	210	227
11	4	0	55	47	66
11	2	2	56	94	107
11	2	2	57	107	126
11	4	0	58	157	162
11	0	3	59	230	239
12	4	0	60	11	26
12	3	1	61	116	134
12	3	1	62	134	139
12	0	3	63	157	163
12	4	0	64	235	239
13	4	3	65	5	8
13	0	3	66	62	66
13	4	0	67	93	101
13	0	0	68	142	157
13	4	0	69	232	234
14	4	0	70	9	11
14	4	0	71	26	27
14	2	2	72	36	54
14	0	0	73	174	181
14	0	0	74	181	198
15	0	3	75	0	5
15	3	1	76	8	19
15	1	1	77	23	27
15	4	0	78	162	172
15	3	1	79	199	204
16	0	3	80	13	26
16	4	0	81	32	47
16	0	3	82	80	88
16	2	2	83	199	220
16	4	0	84	234	235
17	1	1	85	59	63
17	4	0	86	88	92
17	4	0	87	92	93
17	2	2	88	126	145
17	4	3	89	214	224
18	2	0	90	66	68
18	3	2	91	77	89
18	1	3	92	96	102
18	3	1	93	139	157
18	0	3	94	163	172
19	3	1	95	0	8
19	1	1	96	63	70
19	3	1	97	89	110
19	4	3	98	172	183
19	0	0	99	198	203


Solution History:
