This is the output of Heuristic Solver for Dual resource constrained flexible job shop Scheduling Problem.
Input file is: wfjsp15_2.txt
Method: FaFMJ
Seed: 5
Number of Jobs: 30
Number of Operations: 375
Number of Machines: 15
Number of Operators: 15
CPU Time: 709.198
obj: 1331
Best found lower bound:0
Solver gap (best found lower bound and upper bound difference): Not known


Final Solution:
Job	Machine	Operator	Operation	Start Time	Finish Time
0	4	6	0	83	156
0	4	9	1	307	378
0	7	11	2	381	402
0	10	5	3	603	643
0	10	5	4	676	692
0	0	14	5	803	825
0	8	14	6	831	910
0	12	12	7	987	997
0	9	1	8	1000	1073
0	1	4	9	1270	1310
1	8	14	10	0	55
1	14	1	11	89	103
1	0	14	12	160	222
1	5	13	13	246	314
1	8	14	14	363	417
1	10	5	15	451	521
1	10	5	16	521	551
1	11	1	17	600	647
1	14	1	18	653	672
1	9	10	19	762	823
1	3	8	20	862	939
1	8	14	21	990	1081
1	1	5	22	1205	1270
1	14	14	23	1270	1330
2	10	2	24	0	59
2	10	5	25	173	191
2	3	8	26	202	213
2	13	10	27	268	371
2	13	10	28	371	393
2	11	6	29	403	476
2	2	0	30	507	600
2	10	5	31	659	676
2	12	11	32	687	758
2	1	5	33	849	928
2	9	1	34	946	1000
2	2	4	35	1020	1044
2	10	3	36	1097	1160
2	11	6	37	1160	1195
2	4	13	38	1263	1331
3	3	9	39	36	124
3	14	11	40	161	186
3	12	12	41	201	216
3	3	13	42	216	246
3	13	7	43	250	268
3	0	2	44	355	397
3	3	0	45	410	485
3	13	9	46	584	625
3	3	1	47	672	772
3	2	4	48	853	950
3	8	14	49	1081	1140
3	1	5	50	1174	1205
3	9	10	51	1221	1284
3	2	8	52	1292	1329
4	3	0	53	12	33
4	6	0	54	33	68
4	14	11	55	116	161
4	11	13	56	181	207
4	2	1	57	291	363
4	6	13	58	373	431
4	10	5	59	439	451
4	1	4	60	461	491
4	1	13	61	584	641
4	0	2	62	706	788
4	4	6	63	800	863
4	0	7	64	915	984
4	11	12	65	1033	1093
4	13	7	66	1138	1158
4	0	4	67	1169	1259
5	0	7	68	0	12
5	5	5	69	79	152
5	4	8	70	213	227
5	10	5	71	276	341
5	9	8	72	355	419
5	0	14	73	475	522
5	9	3	74	582	645
5	6	9	75	775	862
5	14	12	76	925	986
5	1	5	77	1042	1096
5	4	13	78	1182	1263
6	3	0	79	0	12
6	7	13	80	19	73
6	8	9	81	191	242
6	0	4	82	299	355
6	12	12	83	391	408
6	2	12	84	408	498
6	7	12	85	498	521
6	7	12	86	558	583
6	4	9	87	625	658
6	14	14	88	679	717
6	3	8	89	776	862
6	5	3	90	948	1014
6	14	9	91	1031	1105
6	7	11	92	1192	1266
7	5	3	93	0	11
7	0	7	94	12	36
7	2	0	95	68	148
7	1	14	96	222	282
7	10	5	97	381	439
7	1	9	98	498	584
7	11	3	99	647	737
7	2	3	100	744	762
7	8	14	101	910	990
7	7	13	102	1046	1103
7	0	4	103	1120	1169
7	8	1	104	1254	1327
8	10	4	105	59	141
8	7	9	106	156	189
8	10	5	107	220	276
8	14	7	108	341	406
8	3	6	109	485	548
8	0	2	110	655	706
8	4	6	111	759	786
8	13	10	112	823	866
8	9	1	113	874	946
8	1	5	114	946	1017
8	12	12	115	1017	1030
8	13	10	116	1039	1052
8	4	0	117	1160	1182
8	10	3	118	1189	1272
9	6	3	119	138	221
9	0	7	120	222	250
9	13	2	121	397	455
9	4	8	122	498	556
9	11	1	123	575	600
9	0	2	124	625	655
9	7	12	125	694	719
9	9	9	126	752	762
9	2	3	127	762	782
9	0	5	128	831	846
9	10	2	129	898	909
9	13	10	130	952	1039
9	5	2	131	1109	1118
9	8	9	132	1181	1216
9	14	14	133	1216	1269
10	9	12	134	0	51
10	14	11	135	186	242
10	11	6	136	302	330
10	1	4	137	366	403
10	1	4	138	403	461
10	5	4	139	514	606
10	1	7	140	789	849
10	0	7	141	849	915
10	11	0	142	967	1033
10	6	0	143	1105	1137
10	2	12	144	1156	1215
10	11	3	145	1278	1313
11	2	4	146	0	43
11	12	11	147	43	114
11	9	8	148	138	174
11	0	4	149	250	299
11	5	3	150	363	397
11	4	9	151	451	498
11	12	11	152	552	616
11	9	7	153	682	750
11	6	11	154	758	772
11	7	13	155	804	896
11	11	0	156	914	967
11	6	0	157	1033	1105
11	5	2	158	1138	1175
11	11	12	159	1215	1278
12	6	11	160	0	29
12	1	7	161	53	120
12	3	9	162	124	155
12	4	6	163	185	213
12	14	14	164	282	341
12	7	10	165	402	489
12	6	3	166	529	582
12	2	4	167	614	684
12	5	14	168	752	768
12	2	1	169	783	814
12	6	11	170	862	943
12	3	8	171	977	1056
12	14	11	172	1116	1192
12	0	5	173	1270	1331
13	13	8	174	0	72
13	14	12	175	106	116
13	7	10	176	191	267
13	7	11	177	269	290
13	0	7	178	406	475
13	8	14	179	522	613
13	12	11	180	616	687
13	13	14	181	776	803
13	9	1	182	823	874
13	7	13	183	960	1046
13	4	6	184	1060	1138
13	2	8	185	1215	1292
14	14	1	186	34	89
14	3	8	187	174	202
14	13	2	188	204	239
14	11	6	189	330	403
14	14	7	190	509	590
14	3	6	191	613	661
14	5	13	192	702	752
14	12	9	193	862	940
14	12	11	194	943	959
14	0	7	195	984	1024
14	3	10	196	1056	1124
14	9	1	197	1175	1221
15	5	3	198	11	79
15	5	4	199	152	237
15	3	0	200	246	318
15	8	1	201	417	519
15	12	11	202	525	552
15	8	8	203	625	695
15	8	5	204	695	752
15	12	9	205	762	775
15	4	6	206	786	800
15	10	2	207	800	837
15	13	10	208	866	952
15	2	4	209	1044	1120
15	13	7	210	1158	1217
15	6	9	211	1243	1319
16	6	8	212	72	138
16	1	7	213	282	298
16	8	3	214	307	363
16	13	2	215	455	496
16	6	3	216	511	529
16	13	8	217	695	776
16	7	0	218	786	802
16	14	12	219	830	858
16	11	0	220	885	914
16	8	14	221	1140	1181
16	3	0	222	1193	1203
16	9	12	223	1284	1329
17	9	12	224	51	106
17	9	3	225	106	136
17	12	12	226	228	306
17	14	14	227	417	468
17	6	10	228	582	660
17	7	0	229	719	786
17	6	9	230	943	1031
17	12	13	231	1116	1149
17	6	9	232	1216	1243
17	3	10	233	1284	1297
17	1	4	234	1310	1329
18	1	10	235	0	53
18	8	10	236	55	107
18	6	3	237	221	295
18	2	1	238	363	403
18	6	3	239	438	452
18	6	3	240	452	466
18	6	0	241	485	507
18	0	13	242	522	566
18	14	7	243	590	653
18	12	11	244	775	861
18	0	7	245	1024	1046
18	13	8	246	1056	1138
18	5	0	247	1209	1244
18	10	2	248	1272	1331
19	0	2	249	59	139
19	10	2	250	156	173
19	13	2	251	173	204
19	9	2	252	243	285
19	12	11	253	408	449
19	14	7	254	475	509
19	6	9	255	660	752
19	4	6	256	863	905
19	1	5	257	1017	1042
19	1	5	258	1096	1174
19	12	2	259	1180	1264
20	12	9	260	0	36
20	7	13	261	73	156
20	4	6	262	156	185
20	1	7	263	298	337
20	4	9	264	378	451
20	13	10	265	496	582
20	13	14	266	625	679
20	10	4	267	719	795
20	14	12	268	858	925
20	10	3	269	1014	1097
20	10	3	270	1160	1189
20	8	1	271	1221	1254
20	7	6	272	1268	1331
21	1	7	273	120	216
21	12	1	274	216	228
21	8	9	275	242	307
21	5	13	276	438	514
21	7	12	277	583	646
21	2	0	278	702	717
21	8	5	279	752	792
21	10	2	280	837	898
21	7	13	281	898	960
21	5	14	282	1181	1209
21	5	0	283	1244	1324
22	7	13	284	0	19
22	12	12	285	116	201
22	4	8	286	227	303
22	3	0	287	373	410
22	11	3	288	476	511
22	7	12	289	521	558
22	7	13	290	646	694
22	1	7	291	753	789
22	8	5	292	792	831
22	4	6	293	934	1015
22	11	12	294	1093	1156
22	12	13	295	1156	1180
22	3	6	296	1203	1268
23	2	0	297	148	246
23	7	11	298	290	381
23	3	6	299	548	613
23	9	12	300	646	664
23	9	12	301	664	673
23	2	12	302	719	744
23	13	4	303	803	814
23	5	3	304	857	925
23	14	11	305	987	1024
23	0	7	306	1046	1120
23	4	0	307	1138	1160
24	11	1	308	103	181
24	6	8	309	303	320
24	6	8	310	320	355
24	5	3	311	397	438
24	4	6	312	661	759
24	2	4	313	814	853
24	5	3	314	925	948
24	12	11	315	959	987
24	9	1	316	1073	1175
24	11	10	317	1195	1210
25	4	5	318	0	60
25	0	2	319	139	156
25	9	1	320	181	207
25	11	6	321	213	226
25	9	1	322	228	243
25	5	0	323	318	355
25	11	1	324	519	575
25	2	4	325	606	614
25	1	7	326	653	682
25	11	13	327	752	804
25	11	0	328	804	885
25	5	2	329	1118	1138
25	6	8	330	1138	1208
26	13	14	331	72	160
26	10	5	332	191	204
26	2	1	333	246	291
26	3	13	334	318	373
26	9	2	335	496	579
26	0	2	336	579	625
26	10	5	337	643	659
26	14	14	338	717	752
26	10	2	339	909	967
26	4	6	340	1015	1060
26	7	9	341	1105	1181
26	3	10	342	1297	1329
27	8	10	343	107	191
27	10	5	344	204	220
27	14	11	345	242	269
27	12	12	346	306	391
27	12	11	347	449	525
27	5	0	348	606	702
27	14	12	349	752	830
27	3	8	350	939	977
27	5	2	351	1014	1109
27	13	7	352	1248	1327
28	11	6	353	0	83
28	9	2	354	285	355
28	1	4	355	355	366
28	9	8	356	419	496
28	10	5	357	551	603
28	10	4	358	692	719
28	5	3	359	783	857
28	4	6	360	905	934
28	10	2	361	967	1014
28	3	10	362	1124	1193
28	13	7	363	1217	1248
28	12	11	364	1266	1329
29	14	1	365	0	34
29	11	3	366	83	94
29	11	6	367	226	302
29	10	5	368	341	381
29	4	8	369	556	625
29	1	10	370	682	753
29	5	1	371	772	783
29	1	5	372	928	946
29	2	4	373	950	1020
29	12	11	374	1030	1116


Solution History:
