This is the output of Heuristic Solver for Dual resource constrained flexible job shop Scheduling Problem.
Input file is: wfjsp6_8.txt
Method: FaFMJ
Seed: 1
Number of Jobs: 12
Number of Operations: 77
Number of Machines: 5
Number of Operators: 5
CPU Time: 18.9575
obj: 822
Best found lower bound:0
Solver gap (best found lower bound and upper bound difference): Not known


Final Solution:
Job	Machine	Operator	Operation	Start Time	Finish Time
0	1	0	0	0	27
0	0	0	1	505	567
1	0	1	2	205	232
1	3	2	3	235	299
1	2	4	4	577	654
1	2	3	5	670	731
1	1	4	6	750	818
2	4	2	7	0	10
2	0	4	8	24	71
2	1	1	9	78	136
2	3	2	10	136	164
2	1	0	11	205	294
2	4	1	12	324	332
2	3	2	13	387	475
2	1	1	14	573	591
2	0	1	15	591	652
2	3	1	16	652	729
3	4	2	17	10	39
3	0	0	18	78	133
3	4	4	19	203	249
3	2	3	20	275	321
3	4	4	21	344	386
3	4	4	22	386	437
3	2	3	23	452	514
3	2	3	24	514	577
3	4	2	25	633	736
3	2	1	26	748	822
4	2	3	27	0	67
4	4	2	28	67	128
4	3	2	29	164	235
4	0	4	30	249	322
4	3	2	31	322	387
4	1	0	32	392	450
4	1	0	33	450	488
4	4	2	34	544	633
4	0	0	35	695	784
4	4	2	36	784	813
5	0	4	37	0	24
5	0	0	38	133	205
5	0	1	39	232	242
5	1	4	40	488	561
5	3	3	41	748	776
6	4	2	42	39	48
6	3	1	43	481	530
6	3	1	44	530	573
7	2	4	45	71	123
7	2	3	46	187	275
7	0	4	47	654	695
8	1	0	48	27	78
8	2	3	49	127	187
8	4	1	50	249	324
8	2	3	51	391	403
8	0	0	52	488	505
8	1	0	53	591	638
8	1	0	54	638	694
8	4	2	55	736	753
9	3	1	56	0	74
9	3	3	57	74	127
9	4	4	58	128	203
9	1	0	59	294	338
9	0	1	60	344	428
9	4	2	61	484	544
9	1	4	62	695	719
9	2	3	63	731	748
9	3	3	64	776	821
10	1	1	65	136	201
10	3	2	66	299	313
10	0	4	67	322	344
10	1	0	68	344	392
10	4	4	69	437	484
10	3	3	70	577	625
10	2	3	71	654	670
11	2	3	72	321	391
11	2	3	73	403	452
11	0	1	74	452	481
11	1	4	75	719	750
11	0	0	76	784	806


Solution History:
