This is the output of Heuristic Solver for Dual resource constrained flexible job shop Scheduling Problem.
Input file is: wfjsp14_1.txt
Method: FaFMJ
Seed: 2
Number of Jobs: 30
Number of Operations: 215
Number of Machines: 15
Number of Operators: 15
CPU Time: 269.042
obj: 768
Best found lower bound:0
Solver gap (best found lower bound and upper bound difference): Not known


Final Solution:
Job	Machine	Operator	Operation	Start Time	Finish Time
0	10	8	0	92	166
0	6	5	1	192	217
0	11	4	2	281	335
0	4	1	3	390	485
0	8	3	4	626	703
1	7	11	5	0	62
1	1	8	6	166	252
1	10	14	7	253	280
1	12	6	8	337	375
1	7	11	9	502	537
1	1	7	10	583	591
1	2	9	11	598	614
1	4	14	12	690	706
1	11	6	13	722	766
2	10	0	14	31	92
2	6	5	15	140	192
2	1	9	16	265	289
2	5	6	17	294	302
2	9	7	18	336	393
2	8	2	19	454	496
2	11	2	20	620	720
3	3	7	21	160	246
3	13	9	22	294	341
3	12	10	23	434	508
3	12	4	24	545	559
3	3	7	25	672	705
3	7	3	26	740	764
4	0	10	27	33	58
4	8	1	28	134	179
4	13	6	29	217	294
4	12	10	30	301	337
4	0	14	31	415	477
4	2	9	32	517	598
4	13	12	33	672	720
5	14	7	34	0	12
5	6	5	35	12	62
5	3	0	36	92	114
5	11	4	37	150	186
5	4	1	38	224	305
5	7	11	39	383	443
5	12	2	40	508	545
5	5	12	41	578	665
5	1	8	42	738	768
6	5	12	43	0	63
6	7	10	44	63	75
6	5	10	45	75	88
6	4	1	46	305	390
6	14	3	47	447	457
6	1	5	48	457	465
6	1	5	49	465	513
6	10	14	50	605	690
7	1	7	51	12	27
7	4	11	52	164	224
7	10	14	53	330	388
7	12	4	54	559	597
7	12	10	55	722	760
8	0	11	56	62	149
8	14	11	57	224	266
8	14	4	58	338	447
8	11	2	59	545	620
8	3	0	60	630	651
8	10	13	61	690	766
9	14	6	62	116	133
9	14	6	63	133	173
9	7	9	64	173	265
9	14	0	65	282	320
9	5	10	66	337	355
9	9	7	67	393	447
9	1	6	68	514	571
9	3	0	69	571	630
9	13	7	70	630	672
10	0	3	71	0	22
10	3	8	72	31	71
10	13	12	73	71	108
10	10	14	74	280	321
10	13	2	75	402	451
10	3	8	76	458	544
10	0	5	77	603	680
11	1	7	78	74	149
11	5	0	79	192	282
11	10	6	80	440	514
11	13	7	81	591	630
11	4	14	82	706	723
11	2	2	83	723	747
11	3	7	84	754	762
12	8	1	85	52	134
12	14	1	86	179	217
12	9	14	87	217	253
12	13	9	88	341	356
12	8	13	89	417	454
12	9	7	90	509	568
12	9	7	91	568	583
12	5	0	92	665	715
13	11	2	93	0	81
13	5	6	94	88	106
13	3	12	95	114	133
13	6	5	96	217	287
13	10	14	97	321	330
13	6	12	98	383	488
13	0	5	99	519	603
13	14	11	100	626	680
13	4	9	101	727	768
14	4	9	102	0	83
14	8	2	103	281	363
14	13	2	104	363	402
14	2	9	105	448	517
14	9	6	106	583	600
14	7	9	107	687	727
14	3	7	108	741	754
15	12	4	109	0	74
15	11	2	110	81	146
15	0	3	111	149	234
15	7	11	112	278	301
15	14	0	113	320	338
15	3	8	114	379	458
15	5	0	115	458	479
15	13	13	116	496	586
15	0	11	117	680	768
16	6	5	118	0	12
16	2	1	119	12	33
16	8	1	120	33	52
16	7	9	121	83	170
16	3	12	122	246	299
16	2	10	123	357	434
16	5	1	124	485	549
16	2	10	125	622	667
16	8	3	126	703	740
16	8	4	127	740	768
17	10	8	128	0	31
17	1	8	129	289	379
17	11	0	130	428	451
17	1	13	131	591	613
17	2	10	132	667	710
18	13	13	133	0	18
18	9	14	134	59	112
18	10	10	135	166	246
18	12	10	136	246	301
18	7	12	137	301	343
18	5	9	138	356	448
18	0	14	139	477	519
18	10	14	140	519	605
18	1	4	141	614	692
18	5	14	142	723	768
19	2	13	143	33	113
19	2	4	144	203	279
19	0	3	145	289	335
19	7	12	146	343	383
19	11	0	147	479	545
19	14	3	148	545	626
19	14	1	149	687	762
20	13	3	150	22	62
20	9	14	151	156	214
20	8	13	152	363	417
20	7	11	153	443	502
20	1	4	154	692	738
21	14	6	155	45	81
21	9	14	156	112	156
21	9	7	157	253	336
21	4	4	158	485	539
21	9	5	159	684	741
22	5	0	160	114	192
22	0	3	161	335	415
22	5	1	162	549	578
22	12	4	163	597	614
22	6	8	164	687	727
23	8	6	165	179	195
23	8	6	166	195	210
23	0	3	167	234	289
23	5	6	168	302	337
23	10	3	169	415	440
23	9	6	170	600	684
24	6	5	171	62	140
24	3	12	172	140	160
24	13	12	173	160	217
24	2	13	174	279	357
24	6	12	175	488	567
24	4	11	176	567	604
24	12	6	177	684	722
24	13	12	178	722	764
25	14	6	179	12	45
25	12	4	180	74	150
25	11	2	181	226	281
25	6	5	182	287	363
25	10	14	183	388	412
25	14	3	184	457	532
25	8	10	185	532	622
25	3	7	186	705	741
25	2	2	187	747	766
26	9	14	188	0	59
26	14	3	189	81	116
26	11	0	190	338	428
26	13	13	191	454	496
26	3	0	192	545	565
26	6	8	193	567	609
26	7	8	194	609	687
27	2	13	195	113	203
27	7	11	196	266	278
27	3	11	197	301	379
27	9	7	198	447	509
27	12	13	199	614	675
27	6	0	200	727	768
28	4	10	201	88	164
28	8	13	202	210	272
28	12	6	203	375	430
28	4	11	204	539	566
28	4	9	205	614	686
29	8	10	206	0	33
29	1	7	207	33	74
29	13	3	208	116	140
29	12	2	209	150	202
29	11	2	210	202	226
29	1	5	211	379	456
29	11	4	212	456	474
29	6	1	213	609	687
29	9	5	214	741	766


Solution History:
