This is the output of Heuristic Solver for Dual resource constrained flexible job shop Scheduling Problem.
Input file is: wfjsp24_6.txt
Method: FaFMJ
Seed: 5
Number of Jobs: 40
Number of Operations: 314
Number of Machines: 15
Number of Operators: 12
CPU Time: 441.911
obj: 1497
Best found lower bound:0
Solver gap (best found lower bound and upper bound difference): Not known


Final Solution:
Job	Machine	Operator	Operation	Start Time	Finish Time
0	3	7	0	0	58
0	13	6	1	145	183
0	13	1	2	361	422
0	0	2	3	438	481
0	2	4	4	721	812
0	7	1	5	877	965
0	1	5	6	1180	1208
0	4	9	7	1234	1262
0	9	3	8	1299	1384
1	1	9	9	40	52
1	3	1	10	180	269
1	6	1	11	422	501
1	2	7	12	647	679
1	0	11	13	695	730
1	7	3	14	821	877
1	5	5	15	1054	1139
1	4	3	16	1384	1460
2	8	2	17	73	157
2	3	6	18	277	306
2	4	9	19	431	487
2	6	2	20	612	673
2	9	3	21	693	734
2	6	5	22	861	951
2	8	4	23	1186	1261
2	14	11	24	1395	1450
3	13	6	25	11	51
3	5	4	26	61	93
3	1	5	27	275	284
3	11	9	28	315	383
3	13	11	29	448	531
3	9	2	30	755	802
3	4	10	31	958	971
3	9	10	32	1041	1136
3	3	1	33	1236	1317
3	6	8	34	1386	1421
4	6	1	35	98	180
4	9	2	36	239	278
4	11	3	37	582	606
4	0	11	38	611	695
4	3	5	39	811	849
4	5	6	40	991	1046
4	12	6	41	1106	1152
4	6	2	42	1429	1494
5	13	9	43	183	268
5	3	9	44	653	747
5	8	3	45	771	819
5	12	1	46	965	1050
5	7	1	47	1322	1359
5	11	7	48	1414	1464
5	10	8	49	1479	1495
6	9	7	50	133	228
6	11	9	51	268	299
6	3	0	52	372	384
6	3	9	53	384	431
6	10	6	54	565	658
6	1	5	55	849	861
6	0	7	56	901	984
6	6	6	57	1046	1106
6	7	6	58	1251	1322
6	12	2	59	1382	1429
7	14	8	60	211	308
7	11	5	61	383	394
7	1	4	62	497	591
7	6	0	63	771	824
7	3	9	64	1214	1234
7	6	10	65	1235	1260
7	11	6	66	1322	1411
8	6	0	67	0	41
8	2	8	68	542	633
8	14	5	69	750	811
8	2	7	70	1086	1100
8	0	7	71	1100	1136
8	11	9	72	1464	1497
9	0	11	73	99	187
9	0	3	74	334	375
9	1	4	75	447	497
9	8	7	76	498	507
9	1	4	77	812	835
9	9	11	78	917	997
9	13	3	79	1210	1299
9	5	11	80	1336	1348
10	12	5	81	23	47
10	3	7	82	58	69
10	14	8	83	308	403
10	7	3	84	424	441
10	7	3	85	606	693
10	3	9	86	960	1053
10	3	9	87	1157	1214
10	12	10	88	1432	1456
10	4	7	89	1464	1497
11	12	10	90	381	478
11	8	8	91	677	692
11	0	2	92	802	820
11	0	7	93	863	901
11	7	0	94	981	1031
11	8	11	95	1450	1493
12	14	0	96	104	192
12	5	10	97	509	605
12	2	4	98	691	721
12	5	6	99	743	818
12	10	5	100	951	1014
12	1	5	101	1014	1026
12	14	5	102	1282	1319
12	0	9	103	1356	1410
12	13	10	104	1417	1432
12	9	0	105	1461	1494
13	9	8	106	0	20
13	12	9	107	145	179
13	8	7	108	406	498
13	8	0	109	638	676
13	12	1	110	761	794
13	7	8	111	1038	1123
13	6	5	112	1208	1235
13	5	2	113	1242	1294
14	2	10	114	143	213
14	5	11	115	361	448
14	14	6	116	658	743
14	5	8	117	931	968
14	4	3	118	1194	1210
14	2	8	119	1257	1270
14	9	8	120	1270	1290
14	13	10	121	1320	1417
15	0	10	122	0	15
15	14	9	123	52	77
15	2	7	124	318	406
15	13	7	125	588	647
15	3	9	126	747	800
15	4	7	127	984	1075
15	13	6	128	1453	1495
16	10	6	129	70	79
16	5	4	130	93	169
16	11	9	131	299	315
16	1	5	132	326	383
16	1	4	133	634	691
16	5	10	134	971	985
16	9	3	135	1003	1035
16	1	9	136	1088	1157
16	7	1	137	1359	1408
17	7	11	138	0	52
17	10	5	139	85	146
17	6	10	140	295	381
17	13	7	141	679	769
17	2	2	142	820	908
17	13	3	143	1079	1109
17	13	7	144	1136	1194
17	6	8	145	1290	1386
18	12	9	146	77	145
18	10	1	147	269	307
18	3	11	148	531	611
18	12	10	149	891	958
18	9	11	150	1174	1256
19	1	4	151	0	19
19	11	8	152	20	60
19	12	10	153	213	295
19	10	2	154	334	374
19	1	0	155	384	447
19	11	10	156	658	716
19	11	3	157	877	965
19	5	1	158	1151	1236
19	0	9	159	1262	1356
20	4	1	160	0	23
20	7	3	161	57	134
20	12	6	162	306	378
20	10	9	163	487	559
20	14	10	164	644	658
20	12	5	165	694	750
20	2	4	166	917	1003
20	11	3	167	1109	1194
20	1	2	168	1294	1346
20	12	2	169	1354	1382
21	11	8	170	60	117
21	4	5	171	245	275
21	1	5	172	284	326
21	12	9	173	582	653
21	6	8	174	968	1038
21	2	0	175	1272	1357
22	1	10	176	61	143
22	5	11	177	187	274
22	11	5	178	394	447
22	9	2	179	481	569
22	12	1	180	664	680
22	10	6	181	818	839
22	1	9	182	868	960
22	4	0	183	1086	1178
22	2	7	184	1365	1414
22	2	4	185	1430	1497
23	5	6	186	0	11
23	7	11	187	277	361
23	13	9	188	559	582
23	7	8	189	729	821
23	1	2	190	1035	1079
23	8	4	191	1261	1355
24	8	3	192	14	57
24	0	3	193	218	304
24	7	3	194	441	494
24	6	1	195	680	761
24	3	11	196	856	917
24	10	1	197	1054	1151
24	10	11	198	1348	1395
24	0	8	199	1421	1438
24	12	10	200	1479	1494
25	6	5	201	47	85
25	2	8	202	451	542
25	11	9	203	803	868
25	8	3	204	1035	1079
25	4	7	205	1287	1365
26	7	6	206	183	277
26	9	3	207	304	334
26	5	10	208	478	509
26	11	6	209	510	521
26	5	8	210	694	729
26	0	8	211	821	844
26	1	3	212	965	1003
26	6	5	213	1139	1180
26	12	10	214	1260	1320
27	4	8	215	117	211
27	2	8	216	406	451
27	7	5	217	519	604
27	9	8	218	633	677
27	11	10	219	716	803
27	14	11	220	1019	1088
27	3	5	221	1319	1413
28	10	2	222	0	53
28	13	2	223	278	334
28	8	0	224	544	638
28	9	4	225	835	872
28	14	11	226	997	1019
28	2	0	227	1031	1086
28	12	2	228	1152	1242
29	14	9	229	0	40
29	8	4	230	169	268
29	4	3	231	375	424
29	12	1	232	501	578
29	10	11	233	730	813
29	8	2	234	908	999
29	12	9	235	1053	1088
29	10	11	236	1256	1336
29	7	9	237	1410	1461
30	0	4	238	19	61
30	10	2	239	157	239
30	4	1	240	578	664
30	13	7	241	769	863
30	11	7	242	1194	1287
30	12	2	243	1346	1354
31	2	0	244	41	104
31	1	5	245	146	245
31	14	0	246	447	544
31	11	10	247	606	644
31	12	1	248	794	876
31	8	2	249	999	1035
31	8	2	250	1079	1151
31	8	4	251	1151	1186
31	1	1	252	1408	1493
32	10	6	253	53	70
32	6	0	254	192	283
32	6	7	255	507	588
32	10	2	256	673	721
32	14	11	257	813	856
32	10	5	258	1026	1054
32	14	4	259	1090	1144
32	1	5	260	1235	1282
32	5	8	261	1438	1479
33	12	5	262	0	23
33	9	11	263	52	99
33	4	0	264	283	372
33	0	2	265	408	438
33	11	6	266	521	565
33	4	10	267	803	891
33	11	10	268	985	1041
33	0	10	269	1136	1232
33	9	0	270	1394	1461
34	4	1	271	23	98
34	2	7	272	228	318
34	10	6	273	378	452
34	5	5	274	605	694
34	8	2	275	721	755
34	10	6	276	839	929
34	0	4	277	1003	1090
34	14	0	278	1178	1272
34	5	4	279	1355	1390
34	0	3	280	1460	1495
35	6	2	281	381	408
35	3	5	282	447	519
35	9	4	283	872	917
35	3	11	284	1088	1137
35	14	10	285	1456	1479
36	11	3	286	134	218
36	0	3	287	494	582
36	14	4	288	591	616
36	13	6	289	929	991
36	2	8	290	1163	1257
37	13	7	291	73	133
37	3	1	292	307	361
37	9	2	293	569	612
37	14	4	294	616	634
37	0	3	295	734	771
37	14	0	296	887	981
37	9	11	297	1137	1174
37	8	4	298	1390	1430
38	5	10	299	15	61
38	3	6	300	79	145
38	9	4	301	359	446
38	11	6	302	452	510
38	4	0	303	676	771
38	8	0	304	824	887
38	7	6	305	1152	1251
38	1	0	306	1357	1394
38	3	5	307	1413	1497
39	8	3	308	0	14
39	13	2	309	53	73
39	8	4	310	268	359
39	5	8	311	844	931
39	2	8	312	1123	1163
39	10	6	313	1411	1453


Solution History:
