This is the output of Heuristic Solver for Dual resource constrained flexible job shop Scheduling Problem.
Input file is: wfjsp15_6.txt
Method: FaFMJ
Seed: 4
Number of Jobs: 30
Number of Operations: 388
Number of Machines: 15
Number of Operators: 15
CPU Time: 801.975
obj: 1556
Best found lower bound:0
Solver gap (best found lower bound and upper bound difference): Not known


Final Solution:
Job	Machine	Operator	Operation	Start Time	Finish Time
0	9	2	0	43	105
0	2	8	1	105	147
0	13	8	2	147	207
0	12	4	3	293	340
0	5	13	4	416	504
0	10	7	5	645	735
0	13	11	6	775	802
0	10	7	7	897	922
0	1	2	8	931	1017
0	10	0	9	1077	1092
0	2	7	10	1154	1249
0	3	0	11	1275	1353
0	5	0	12	1353	1386
0	8	3	13	1422	1460
1	4	4	14	0	59
1	0	9	15	183	278
1	4	3	16	328	410
1	9	4	17	441	525
1	6	1	18	705	732
1	3	1	19	734	779
1	11	10	20	779	836
1	7	2	21	889	931
1	2	1	22	1014	1110
1	12	14	23	1162	1230
1	1	12	24	1390	1449
1	8	3	25	1460	1502
1	9	6	26	1514	1547
2	8	2	27	0	10
2	11	10	28	46	108
2	10	1	29	209	293
2	11	9	30	390	435
2	6	1	31	450	464
2	5	7	32	550	644
2	12	14	33	691	771
2	3	4	34	821	859
2	13	3	35	945	1021
2	5	8	36	1206	1246
2	4	10	37	1253	1279
2	8	2	38	1338	1422
2	6	13	39	1494	1531
3	1	0	40	0	51
3	4	4	41	100	145
3	13	8	42	217	282
3	9	6	43	354	438
3	6	1	44	547	635
3	2	2	45	647	695
3	4	14	46	771	854
3	6	8	47	931	960
3	1	2	48	1017	1061
3	4	7	49	1085	1100
3	1	2	50	1114	1203
3	11	10	51	1222	1253
3	3	13	52	1260	1270
3	5	13	53	1294	1339
3	7	14	54	1393	1478
4	2	7	55	92	103
4	14	12	56	110	181
4	3	10	57	213	282
4	5	7	58	335	392
4	1	3	59	533	580
4	12	14	60	604	691
4	1	12	61	919	929
4	5	13	62	966	1053
4	1	2	63	1061	1114
4	5	11	64	1134	1157
4	9	4	65	1209	1235
4	2	1	66	1252	1338
4	4	4	67	1511	1551
5	0	9	68	91	183
5	3	11	69	293	362
5	12	11	70	462	475
5	5	13	71	504	536
5	14	5	72	571	611
5	14	0	73	611	700
5	3	4	74	779	821
5	11	9	75	889	930
5	8	9	76	1045	1053
5	3	10	77	1125	1148
5	0	11	78	1157	1250
5	14	11	79	1312	1406
6	6	6	80	12	24
6	5	3	81	43	68
6	2	7	82	68	79
6	9	2	83	264	354
6	4	10	84	410	427
6	3	10	85	462	548
6	4	5	86	621	717
6	9	2	87	794	846
6	9	2	88	846	870
6	12	3	89	1034	1067
6	10	0	90	1092	1184
6	9	14	91	1235	1251
6	10	5	92	1338	1356
6	10	5	93	1356	1395
6	9	6	94	1415	1464
7	2	1	95	23	67
7	8	6	96	263	351
7	2	7	97	455	550
7	6	1	98	678	705
7	13	11	99	802	874
7	8	0	100	874	936
7	3	11	101	951	961
7	13	9	102	1136	1173
7	6	1	103	1359	1407
7	11	8	104	1411	1427
7	6	8	105	1427	1457
7	13	14	106	1528	1549
8	10	12	107	9	45
8	2	3	108	147	236
8	5	5	109	274	310
8	8	2	110	354	382
8	10	0	111	483	568
8	13	10	112	665	690
8	14	0	113	700	757
8	9	11	114	874	950
8	14	5	115	1094	1187
8	6	7	116	1260	1359
8	3	9	117	1469	1503
9	6	7	118	43	61
9	2	7	119	79	92
9	12	7	120	103	128
9	12	6	121	175	263
9	13	8	122	353	368
9	13	8	123	368	396
9	9	13	124	536	627
9	0	9	125	775	835
9	6	1	126	883	928
9	3	4	127	961	1053
9	0	14	128	1348	1392
9	6	13	129	1407	1418
9	11	13	130	1427	1494
10	12	8	131	0	18
10	7	14	132	58	108
10	4	4	133	145	195
10	1	12	134	195	210
10	12	11	135	263	293
10	1	12	136	388	457
10	12	11	137	475	531
10	9	13	138	627	695
10	1	12	139	770	829
10	12	14	140	884	969
10	0	6	141	1018	1105
10	1	2	142	1203	1291
10	11	8	143	1378	1411
10	2	2	144	1422	1493
11	7	14	145	108	196
11	0	9	146	278	339
11	2	7	147	416	455
11	12	11	148	531	602
11	1	12	149	702	770
11	1	5	150	831	919
11	9	11	151	1014	1034
11	11	14	152	1038	1077
11	7	12	153	1113	1204
11	12	4	154	1235	1271
11	13	10	155	1425	1482
12	7	14	156	0	58
12	10	1	157	67	162
12	7	12	158	216	313
12	8	3	159	435	525
12	8	11	160	602	624
12	7	4	161	624	700
12	10	7	162	735	807
12	12	3	163	807	884
12	13	3	164	931	945
12	12	14	165	969	1021
12	7	12	166	1021	1113
12	8	5	167	1247	1338
12	2	13	168	1339	1390
12	2	3	169	1393	1422
12	1	3	170	1502	1555
13	8	2	171	10	37
13	4	4	172	59	100
13	6	7	173	168	250
13	11	14	174	265	338
13	6	1	175	464	547
13	13	6	176	579	665
13	8	0	177	765	850
13	14	12	178	850	917
13	5	13	179	1053	1134
13	13	9	180	1173	1191
13	7	9	181	1204	1224
13	12	6	182	1280	1367
13	5	0	183	1463	1556
14	5	3	184	0	43
14	1	0	185	121	187
14	13	8	186	207	217
14	2	10	187	285	378
14	6	1	188	426	450
14	13	8	189	492	578
14	6	1	190	635	678
14	7	3	191	722	807
14	13	8	192	883	931
14	14	5	193	1009	1094
14	4	5	194	1187	1247
14	7	3	195	1312	1393
14	10	2	196	1493	1556
15	3	13	197	125	213
15	2	3	198	236	285
15	7	12	199	313	329
15	12	4	200	340	358
15	7	14	201	485	519
15	0	3	202	580	666
15	14	5	203	775	831
15	7	9	204	844	889
15	6	8	205	1056	1125
15	14	12	206	1204	1300
15	0	14	207	1493	1524
15	8	9	208	1524	1556
16	6	6	209	0	12
16	11	10	210	12	46
16	14	0	211	63	86
16	11	10	212	108	145
16	14	0	213	187	228
16	7	14	214	338	398
16	13	8	215	398	492
16	8	11	216	624	670
16	13	10	217	690	763
16	3	4	218	859	903
16	4	7	219	991	1085
16	6	13	220	1186	1260
16	0	14	221	1260	1348
16	13	8	222	1482	1528
17	14	5	223	0	63
17	8	11	224	175	261
17	14	0	225	276	317
17	8	3	226	410	435
17	11	9	227	435	498
17	3	9	228	580	671
17	0	11	229	734	775
17	10	7	230	807	897
17	3	4	231	903	951
17	13	10	232	1038	1125
17	9	4	233	1125	1209
17	1	12	234	1300	1390
17	14	5	235	1406	1446
18	5	3	236	68	143
18	10	1	237	162	209
18	14	0	238	228	276
18	14	0	239	402	483
18	8	9	240	671	765
18	2	1	241	797	883
18	6	8	242	960	1056
18	2	7	243	1110	1119
18	9	8	244	1251	1310
18	4	4	245	1413	1511
19	8	6	246	37	128
19	11	10	247	145	190
19	6	1	248	341	426
19	4	10	249	427	462
19	1	12	250	462	533
19	3	11	251	671	701
19	9	2	252	701	794
19	14	12	253	831	845
19	14	5	254	919	1009
19	8	3	255	1157	1240
19	5	3	256	1246	1294
19	9	6	257	1371	1415
19	14	5	258	1446	1472
19	11	10	259	1494	1549
20	9	7	260	0	43
20	1	12	261	51	87
20	9	2	262	105	129
20	8	6	263	129	175
20	1	13	264	300	388
20	2	13	265	388	416
20	0	6	266	443	488
20	2	10	267	550	647
20	0	6	268	666	728
20	6	13	269	797	883
20	10	0	270	956	1034
20	8	9	271	1053	1118
20	13	6	272	1191	1280
20	11	9	273	1312	1378
20	10	1	274	1407	1493
21	1	0	275	87	121
21	4	4	276	195	283
21	10	5	277	390	481
21	14	5	278	483	571
21	3	11	279	701	734
21	10	7	280	922	956
21	9	11	281	961	989
21	4	6	282	1105	1183
21	11	11	283	1253	1312
21	9	6	284	1464	1514
21	0	13	285	1531	1555
22	13	11	286	0	89
22	1	13	287	213	300
22	5	5	288	310	335
22	0	2	289	390	443
22	0	6	290	488	579
22	1	12	291	646	702
22	11	5	292	722	775
22	2	3	293	884	929
22	7	12	294	931	946
22	4	7	295	956	991
22	12	14	296	1077	1162
22	11	10	297	1183	1222
22	10	2	298	1291	1331
22	13	10	299	1377	1425
22	2	7	300	1493	1554
23	0	9	301	0	91
23	11	14	302	216	265
23	12	4	303	358	441
23	11	8	304	580	641
23	2	13	305	695	797
23	7	6	306	807	844
23	2	1	307	929	1014
23	12	3	308	1021	1034
23	5	8	309	1186	1206
23	7	9	310	1224	1312
23	0	11	311	1406	1493
24	12	8	312	18	57
24	12	8	313	57	95
24	7	14	314	196	216
24	9	2	315	227	264
24	0	9	316	339	390
24	12	11	317	451	462
24	4	2	318	462	527
24	4	4	319	576	621
24	5	8	320	644	715
24	5	8	321	806	883
24	11	10	322	943	1038
24	2	7	323	1119	1154
24	5	0	324	1386	1463
24	14	5	325	1472	1556
25	2	1	326	0	23
25	6	5	327	63	127
25	14	0	328	317	402
25	7	14	329	519	604
25	8	9	330	936	1028
25	8	9	331	1028	1045
25	3	4	332	1053	1080
25	11	10	333	1148	1183
25	10	0	334	1184	1275
25	7	12	335	1478	1522
26	3	13	336	56	125
26	12	7	337	128	168
26	5	5	338	175	246
26	10	1	339	293	341
26	10	12	340	341	376
26	8	2	341	527	598
26	1	2	342	598	646
26	5	8	343	715	806
26	5	13	344	883	966
26	9	11	345	989	1014
26	11	3	346	1077	1104
26	6	8	347	1125	1186
26	13	10	348	1280	1377
26	3	1	349	1503	1548
27	10	12	350	0	9
27	13	11	351	89	134
27	5	11	352	143	175
27	4	3	353	285	328
27	11	5	354	338	390
27	11	9	355	498	580
27	4	4	356	717	767
27	4	10	357	854	943
27	9	11	358	1034	1124
27	0	3	359	1124	1150
27	4	4	360	1279	1318
27	3	7	361	1359	1448
28	9	2	362	129	227
28	5	5	363	246	274
28	13	8	364	282	353
28	3	11	365	362	451
28	4	4	366	527	576
28	11	3	367	666	722
28	0	6	368	844	935
28	7	12	369	946	1015
28	11	9	370	1118	1136
28	3	1	371	1157	1252
28	9	8	372	1310	1371
28	12	9	373	1378	1469
29	3	13	374	0	56
29	14	12	375	87	110
29	6	5	376	127	167
29	6	7	377	250	335
29	7	14	378	398	485
29	10	12	379	568	645
29	6	6	380	732	793
29	8	0	381	850	872
29	0	6	382	935	1018
29	10	0	383	1034	1077
29	3	4	384	1080	1112
29	8	1	385	1118	1157
29	4	4	386	1318	1413
29	12	11	387	1493	1552


Solution History:
