This is the output of Heuristic Solver for Dual resource constrained flexible job shop Scheduling Problem.
Input file is: wfjsp13_10.txt
Method: FaFMJ
Seed: 1
Number of Jobs: 25
Number of Operations: 248
Number of Machines: 15
Number of Operators: 15
CPU Time: 202.317
obj: 961
Best found lower bound:0
Solver gap (best found lower bound and upper bound difference): Not known


Final Solution:
Job	Machine	Operator	Operation	Start Time	Finish Time
0	9	13	0	23	100
0	3	5	1	135	222
0	4	2	2	228	290
0	3	11	3	415	492
0	11	5	4	573	635
0	8	11	5	677	706
0	13	11	6	713	746
0	13	10	7	753	815
0	6	10	8	815	895
0	4	2	9	926	954
1	2	5	10	0	45
1	11	5	11	81	115
1	6	3	12	141	228
1	6	13	13	315	390
1	9	11	14	494	560
1	10	14	15	566	651
1	3	0	16	768	850
1	3	8	17	942	954
2	11	2	18	0	9
2	4	2	19	9	60
2	12	8	20	82	146
2	1	5	21	222	308
2	10	0	22	351	402
2	6	9	23	475	541
2	12	7	24	550	595
2	11	5	25	635	656
2	7	7	26	677	726
2	7	11	27	746	764
2	14	12	28	785	877
2	12	4	29	920	952
3	0	10	30	48	117
3	5	6	31	196	277
3	12	6	32	277	344
3	8	6	33	414	453
3	5	10	34	539	601
3	4	10	35	616	686
3	8	9	36	713	726
3	10	7	37	726	747
3	12	8	38	776	793
3	12	4	39	798	855
3	0	10	40	913	943
4	6	6	41	50	141
4	1	2	42	308	380
4	4	4	43	460	548
4	0	0	44	576	591
4	6	9	45	625	637
4	3	0	46	664	731
4	0	9	47	798	846
4	8	1	48	881	895
5	10	1	49	0	92
5	12	7	50	181	270
5	10	0	51	295	324
5	3	6	52	344	414
5	3	8	53	494	502
5	13	9	54	545	625
5	11	2	55	656	739
5	11	14	56	777	795
5	2	3	57	795	864
5	12	4	58	882	920
5	3	8	59	934	942
6	4	2	60	60	153
6	1	13	61	167	210
6	14	12	62	239	323
6	7	6	63	453	529
6	1	3	64	535	628
6	12	8	65	704	776
6	7	7	66	776	822
6	13	11	67	887	929
6	0	10	68	943	958
7	9	13	69	0	23
7	5	11	70	65	87
7	9	7	71	114	135
7	14	6	72	145	191
7	5	10	73	295	341
7	12	4	74	344	362
7	10	14	75	491	566
7	3	7	76	602	647
7	10	1	77	747	790
7	9	8	78	898	934
8	8	4	79	48	130
8	3	8	80	222	257
8	3	7	81	270	301
8	10	0	82	324	351
8	14	14	83	367	378
8	9	8	84	407	494
8	14	1	85	545	583
8	14	0	86	591	627
8	14	3	87	628	691
8	3	0	88	850	925
8	9	11	89	934	949
9	14	9	90	12	105
9	7	12	91	114	183
9	10	8	92	183	216
9	0	10	93	216	232
9	9	1	94	232	321
9	14	14	95	378	433
9	8	12	96	453	526
9	8	12	97	526	598
9	0	4	98	598	663
9	2	3	99	699	791
9	9	13	100	791	877
9	7	12	101	888	960
10	1	14	102	0	87
10	6	13	103	228	315
10	2	8	104	340	384
10	14	14	105	433	468
10	7	4	106	548	597
10	5	13	107	621	694
10	10	1	108	710	726
10	10	1	109	790	875
11	14	9	110	0	12
11	10	13	111	100	167
11	2	0	112	167	234
11	8	11	113	278	322
11	2	2	114	384	474
11	0	0	115	499	576
11	6	6	116	637	726
11	13	8	117	815	887
11	10	7	118	888	955
12	13	12	119	0	84
12	5	14	120	87	122
12	5	14	121	156	196
12	9	1	122	321	407
12	10	10	123	459	486
12	13	9	124	637	713
12	6	6	125	726	745
12	5	11	126	777	802
12	0	9	127	846	889
12	4	2	128	895	926
12	13	0	129	929	960
13	8	10	130	13	45
13	7	7	131	65	114
13	2	0	132	135	157
13	11	14	133	201	288
13	7	3	134	321	332
13	12	9	135	370	447
13	13	1	136	447	462
13	1	13	137	470	535
13	9	12	138	630	704
13	0	4	139	708	730
13	0	4	140	730	798
13	14	9	141	889	961
14	6	6	142	0	50
14	0	10	143	117	206
14	10	10	144	232	295
14	11	12	145	367	435
14	12	9	146	447	459
14	13	1	147	462	545
14	4	8	148	548	616
14	14	12	149	704	785
14	5	6	150	818	866
14	4	2	151	881	895
14	2	13	152	924	956
15	2	3	153	45	132
15	4	2	154	153	228
15	2	8	155	259	340
15	1	13	156	390	470
15	6	13	157	541	621
15	1	0	158	628	664
15	2	14	159	675	699
15	8	9	160	726	797
15	1	5	161	842	928
16	11	3	162	19	45
16	1	11	163	87	148
16	11	14	164	288	367
16	7	7	165	403	448
16	3	6	166	529	602
16	4	10	167	686	753
16	11	14	168	795	832
16	11	14	169	916	961
17	3	0	170	88	135
17	13	9	171	145	232
17	7	3	172	239	321
17	5	10	173	341	407
17	10	1	174	407	438
17	12	7	175	459	550
17	7	11	176	630	677
17	9	13	177	704	788
17	5	2	178	802	817
17	7	7	179	822	888
18	8	10	180	0	13
18	12	8	181	19	82
18	8	4	182	130	152
18	7	12	183	183	239
18	7	3	184	332	403
18	11	2	185	483	565
18	1	5	186	664	754
18	8	11	187	802	881
19	7	11	188	0	65
19	12	8	189	146	181
19	2	9	190	234	259
19	8	5	191	322	414
19	6	3	192	414	475
19	5	10	193	491	539
19	2	2	194	573	646
19	11	2	195	739	775
19	11	14	196	832	916
20	0	4	197	0	48
20	13	1	198	92	123
20	8	11	199	201	278
20	14	12	200	323	360
20	13	11	201	400	415
20	14	3	202	475	499
20	7	12	203	598	630
20	2	14	204	651	675
20	10	1	205	676	710
20	3	0	206	731	768
20	2	3	207	864	924
21	3	0	208	0	88
21	5	14	209	122	156
21	11	11	210	156	201
21	13	11	211	322	400
21	0	0	212	402	464
21	5	14	213	468	491
21	9	11	214	560	630
21	10	7	215	651	670
21	1	5	216	754	842
21	12	4	217	855	882
21	5	6	218	882	954
22	12	3	219	0	19
22	5	7	220	19	53
22	9	1	221	135	221
22	4	7	222	301	368
22	5	10	223	407	431
22	10	10	224	438	459
22	0	0	225	464	499
22	8	1	226	598	676
22	5	14	227	699	777
22	4	2	228	818	881
23	14	9	229	105	145
23	8	4	230	152	198
23	0	0	231	234	283
23	0	9	232	283	370
23	4	4	233	370	460
23	2	5	234	483	573
23	0	4	235	663	708
23	4	6	236	753	818
23	10	13	237	877	885
23	9	13	238	885	898
23	8	1	239	898	961
24	11	5	240	45	81
24	11	5	241	115	123
24	13	4	242	232	313
24	11	5	243	435	483
24	12	8	244	616	704
24	0	10	245	895	903
24	0	10	246	903	913
24	1	5	247	928	957


Solution History:
