This is the output of Heuristic Solver for Dual resource constrained flexible job shop Scheduling Problem.
Input file is: wfjsp13_1.txt
Method: FaFMJ
Seed: 5
Number of Jobs: 25
Number of Operations: 248
Number of Machines: 15
Number of Operators: 15
CPU Time: 192.463
obj: 886
Best found lower bound:0
Solver gap (best found lower bound and upper bound difference): Not known


Final Solution:
Job	Machine	Operator	Operation	Start Time	Finish Time
0	7	9	0	0	69
0	7	9	1	69	93
0	11	6	2	97	152
0	4	9	3	238	325
0	6	5	4	391	470
0	13	2	5	497	553
0	9	10	6	623	693
0	13	13	7	693	722
0	11	12	8	760	802
0	0	11	9	817	856
0	6	7	10	874	884
1	10	10	11	0	15
1	1	3	12	69	85
1	1	3	13	85	131
1	9	10	14	142	211
1	0	7	15	315	356
1	1	13	16	390	411
1	12	10	17	424	435
1	9	14	18	493	549
1	8	3	19	641	687
1	3	1	20	704	799
2	12	0	21	0	97
2	6	8	22	206	260
2	5	6	23	334	410
2	14	0	24	436	450
2	0	7	25	477	511
2	8	13	26	527	549
2	6	13	27	578	603
2	14	1	28	651	704
2	3	1	29	799	880
3	3	7	30	0	41
3	11	0	31	229	283
3	13	13	32	312	389
3	3	11	33	483	525
3	7	5	34	576	589
3	6	12	35	690	735
3	6	8	36	761	789
3	1	6	37	834	871
4	7	11	38	93	162
4	5	1	39	188	258
4	14	11	40	321	358
4	0	7	41	511	593
4	0	11	42	703	729
4	13	7	43	739	794
4	4	10	44	816	828
4	2	2	45	860	874
5	11	6	46	25	97
5	5	9	47	122	130
5	1	3	48	131	140
5	1	5	49	140	188
5	9	10	50	211	283
5	1	13	51	283	300
5	1	4	52	332	390
5	10	0	53	450	508
5	1	3	54	549	597
5	6	12	55	610	652
5	12	14	56	691	803
5	6	8	57	803	845
6	9	14	58	53	142
6	11	0	59	152	229
6	6	7	60	276	302
6	7	12	61	419	474
6	1	3	62	485	503
6	2	4	63	527	569
6	7	5	64	589	697
6	14	7	65	704	739
6	9	10	66	868	886
7	9	14	67	0	53
7	3	12	68	167	226
7	12	0	69	283	362
7	13	14	70	435	478
7	11	12	71	497	520
7	3	11	72	525	564
7	13	9	73	564	599
7	10	13	74	738	778
7	9	5	75	816	868
8	13	2	76	47	125
8	4	11	77	162	238
8	3	5	78	318	391
8	3	11	79	396	483
8	10	6	80	508	582
8	13	14	81	651	691
8	4	5	82	740	757
8	5	0	83	767	785
8	5	0	84	785	794
8	8	4	85	803	886
9	14	4	86	54	95
9	13	12	87	226	256
9	13	3	88	256	273
9	11	6	89	283	315
9	0	7	90	374	431
9	4	10	91	537	551
9	5	14	92	556	612
9	4	2	93	631	712
10	5	1	94	41	61
10	8	12	95	77	103
10	10	14	96	142	198
10	7	5	97	204	215
10	11	2	98	395	497
10	12	0	99	527	611
10	11	3	100	703	760
10	14	7	101	834	874
11	4	11	102	0	84
11	1	7	103	204	276
11	13	12	104	276	312
11	2	14	105	317	396
11	9	12	106	474	493
11	4	1	107	493	537
11	8	13	108	549	564
11	12	13	109	611	686
11	11	0	110	802	857
12	0	5	111	0	78
12	12	0	112	97	121
12	8	2	113	125	150
12	4	9	114	325	398
12	8	6	115	410	433
12	14	8	116	487	576
12	14	6	117	739	831
12	6	8	118	845	857
12	11	0	119	857	882
13	8	4	120	103	122
13	13	9	121	130	216
13	3	5	122	226	281
13	6	8	123	318	390
13	1	3	124	436	485
13	6	1	125	537	578
13	8	3	126	604	641
13	6	8	127	652	683
13	9	10	128	693	722
13	0	11	129	729	817
14	11	6	130	0	25
14	10	8	131	25	50
14	3	8	132	50	88
14	14	0	133	133	149
14	0	7	134	162	202
14	10	13	135	202	281
14	8	1	136	334	396
14	13	14	137	396	435
14	5	9	138	443	535
14	5	14	139	612	651
14	10	6	140	660	738
14	13	3	141	806	886
15	5	1	142	0	41
15	3	8	143	88	167
15	2	2	144	180	261
15	7	8	145	261	318
15	11	2	146	318	358
15	7	10	147	358	419
15	2	4	148	449	527
15	14	8	149	576	651
15	5	12	150	652	690
15	5	0	151	690	748
15	8	4	152	748	803
15	2	2	153	803	860
16	14	4	154	0	54
16	14	1	155	95	133
16	6	8	156	167	206
16	5	1	157	258	334
16	4	1	158	398	444
16	12	13	159	464	527
16	4	2	160	553	631
16	1	8	161	685	761
17	5	1	162	61	90
17	5	12	163	103	122
17	6	12	164	122	163
17	1	5	165	188	204
17	7	3	166	231	250
17	8	4	167	274	332
17	11	2	168	358	395
17	7	5	169	474	498
17	9	10	170	551	623
17	9	10	171	740	816
17	1	7	172	816	834
18	13	2	173	0	47
18	12	4	174	122	197
18	12	4	175	197	274
18	9	10	176	283	316
18	14	11	177	358	396
18	14	8	178	396	436
18	0	7	179	436	477
18	10	6	180	582	660
18	8	4	181	687	742
18	10	13	182	778	853
18	10	13	183	853	880
19	6	10	184	15	95
19	8	6	185	152	244
19	3	5	186	281	318
19	7	12	187	318	337
19	12	0	188	362	424
19	4	1	189	444	484
19	11	12	190	520	610
19	13	9	191	610	651
19	3	7	192	685	703
19	4	5	193	757	806
19	7	9	194	815	886
20	2	13	195	45	135
20	5	1	196	135	145
20	14	3	197	149	231
20	2	2	198	261	317
20	10	3	199	381	436
20	14	8	200	450	487
20	7	5	201	498	576
20	2	1	202	578	626
20	3	0	203	626	684
20	4	2	204	712	740
20	7	9	205	740	815
20	0	11	206	856	883
21	2	13	207	0	45
21	1	3	208	50	69
21	2	13	209	135	180
21	0	14	210	202	222
21	14	11	211	238	321
21	0	7	212	356	374
21	8	6	213	433	508
21	3	11	214	564	586
21	1	7	215	597	685
21	9	10	216	722	740
21	1	3	217	761	806
21	12	10	218	828	864
22	8	12	219	0	77
22	10	10	220	95	140
22	5	1	221	145	188
22	9	12	222	337	415
22	12	10	223	435	464
22	1	3	224	503	549
22	11	11	225	615	703
22	5	0	226	748	767
22	5	12	227	802	885
23	1	3	228	0	50
23	4	5	229	84	140
23	8	6	230	244	265
23	10	3	231	281	381
23	5	9	232	410	443
23	6	10	233	470	530
23	8	4	234	569	604
23	0	4	235	604	683
23	7	5	236	697	734
23	12	14	237	803	821
23	4	14	238	828	881
24	0	7	239	78	162
24	0	14	240	222	315
24	9	10	241	316	327
24	2	4	242	396	449
24	5	9	243	535	556
24	3	11	244	586	615
24	2	9	245	651	727
24	2	2	246	740	760
24	2	2	247	760	803


Solution History:
