This is the output of Heuristic Solver for Dual resource constrained flexible job shop Scheduling Problem.
Input file is: wfjsp23_8.txt
Method: FaFMJ
Seed: 2
Number of Jobs: 30
Number of Operations: 373
Number of Machines: 15
Number of Operators: 12
CPU Time: 731.491
obj: 1624
Best found lower bound:0
Solver gap (best found lower bound and upper bound difference): Not known


Final Solution:
Job	Machine	Operator	Operation	Start Time	Finish Time
0	14	2	0	0	27
0	9	11	1	180	248
0	4	3	2	316	344
0	2	0	3	384	443
0	7	8	4	727	807
0	3	4	5	871	934
0	11	8	6	1035	1112
0	14	10	7	1182	1192
0	8	4	8	1290	1333
0	4	9	9	1521	1571
1	9	1	10	0	25
1	12	0	11	153	257
1	4	3	12	344	352
1	4	9	13	429	525
1	1	8	14	562	584
1	1	8	15	584	639
1	4	8	16	807	878
1	11	11	17	911	940
1	9	10	18	1115	1182
1	3	5	19	1205	1247
1	1	4	20	1333	1374
1	8	11	21	1475	1514
1	3	8	22	1573	1623
2	14	10	23	31	81
2	6	11	24	104	180
2	5	2	25	293	387
2	7	3	26	505	583
2	9	9	27	595	674
2	2	1	28	694	761
2	14	1	29	874	948
2	11	6	30	948	1017
2	3	2	31	1052	1118
2	1	9	32	1190	1243
2	7	4	33	1374	1413
2	7	1	34	1501	1591
3	10	3	35	75	168
3	0	3	36	197	222
3	6	10	37	290	315
3	0	6	38	397	472
3	10	7	39	510	521
3	2	10	40	591	657
3	13	4	41	658	688
3	1	8	42	718	727
3	0	3	43	771	818
3	2	0	44	884	927
3	0	8	45	945	995
3	4	9	46	1092	1190
3	0	8	47	1317	1363
3	13	6	48	1499	1557
3	10	6	49	1557	1622
4	7	10	50	125	201
4	0	3	51	222	236
4	11	5	52	243	260
4	10	3	53	275	316
4	7	1	54	414	469
4	8	11	55	607	622
4	1	8	56	639	718
4	3	5	57	718	774
4	13	1	58	1024	1094
4	12	8	59	1112	1150
4	11	0	60	1312	1420
4	6	2	61	1522	1577
5	6	11	62	10	36
5	3	7	63	57	79
5	13	6	64	233	270
5	9	10	65	382	449
5	13	4	66	516	530
5	3	2	67	644	666
5	9	7	68	677	719
5	2	10	69	833	880
5	14	11	70	948	1001
5	6	2	71	1217	1233
5	11	9	72	1243	1312
5	7	1	73	1453	1501
5	12	8	74	1530	1565
6	4	3	75	0	27
6	11	11	76	36	61
6	2	2	77	204	265
6	12	0	78	443	485
6	0	1	79	503	526
6	13	0	80	541	617
6	14	7	81	765	794
6	0	8	82	878	945
6	8	11	83	1049	1114
6	8	10	84	1192	1270
6	2	3	85	1471	1563
7	11	9	86	0	34
7	4	4	87	137	209
7	8	11	88	248	313
7	11	6	89	508	592
7	8	11	90	622	680
7	11	0	91	794	884
7	2	0	92	945	1018
7	2	1	93	1237	1302
7	2	6	94	1352	1374
7	13	9	95	1374	1443
7	12	0	96	1568	1624
8	8	5	97	38	122
8	5	7	98	226	282
8	14	9	99	306	380
8	8	4	100	530	596
8	7	5	101	626	718
8	1	9	102	827	912
8	4	3	103	993	1060
8	5	6	104	1171	1264
8	3	7	105	1264	1291
8	14	8	106	1363	1381
8	3	8	107	1381	1444
8	4	5	108	1492	1521
8	13	10	109	1600	1620
9	13	7	110	0	57
9	13	6	111	160	233
9	4	3	112	236	275
9	12	11	113	366	430
9	6	10	114	529	591
9	4	6	115	674	759
9	9	10	116	781	833
9	12	7	117	948	1034
9	4	4	118	1060	1074
9	1	1	119	1094	1150
9	10	5	120	1247	1262
9	14	7	121	1291	1359
9	4	4	122	1413	1479
9	5	7	123	1508	1542
10	2	1	124	102	189
10	7	6	125	270	311
10	4	9	126	380	429
10	2	2	127	463	510
10	4	3	128	590	606
10	3	2	129	666	699
10	12	11	130	780	846
10	9	10	131	908	978
10	2	4	132	1121	1190
10	12	0	133	1242	1311
10	1	9	134	1443	1510
10	7	1	135	1591	1621
11	0	3	136	27	75
11	11	9	137	129	149
11	1	2	138	159	204
11	0	4	139	246	275
11	11	5	140	387	447
11	6	2	141	510	529
11	12	1	142	596	629
11	2	6	143	761	818
11	8	10	144	880	908
11	9	8	145	995	1035
11	0	3	146	1122	1190
11	12	11	147	1317	1381
11	9	10	148	1487	1554
12	6	11	149	0	10
12	11	9	150	149	243
12	2	10	151	269	289
12	6	7	152	441	510
12	3	7	153	521	573
12	3	11	154	594	607
12	8	11	155	680	753
12	11	6	156	890	899
12	4	2	157	917	968
12	7	3	158	1060	1122
12	7	1	159	1302	1361
12	0	1	160	1363	1453
12	10	5	161	1460	1492
13	0	6	162	141	160
13	14	1	163	228	301
13	6	4	164	316	332
13	5	4	165	425	516
13	0	9	166	674	699
13	14	9	167	699	756
13	11	11	168	768	780
13	8	1	169	816	874
13	3	5	170	1134	1205
13	6	2	171	1283	1319
13	5	9	172	1325	1372
13	8	5	173	1521	1591
14	9	2	174	27	76
14	3	0	175	257	326
14	0	4	176	332	345
14	1	2	177	387	463
14	14	7	178	613	677
14	5	4	179	765	824
14	1	2	180	968	1052
14	9	11	181	1200	1213
14	9	11	182	1213	1247
14	13	10	183	1344	1371
14	5	6	184	1374	1403
14	3	11	185	1447	1475
14	5	7	186	1581	1623
15	7	5	187	0	8
15	7	5	188	8	38
15	4	9	189	94	127
15	10	3	190	168	197
15	10	8	191	324	421
15	14	7	192	573	613
15	3	0	193	617	640
15	5	7	194	727	765
15	7	5	195	853	882
15	6	6	196	1017	1069
15	13	0	197	1103	1122
15	10	8	198	1150	1177
15	6	2	199	1233	1283
15	5	6	200	1403	1499
16	7	6	201	68	125
16	3	5	202	199	242
16	8	10	203	315	382
16	7	1	204	469	503
16	11	6	205	592	620
16	1	9	206	756	827
16	6	9	207	912	969
16	11	0	208	1018	1034
16	5	6	209	1069	1142
16	13	1	210	1204	1237
16	11	0	211	1480	1568
17	10	6	212	0	68
17	3	5	213	122	199
17	1	11	214	313	366
17	1	11	215	463	536
17	6	4	216	688	760
17	9	11	217	760	768
17	6	2	218	768	840
17	7	6	219	899	943
17	2	10	220	1047	1115
17	11	0	221	1182	1242
17	0	4	222	1251	1290
17	8	3	223	1432	1471
17	6	7	224	1479	1508
17	3	8	225	1565	1573
17	2	9	226	1573	1624
18	1	9	227	34	85
18	14	10	228	85	120
18	1	9	229	243	306
18	2	0	230	326	384
18	0	9	231	526	595
18	3	5	232	774	817
18	5	2	233	840	917
18	1	1	234	948	968
18	8	4	235	1033	1049
18	6	11	236	1121	1200
18	7	8	237	1209	1265
18	2	10	238	1374	1447
18	6	11	239	1589	1617
19	13	0	240	79	153
19	6	7	241	187	195
19	7	6	242	311	396
19	14	8	243	494	562
19	10	6	244	620	674
19	13	6	245	818	890
19	5	9	246	969	1033
19	1	11	247	1247	1317
19	14	11	248	1381	1406
19	6	9	249	1510	1519
19	0	4	250	1550	1622
20	8	10	251	0	31
20	5	8	252	129	205
20	13	7	253	282	378
20	8	11	254	430	463
20	5	5	255	516	578
20	13	0	256	720	794
20	3	5	257	955	1040
20	8	2	258	1118	1189
20	9	5	259	1262	1361
20	1	3	260	1563	1624
21	2	0	261	0	18
21	12	7	262	79	147
21	7	10	263	201	269
21	11	5	264	308	339
21	14	3	265	408	472
21	10	1	266	526	596
21	5	10	267	657	727
21	13	3	268	890	993
21	6	4	269	1074	1121
21	7	1	270	1150	1204
21	4	7	271	1225	1263
21	10	3	272	1339	1432
21	0	4	273	1479	1550
22	2	1	274	25	102
22	11	8	275	116	129
22	0	6	276	129	141
22	3	1	277	326	414
22	0	6	278	472	497
22	7	5	279	583	626
22	0	3	280	699	771
22	8	4	281	934	1033
22	5	7	282	1034	1061
22	11	6	283	1142	1171
22	5	8	284	1265	1317
22	6	2	285	1319	1378
22	11	0	286	1420	1480
23	6	11	287	61	104
23	8	1	288	189	206
23	12	8	289	290	324
23	14	3	290	397	408
23	9	10	291	459	528
23	8	1	292	761	816
23	10	4	293	824	871
23	0	11	294	1001	1049
23	4	6	295	1264	1352
23	13	10	296	1447	1487
24	4	4	297	29	94
24	14	1	298	206	228
24	12	2	299	265	280
24	0	2	300	280	293
24	2	1	301	301	324
24	9	10	302	449	459
24	12	0	303	485	541
24	11	1	304	629	694
24	13	0	305	701	720
24	6	11	306	846	911
24	10	5	307	1040	1134
24	12	7	308	1153	1225
24	6	7	309	1411	1479
24	14	11	310	1559	1589
25	5	8	311	80	116
25	14	7	312	147	187
25	6	4	313	345	425
25	6	7	314	427	441
25	13	3	315	472	505
25	12	2	316	701	768
25	0	3	317	818	878
25	2	0	318	927	945
25	14	7	319	1061	1153
25	2	2	320	1190	1217
25	9	5	321	1361	1460
25	4	2	322	1577	1595
26	1	4	323	0	29
26	1	4	324	94	137
26	8	4	325	209	246
26	0	3	326	352	397
26	11	6	327	497	508
26	6	4	328	596	658
26	10	3	329	674	696
26	10	5	330	882	955
26	9	9	331	1035	1092
26	0	4	332	1190	1251
26	10	3	333	1267	1275
26	4	7	334	1359	1411
26	9	10	335	1554	1600
27	12	0	336	18	79
27	6	8	337	205	290
27	13	7	338	378	427
27	10	8	339	427	494
27	4	2	340	529	590
27	4	3	341	606	673
27	12	7	342	861	948
27	10	1	343	968	1024
27	13	0	344	1122	1182
27	10	8	345	1182	1209
27	10	3	346	1275	1339
27	14	11	347	1406	1447
27	14	8	348	1447	1530
27	8	2	349	1595	1622
28	9	2	350	76	159
28	10	7	351	197	226
28	9	5	352	260	308
28	3	5	353	447	511
28	5	2	354	590	644
28	10	10	355	727	781
28	3	5	356	817	853
28	12	0	357	1034	1103
28	13	10	358	1270	1344
28	12	2	359	1437	1522
28	5	7	360	1542	1581
29	5	8	361	0	80
29	4	4	362	275	316
29	11	5	363	339	387
29	9	11	364	536	594
29	12	0	365	640	701
29	14	7	366	794	861
29	7	10	367	978	1047
29	14	3	368	1192	1267
29	2	9	369	1312	1325
29	1	2	370	1378	1437
29	3	11	371	1514	1559
29	11	5	372	1591	1605


Solution History:
