This is the output of Heuristic Solver for Dual resource constrained flexible job shop Scheduling Problem.
Input file is: wfjsp12_4.txt
Method: FaFMJ
Seed: 4
Number of Jobs: 25
Number of Operations: 198
Number of Machines: 10
Number of Operators: 10
CPU Time: 136.778
obj: 1051
Best found lower bound:0
Solver gap (best found lower bound and upper bound difference): Not known


Final Solution:
Job	Machine	Operator	Operation	Start Time	Finish Time
0	6	9	0	72	162
0	8	7	1	167	228
0	5	9	2	278	342
0	2	1	3	366	428
0	0	2	4	670	773
0	9	6	5	790	816
0	1	6	6	820	870
0	4	7	7	898	911
0	1	9	8	990	1036
1	8	6	9	0	20
1	5	9	10	20	34
1	4	0	11	116	159
1	0	2	12	270	337
1	4	0	13	377	400
1	8	8	14	441	511
1	5	4	15	624	713
1	7	2	16	804	865
1	0	6	17	1001	1050
2	2	1	18	37	69
2	5	4	19	116	133
2	8	7	20	228	275
2	4	7	21	400	492
2	9	6	22	676	689
2	5	4	23	794	859
2	0	9	24	861	931
3	2	1	25	0	11
3	2	1	26	131	203
3	3	4	27	344	434
3	7	3	28	533	623
3	2	1	29	762	813
3	1	6	30	870	963
4	1	6	31	68	135
4	0	9	32	377	445
4	7	3	33	450	497
4	2	1	34	538	553
4	3	8	35	763	830
4	7	3	36	866	891
4	4	7	37	938	960
5	9	5	38	38	102
5	9	5	39	102	150
5	6	9	40	445	505
5	4	0	41	527	559
5	7	3	42	716	769
5	6	0	43	866	937
6	0	2	44	56	130
6	9	5	45	275	340
6	7	0	46	400	431
6	5	6	47	514	537
6	8	8	48	699	763
6	7	2	49	773	804
6	5	2	50	895	948
6	3	8	51	1003	1030
7	1	6	52	135	232
7	6	8	53	237	283
7	4	0	54	293	306
7	6	9	55	342	371
7	1	7	56	498	570
7	0	2	57	586	597
7	0	2	58	597	670
7	3	1	59	711	755
7	2	1	60	983	1044
8	5	3	61	40	80
8	3	8	62	122	151
8	1	6	63	232	245
8	1	6	64	344	370
8	1	6	65	388	438
8	9	6	66	689	753
8	7	3	67	891	934
8	9	9	68	934	967
9	0	2	69	0	56
9	3	4	70	157	224
9	0	2	71	237	270
9	7	7	72	346	400
9	3	8	73	538	619
9	2	5	74	664	714
9	8	0	75	763	774
9	8	0	76	774	850
9	8	7	77	960	1009
10	2	1	78	11	37
10	0	8	79	151	237
10	2	1	80	305	366
10	5	2	81	454	514
10	8	4	82	538	594
10	1	0	83	594	622
10	6	3	84	769	866
10	7	3	85	934	954
10	9	5	86	1001	1027
11	6	3	87	0	40
11	4	0	88	229	293
11	5	3	89	342	385
11	5	2	90	428	454
11	8	8	91	511	538
11	8	8	92	623	699
11	1	9	93	760	820
11	7	3	94	1002	1051
12	7	0	95	0	45
12	6	9	96	162	226
12	4	0	97	306	377
12	6	9	98	505	555
12	2	1	99	555	569
12	2	5	100	614	664
12	9	9	101	820	852
12	4	7	102	911	938
12	7	3	103	954	1002
12	8	8	104	1030	1047
13	3	8	105	33	122
13	9	5	106	197	275
13	3	4	107	298	344
13	5	2	108	385	428
13	3	4	109	434	504
13	6	9	110	555	620
13	7	3	111	667	716
13	0	5	112	773	840
13	6	0	113	937	1013
13	9	7	114	1027	1038
14	7	3	115	104	195
14	5	9	116	229	278
14	0	2	117	514	586
14	8	4	118	594	623
14	2	5	119	714	762
14	4	7	120	866	898
14	2	1	121	953	983
15	3	8	122	0	33
15	2	1	123	69	131
15	2	1	124	203	246
15	9	5	125	340	417
15	9	5	126	518	610
15	9	6	127	624	676
15	6	9	128	687	714
15	4	7	129	773	866
15	0	5	130	932	1001
16	4	4	131	67	116
16	9	5	132	150	197
16	1	6	133	370	388
16	1	0	134	450	498
16	7	3	135	623	667
16	9	6	136	753	790
16	3	8	137	862	914
17	8	6	138	20	68
17	5	3	139	80	96
17	5	4	140	133	157
17	6	3	141	283	329
17	9	5	142	417	518
17	2	1	143	569	614
17	2	1	144	813	877
17	3	8	145	914	1003
18	6	9	146	40	72
18	5	2	147	157	229
18	2	1	148	246	258
18	0	2	149	337	377
18	6	3	150	385	432
18	2	4	151	504	535
18	1	0	152	622	651
18	4	7	153	659	725
18	8	4	154	859	954
19	8	7	155	68	167
19	1	6	156	245	321
19	7	0	157	431	450
19	7	3	158	497	533
19	4	0	159	559	587
19	6	9	160	620	687
19	4	7	161	725	773
19	5	2	162	967	1050
20	3	4	163	224	298
20	4	0	164	498	527
20	0	9	165	852	861
20	5	2	166	865	895
20	6	0	167	1013	1048
21	1	4	168	0	65
21	4	0	169	159	229
21	7	7	170	276	346
21	8	8	171	346	441
21	1	7	172	570	594
21	3	1	173	619	711
21	5	4	174	713	794
21	9	5	175	852	932
21	1	6	176	963	990
21	1	9	177	1036	1049
22	9	5	178	0	38
22	2	1	179	258	305
22	1	6	180	321	344
22	2	1	181	428	504
22	6	9	182	714	745
22	2	1	183	877	953
23	4	7	184	0	67
23	7	3	185	195	276
23	0	6	186	445	508
23	3	1	187	508	538
23	5	6	188	538	624
23	1	0	189	651	697
23	1	0	190	697	760
23	4	4	191	960	1051
24	7	0	192	45	104
24	8	8	193	283	344
24	4	7	194	594	659
24	3	8	195	830	862
24	5	2	196	948	967
24	9	9	197	967	989


Solution History:
