This is the output of Heuristic Solver for Dual resource constrained flexible job shop Scheduling Problem.
Input file is: wfjsp6_7.txt
Method: FaFMJ
Seed: 1
Number of Jobs: 12
Number of Operations: 79
Number of Machines: 5
Number of Operators: 5
CPU Time: 8.57661
obj: 888
Best found lower bound:0
Solver gap (best found lower bound and upper bound difference): Not known


Final Solution:
Job	Machine	Operator	Operation	Start Time	Finish Time
0	1	0	0	148	233
0	1	0	1	233	245
0	1	0	2	245	287
0	4	0	3	357	452
0	2	2	4	561	588
0	1	3	5	624	665
0	0	0	6	711	751
0	2	2	7	796	835
1	3	1	8	0	10
1	0	3	9	39	78
1	2	2	10	79	159
1	3	4	11	287	360
1	0	3	12	389	468
1	4	1	13	766	828
1	0	0	14	838	876
2	3	4	15	10	28
2	3	4	16	28	114
2	1	3	17	310	389
2	0	0	18	468	522
2	3	4	19	646	719
2	3	4	20	719	799
2	2	2	21	835	866
3	2	2	22	68	79
3	3	4	23	471	549
4	2	2	24	0	10
4	1	0	25	25	79
4	4	1	26	144	156
4	0	3	27	178	257
4	2	2	28	273	336
4	3	4	29	392	425
4	4	2	30	457	536
4	4	1	31	686	766
4	1	3	32	791	874
4	1	3	33	874	888
5	0	3	34	78	159
5	2	1	35	159	243
5	3	4	36	261	287
5	1	0	37	287	310
5	3	1	38	360	392
5	2	2	39	392	457
5	4	1	40	536	617
5	0	0	41	617	711
5	0	0	42	751	838
6	0	3	43	0	39
6	4	1	44	58	85
6	4	2	45	159	199
6	4	1	46	273	357
6	0	0	47	522	576
6	2	2	48	588	646
6	2	2	49	646	709
6	3	4	50	799	825
6	3	4	51	825	865
7	1	0	52	79	148
7	2	1	53	243	271
7	0	3	54	271	287
7	0	0	55	310	352
7	1	3	56	479	553
7	0	0	57	576	615
7	1	3	58	748	791
7	4	1	59	862	888
8	1	0	60	0	25
8	4	1	61	25	58
8	3	4	62	114	181
8	4	2	63	199	273
8	1	1	64	392	479
8	3	4	65	549	605
8	4	1	66	617	686
8	2	2	67	709	796
9	2	2	68	10	68
9	1	3	69	553	624
10	0	3	70	159	178
10	2	1	71	479	534
11	4	1	72	85	144
11	3	4	73	181	261
11	3	4	74	425	471
11	2	2	75	536	561
11	3	4	76	605	646
11	1	3	77	665	748
11	4	1	78	828	862


Solution History:
