This is the output of Heuristic Solver for Dual resource constrained flexible job shop Scheduling Problem.
Input file is: wfjsp18_1.txt
Method: FaFMJ
Seed: 4
Number of Jobs: 20
Number of Operations: 150
Number of Machines: 10
Number of Operators: 8
CPU Time: 58.7762
obj: 957
Best found lower bound:0
Solver gap (best found lower bound and upper bound difference): Not known


Final Solution:
Job	Machine	Operator	Operation	Start Time	Finish Time
0	8	3	0	135	218
0	6	6	1	301	327
0	5	0	2	354	401
0	1	6	3	492	590
0	0	6	4	731	815
1	1	2	5	42	107
1	4	7	6	375	447
1	4	3	7	448	481
1	8	4	8	531	569
1	3	2	9	573	612
1	4	4	10	698	708
1	2	0	11	741	757
1	5	3	12	769	783
1	4	1	13	906	956
2	4	1	14	25	96
2	5	1	15	96	150
2	6	7	16	274	301
2	1	5	17	308	316
2	7	3	18	329	386
2	0	2	19	617	665
2	1	5	20	741	840
3	6	0	21	83	173
3	6	3	22	481	531
3	7	5	23	573	647
3	0	4	24	665	679
3	4	7	25	791	824
3	6	4	26	931	957
4	5	1	27	0	25
4	1	2	28	127	176
4	3	1	29	176	259
4	3	1	30	365	407
4	7	0	31	451	517
4	5	0	32	783	872
4	6	6	33	875	928
5	2	0	34	0	15
5	5	5	35	44	88
5	3	6	36	100	124
5	3	6	37	124	156
5	6	6	38	368	447
5	8	4	39	466	531
5	9	5	40	532	562
5	7	1	41	724	818
5	0	6	42	931	955
6	2	5	43	88	148
6	2	5	44	148	161
6	0	6	45	238	252
6	5	1	46	259	342
6	6	0	47	531	540
6	6	0	48	540	552
6	5	4	49	617	658
6	3	2	50	666	745
7	3	2	51	0	17
7	7	0	52	17	83
7	1	5	53	351	408
7	7	5	54	647	684
7	3	2	55	878	921
8	0	7	56	61	147
8	6	6	57	327	368
8	2	5	58	430	532
8	9	6	59	590	651
8	2	0	60	757	782
8	4	7	61	837	906
9	8	5	62	0	19
9	2	7	63	19	61
9	6	0	64	173	268
9	1	5	65	316	351
9	8	1	66	407	426
9	4	7	67	520	564
9	2	5	68	684	741
9	0	6	69	815	875
9	8	4	70	875	913
10	4	4	71	0	23
10	9	4	72	99	139
10	0	7	73	147	187
10	0	6	74	252	296
10	0	4	75	569	617
10	9	6	76	651	731
10	7	1	77	818	897
11	9	6	78	156	238
11	0	2	79	383	477
11	2	3	80	532	613
11	6	7	81	695	735
11	4	7	82	824	837
11	0	4	83	913	931
11	1	5	84	939	947
12	8	3	85	58	135
12	3	2	86	259	298
12	8	3	87	299	329
12	1	5	88	408	425
12	0	2	89	477	515
12	3	1	90	617	666
12	9	3	91	783	800
12	1	5	92	885	939
13	9	4	93	23	99
13	1	2	94	107	127
13	3	1	95	156	175
13	7	2	96	176	246
13	7	5	97	297	308
13	5	1	98	451	540
13	6	3	99	613	695
13	3	2	100	745	798
13	2	4	101	828	866
14	4	4	102	139	237
14	9	4	103	238	317
14	3	3	104	410	448
14	6	0	105	552	607
14	0	4	106	679	698
14	7	3	107	897	944
14	9	3	108	944	957
15	6	6	109	0	83
15	2	5	110	242	297
15	0	2	111	298	383
15	9	3	112	386	410
15	7	1	113	426	449
15	9	7	114	449	520
15	1	0	115	607	628
15	1	0	116	650	739
15	9	3	117	800	895
16	9	3	118	0	12
16	1	2	119	17	42
16	3	6	120	83	100
16	4	0	121	268	354
16	2	4	122	375	430
16	5	1	123	540	617
16	8	1	124	666	724
16	6	7	125	735	774
16	1	5	126	840	885
16	3	2	127	921	957
17	8	5	128	19	44
17	1	7	129	187	274
17	8	1	130	342	365
17	2	0	131	628	650
17	6	4	132	791	828
18	0	7	133	0	16
18	0	3	134	16	58
18	2	5	135	161	242
18	9	4	136	317	374
18	8	4	137	430	466
18	4	7	138	564	651
18	4	7	139	651	692
18	5	3	140	695	769
18	3	2	141	798	878
18	2	7	142	906	953
19	8	3	143	218	299
19	2	7	144	301	375
19	5	0	145	401	451
19	3	6	146	451	492
19	7	2	147	517	573
19	4	4	148	708	791
19	5	0	149	872	957


Solution History:
