This is the output of Heuristic Solver for Dual resource constrained flexible job shop Scheduling Problem.
Input file is: wfjsp22_10.txt
Method: FaFMJ
Seed: 5
Number of Jobs: 30
Number of Operations: 235
Number of Machines: 15
Number of Operators: 12
CPU Time: 215.821
obj: 1077
Best found lower bound:0
Solver gap (best found lower bound and upper bound difference): Not known


Final Solution:
Job	Machine	Operator	Operation	Start Time	Finish Time
0	12	7	0	28	93
0	3	5	1	208	290
0	3	4	2	354	420
0	11	8	3	578	658
0	13	6	4	742	804
0	8	6	5	892	921
0	13	3	6	953	990
0	3	5	7	1024	1073
1	6	1	8	89	177
1	4	1	9	177	205
1	2	8	10	259	297
1	4	11	11	319	354
1	6	6	12	438	517
1	9	10	13	635	710
1	6	4	14	772	834
1	10	11	15	841	926
2	3	0	16	110	192
2	3	2	17	192	205
2	1	10	18	217	225
2	4	0	19	242	293
2	12	10	20	479	553
2	4	9	21	565	642
2	10	2	22	754	811
2	11	4	23	868	938
3	8	4	24	68	112
3	8	4	25	112	132
3	0	7	26	362	406
3	7	1	27	487	505
3	3	10	28	788	875
4	3	7	29	0	28
4	0	7	30	191	263
4	2	10	31	407	479
4	12	7	32	652	720
4	11	4	33	834	868
4	3	10	34	968	1024
5	4	6	35	87	161
5	12	7	36	178	191
5	11	4	37	222	241
5	12	7	38	263	280
5	12	3	39	402	450
5	0	3	40	539	575
5	14	7	41	748	838
5	0	1	42	861	931
6	9	4	43	132	222
6	0	7	44	348	362
6	11	4	45	545	558
6	3	3	46	598	669
6	0	1	47	931	979
6	10	0	48	1008	1023
7	10	8	49	169	259
7	5	11	50	521	605
7	8	4	51	678	704
7	3	5	52	898	968
7	11	2	53	1024	1033
8	9	0	54	31	110
8	11	4	55	241	317
8	9	3	56	321	339
8	9	3	57	339	402
8	0	9	58	487	524
8	6	4	59	537	545
8	14	7	60	565	652
8	5	8	61	853	894
8	14	1	62	994	1076
9	1	3	63	78	150
9	1	11	64	354	441
9	12	10	65	553	635
9	11	8	66	658	703
9	2	0	67	747	798
9	14	1	68	845	861
9	6	3	69	930	953
9	5	8	70	986	1006
9	9	10	71	1024	1045
10	11	2	72	38	96
10	8	6	73	309	358
10	13	0	74	396	417
10	10	11	75	679	754
10	2	0	76	1023	1074
11	13	9	77	0	37
11	8	10	78	147	183
11	11	6	79	358	438
11	3	3	80	450	489
11	1	4	81	500	537
11	13	5	82	700	721
11	2	2	83	734	746
11	7	7	84	845	926
11	6	2	85	1033	1071
12	14	6	86	0	34
12	14	6	87	245	309
12	3	0	88	510	585
12	11	1	89	705	720
12	6	3	90	840	930
13	2	5	91	0	64
13	5	8	92	65	95
13	9	10	93	225	242
13	1	10	94	242	339
13	8	10	95	358	403
13	9	4	96	420	500
13	8	6	97	517	596
13	8	10	98	710	774
13	2	2	99	811	899
13	2	6	100	921	1008
14	4	3	101	0	72
14	5	11	102	230	319
14	13	5	103	487	579
14	10	11	104	640	679
14	3	7	105	720	748
14	7	1	106	796	845
14	9	9	107	936	1009
14	1	3	108	1058	1073
15	10	11	109	78	154
15	7	6	110	161	172
15	9	3	111	244	321
15	13	9	112	419	487
15	7	7	113	515	558
15	2	2	114	644	734
15	13	8	115	1006	1077
16	0	9	116	112	191
16	13	2	117	205	284
16	14	5	118	339	407
16	13	0	119	585	674
16	0	6	120	714	742
16	5	0	121	798	837
16	9	0	122	837	925
16	10	11	123	1053	1077
17	5	11	124	154	230
17	7	2	125	376	396
17	5	8	126	407	430
17	2	6	127	596	637
17	1	4	128	710	743
17	12	4	129	743	772
17	8	2	130	986	1024
18	7	4	131	18	67
18	2	6	132	67	87
18	8	1	133	205	291
18	2	8	134	297	307
18	7	5	135	407	487
18	1	2	136	566	581
18	1	2	137	581	644
18	13	5	138	808	898
18	14	7	139	968	991
18	0	7	140	991	1062
19	14	9	141	37	112
19	12	0	142	192	242
19	10	1	143	339	431
19	10	2	144	499	566
19	9	9	145	710	780
19	12	10	146	875	888
19	12	8	147	894	969
20	10	8	148	0	65
20	6	9	149	191	278
20	6	1	150	291	338
20	1	10	151	339	351
20	2	8	152	375	407
20	2	8	153	499	578
20	4	3	154	669	750
20	1	9	155	780	865
20	1	11	156	974	1053
21	12	7	157	93	178
21	1	10	158	183	217
21	10	9	159	310	339
21	10	8	160	431	499
21	5	1	161	620	705
21	11	4	162	938	965
21	12	3	163	994	1058
22	0	1	164	0	89
22	7	6	165	172	220
22	7	7	166	280	348
22	8	7	167	406	483
22	8	7	168	483	515
22	14	9	169	524	565
22	14	0	170	674	722
22	11	5	171	722	808
22	7	0	172	926	1008
22	4	9	173	1009	1077
23	9	0	174	0	31
23	14	3	175	150	244
23	0	5	176	290	339
23	5	11	177	441	521
23	5	1	178	605	620
23	1	9	179	644	710
23	8	10	180	774	788
23	12	8	181	788	853
23	4	9	182	894	914
23	8	11	183	926	974
24	8	10	184	0	68
24	11	8	185	96	169
24	12	2	186	284	376
24	14	0	187	417	510
24	7	4	188	558	622
24	7	5	189	666	700
24	6	0	190	722	747
24	8	6	191	804	892
24	6	5	192	968	1023
24	8	4	193	1024	1077
25	13	5	194	64	131
25	11	5	195	178	208
25	6	9	196	339	419
25	11	3	197	494	539
25	8	11	198	605	640
25	0	3	199	750	840
25	14	7	200	926	968
25	12	1	201	979	994
25	9	10	202	1045	1068
26	11	2	203	0	38
26	2	6	204	220	245
26	10	9	205	278	310
26	11	4	206	317	354
26	0	1	207	431	485
26	6	6	208	637	714
26	4	9	209	865	894
26	11	4	210	965	1012
27	7	10	211	68	147
27	2	8	212	307	375
27	11	2	213	468	494
27	9	1	214	505	583
27	9	1	215	583	605
27	5	8	216	705	784
27	13	9	217	914	936
27	5	6	218	1008	1076
28	12	4	219	0	18
28	5	6	220	34	62
28	2	2	221	96	183
28	4	2	222	396	468
28	6	3	223	575	598
28	7	4	224	622	640
28	8	4	225	640	678
28	7	1	226	720	796
28	5	2	227	899	986
29	1	11	228	0	78
29	13	5	229	131	178
29	3	0	230	293	345
29	13	0	231	345	396
29	0	5	232	579	666
29	4	11	233	754	841
29	1	10	234	888	968


Solution History:
