This is the output of Heuristic Solver for Dual resource constrained flexible job shop Scheduling Problem.
Input file is: wfjsp24_4.txt
Method: FaFMJ
Seed: 2
Number of Jobs: 40
Number of Operations: 306
Number of Machines: 15
Number of Operators: 12
CPU Time: 611.369
obj: 1319
Best found lower bound:0
Solver gap (best found lower bound and upper bound difference): Not known


Final Solution:
Job	Machine	Operator	Operation	Start Time	Finish Time
0	1	7	0	122	204
0	8	2	1	338	399
0	1	3	2	418	486
0	1	1	3	573	637
0	10	2	4	878	968
0	10	0	5	978	1009
0	6	9	6	1061	1111
0	0	2	7	1205	1218
0	0	9	8	1250	1296
1	11	6	9	0	19
1	5	8	10	32	46
1	3	4	11	46	82
1	6	5	12	228	304
1	4	6	13	492	514
1	8	10	14	579	653
1	7	0	15	826	902
1	6	2	16	979	1042
1	7	0	17	1217	1266
2	0	5	18	0	35
2	10	7	19	67	83
2	9	7	20	294	340
2	7	5	21	433	510
2	2	1	22	728	738
2	8	11	23	823	888
2	12	1	24	1151	1222
3	10	7	25	110	122
3	14	5	26	152	228
3	2	11	27	383	454
3	4	6	28	612	702
3	14	3	29	884	930
3	3	4	30	1160	1260
4	0	4	31	183	249
4	6	5	32	510	587
4	5	11	33	725	772
4	9	3	34	930	946
4	2	8	35	969	1035
4	12	7	36	1252	1280
4	11	9	37	1296	1318
5	0	1	38	116	178
5	13	0	39	253	301
5	2	0	40	538	601
5	0	2	41	643	675
5	11	8	42	919	969
5	13	9	43	1168	1250
6	11	8	44	158	229
6	3	9	45	289	355
6	5	11	46	454	484
6	11	4	47	603	627
6	0	6	48	762	825
6	7	10	49	940	968
6	5	7	50	985	1036
6	0	9	51	1141	1168
7	5	11	52	113	209
7	1	5	53	304	342
7	7	6	54	402	417
7	7	6	55	514	541
7	14	5	56	613	702
7	7	10	57	810	822
7	4	8	58	849	919
7	13	5	59	1071	1118
7	10	6	60	1260	1319
8	1	1	61	72	116
8	6	2	62	196	228
8	2	11	63	258	270
8	14	8	64	312	338
8	14	3	65	529	580
8	3	5	66	856	912
8	13	1	67	991	1034
8	14	4	68	1278	1314
9	0	9	69	43	96
9	2	0	70	191	253
9	0	2	71	304	338
9	10	7	72	459	512
9	1	1	73	738	816
9	5	7	74	888	935
9	7	11	75	985	996
9	11	2	76	1042	1118
9	11	6	77	1160	1208
10	9	7	78	0	20
10	1	10	79	219	294
10	8	2	80	399	460
10	4	7	81	533	586
10	13	6	82	702	762
10	0	10	83	825	852
10	12	9	84	911	1010
10	13	9	85	1038	1061
10	2	5	86	1217	1246
11	13	1	87	0	43
11	10	7	88	204	271
11	9	3	89	486	529
11	9	10	90	653	678
11	3	4	91	722	752
11	2	1	92	816	886
11	2	3	93	1035	1089
11	7	2	94	1274	1312
12	8	2	95	0	49
12	13	1	96	178	250
12	1	8	97	486	553
12	7	11	98	678	725
12	9	10	99	729	742
12	9	8	100	798	849
12	5	11	101	955	985
12	8	11	102	1006	1034
12	7	2	103	1158	1205
12	9	3	104	1244	1263
13	7	10	105	65	136
13	4	2	106	228	304
13	12	4	107	331	378
13	10	0	108	402	449
13	8	10	109	514	579
13	6	5	110	732	809
13	9	9	111	863	911
13	9	11	112	1034	1104
13	14	8	113	1189	1264
13	12	3	114	1292	1302
14	7	6	115	154	248
14	14	1	116	378	427
14	10	0	117	679	763
14	14	3	118	851	884
14	1	7	119	935	984
14	7	9	120	1111	1141
14	8	7	121	1280	1312
15	5	8	122	0	32
15	3	8	123	97	158
15	2	10	124	294	342
15	12	6	125	417	492
15	13	7	126	586	679
15	11	11	127	772	823
15	3	10	128	968	996
15	7	5	129	996	1071
15	6	5	130	1246	1318
16	11	7	131	20	67
16	0	6	132	249	298
16	8	2	133	460	478
16	9	6	134	564	612
16	4	3	135	703	743
16	9	3	136	946	986
16	4	6	137	1208	1260
17	10	11	138	0	47
17	8	10	139	50	65
17	9	3	140	184	210
17	10	11	141	271	321
17	0	2	142	548	643
17	1	10	143	688	727
17	4	4	144	919	983
17	1	10	145	1174	1245
18	3	9	146	14	43
18	2	0	147	107	191
18	8	11	148	321	335
18	9	7	149	412	459
18	13	1	150	530	573
18	6	2	151	678	711
18	7	9	152	746	775
18	6	11	153	888	955
18	2	5	154	1118	1217
19	3	9	155	163	262
19	11	8	156	384	450
19	12	7	157	512	533
19	1	11	158	650	678
19	14	5	159	702	732
19	11	6	160	825	896
19	14	5	161	947	993
19	6	3	162	1168	1244
20	0	10	163	342	411
20	14	5	164	587	613
20	2	8	165	620	629
20	12	9	166	1010	1038
20	6	2	167	1118	1158
21	6	3	168	0	65
21	8	10	169	136	219
21	9	7	170	340	412
21	3	10	171	412	514
21	7	6	172	541	564
21	14	4	173	752	846
21	0	1	174	920	991
21	10	0	175	1058	1161
21	4	8	176	1264	1290
21	2	3	177	1302	1316
22	9	5	178	35	78
22	12	3	179	283	329
22	1	5	180	342	366
22	3	4	181	627	722
22	1	1	182	888	920
22	8	1	183	1034	1128
23	8	3	184	65	132
23	12	3	185	210	283
23	10	6	186	325	402
23	5	0	187	509	538
23	0	9	188	678	746
23	8	10	189	897	940
23	5	7	190	1036	1099
23	5	1	191	1222	1319
24	2	6	192	19	80
24	6	0	193	449	509
24	13	3	194	775	851
24	10	2	195	1218	1244
24	3	4	196	1260	1278
24	9	10	197	1294	1316
25	14	8	198	229	312
25	6	11	199	335	383
25	1	10	200	678	688
25	9	8	201	692	729
25	3	0	202	763	826
25	12	6	203	1056	1151
26	14	9	204	0	14
26	12	4	205	82	164
26	11	6	206	298	325
26	11	4	207	477	555
26	5	3	208	580	606
26	10	0	209	665	679
26	9	3	210	743	775
26	1	7	211	824	888
26	3	8	212	1061	1127
26	2	10	213	1246	1294
27	1	1	214	43	72
27	4	8	215	450	484
27	8	7	216	679	706
27	1	10	217	996	1009
27	3	8	218	1290	1317
28	7	0	219	0	47
28	13	3	220	329	418
28	6	9	221	588	678
28	13	0	222	902	978
28	10	0	223	1161	1217
29	11	6	224	80	154
29	8	7	225	271	294
29	14	4	226	442	477
29	5	3	227	606	703
29	12	10	228	852	897
29	14	0	229	1009	1058
29	8	7	230	1206	1252
30	14	2	231	49	132
30	9	11	232	210	258
30	4	4	233	382	442
30	12	8	234	553	620
30	8	2	235	711	799
30	3	4	236	846	856
30	1	10	237	1009	1037
30	5	8	238	1127	1189
30	9	11	239	1216	1244
31	13	0	240	47	107
31	11	4	241	249	296
31	13	9	242	453	524
31	7	0	243	601	665
31	11	7	244	706	753
31	3	5	245	912	947
31	6	2	246	968	979
31	11	3	247	986	1029
31	1	10	248	1143	1174
31	13	0	249	1266	1319
32	5	8	250	46	97
32	6	9	251	97	163
32	4	4	252	304	331
32	2	1	253	349	378
32	0	1	254	480	530
32	2	10	255	742	810
32	0	4	256	856	919
32	0	4	257	1042	1133
32	11	4	258	1133	1160
32	9	3	259	1263	1292
33	4	11	260	47	113
33	0	1	261	427	480
33	11	8	262	629	692
33	2	6	263	896	956
33	14	3	264	1089	1168
34	9	5	265	78	152
34	5	9	266	382	453
34	11	4	267	555	603
34	12	1	268	692	728
34	3	8	269	1035	1061
34	9	11	270	1104	1147
34	9	11	271	1147	1216
35	12	4	272	164	183
35	7	0	273	301	402
35	10	11	274	530	635
35	6	5	275	809	856
35	1	10	276	1037	1143
36	12	10	277	0	50
36	10	7	278	83	110
36	3	9	279	262	289
36	11	8	280	338	384
36	14	2	281	478	526
36	12	1	282	637	692
36	4	7	283	753	824
36	0	11	284	996	1006
36	10	6	285	1009	1056
36	1	11	286	1245	1317
37	5	1	287	250	349
37	1	5	288	366	383
37	3	9	289	524	588
37	10	2	290	799	878
37	4	7	291	1099	1206
38	4	2	292	132	196
38	4	9	293	355	382
38	2	11	294	484	530
38	12	8	295	729	798
38	4	4	296	983	1042
39	4	4	297	0	38
39	10	3	298	132	184
39	6	5	299	383	433
39	0	2	300	530	548
39	2	11	301	635	650
39	5	9	302	775	863
39	8	6	303	956	1003
39	13	1	304	1128	1151
39	11	2	305	1244	1274


Solution History:
