This is the output of Heuristic Solver for Dual resource constrained flexible job shop Scheduling Problem.
Input file is: wfjsp9_10.txt
Method: FaFMJ
Seed: 2
Number of Jobs: 15
Number of Operations: 127
Number of Machines: 5
Number of Operators: 5
CPU Time: 45.7642
obj: 1456
Best found lower bound:0
Solver gap (best found lower bound and upper bound difference): Not known


Final Solution:
Job	Machine	Operator	Operation	Start Time	Finish Time
0	4	3	0	0	86
0	3	1	1	352	436
0	3	3	2	552	623
0	3	3	3	753	839
0	3	0	4	1037	1090
0	1	1	5	1112	1143
0	2	4	6	1161	1196
0	3	0	7	1322	1381
1	0	2	8	129	218
1	4	4	9	218	246
1	1	0	10	335	371
1	4	4	11	455	491
1	3	3	12	663	753
1	3	3	13	839	923
1	0	2	14	1116	1182
1	2	4	15	1196	1283
2	0	2	16	218	300
2	4	4	17	335	350
2	4	4	18	350	359
2	1	0	19	388	437
2	1	0	20	735	806
2	0	4	21	936	1026
2	2	4	22	1026	1078
2	4	3	23	1105	1179
3	2	2	24	0	43
3	1	0	25	217	240
3	4	4	26	282	335
3	4	3	27	491	513
3	1	0	28	555	643
3	1	0	29	806	838
3	2	2	30	897	973
3	3	0	31	1235	1322
4	2	2	32	43	107
4	3	1	33	316	352
4	1	0	34	437	499
4	0	4	35	669	750
4	0	4	36	750	765
4	2	2	37	1002	1026
4	1	1	38	1090	1112
4	4	3	39	1314	1371
4	3	0	40	1420	1454
5	2	3	41	351	439
5	0	2	42	593	663
5	2	2	43	669	757
5	2	2	44	973	988
5	2	2	45	988	1002
5	3	0	46	1090	1161
5	1	1	47	1279	1327
5	3	0	48	1381	1395
6	0	4	49	34	129
6	0	2	50	300	387
6	3	1	51	436	465
6	0	2	52	520	593
6	2	4	53	660	669
6	0	4	54	765	847
6	4	1	55	987	1066
6	0	2	56	1270	1291
6	4	1	57	1371	1440
7	1	0	58	0	36
7	3	1	59	48	57
7	1	0	60	124	217
7	2	3	61	439	486
7	2	4	62	573	660
7	2	2	63	825	897
7	0	2	64	1026	1116
7	0	2	65	1291	1370
8	3	1	66	0	48
8	2	3	67	294	351
8	1	0	68	371	388
8	0	2	69	494	520
8	2	2	70	803	825
8	1	1	71	1066	1090
8	1	1	72	1143	1192
8	4	3	73	1265	1314
8	1	1	74	1327	1350
9	3	1	75	76	148
9	2	3	76	198	245
9	3	0	77	501	544
9	3	3	78	623	663
9	1	0	79	838	920
9	4	3	80	1066	1105
9	0	4	81	1374	1411
9	0	4	82	1411	1438
9	1	1	83	1444	1456
10	1	0	84	240	335
10	0	2	85	387	423
10	3	1	86	465	501
10	4	1	87	555	624
10	4	1	88	884	960
10	3	0	89	1021	1037
10	4	3	90	1179	1265
10	1	3	91	1371	1444
11	0	4	92	0	34
11	3	1	93	57	76
11	2	3	94	107	198
11	2	3	95	245	294
11	2	4	96	491	573
11	4	1	97	719	806
11	3	0	98	955	1021
11	0	2	99	1182	1270
11	2	4	100	1283	1374
12	3	1	101	236	316
12	4	4	102	359	455
12	4	1	103	624	719
12	2	2	104	757	803
12	3	0	105	923	955
12	1	3	106	1011	1064
12	1	1	107	1192	1279
12	4	4	108	1440	1456
13	1	0	109	36	124
13	4	4	110	129	143
13	4	4	111	143	218
13	0	2	112	423	494
13	1	1	113	501	555
13	1	0	114	643	735
13	4	1	115	806	884
13	1	3	116	923	1011
13	2	4	117	1078	1161
13	2	2	118	1374	1447
14	3	1	119	148	236
14	4	4	120	246	282
14	4	3	121	513	552
14	0	4	122	847	936
14	4	1	123	960	987
14	3	0	124	1161	1235
14	1	1	125	1350	1368
14	3	0	126	1395	1420


Solution History:
