This is the output of Heuristic Solver for Dual resource constrained flexible job shop Scheduling Problem.
Input file is: wfjsp6_2.txt
Method: FaFMJ
Seed: 4
Number of Jobs: 12
Number of Operations: 76
Number of Machines: 5
Number of Operators: 5
CPU Time: 14.8103
obj: 809
Best found lower bound:0
Solver gap (best found lower bound and upper bound difference): Not known


Final Solution:
Job	Machine	Operator	Operation	Start Time	Finish Time
0	4	1	0	63	143
0	4	1	1	350	426
0	4	1	2	426	448
0	4	1	3	448	487
0	4	1	4	487	504
0	3	0	5	609	629
0	4	1	6	694	766
0	1	3	7	795	805
1	4	1	8	143	220
1	4	1	9	307	350
1	3	4	10	411	468
1	2	2	11	475	492
1	1	4	12	498	563
1	0	4	13	674	747
2	0	3	14	108	176
2	3	3	15	209	281
2	1	0	16	288	320
2	1	3	17	580	624
3	4	1	18	0	23
3	1	0	19	23	80
3	2	2	20	187	264
3	0	3	21	490	580
3	2	4	22	581	639
3	3	0	23	740	808
4	0	4	24	0	65
4	1	0	25	80	97
4	1	0	26	97	109
4	4	1	27	220	307
4	2	2	28	350	375
4	3	0	29	473	553
4	0	2	30	581	674
5	3	3	31	90	108
5	3	4	32	108	169
5	1	0	33	209	288
5	0	4	34	350	411
5	1	4	35	473	498
5	4	1	36	537	589
6	2	2	37	151	187
6	3	3	38	281	354
6	2	2	39	492	581
6	1	3	40	692	715
6	3	0	41	726	740
6	4	1	42	766	797
7	1	0	43	0	17
7	4	1	44	23	63
7	2	2	45	76	151
7	1	0	46	169	209
7	2	2	47	375	475
7	3	0	48	629	726
7	0	4	49	747	809
8	3	3	50	176	209
8	0	2	51	283	350
8	2	2	52	674	713
9	2	2	53	0	25
9	0	4	54	65	101
9	1	0	55	122	169
9	0	2	56	264	283
9	1	0	57	334	405
9	1	0	58	405	473
9	0	3	59	478	490
9	4	1	60	504	537
9	4	1	61	641	694
9	1	3	62	715	795
10	2	2	63	25	76
10	2	4	64	264	344
10	4	1	65	589	641
10	2	4	66	641	665
11	3	3	67	0	90
11	1	0	68	109	122
11	0	4	69	176	260
11	1	0	70	320	334
11	3	3	71	354	410
11	0	3	72	411	478
11	3	0	73	553	609
11	1	3	74	624	692
11	2	2	75	713	798


Solution History:
