This is the output of Heuristic Solver for Dual resource constrained flexible job shop Scheduling Problem.
Input file is: wfjsp16_7.txt
Method: FaFMJ
Seed: 3
Number of Jobs: 40
Number of Operations: 313
Number of Machines: 15
Number of Operators: 15
CPU Time: 371.444
obj: 1115
Best found lower bound:0
Solver gap (best found lower bound and upper bound difference): Not known


Final Solution:
Job	Machine	Operator	Operation	Start Time	Finish Time
0	8	12	0	95	183
0	9	13	1	327	336
0	9	13	2	336	377
0	10	8	3	540	628
0	12	10	4	729	752
0	14	0	5	785	823
0	8	11	6	923	957
0	14	12	7	1002	1042
1	2	3	8	0	9
1	14	10	9	12	55
1	9	1	10	166	250
1	9	12	11	381	450
1	7	11	12	451	534
1	14	2	13	594	645
1	3	0	14	705	743
1	14	2	15	760	778
1	8	11	16	831	923
1	9	14	17	991	1075
2	14	1	18	55	122
2	12	5	19	252	318
2	0	1	20	362	435
2	14	1	21	445	476
2	13	8	22	508	521
2	0	11	23	636	727
2	3	9	24	785	798
2	6	14	25	831	893
2	10	8	26	921	930
2	1	0	27	962	1051
3	6	14	28	40	95
3	7	11	29	387	413
3	1	2	30	445	528
3	8	7	31	671	746
3	9	14	32	913	991
4	2	3	33	9	20
4	10	7	34	23	103
4	6	13	35	193	283
4	4	10	36	291	313
4	8	0	37	335	360
4	3	9	38	472	509
4	0	9	39	509	597
4	14	2	40	686	760
4	13	8	41	836	921
4	13	1	42	1016	1100
5	3	2	43	0	35
5	8	12	44	67	95
5	8	11	45	276	313
5	13	6	46	533	610
5	10	8	47	661	729
5	0	11	48	957	1019
6	5	4	49	35	97
6	3	0	50	122	146
6	11	10	51	254	291
6	8	7	52	406	487
6	8	14	53	549	585
6	7	11	54	602	618
6	6	14	55	691	747
6	4	6	56	857	924
6	7	13	57	1003	1042
7	4	6	58	0	36
7	4	11	59	36	61
7	3	0	60	146	171
7	3	2	61	255	290
7	7	9	62	338	387
7	12	4	63	540	597
7	10	6	64	729	805
7	2	7	65	990	1046
8	3	13	66	35	122
8	14	7	67	202	277
8	6	3	68	385	448
8	11	5	69	537	598
8	3	0	70	685	705
8	0	11	71	755	817
8	9	13	72	844	913
8	6	4	73	999	1081
9	9	1	74	122	166
9	5	13	75	386	408
9	6	8	76	448	487
9	7	10	77	655	729
9	2	10	78	1081	1115
10	12	5	79	136	177
10	11	12	80	308	381
10	5	13	81	692	706
10	5	13	82	706	721
10	5	1	83	877	933
11	10	7	84	0	23
11	9	0	85	26	54
11	10	4	86	293	369
11	1	0	87	369	426
11	14	1	88	519	564
11	7	13	89	729	739
11	6	7	90	747	822
11	11	5	91	857	885
11	14	12	92	967	1002
11	5	4	93	1081	1099
12	5	13	94	0	35
12	6	13	95	122	193
12	7	14	96	267	282
12	12	5	97	318	375
12	1	0	98	426	445
12	0	0	99	445	501
12	5	12	100	612	692
12	7	2	101	778	808
12	3	9	102	884	970
12	12	9	103	1064	1115
13	11	10	104	58	91
13	12	5	105	186	252
13	1	8	106	282	340
13	7	11	107	413	451
13	7	11	108	534	602
13	0	11	109	727	755
13	7	2	110	808	836
13	5	13	111	933	944
13	8	7	112	957	990
13	7	13	113	1042	1083
14	1	8	114	161	241
14	8	7	115	360	406
14	13	9	116	636	703
14	6	14	117	893	909
14	2	8	118	932	990
15	6	1	119	0	40
15	1	8	120	80	118
15	5	12	121	222	304
15	6	8	122	342	385
15	6	13	123	519	603
15	1	1	124	691	774
15	6	4	125	912	999
15	14	12	126	1042	1074
16	13	6	127	164	205
16	11	9	128	291	308
16	14	14	129	356	383
16	0	9	130	597	636
16	1	1	131	774	790
16	11	6	132	806	857
17	13	6	133	75	164
17	12	5	134	177	186
17	0	0	135	286	325
17	13	6	136	343	421
17	4	0	137	502	557
17	8	14	138	747	831
17	1	10	139	895	908
17	5	13	140	944	979
17	10	6	141	1003	1055
18	11	12	142	0	58
18	10	4	143	103	184
18	4	11	144	313	384
18	4	3	145	448	502
18	14	12	146	564	594
18	5	4	147	728	821
18	7	2	148	836	921
18	8	8	149	990	1021
19	12	5	150	0	74
19	5	14	151	97	187
19	8	1	152	320	335
19	11	10	153	381	405
19	14	2	154	413	445
19	3	6	155	509	533
19	11	5	156	662	741
19	11	10	157	752	806
19	12	10	158	921	1002
19	4	11	159	1065	1096
20	4	0	160	61	118
20	2	3	161	138	229
20	2	14	162	447	523
20	2	14	163	622	685
20	3	9	164	798	884
20	0	7	165	921	947
20	9	12	166	1075	1102
20	0	7	167	1106	1114
21	9	1	168	250	320
21	2	10	169	533	622
21	13	12	170	801	820
21	5	2	171	979	1018
21	11	14	172	1095	1113
22	12	5	173	74	106
22	1	8	174	118	161
22	3	6	175	290	343
22	5	13	176	408	437
22	5	14	177	588	612
22	2	4	178	691	728
22	1	0	179	908	962
22	3	3	180	1086	1110
23	7	10	181	0	12
23	13	6	182	36	75
23	14	7	183	122	202
23	0	1	184	335	362
23	10	4	185	407	468
23	5	13	186	473	516
23	13	8	187	521	533
23	9	1	188	606	691
23	2	3	189	851	932
23	8	8	190	1021	1097
24	7	2	191	94	174
24	5	12	192	187	222
24	2	3	193	310	384
24	12	5	194	477	537
24	3	13	195	603	643
24	2	8	196	729	769
24	0	0	197	823	907
24	3	9	198	987	1049
24	14	7	199	1081	1093
25	8	11	200	184	276
25	4	14	201	384	444
25	9	12	202	534	559
25	11	5	203	598	662
25	11	5	204	986	1054
26	10	4	205	184	209
26	9	12	206	450	534
26	3	13	207	643	685
26	13	4	208	821	834
26	12	7	209	870	921
27	0	0	210	0	9
27	8	1	211	40	54
27	9	11	212	61	113
27	13	9	213	308	338
27	3	9	214	387	472
27	14	1	215	476	519
27	7	10	216	622	655
27	1	0	217	655	673
27	12	5	218	752	823
27	11	5	219	885	976
28	1	8	220	0	80
28	11	10	221	173	254
28	6	14	222	283	342
28	11	10	223	405	488
28	8	7	224	488	532
28	1	3	225	602	653
28	13	9	226	703	773
28	1	10	227	806	895
28	10	6	228	930	1003
28	0	11	229	1019	1065
29	11	10	230	91	173
29	10	4	231	209	293
29	4	0	232	557	654
29	9	12	233	692	774
29	13	1	234	933	1016
29	6	13	235	1083	1105
30	0	9	236	33	105
30	14	7	237	277	356
30	3	7	238	533	591
30	4	3	239	654	767
30	11	5	240	976	986
30	3	3	241	1049	1086
30	10	6	242	1095	1110
31	9	14	243	0	26
31	2	3	244	229	310
31	12	5	245	375	449
31	10	4	246	468	540
31	9	1	247	564	606
31	10	8	248	628	661
31	3	0	249	743	785
31	14	12	250	896	967
31	12	10	251	1002	1064
32	13	9	252	0	33
32	8	12	253	58	67
32	12	5	254	106	136
32	1	8	255	241	282
32	10	4	256	369	407
32	6	8	257	487	500
32	8	7	258	591	671
32	14	12	259	823	896
32	0	5	260	1065	1106
33	8	11	261	0	35
33	0	9	262	105	190
33	4	0	263	190	286
33	3	10	264	365	374
33	11	10	265	507	533
33	12	6	266	679	725
33	7	13	267	739	771
33	10	4	268	834	912
33	4	3	269	985	1043
34	2	3	270	20	76
34	13	6	271	205	289
34	1	0	272	360	369
34	2	8	273	385	447
34	4	3	274	767	851
34	7	2	275	921	978
34	7	13	276	979	1003
34	2	7	277	1046	1081
35	4	11	278	118	184
35	5	2	279	304	386
35	5	13	280	437	473
35	12	6	281	610	679
35	12	7	282	823	870
35	1	0	283	1051	1112
36	3	2	284	174	255
36	14	2	285	386	413
36	6	4	286	603	691
36	13	12	287	774	801
36	4	3	288	932	985
37	7	2	289	35	94
37	0	9	290	190	285
37	1	10	291	340	351
37	13	6	292	421	508
37	1	3	293	528	602
37	9	13	294	774	844
37	3	9	295	970	987
37	5	2	296	1018	1081
38	7	14	297	187	267
38	11	10	298	488	507
38	6	3	299	507	519
38	5	2	300	528	588
38	2	8	301	769	836
38	11	6	302	1055	1095
38	14	1	303	1100	1111
39	2	3	304	76	138
39	7	13	305	283	327
39	3	10	306	351	365
39	12	5	307	449	477
39	8	14	308	532	549
39	14	2	309	645	686
39	5	1	310	821	877
39	4	9	311	1049	1060
39	7	2	312	1083	1108


Solution History:
