This is the output of Heuristic Solver for Dual resource constrained flexible job shop Scheduling Problem.
Input file is: wfjsp12_3.txt
Method: FaFMJ
Seed: 1
Number of Jobs: 25
Number of Operations: 204
Number of Machines: 10
Number of Operators: 10
CPU Time: 125.115
obj: 1135
Best found lower bound:0
Solver gap (best found lower bound and upper bound difference): Not known


Final Solution:
Job	Machine	Operator	Operation	Start Time	Finish Time
0	5	4	0	15	87
0	5	8	1	211	225
0	2	3	2	227	245
0	6	9	3	253	338
0	8	8	4	406	472
0	8	6	5	602	662
0	3	6	6	673	745
0	3	3	7	878	915
0	8	3	8	1031	1135
1	5	4	9	0	15
1	8	0	10	52	117
1	8	0	11	117	216
1	1	6	12	458	476
1	6	9	13	536	632
1	1	9	14	673	756
1	8	6	15	837	865
1	7	5	16	872	929
2	2	5	17	34	50
2	0	2	18	52	135
2	5	4	19	185	198
2	4	2	20	204	231
2	4	2	21	231	291
2	0	0	22	442	534
2	9	4	23	615	678
2	4	7	24	766	795
2	3	0	25	795	877
2	9	4	26	998	1099
3	4	7	27	0	9
3	3	8	28	15	51
3	5	8	29	225	329
3	0	0	30	406	442
3	9	2	31	481	514
3	5	8	32	613	686
3	2	4	33	813	879
3	6	0	34	879	945
4	4	7	35	102	204
4	5	9	36	338	421
4	4	7	37	443	458
4	1	6	38	476	504
4	0	5	39	619	688
4	2	5	40	688	702
4	8	0	41	762	786
4	1	7	42	837	895
4	8	8	43	962	995
4	3	0	44	1067	1122
5	5	4	45	87	185
5	2	6	46	245	320
5	2	5	47	440	511
5	9	2	48	514	531
5	4	6	49	575	590
5	6	0	50	633	699
5	9	4	51	745	808
5	1	3	52	933	972
5	9	3	53	972	995
5	7	2	54	1054	1116
6	8	0	55	0	26
6	6	3	56	32	61
6	7	8	57	137	202
6	2	6	58	320	396
6	3	9	59	440	534
6	8	7	60	662	762
6	0	2	61	766	777
6	7	2	62	782	835
6	6	0	63	945	1059
7	7	2	64	0	39
7	2	6	65	80	109
7	1	1	66	300	364
7	6	3	67	488	536
7	4	2	68	684	766
7	4	6	69	979	989
7	4	6	70	1027	1127
8	2	3	71	121	181
8	2	3	72	181	209
8	2	5	73	511	583
8	7	1	74	844	872
8	3	5	75	929	995
8	5	9	76	1045	1057
9	1	6	77	36	66
9	4	6	78	66	79
9	1	1	79	221	300
9	3	3	80	536	608
9	8	8	81	786	837
9	0	1	82	924	943
9	8	3	83	995	1031
9	7	2	84	1040	1054
10	6	9	85	61	155
10	3	3	86	245	297
10	7	2	87	381	418
10	5	6	88	421	444
10	7	1	89	603	638
10	1	6	90	782	836
10	0	1	91	872	924
10	7	7	92	933	961
10	0	1	93	999	1032
11	6	3	94	0	32
11	1	1	95	102	185
11	3	6	96	211	244
11	3	3	97	297	398
11	5	4	98	444	542
11	4	2	99	603	684
11	5	4	100	686	745
11	5	8	101	844	880
11	2	4	102	902	998
11	6	9	103	1059	1131
12	2	5	104	0	34
12	7	2	105	39	51
12	7	5	106	72	137
12	1	1	107	185	221
12	8	0	108	329	406
12	4	7	109	458	571
12	7	8	110	686	782
12	4	6	111	875	979
12	7	2	112	985	1040
12	9	4	113	1099	1134
13	8	0	114	26	52
13	8	0	115	286	329
13	9	4	116	382	428
13	1	6	117	446	458
13	8	0	118	534	602
13	5	9	119	880	951
14	3	8	120	0	15
14	0	2	121	135	201
14	9	4	122	337	382
14	4	7	123	392	420
14	9	4	124	542	615
14	0	5	125	813	867
14	0	5	126	1067	1127
15	4	7	127	9	64
15	7	7	128	211	288
15	7	1	129	446	526
15	3	0	130	608	633
15	9	3	131	679	734
15	2	4	132	879	902
15	2	1	133	1060	1128
16	9	9	134	0	43
16	2	1	135	52	80
16	8	0	136	216	286
16	6	8	137	338	405
16	3	5	138	405	440
16	7	1	139	638	681
16	0	1	140	688	743
16	1	6	141	756	782
16	4	2	142	837	872
16	1	7	143	972	1075
17	9	5	144	137	207
17	2	3	145	209	227
17	7	2	146	418	442
17	5	8	147	542	613
17	6	3	148	771	823
17	2	8	149	998	1060
18	0	1	150	0	52
18	3	6	151	178	211
18	0	5	152	290	321
18	6	3	153	426	488
18	3	9	154	633	673
18	4	7	155	795	837
18	1	7	156	895	933
18	7	2	157	961	985
18	4	6	158	989	1027
19	1	6	159	0	36
19	1	7	160	66	102
19	9	4	161	207	271
19	0	5	162	321	403
19	0	1	163	534	601
19	3	9	164	756	794
19	6	3	165	823	878
19	5	9	166	951	1045
19	5	8	167	1060	1091
20	0	5	168	207	290
20	4	7	169	420	443
20	8	8	170	472	530
20	2	5	171	583	619
20	8	6	172	865	875
20	8	8	173	880	962
21	9	8	174	51	133
21	9	4	175	271	337
21	1	1	176	364	446
21	7	2	177	531	603
21	5	1	178	745	844
21	9	2	179	876	958
21	1	7	180	1075	1122
22	7	5	181	51	72
22	3	6	182	121	178
22	4	7	183	321	392
22	1	6	184	504	575
22	2	5	185	702	813
22	0	1	186	943	999
22	0	1	187	1032	1058
22	7	2	188	1116	1134
23	6	9	189	155	253
23	4	7	190	291	321
23	2	3	191	398	426
23	9	2	192	442	481
23	1	7	193	575	654
23	9	9	194	808	876
23	5	8	195	1091	1132
24	3	3	196	61	121
24	7	8	197	202	211
24	7	2	198	291	381
24	2	4	199	428	440
24	2	3	200	619	679
24	6	0	201	699	761
24	6	3	202	761	771
24	3	5	203	995	1067


Solution History:
