This is the output of Heuristic Solver for Dual resource constrained flexible job shop Scheduling Problem.
Input file is: wfjsp21_8.txt
Method: FaFMJ
Seed: 5
Number of Jobs: 25
Number of Operations: 249
Number of Machines: 15
Number of Operators: 12
CPU Time: 280.498
obj: 1089
Best found lower bound:0
Solver gap (best found lower bound and upper bound difference): Not known


Final Solution:
Job	Machine	Operator	Operation	Start Time	Finish Time
0	14	1	0	24	54
0	5	5	1	131	199
0	4	2	2	344	368
0	1	9	3	369	434
0	2	0	4	508	580
0	14	10	5	659	730
0	6	2	6	825	887
0	9	2	7	998	1008
0	11	7	8	1045	1087
1	4	5	9	0	60
1	1	7	10	75	106
1	14	1	11	320	424
1	1	9	12	434	442
1	9	9	13	442	544
1	7	10	14	637	659
1	12	8	15	772	841
1	3	1	16	961	1030
2	12	2	17	0	28
2	8	5	18	65	131
2	1	9	19	146	198
2	1	7	20	210	251
2	14	7	21	283	320
2	4	5	22	420	483
2	5	4	23	498	558
2	1	9	24	574	641
2	0	6	25	656	739
2	8	4	26	785	879
2	13	6	27	884	961
2	6	10	28	1011	1084
3	2	0	29	45	118
3	2	1	30	254	320
3	6	11	31	354	421
3	11	11	32	421	492
3	10	5	33	513	553
3	1	9	34	641	734
3	11	0	35	807	911
3	1	2	36	968	994
3	10	4	37	1009	1035
4	11	9	38	69	136
4	2	9	39	136	146
4	3	0	40	381	452
4	10	5	41	483	513
4	14	2	42	576	585
4	4	5	43	679	723
4	0	4	44	745	785
4	0	1	45	908	961
5	6	2	46	106	196
5	2	3	47	204	242
5	1	3	48	251	298
5	12	0	49	322	381
5	8	6	50	445	528
5	3	11	51	609	620
5	8	11	52	620	637
5	9	7	53	651	689
5	6	7	54	749	812
5	2	9	55	812	828
5	5	10	56	944	1011
5	7	4	57	1035	1088
6	11	9	58	0	69
6	14	11	59	116	149
6	3	5	60	274	379
6	10	6	61	379	445
6	5	2	62	458	482
6	4	3	63	544	561
6	8	11	64	637	683
6	10	5	65	723	797
6	5	10	66	852	866
6	7	3	67	884	902
6	10	4	68	968	1009
6	0	11	69	1041	1088
7	3	8	70	0	51
7	1	8	71	51	69
7	11	6	72	166	240
7	13	0	73	278	322
7	7	3	74	434	464
7	5	4	75	558	588
7	13	0	76	588	615
7	12	1	77	688	755
7	13	6	78	760	796
7	3	5	79	865	890
7	2	0	80	911	986
8	10	10	81	0	26
8	7	3	82	61	126
8	14	1	83	195	254
8	2	4	84	342	428
8	11	1	85	493	585
8	12	0	86	615	659
8	4	9	87	734	804
8	4	3	88	824	883
8	0	6	89	961	1041
9	10	10	90	26	84
9	3	7	91	116	196
9	5	2	92	266	344
9	2	1	93	428	493
9	4	3	94	561	578
9	5	4	95	615	682
9	13	3	96	694	760
9	1	7	97	843	927
9	14	1	98	1030	1089
10	0	3	99	0	61
10	10	6	100	93	166
10	8	10	101	260	354
10	6	7	102	487	586
10	6	7	103	586	651
10	3	1	104	755	842
10	8	11	105	901	930
10	8	11	106	930	949
10	8	5	107	972	1049
11	6	4	108	0	27
11	7	4	109	27	49
11	2	10	110	147	197
11	8	10	111	197	260
11	12	9	112	266	299
11	6	7	113	421	487
11	1	11	114	492	544
11	5	2	115	687	778
11	7	6	116	840	884
11	14	2	117	887	968
12	2	0	118	0	13
12	12	1	119	54	117
12	14	11	120	149	166
12	9	2	121	196	263
12	13	10	122	354	422
12	14	10	123	517	547
12	9	10	124	547	637
12	5	6	125	796	840
12	9	11	126	843	901
12	14	9	127	977	1029
12	9	7	128	1029	1045
13	2	0	129	13	45
13	3	11	130	65	116
13	0	4	131	170	240
13	4	2	132	483	542
13	7	5	133	553	624
13	2	0	134	659	732
13	13	10	135	802	829
13	0	8	136	841	890
13	4	7	137	998	1017
13	8	5	138	1049	1087
14	12	0	139	118	144
14	7	8	140	228	285
14	4	8	141	301	318
14	6	8	142	318	354
14	8	3	143	370	434
14	14	2	144	585	613
14	2	2	145	613	658
14	10	5	146	797	865
14	11	11	147	949	1013
15	4	8	148	69	141
15	13	7	149	196	210
15	11	6	150	240	332
15	14	9	151	547	574
15	4	8	152	607	673
15	9	7	153	689	749
15	14	2	154	778	793
15	2	1	155	842	908
15	13	0	156	1062	1074
16	13	4	157	49	110
16	8	1	158	136	194
16	7	4	159	287	342
16	0	2	160	369	458
16	5	4	161	588	615
16	14	3	162	620	640
16	11	0	163	732	807
16	1	11	164	827	843
16	6	8	165	890	976
16	11	11	166	1013	1040
17	9	7	167	0	63
17	9	7	168	63	75
17	0	4	169	110	170
17	5	9	170	199	266
17	0	6	171	332	369
17	3	0	172	452	508
17	12	11	173	544	609
17	3	5	174	624	679
17	6	4	175	682	745
17	2	10	176	757	770
17	12	9	177	882	977
17	2	3	178	1028	1089
18	4	8	179	141	192
18	11	7	180	332	414
18	3	8	181	525	539
18	8	2	182	542	576
18	12	2	183	659	687
18	7	10	184	730	757
18	9	10	185	770	802
18	10	4	186	879	925
18	7	3	187	991	999
19	14	11	188	166	195
19	4	5	189	199	233
19	14	7	190	254	283
19	0	6	191	528	613
19	0	2	192	793	825
19	14	10	193	829	852
19	10	4	194	925	968
19	2	3	195	999	1028
20	8	11	196	0	65
20	2	1	197	118	136
20	6	8	198	196	228
20	10	5	199	233	274
20	14	10	200	424	517
20	13	3	201	640	694
20	14	8	202	730	772
20	4	3	203	925	991
20	12	6	204	1057	1088
21	1	1	205	0	24
21	5	2	206	28	106
21	3	11	207	196	248
21	4	8	208	285	301
21	1	9	209	301	369
21	5	5	210	379	420
21	12	8	211	421	525
21	10	8	212	553	607
21	7	3	213	760	824
21	13	9	214	829	882
21	9	7	215	927	998
21	5	2	216	1011	1088
22	12	6	217	35	43
22	12	0	218	144	221
22	6	4	219	240	287
22	9	8	220	354	421
22	13	4	221	428	498
22	8	3	222	578	620
22	11	1	223	654	688
22	9	7	224	812	841
22	14	10	225	866	874
22	3	5	226	890	954
22	1	9	227	1029	1080
23	13	6	228	0	35
23	9	10	229	84	147
23	13	0	230	221	278
23	10	3	231	298	370
23	0	6	232	613	656
23	8	11	233	683	761
23	7	3	234	902	925
23	8	5	235	954	972
23	12	8	236	977	1057
24	6	6	237	43	93
24	7	3	238	126	204
24	0	11	239	248	279
24	9	11	240	279	354
24	4	6	241	369	378
24	7	3	242	464	544
24	11	1	243	585	654
24	7	8	244	673	729
24	1	11	245	761	827
24	5	10	246	874	944
24	13	0	247	986	1062
24	10	8	248	1062	1087


Solution History:
