This is the output of Heuristic Solver for Dual resource constrained flexible job shop Scheduling Problem.
Input file is: wfjsp8_9.txt
Method: TS_50000_30_20
Seed: 1
Number of Jobs: 15
Number of Operations: 107
Number of Machines: 5
Number of Operators: 5
CPU Time: 1800
obj: 1054
Best found lower bound:0
Solver gap (best found lower bound and upper bound difference): Not known


Final Solution:
Job	Machine	Operator	Operation	Start Time	Finish Time
0	3	1	0	95	175
0	4	0	1	550	597
0	1	2	2	609	676
0	1	1	3	927	984
0	0	4	4	1018	1052
1	2	2	5	253	340
1	0	3	6	341	401
1	3	4	7	413	432
1	2	2	8	432	490
1	2	2	9	490	551
1	2	2	10	700	792
1	4	0	11	811	889
1	0	3	12	920	987
2	4	0	13	0	36
2	3	1	14	74	95
2	2	3	15	172	228
2	2	3	16	228	245
2	1	4	17	307	390
2	1	1	18	837	856
2	1	1	19	856	875
2	1	2	20	890	920
3	0	4	21	0	42
3	4	0	22	94	108
3	0	1	23	221	240
3	0	3	24	401	423
3	1	4	25	676	738
3	2	1	26	876	927
4	0	4	27	100	190
4	3	4	28	221	306
4	3	4	29	432	516
4	1	1	30	547	605
4	2	2	31	792	854
5	0	4	32	42	100
5	1	2	33	100	166
5	1	1	34	292	307
5	4	0	35	309	384
5	2	2	36	394	423
5	1	1	37	477	496
5	1	1	38	532	547
5	1	4	39	738	796
6	4	0	40	36	94
6	4	0	41	108	183
6	0	4	42	190	214
6	3	1	43	307	326
6	3	4	44	390	413
6	4	0	45	478	516
6	2	1	46	609	653
6	4	0	47	711	775
6	1	4	48	796	837
6	2	2	49	854	876
7	2	3	50	83	172
7	3	1	51	335	364
7	1	1	52	390	448
7	4	0	53	597	622
7	4	0	54	622	647
7	4	0	55	647	711
7	0	3	56	746	817
7	1	2	57	876	890
7	0	3	58	987	1018
8	4	0	59	183	256
8	4	0	60	256	309
8	1	1	61	496	532
8	0	3	62	608	679
8	0	3	63	679	746
8	3	1	64	777	835
8	4	0	65	889	951
8	1	1	66	984	997
9	3	1	67	326	335
9	3	1	68	364	390
9	3	4	69	516	576
9	2	2	70	676	700
9	3	4	71	837	871
10	1	2	72	0	31
10	1	2	73	31	99
10	1	2	74	166	253
10	2	2	75	340	394
10	1	1	76	448	477
10	0	3	77	490	558
10	0	3	78	558	608
10	3	4	79	871	928
10	2	2	80	928	956
10	3	3	81	1018	1054
11	0	3	82	245	279
11	2	1	83	653	668
11	3	1	84	668	723
11	0	3	85	884	920
11	2	2	86	956	1043
12	3	1	87	0	55
12	3	1	88	55	74
12	4	0	89	384	404
12	4	0	90	404	478
12	4	0	91	775	811
12	4	0	92	951	1048
13	2	3	93	0	83
13	3	1	94	175	221
13	1	1	95	278	292
13	4	0	96	516	550
13	2	2	97	551	609
13	0	3	98	817	884
13	3	4	99	928	1015
14	1	1	100	253	278
14	0	3	101	279	341
14	0	3	102	423	468
14	0	3	103	468	490
14	3	4	104	576	664
14	3	1	105	723	777
14	1	1	106	997	1053


Solution History:
