This is the output of Heuristic Solver for Dual resource constrained flexible job shop Scheduling Problem.
Input file is: wfjsp22_7.txt
Method: TS_50000_30_20
Seed: 1
Number of Jobs: 30
Number of Operations: 236
Number of Machines: 15
Number of Operators: 12
CPU Time: 1800.02
obj: 978
Best found lower bound:0
Solver gap (best found lower bound and upper bound difference): Not known


Final Solution:
Job	Machine	Operator	Operation	Start Time	Finish Time
0	6	8	0	312	385
0	9	10	1	429	438
0	0	9	2	481	524
0	10	9	3	608	696
0	12	11	4	714	739
0	0	6	5	739	775
0	8	9	6	852	880
0	7	8	7	934	975
1	3	8	8	57	67
1	14	3	9	188	229
1	10	5	10	338	412
1	0	11	11	412	481
1	1	7	12	519	600
1	14	2	13	639	696
1	7	10	14	714	747
1	4	3	15	769	788
1	13	2	16	817	894
1	9	10	17	904	976
2	14	2	18	0	67
2	12	10	19	143	208
2	11	11	20	239	305
2	7	7	21	338	368
2	13	1	22	486	496
2	11	10	23	496	567
2	3	4	24	646	656
2	4	0	25	671	725
2	10	5	26	859	871
2	5	4	27	900	976
3	10	1	28	0	43
3	13	1	29	203	233
3	3	8	30	233	307
3	4	4	31	372	445
3	9	10	32	567	633
4	2	7	33	0	10
4	8	0	34	10	93
4	9	10	35	217	289
4	8	6	36	290	318
4	2	11	37	343	368
4	9	3	38	392	428
4	10	2	39	443	514
4	10	9	40	541	608
4	13	7	41	666	738
4	2	9	42	880	977
5	13	7	43	82	125
5	14	1	44	152	174
5	8	2	45	251	290
5	6	4	46	519	599
5	2	11	47	621	684
5	9	1	48	728	789
6	3	8	49	0	57
6	2	4	50	63	87
6	12	11	51	305	343
6	8	9	52	410	481
6	5	11	53	529	557
6	5	1	54	631	642
6	0	6	55	775	816
6	4	0	56	878	940
6	3	6	57	940	978
7	4	3	58	33	74
7	9	3	59	169	188
7	7	5	60	309	333
7	12	0	61	403	443
7	11	10	62	443	494
7	12	1	63	528	587
7	10	9	64	779	852
7	1	3	65	914	973
8	3	9	66	141	220
8	14	3	67	229	309
8	3	3	68	334	392
8	2	1	69	429	486
8	3	8	70	486	504
8	0	3	71	569	633
8	1	11	72	744	807
8	8	5	73	895	967
9	9	1	74	110	152
9	5	4	75	236	254
9	3	8	76	392	429
9	13	7	77	600	666
9	2	7	78	790	825
10	3	3	79	74	111
10	9	3	80	633	718
10	3	3	81	718	732
10	3	3	82	732	748
10	10	1	83	874	934
11	10	1	84	52	77
11	9	1	85	82	110
11	7	0	86	238	292
11	0	0	87	292	347
11	14	9	88	366	410
11	5	10	89	418	429
11	4	6	90	461	541
11	11	11	91	567	601
11	8	2	92	605	639
11	1	10	93	887	904
12	12	3	94	0	33
12	6	8	95	108	179
12	4	10	96	208	217
12	12	6	97	226	280
12	1	4	98	280	298
12	0	0	99	347	403
12	14	5	100	563	637
12	11	11	101	684	711
12	3	4	102	767	851
12	12	11	103	923	978
13	11	11	104	0	27
13	4	3	105	111	169
13	1	11	106	179	239
13	12	11	107	368	402
13	3	8	108	429	483
13	0	6	109	645	670
13	7	8	110	754	788
13	14	3	111	788	802
13	11	11	112	807	834
13	1	11	113	834	876
14	2	4	114	87	155
14	10	9	115	294	338
14	13	7	116	368	435
14	6	0	117	781	797
14	14	1	118	934	976
15	6	8	119	67	108
15	1	4	120	298	334
15	1	5	121	412	489
15	0	3	122	528	569
15	6	8	123	599	683
15	14	2	124	696	778
15	9	1	125	789	874
15	14	3	126	878	914
16	13	7	127	125	161
16	8	2	128	213	227
16	5	4	129	254	280
16	6	8	130	721	754
16	4	3	131	754	769
16	2	7	132	825	869
17	12	10	133	33	126
17	8	2	134	227	235
17	2	1	135	243	284
17	5	4	136	445	519
17	13	0	137	528	588
17	5	1	138	662	728
17	1	0	139	728	744
17	13	2	140	779	817
17	11	7	141	934	977
18	0	9	142	0	59
18	10	6	143	79	153
18	2	7	144	161	243
18	4	1	145	312	372
18	14	1	146	496	525
18	7	0	147	588	671
18	2	4	148	684	767
18	8	5	149	807	842
19	0	9	150	59	141
19	5	4	151	155	236
19	8	2	152	236	251
19	6	1	153	284	312
19	14	9	154	338	366
19	13	6	155	439	461
19	2	5	156	489	563
19	11	7	157	738	790
19	4	3	158	802	878
19	4	0	159	940	977
20	1	11	160	27	88
20	8	0	161	93	177
20	13	7	162	269	338
20	2	1	163	372	429
20	8	2	164	514	605
20	8	4	165	656	684
20	12	11	166	887	923
20	0	5	167	967	976
21	9	7	168	10	82
21	10	9	169	220	294
21	2	11	170	601	621
21	5	0	171	744	781
21	11	5	172	842	859
22	5	10	173	0	30
22	1	11	174	137	179
22	6	8	175	179	224
22	1	7	176	243	269
22	10	9	177	524	541
22	4	6	178	541	578
22	0	6	179	816	868
22	9	5	180	874	895
23	5	1	181	43	52
23	1	11	182	88	137
23	11	2	183	146	213
23	8	4	184	334	363
23	12	3	185	473	528
23	5	1	186	587	631
23	3	5	187	637	646
23	1	5	188	646	728
23	12	10	189	747	815
23	11	6	190	868	934
24	7	5	191	92	167
24	5	10	192	318	347
24	7	2	193	379	443
24	7	0	194	443	499
24	3	8	195	504	539
24	4	4	196	599	640
24	7	8	197	788	869
24	3	8	198	869	923
24	3	8	199	923	934
25	13	6	200	0	79
25	10	5	201	167	212
25	3	3	202	309	334
25	3	8	203	539	594
25	12	10	204	645	714
26	13	1	205	174	203
26	4	5	206	217	309
26	8	8	207	684	721
26	13	9	208	765	779
26	5	4	209	851	900
27	7	5	210	0	12
27	14	10	211	126	143
27	7	0	212	177	238
27	2	10	213	289	318
27	5	10	214	347	418
27	14	3	215	428	473
27	13	0	216	499	528
27	11	1	217	642	662
27	6	0	218	797	860
27	6	2	219	894	978
28	6	4	220	0	63
28	11	2	221	67	146
28	11	6	222	318	363
28	11	6	223	363	439
28	9	11	224	481	529
28	12	6	225	587	645
28	0	6	226	670	722
28	8	5	227	728	807
28	12	10	228	815	887
28	0	7	229	888	928
29	7	5	230	12	92
29	0	6	231	153	226
29	9	2	232	290	379
29	6	7	233	435	519
29	10	9	234	696	765
29	6	7	235	869	888


Solution History:
