This is the output of Heuristic Solver for Dual resource constrained flexible job shop Scheduling Problem.
Input file is: wfjsp21_6.txt
Method: TS_50000_30_20
Seed: 1
Number of Jobs: 25
Number of Operations: 253
Number of Machines: 15
Number of Operators: 12
CPU Time: 1800.02
obj: 1198
Best found lower bound:0
Solver gap (best found lower bound and upper bound difference): Not known


Final Solution:
Job	Machine	Operator	Operation	Start Time	Finish Time
0	4	10	0	53	120
0	4	10	1	120	159
0	5	1	2	161	223
0	2	4	3	306	345
0	2	7	4	553	648
0	13	11	5	648	735
0	5	2	6	739	767
0	13	3	7	779	805
0	0	2	8	831	918
0	1	2	9	918	931
0	3	9	10	994	1088
0	2	10	11	1127	1195
1	5	6	12	275	303
1	3	0	13	425	464
1	5	6	14	500	555
1	7	8	15	582	670
1	4	7	16	670	747
1	6	5	17	747	833
1	8	7	18	877	905
1	6	0	19	922	973
1	5	11	20	1012	1064
1	9	3	21	1073	1114
1	3	6	22	1114	1198
2	7	9	23	29	95
2	4	7	24	259	320
2	2	2	25	361	399
2	5	2	26	443	478
2	7	3	27	478	486
2	3	7	28	492	553
2	8	0	29	599	685
2	9	3	30	702	749
2	4	7	31	905	919
2	8	4	32	1023	1106
2	11	7	33	1124	1197
3	8	3	34	93	131
3	10	11	35	171	240
3	8	11	36	277	316
3	10	9	37	366	393
3	10	11	38	408	492
3	3	6	39	555	597
3	8	7	40	823	877
3	13	3	41	883	926
3	2	11	42	948	1011
4	13	11	43	0	83
4	0	4	44	132	221
4	8	5	45	221	275
4	12	5	46	275	366
4	8	11	47	378	408
4	11	5	48	473	517
4	13	2	49	539	554
4	12	10	50	575	656
4	7	8	51	716	746
4	3	9	52	746	759
4	3	6	53	818	862
4	7	9	54	903	994
5	1	9	55	95	104
5	7	9	56	104	175
5	1	0	57	214	280
5	0	8	58	434	492
5	1	9	59	547	592
5	9	3	60	614	702
5	11	9	61	723	733
5	11	6	62	733	818
5	7	0	63	818	871
5	0	7	64	982	1006
5	10	8	65	1006	1031
5	2	7	66	1033	1124
6	2	2	67	28	69
6	14	4	68	221	306
6	8	11	69	316	378
6	9	8	70	383	399
6	0	9	71	399	434
6	11	5	72	517	552
6	6	5	73	559	651
6	12	10	74	791	829
6	5	1	75	968	1012
6	6	10	76	1066	1077
7	1	0	77	71	95
7	9	3	78	132	219
7	13	2	79	272	361
7	1	3	80	379	392
7	1	10	81	453	477
7	5	10	82	478	488
7	14	4	83	517	606
7	2	7	84	648	667
7	14	8	85	746	822
7	10	5	86	833	918
8	5	1	87	0	52
8	1	5	88	135	158
8	12	9	89	175	204
8	14	6	90	306	391
8	3	6	91	391	410
8	3	7	92	473	492
8	13	2	93	496	539
8	4	1	94	543	593
8	3	6	95	597	638
8	5	1	96	640	735
8	4	1	97	747	836
8	6	2	98	1153	1180
9	1	3	99	0	68
9	5	8	100	68	133
9	1	2	101	202	212
9	3	11	102	240	277
9	4	0	103	376	425
9	13	3	104	461	477
9	0	7	105	787	823
9	1	4	106	857	879
9	6	10	107	1077	1114
10	10	2	108	72	161
10	8	5	109	161	198
10	10	6	110	247	275
10	7	1	111	319	403
10	6	5	112	427	454
10	10	11	113	492	542
10	11	9	114	640	705
10	9	11	115	800	880
10	14	5	116	918	1016
10	5	6	117	1070	1105
10	9	10	118	1114	1127
11	9	8	119	0	12
11	9	8	120	12	32
11	13	11	121	83	171
11	8	5	122	198	216
11	4	7	123	232	259
11	14	6	124	415	500
11	2	2	125	767	831
11	12	6	126	947	992
11	4	1	127	1012	1097
11	13	11	128	1097	1140
11	1	9	129	1187	1196
12	10	4	130	0	72
12	11	2	131	212	230
12	2	1	132	492	543
12	10	11	133	599	648
12	14	9	134	705	723
12	3	10	135	759	791
12	1	2	136	931	1005
12	7	3	137	1147	1196
13	6	10	138	0	53
13	14	0	139	161	214
13	6	1	140	232	319
13	13	10	141	361	453
13	6	0	142	464	559
13	13	3	143	749	779
13	9	11	144	880	948
13	6	10	145	979	1066
13	12	2	146	1080	1153
13	10	4	147	1157	1193
14	3	6	148	95	178
14	7	6	149	178	236
14	11	7	150	395	473
14	1	2	151	478	496
14	0	9	152	505	547
14	13	2	153	554	643
14	10	4	154	648	688
14	1	4	155	688	746
14	4	10	156	836	892
14	11	10	157	892	979
14	5	1	158	1105	1190
15	8	7	159	0	93
15	11	8	160	133	157
15	6	8	161	161	232
15	0	8	162	232	294
15	10	9	163	294	366
15	14	8	164	399	415
15	8	11	165	542	599
15	12	5	166	656	747
15	11	5	167	1016	1101
15	14	4	168	1106	1157
16	12	2	169	0	28
16	9	4	170	72	132
16	6	1	171	134	161
16	1	2	172	161	202
16	12	9	173	204	275
16	9	10	174	293	359
16	8	4	175	432	517
16	13	3	176	805	883
16	13	3	177	926	1013
16	7	3	178	1013	1073
16	0	9	179	1088	1182
16	12	2	180	1182	1196
17	3	0	181	48	71
17	5	4	182	345	432
17	9	3	183	486	572
17	11	3	184	572	614
17	2	2	185	674	739
17	12	10	186	747	758
17	12	6	187	862	947
17	0	7	188	1006	1033
18	11	8	189	294	383
18	1	2	190	399	443
18	7	8	191	492	582
18	1	9	192	592	640
18	0	10	193	656	746
18	9	11	194	749	800
18	6	1	195	836	917
18	3	7	196	922	982
18	10	8	197	1031	1122
19	3	5	198	0	48
19	0	8	199	48	65
19	12	3	200	68	85
19	4	10	201	159	199
19	2	10	202	199	293
19	9	3	203	399	461
19	7	8	204	670	716
19	1	9	205	759	827
19	5	8	206	827	914
19	7	3	207	1114	1147
20	7	9	208	0	29
20	5	6	209	236	247
20	1	2	210	643	674
20	2	4	211	833	857
20	2	4	212	879	919
20	9	0	213	973	1016
20	1	2	214	1016	1080
20	4	0	215	1102	1198
21	4	0	216	0	48
21	14	5	217	48	135
21	13	7	218	185	232
21	1	3	219	282	379
21	4	9	220	434	505
21	3	6	221	638	728
21	3	0	222	871	922
21	13	11	223	1140	1195
22	6	1	224	53	134
22	9	3	225	219	258
22	7	3	226	258	282
22	6	5	227	366	427
22	12	10	228	492	575
22	14	4	229	606	645
22	8	0	230	726	818
22	4	1	231	919	968
22	12	6	232	992	1070
22	8	8	233	1122	1192
23	2	7	234	93	185
23	13	2	235	232	272
23	0	7	236	320	395
23	4	1	237	593	640
23	0	7	238	747	787
23	14	9	239	827	903
23	10	8	240	918	1004
23	14	0	241	1016	1102
24	11	6	242	0	95
24	12	0	243	95	104
24	12	0	244	104	161
24	3	0	245	280	376
24	12	1	246	403	492
24	6	0	247	685	726
24	10	4	248	746	833
24	8	4	249	919	957
24	8	4	250	957	1023
24	13	11	251	1064	1095
24	1	5	252	1101	1187


Solution History:
