This is the output of Heuristic Solver for Dual resource constrained flexible job shop Scheduling Problem.
Input file is: wfjsp19_2.txt
Method: TS_50000_30_20
Seed: 1
Number of Jobs: 20
Number of Operations: 227
Number of Machines: 10
Number of Operators: 8
CPU Time: 1800.02
obj: 1458
Best found lower bound:0
Solver gap (best found lower bound and upper bound difference): Not known


Final Solution:
Job	Machine	Operator	Operation	Start Time	Finish Time
0	7	6	0	59	132
0	2	0	1	197	265
0	4	5	2	304	328
0	4	1	3	473	512
0	4	0	4	520	536
0	4	0	5	566	586
0	1	3	6	601	665
0	5	3	7	920	928
0	8	1	8	937	1016
0	8	1	9	1281	1324
0	6	3	10	1347	1406
1	4	1	11	101	117
1	3	5	12	139	214
1	4	5	13	214	278
1	5	7	14	281	344
1	3	4	15	375	445
1	0	2	16	458	490
1	1	6	17	559	601
1	9	2	18	610	630
1	4	2	19	653	715
1	9	6	20	742	820
1	2	5	21	886	967
1	5	0	22	1087	1142
1	0	2	23	1367	1438
2	1	1	24	34	101
2	9	7	25	103	122
2	2	0	26	185	197
2	3	5	27	456	542
2	3	5	28	542	563
2	3	5	29	563	639
2	6	4	30	639	722
2	0	3	31	766	784
2	7	2	32	792	860
2	6	4	33	872	949
2	2	5	34	1044	1102
2	4	0	35	1142	1162
2	9	6	36	1186	1242
2	0	4	37	1261	1294
2	8	1	38	1379	1452
3	4	1	39	117	197
3	6	6	40	211	240
3	7	3	41	275	291
3	5	7	42	344	376
3	8	0	43	400	417
3	7	4	44	445	483
3	6	4	45	561	635
3	0	5	46	685	724
3	8	1	47	850	937
3	7	7	48	1036	1121
3	9	5	49	1394	1458
4	1	7	50	0	32
4	7	4	51	144	217
4	7	6	52	240	275
4	4	5	53	278	304
4	7	3	54	393	430
4	6	3	55	430	480
4	2	0	56	711	734
4	4	2	57	872	936
4	5	2	58	972	1033
4	2	4	59	1189	1201
4	1	6	60	1426	1454
5	2	4	61	0	56
5	5	3	62	82	165
5	5	7	63	223	281
5	0	4	64	300	369
5	6	4	65	483	541
5	6	4	66	541	561
5	9	6	67	656	742
5	1	7	68	796	810
5	9	6	69	1113	1186
5	5	0	70	1229	1242
5	2	0	71	1242	1300
5	5	7	72	1303	1365
6	3	5	73	92	139
6	3	1	74	644	712
6	8	5	75	724	810
6	0	3	76	858	920
6	3	0	77	945	999
6	1	6	78	1025	1113
6	8	1	79	1120	1134
6	4	5	80	1162	1218
6	1	7	81	1258	1303
6	4	4	82	1394	1456
7	5	3	83	0	16
7	6	2	84	92	172
7	5	7	85	199	223
7	0	4	86	280	300
7	0	1	87	392	424
7	0	2	88	425	458
7	5	7	89	571	655
7	5	7	90	692	765
7	9	6	91	820	893
7	1	6	92	959	1025
7	3	2	93	1087	1100
7	6	2	94	1100	1124
7	4	5	95	1218	1294
7	3	4	96	1294	1362
7	7	3	97	1406	1455
8	1	3	98	165	255
8	3	1	99	286	375
8	0	1	100	375	392
8	1	3	101	480	553
8	4	0	102	586	643
8	4	1	103	799	850
8	1	6	104	893	959
8	0	5	105	967	1044
8	7	7	106	1121	1155
8	7	7	107	1155	1202
8	9	6	108	1242	1314
8	8	1	109	1324	1379
9	9	6	110	0	59
9	3	2	111	62	92
9	8	6	112	160	211
9	8	4	113	217	280
9	9	6	114	346	411
9	0	1	115	530	542
9	5	3	116	553	567
9	9	2	117	630	653
9	6	4	118	722	805
9	7	7	119	920	1004
9	4	1	120	1018	1049
9	4	5	121	1294	1359
10	5	1	122	424	473
10	0	1	123	512	530
10	9	6	124	530	559
10	7	3	125	571	595
10	2	1	126	788	799
10	3	2	127	1067	1087
10	0	3	128	1095	1110
11	0	1	129	0	8
11	8	0	130	10	82
11	0	2	131	172	182
11	8	5	132	328	362
11	4	5	133	396	456
11	2	0	134	469	520
11	7	6	135	601	656
11	5	7	136	656	692
11	0	3	137	820	858
11	3	0	138	889	945
11	9	4	139	1018	1102
11	2	5	140	1102	1160
11	8	4	141	1201	1261
11	2	0	142	1300	1356
11	4	5	143	1359	1394
12	3	2	144	0	62
12	1	6	145	132	160
12	7	3	146	348	393
12	1	6	147	411	477
12	2	0	148	536	566
12	7	3	149	665	716
12	0	3	150	784	820
12	7	7	151	876	920
12	6	3	152	972	1032
12	5	0	153	1162	1229
12	3	0	154	1362	1374
13	4	5	155	0	85
13	9	7	156	122	180
13	6	6	157	275	346
13	5	7	158	376	415
13	7	3	159	716	766
13	5	7	160	766	796
13	6	4	161	805	872
13	9	2	162	936	965
13	7	7	163	1004	1036
13	8	1	164	1049	1120
13	3	1	165	1157	1242
13	7	3	166	1298	1347
13	5	7	167	1365	1442
13	0	2	168	1442	1456
14	0	1	169	8	34
14	0	4	170	56	144
14	6	2	171	346	425
14	5	2	172	490	553
14	2	0	173	643	711
14	3	0	174	734	809
14	4	2	175	860	872
14	4	4	176	949	1018
14	4	0	177	1067	1087
14	1	3	178	1113	1189
15	0	2	179	182	273
15	9	2	180	273	341
15	9	7	181	460	487
15	9	2	182	559	610
15	4	2	183	715	792
15	3	0	184	809	889
15	0	4	185	1116	1189
15	1	7	186	1202	1258
15	7	4	187	1362	1392
16	2	0	188	82	114
16	3	1	189	214	286
16	1	0	190	286	355
16	2	0	191	355	400
16	9	7	192	415	460
16	0	1	193	542	612
16	0	1	194	628	644
16	0	5	195	644	685
16	1	7	196	810	876
16	5	3	197	928	972
16	6	3	198	1032	1095
16	6	2	199	1124	1217
16	7	3	200	1222	1298
16	1	6	201	1314	1399
16	2	6	202	1399	1426
17	5	3	203	16	82
17	2	0	204	114	185
17	4	1	205	197	213
17	1	0	206	265	279
17	8	5	207	362	396
17	7	7	208	487	571
17	1	1	209	712	788
17	3	0	210	999	1067
17	6	2	211	1217	1297
17	0	2	212	1297	1367
18	5	7	213	180	199
18	8	0	214	417	469
18	9	6	215	487	527
18	0	1	216	612	628
18	2	5	217	810	886
18	4	4	218	1102	1116
18	3	1	219	1134	1157
18	0	3	220	1189	1222
18	3	1	221	1242	1281
19	8	0	222	0	10
19	9	7	223	59	103
19	7	3	224	291	348
19	5	2	225	1033	1062
19	3	0	226	1374	1452


Solution History:
