This is the output of Heuristic Solver for Dual resource constrained flexible job shop Scheduling Problem.
Input file is: wfjsp18_9.txt
Method: TS_50000_30_20
Seed: 1
Number of Jobs: 20
Number of Operations: 148
Number of Machines: 10
Number of Operators: 8
CPU Time: 1800.01
obj: 946
Best found lower bound:0
Solver gap (best found lower bound and upper bound difference): Not known


Final Solution:
Job	Machine	Operator	Operation	Start Time	Finish Time
0	4	6	0	0	72
0	9	2	1	232	271
0	1	1	2	331	398
0	6	5	3	422	478
0	1	0	4	478	511
1	9	1	5	31	127
1	8	6	6	199	255
1	9	0	7	271	290
1	1	0	8	423	478
1	2	3	9	484	545
1	8	5	10	560	649
1	3	7	11	649	734
1	0	2	12	822	889
2	7	0	13	0	36
2	3	7	14	62	80
2	1	7	15	131	184
2	4	2	16	210	225
2	8	6	17	255	343
2	7	7	18	479	501
2	9	4	19	753	776
2	5	1	20	858	893
3	2	3	21	175	217
3	5	0	22	290	304
3	8	6	23	343	362
3	9	0	24	792	814
3	4	4	25	814	872
3	7	2	26	889	943
4	5	2	27	0	85
4	3	5	28	106	191
4	6	4	29	191	275
4	6	7	30	276	334
4	6	0	31	346	405
5	9	6	32	144	199
5	0	4	33	350	427
5	5	1	34	454	465
5	9	1	35	625	716
5	7	0	36	755	792
5	7	3	37	796	816
5	5	1	38	845	858
5	1	7	39	890	945
6	5	2	40	85	142
6	9	2	41	299	387
6	7	7	42	392	413
6	8	1	43	435	454
6	5	5	44	478	497
6	3	6	45	497	542
6	2	0	46	558	602
6	1	3	47	603	678
6	1	3	48	747	796
6	2	3	49	822	844
7	2	3	50	86	175
7	7	7	51	188	217
7	1	3	52	269	328
7	4	3	53	331	360
7	8	6	54	362	388
7	6	5	55	497	560
7	7	7	56	560	636
7	4	6	57	659	672
7	0	4	58	776	812
8	2	3	59	0	86
8	6	0	60	109	153
8	8	1	61	398	435
8	8	1	62	465	545
8	0	4	63	581	636
8	1	3	64	678	747
8	1	7	65	828	890
8	0	4	66	931	946
9	6	0	67	153	162
9	7	0	68	162	188
9	5	2	69	387	447
9	4	6	70	638	659
9	9	1	71	716	749
10	1	1	72	0	31
10	0	2	73	142	210
10	4	1	74	232	331
10	7	7	75	428	479
10	4	4	76	511	539
10	3	6	77	542	615
10	7	0	78	640	682
10	4	6	79	727	778
10	9	0	80	814	846
10	3	0	81	905	941
11	7	3	82	217	249
11	0	5	83	315	331
11	9	6	84	388	443
11	5	2	85	641	682
11	7	0	86	682	755
12	0	5	87	30	83
12	9	1	88	127	144
12	6	4	89	167	186
12	3	5	90	191	278
12	5	0	91	511	558
12	6	7	92	734	828
13	8	4	93	0	83
13	1	7	94	83	131
13	6	0	95	334	346
13	4	2	96	447	481
13	4	6	97	672	727
13	8	6	98	778	859
13	9	6	99	859	944
14	0	5	100	0	30
14	0	7	101	217	276
14	3	5	102	278	315
14	7	0	103	315	334
14	3	5	104	334	422
14	5	2	105	584	641
14	4	4	106	872	931
15	8	4	107	83	167
15	3	4	108	315	326
15	2	7	109	334	392
15	7	7	110	501	554
15	2	0	111	602	618
15	0	2	112	682	751
15	6	5	113	828	933
16	0	5	114	83	106
16	2	2	115	271	299
16	4	3	116	360	421
16	2	3	117	423	484
16	9	2	118	496	552
16	9	2	119	552	584
16	3	6	120	615	638
16	6	4	121	638	697
16	2	3	122	884	940
17	3	7	123	0	62
17	4	6	124	72	141
17	1	0	125	188	247
17	1	0	126	247	269
17	0	4	127	276	315
17	2	0	128	405	423
17	0	4	129	427	511
17	4	1	130	545	625
17	5	1	131	749	845
17	3	0	132	846	905
18	4	1	133	144	199
18	9	1	134	199	232
18	5	4	135	326	350
18	7	7	136	413	428
18	9	6	137	443	496
18	1	3	138	545	603
18	2	0	139	618	640
18	8	4	140	697	753
18	2	2	141	753	822
19	7	0	142	36	109
19	0	4	143	539	581
19	2	5	144	649	739
19	3	5	145	739	827
19	2	3	146	844	884
19	5	1	147	893	924


Solution History:
