This is the output of Heuristic Solver for Dual resource constrained flexible job shop Scheduling Problem.
Input file is: wfjsp20_2.txt
Method: TS_50000_30_20
Seed: 1
Number of Jobs: 25
Number of Operations: 193
Number of Machines: 10
Number of Operators: 8
CPU Time: 1800.02
obj: 1233
Best found lower bound:0
Solver gap (best found lower bound and upper bound difference): Not known


Final Solution:
Job	Machine	Operator	Operation	Start Time	Finish Time
0	4	6	0	0	76
0	2	2	1	76	150
0	4	1	2	223	245
0	4	3	3	375	415
0	1	0	4	706	721
1	8	1	5	69	97
1	8	0	6	99	167
1	8	0	7	307	316
1	2	0	8	412	485
1	0	2	9	690	730
1	1	0	10	772	826
1	0	1	11	1015	1030
1	1	4	12	1079	1149
1	4	3	13	1170	1230
2	9	4	14	43	107
2	5	5	15	144	214
2	8	7	16	214	244
2	3	3	17	262	304
2	1	6	18	381	398
2	8	2	19	469	527
2	4	7	20	579	652
2	6	5	21	686	768
2	0	5	22	769	831
2	0	5	23	1044	1112
3	7	5	24	0	71
3	6	0	25	81	99
3	1	3	26	170	182
3	5	5	27	214	299
3	0	5	28	637	658
3	7	3	29	821	894
3	6	5	30	960	1044
3	7	5	31	1112	1136
3	8	1	32	1151	1219
4	1	3	33	84	170
4	6	1	34	171	223
4	7	3	35	304	332
4	1	6	36	398	453
4	4	2	37	527	563
4	4	6	38	660	729
4	3	2	39	730	817
4	2	7	40	857	881
4	9	0	41	1031	1046
4	7	3	42	1142	1170
5	2	0	43	218	234
5	4	1	44	245	287
5	1	6	45	307	381
5	4	6	46	750	789
5	2	7	47	881	980
5	3	3	48	1025	1109
6	2	1	49	0	69
6	7	6	50	218	247
6	7	1	51	451	518
6	2	0	52	616	650
6	2	7	53	777	799
6	3	1	54	844	881
6	9	7	55	980	1024
6	6	0	56	1112	1131
6	2	2	57	1168	1232
7	3	4	58	173	238
7	0	3	59	480	492
7	3	2	60	563	597
7	1	0	61	721	772
7	8	0	62	826	906
7	4	2	63	951	1002
7	5	4	64	1149	1233
8	2	7	65	159	214
8	9	3	66	242	262
8	5	5	67	451	535
8	5	5	68	546	559
8	7	1	69	586	666
8	6	1	70	769	784
8	9	0	71	906	962
8	8	4	72	1016	1079
8	4	6	73	1114	1161
9	5	7	74	302	361
9	7	5	75	366	451
9	4	6	76	453	515
9	2	0	77	562	616
9	3	4	78	631	713
9	4	7	79	799	812
9	1	6	80	908	960
9	4	2	81	1002	1048
9	0	2	82	1112	1168
9	7	5	83	1213	1230
10	0	7	84	0	89
10	3	7	85	110	130
10	9	0	86	339	361
10	8	7	87	546	579
10	0	7	88	658	690
10	5	7	89	690	777
10	6	2	90	1048	1111
11	6	4	91	238	318
11	9	3	92	415	480
11	5	5	93	535	546
11	0	3	94	557	582
11	8	4	95	713	792
11	5	4	96	792	853
11	6	6	97	856	908
11	3	3	98	940	1025
11	2	7	99	1079	1165
12	5	0	100	35	52
12	7	5	101	71	144
12	9	3	102	182	242
12	2	0	103	509	562
12	7	3	104	675	747
12	7	3	105	747	821
12	0	5	106	831	865
12	4	6	107	1067	1114
12	1	6	108	1161	1231
13	6	2	109	13	76
13	7	0	110	167	218
13	3	2	111	391	423
13	0	2	112	423	469
13	9	1	113	518	586
13	1	6	114	590	660
13	8	1	115	953	967
14	1	4	116	30	43
14	2	0	117	234	252
14	5	1	118	361	448
14	3	7	119	454	546
14	5	5	120	658	686
14	5	4	121	853	914
14	5	7	122	1027	1079
15	4	7	123	89	110
15	3	7	124	130	159
15	9	5	125	299	324
15	4	7	126	361	371
15	4	6	127	729	750
15	0	1	128	755	769
15	3	1	129	835	844
15	0	4	130	915	988
15	9	0	131	1046	1054
16	5	6	132	76	114
16	2	0	133	252	307
16	9	0	134	361	412
16	7	5	135	902	960
16	8	4	136	988	1016
16	1	6	137	1031	1067
16	8	1	138	1097	1151
17	3	3	139	0	84
17	0	2	140	150	204
17	6	2	141	326	391
17	2	0	142	650	706
17	9	5	143	865	902
17	1	0	144	962	1031
18	7	6	145	247	280
18	8	5	146	324	366
18	6	4	147	559	631
18	9	3	148	643	675
18	9	1	149	784	835
18	5	1	150	915	953
18	7	1	151	967	1015
18	7	1	152	1030	1097
18	3	0	153	1161	1228
19	1	0	154	0	11
19	4	6	155	114	199
19	0	2	156	277	326
19	0	3	157	492	557
19	0	1	158	881	915
19	9	0	159	1054	1112
20	5	0	160	11	35
20	6	1	161	99	171
20	1	6	162	280	307
20	2	0	163	316	339
20	9	3	164	586	643
20	4	2	165	817	902
20	4	2	166	902	951
20	6	5	167	1136	1213
21	8	2	168	0	13
21	1	0	169	52	81
21	6	4	170	475	559
21	8	2	171	597	683
21	5	6	172	960	1027
21	9	7	173	1165	1232
22	4	1	174	287	360
22	8	7	175	371	382
22	8	7	176	382	454
22	1	0	177	485	509
22	5	5	178	559	637
22	9	1	179	675	755
22	6	6	180	789	856
22	3	0	181	1131	1161
23	8	7	182	244	302
23	0	4	183	326	396
23	6	4	184	396	475
23	1	6	185	515	590
23	3	3	186	894	940
23	9	3	187	1112	1142
24	9	4	188	0	30
24	9	4	189	107	173
24	0	2	190	204	277
24	3	3	191	332	375
24	2	7	192	812	857


Solution History:
