This is the output of Heuristic Solver for Dual resource constrained flexible job shop Scheduling Problem.
Input file is: wfjsp15_2.txt
Method: TS_50000_30_20
Seed: 1
Number of Jobs: 30
Number of Operations: 375
Number of Machines: 15
Number of Operators: 15
CPU Time: 1800.05
obj: 1329
Best found lower bound:0
Solver gap (best found lower bound and upper bound difference): Not known


Final Solution:
Job	Machine	Operator	Operation	Start Time	Finish Time
0	4	5	0	67	147
0	13	2	1	206	273
0	7	11	2	365	386
0	4	6	3	535	569
0	4	1	4	652	669
0	8	1	5	853	877
0	8	1	6	922	992
0	1	4	7	1005	1014
0	9	12	8	1080	1162
0	1	4	9	1265	1305
1	14	11	10	43	103
1	2	6	11	131	148
1	13	12	12	273	340
1	4	14	13	343	400
1	3	14	14	400	458
1	0	5	15	464	529
1	13	9	16	559	595
1	12	11	17	600	641
1	1	14	18	756	775
1	1	14	19	775	828
1	3	1	20	995	1072
1	10	3	21	1075	1154
1	3	14	22	1202	1253
1	0	5	23	1263	1327
2	3	6	24	0	65
2	1	4	25	96	113
2	6	10	26	198	210
2	3	6	27	234	324
2	14	1	28	325	347
2	12	13	29	347	427
2	7	11	30	428	514
2	10	1	31	588	606
2	11	9	32	640	705
2	11	1	33	705	782
2	10	5	34	826	889
2	13	2	35	925	950
2	10	14	36	950	1005
2	13	8	37	1091	1123
2	4	8	38	1259	1328
3	5	13	39	67	147
3	2	4	40	153	180
3	11	3	41	220	236
3	11	3	42	236	269
3	9	2	43	273	291
3	0	7	44	295	335
3	0	7	45	335	405
3	3	8	46	562	600
3	10	5	47	606	692
3	5	3	48	837	921
3	11	12	49	927	990
3	8	10	50	1122	1151
3	9	7	51	1162	1227
3	10	0	52	1234	1267
4	5	5	53	0	26
4	6	7	54	87	125
4	3	10	55	152	198
4	1	10	56	214	234
4	0	14	57	234	295
4	14	12	58	391	452
4	4	9	59	506	518
4	1	13	60	598	633
4	1	13	61	633	690
4	5	3	62	754	837
4	1	13	63	883	942
4	0	7	64	955	1024
4	11	13	65	1048	1102
4	8	10	66	1102	1122
4	4	1	67	1145	1233
5	1	4	68	0	14
5	5	5	69	178	251
5	14	12	70	347	361
5	9	2	71	382	436
5	12	1	72	436	493
5	5	13	73	493	541
5	12	2	74	641	707
5	12	2	75	707	791
5	2	0	76	1005	1062
5	3	1	77	1091	1143
5	5	2	78	1229	1320
6	3	6	79	65	78
6	2	1	80	80	131
6	1	7	81	131	175
6	9	8	82	175	236
6	9	8	83	236	254
6	9	2	84	304	382
6	7	11	85	386	406
6	7	11	86	406	428
6	4	9	87	473	506
6	14	1	88	530	564
6	3	10	89	756	843
6	0	7	90	843	911
6	7	0	91	927	1001
6	9	8	92	1001	1080
7	1	4	93	113	124
7	7	4	94	124	153
7	14	11	95	176	251
7	14	9	96	251	317
7	0	7	97	405	462
7	1	7	98	496	581
7	3	14	99	652	756
7	2	0	100	853	870
7	5	14	101	1047	1123
7	14	4	102	1125	1180
7	0	9	103	1180	1232
7	11	3	104	1260	1325
8	10	1	105	244	325
8	6	8	106	401	433
8	10	14	107	458	509
8	14	10	108	564	635
8	9	10	109	635	699
8	6	13	110	699	748
8	4	1	111	804	831
8	9	10	112	843	889
8	9	3	113	921	986
8	12	12	114	997	1063
8	12	12	115	1063	1076
8	3	1	116	1076	1091
8	7	11	117	1105	1128
8	12	11	118	1150	1235
9	0	7	119	0	87
9	11	3	120	269	299
9	13	10	121	401	460
9	11	6	122	473	535
9	1	7	123	581	598
9	0	8	124	657	684
9	5	3	125	737	754
9	12	12	126	791	801
9	2	0	127	870	892
9	2	0	128	892	907
9	8	1	129	913	922
9	0	7	130	1024	1097
9	5	14	131	1123	1132
9	8	8	132	1224	1255
9	14	10	133	1265	1327
10	9	12	134	0	51
10	13	14	135	79	128
10	5	5	136	147	178
10	1	7	137	178	214
10	9	2	138	436	490
10	11	12	139	558	640
10	1	10	140	699	756
10	12	9	141	866	936
10	11	13	142	992	1048
10	13	8	143	1123	1157
10	8	8	144	1157	1224
10	13	10	145	1230	1259
11	14	11	146	0	43
11	3	9	147	79	152
11	8	8	148	254	282
11	0	13	149	541	596
11	0	7	150	598	630
11	7	0	151	631	674
11	8	8	152	737	803
11	11	6	153	813	880
11	6	10	154	889	901
11	6	10	155	1016	1101
11	11	13	156	1102	1151
11	6	0	157	1162	1234
11	7	11	158	1235	1272
11	10	0	159	1272	1324
12	5	5	160	42	67
12	6	3	161	125	192
12	3	14	162	206	234
12	4	0	163	234	263
12	6	11	164	290	350
12	8	3	165	350	434
12	6	3	166	518	571
12	6	3	167	571	647
12	6	11	168	647	663
12	5	4	169	699	732
12	6	11	170	761	842
12	3	8	171	843	922
12	13	2	172	950	1018
12	6	7	173	1101	1162
13	13	9	174	0	79
13	7	6	175	79	91
13	14	11	176	103	176
13	10	0	177	430	454
13	4	6	178	569	647
13	14	7	179	647	735
13	10	5	180	759	826
13	2	4	181	907	935
13	12	9	182	936	997
13	2	6	183	1092	1169
13	2	6	184	1169	1245
13	2	6	185	1245	1325
14	8	3	186	0	48
14	9	12	187	51	78
14	13	8	188	362	396
14	9	2	189	490	561
14	0	7	190	735	803
14	12	13	191	803	848
14	0	7	192	911	955
14	7	11	193	1001	1074
14	14	9	194	1080	1096
14	0	2	195	1097	1139
14	3	14	196	1143	1202
14	9	12	197	1227	1273
15	7	10	198	0	67
15	4	6	199	148	232
15	4	0	200	263	343
15	2	4	201	381	466
15	0	8	202	630	657
15	4	0	203	698	765
15	2	0	204	782	853
15	12	9	205	853	866
15	11	6	206	880	894
15	13	2	207	894	925
15	4	6	208	931	1014
15	1	4	209	1014	1094
15	13	12	210	1162	1224
15	6	9	211	1234	1310
16	13	14	212	128	206
16	10	1	213	225	244
16	2	4	214	247	303
16	7	10	215	303	344
16	7	10	216	344	360
16	5	0	217	541	616
16	7	9	218	616	631
16	4	1	219	669	697
16	2	6	220	746	782
16	11	6	221	894	927
16	3	14	222	1253	1265
16	9	12	223	1273	1318
17	10	14	224	0	57
17	7	6	225	91	120
17	12	13	226	147	232
17	12	13	227	232	289
17	11	6	228	339	406
17	11	6	229	406	473
17	7	11	230	514	600
17	11	6	231	782	813
17	7	11	232	1074	1105
17	3	14	233	1265	1280
17	1	4	234	1305	1324
18	8	3	235	48	102
18	8	12	236	115	170
18	6	7	237	214	290
18	11	3	238	299	339
18	6	11	239	350	365
18	6	10	240	365	378
18	6	10	241	378	401
18	1	5	242	420	464
18	14	12	243	464	530
18	2	4	244	534	623
18	6	0	245	675	698
18	9	9	246	705	778
18	0	7	247	1232	1263
18	7	11	248	1272	1329
19	10	0	249	151	225
19	5	0	250	343	358
19	10	5	251	552	588
19	0	8	252	684	725
19	0	7	253	803	843
19	14	11	254	889	921
19	6	10	255	924	1016
19	4	6	256	1016	1058
19	2	6	257	1062	1092
19	11	13	258	1151	1244
19	12	13	259	1244	1328
20	11	0	260	98	134
20	8	9	261	170	251
20	5	5	262	251	284
20	1	14	263	301	342
20	4	9	264	400	473
20	13	10	265	473	559
20	13	12	266	640	704
20	13	2	267	791	869
20	4	14	268	869	931
20	14	9	269	997	1080
20	14	4	270	1096	1125
20	0	5	271	1139	1172
20	13	7	272	1263	1327
21	11	0	273	0	98
21	0	8	274	155	167
21	2	4	275	180	247
21	2	4	276	303	381
21	12	14	277	530	583
21	7	9	278	600	612
21	3	1	279	615	652
21	10	5	280	692	759
21	14	11	281	921	991
21	5	5	282	1018	1045
21	1	9	283	1096	1172
22	5	5	284	26	42
22	10	10	285	67	151
22	10	1	286	347	417
22	2	4	287	466	500
22	2	4	288	500	534
22	7	11	289	675	708
22	7	11	290	708	761
22	7	13	291	761	799
22	8	1	292	877	913
22	4	0	293	1062	1145
22	1	5	294	1172	1241
22	1	5	295	1241	1259
22	8	1	296	1259	1329
23	9	2	297	84	171
23	7	12	298	171	253
23	8	8	299	282	345
23	13	8	300	345	362
23	6	11	301	663	675
23	2	6	302	718	746
23	4	1	303	782	794
23	7	4	304	808	883
23	10	14	305	1005	1047
23	7	10	306	1151	1230
23	4	1	307	1233	1259
24	1	4	308	14	96
24	5	5	309	304	322
24	1	7	310	464	496
24	8	9	311	518	558
24	8	3	312	647	737
24	14	4	313	768	808
24	8	1	314	831	853
24	6	10	315	901	924
24	5	2	316	1139	1229
24	11	3	317	1244	1260
25	4	13	318	0	63
25	0	2	319	171	188
25	1	10	320	234	257
25	7	11	321	257	271
25	12	5	322	289	303
25	12	1	323	493	530
25	8	14	324	583	641
25	4	1	325	794	804
25	1	13	326	848	883
25	1	13	327	942	992
25	8	3	328	992	1075
25	7	11	329	1128	1150
25	10	3	330	1154	1230
26	2	1	331	0	80
26	7	9	332	153	165
26	1	10	333	257	301
26	3	9	334	324	380
26	8	3	335	434	514
26	3	8	336	518	562
26	3	8	337	600	615
26	14	4	338	735	768
26	9	9	339	778	836
26	6	11	340	842	889
26	2	4	341	935	1005
26	3	14	342	1280	1315
27	6	8	343	0	83
27	9	12	344	254	270
27	14	12	345	361	391
27	6	8	346	433	518
27	5	4	347	623	699
27	13	12	348	704	788
27	14	12	349	808	886
27	10	5	350	889	927
27	5	5	351	927	1018
27	13	2	352	1018	1091
28	12	2	353	0	84
28	0	8	354	87	155
28	5	2	355	291	304
28	1	5	356	342	420
28	3	0	357	458	504
28	10	5	358	529	552
28	9	2	359	561	635
28	4	14	360	831	865
28	7	12	361	886	927
28	3	8	362	927	995
28	10	5	363	1047	1073
28	12	5	364	1076	1135
29	12	12	365	84	115
29	11	0	366	134	144
29	11	1	367	144	220
29	12	13	368	303	344
29	5	0	369	358	430
29	5	13	370	430	491
29	10	14	371	509	521
29	11	12	372	535	558
29	2	6	373	647	718
29	14	4	374	1180	1265


Solution History:
