This is the output of Heuristic Solver for Dual resource constrained flexible job shop Scheduling Problem.
Input file is: wfjsp8_10.txt
Method: TS_50000_30_20
Seed: 1
Number of Jobs: 15
Number of Operations: 109
Number of Machines: 5
Number of Operators: 5
CPU Time: 1800
obj: 1208
Best found lower bound:0
Solver gap (best found lower bound and upper bound difference): Not known


Final Solution:
Job	Machine	Operator	Operation	Start Time	Finish Time
0	2	4	0	0	83
0	3	3	1	88	172
0	2	4	2	392	459
0	1	0	3	744	836
0	3	1	4	897	956
0	1	0	5	997	1028
0	0	2	6	1088	1121
0	1	1	7	1151	1208
1	3	3	8	0	88
1	4	4	9	334	362
1	2	4	10	630	668
1	4	3	11	719	753
1	3	1	12	811	897
1	2	3	13	905	987
1	1	0	14	1028	1094
1	0	2	15	1121	1208
2	0	2	16	167	249
2	4	4	17	257	272
2	4	4	18	272	281
2	1	0	19	367	416
2	0	2	20	438	509
2	0	2	21	509	595
2	2	4	22	987	1039
2	4	4	23	1041	1118
3	2	4	24	83	128
3	1	0	25	167	190
3	4	4	26	281	334
3	0	2	27	341	359
3	0	2	28	643	731
4	4	1	29	0	32
4	2	3	30	553	630
4	3	1	31	630	711
4	2	4	32	823	891
4	1	0	33	891	935
4	1	0	34	935	997
5	0	2	35	249	327
5	0	2	36	327	341
5	4	4	37	362	386
5	3	1	38	508	530
5	0	2	39	595	643
5	2	4	40	668	704
5	2	4	41	704	796
5	2	3	42	1050	1113
6	2	4	43	128	218
6	2	4	44	218	234
6	1	0	45	730	744
6	0	2	46	839	910
6	1	0	47	1094	1144
6	3	0	48	1151	1165
7	1	0	49	190	281
7	1	0	50	416	498
7	3	1	51	530	559
7	0	2	52	766	839
7	2	3	53	1041	1050
8	0	2	54	38	117
8	4	3	55	172	252
8	1	0	56	281	302
8	1	0	57	302	367
8	1	0	58	498	534
8	1	0	59	667	676
8	3	1	60	956	1045
8	3	1	61	1060	1105
8	2	4	62	1118	1205
9	1	0	63	99	167
9	3	1	64	261	349
9	0	2	65	359	438
9	3	1	66	559	607
9	1	0	67	616	667
9	1	0	68	676	693
9	3	1	69	711	737
9	3	1	70	1105	1127
9	3	1	71	1127	1151
10	1	0	72	0	51
10	1	0	73	51	99
10	2	4	74	234	257
10	4	4	75	553	629
10	4	3	76	987	1041
11	3	1	77	429	470
11	3	1	78	470	508
11	1	0	79	534	616
11	1	0	80	693	730
11	0	2	81	731	766
11	2	4	82	796	823
11	2	4	83	891	905
11	0	2	84	998	1088
11	3	0	85	1165	1201
12	0	2	86	0	38
12	4	1	87	101	170
12	4	3	88	392	469
12	3	1	89	607	623
12	4	3	90	753	839
13	4	1	91	32	101
13	0	2	92	117	149
13	0	2	93	149	167
13	3	1	94	172	261
13	2	3	95	261	310
13	2	3	96	310	392
13	4	3	97	469	550
13	4	3	98	839	902
13	0	2	99	910	998
13	4	3	100	1118	1207
14	3	1	101	349	429
14	2	4	102	459	553
14	4	3	103	630	719
14	3	1	104	737	779
14	3	1	105	779	811
14	1	0	106	836	887
14	4	4	107	905	986
14	3	1	108	1045	1060


Solution History:
