This is the output of Heuristic Solver for Dual resource constrained flexible job shop Scheduling Problem.
Input file is: wfjsp20_1.txt
Method: TS_50000_30_20
Seed: 1
Number of Jobs: 25
Number of Operations: 179
Number of Machines: 10
Number of Operators: 8
CPU Time: 1800.01
obj: 1081
Best found lower bound:0
Solver gap (best found lower bound and upper bound difference): Not known


Final Solution:
Job	Machine	Operator	Operation	Start Time	Finish Time
0	8	4	0	82	158
0	0	6	1	276	299
0	4	1	2	318	364
0	1	6	3	652	739
0	2	1	4	940	1021
1	3	5	5	0	57
1	6	0	6	230	314
1	1	3	7	461	497
1	0	7	8	509	549
1	4	4	9	642	676
1	4	4	10	676	687
1	5	1	11	718	734
1	7	5	12	947	963
1	7	7	13	1003	1048
2	0	6	14	72	129
2	6	0	15	160	208
2	5	3	16	437	461
2	6	4	17	484	495
2	0	2	18	553	604
2	8	5	19	713	767
2	6	0	20	980	1071
3	2	4	21	0	82
3	5	1	22	382	432
3	5	5	23	491	560
3	9	3	24	589	603
3	9	3	25	624	655
3	8	5	26	690	713
4	7	6	27	36	61
4	7	0	28	103	148
4	0	3	29	356	437
4	6	7	30	549	591
4	3	3	31	731	787
4	3	5	32	802	887
4	4	2	33	993	1040
5	7	6	34	61	72
5	2	1	35	96	138
5	2	7	36	138	168
5	0	6	37	243	276
5	9	2	38	283	362
5	2	1	39	532	590
5	2	3	40	844	880
5	1	3	41	915	1009
5	4	3	42	1047	1073
6	8	1	43	0	58
6	4	3	44	101	114
6	6	0	45	148	160
6	8	7	46	260	336
6	2	4	47	351	359
6	3	1	48	523	532
6	2	0	49	723	767
6	4	2	50	870	947
7	0	3	51	299	316
7	4	2	52	364	420
7	3	0	53	420	469
7	5	5	54	560	598
7	8	7	55	795	835
8	4	3	56	148	239
8	2	4	57	315	351
8	2	4	58	359	446
8	7	0	59	668	723
8	7	0	60	863	886
8	3	4	61	946	1008
9	1	6	62	129	149
9	9	2	63	242	283
9	1	6	64	369	452
9	6	4	65	495	529
9	7	3	66	572	589
9	2	3	67	655	704
9	0	2	68	704	754
9	0	5	69	887	947
9	5	1	70	1021	1062
10	1	0	71	208	230
10	0	3	72	316	356
10	9	5	73	453	491
10	4	4	74	588	624
10	0	2	75	653	703
10	4	4	76	758	831
10	8	7	77	835	912
11	5	2	78	0	75
11	8	7	79	168	260
11	7	6	80	299	367
11	6	4	81	446	484
11	0	7	82	493	509
11	9	1	83	795	816
11	0	4	84	1008	1016
12	4	0	85	0	81
12	5	2	86	81	118
12	6	3	87	118	148
12	5	2	88	200	215
12	5	5	89	215	244
12	4	2	90	496	553
12	5	2	91	754	769
12	0	2	92	947	993
13	6	7	93	26	104
13	1	6	94	149	167
13	9	2	95	215	242
13	3	0	96	469	523
13	4	6	97	565	577
13	5	1	98	629	718
13	9	7	99	721	795
13	2	0	100	795	844
13	7	7	101	963	1003
14	1	3	102	0	84
14	3	5	103	143	215
14	8	5	104	412	453
14	3	4	105	532	588
14	7	0	106	649	668
14	8	3	107	1009	1047
14	2	1	108	1062	1077
15	1	4	109	237	315
15	1	0	110	315	369
15	4	2	111	420	496
15	5	3	112	603	624
15	4	4	113	624	642
15	4	4	114	687	758
15	8	1	115	773	794
15	1	6	116	833	914
15	8	6	117	914	1006
16	6	7	118	0	11
16	9	1	119	58	80
16	1	0	120	84	103
16	5	2	121	118	200
16	2	3	122	239	297
16	7	6	123	493	565
16	0	2	124	604	653
16	6	6	125	794	833
16	5	0	126	933	980
16	8	7	127	1048	1081
17	9	7	128	104	134
17	3	5	129	598	690
17	3	3	130	704	731
17	0	2	131	769	791
17	4	4	132	831	870
18	9	1	133	80	96
18	2	1	134	194	236
18	8	7	135	336	412
18	1	0	136	523	576
18	2	7	137	591	631
18	6	7	138	631	721
18	7	1	139	734	773
18	0	2	140	791	869
18	6	4	141	870	946
18	9	5	142	963	1006
19	0	4	143	158	237
19	5	5	144	244	316
19	6	0	145	369	419
19	7	1	146	590	629
19	6	6	147	739	794
19	5	1	148	816	895
19	3	5	149	1008	1080
20	7	6	150	0	36
20	5	5	151	316	376
20	1	0	152	596	649
20	7	3	153	787	843
20	2	0	154	886	933
21	1	6	155	167	204
21	7	6	156	204	243
21	7	7	157	412	492
21	9	7	158	915	963
21	0	4	159	1016	1077
22	3	5	160	57	143
22	2	1	161	446	522
22	2	0	162	767	788
22	7	0	163	844	863
22	7	1	164	895	940
23	6	7	165	11	26
23	7	3	166	84	101
23	9	1	167	138	194
23	3	5	168	376	410
23	1	0	169	576	596
23	1	6	170	1009	1081
24	4	1	171	239	318
24	9	1	172	364	382
24	0	6	173	452	493
24	9	3	174	497	572
24	8	6	175	577	652
24	5	5	176	769	802
24	9	3	177	880	915
24	9	2	178	1040	1080


Solution History:
