This is the output of Heuristic Solver for Dual resource constrained flexible job shop Scheduling Problem.
Input file is: wfjsp17_3.txt
Method: TS_50000_30_20
Seed: 1
Number of Jobs: 15
Number of Operations: 139
Number of Machines: 5
Number of Operators: 4
CPU Time: 1800.01
obj: 1840
Best found lower bound:0
Solver gap (best found lower bound and upper bound difference): Not known


Final Solution:
Job	Machine	Operator	Operation	Start Time	Finish Time
0	4	2	0	138	208
0	4	2	1	540	553
0	0	1	2	727	746
0	1	0	3	776	854
0	3	3	4	937	1014
0	3	3	5	1014	1085
0	1	3	6	1131	1208
0	0	2	7	1281	1320
0	0	1	8	1369	1460
1	4	2	9	10	24
1	0	2	10	75	138
1	0	3	11	334	433
1	4	2	12	553	570
1	2	3	13	751	851
1	2	0	14	978	1070
1	3	3	15	1100	1130
1	1	0	16	1537	1600
2	1	1	17	0	19
2	4	2	18	319	389
2	2	1	19	434	447
2	3	1	20	485	511
2	3	0	21	511	554
2	2	0	22	554	646
2	2	1	23	1304	1369
2	2	0	24	1397	1430
2	0	3	25	1465	1540
2	2	0	26	1600	1696
3	4	2	27	0	10
3	4	2	28	42	75
3	4	2	29	221	319
3	0	1	30	447	483
3	4	2	31	661	692
3	3	0	32	1430	1496
3	3	1	33	1636	1700
3	4	2	34	1766	1833
4	3	3	35	0	102
4	0	1	36	237	329
4	3	0	37	348	365
4	1	0	38	391	419
4	0	2	39	895	971
4	3	1	40	1131	1146
4	2	1	41	1281	1304
4	4	2	42	1540	1598
4	4	2	43	1598	1633
4	3	1	44	1700	1748
5	2	3	45	159	257
5	3	3	46	648	720
5	1	1	47	855	933
5	4	2	48	1017	1033
5	3	3	49	1085	1100
5	3	1	50	1146	1196
5	3	3	51	1271	1341
5	4	2	52	1633	1669
5	4	2	53	1741	1766
5	3	0	54	1777	1837
6	2	3	55	102	129
6	2	3	56	129	159
6	1	0	57	171	249
6	3	3	58	257	334
6	1	0	59	419	510
6	0	1	60	511	608
6	0	2	61	883	895
6	4	0	62	1197	1257
6	0	1	63	1540	1636
7	2	1	64	329	368
7	3	1	65	394	421
7	4	2	66	600	661
7	0	1	67	746	783
7	3	1	68	783	855
7	2	3	69	927	937
7	4	0	70	1070	1161
7	3	3	71	1209	1271
7	1	0	72	1348	1377
7	4	2	73	1396	1471
8	2	0	74	0	29
8	2	0	75	29	91
8	2	1	76	421	434
8	3	3	77	618	648
8	4	2	78	692	703
8	4	2	79	703	778
8	1	1	80	1010	1082
8	1	1	81	1082	1131
8	2	0	82	1377	1397
9	4	0	83	91	128
9	4	2	84	208	221
9	4	2	85	389	477
9	1	3	86	520	558
9	0	1	87	608	649
9	3	0	88	855	877
9	2	0	89	1161	1197
9	1	3	90	1612	1664
10	3	0	91	128	171
10	1	0	92	365	391
10	4	2	93	570	600
10	4	2	94	778	820
10	1	1	95	933	1010
10	0	2	96	1098	1140
10	0	2	97	1140	1227
10	1	0	98	1257	1348
10	1	1	99	1465	1537
11	1	1	100	91	142
11	3	3	101	583	618
11	1	0	102	646	737
11	2	3	103	851	927
11	4	2	104	982	1017
11	3	1	105	1196	1209
11	2	1	106	1209	1281
11	2	0	107	1496	1537
11	3	3	108	1540	1612
11	0	3	109	1664	1765
12	0	1	110	142	237
12	1	0	111	249	348
12	3	3	112	433	485
12	2	3	113	485	520
12	1	3	114	558	583
12	0	1	115	689	727
12	1	0	116	737	776
12	4	2	117	971	982
12	4	2	118	1669	1741
12	0	3	119	1765	1840
13	0	2	120	24	42
13	4	2	121	477	540
13	0	1	122	649	689
13	3	3	123	720	751
13	4	0	124	877	955
13	0	2	125	1227	1281
13	3	3	126	1341	1404
13	1	3	127	1404	1465
13	1	0	128	1696	1777
14	1	1	129	19	91
14	3	1	130	368	394
14	0	2	131	820	883
14	2	0	132	955	978
14	0	2	133	1033	1098
14	0	2	134	1320	1366
14	4	2	135	1366	1396
14	4	2	136	1471	1540
14	2	1	137	1748	1804
14	1	1	138	1804	1840


Solution History:
