This is the output of Heuristic Solver for Dual resource constrained flexible job shop Scheduling Problem.
Input file is: wfjsp22_2.txt
Method: TS_50000_30_20
Seed: 1
Number of Jobs: 30
Number of Operations: 225
Number of Machines: 15
Number of Operators: 12
CPU Time: 1800.02
obj: 949
Best found lower bound:0
Solver gap (best found lower bound and upper bound difference): Not known


Final Solution:
Job	Machine	Operator	Operation	Start Time	Finish Time
0	4	2	0	118	198
0	13	8	1	317	387
0	7	3	2	678	698
0	14	9	3	812	850
0	13	5	4	930	945
1	4	7	5	0	21
1	0	8	6	37	107
1	1	9	7	156	165
1	12	7	8	186	258
1	6	3	9	595	638
1	14	11	10	704	752
1	8	9	11	752	767
1	1	4	12	767	835
1	8	11	13	881	943
2	2	10	14	16	74
2	0	11	15	111	173
2	13	5	16	173	201
2	13	10	17	201	243
2	3	8	18	245	262
2	10	0	19	285	342
2	9	0	20	343	423
2	13	7	21	438	520
2	6	4	22	530	590
2	10	0	23	881	949
3	12	11	24	0	56
3	8	8	25	177	195
3	1	4	26	350	360
3	1	4	27	360	445
3	3	6	28	447	468
3	8	7	29	520	593
3	3	5	30	671	754
3	14	9	31	792	812
3	4	5	32	863	930
4	3	9	33	0	79
4	2	3	34	79	137
4	0	11	35	195	217
4	3	8	36	262	317
4	5	3	37	342	381
4	9	3	38	433	505
4	13	5	39	520	600
4	11	2	40	675	702
4	7	5	41	754	768
4	8	1	42	846	875
5	14	3	43	0	18
5	11	1	44	335	377
5	7	5	45	377	447
5	4	6	46	468	507
5	7	5	47	768	853
5	11	9	48	853	941
6	10	11	49	56	111
6	10	7	50	114	143
6	2	3	51	210	276
6	4	7	52	343	378
6	0	1	53	539	560
6	2	0	54	585	618
6	11	10	55	625	670
6	4	1	56	684	711
6	3	6	57	758	826
7	6	5	58	16	82
7	13	5	59	148	159
7	11	9	60	242	269
7	8	10	61	300	355
7	10	6	62	368	447
7	1	8	63	534	593
7	5	4	64	655	728
8	5	0	65	0	54
8	3	11	66	217	238
8	14	2	67	288	366
8	1	4	68	445	457
8	11	9	69	457	530
8	9	6	70	586	599
8	10	0	71	618	674
8	11	1	72	789	846
8	6	4	73	898	949
9	8	8	74	114	177
9	5	4	75	185	271
9	1	9	76	275	328
9	3	9	77	328	388
9	2	1	78	458	539
9	3	11	79	596	610
9	4	11	80	610	657
9	1	8	81	679	725
9	8	7	82	767	829
9	13	1	83	888	904
10	11	1	84	73	153
10	11	9	85	222	242
10	5	6	86	275	296
10	0	8	87	424	457
10	0	8	88	457	489
10	10	7	89	674	767
10	12	7	90	875	943
11	9	6	91	0	73
11	9	6	92	84	150
11	13	5	93	159	170
11	0	11	94	173	195
11	10	0	95	205	285
11	12	11	96	299	357
11	4	1	97	560	609
11	6	6	98	672	758
11	14	8	99	864	949
12	1	4	100	69	85
12	5	4	101	113	185
12	0	4	102	290	350
12	12	11	103	453	500
12	7	0	104	518	585
12	1	7	105	593	671
12	9	10	106	672	708
12	9	0	107	758	806
12	2	3	108	881	947
13	7	3	109	18	79
13	14	10	110	79	134
13	7	6	111	341	368
13	0	8	112	489	534
13	14	1	113	616	684
13	2	3	114	749	815
13	7	5	115	853	863
14	0	10	116	0	16
14	0	8	117	405	424
14	10	3	118	505	595
14	8	8	119	595	679
14	11	2	120	702	736
14	10	11	121	767	821
14	5	6	122	893	947
15	14	2	123	198	222
15	0	6	124	222	250
15	0	4	125	271	290
15	5	1	126	324	335
15	8	5	127	355	377
15	2	9	128	388	405
15	3	3	129	638	647
15	6	0	130	806	880
15	0	1	131	904	913
16	4	5	132	201	233
16	14	2	133	233	288
16	0	11	134	357	404
16	5	11	135	404	453
16	12	3	136	647	678
16	13	2	137	789	829
16	3	4	138	835	898
17	12	0	139	56	142
17	10	0	140	143	205
17	7	10	141	243	300
17	9	6	142	507	571
17	1	4	143	728	759
17	0	6	144	826	893
18	5	4	145	85	113
18	12	7	146	143	186
18	2	3	147	276	342
18	11	7	148	406	438
18	3	11	149	545	596
18	8	10	150	708	748
18	6	10	151	758	803
18	2	3	152	815	881
18	7	10	153	884	943
19	5	6	154	73	84
19	9	7	155	258	343
19	7	0	156	467	518
19	0	4	157	590	655
19	13	0	158	675	711
19	11	2	159	736	786
20	13	2	160	0	30
20	3	9	161	92	156
20	1	9	162	165	193
20	11	9	163	193	222
20	8	11	164	238	299
20	14	9	165	530	616
20	0	11	166	657	704
20	0	8	167	725	799
21	8	7	168	101	114
21	11	7	169	378	406
21	14	2	170	443	524
21	9	6	171	599	672
21	12	8	172	799	864
21	1	2	173	888	949
22	8	1	174	0	73
22	7	9	175	79	92
22	2	3	176	137	210
22	1	6	177	250	275
22	1	4	178	457	530
22	12	10	179	530	610
22	13	2	180	610	675
22	0	1	181	913	943
23	4	7	182	21	73
23	6	5	183	283	353
23	8	1	184	377	457
23	7	5	185	600	671
23	7	3	186	698	749
23	12	9	187	767	792
24	11	8	188	0	37
24	6	5	189	82	148
24	9	6	190	150	217
24	3	3	191	388	433
24	5	7	192	829	875
25	1	4	193	0	69
25	6	8	194	195	212
25	7	6	195	300	341
25	6	10	196	355	410
25	12	9	197	410	453
25	5	5	198	453	520
25	2	9	199	618	721
25	9	10	200	806	884
26	13	2	201	30	118
26	1	8	202	212	245
26	14	2	203	366	443
26	6	10	204	468	522
26	5	6	205	571	586
26	12	10	206	610	625
26	4	0	207	726	758
27	7	1	208	153	241
27	4	1	209	241	324
27	6	10	210	410	468
27	13	1	211	711	789
27	10	11	212	821	881
28	6	5	213	0	16
28	14	10	214	134	190
28	13	5	215	243	283
28	12	8	216	387	405
28	11	2	217	530	609
28	4	0	218	711	726
28	2	9	219	726	749
29	8	7	220	73	101
29	2	0	221	423	458
29	4	0	222	458	467
29	3	11	223	500	545
29	13	2	224	829	888


Solution History:
