This is the output of Heuristic Solver for Dual resource constrained flexible job shop Scheduling Problem.
Input file is: wfjsp21_7.txt
Method: TS_50000_30_20
Seed: 1
Number of Jobs: 25
Number of Operations: 242
Number of Machines: 15
Number of Operators: 12
CPU Time: 1800.02
obj: 1018
Best found lower bound:0
Solver gap (best found lower bound and upper bound difference): Not known


Final Solution:
Job	Machine	Operator	Operation	Start Time	Finish Time
0	6	6	0	141	217
0	7	8	1	280	295
0	0	6	2	337	373
0	6	4	3	461	561
0	8	8	4	725	748
0	3	8	5	809	849
0	8	9	6	875	903
0	8	0	7	936	978
0	3	8	8	996	1006
1	10	10	9	84	124
1	10	4	10	159	238
1	11	7	11	247	315
1	1	7	12	315	396
1	2	2	13	468	525
1	12	1	14	577	616
1	4	1	15	616	633
1	8	8	16	633	725
1	1	11	17	734	823
1	1	3	18	823	880
1	11	2	19	921	1000
2	11	6	20	76	141
2	14	4	21	315	341
2	4	11	22	455	464
2	7	8	23	476	556
2	3	6	24	782	795
2	4	0	25	820	874
2	12	1	26	898	909
2	9	9	27	925	1010
3	10	6	28	0	45
3	7	8	29	68	94
3	12	1	30	151	223
3	4	0	31	304	392
3	7	8	32	392	476
3	1	10	33	490	502
3	7	10	34	667	734
3	9	10	35	734	806
4	12	0	36	0	21
4	4	0	37	21	40
4	9	3	38	95	131
4	0	0	39	215	302
4	10	9	40	419	486
4	13	7	41	569	641
4	13	0	42	641	725
4	13	6	43	739	782
4	2	1	44	790	815
4	14	2	45	886	921
4	1	3	46	923	1006
5	2	7	47	0	54
5	0	0	48	159	215
5	10	5	49	307	370
5	7	8	50	370	390
5	12	11	51	390	428
5	0	5	52	551	629
5	5	5	53	629	659
5	3	11	54	686	703
5	0	3	55	774	818
6	4	0	56	40	102
6	13	2	57	163	208
6	14	1	58	223	262
6	1	11	59	428	450
6	12	5	60	453	472
6	12	0	61	537	577
6	11	1	62	653	699
6	2	1	63	727	790
6	10	9	64	802	875
6	2	5	65	886	937
7	14	2	66	11	82
7	14	4	67	84	159
7	2	11	68	163	225
7	2	2	69	283	342
7	13	4	70	367	385
7	11	7	71	396	463
7	6	8	72	561	630
7	1	5	73	659	734
7	9	10	74	806	849
7	5	11	75	853	874
7	9	3	76	880	923
7	13	7	77	952	1018
8	6	8	78	0	36
8	6	8	79	36	68
8	11	7	80	171	247
8	0	10	81	304	318
8	3	10	82	394	407
8	5	11	83	550	612
8	11	1	84	634	653
8	9	10	85	849	879
8	7	10	86	879	944
9	1	0	87	102	159
9	14	9	88	164	208
9	5	10	89	318	329
9	9	3	90	379	461
9	11	7	91	463	492
9	0	3	92	660	696
9	5	11	93	703	722
9	5	5	94	734	770
9	6	1	95	815	887
9	6	1	96	887	898
9	3	8	97	942	996
9	11	2	98	1000	1015
10	1	11	99	238	302
10	14	5	100	370	444
10	13	6	101	467	490
10	3	6	102	536	615
10	12	6	103	616	667
10	11	1	104	699	727
10	10	9	105	738	802
10	13	6	106	802	862
11	2	5	107	250	283
11	3	3	108	461	515
11	0	11	109	522	550
11	7	2	110	639	667
11	13	7	111	725	739
11	12	7	112	739	762
11	6	7	113	762	800
11	2	2	114	815	886
11	10	1	115	909	952
12	13	1	116	0	68
12	2	10	117	68	84
12	13	9	118	208	262
12	6	6	119	295	337
12	3	3	120	350	379
12	13	4	121	385	461
12	5	0	122	499	537
12	7	4	123	561	639
12	14	4	124	720	797
12	3	8	125	849	942
13	1	3	126	63	94
13	13	7	127	118	154
13	11	7	128	154	171
13	5	4	129	238	264
13	6	8	130	337	370
13	4	11	131	464	480
13	2	1	132	535	577
13	0	6	133	862	940
13	12	6	134	940	950
13	0	0	135	978	1017
14	9	5	136	176	250
14	13	4	137	264	315
14	5	10	138	329	394
14	4	10	139	445	455
14	5	10	140	455	490
14	10	7	141	518	569
14	11	2	142	575	634
14	10	9	143	667	738
14	4	0	144	874	936
14	4	1	145	952	1012
15	8	5	146	49	73
15	5	9	147	82	164
15	7	8	148	193	280
15	8	9	149	318	348
15	2	2	150	401	468
15	9	3	151	583	660
15	10	4	152	880	899
15	14	10	153	944	978
15	14	4	154	978	1011
16	10	6	155	45	76
16	2	2	156	84	163
16	4	10	157	193	236
16	4	10	158	236	304
16	12	11	159	480	522
16	1	0	160	586	641
16	14	4	161	797	880
16	13	7	162	883	952
16	2	11	163	952	1015
17	3	4	164	0	84
17	13	7	165	96	118
17	9	1	166	345	374
17	0	6	167	374	383
17	9	5	168	472	551
17	10	10	169	586	662
17	8	9	170	903	925
17	5	10	171	978	1016
18	2	10	172	55	67
18	13	7	173	68	96
18	8	8	174	156	193
18	5	9	175	264	318
18	9	1	176	322	345
18	10	2	177	384	401
18	4	10	178	407	445
18	4	3	179	515	583
18	3	8	180	748	772
18	0	11	181	838	853
19	8	5	182	73	115
19	8	2	183	208	280
19	8	5	184	283	307
19	12	11	185	307	366
19	5	0	186	394	436
19	3	5	187	444	453
19	1	10	188	502	586
19	12	6	189	667	738
19	11	2	190	738	801
19	12	7	191	801	883
19	5	11	192	914	949
20	7	11	193	0	68
20	7	5	194	115	176
20	1	3	195	197	238
20	2	2	196	342	384
20	0	6	197	384	467
20	11	6	198	492	536
20	3	11	199	615	624
20	14	7	200	641	720
21	1	5	201	0	49
21	9	11	202	68	95
21	3	11	203	95	154
21	9	1	204	262	322
21	10	7	205	492	518
21	4	4	206	639	714
21	8	8	207	772	809
21	11	11	208	823	838
21	12	6	209	950	1006
21	6	6	210	1006	1016
22	9	2	211	0	11
22	9	3	212	11	63
22	8	8	213	116	156
22	3	6	214	217	295
22	7	8	215	295	334
22	13	4	216	341	367
22	11	11	217	367	387
22	6	1	218	387	452
22	14	1	219	452	535
22	6	2	220	667	735
22	7	5	221	944	1018
23	11	10	222	0	55
23	12	1	223	68	151
23	3	3	224	154	197
23	12	3	225	238	296
23	3	3	226	296	350
23	8	9	227	350	419
23	8	0	228	436	499
23	11	2	229	536	575
23	2	9	230	584	667
23	0	3	231	696	774
23	7	5	232	774	874
23	6	4	233	899	976
24	0	9	234	0	82
24	6	8	235	94	116
24	4	10	236	124	193
24	8	9	237	499	584
24	3	11	238	624	686
24	4	0	239	725	820
24	11	11	240	874	887
24	11	11	241	887	914


Solution History:
