This is the output of Heuristic Solver for Dual resource constrained flexible job shop Scheduling Problem.
Input file is: wfjsp7_6.txt
Method: TS_50000_30_20
Seed: 1
Number of Jobs: 12
Number of Operations: 96
Number of Machines: 5
Number of Operators: 5
CPU Time: 1458.04
obj: 1023
Best found lower bound:0
Solver gap (best found lower bound and upper bound difference): Not known


Final Solution:
Job	Machine	Operator	Operation	Start Time	Finish Time
0	1	1	0	138	201
0	1	1	1	263	305
0	3	4	2	319	385
0	4	2	3	425	466
0	1	2	4	619	707
0	0	3	5	715	800
0	3	3	6	800	828
0	3	3	7	828	854
0	4	0	8	889	975
1	1	4	9	0	14
1	4	0	10	25	114
1	3	4	11	253	319
1	3	4	12	396	428
1	2	0	13	554	590
1	4	0	14	792	849
1	3	3	15	854	937
1	3	3	16	937	1019
2	2	2	17	0	84
2	2	2	18	84	111
2	3	3	19	170	215
2	0	3	20	220	274
2	3	4	21	546	587
2	4	1	22	619	707
2	1	4	23	784	859
2	0	4	24	967	1023
3	0	1	25	86	126
3	3	4	26	220	253
3	4	2	27	307	315
3	1	1	28	329	395
3	2	2	29	466	551
3	3	4	30	639	685
3	2	2	31	751	766
3	2	2	32	766	847
3	2	2	33	847	929
3	1	1	34	979	1018
4	4	2	35	114	186
4	4	2	36	244	283
4	4	2	37	283	307
4	3	3	38	445	530
4	3	4	39	699	735
4	4	0	40	742	792
4	0	1	41	800	847
4	1	4	42	859	925
5	0	1	43	0	86
5	2	0	44	114	203
5	2	0	45	203	252
5	0	3	46	274	359
5	2	0	47	428	464
5	2	0	48	590	635
5	3	4	49	685	699
6	3	3	50	0	82
6	1	4	51	109	138
6	4	2	52	186	198
6	4	2	53	198	244
6	2	0	54	252	340
6	3	4	55	385	396
6	1	1	56	396	485
6	1	1	57	485	551
6	1	1	58	551	614
6	3	4	59	735	782
7	3	3	60	82	170
7	1	1	61	242	254
7	4	0	62	466	554
7	3	4	63	587	639
7	0	3	64	693	715
7	2	2	65	725	751
7	0	1	66	881	967
8	1	1	67	201	242
8	0	3	68	359	445
8	4	2	69	554	619
8	4	2	70	707	719
8	0	1	71	847	881
8	1	4	72	925	966
9	1	4	73	14	109
9	0	4	74	138	176
9	0	4	75	176	220
9	1	1	76	254	263
9	1	1	77	305	329
9	2	0	78	340	428
9	2	0	79	635	725
9	1	1	80	967	979
10	4	0	81	0	25
10	0	1	82	126	137
10	4	2	83	315	404
10	4	2	84	404	425
10	0	3	85	530	605
10	0	3	86	605	693
10	1	1	87	707	760
10	1	1	88	760	784
10	4	0	89	975	1009
11	0	4	90	445	529
11	3	4	91	530	546
11	4	0	92	725	742
11	4	0	93	849	889
11	2	2	94	929	978
11	2	2	95	978	1021


Solution History:
