This is the output of Heuristic Solver for Dual resource constrained flexible job shop Scheduling Problem.
Input file is: wfjsp21_10.txt
Method: TS_50000_30_20
Seed: 1
Number of Jobs: 25
Number of Operations: 248
Number of Machines: 15
Number of Operators: 12
CPU Time: 1800.03
obj: 1116
Best found lower bound:0
Solver gap (best found lower bound and upper bound difference): Not known


Final Solution:
Job	Machine	Operator	Operation	Start Time	Finish Time
0	12	7	0	0	65
0	10	11	1	323	398
0	4	1	2	453	519
0	14	9	3	558	634
0	5	3	4	709	759
0	2	3	5	759	792
0	8	11	6	792	826
0	3	10	7	849	903
0	0	6	8	935	1022
0	11	3	9	1044	1066
1	5	3	10	0	39
1	10	6	11	88	120
1	6	4	12	397	482
1	9	10	13	622	697
1	10	1	14	705	770
1	8	6	15	846	927
1	13	8	16	974	1068
1	10	11	17	1103	1115
2	11	6	18	0	8
2	3	8	19	85	128
2	12	2	20	220	295
2	4	9	21	345	422
2	10	11	22	422	476
2	6	4	23	482	552
2	13	2	24	552	596
2	0	1	25	634	657
2	0	1	26	657	705
2	13	2	27	786	808
2	10	1	28	858	947
2	12	7	29	970	998
3	0	5	30	0	73
3	5	6	31	208	295
3	14	7	32	314	382
3	8	10	33	428	462
3	13	5	34	485	532
3	4	11	35	711	791
3	4	0	36	793	807
3	11	8	37	869	887
3	12	8	38	887	905
3	12	3	39	913	961
3	3	5	40	1002	1034
4	1	2	41	392	484
4	9	1	42	559	622
4	4	11	43	626	711
4	0	4	44	741	757
4	12	4	45	757	771
4	3	8	46	905	974
4	12	7	47	998	1042
4	14	9	48	1048	1062
5	5	11	49	120	208
5	6	1	50	208	290
5	10	11	51	297	323
5	3	7	52	382	448
5	3	7	53	448	456
5	8	7	54	462	533
5	6	4	55	638	715
5	12	0	56	727	745
5	2	2	57	826	895
5	5	4	58	998	1032
5	3	8	59	1102	1110
6	14	1	60	0	89
6	1	2	61	92	141
6	14	9	62	173	257
6	7	5	63	321	390
6	2	6	64	436	524
6	5	3	65	528	600
6	6	3	66	843	894
6	8	11	67	961	1003
6	0	1	68	1023	1040
7	6	3	69	76	99
7	6	5	70	103	125
7	0	0	71	130	154
7	9	4	72	161	210
7	11	8	73	230	283
7	8	1	74	291	314
7	9	8	75	374	439
7	3	0	76	495	544
7	13	6	77	613	654
7	12	4	78	771	814
8	11	6	79	8	88
8	3	5	80	128	163
8	3	5	81	163	196
8	10	5	82	196	220
8	11	3	83	283	297
8	1	3	84	297	387
8	14	6	85	400	436
8	14	9	86	524	558
8	14	5	87	647	710
8	3	5	88	710	782
8	1	11	89	945	961
9	8	11	90	37	120
9	2	10	91	125	195
9	3	7	92	219	247
9	0	9	93	257	275
9	9	8	94	287	374
9	13	5	95	436	485
9	8	6	96	533	613
9	8	6	97	654	733
9	0	7	98	758	826
9	4	11	99	826	904
9	2	2	100	927	1014
9	12	0	101	1044	1116
10	4	2	102	0	92
10	13	9	103	92	173
10	10	11	104	476	515
10	3	2	105	596	628
10	7	2	106	628	681
10	9	10	107	697	769
10	0	7	108	882	896
10	10	11	109	1027	1103
11	6	4	110	0	12
11	9	0	111	59	130
11	10	0	112	226	297
11	7	1	113	406	453
11	2	7	114	533	621
11	13	2	115	681	760
11	1	9	116	790	882
11	13	9	117	882	969
11	14	3	118	970	1043
12	13	8	119	0	85
12	2	10	120	92	125
12	5	4	121	295	332
12	12	0	122	413	495
12	10	11	123	515	539
12	10	8	124	539	609
12	2	2	125	808	826
12	12	8	126	846	869
12	0	7	127	896	935
12	14	7	128	935	964
12	8	11	129	1003	1027
13	8	11	130	0	37
13	7	4	131	112	161
13	0	1	132	185	207
13	8	11	133	208	291
13	7	5	134	311	321
13	12	1	135	321	406
13	13	9	136	422	436
13	11	5	137	538	605
13	11	8	138	771	844
13	11	0	139	844	866
13	14	5	140	866	934
13	7	7	141	1042	1113
14	6	4	142	12	63
14	12	7	143	65	152
14	12	7	144	152	219
14	9	4	145	219	287
14	13	2	146	378	392
14	12	4	147	552	633
14	10	9	148	634	702
14	14	10	149	769	849
14	4	11	150	904	945
14	1	9	151	969	980
14	3	8	152	1070	1102
15	2	10	153	14	92
15	4	2	154	141	220
15	2	10	155	267	351
15	2	10	156	351	428
15	6	6	157	733	814
15	12	4	158	814	846
15	2	10	159	903	927
15	10	1	160	947	1023
15	5	4	161	1032	1115
16	11	8	162	439	465
16	1	2	163	484	545
16	11	8	164	609	688
16	7	0	165	745	793
16	7	0	166	866	938
16	11	5	167	938	1002
16	11	0	168	1008	1044
16	14	10	169	1070	1112
17	11	3	170	99	145
17	11	8	171	145	230
17	7	5	172	230	311
17	5	0	173	347	413
17	9	1	174	528	559
17	12	0	175	634	727
17	0	7	176	837	882
17	9	10	177	927	1011
17	1	5	178	1034	1050
17	1	5	179	1050	1115
18	3	10	180	0	14
18	10	9	181	20	84
18	7	4	182	93	112
18	8	1	183	131	185
18	8	4	184	332	397
18	11	8	185	465	538
18	1	9	186	702	790
18	8	2	187	1027	1114
19	7	0	188	161	226
19	3	7	189	247	287
19	8	11	190	398	417
19	0	9	191	437	524
19	5	3	192	600	646
19	5	3	193	646	693
19	2	7	194	693	758
19	13	0	195	808	842
19	6	6	196	1035	1116
20	7	0	197	0	59
20	0	5	198	73	103
20	0	6	199	295	379
20	6	5	200	605	638
20	5	3	201	693	709
20	7	4	202	715	741
20	7	6	203	814	846
20	6	2	204	895	922
20	6	9	205	980	1013
20	9	9	206	1013	1048
20	0	9	207	1062	1113
21	6	6	208	125	202
21	3	7	209	287	314
21	11	5	210	390	435
21	7	10	211	462	541
21	2	7	212	621	687
21	5	2	213	760	786
21	10	5	214	786	858
21	9	3	215	894	913
21	5	4	216	913	998
21	2	10	217	1014	1038
21	4	1	218	1040	1108
22	9	9	219	0	20
22	5	4	220	63	93
22	1	3	221	145	233
22	4	9	222	275	345
22	6	2	223	352	378
22	0	6	224	379	400
22	0	3	225	400	437
22	1	10	226	545	615
22	9	1	227	770	857
22	4	0	228	945	1008
23	14	1	229	89	131
23	1	3	230	233	282
23	13	2	231	295	352
23	9	3	232	439	528
23	4	11	233	539	626
23	11	8	234	688	771
23	5	3	235	792	843
23	5	4	236	846	911
23	12	3	237	961	970
23	7	6	238	1022	1035
23	11	3	239	1066	1115
24	3	3	240	39	76
24	9	8	241	130	138
24	13	10	242	195	267
24	11	0	243	297	347
24	0	0	244	544	634
24	14	5	245	638	647
24	0	7	246	826	837
24	3	10	247	1038	1070


Solution History:
