This is the output of Heuristic Solver for Dual resource constrained flexible job shop Scheduling Problem.
Input file is: wfjsp17_10.txt
Method: TS_50000_30_20
Seed: 1
Number of Jobs: 15
Number of Operations: 127
Number of Machines: 5
Number of Operators: 4
CPU Time: 1800.01
obj: 1759
Best found lower bound:0
Solver gap (best found lower bound and upper bound difference): Not known


Final Solution:
Job	Machine	Operator	Operation	Start Time	Finish Time
0	0	1	0	274	354
0	0	2	1	362	444
0	4	1	2	538	605
0	1	2	3	930	1016
0	3	0	4	1063	1116
0	1	0	5	1456	1487
0	0	2	6	1563	1596
0	1	0	7	1634	1685
1	4	3	8	259	347
1	4	2	9	766	794
1	2	2	10	794	830
1	2	2	11	872	906
1	1	1	12	1022	1109
1	3	3	13	1216	1300
1	0	3	14	1300	1366
1	2	2	15	1430	1512
2	0	1	16	610	692
2	4	3	17	716	731
2	1	0	18	774	783
2	1	0	19	783	832
2	0	1	20	837	904
2	4	3	21	978	1063
2	2	2	22	1382	1430
2	4	1	23	1681	1754
3	2	3	24	0	45
3	3	0	25	219	242
3	3	0	26	242	290
3	4	3	27	347	369
3	0	2	28	522	610
3	1	0	29	1206	1238
3	2	1	30	1289	1365
3	3	3	31	1662	1743
4	2	3	32	45	113
4	3	0	33	183	219
4	0	1	34	221	274
4	0	2	35	444	522
4	2	3	36	549	564
4	4	3	37	731	755
4	1	0	38	832	854
4	4	3	39	921	978
4	2	1	40	1647	1681
5	2	3	41	113	205
5	2	2	42	213	276
5	2	2	43	276	362
5	0	2	44	1043	1058
5	2	2	45	1058	1072
5	0	3	46	1145	1216
5	1	1	47	1586	1634
5	3	3	48	1647	1662
6	1	1	49	0	89
6	1	0	50	101	183
6	3	3	51	792	821
6	0	1	52	904	973
6	3	0	53	1001	1010
6	0	3	54	1063	1145
6	4	2	55	1153	1233
6	0	1	56	1366	1387
6	1	0	57	1487	1552
7	0	2	58	0	36
7	3	3	59	564	573
7	1	0	60	642	735
7	2	1	61	973	1022
7	2	1	62	1158	1240
7	1	0	63	1388	1456
7	0	1	64	1471	1563
7	0	2	65	1677	1756
8	3	0	66	0	50
8	0	1	67	89	139
8	1	2	68	195	213
8	3	0	69	380	406
8	2	2	70	695	717
8	1	2	71	906	930
8	1	1	72	1109	1158
8	4	2	73	1512	1561
8	1	1	74	1563	1586
9	4	2	75	122	195
9	4	3	76	205	259
9	3	0	77	406	449
9	3	0	78	485	523
9	1	0	79	523	605
9	1	0	80	605	642
9	3	3	81	755	792
9	1	0	82	854	881
9	0	1	83	1634	1646
10	1	1	84	354	443
10	3	0	85	449	485
10	3	3	86	607	643
10	3	3	87	643	716
10	0	1	88	762	837
10	4	3	89	903	921
10	4	2	90	1296	1382
10	0	1	91	1387	1452
11	3	0	92	50	82
11	3	0	93	82	101
11	2	3	94	369	464
11	2	2	95	717	766
11	4	3	96	821	903
11	4	2	97	1072	1153
11	4	2	98	1233	1296
11	3	3	99	1366	1453
11	3	0	100	1552	1634
12	4	2	101	36	122
12	3	0	102	290	380
12	4	1	103	443	538
12	3	2	104	830	872
12	3	0	105	969	1001
12	2	1	106	1240	1289
12	4	2	107	1596	1677
12	3	3	108	1743	1759
13	2	3	109	464	549
13	4	2	110	610	623
13	4	2	111	623	695
13	0	1	112	695	762
13	3	0	113	1010	1063
13	3	0	114	1116	1206
13	1	0	115	1238	1315
13	3	3	116	1453	1539
13	2	3	117	1564	1647
13	1	0	118	1685	1754
14	0	1	119	139	221
14	3	3	120	573	607
14	1	0	121	735	774
14	3	0	122	881	969
14	0	2	123	1016	1043
14	1	0	124	1315	1388
14	4	1	125	1452	1471
14	2	3	126	1539	1564


Solution History:
